0.000000
1902.000000
1916.000000
1910.000000
1910.000000
1910.000000
1906.000000
1900.000000
1906.000000
1910.000000
1912.000000
1916.000000
1900.000000
1892.000000
1914.000000
1910.000000
1906.000000
1920.000000
1906.000000
1910.000000
1920.000000
1894.000000
1900.000000
1914.000000
1922.000000
1906.000000
1928.000000
1908.000000
1912.000000
1910.000000
1886.000000
1912.000000
1900.000000
1894.000000
1892.000000
1876.000000
1920.000000
1914.000000
1902.000000
1904.000000
1902.000000
1910.000000
1906.000000
1896.000000
1928.000000
1912.000000
1910.000000
1910.000000
1900.000000
1888.000000
1904.000000
1916.000000
1918.000000
1896.000000
1898.000000
1918.000000
1910.000000
1910.000000
1904.000000
1918.000000
1912.000000
1916.000000
1912.000000
1910.000000
1902.000000
1926.000000
1924.000000
1912.000000
1900.000000
1922.000000
1924.000000
1922.000000
1906.000000
1900.000000
1922.000000
1904.000000
1892.000000
1904.000000
1916.000000
1918.000000
1890.000000
1894.000000
1948.000000
1950.000000
1894.000000
1898.000000
1926.000000
1894.000000
1880.000000
1892.000000
1944.000000
1936.000000
1890.000000
1870.000000
1900.000000
1888.000000
1974.000000
1970.000000
1926.000000
1870.000000
1880.000000
1902.000000
1938.000000
1944.000000
1892.000000
1884.000000
1908.000000
1890.000000
1890.000000
1898.000000
1880.000000
1910.000000
1914.000000
1904.000000
1876.000000
1902.000000
1916.000000
1922.000000
1910.000000
1886.000000
1912.000000
1906.000000
1926.000000
1894.000000
1902.000000
1914.000000
1918.000000
1910.000000
1894.000000
1914.000000
1912.000000
1908.000000
1918.000000
1904.000000
1914.000000
1912.000000
1890.000000
1898.000000
1886.000000
1870.000000
1870.000000
1888.000000
1902.000000
1896.000000
1888.000000
1892.000000
1878.000000
1888.000000
1904.000000
1906.000000
1892.000000
1896.000000
1876.000000
1880.000000
1924.000000
1882.000000
1892.000000
1894.000000
1898.000000
1896.000000
1894.000000
1898.000000
1896.000000
1898.000000
1872.000000
1892.000000
1900.000000
1894.000000
1876.000000
1872.000000
1892.000000
1902.000000
1888.000000
1876.000000
1900.000000
1884.000000
1892.000000
1890.000000
1900.000000
1888.000000
1888.000000
1888.000000
1906.000000
1902.000000
1896.000000
1878.000000
1888.000000
1876.000000
1880.000000
1874.000000
1886.000000
1872.000000
1918.000000
1902.000000
1922.000000
1944.000000
1892.000000
1864.000000
1848.000000
1878.000000
1910.000000
1914.000000
1898.000000
1878.000000
1884.000000
1904.000000
1882.000000
1896.000000
1910.000000
1886.000000
1880.000000
1890.000000
1914.000000
1906.000000
1878.000000
1870.000000
1898.000000
1896.000000
1904.000000
1892.000000
1886.000000
1900.000000
1894.000000
1874.000000
1898.000000
1888.000000
1894.000000
1896.000000
1894.000000
1888.000000
1884.000000
1874.000000
1890.000000
1888.000000
1890.000000
1876.000000
1890.000000
1894.000000
1886.000000
1894.000000
1898.000000
1898.000000
1896.000000
1868.000000
1884.000000
1884.000000
1888.000000
1880.000000
1890.000000
1902.000000
1894.000000
1884.000000
1888.000000
1886.000000
1904.000000
1874.000000
1886.000000
1892.000000
1880.000000
1884.000000
1882.000000
1880.000000
1902.000000
1894.000000
1904.000000
1894.000000
1874.000000
1898.000000
1892.000000
1890.000000
1874.000000
1888.000000
1894.000000
1898.000000
1892.000000
1888.000000
1892.000000
1870.000000
1904.000000
1876.000000
1892.000000
1886.000000
1888.000000
1894.000000
1892.000000
1884.000000
1890.000000
1882.000000
1882.000000
1880.000000
1888.000000
1894.000000
1878.000000
1882.000000
1896.000000
1896.000000
1896.000000
1898.000000
1906.000000
1880.000000
1874.000000
1888.000000
1900.000000
1878.000000
1896.000000
1886.000000
1894.000000
1888.000000
1886.000000
1894.000000
1892.000000
1874.000000
1888.000000
1892.000000
1896.000000
1900.000000
1888.000000
1894.000000
1890.000000
1874.000000
1890.000000
1888.000000
1880.000000
1896.000000
1892.000000
1880.000000
1894.000000
1878.000000
1880.000000
1884.000000
1894.000000
1906.000000
1900.000000
1880.000000
1892.000000
1878.000000
1884.000000
1890.000000
1880.000000
1890.000000
1874.000000
1882.000000
1892.000000
1890.000000
1886.000000
1892.000000
1888.000000
1896.000000
1888.000000
1882.000000
1868.000000
1884.000000
1896.000000
1896.000000
1888.000000
1882.000000
1886.000000
1874.000000
1882.000000
1884.000000
1898.000000
1882.000000
1872.000000
1888.000000
1886.000000
1896.000000
1878.000000
1900.000000
1878.000000
1888.000000
1886.000000
1878.000000
1894.000000
1898.000000
1886.000000
1902.000000
1900.000000
1904.000000
1908.000000
1874.000000
1874.000000
1884.000000
1900.000000
1896.000000
1878.000000
1888.000000
1882.000000
1894.000000
1898.000000
1908.000000
1902.000000
1902.000000
1894.000000
1898.000000
1872.000000
1892.000000
1904.000000
1896.000000
1884.000000
1880.000000
1892.000000
1886.000000
1888.000000
1882.000000
1794.000000
1814.000000
1964.000000
2018.000000
1960.000000
1938.000000
1872.000000
1878.000000
1874.000000
1876.000000
1896.000000
1902.000000
1926.000000
1914.000000
1912.000000
1896.000000
1892.000000
1888.000000
1894.000000
1904.000000
1906.000000
1910.000000
1884.000000
1890.000000
1890.000000
1892.000000
1898.000000
1890.000000
1904.000000
1888.000000
1886.000000
1908.000000
1898.000000
1888.000000
1890.000000
1894.000000
1912.000000
1894.000000
1878.000000
1896.000000
1896.000000
1886.000000
1888.000000
1902.000000
1880.000000
1880.000000
1898.000000
1902.000000
1918.000000
1898.000000
1898.000000
1880.000000
1886.000000
1906.000000
1896.000000
1874.000000
1890.000000
1910.000000
1894.000000
1880.000000
1884.000000
1892.000000
1904.000000
1894.000000
1892.000000
1888.000000
1914.000000
1864.000000
1872.000000
1872.000000
1888.000000
1908.000000
1888.000000
1874.000000
1878.000000
1888.000000
1908.000000
1910.000000
1894.000000
1886.000000
1874.000000
1884.000000
1882.000000
1922.000000
1880.000000
1854.000000
1872.000000
1912.000000
1902.000000
1912.000000
1884.000000
1854.000000
1866.000000
1884.000000
1894.000000
1898.000000
1888.000000
1868.000000
1870.000000
1890.000000
1934.000000
1914.000000
1898.000000
1872.000000
1850.000000
1878.000000
1954.000000
1918.000000
1848.000000
1854.000000
1862.000000
1900.000000
1920.000000
1918.000000
1878.000000
1854.000000
1898.000000
1914.000000
1918.000000
1888.000000
1820.000000
1816.000000
1884.000000
1904.000000
1884.000000
1892.000000
1868.000000
1880.000000
1890.000000
1894.000000
1886.000000
1872.000000
1884.000000
1874.000000
1864.000000
1864.000000
1868.000000
1856.000000
1864.000000
1880.000000
1862.000000
1862.000000
1882.000000
1882.000000
1876.000000
1858.000000
1864.000000
1856.000000
1884.000000
1890.000000
1876.000000
1872.000000
1866.000000
1856.000000
1878.000000
1886.000000
1854.000000
1872.000000
1870.000000
1866.000000
1866.000000
1864.000000
1864.000000
1850.000000
1888.000000
1898.000000
1884.000000
1874.000000
1870.000000
1868.000000
1872.000000
1870.000000
1860.000000
1866.000000
1876.000000
1876.000000
1888.000000
1886.000000
1876.000000
1890.000000
1856.000000
1860.000000
1878.000000
1912.000000
1872.000000
1864.000000
1864.000000
1860.000000
1652.000000
1722.000000
1858.000000
1892.000000
1862.000000
1890.000000
1850.000000
1824.000000
1850.000000
1858.000000
1840.000000
1852.000000
1856.000000
1860.000000
1840.000000
1842.000000
1866.000000
1870.000000
1854.000000
1866.000000
1858.000000
1836.000000
1856.000000
1862.000000
1848.000000
1842.000000
1840.000000
1860.000000
1844.000000
1842.000000
1656.000000
1952.000000
1894.000000
1844.000000
1870.000000
1832.000000
1844.000000
1858.000000
1852.000000
1860.000000
1860.000000
1834.000000
1856.000000
1860.000000
1804.000000
1832.000000
1848.000000
1844.000000
1844.000000
1838.000000
1818.000000
1834.000000
1838.000000
1860.000000
1830.000000
1836.000000
1838.000000
1852.000000
1834.000000
1832.000000
1858.000000
1836.000000
1866.000000
1762.000000
1786.000000
1866.000000
1926.000000
1882.000000
1834.000000
1820.000000
1846.000000
1886.000000
1866.000000
1868.000000
1874.000000
1810.000000
1784.000000
1778.000000
1824.000000
1892.000000
1872.000000
1858.000000
1782.000000
1788.000000
1874.000000
1884.000000
1880.000000
1856.000000
1826.000000
1832.000000
1838.000000
1846.000000
1864.000000
1866.000000
1856.000000
1822.000000
1826.000000
1838.000000
1868.000000
1876.000000
1834.000000
1824.000000
1842.000000
1858.000000
1872.000000
1848.000000
1846.000000
1844.000000
1818.000000
1826.000000
1846.000000
1838.000000
1842.000000
1848.000000
1840.000000
1820.000000
1854.000000
1868.000000
1864.000000
1856.000000
1822.000000
1830.000000
1862.000000
1858.000000
1832.000000
1848.000000
1828.000000
1838.000000
1850.000000
1856.000000
1848.000000
1842.000000
1862.000000
1854.000000
1842.000000
1860.000000
1832.000000
1842.000000
1842.000000
1816.000000
1844.000000
1832.000000
1838.000000
1862.000000
1822.000000
1834.000000
1832.000000
1850.000000
1860.000000
1840.000000
1828.000000
1830.000000
1872.000000
1866.000000
1852.000000
1842.000000
1850.000000
1844.000000
1848.000000
1846.000000
1846.000000
1836.000000
1850.000000
1828.000000
1836.000000
1848.000000
1836.000000
1854.000000
1856.000000
1844.000000
1840.000000
1852.000000
1850.000000
1880.000000
1830.000000
1826.000000
1814.000000
1810.000000
1848.000000
1862.000000
1818.000000
1798.000000
1828.000000
1854.000000
1850.000000
1848.000000
1852.000000
1862.000000
1822.000000
1816.000000
1848.000000
1876.000000
1850.000000
1822.000000
1822.000000
1830.000000
1882.000000
1870.000000
1858.000000
1818.000000
1834.000000
1842.000000
1868.000000
1856.000000
1834.000000
1800.000000
1792.000000
1844.000000
1876.000000
1894.000000
1858.000000
1812.000000
1842.000000
1884.000000
1862.000000
1852.000000
1846.000000
1832.000000
1834.000000
1804.000000
1856.000000
1958.000000
1774.000000
1830.000000
1798.000000
1778.000000
1844.000000
1832.000000
1868.000000
1878.000000
1836.000000
1812.000000
1844.000000
1846.000000
1862.000000
1816.000000
1800.000000
1812.000000
1838.000000
1838.000000
1790.000000
1792.000000
1814.000000
1834.000000
1816.000000
1830.000000
1812.000000
1812.000000
1840.000000
1824.000000
1820.000000
1836.000000
1814.000000
1818.000000
1816.000000
1822.000000
1840.000000
1812.000000
1836.000000
1824.000000
1808.000000
1806.000000
1852.000000
1844.000000
1818.000000
1818.000000
1832.000000
1840.000000
1832.000000
1820.000000
1826.000000
1822.000000
1840.000000
1844.000000
1810.000000
1824.000000
1830.000000
1854.000000
1856.000000
1800.000000
1816.000000
1836.000000
1866.000000
1854.000000
1814.000000
1810.000000
1808.000000
1840.000000
1918.000000
1932.000000
1798.000000
1762.000000
1766.000000
1828.000000
1810.000000
1826.000000
1874.000000
1852.000000
1852.000000
1788.000000
1782.000000
1828.000000
1874.000000
1832.000000
1842.000000
1806.000000
1828.000000
1830.000000
1838.000000
1840.000000
1838.000000
1820.000000
1826.000000
1814.000000
1830.000000
1816.000000
1812.000000
1826.000000
1824.000000
1842.000000
1814.000000
1804.000000
1838.000000
1850.000000
1832.000000
1812.000000
1826.000000
1824.000000
1840.000000
1828.000000
1820.000000
1834.000000
1850.000000
1838.000000
1840.000000
1842.000000
1816.000000
1834.000000
1834.000000
1854.000000
1840.000000
1840.000000
1850.000000
1852.000000
1818.000000
1822.000000
1830.000000
1874.000000
1854.000000
1844.000000
1822.000000
1806.000000
1788.000000
1822.000000
1832.000000
1840.000000
1810.000000
1796.000000
1810.000000
1862.000000
1860.000000
1832.000000
1806.000000
1792.000000
2152.000000
1556.000000
1960.000000
1882.000000
1754.000000
1798.000000
1810.000000
1836.000000
1844.000000
1846.000000
1836.000000
1808.000000
1868.000000
1850.000000
1878.000000
1898.000000
1852.000000
1810.000000
1760.000000
1804.000000
1910.000000
1894.000000
1872.000000
1828.000000
1794.000000
1788.000000
1806.000000
1844.000000
1888.000000
1878.000000
1850.000000
1788.000000
1820.000000
1832.000000
1832.000000
1840.000000
1820.000000
1826.000000
1838.000000
1838.000000
1814.000000
1818.000000
1816.000000
1842.000000
1818.000000
1806.000000
1792.000000
1808.000000
1818.000000
1850.000000
1852.000000
1850.000000
1868.000000
1842.000000
1846.000000
1832.000000
1848.000000
1852.000000
1852.000000
1834.000000
1836.000000
1848.000000
1862.000000
1854.000000
1854.000000
1860.000000
1848.000000
1860.000000
1856.000000
1868.000000
1856.000000
1852.000000
1840.000000
1848.000000
1842.000000
1830.000000
1812.000000
1824.000000
1834.000000
1832.000000
1848.000000
1838.000000
1826.000000
1846.000000
1844.000000
1838.000000
1834.000000
1842.000000
1852.000000
1830.000000
1856.000000
1846.000000
1842.000000
1810.000000
1804.000000
1808.000000
1830.000000
1840.000000
1852.000000
1838.000000
1816.000000
1814.000000
1812.000000
1830.000000
1860.000000
1862.000000
1840.000000
1824.000000
1864.000000
1850.000000
1858.000000
1842.000000
1820.000000
1828.000000
1836.000000
1854.000000
1838.000000
1816.000000
1846.000000
1836.000000
1828.000000
1832.000000
1818.000000
1822.000000
1848.000000
1862.000000
1846.000000
1824.000000
1834.000000
1830.000000
1836.000000
1820.000000
1852.000000
1856.000000
1828.000000
1820.000000
1844.000000
1844.000000
1862.000000
1852.000000
1854.000000
1844.000000
1818.000000
1854.000000
1832.000000
1828.000000
1814.000000
1828.000000
1784.000000
1800.000000
1798.000000
1848.000000
1860.000000
1854.000000
1840.000000
1866.000000
1834.000000
1828.000000
1816.000000
1834.000000
1852.000000
1848.000000
1844.000000
1822.000000
1830.000000
1836.000000
1854.000000
1848.000000
1852.000000
1848.000000
1850.000000
1836.000000
1834.000000
1818.000000
1812.000000
1830.000000
1870.000000
1896.000000
1894.000000
1830.000000
1768.000000
1772.000000
1816.000000
1906.000000
1924.000000
1868.000000
1842.000000
1842.000000
1860.000000
1862.000000
1890.000000
1846.000000
1834.000000
1840.000000
1824.000000
1858.000000
1836.000000
1856.000000
1868.000000
1908.000000
1880.000000
1886.000000
1846.000000
1878.000000
1864.000000
1858.000000
1870.000000
1852.000000
1880.000000
1886.000000
1868.000000
1882.000000
1872.000000
1872.000000
1878.000000
1870.000000
1876.000000
1846.000000
1898.000000
1862.000000
1870.000000
1866.000000
1852.000000
1850.000000
1876.000000
1868.000000
1876.000000
1856.000000
1878.000000
1874.000000
1894.000000
1906.000000
1906.000000
1892.000000
1862.000000
1858.000000
1878.000000
1862.000000
1890.000000
1886.000000
1920.000000
1878.000000
1986.000000
1890.000000
1768.000000
1866.000000
1910.000000
1900.000000
1972.000000
1936.000000
1924.000000
1924.000000
1870.000000
1868.000000
1926.000000
1926.000000
1900.000000
1900.000000
1874.000000
1908.000000
1932.000000
1920.000000
1912.000000
1902.000000
1910.000000
1920.000000
1928.000000
1920.000000
1912.000000
1920.000000
1920.000000
1890.000000
1882.000000
1910.000000
1910.000000
1924.000000
1904.000000
1900.000000
1918.000000
1914.000000
1898.000000
1914.000000
1928.000000
1914.000000
1914.000000
1906.000000
1912.000000
1912.000000
1892.000000
1890.000000
1898.000000
1930.000000
1932.000000
1906.000000
1916.000000
1912.000000
1934.000000
1928.000000
1896.000000
1890.000000
1912.000000
1912.000000
1944.000000
1940.000000
1926.000000
1912.000000
1892.000000
1902.000000
1920.000000
1930.000000
1928.000000
1910.000000
1920.000000
1924.000000
1916.000000
1940.000000
1876.000000
1876.000000
1880.000000
1902.000000
1966.000000
1960.000000
1934.000000
1880.000000
1878.000000
1904.000000
1938.000000
1946.000000
1888.000000
1874.000000
1878.000000
1894.000000
1946.000000
1936.000000
1928.000000
1930.000000
1884.000000
1870.000000
1896.000000
1906.000000
1918.000000
1912.000000
1916.000000
1920.000000
1902.000000
1928.000000
1910.000000
1918.000000
1932.000000
1930.000000
1914.000000
1902.000000
2194.000000
2084.000000
2110.000000
1936.000000
1924.000000
1938.000000
1896.000000
1978.000000
1950.000000
1954.000000
1908.000000
1892.000000
1952.000000
1968.000000
2254.000000
1938.000000
2016.000000
2010.000000
1868.000000
1908.000000
2050.000000
2036.000000
2012.000000
1942.000000
1910.000000
1904.000000
1904.000000
1940.000000
1952.000000
1988.000000
1996.000000
1940.000000
1950.000000
1952.000000
1946.000000
1950.000000
2012.000000
2024.000000
2004.000000
1904.000000
1938.000000
1950.000000
1950.000000
1956.000000
1944.000000
1942.000000
1996.000000
1960.000000
1944.000000
1944.000000
1958.000000
1966.000000
1956.000000
1944.000000
1972.000000
1958.000000
1938.000000
1954.000000
1962.000000
1940.000000
1950.000000
1926.000000
1936.000000
1918.000000
1950.000000
1968.000000
1940.000000
1930.000000
1956.000000
1954.000000
1964.000000
1968.000000
1960.000000
1950.000000
1952.000000
1952.000000
1974.000000
1974.000000
1976.000000
1972.000000
1952.000000
1962.000000
1958.000000
1966.000000
1966.000000
1946.000000
1962.000000
1976.000000
1956.000000
1964.000000
1964.000000
1978.000000
1974.000000
1998.000000
1968.000000
1966.000000
1914.000000
1896.000000
1950.000000
1976.000000
1954.000000
1946.000000
1946.000000
1970.000000
1960.000000
1972.000000
1954.000000
1968.000000
1970.000000
1962.000000
1964.000000
1940.000000
1946.000000
1954.000000
1948.000000
1974.000000
1954.000000
1950.000000
1970.000000
1956.000000
1952.000000
1954.000000
1976.000000
1962.000000
1946.000000
1948.000000
1926.000000
1976.000000
2006.000000
1990.000000
1958.000000
1956.000000
1974.000000
1980.000000
1974.000000
1950.000000
1974.000000
1952.000000
1984.000000
2014.000000
2002.000000
2000.000000
2004.000000
1968.000000
1954.000000
1974.000000
1970.000000
1992.000000
1964.000000
1950.000000
1950.000000
1932.000000
1946.000000
1980.000000
1990.000000
1972.000000
1954.000000
1938.000000
1980.000000
1988.000000
1952.000000
1954.000000
1964.000000
1976.000000
1956.000000
1940.000000
1958.000000
1952.000000
1958.000000
1966.000000
1960.000000
1958.000000
1952.000000
1966.000000
1942.000000
1958.000000
1968.000000
1956.000000
1932.000000
1952.000000
1976.000000
1964.000000
1964.000000
1968.000000
1972.000000
1970.000000
1952.000000
1962.000000
1976.000000
1962.000000
1976.000000
1992.000000
1956.000000
1960.000000
1958.000000
1976.000000
1968.000000
1958.000000
1954.000000
1972.000000
1980.000000
1980.000000
1972.000000
1942.000000
1952.000000
1954.000000
1948.000000
1962.000000
1966.000000
1964.000000
1954.000000
1966.000000
1962.000000
1964.000000
1944.000000
1992.000000
1962.000000
1966.000000
1944.000000
1944.000000
1980.000000
1974.000000
1970.000000
1952.000000
1964.000000
1956.000000
1974.000000
1948.000000
1936.000000
1964.000000
1970.000000
1962.000000
1946.000000
1942.000000
1938.000000
1974.000000
1970.000000
1970.000000
1978.000000
1964.000000
1938.000000
1970.000000
1970.000000
1978.000000
1956.000000
1970.000000
1966.000000
1968.000000
1974.000000
1982.000000
1984.000000
1960.000000
1994.000000
1994.000000
2008.000000
1988.000000
1992.000000
1980.000000
1972.000000
1964.000000
1974.000000
1968.000000
1986.000000
1978.000000
1952.000000
1942.000000
1974.000000
1984.000000
1958.000000
1940.000000
1950.000000
1954.000000
1978.000000
1956.000000
1992.000000
1992.000000
1958.000000
1944.000000
1930.000000
1952.000000
1988.000000
1986.000000
1956.000000
1952.000000
1952.000000
1956.000000
1976.000000
1990.000000
1966.000000
1948.000000
1940.000000
1962.000000
2016.000000
1948.000000
1932.000000
1940.000000
1978.000000
1968.000000
1938.000000
1990.000000
1986.000000
1952.000000
1916.000000
1962.000000
2042.000000
2040.000000
1974.000000
1934.000000
1972.000000
1968.000000
1990.000000
1950.000000
1980.000000
1974.000000
1974.000000
1968.000000
1956.000000
1974.000000
1974.000000
1980.000000
1958.000000
1960.000000
1988.000000
1954.000000
1940.000000
1948.000000
1942.000000
1954.000000
1966.000000
1964.000000
1918.000000
1892.000000
1928.000000
1950.000000
2010.000000
2010.000000
1962.000000
1952.000000
1942.000000
1936.000000
1962.000000
1952.000000
1990.000000
1982.000000
1962.000000
1962.000000
1946.000000
1964.000000
1972.000000
1956.000000
1964.000000
1962.000000
1996.000000
1994.000000
1976.000000
1986.000000
1972.000000
1948.000000
1966.000000
1958.000000
1948.000000
1970.000000
1970.000000
1974.000000
1948.000000
1954.000000
1984.000000
1966.000000
1960.000000
1948.000000
1956.000000
1928.000000
1932.000000
1938.000000
1962.000000
1958.000000
1966.000000
1944.000000
1928.000000
1960.000000
1980.000000
1974.000000
1962.000000
1950.000000
1942.000000
1958.000000
1946.000000
1960.000000
1944.000000
1954.000000
1948.000000
1940.000000
1980.000000
1968.000000
1938.000000
1942.000000
1984.000000
1988.000000
2010.000000
1960.000000
1944.000000
1948.000000
1986.000000
1982.000000
1980.000000
1956.000000
1980.000000
1978.000000
1988.000000
1978.000000
1966.000000
1964.000000
1976.000000
1968.000000
1982.000000
1970.000000
1954.000000
1940.000000
1956.000000
1970.000000
1952.000000
1940.000000
1940.000000
1984.000000
2008.000000
1986.000000
1974.000000
1960.000000
1976.000000
1982.000000
1980.000000
1958.000000
1946.000000
1960.000000
1962.000000
1948.000000
1954.000000
1956.000000
1970.000000
1974.000000
1958.000000
1956.000000
1958.000000
1968.000000
1966.000000
1984.000000
1982.000000
1964.000000
1960.000000
1968.000000
1984.000000
1988.000000
1960.000000
1968.000000
1952.000000
1968.000000
1982.000000
1980.000000
1966.000000
1964.000000
1978.000000
1984.000000
1990.000000
1994.000000
1984.000000
1980.000000
1974.000000
1966.000000
1986.000000
1976.000000
1976.000000
1962.000000
1982.000000
1992.000000
2002.000000
1964.000000
1950.000000
1946.000000
1946.000000
1996.000000
1976.000000
1950.000000
1946.000000
1942.000000
1950.000000
1952.000000
1954.000000
1940.000000
1972.000000
1994.000000
1968.000000
1936.000000
1914.000000
1884.000000
1926.000000
1960.000000
1986.000000
2000.000000
1930.000000
1904.000000
1956.000000
1958.000000
1986.000000
1974.000000
1962.000000
2000.000000
2008.000000
2024.000000
1906.000000
1878.000000
1864.000000
1910.000000
1966.000000
1974.000000
2006.000000
2024.000000
2004.000000
1620.000000
1670.000000
1798.000000
1852.000000
1904.000000
1986.000000
1938.000000
1872.000000
1856.000000
1824.000000
1852.000000
1896.000000
1936.000000
1958.000000
1900.000000
1842.000000
1848.000000
1856.000000
1906.000000
1944.000000
1922.000000
1912.000000
1896.000000
1914.000000
1922.000000
1910.000000
1912.000000
1908.000000
1938.000000
1932.000000
1938.000000
1904.000000
1906.000000
1898.000000
1932.000000
2034.000000
1882.000000
1938.000000
1864.000000
1864.000000
1918.000000
1860.000000
1924.000000
1898.000000
1906.000000
1902.000000
1872.000000
1918.000000
1916.000000
1910.000000
1918.000000
1892.000000
1888.000000
1890.000000
1924.000000
1878.000000
1874.000000
1882.000000
1876.000000
1926.000000
1908.000000
1886.000000
1888.000000
1906.000000
1896.000000
1876.000000
1880.000000
1922.000000
1932.000000
1942.000000
1964.000000
1922.000000
1930.000000
1912.000000
1906.000000
1888.000000
1870.000000
1874.000000
1886.000000
1970.000000
1968.000000
1922.000000
1888.000000
1882.000000
1886.000000
1902.000000
1926.000000
1938.000000
1940.000000
1892.000000
1882.000000
1928.000000
1942.000000
1902.000000
1888.000000
1910.000000
1900.000000
1924.000000
1908.000000
1894.000000
1896.000000
1882.000000
1834.000000
1982.000000
1852.000000
1956.000000
1900.000000
1882.000000
1896.000000
1866.000000
1914.000000
1874.000000
1868.000000
1848.000000
1890.000000
1896.000000
1906.000000
1890.000000
1888.000000
1904.000000
1896.000000
1898.000000
1892.000000
1876.000000
1862.000000
1888.000000
1904.000000
1892.000000
1898.000000
1872.000000
1904.000000
1906.000000
1890.000000
1916.000000
1890.000000
1890.000000
1906.000000
1898.000000
1924.000000
1900.000000
1890.000000
1906.000000
1922.000000
1900.000000
1906.000000
1906.000000
1908.000000
1910.000000
1910.000000
1886.000000
1904.000000
1914.000000
1914.000000
1886.000000
1872.000000
1920.000000
1914.000000
1906.000000
1882.000000
1896.000000
1904.000000
1914.000000
1904.000000
1892.000000
1900.000000
1904.000000
1894.000000
1904.000000
1906.000000
1910.000000
1886.000000
1896.000000
1900.000000
1906.000000
1902.000000
1890.000000
1912.000000
1914.000000
1914.000000
1872.000000
1874.000000
1904.000000
1922.000000
1878.000000
1898.000000
1906.000000
1926.000000
1892.000000
1868.000000
1878.000000
1886.000000
1916.000000
1942.000000
1936.000000
1920.000000
1922.000000
1894.000000
1898.000000
1920.000000
1908.000000
1906.000000
1912.000000
1888.000000
1906.000000
1920.000000
1914.000000
1884.000000
1870.000000
1880.000000
1864.000000
1864.000000
1874.000000
1876.000000
1898.000000
1930.000000
1868.000000
1860.000000
1844.000000
1874.000000
1904.000000
1938.000000
1938.000000
1926.000000
1890.000000
1906.000000
1916.000000
1856.000000
1846.000000
1866.000000
1922.000000
1948.000000
1912.000000
1906.000000
1882.000000
1916.000000
1920.000000
1928.000000
1924.000000
1910.000000
1910.000000
1902.000000
1904.000000
1928.000000
1924.000000
1924.000000
1906.000000
1888.000000
1882.000000
1888.000000
1882.000000
1888.000000
1892.000000
1908.000000
1888.000000
1902.000000
1920.000000
1934.000000
1924.000000
1960.000000
1914.000000
1904.000000
1904.000000
1912.000000
1904.000000
1906.000000
1890.000000
1896.000000
1942.000000
1928.000000
1914.000000
1908.000000
1842.000000
1852.000000
1852.000000
1864.000000
1898.000000
1894.000000
1890.000000
1890.000000
1878.000000
1874.000000
1878.000000
1910.000000
1916.000000
1912.000000
1880.000000
1864.000000
1886.000000
1896.000000
1912.000000
1900.000000
1874.000000
1878.000000
1888.000000
1918.000000
1920.000000
1910.000000
1876.000000
1860.000000
1900.000000
1912.000000
1904.000000
1914.000000
1916.000000
1932.000000
1918.000000
1874.000000
1900.000000
1902.000000
1916.000000
1884.000000
1870.000000
1868.000000
1898.000000
1914.000000
1926.000000
1916.000000
1908.000000
1894.000000
1908.000000
1928.000000
1916.000000
1888.000000
1894.000000
1900.000000
1906.000000
1888.000000
1890.000000
1894.000000
1926.000000
1908.000000
1896.000000
1880.000000
1904.000000
1940.000000
1902.000000
1908.000000
1906.000000
1880.000000
1858.000000
1886.000000
1884.000000
1926.000000
1904.000000
1904.000000
1922.000000
1914.000000
1890.000000
1924.000000
1948.000000
1914.000000
1886.000000
1894.000000
1936.000000
1946.000000
1930.000000
1918.000000
1896.000000
1906.000000
1910.000000
1910.000000
1948.000000
1912.000000
1898.000000
1912.000000
1928.000000
1942.000000
1896.000000
1904.000000
1890.000000
1908.000000
1908.000000
1902.000000
1934.000000
1922.000000
1934.000000
1912.000000
1904.000000
1900.000000
1924.000000
1928.000000
1936.000000
1932.000000
1898.000000
1886.000000
1868.000000
1874.000000
1932.000000
1938.000000
1890.000000
1880.000000
1916.000000
1906.000000
1904.000000
1910.000000
1924.000000
1908.000000
1884.000000
1870.000000
1878.000000
1878.000000
1882.000000
1898.000000
1904.000000
1904.000000
1900.000000
1882.000000
1900.000000
1910.000000
1924.000000
1914.000000
1876.000000
1880.000000
1886.000000
1894.000000
1902.000000
1898.000000
1896.000000
1886.000000
1896.000000
1924.000000
1914.000000
1894.000000
1898.000000
1910.000000
1908.000000
1922.000000
1910.000000
1912.000000
1902.000000
1918.000000
1912.000000
1910.000000
1918.000000
1910.000000
1900.000000
1902.000000
1894.000000
1900.000000
1896.000000
1908.000000
1926.000000
1898.000000
1898.000000
1908.000000
1922.000000
1910.000000
1902.000000
1900.000000
1896.000000
1908.000000
1916.000000
1900.000000
1896.000000
1904.000000
1908.000000
1892.000000
1902.000000
1902.000000
1892.000000
1902.000000
1902.000000
1916.000000
1948.000000
1906.000000
1882.000000
1880.000000
1930.000000
1948.000000
1944.000000
1916.000000
1866.000000
1882.000000
1898.000000
1932.000000
1890.000000
1882.000000
1872.000000
1938.000000
1900.000000
1890.000000
1864.000000
1892.000000
2020.000000
1958.000000
1928.000000
1862.000000
1930.000000
2012.000000
1940.000000
1870.000000
1866.000000
1874.000000
1942.000000
1958.000000
1936.000000
1930.000000
1902.000000
1900.000000
1928.000000
1932.000000
1908.000000
1906.000000
1896.000000
1888.000000
1888.000000
1940.000000
1934.000000
1928.000000
1900.000000
1910.000000
1916.000000
1916.000000
1894.000000
1904.000000
1922.000000
1906.000000
1904.000000
1920.000000
1914.000000
1928.000000
1910.000000
1900.000000
1890.000000
1906.000000
1904.000000
1886.000000
1926.000000
1928.000000
1922.000000
1904.000000
1898.000000
1902.000000
1902.000000
1884.000000
1902.000000
1910.000000
1914.000000
1916.000000
1894.000000
1882.000000
1906.000000
1912.000000
1906.000000
1922.000000
1914.000000
1900.000000
1920.000000
1922.000000
1908.000000
1892.000000
1896.000000
1900.000000
1888.000000
1906.000000
1938.000000
1930.000000
1946.000000
1922.000000
1896.000000
1906.000000
1918.000000
1914.000000
1898.000000
1896.000000
1900.000000
1910.000000
1914.000000
1916.000000
1926.000000
1922.000000
1916.000000
1910.000000
1912.000000
1916.000000
1918.000000
1920.000000
1906.000000
1920.000000
1906.000000
1900.000000
1898.000000
1914.000000
1910.000000
1894.000000
1878.000000
1894.000000
1952.000000
1928.000000
1928.000000
1888.000000
1914.000000
1890.000000
1882.000000
1902.000000
1910.000000
1936.000000
1916.000000
1902.000000
1932.000000
1922.000000
1896.000000
1908.000000
1874.000000
1882.000000
1874.000000
1898.000000
1930.000000
1940.000000
1898.000000
1908.000000
1950.000000
1912.000000
1900.000000
1886.000000
1928.000000
1910.000000
1920.000000
1902.000000
1890.000000
1914.000000
1892.000000
1908.000000
1916.000000
1898.000000
1898.000000
1922.000000
1928.000000
1928.000000
1922.000000
1922.000000
1930.000000
1884.000000
1900.000000
1926.000000
1900.000000
1904.000000
1900.000000
1902.000000
1914.000000
1914.000000
1898.000000
1890.000000
1908.000000
1918.000000
1900.000000
1902.000000
1882.000000
1900.000000
1908.000000
1924.000000
1894.000000
1890.000000
1894.000000
1898.000000
1920.000000
1914.000000
1876.000000
1866.000000
1916.000000
1934.000000
1908.000000
1908.000000
1932.000000
1922.000000
1892.000000
1926.000000
1890.000000
1892.000000
1876.000000
1902.000000
1910.000000
1902.000000
1934.000000
1904.000000
1878.000000
1864.000000
1846.000000
1902.000000
916.000000
1548.000000
2104.000000
2210.000000
1888.000000
1856.000000
1858.000000
1912.000000
1928.000000
1952.000000
1920.000000
1936.000000
1932.000000
1936.000000
1972.000000
1954.000000
1940.000000
1966.000000
1928.000000
1900.000000
1844.000000
1862.000000
1918.000000
2044.000000
2044.000000
2016.000000
1900.000000
1808.000000
1880.000000
1930.000000
2004.000000
1992.000000
1916.000000
1870.000000
1986.000000
1982.000000
1936.000000
1906.000000
1876.000000
1998.000000
2004.000000
1980.000000
1884.000000
1830.000000
1948.000000
1984.000000
1982.000000
1948.000000
1870.000000
1870.000000
1964.000000
1944.000000
1940.000000
1924.000000
1966.000000
1980.000000
1936.000000
1918.000000
1928.000000
1924.000000
1928.000000
1934.000000
1924.000000
1942.000000
1904.000000
1912.000000
1944.000000
1950.000000
1928.000000
1918.000000
1930.000000
1922.000000
1910.000000
1930.000000
1948.000000
1960.000000
1916.000000
1912.000000
1922.000000
1932.000000
1940.000000
1946.000000
1966.000000
1942.000000
1920.000000
1904.000000
1924.000000
1996.000000
1916.000000
1890.000000
1854.000000
1836.000000
2000.000000
1990.000000
2040.000000
2024.000000
1926.000000
1942.000000
1864.000000
1896.000000
1964.000000
1978.000000
1962.000000
1950.000000
1890.000000
1884.000000
1902.000000
2004.000000
1962.000000
1976.000000
1902.000000
1874.000000
1912.000000
1986.000000
1978.000000
1958.000000
1924.000000
1948.000000
1994.000000
1944.000000
1872.000000
1858.000000
1898.000000
1964.000000
1952.000000
1942.000000
1932.000000
1928.000000
1958.000000
1986.000000
1946.000000
1880.000000
1896.000000
1928.000000
1934.000000
1936.000000
1914.000000
1916.000000
1922.000000
1968.000000
1938.000000
1918.000000
1918.000000
1932.000000
1906.000000
1932.000000
1902.000000
1938.000000
1928.000000
1900.000000
1910.000000
1900.000000
1918.000000
1942.000000
1906.000000
1924.000000
1928.000000
1920.000000
1896.000000
1904.000000
1916.000000
1916.000000
1932.000000
1960.000000
1922.000000
1904.000000
1864.000000
1868.000000
1930.000000
1942.000000
1952.000000
1902.000000
1904.000000
1902.000000
1936.000000
1948.000000
1944.000000
1924.000000
1942.000000
1934.000000
1926.000000
1918.000000
1932.000000
1958.000000
1914.000000
1916.000000
1906.000000
1940.000000
1952.000000
1944.000000
1926.000000
1930.000000
1948.000000
1952.000000
1958.000000
1936.000000
1926.000000
1926.000000
1928.000000
1956.000000
1946.000000
1964.000000
1942.000000
1930.000000
1932.000000
1940.000000
1932.000000
1980.000000
1926.000000
1924.000000
1928.000000
1968.000000
1950.000000
1946.000000
1888.000000
1936.000000
1992.000000
2008.000000
1968.000000
1852.000000
1870.000000
1888.000000
1910.000000
1942.000000
1978.000000
1946.000000
1946.000000
1888.000000
1874.000000
1896.000000
1924.000000
1964.000000
1930.000000
1918.000000
1914.000000
1914.000000
1926.000000
1946.000000
1932.000000
1934.000000
1906.000000
1896.000000
1914.000000
1920.000000
1930.000000
1936.000000
1938.000000
1914.000000
1924.000000
1934.000000
1932.000000
1928.000000
1926.000000
1914.000000
1894.000000
1974.000000
1942.000000
1930.000000
1914.000000
1894.000000
1946.000000
1986.000000
1952.000000
1936.000000
1868.000000
1880.000000
1922.000000
1970.000000
1954.000000
1954.000000
1946.000000
1940.000000
1928.000000
1926.000000
1960.000000
1964.000000
1938.000000
1926.000000
1898.000000
1910.000000
1934.000000
1938.000000
1942.000000
1942.000000
1904.000000
1906.000000
1932.000000
1940.000000
1958.000000
1952.000000
1918.000000
1914.000000
1942.000000
1932.000000
1936.000000
1920.000000
1918.000000
1924.000000
1942.000000
1940.000000
1940.000000
1930.000000
1936.000000
1926.000000
1916.000000
1928.000000
1936.000000
1942.000000
1928.000000
1934.000000
1936.000000
1940.000000
1932.000000
1928.000000
1932.000000
1934.000000
1936.000000
1916.000000
1914.000000
1932.000000
1932.000000
1956.000000
1962.000000
1964.000000
1934.000000
1934.000000
1920.000000
1944.000000
1958.000000
1932.000000
1872.000000
1934.000000
2006.000000
2004.000000
1948.000000
1866.000000
1860.000000
1884.000000
1976.000000
1956.000000
1906.000000
1894.000000
1908.000000
1924.000000
1932.000000
1928.000000
1930.000000
1924.000000
1924.000000
1920.000000
1928.000000
1930.000000
1914.000000
1902.000000
1916.000000
1922.000000
1936.000000
1932.000000
1930.000000
1922.000000
1932.000000
1928.000000
1928.000000
1912.000000
1920.000000
1916.000000
1922.000000
1928.000000
1922.000000
1932.000000
1928.000000
1938.000000
1926.000000
1942.000000
1932.000000
1920.000000
1908.000000
1904.000000
1914.000000
1928.000000
1950.000000
1932.000000
1910.000000
1910.000000
1912.000000
1926.000000
1928.000000
1924.000000
1934.000000
1922.000000
1908.000000
1946.000000
1936.000000
1938.000000
1908.000000
1944.000000
1976.000000
1968.000000
1894.000000
1866.000000
1970.000000
1978.000000
1982.000000
1934.000000
1878.000000
1894.000000
1934.000000
1948.000000
1936.000000
1916.000000
1888.000000
1920.000000
1946.000000
1948.000000
1930.000000
1920.000000
1918.000000
1922.000000
1946.000000
1946.000000
1934.000000
1910.000000
1918.000000
1954.000000
1952.000000
1940.000000
1958.000000
1920.000000
1924.000000
1914.000000
1956.000000
1934.000000
1882.000000
1874.000000
1870.000000
1884.000000
1954.000000
1942.000000
1942.000000
1944.000000
1882.000000
1880.000000
1934.000000
1964.000000
1942.000000
1942.000000
1924.000000
1904.000000
1922.000000
1934.000000
1914.000000
1918.000000
1928.000000
1910.000000
1928.000000
1930.000000
1918.000000
1918.000000
1930.000000
1946.000000
1940.000000
1942.000000
1936.000000
1910.000000
1910.000000
1926.000000
1928.000000
1936.000000
1920.000000
1902.000000
1912.000000
1920.000000
1946.000000
1948.000000
1922.000000
1932.000000
1936.000000
1932.000000
1932.000000
1928.000000
1936.000000
1918.000000
1918.000000
1934.000000
1918.000000
1932.000000
1920.000000
1924.000000
1944.000000
1942.000000
1928.000000
1926.000000
1924.000000
1924.000000
1924.000000
1926.000000
1932.000000
1914.000000
1922.000000
1916.000000
1922.000000
1924.000000
1932.000000
1918.000000
1928.000000
1946.000000
1916.000000
1928.000000
1918.000000
1916.000000
1916.000000
1926.000000
1916.000000
1924.000000
1910.000000
1934.000000
1940.000000
1936.000000
1910.000000
1924.000000
1938.000000
1926.000000
1930.000000
1918.000000
1928.000000
1894.000000
1928.000000
1934.000000
1934.000000
1936.000000
1928.000000
1940.000000
1938.000000
1926.000000
1918.000000
1928.000000
1934.000000
1964.000000
1906.000000
1936.000000
1922.000000
1932.000000
1946.000000
1922.000000
1932.000000
1922.000000
1930.000000
1936.000000
1920.000000
1918.000000
1932.000000
1928.000000
1926.000000
1930.000000
1926.000000
1936.000000
1930.000000
1902.000000
1916.000000
1930.000000
1934.000000
1942.000000
1910.000000
1908.000000
1916.000000
1928.000000
1934.000000
1928.000000
1910.000000
1916.000000
1924.000000
1930.000000
1946.000000
1928.000000
1920.000000
1920.000000
1908.000000
1932.000000
1922.000000
1920.000000
1928.000000
1920.000000
1932.000000
1938.000000
1928.000000
1934.000000
1920.000000
1932.000000
1920.000000
1918.000000
1924.000000
1924.000000
1922.000000
1916.000000
1908.000000
1928.000000
1924.000000
1922.000000
1918.000000
1914.000000
1934.000000
1932.000000
1930.000000
1920.000000
1898.000000
1918.000000
1932.000000
1914.000000
1922.000000
1912.000000
1928.000000
1944.000000
1924.000000
1926.000000
1934.000000
1930.000000
1914.000000
1924.000000
1914.000000
1914.000000
1922.000000
1912.000000
1910.000000
1936.000000
1970.000000
1926.000000
1924.000000
1936.000000
1926.000000
1928.000000
1922.000000
1926.000000
1918.000000
1912.000000
1928.000000
1936.000000
1936.000000
1920.000000
1914.000000
1922.000000
1942.000000
1934.000000
1922.000000
1920.000000
1908.000000
1908.000000
1924.000000
1944.000000
1904.000000
1892.000000
1928.000000
1946.000000
1916.000000
1912.000000
1932.000000
1944.000000
1944.000000
1930.000000
1894.000000
1946.000000
1960.000000
1946.000000
1946.000000
1926.000000
1900.000000
1914.000000
1912.000000
1940.000000
1964.000000
1964.000000
1936.000000
1922.000000
1930.000000
1956.000000
1944.000000
1956.000000
1912.000000
1912.000000
1920.000000
1940.000000
1948.000000
1934.000000
1932.000000
1924.000000
1946.000000
1928.000000
1944.000000
1936.000000
1938.000000
1946.000000
1932.000000
1932.000000
1926.000000
1942.000000
1940.000000
1932.000000
1936.000000
1910.000000
1944.000000
1940.000000
1918.000000
1926.000000
1916.000000
1942.000000
1928.000000
1928.000000
1938.000000
1946.000000
1938.000000
1954.000000
1938.000000
1924.000000
1938.000000
1914.000000
1928.000000
1924.000000
1912.000000
1922.000000
1940.000000
1938.000000
1924.000000
1952.000000
1928.000000
1948.000000
1924.000000
1926.000000
1922.000000
1920.000000
1930.000000
1936.000000
1918.000000
1924.000000
1940.000000
1940.000000
1930.000000
1930.000000
1912.000000
1946.000000
1924.000000
1950.000000
1926.000000
1918.000000
1938.000000
1928.000000
1932.000000
1920.000000
1934.000000
1934.000000
1922.000000
1930.000000
1934.000000
1932.000000
1936.000000
1922.000000
1924.000000
1936.000000
1944.000000
1928.000000
1932.000000
1928.000000
1930.000000
1942.000000
1936.000000
1930.000000
1940.000000
1944.000000
1934.000000
1930.000000
1928.000000
1910.000000
1926.000000
1932.000000
1952.000000
1918.000000
1924.000000
1918.000000
1942.000000
1936.000000
1946.000000
1924.000000
1912.000000
1930.000000
1926.000000
1926.000000
1946.000000
1922.000000
1930.000000
1950.000000
1924.000000
1928.000000
1938.000000
1924.000000
1942.000000
1928.000000
1920.000000
1920.000000
1936.000000
1936.000000
1946.000000
1942.000000
1918.000000
1918.000000
1934.000000
1916.000000
1952.000000
1946.000000
1936.000000
1938.000000
1944.000000
1946.000000
1934.000000
1938.000000
1932.000000
1922.000000
1934.000000
1916.000000
1914.000000
1930.000000
1946.000000
1938.000000
1932.000000
1916.000000
1908.000000
1938.000000
1950.000000
1952.000000
1932.000000
1918.000000
1952.000000
1960.000000
1950.000000
1934.000000
1942.000000
1926.000000
1932.000000
1940.000000
1964.000000
1954.000000
1960.000000
1900.000000
1928.000000
1904.000000
1932.000000
1884.000000
1904.000000
1934.000000
1930.000000
1926.000000
1912.000000
1916.000000
1932.000000
1936.000000
1928.000000
1920.000000
1902.000000
1904.000000
1902.000000
1918.000000
1924.000000
1928.000000
1912.000000
1934.000000
1910.000000
1920.000000
1920.000000
1920.000000
1922.000000
1928.000000
1920.000000
1916.000000
1920.000000
1924.000000
1916.000000
1908.000000
1912.000000
1944.000000
1930.000000
1910.000000
1932.000000
1928.000000
1922.000000
1928.000000
1926.000000
1910.000000
1940.000000
1950.000000
1932.000000
1922.000000
1928.000000
1930.000000
1926.000000
1918.000000
1918.000000
1926.000000
1910.000000
1934.000000
1930.000000
1922.000000
1920.000000
1930.000000
1908.000000
1914.000000
1940.000000
1928.000000
1922.000000
1930.000000
1904.000000
1926.000000
1938.000000
1920.000000
1928.000000
1918.000000
1932.000000
1932.000000
1924.000000
1924.000000
1934.000000
1936.000000
1930.000000
1926.000000
1914.000000
1936.000000
1924.000000
1950.000000
1926.000000
1926.000000
1922.000000
1918.000000
1918.000000
1926.000000
1928.000000
1928.000000
1940.000000
1946.000000
1926.000000
1928.000000
1918.000000
1926.000000
1938.000000
1938.000000
1930.000000
1920.000000
1928.000000
1934.000000
1928.000000
1926.000000
1910.000000
1920.000000
1922.000000
1926.000000
1944.000000
1928.000000
1930.000000
1946.000000
1908.000000
1936.000000
1912.000000
1920.000000
1934.000000
1930.000000
1914.000000
1918.000000
1930.000000
1944.000000
1908.000000
1912.000000
1926.000000
1942.000000
1930.000000
1930.000000
1898.000000
1918.000000
1944.000000
1916.000000
1922.000000
1932.000000
1924.000000
1930.000000
1942.000000
1928.000000
1904.000000
1924.000000
1914.000000
1930.000000
1928.000000
1920.000000
1932.000000
1924.000000
1912.000000
1914.000000
1926.000000
1916.000000
1920.000000
1910.000000
1910.000000
1918.000000
1930.000000
1922.000000
1922.000000
1914.000000
1908.000000
1924.000000
1922.000000
1906.000000
1880.000000
1878.000000
1878.000000
1918.000000
1952.000000
1936.000000
1994.000000
1948.000000
1532.000000
1532.000000
1944.000000
1894.000000
1890.000000
1930.000000
1846.000000
1850.000000
1850.000000
1848.000000
1878.000000
1888.000000
1868.000000
1874.000000
1860.000000
1874.000000
1872.000000
1888.000000
1886.000000
1876.000000
1874.000000
1884.000000
1876.000000
1868.000000
1876.000000
1882.000000
1880.000000
1878.000000
1896.000000
1870.000000
1878.000000
1886.000000
1890.000000
1874.000000
1882.000000
1886.000000
1890.000000
1876.000000
1880.000000
1880.000000
1876.000000
1902.000000
1892.000000
1876.000000
1890.000000
1892.000000
1902.000000
1878.000000
1882.000000
1886.000000
1886.000000
1876.000000
1890.000000
1886.000000
1878.000000
1898.000000
1890.000000
1900.000000
1882.000000
1884.000000
1878.000000
1886.000000
1878.000000
1888.000000
1892.000000
1904.000000
1898.000000
1890.000000
1878.000000
1876.000000
1904.000000
1892.000000
1892.000000
1878.000000
1878.000000
1902.000000
1906.000000
1906.000000
1898.000000
1922.000000
1894.000000
1878.000000
1918.000000
1924.000000
1876.000000
1880.000000
1910.000000
1886.000000
1924.000000
1924.000000
1914.000000
1918.000000
1914.000000
1908.000000
1892.000000
1882.000000
1924.000000
1918.000000
1910.000000
1882.000000
1922.000000
1890.000000
1922.000000
1894.000000
1908.000000
1906.000000
1908.000000
1908.000000
1914.000000
1902.000000
1904.000000
1922.000000
1896.000000
1892.000000
1906.000000
1892.000000
1890.000000
1904.000000
1898.000000
1916.000000
1908.000000
1892.000000
1898.000000
1920.000000
1888.000000
1900.000000
1898.000000
1872.000000
1904.000000
1888.000000
1890.000000
1878.000000
1878.000000
1886.000000
1900.000000
1908.000000
1890.000000
1902.000000
1902.000000
1902.000000
1902.000000
1930.000000
1912.000000
1896.000000
1920.000000
1908.000000
1896.000000
1906.000000
1964.000000
1978.000000
1968.000000
1896.000000
1850.000000
1842.000000
1906.000000
1950.000000
1950.000000
1938.000000
1904.000000
1890.000000
1910.000000
1908.000000
1944.000000
1916.000000
1892.000000
1890.000000
1906.000000
1890.000000
1904.000000
1898.000000
1902.000000
1898.000000
1894.000000
1894.000000
1938.000000
1908.000000
1898.000000
1898.000000
1902.000000
1902.000000
1910.000000
1918.000000
1912.000000
1894.000000
1890.000000
1872.000000
1902.000000
1920.000000
1920.000000
1938.000000
1900.000000
1888.000000
1908.000000
1916.000000
1946.000000
1930.000000
1900.000000
1896.000000
1910.000000
1930.000000
1918.000000
1912.000000
1924.000000
1920.000000
1908.000000
1902.000000
1912.000000
1920.000000
1924.000000
1908.000000
1920.000000
1918.000000
1922.000000
1934.000000
1924.000000
1944.000000
1902.000000
1888.000000
1918.000000
1926.000000
1898.000000
1900.000000
1896.000000
1916.000000
1920.000000
1922.000000
1928.000000
1926.000000
1906.000000
1908.000000
1916.000000
1942.000000
1892.000000
1896.000000
1920.000000
1916.000000
1896.000000
1898.000000
1906.000000
1932.000000
1910.000000
1904.000000
1902.000000
1890.000000
1918.000000
1914.000000
1894.000000
1906.000000
1916.000000
1922.000000
1954.000000
1918.000000
1922.000000
1896.000000
1898.000000
1916.000000
1920.000000
1924.000000
1906.000000
1892.000000
1932.000000
1938.000000
1950.000000
1916.000000
1930.000000
1924.000000
1948.000000
1924.000000
1898.000000
1906.000000
1938.000000
1924.000000
1908.000000
1922.000000
1922.000000
1916.000000
1938.000000
1926.000000
1916.000000
1918.000000
1916.000000
1900.000000
1908.000000
1896.000000
1912.000000
1904.000000
1918.000000
1926.000000
1910.000000
1900.000000
1930.000000
1916.000000
1920.000000
1912.000000
1916.000000
1912.000000
1918.000000
1914.000000
1918.000000
1922.000000
1926.000000
1926.000000
1920.000000
1926.000000
1912.000000
1898.000000
1928.000000
1922.000000
1912.000000
1914.000000
1904.000000
1910.000000
1926.000000
1922.000000
1908.000000
1924.000000
1934.000000
1954.000000
1922.000000
1930.000000
1932.000000
1928.000000
1934.000000
1924.000000
1916.000000
1910.000000
1934.000000
1916.000000
1930.000000
1934.000000
1914.000000
1930.000000
1918.000000
1942.000000
1916.000000
1948.000000
1902.000000
1916.000000
1940.000000
1934.000000
1916.000000
1916.000000
1904.000000
1926.000000
1908.000000
1916.000000
1912.000000
1928.000000
1906.000000
1906.000000
1916.000000
1916.000000
1920.000000
1932.000000
1906.000000
1902.000000
1922.000000
1924.000000
1918.000000
1902.000000
1920.000000
1920.000000
1912.000000
1932.000000
1918.000000
1914.000000
1910.000000
1918.000000
1918.000000
1912.000000
1910.000000
1902.000000
1914.000000
1926.000000
1920.000000
1912.000000
1902.000000
1914.000000
1930.000000
1936.000000
1914.000000
1914.000000
1922.000000
1928.000000
1922.000000
1924.000000
1940.000000
1918.000000
1926.000000
1930.000000
1946.000000
1930.000000
1908.000000
1910.000000
1936.000000
1948.000000
1926.000000
1926.000000
1920.000000
1930.000000
1932.000000
1928.000000
1932.000000
1934.000000
1922.000000
1908.000000
1912.000000
1932.000000
1948.000000
1928.000000
1912.000000
1894.000000
1926.000000
1944.000000
1936.000000
1934.000000
1902.000000
1898.000000
1916.000000
1942.000000
1908.000000
1930.000000
1918.000000
1896.000000
1916.000000
1930.000000
1914.000000
1914.000000
1918.000000
1912.000000
1938.000000
1922.000000
1930.000000
1916.000000
1930.000000
1926.000000
1922.000000
1914.000000
1930.000000
1928.000000
1942.000000
1924.000000
1922.000000
1920.000000
1926.000000
1936.000000
1934.000000
1922.000000
1922.000000
1910.000000
1932.000000
1922.000000
1914.000000
1918.000000
1930.000000
1934.000000
1920.000000
1906.000000
1932.000000
1928.000000
1898.000000
1906.000000
1952.000000
1938.000000
1908.000000
1898.000000
1904.000000
1934.000000
1908.000000
1900.000000
1912.000000
1918.000000
1966.000000
1942.000000
1944.000000
1938.000000
1898.000000
1910.000000
1928.000000
1914.000000
1932.000000
1932.000000
1892.000000
1924.000000
1934.000000
1934.000000
1918.000000
1886.000000
1914.000000
1920.000000
1932.000000
1908.000000
1914.000000
1930.000000
1928.000000
1928.000000
1942.000000
1926.000000
1906.000000
1898.000000
1926.000000
1936.000000
1924.000000
1910.000000
1928.000000
1926.000000
1940.000000
1914.000000
1908.000000
1932.000000
1938.000000
1928.000000
1914.000000
1906.000000
1926.000000
1914.000000
1944.000000
1948.000000
1926.000000
1912.000000
1936.000000
1924.000000
1936.000000
1900.000000
1942.000000
1946.000000
1942.000000
1934.000000
1912.000000
1928.000000
1916.000000
1944.000000
1912.000000
1902.000000
1906.000000
1916.000000
1938.000000
1938.000000
1906.000000
1944.000000
1930.000000
1940.000000
1920.000000
1922.000000
1926.000000
1928.000000
1920.000000
1926.000000
1912.000000
1908.000000
1916.000000
1918.000000
1926.000000
1936.000000
1944.000000
1918.000000
1920.000000
1938.000000
1916.000000
1926.000000
1910.000000
1902.000000
1922.000000
1952.000000
1950.000000
1954.000000
1894.000000
1884.000000
1912.000000
1934.000000
1962.000000
1942.000000
1896.000000
1908.000000
1940.000000
1928.000000
1916.000000
1908.000000
1920.000000
1892.000000
1912.000000
1946.000000
1928.000000
1934.000000
1942.000000
1916.000000
1900.000000
1942.000000
1950.000000
1940.000000
1892.000000
1896.000000
1920.000000
1910.000000
1930.000000
1942.000000
1946.000000
1944.000000
1924.000000
1906.000000
1944.000000
1948.000000
1954.000000
1924.000000
1914.000000
1906.000000
1912.000000
1916.000000
1938.000000
1920.000000
1900.000000
1920.000000
1948.000000
1932.000000
1928.000000
1936.000000
1930.000000
1926.000000
1918.000000
1934.000000
1916.000000
1934.000000
1902.000000
1924.000000
1914.000000
1918.000000
1924.000000
1930.000000
1936.000000
1912.000000
1924.000000
1928.000000
1924.000000
1946.000000
1932.000000
1930.000000
1914.000000
1920.000000
1934.000000
1924.000000
1950.000000
1930.000000
1930.000000
1958.000000
1940.000000
1926.000000
1912.000000
1934.000000
1942.000000
1912.000000
1920.000000
1918.000000
1934.000000
1966.000000
1922.000000
1918.000000
1924.000000
1934.000000
1922.000000
1924.000000
1912.000000
1922.000000
1914.000000
1918.000000
1928.000000
1938.000000
1936.000000
1920.000000
1936.000000
1912.000000
1922.000000
1930.000000
1920.000000
1914.000000
1908.000000
1932.000000
1908.000000
1934.000000
1922.000000
1924.000000
1916.000000
1932.000000
1904.000000
1934.000000
1924.000000
1924.000000
1916.000000
1936.000000
1920.000000
1924.000000
1918.000000
1914.000000
1928.000000
1938.000000
1932.000000
1942.000000
1944.000000
1942.000000
1938.000000
1950.000000
1924.000000
1910.000000
1936.000000
1934.000000
1916.000000
1922.000000
1938.000000
1932.000000
1926.000000
1924.000000
1928.000000
1916.000000
1964.000000
1952.000000
1926.000000
1900.000000
1928.000000
1950.000000
1956.000000
1936.000000
1892.000000
1892.000000
1918.000000
1928.000000
1934.000000
1930.000000
1932.000000
1934.000000
1938.000000
1926.000000
1922.000000
1918.000000
1956.000000
1928.000000
1918.000000
1918.000000
1926.000000
1926.000000
1916.000000
1924.000000
1930.000000
1930.000000
1928.000000
1914.000000
1934.000000
1932.000000
1928.000000
1916.000000
1934.000000
1944.000000
1934.000000
1930.000000
1928.000000
1938.000000
1930.000000
1922.000000
1920.000000
1946.000000
1942.000000
1924.000000
1940.000000
1934.000000
1932.000000
1914.000000
1932.000000
1928.000000
1924.000000
1914.000000
1942.000000
1922.000000
1942.000000
1898.000000
1904.000000
1902.000000
1948.000000
1952.000000
1906.000000
1896.000000
1890.000000
1926.000000
1966.000000
1956.000000
1918.000000
1908.000000
1906.000000
1942.000000
1910.000000
1926.000000
1910.000000
1900.000000
1924.000000
1940.000000
1932.000000
1936.000000
1930.000000
1924.000000
1936.000000
1912.000000
1916.000000
1936.000000
1940.000000
1936.000000
1912.000000
1908.000000
1918.000000
1916.000000
1926.000000
1934.000000
1918.000000
1928.000000
1938.000000
1934.000000
1940.000000
1928.000000
1944.000000
1916.000000
1936.000000
1934.000000
1930.000000
1928.000000
1924.000000
1922.000000
1948.000000
1926.000000
1930.000000
1926.000000
1942.000000
1944.000000
1932.000000
1934.000000
1914.000000
1930.000000
1922.000000
1944.000000
1918.000000
1926.000000
1934.000000
1922.000000
1930.000000
1936.000000
1944.000000
1926.000000
1940.000000
1924.000000
1926.000000
1934.000000
1958.000000
1914.000000
1914.000000
1920.000000
1918.000000
1928.000000
1916.000000
1928.000000
1948.000000
1936.000000
1934.000000
1932.000000
1932.000000
1940.000000
1930.000000
1916.000000
1916.000000
1938.000000
1950.000000
1938.000000
1936.000000
1926.000000
1944.000000
1946.000000
1944.000000
1920.000000
1934.000000
1938.000000
1924.000000
1924.000000
1924.000000
1920.000000
1948.000000
1938.000000
1930.000000
1946.000000
1926.000000
1906.000000
1936.000000
1938.000000
1944.000000
1940.000000
1926.000000
1922.000000
1944.000000
1944.000000
1936.000000
1922.000000
1908.000000
1914.000000
1936.000000
1938.000000
1934.000000
1938.000000
1918.000000
1918.000000
1946.000000
1944.000000
1930.000000
1928.000000
1922.000000
1926.000000
1938.000000
1940.000000
1932.000000
1906.000000
1918.000000
1926.000000
1934.000000
1950.000000
1918.000000
1908.000000
1910.000000
1936.000000
1928.000000
1920.000000
1930.000000
1914.000000
1926.000000
1914.000000
1940.000000
1916.000000
1918.000000
1914.000000
1920.000000
1942.000000
1932.000000
1924.000000
1932.000000
1932.000000
1948.000000
1918.000000
1936.000000
1934.000000
1928.000000
1912.000000
1944.000000
1932.000000
1942.000000
1954.000000
1948.000000
1924.000000
1940.000000
1930.000000
1954.000000
1894.000000
1920.000000
1922.000000
1940.000000
1934.000000
1932.000000
1944.000000
1938.000000
1960.000000
1950.000000
1938.000000
1932.000000
1896.000000
1922.000000
1930.000000
1936.000000
1928.000000
1922.000000
1946.000000
1928.000000
1942.000000
1930.000000
1918.000000
1930.000000
1902.000000
1932.000000
1924.000000
1934.000000
1912.000000
1912.000000
1906.000000
1920.000000
1934.000000
1938.000000
1938.000000
1906.000000
1924.000000
1940.000000
1940.000000
1944.000000
1932.000000
1918.000000
1922.000000
1934.000000
1914.000000
1916.000000
1926.000000
1934.000000
1940.000000
1936.000000
1952.000000
1948.000000
1946.000000
1934.000000
1936.000000
1950.000000
1930.000000
1922.000000
1930.000000
1942.000000
1948.000000
1930.000000
1928.000000
1922.000000
1922.000000
1938.000000
1936.000000
1912.000000
1924.000000
1936.000000
1918.000000
1916.000000
1918.000000
1950.000000
1958.000000
1938.000000
1922.000000
1918.000000
1912.000000
1912.000000
1918.000000
1928.000000
1908.000000
1884.000000
1898.000000
1950.000000
1966.000000
1944.000000
1924.000000
1888.000000
1914.000000
1934.000000
1958.000000
1916.000000
1918.000000
1920.000000
1944.000000
1944.000000
1950.000000
1932.000000
1916.000000
1922.000000
1912.000000
1946.000000
1936.000000
1938.000000
1932.000000
1940.000000
1926.000000
1912.000000
1924.000000
1936.000000
1926.000000
1946.000000
1924.000000
1946.000000
1924.000000
1924.000000
1922.000000
1938.000000
1948.000000
1916.000000
1928.000000
1922.000000
1922.000000
1936.000000
1930.000000
1952.000000
1950.000000
1912.000000
1910.000000
1950.000000
1930.000000
1946.000000
1920.000000
1920.000000
1920.000000
1934.000000
1922.000000
1926.000000
1924.000000
1908.000000
1924.000000
1924.000000
1946.000000
1920.000000
1914.000000
1906.000000
1922.000000
1910.000000
1924.000000
1934.000000
1934.000000
1932.000000
1938.000000
1932.000000
1918.000000
1932.000000
1932.000000
1948.000000
1930.000000
1934.000000
1920.000000
1934.000000
1926.000000
1934.000000
1942.000000
1922.000000
1920.000000
1928.000000
1928.000000
1944.000000
1932.000000
1932.000000
1958.000000
1950.000000
1940.000000
1932.000000
1938.000000
1924.000000
1934.000000
1942.000000
1932.000000
1940.000000
1928.000000
1938.000000
1938.000000
1934.000000
1914.000000
1932.000000
1952.000000
1938.000000
1924.000000
1936.000000
1936.000000
1940.000000
1924.000000
1928.000000
1926.000000
1936.000000
1924.000000
1940.000000
1932.000000
1930.000000
1940.000000
1922.000000
1942.000000
1938.000000
1922.000000
1920.000000
1922.000000
1906.000000
1920.000000
1930.000000
1932.000000
1926.000000
1920.000000
1936.000000
1936.000000
1948.000000
1924.000000
1916.000000
1932.000000
1940.000000
1936.000000
1932.000000
1914.000000
1908.000000
1938.000000
1920.000000
1922.000000
1934.000000
1930.000000
1942.000000
1930.000000
1938.000000
1928.000000
1946.000000
1928.000000
1946.000000
1938.000000
1940.000000
1916.000000
1928.000000
1940.000000
1934.000000
1948.000000
1934.000000
1932.000000
1922.000000
1930.000000
1934.000000
1930.000000
1906.000000
1918.000000
1924.000000
1924.000000
1926.000000
1930.000000
1930.000000
1930.000000
1920.000000
1922.000000
1930.000000
1936.000000
1938.000000
1930.000000
1930.000000
1922.000000
1914.000000
1946.000000
1926.000000
1926.000000
1920.000000
1942.000000
1912.000000
1942.000000
1930.000000
1920.000000
1936.000000
1926.000000
1934.000000
1932.000000
1930.000000
1930.000000
1928.000000
1900.000000
1906.000000
1928.000000
1930.000000
1916.000000
1912.000000
1938.000000
1936.000000
1926.000000
1920.000000
1934.000000
1936.000000
1932.000000
1926.000000
1914.000000
1936.000000
1940.000000
1930.000000
1942.000000
1942.000000
1936.000000
1942.000000
1938.000000
1922.000000
1926.000000
1940.000000
1924.000000
1930.000000
1924.000000
1924.000000
1938.000000
1924.000000
1932.000000
1922.000000
1938.000000
1936.000000
1942.000000
1918.000000
1920.000000
1932.000000
1914.000000
1914.000000
1930.000000
1930.000000
1918.000000
1934.000000
1936.000000
1924.000000
1920.000000
1924.000000
1934.000000
1924.000000
1938.000000
1922.000000
1916.000000
1920.000000
1934.000000
1934.000000
1936.000000
1926.000000
1924.000000
1934.000000
1944.000000
1926.000000
1928.000000
1950.000000
1932.000000
1914.000000
1918.000000
1932.000000
1946.000000
1928.000000
1926.000000
1924.000000
1934.000000
1934.000000
1932.000000
1922.000000
1948.000000
1932.000000
1932.000000
1952.000000
1936.000000
1952.000000
1934.000000
1920.000000
1916.000000
1946.000000
1948.000000
1922.000000
1908.000000
1942.000000
1944.000000
1940.000000
1914.000000
1944.000000
1934.000000
1948.000000
1934.000000
1912.000000
1932.000000
1950.000000
1958.000000
1924.000000
1910.000000
1934.000000
1962.000000
1932.000000
1940.000000
1942.000000
1934.000000
1910.000000
1902.000000
1916.000000
1924.000000
1938.000000
1944.000000
1922.000000
1936.000000
1954.000000
1958.000000
1910.000000
1904.000000
1886.000000
1908.000000
2018.000000
1932.000000
1854.000000
1862.000000
1896.000000
1948.000000
1682.000000
2100.000000
1898.000000
1970.000000
1968.000000
1940.000000
2064.000000
1970.000000
1928.000000
1928.000000
1940.000000
1974.000000
2016.000000
1996.000000
1924.000000
1932.000000
1994.000000
1978.000000
1948.000000
2006.000000
1962.000000
1994.000000
1956.000000
1968.000000
2004.000000
2008.000000
2016.000000
1960.000000
1940.000000
1936.000000
1950.000000
1956.000000
2044.000000
2138.000000
2192.000000
2112.000000
2020.000000
2018.000000
2006.000000
2076.000000
2056.000000
2060.000000
2014.000000
2016.000000
1992.000000
1984.000000
1972.000000
1956.000000
2016.000000
2012.000000
2002.000000
2002.000000
2000.000000
1988.000000
2000.000000
2006.000000
1976.000000
1986.000000
1996.000000
2014.000000
1976.000000
1954.000000
1930.000000
1942.000000
2012.000000
2022.000000
1982.000000
1986.000000
1970.000000
1964.000000
1960.000000
2034.000000
1994.000000
1990.000000
1938.000000
1982.000000
1968.000000
1994.000000
1948.000000
1984.000000
2002.000000
1994.000000
1974.000000
2034.000000
1994.000000
1990.000000
1962.000000
1986.000000
1978.000000
1968.000000
1942.000000
2024.000000
2022.000000
2006.000000
1956.000000
1898.000000
1966.000000
1998.000000
1988.000000
1986.000000
1940.000000
1958.000000
1956.000000
2002.000000
2006.000000
2012.000000
1980.000000
1942.000000
1982.000000
1994.000000
2020.000000
1978.000000
1960.000000
1954.000000
1954.000000
1976.000000
1954.000000
1946.000000
1968.000000
1964.000000
1996.000000
2002.000000
2060.000000
2010.000000
1916.000000
1894.000000
1962.000000
1996.000000
1964.000000
1960.000000
1966.000000
1972.000000
1956.000000
1942.000000
1918.000000
1958.000000
2038.000000
2028.000000
1990.000000
1944.000000
1958.000000
1960.000000
1994.000000
1980.000000
1990.000000
1996.000000
1948.000000
1948.000000
1972.000000
1970.000000
1982.000000
1984.000000
1960.000000
1942.000000
1936.000000
1940.000000
1976.000000
1988.000000
1976.000000
1960.000000
1950.000000
1946.000000
1958.000000
1960.000000
1974.000000
1958.000000
1968.000000
1982.000000
1942.000000
1924.000000
1942.000000
1966.000000
1974.000000
1974.000000
1984.000000
1972.000000
1964.000000
1966.000000
1976.000000
1958.000000
1966.000000
1968.000000
1962.000000
1980.000000
1994.000000
2004.000000
1970.000000
1966.000000
1988.000000
1984.000000
1964.000000
1956.000000
1976.000000
1998.000000
2008.000000
1974.000000
1918.000000
1934.000000
1976.000000
1982.000000
1948.000000
1916.000000
1942.000000
1908.000000
1956.000000
1944.000000
1962.000000
1996.000000
1970.000000
1958.000000
1926.000000
1982.000000
2040.000000
1996.000000
1614.000000
1878.000000
1890.000000
1902.000000
1930.000000
1948.000000
1928.000000
1928.000000
1914.000000
1916.000000
1872.000000
1864.000000
1908.000000
1978.000000
1984.000000
1974.000000
1940.000000
1920.000000
1936.000000
1938.000000
1950.000000
1900.000000
1924.000000
1940.000000
1932.000000
1954.000000
1950.000000
1940.000000
1944.000000
1938.000000
1948.000000
1948.000000
1946.000000
1970.000000
1948.000000
1928.000000
1938.000000
1914.000000
1966.000000
1974.000000
1940.000000
1946.000000
1938.000000
1946.000000
1948.000000
1928.000000
1928.000000
1938.000000
1938.000000
1940.000000
1942.000000
1948.000000
1928.000000
1936.000000
1950.000000
1946.000000
1942.000000
1930.000000
1938.000000
1950.000000
1946.000000
1920.000000
1940.000000
1942.000000
1940.000000
1940.000000
1944.000000
1946.000000
1944.000000
1946.000000
1954.000000
1950.000000
1928.000000
1916.000000
1904.000000
1920.000000
1974.000000
1976.000000
1926.000000
1928.000000
1936.000000
1950.000000
1942.000000
1944.000000
1950.000000
1914.000000
1962.000000
1962.000000
2004.000000
1996.000000
1906.000000
1900.000000
1930.000000
1946.000000
2000.000000
2000.000000
1962.000000
1940.000000
1968.000000
1970.000000
1988.000000
1946.000000
1954.000000
1978.000000
1966.000000
1942.000000
1866.000000
1896.000000
1956.000000
1958.000000
1952.000000
1946.000000
1932.000000
1932.000000
1964.000000
1968.000000
1950.000000
1944.000000
1956.000000
1948.000000
1942.000000
1934.000000
1966.000000
1972.000000
1952.000000
1886.000000
1892.000000
1892.000000
1934.000000
1946.000000
1946.000000
1942.000000
1916.000000
1880.000000
1948.000000
1962.000000
1948.000000
1922.000000
1914.000000
1920.000000
1958.000000
1958.000000
1922.000000
1904.000000
1892.000000
1872.000000
1936.000000
1938.000000
1942.000000
1924.000000
1898.000000
1906.000000
1898.000000
1944.000000
1958.000000
1958.000000
1924.000000
1916.000000
1964.000000
1980.000000
1954.000000
1944.000000
1924.000000
1924.000000
1922.000000
1950.000000
1928.000000
1938.000000
1946.000000
1942.000000
1948.000000
1956.000000
1954.000000
1924.000000
1900.000000
1930.000000
1920.000000
1940.000000
1922.000000
1914.000000
1924.000000
1904.000000
1936.000000
1936.000000
1938.000000
1926.000000
1918.000000
1918.000000
1928.000000
1924.000000
1904.000000
1920.000000
1916.000000
1922.000000
1946.000000
1944.000000
1942.000000
1912.000000
1918.000000
1930.000000
1918.000000
1934.000000
1946.000000
1942.000000
1932.000000
1916.000000
1922.000000
1932.000000
1926.000000
1938.000000
1912.000000
1904.000000
1928.000000
1956.000000
1934.000000
1930.000000
1932.000000
1956.000000
1920.000000
1914.000000
1918.000000
1940.000000
1938.000000
1928.000000
1938.000000
1942.000000
1936.000000
1948.000000
1952.000000
1944.000000
1918.000000
1908.000000
1930.000000
1944.000000
1934.000000
1942.000000
1918.000000
1916.000000
1944.000000
1950.000000
1932.000000
1934.000000
1956.000000
1936.000000
1914.000000
1926.000000
1936.000000
1930.000000
1954.000000
1928.000000
1930.000000
1926.000000
1918.000000
1916.000000
1938.000000
1940.000000
1940.000000
1920.000000
1932.000000
1914.000000
1946.000000
1946.000000
1930.000000
1924.000000
1922.000000
1918.000000
1932.000000
1944.000000
1954.000000
1952.000000
1906.000000
1914.000000
1926.000000
1930.000000
1944.000000
1958.000000
1936.000000
1932.000000
1932.000000
1936.000000
1928.000000
1952.000000
1988.000000
1986.000000
1938.000000
1898.000000
1930.000000
1940.000000
1942.000000
1974.000000
1948.000000
1958.000000
1914.000000
1938.000000
1982.000000
1964.000000
1976.000000
1950.000000
1926.000000
1948.000000
1950.000000
1946.000000
1946.000000
1948.000000
1944.000000
1948.000000
1948.000000
1938.000000
1942.000000
1966.000000
1956.000000
1936.000000
1936.000000
1926.000000
1952.000000
1952.000000
1940.000000
1928.000000
1948.000000
1940.000000
1932.000000
1924.000000
1962.000000
1962.000000
1954.000000
1958.000000
1948.000000
1958.000000
1954.000000
1936.000000
1952.000000
1942.000000
1946.000000
1950.000000
1938.000000
1956.000000
1944.000000
1948.000000
1944.000000
1948.000000
1926.000000
1950.000000
1958.000000
1964.000000
1940.000000
1938.000000
1958.000000
1950.000000
1924.000000
1942.000000
1954.000000
1946.000000
1936.000000
1968.000000
1918.000000
1940.000000
1942.000000
1950.000000
1930.000000
1942.000000
1942.000000
1930.000000
1962.000000
1968.000000
1954.000000
1938.000000
1940.000000
1958.000000
1952.000000
1950.000000
1942.000000
1954.000000
1948.000000
1962.000000
1938.000000
1942.000000
1950.000000
1954.000000
1936.000000
1950.000000
1956.000000
1948.000000
1954.000000
1938.000000
1942.000000
1942.000000
1956.000000
1942.000000
1950.000000
1944.000000
1958.000000
1954.000000
1974.000000
1922.000000
1940.000000
1942.000000
1958.000000
1968.000000
1998.000000
1980.000000
2030.000000
1992.000000
1996.000000
1996.000000
1958.000000
1986.000000
2032.000000
2060.000000
1944.000000
1924.000000
1912.000000
1930.000000
1982.000000
2082.000000
1972.000000
1978.000000
1946.000000
1924.000000
1956.000000
1984.000000
2036.000000
2016.000000
1928.000000
1914.000000
1932.000000
1964.000000
1998.000000
1996.000000
1940.000000
1964.000000
1952.000000
1946.000000
1960.000000
1950.000000
1966.000000
1952.000000
1966.000000
1946.000000
1980.000000
1966.000000
1958.000000
1956.000000
1954.000000
1960.000000
1966.000000
1944.000000
1966.000000
1962.000000
1952.000000
1946.000000
1982.000000
1976.000000
1980.000000
1970.000000
1960.000000
1966.000000
1956.000000
1966.000000
1948.000000
1930.000000
1952.000000
1966.000000
1956.000000
1970.000000
1958.000000
1970.000000
1968.000000
1958.000000
1956.000000
1974.000000
1954.000000
1952.000000
1948.000000
1978.000000
1950.000000
1952.000000
1976.000000
1950.000000
1954.000000
1936.000000
1944.000000
1966.000000
1952.000000
1970.000000
1962.000000
1964.000000
1946.000000
1954.000000
1968.000000
1962.000000
1970.000000
1956.000000
1960.000000
1974.000000
1960.000000
1944.000000
1966.000000
1968.000000
1962.000000
1964.000000
1950.000000
1984.000000
1964.000000
1948.000000
1934.000000
1966.000000
1946.000000
1960.000000
1950.000000
1964.000000
1968.000000
1970.000000
1958.000000
1964.000000
1964.000000
1954.000000
1950.000000
1956.000000
1970.000000
1970.000000
1976.000000
1972.000000
1950.000000
1956.000000
1956.000000
1968.000000
1972.000000
1972.000000
1968.000000
1970.000000
1954.000000
1972.000000
1954.000000
1956.000000
1964.000000
1962.000000
1974.000000
1978.000000
1954.000000
1938.000000
1932.000000
1960.000000
1972.000000
1972.000000
1940.000000
1948.000000
1972.000000
1978.000000
1960.000000
1962.000000
1964.000000
1954.000000
1942.000000
1962.000000
1958.000000
1964.000000
1942.000000
1952.000000
1956.000000
1984.000000
1958.000000
1954.000000
1942.000000
1954.000000
1986.000000
1970.000000
1966.000000
1944.000000
1968.000000
1994.000000
1956.000000
1954.000000
1934.000000
1962.000000
1962.000000
1968.000000
1942.000000
1952.000000
1956.000000
1958.000000
1962.000000
1986.000000
1988.000000
1974.000000
1958.000000
1966.000000
1952.000000
1964.000000
1968.000000
1964.000000
1950.000000
1944.000000
1950.000000
1958.000000
1968.000000
1966.000000
1966.000000
1944.000000
1970.000000
1972.000000
1960.000000
1966.000000
1968.000000
1968.000000
1962.000000
1944.000000
1970.000000
1970.000000
1982.000000
1964.000000
1948.000000
1942.000000
1974.000000
1978.000000
1958.000000
1932.000000
1954.000000
1974.000000
1974.000000
1970.000000
1966.000000
1964.000000
1970.000000
1968.000000
1970.000000
1968.000000
1964.000000
1952.000000
1958.000000
1948.000000
1974.000000
1982.000000
1962.000000
1956.000000
2008.000000
1996.000000
1990.000000
1934.000000
1908.000000
1912.000000
1956.000000
1982.000000
1972.000000
1940.000000
1970.000000
1926.000000
1954.000000
1968.000000
1978.000000
1964.000000
1932.000000
1938.000000
1962.000000
1996.000000
1976.000000
1962.000000
1950.000000
1946.000000
1952.000000
1964.000000
1964.000000
1946.000000
1958.000000
1958.000000
1958.000000
1954.000000
1966.000000
1956.000000
1964.000000
1952.000000
1944.000000
1940.000000
1956.000000
1924.000000
1932.000000
1952.000000
1960.000000
1966.000000
1952.000000
1940.000000
1964.000000
1974.000000
1962.000000
1962.000000
1966.000000
1952.000000
1954.000000
1958.000000
1942.000000
1950.000000
1954.000000
1966.000000
1962.000000
1940.000000
1986.000000
1990.000000
1974.000000
1938.000000
1948.000000
1956.000000
1944.000000
1972.000000
1932.000000
1948.000000
1944.000000
1984.000000
1974.000000
1984.000000
1920.000000
1926.000000
1966.000000
1980.000000
1984.000000
1936.000000
1956.000000
1942.000000
1976.000000
1980.000000
1940.000000
1958.000000
1984.000000
2000.000000
1980.000000
1988.000000
1942.000000
1794.000000
1848.000000
1994.000000
1932.000000
1976.000000
1920.000000
1792.000000
1900.000000
1954.000000
1952.000000
1950.000000
1912.000000
1950.000000
1952.000000
1938.000000
1936.000000
1944.000000
1920.000000
1946.000000
1952.000000
1942.000000
1904.000000
1894.000000
1938.000000
1982.000000
1956.000000
1952.000000
1922.000000
1922.000000
1952.000000
1960.000000
1974.000000
1960.000000
1940.000000
1944.000000
1972.000000
1940.000000
1920.000000
1926.000000
1912.000000
1946.000000
1934.000000
1928.000000
1940.000000
1958.000000
2016.000000
2030.000000
1992.000000
1934.000000
1962.000000
1974.000000
1954.000000
1988.000000
1972.000000
1978.000000
1952.000000
1924.000000
1958.000000
1952.000000
1988.000000
1972.000000
1972.000000
1964.000000
1968.000000
1962.000000
1976.000000
1980.000000
1992.000000
2006.000000
1950.000000
1920.000000
1882.000000
1880.000000
1966.000000
2008.000000
2002.000000
1978.000000
1938.000000
1938.000000
1930.000000
1910.000000
1714.000000
1862.000000
1784.000000
1992.000000
1962.000000
1988.000000
1946.000000
1956.000000
1918.000000
1924.000000
1910.000000
1994.000000
2216.000000
2168.000000
2144.000000
1970.000000
1964.000000
2000.000000
1968.000000
1928.000000
1854.000000
1936.000000
2084.000000
2120.000000
1966.000000
1910.000000
1904.000000
1976.000000
2028.000000
1992.000000
1890.000000
1840.000000
2074.000000
2122.000000
2008.000000
1952.000000
1914.000000
1932.000000
1988.000000
2026.000000
1976.000000
1972.000000
1924.000000
1992.000000
2024.000000
2038.000000
1976.000000
1942.000000
1912.000000
1904.000000
1946.000000
2038.000000
2028.000000
2010.000000
1932.000000
1936.000000
2028.000000
1998.000000
1996.000000
1962.000000
1872.000000
1882.000000
1930.000000
2004.000000
1930.000000
1928.000000
1878.000000
1926.000000
1970.000000
1978.000000
1896.000000
1944.000000
1946.000000
1996.000000
1974.000000
1642.000000
1888.000000
1772.000000
1980.000000
2024.000000
2016.000000
1966.000000
1878.000000
1854.000000
1878.000000
1916.000000
1948.000000
1944.000000
1888.000000
1884.000000
1882.000000
1876.000000
1918.000000
1940.000000
1950.000000
1940.000000
1898.000000
1900.000000
1916.000000
1912.000000
1908.000000
1910.000000
1920.000000
1916.000000
1922.000000
1892.000000
1924.000000
1962.000000
1988.000000
1974.000000
1932.000000
1908.000000
1928.000000
1956.000000
1960.000000
1960.000000
1992.000000
1946.000000
1924.000000
1912.000000
1920.000000
1956.000000
1972.000000
1968.000000
1940.000000
1952.000000
1922.000000
1922.000000
1926.000000
1930.000000
1948.000000
1956.000000
1932.000000
1918.000000
1920.000000
1920.000000
1934.000000
1930.000000
1912.000000
1886.000000
1922.000000
1932.000000
1944.000000
1898.000000
1874.000000
1898.000000
1910.000000
1950.000000
1930.000000
1930.000000
1908.000000
1898.000000
1936.000000
1920.000000
1946.000000
1914.000000
1910.000000
1912.000000
1924.000000
1926.000000
1924.000000
1930.000000
1916.000000
1934.000000
1922.000000
1918.000000
1932.000000
1934.000000
1924.000000
1942.000000
1940.000000
1922.000000
1914.000000
1954.000000
1942.000000
1954.000000
1900.000000
1924.000000
1932.000000
1966.000000
1980.000000
1952.000000
1888.000000
1854.000000
1950.000000
1980.000000
2008.000000
1914.000000
1864.000000
1884.000000
1930.000000
1970.000000
1952.000000
1920.000000
1880.000000
1856.000000
1960.000000
1962.000000
1996.000000
1932.000000
1856.000000
1872.000000
1880.000000
1948.000000
1970.000000
1976.000000
1908.000000
1884.000000
1874.000000
1878.000000
1916.000000
1932.000000
1914.000000
1902.000000
1890.000000
1890.000000
1920.000000
1936.000000
1936.000000
1906.000000
1908.000000
1904.000000
1934.000000
1926.000000
1900.000000
1890.000000
1914.000000
1916.000000
1916.000000
1924.000000
1908.000000
1914.000000
1900.000000
1904.000000
1910.000000
1904.000000
1912.000000
1922.000000
1902.000000
1906.000000
1906.000000
1932.000000
1908.000000
1916.000000
1918.000000
1902.000000
1910.000000
1896.000000
1906.000000
1910.000000
1914.000000
1882.000000
1908.000000
1916.000000
1916.000000
1930.000000
1904.000000
1902.000000
1918.000000
1904.000000
1902.000000
1910.000000
1908.000000
1896.000000
1908.000000
1904.000000
1904.000000
1918.000000
1906.000000
1898.000000
1908.000000
1904.000000
1916.000000
1904.000000
1912.000000
1910.000000
1916.000000
1900.000000
1918.000000
1930.000000
1906.000000
1876.000000
1864.000000
1728.000000
2024.000000
1846.000000
1946.000000
1896.000000
1858.000000
1870.000000
1886.000000
1888.000000
1882.000000
1876.000000
1892.000000
1872.000000
1884.000000
1894.000000
1894.000000
1896.000000
1880.000000
1898.000000
1886.000000
1896.000000
1884.000000
1884.000000
1890.000000
1892.000000
1894.000000
1888.000000
1878.000000
1876.000000
1896.000000
1882.000000
1872.000000
1884.000000
1892.000000
1880.000000
1882.000000
1886.000000
1892.000000
1886.000000
1880.000000
1878.000000
1890.000000
1888.000000
1894.000000
1886.000000
1884.000000
1878.000000
1874.000000
1880.000000
1902.000000
1898.000000
1900.000000
1888.000000
1886.000000
1890.000000
1888.000000
1884.000000
1878.000000
1882.000000
1882.000000
1882.000000
1880.000000
1882.000000
1898.000000
1902.000000
1886.000000
1880.000000
1892.000000
1882.000000
1884.000000
1890.000000
1882.000000
1884.000000
1884.000000
1890.000000
1888.000000
1882.000000
1890.000000
1892.000000
1888.000000
1890.000000
1886.000000
1884.000000
1868.000000
1876.000000
1882.000000
1884.000000
1880.000000
1890.000000
1892.000000
1882.000000
1894.000000
1890.000000
1882.000000
1890.000000
1892.000000
1874.000000
1888.000000
1888.000000
1896.000000
1890.000000
1876.000000
1886.000000
1894.000000
1912.000000
1890.000000
1886.000000
1896.000000
1882.000000
1906.000000
1886.000000
1882.000000
1894.000000
1882.000000
1886.000000
1888.000000
1876.000000
1886.000000
1894.000000
1890.000000
1876.000000
1880.000000
1896.000000
1894.000000
1884.000000
1878.000000
1888.000000
1890.000000
1868.000000
1886.000000
1892.000000
1878.000000
1890.000000
1888.000000
1882.000000
1890.000000
1890.000000
1890.000000
1884.000000
1886.000000
1894.000000
1900.000000
1900.000000
1880.000000
1884.000000
1900.000000
1900.000000
1884.000000
1880.000000
1874.000000
1880.000000
1878.000000
1870.000000
1886.000000
1886.000000
1884.000000
1894.000000
1900.000000
1894.000000
1872.000000
1882.000000
1904.000000
1888.000000
1894.000000
1888.000000
1886.000000
1882.000000
1900.000000
1888.000000
1884.000000
1886.000000
1874.000000
1884.000000
1894.000000
1892.000000
1872.000000
1860.000000
1896.000000
1898.000000
1940.000000
1958.000000
1892.000000
1892.000000
1866.000000
1896.000000
1936.000000
1944.000000
1950.000000
1924.000000
1856.000000
1860.000000
1908.000000
1950.000000
1902.000000
1886.000000
1886.000000
1888.000000
1934.000000
1908.000000
1896.000000
1896.000000
1908.000000
1910.000000
1920.000000
1892.000000
1900.000000
1896.000000
1906.000000
1912.000000
1902.000000
1902.000000
1904.000000
1898.000000
1910.000000
1902.000000
1912.000000
1906.000000
1910.000000
1902.000000
1898.000000
1882.000000
1908.000000
1912.000000
1956.000000
1912.000000
1816.000000
1812.000000
1864.000000
1904.000000
1904.000000
1906.000000
1872.000000
1880.000000
1888.000000
1886.000000
1898.000000
1892.000000
1892.000000
1868.000000
1882.000000
1882.000000
1904.000000
1884.000000
1880.000000
1868.000000
1882.000000
1898.000000
1890.000000
1894.000000
1878.000000
1882.000000
1890.000000
1896.000000
1890.000000
1882.000000
1878.000000
1890.000000
1884.000000
1890.000000
1880.000000
1866.000000
1880.000000
1890.000000
1884.000000
1900.000000
1886.000000
1886.000000
1876.000000
1882.000000
1890.000000
1882.000000
1876.000000
1876.000000
1890.000000
1888.000000
1870.000000
1880.000000
1886.000000
1876.000000
1888.000000
1884.000000
1890.000000
1882.000000
1880.000000
1890.000000
1884.000000
1880.000000
1892.000000
1894.000000
1888.000000
1892.000000
1878.000000
1874.000000
1890.000000
1892.000000
1880.000000
1882.000000
1892.000000
1878.000000
1872.000000
1888.000000
1874.000000
1884.000000
1882.000000
1884.000000
1870.000000
1888.000000
1890.000000
1874.000000
1880.000000
1886.000000
1880.000000
1868.000000
1886.000000
1892.000000
1882.000000
1890.000000
1868.000000
1874.000000
1882.000000
1876.000000
1886.000000
1886.000000
1884.000000
1882.000000
1890.000000
1884.000000
1886.000000
1884.000000
1888.000000
1894.000000
1880.000000
1886.000000
1886.000000
1894.000000
1870.000000
1880.000000
1876.000000
1906.000000
1896.000000
1888.000000
1890.000000
1898.000000
1882.000000
1880.000000
1878.000000
1886.000000
1894.000000
1888.000000
1886.000000
1888.000000
1892.000000
1876.000000
1892.000000
1898.000000
1900.000000
1906.000000
1890.000000
1884.000000
1892.000000
1884.000000
1892.000000
1888.000000
1904.000000
1898.000000
1884.000000
1886.000000
1890.000000
1880.000000
1890.000000
1876.000000
1878.000000
1886.000000
1892.000000
1882.000000
1894.000000
1890.000000
1882.000000
1896.000000
1886.000000
1884.000000
1892.000000
1904.000000
1884.000000
1890.000000
1884.000000
1880.000000
1878.000000
1880.000000
1892.000000
1886.000000
1872.000000
1878.000000
1884.000000
1896.000000
1898.000000
1878.000000
1890.000000
1882.000000
1882.000000
1876.000000
1896.000000
1874.000000
1882.000000
1874.000000
1888.000000
1892.000000
1882.000000
1876.000000
1880.000000
1882.000000
1900.000000
1906.000000
1890.000000
1888.000000
1878.000000
1886.000000
1890.000000
1882.000000
1884.000000
1892.000000
1894.000000
1890.000000
1896.000000
1882.000000
1896.000000
1880.000000
1892.000000
1876.000000
1892.000000
1890.000000
1888.000000
1902.000000
1884.000000
1886.000000
1880.000000
1888.000000
1888.000000
1874.000000
1884.000000
1880.000000
1886.000000
1900.000000
1868.000000
1884.000000
1888.000000
1888.000000
1880.000000
1882.000000
1880.000000
1884.000000
1886.000000
1890.000000
1892.000000
1884.000000
1874.000000
1878.000000
1874.000000
1886.000000
1878.000000
1878.000000
1862.000000
1880.000000
1880.000000
1918.000000
1954.000000
1938.000000
1914.000000
1874.000000
1894.000000
1904.000000
1880.000000
1858.000000
1936.000000
1910.000000
1936.000000
1994.000000
1932.000000
1942.000000
1912.000000
1902.000000
1954.000000
1978.000000
1988.000000
1900.000000
1900.000000
1912.000000
1894.000000
1886.000000
1958.000000
1956.000000
1910.000000
1910.000000
1910.000000
1922.000000
1918.000000
1928.000000
1910.000000
1916.000000
1912.000000
1914.000000
1898.000000
1908.000000
1920.000000
1930.000000
1902.000000
1908.000000
1912.000000
1924.000000
1938.000000
1928.000000
1908.000000
1912.000000
1900.000000
1918.000000
1908.000000
1908.000000
1912.000000
1910.000000
1926.000000
1902.000000
1912.000000
1914.000000
1918.000000
1910.000000
1916.000000
1926.000000
1906.000000
1904.000000
1910.000000
1922.000000
1928.000000
1918.000000
1902.000000
1894.000000
1908.000000
1914.000000
1918.000000
1914.000000
1908.000000
1926.000000
1912.000000
1912.000000
1926.000000
1932.000000
1880.000000
1890.000000
1930.000000
1954.000000
1928.000000
1900.000000
1888.000000
1892.000000
1918.000000
1918.000000
1894.000000
1910.000000
1872.000000
1884.000000
1904.000000
1944.000000
1890.000000
1876.000000
1920.000000
1928.000000
1916.000000
1940.000000
1918.000000
1908.000000
1918.000000
1904.000000
1908.000000
1890.000000
1920.000000
1942.000000
1934.000000
1926.000000
1914.000000
1898.000000
1892.000000
1914.000000
1920.000000
1926.000000
1928.000000
1904.000000
1872.000000
1868.000000
1894.000000
1916.000000
1886.000000
1888.000000
1886.000000
1880.000000
1918.000000
1900.000000
1940.000000
1932.000000
1916.000000
1880.000000
1860.000000
1844.000000
1900.000000
1908.000000
1886.000000
1876.000000
1910.000000
1908.000000
1910.000000
1882.000000
1910.000000
1896.000000
1876.000000
1888.000000
1854.000000
1846.000000
1882.000000
1940.000000
2010.000000
2024.000000
2002.000000
1886.000000
1818.000000
1786.000000
1846.000000
1918.000000
1974.000000
1970.000000
1862.000000
2044.000000
1944.000000
1874.000000
1966.000000
1894.000000
1886.000000
1890.000000
1890.000000
1906.000000
1924.000000
1910.000000
1894.000000
1904.000000
1928.000000
1930.000000
1924.000000
1932.000000
1874.000000
1862.000000
1824.000000
1860.000000
1934.000000
1938.000000
1896.000000
1868.000000
1892.000000
1898.000000
1914.000000
1904.000000
1892.000000
1896.000000
1890.000000
1886.000000
1894.000000
1904.000000
1912.000000
1896.000000
1892.000000
1896.000000
1878.000000
1876.000000
1908.000000
1908.000000
1922.000000
1880.000000
1880.000000
1890.000000
1916.000000
1920.000000
1890.000000
1870.000000
1876.000000
1868.000000
1896.000000
1894.000000
1864.000000
1872.000000
1928.000000
1928.000000
1922.000000
1888.000000
1816.000000
1830.000000
1864.000000
1916.000000
1934.000000
1946.000000
1870.000000
1824.000000
1908.000000
1908.000000
1940.000000
1924.000000
1858.000000
1856.000000
1862.000000
1908.000000
1908.000000
1884.000000
1862.000000
1874.000000
1900.000000
1906.000000
1892.000000
1896.000000
1906.000000
1896.000000
1888.000000
1886.000000
1894.000000
1878.000000
1878.000000
1888.000000
1880.000000
1870.000000
1882.000000
1874.000000
1892.000000
1892.000000
1894.000000
1902.000000
1898.000000
1874.000000
1866.000000
1900.000000
1902.000000
1908.000000
1856.000000
1878.000000
1872.000000
1904.000000
1876.000000
1888.000000
1906.000000
1894.000000
1884.000000
1880.000000
1886.000000
1878.000000
1898.000000
1902.000000
1884.000000
1858.000000
1880.000000
1890.000000
1904.000000
1898.000000
1866.000000
1848.000000
1892.000000
1912.000000
1908.000000
1878.000000
1846.000000
1858.000000
1890.000000
1904.000000
1886.000000
1878.000000
1870.000000
1868.000000
1884.000000
1900.000000
1900.000000
1892.000000
1874.000000
1884.000000
1896.000000
1884.000000
1876.000000
1896.000000
1886.000000
1888.000000
1876.000000
1868.000000
1894.000000
1904.000000
1886.000000
1892.000000
1892.000000
1894.000000
1876.000000
1874.000000
1892.000000
1908.000000
1882.000000
1894.000000
1892.000000
1922.000000
1894.000000
1910.000000
1890.000000
1890.000000
1880.000000
1892.000000
1886.000000
1888.000000
1898.000000
1906.000000
1880.000000
1884.000000
1886.000000
1898.000000
NaN
