0.000000
780.000000
788.000000
780.000000
786.000000
788.000000
776.000000
796.000000
782.000000
780.000000
792.000000
812.000000
808.000000
794.000000
798.000000
794.000000
784.000000
770.000000
790.000000
796.000000
796.000000
798.000000
776.000000
782.000000
782.000000
770.000000
794.000000
792.000000
810.000000
796.000000
770.000000
798.000000
782.000000
776.000000
784.000000
760.000000
790.000000
796.000000
790.000000
780.000000
784.000000
778.000000
782.000000
766.000000
790.000000
798.000000
800.000000
782.000000
798.000000
778.000000
782.000000
780.000000
782.000000
780.000000
794.000000
794.000000
780.000000
780.000000
788.000000
788.000000
790.000000
782.000000
782.000000
788.000000
778.000000
802.000000
794.000000
774.000000
796.000000
784.000000
768.000000
780.000000
792.000000
784.000000
776.000000
772.000000
768.000000
782.000000
826.000000
856.000000
764.000000
710.000000
732.000000
796.000000
802.000000
778.000000
774.000000
774.000000
790.000000
784.000000
830.000000
768.000000
742.000000
758.000000
802.000000
782.000000
778.000000
798.000000
810.000000
822.000000
772.000000
748.000000
716.000000
724.000000
790.000000
808.000000
826.000000
840.000000
790.000000
762.000000
732.000000
748.000000
784.000000
788.000000
798.000000
802.000000
774.000000
788.000000
760.000000
766.000000
772.000000
784.000000
796.000000
796.000000
790.000000
792.000000
774.000000
780.000000
780.000000
790.000000
786.000000
796.000000
774.000000
788.000000
778.000000
788.000000
764.000000
786.000000
746.000000
754.000000
764.000000
774.000000
786.000000
788.000000
794.000000
790.000000
776.000000
766.000000
748.000000
744.000000
772.000000
784.000000
790.000000
798.000000
790.000000
776.000000
778.000000
770.000000
710.000000
776.000000
780.000000
784.000000
794.000000
772.000000
760.000000
768.000000
778.000000
772.000000
792.000000
792.000000
774.000000
780.000000
814.000000
764.000000
780.000000
776.000000
780.000000
768.000000
780.000000
764.000000
792.000000
792.000000
778.000000
770.000000
772.000000
782.000000
770.000000
772.000000
786.000000
778.000000
822.000000
778.000000
758.000000
774.000000
774.000000
792.000000
786.000000
772.000000
744.000000
740.000000
784.000000
782.000000
792.000000
784.000000
772.000000
788.000000
772.000000
760.000000
776.000000
782.000000
778.000000
786.000000
826.000000
768.000000
766.000000
780.000000
780.000000
776.000000
752.000000
784.000000
768.000000
782.000000
830.000000
786.000000
760.000000
780.000000
768.000000
784.000000
780.000000
772.000000
772.000000
746.000000
776.000000
766.000000
792.000000
776.000000
720.000000
760.000000
774.000000
764.000000
766.000000
772.000000
772.000000
764.000000
780.000000
784.000000
778.000000
764.000000
756.000000
768.000000
766.000000
768.000000
774.000000
766.000000
784.000000
774.000000
768.000000
770.000000
786.000000
774.000000
780.000000
784.000000
760.000000
742.000000
778.000000
790.000000
790.000000
776.000000
744.000000
758.000000
742.000000
738.000000
776.000000
778.000000
770.000000
782.000000
776.000000
760.000000
756.000000
756.000000
788.000000
780.000000
784.000000
782.000000
818.000000
744.000000
704.000000
784.000000
758.000000
780.000000
786.000000
774.000000
758.000000
758.000000
762.000000
766.000000
770.000000
776.000000
790.000000
766.000000
766.000000
804.000000
714.000000
784.000000
770.000000
764.000000
746.000000
764.000000
778.000000
708.000000
778.000000
776.000000
780.000000
774.000000
784.000000
772.000000
770.000000
762.000000
792.000000
776.000000
774.000000
786.000000
754.000000
768.000000
704.000000
824.000000
790.000000
786.000000
772.000000
762.000000
760.000000
770.000000
754.000000
768.000000
764.000000
780.000000
830.000000
772.000000
754.000000
766.000000
780.000000
764.000000
760.000000
770.000000
782.000000
768.000000
740.000000
826.000000
770.000000
706.000000
764.000000
772.000000
768.000000
826.000000
768.000000
760.000000
758.000000
762.000000
780.000000
774.000000
782.000000
772.000000
784.000000
782.000000
772.000000
766.000000
756.000000
756.000000
714.000000
786.000000
802.000000
788.000000
754.000000
736.000000
728.000000
754.000000
780.000000
788.000000
786.000000
780.000000
760.000000
754.000000
756.000000
758.000000
704.000000
772.000000
722.000000
780.000000
770.000000
756.000000
756.000000
760.000000
706.000000
776.000000
772.000000
768.000000
762.000000
758.000000
738.000000
758.000000
820.000000
774.000000
778.000000
770.000000
780.000000
776.000000
782.000000
784.000000
784.000000
782.000000
794.000000
788.000000
776.000000
778.000000
782.000000
778.000000
768.000000
818.000000
776.000000
764.000000
770.000000
770.000000
776.000000
768.000000
788.000000
780.000000
774.000000
780.000000
766.000000
772.000000
774.000000
774.000000
780.000000
774.000000
744.000000
772.000000
774.000000
782.000000
772.000000
770.000000
750.000000
782.000000
772.000000
760.000000
756.000000
758.000000
772.000000
716.000000
766.000000
754.000000
764.000000
766.000000
760.000000
764.000000
780.000000
782.000000
744.000000
766.000000
744.000000
736.000000
786.000000
776.000000
712.000000
764.000000
738.000000
742.000000
770.000000
776.000000
776.000000
768.000000
772.000000
768.000000
754.000000
754.000000
764.000000
766.000000
730.000000
728.000000
762.000000
770.000000
744.000000
730.000000
756.000000
770.000000
708.000000
748.000000
762.000000
778.000000
762.000000
748.000000
760.000000
778.000000
712.000000
786.000000
830.000000
738.000000
770.000000
772.000000
744.000000
776.000000
708.000000
786.000000
794.000000
766.000000
766.000000
758.000000
748.000000
758.000000
730.000000
728.000000
772.000000
824.000000
736.000000
740.000000
720.000000
732.000000
762.000000
776.000000
788.000000
756.000000
758.000000
756.000000
756.000000
780.000000
770.000000
744.000000
744.000000
734.000000
760.000000
770.000000
760.000000
776.000000
780.000000
706.000000
752.000000
774.000000
754.000000
738.000000
750.000000
738.000000
778.000000
786.000000
766.000000
748.000000
762.000000
752.000000
772.000000
710.000000
772.000000
752.000000
742.000000
776.000000
704.000000
748.000000
750.000000
740.000000
752.000000
764.000000
756.000000
754.000000
742.000000
766.000000
738.000000
750.000000
770.000000
764.000000
796.000000
748.000000
830.000000
750.000000
736.000000
762.000000
812.000000
812.000000
784.000000
776.000000
720.000000
708.000000
706.000000
784.000000
754.000000
760.000000
742.000000
744.000000
772.000000
720.000000
782.000000
778.000000
754.000000
740.000000
734.000000
734.000000
1028.000000
958.000000
780.000000
756.000000
800.000000
776.000000
768.000000
776.000000
770.000000
782.000000
784.000000
782.000000
780.000000
766.000000
758.000000
786.000000
778.000000
780.000000
784.000000
778.000000
758.000000
776.000000
778.000000
774.000000
788.000000
822.000000
752.000000
766.000000
776.000000
774.000000
950.000000
698.000000
742.000000
808.000000
784.000000
782.000000
792.000000
776.000000
796.000000
774.000000
784.000000
778.000000
780.000000
780.000000
790.000000
784.000000
808.000000
784.000000
776.000000
790.000000
792.000000
790.000000
776.000000
790.000000
778.000000
792.000000
750.000000
766.000000
808.000000
808.000000
766.000000
762.000000
776.000000
722.000000
814.000000
774.000000
770.000000
788.000000
776.000000
804.000000
838.000000
820.000000
782.000000
772.000000
762.000000
776.000000
790.000000
794.000000
774.000000
786.000000
788.000000
788.000000
788.000000
778.000000
766.000000
770.000000
792.000000
812.000000
784.000000
808.000000
774.000000
772.000000
792.000000
792.000000
796.000000
778.000000
780.000000
800.000000
774.000000
776.000000
792.000000
794.000000
782.000000
786.000000
804.000000
806.000000
766.000000
770.000000
796.000000
826.000000
790.000000
782.000000
794.000000
776.000000
770.000000
774.000000
780.000000
786.000000
794.000000
790.000000
786.000000
786.000000
776.000000
782.000000
802.000000
806.000000
784.000000
792.000000
792.000000
798.000000
780.000000
770.000000
792.000000
780.000000
778.000000
786.000000
784.000000
800.000000
788.000000
774.000000
790.000000
768.000000
790.000000
778.000000
798.000000
784.000000
788.000000
790.000000
782.000000
798.000000
764.000000
810.000000
786.000000
778.000000
770.000000
760.000000
782.000000
784.000000
800.000000
808.000000
772.000000
768.000000
818.000000
770.000000
796.000000
800.000000
802.000000
780.000000
746.000000
756.000000
778.000000
816.000000
770.000000
772.000000
798.000000
800.000000
828.000000
746.000000
734.000000
764.000000
770.000000
760.000000
800.000000
806.000000
802.000000
778.000000
826.000000
768.000000
772.000000
774.000000
774.000000
776.000000
780.000000
788.000000
816.000000
786.000000
782.000000
790.000000
786.000000
792.000000
770.000000
782.000000
716.000000
756.000000
792.000000
804.000000
768.000000
790.000000
794.000000
804.000000
798.000000
768.000000
756.000000
756.000000
802.000000
804.000000
778.000000
800.000000
770.000000
726.000000
810.000000
852.000000
820.000000
804.000000
736.000000
750.000000
784.000000
788.000000
776.000000
772.000000
778.000000
782.000000
792.000000
800.000000
798.000000
764.000000
770.000000
774.000000
778.000000
788.000000
704.000000
704.000000
708.000000
758.000000
778.000000
774.000000
776.000000
780.000000
782.000000
778.000000
790.000000
780.000000
774.000000
766.000000
774.000000
778.000000
784.000000
792.000000
784.000000
782.000000
762.000000
734.000000
770.000000
788.000000
786.000000
812.000000
774.000000
766.000000
776.000000
772.000000
784.000000
776.000000
794.000000
800.000000
774.000000
772.000000
768.000000
784.000000
774.000000
768.000000
776.000000
768.000000
770.000000
770.000000
798.000000
784.000000
828.000000
822.000000
760.000000
768.000000
732.000000
734.000000
770.000000
808.000000
764.000000
716.000000
758.000000
766.000000
742.000000
760.000000
708.000000
776.000000
788.000000
768.000000
780.000000
768.000000
762.000000
768.000000
712.000000
776.000000
778.000000
778.000000
758.000000
776.000000
780.000000
790.000000
750.000000
762.000000
760.000000
788.000000
776.000000
772.000000
782.000000
788.000000
752.000000
704.000000
774.000000
766.000000
718.000000
746.000000
746.000000
760.000000
768.000000
772.000000
722.000000
764.000000
764.000000
784.000000
772.000000
752.000000
762.000000
776.000000
782.000000
810.000000
764.000000
778.000000
746.000000
790.000000
750.000000
784.000000
790.000000
782.000000
734.000000
746.000000
742.000000
750.000000
768.000000
778.000000
770.000000
750.000000
756.000000
776.000000
780.000000
786.000000
138.000000
1030.000000
532.000000
722.000000
802.000000
766.000000
792.000000
786.000000
798.000000
816.000000
826.000000
778.000000
820.000000
822.000000
842.000000
844.000000
792.000000
776.000000
804.000000
812.000000
814.000000
820.000000
812.000000
824.000000
784.000000
788.000000
776.000000
804.000000
828.000000
832.000000
820.000000
812.000000
812.000000
818.000000
812.000000
810.000000
786.000000
818.000000
806.000000
812.000000
806.000000
814.000000
822.000000
820.000000
822.000000
804.000000
800.000000
784.000000
790.000000
790.000000
816.000000
812.000000
834.000000
824.000000
806.000000
824.000000
786.000000
812.000000
814.000000
820.000000
800.000000
814.000000
822.000000
828.000000
832.000000
830.000000
816.000000
834.000000
822.000000
818.000000
816.000000
820.000000
810.000000
816.000000
832.000000
830.000000
814.000000
826.000000
808.000000
816.000000
796.000000
820.000000
810.000000
818.000000
838.000000
828.000000
832.000000
820.000000
822.000000
836.000000
822.000000
818.000000
832.000000
780.000000
798.000000
834.000000
810.000000
836.000000
830.000000
776.000000
818.000000
824.000000
806.000000
816.000000
856.000000
862.000000
852.000000
836.000000
822.000000
820.000000
824.000000
818.000000
804.000000
814.000000
810.000000
844.000000
828.000000
830.000000
894.000000
842.000000
830.000000
836.000000
838.000000
842.000000
844.000000
838.000000
834.000000
824.000000
836.000000
828.000000
846.000000
846.000000
832.000000
892.000000
848.000000
836.000000
846.000000
846.000000
836.000000
840.000000
846.000000
840.000000
856.000000
844.000000
776.000000
826.000000
820.000000
836.000000
826.000000
832.000000
834.000000
780.000000
836.000000
826.000000
836.000000
846.000000
848.000000
816.000000
818.000000
826.000000
828.000000
834.000000
826.000000
850.000000
836.000000
834.000000
834.000000
830.000000
822.000000
834.000000
838.000000
846.000000
852.000000
854.000000
824.000000
826.000000
858.000000
862.000000
864.000000
852.000000
820.000000
830.000000
870.000000
852.000000
830.000000
864.000000
846.000000
876.000000
846.000000
842.000000
836.000000
840.000000
844.000000
862.000000
844.000000
864.000000
840.000000
834.000000
846.000000
864.000000
864.000000
856.000000
872.000000
864.000000
834.000000
840.000000
842.000000
862.000000
854.000000
858.000000
858.000000
858.000000
862.000000
866.000000
834.000000
846.000000
880.000000
886.000000
816.000000
866.000000
834.000000
832.000000
818.000000
818.000000
838.000000
850.000000
884.000000
850.000000
870.000000
880.000000
818.000000
870.000000
828.000000
840.000000
774.000000
824.000000
854.000000
858.000000
830.000000
858.000000
802.000000
798.000000
846.000000
886.000000
870.000000
858.000000
838.000000
828.000000
844.000000
820.000000
846.000000
868.000000
830.000000
836.000000
850.000000
862.000000
846.000000
862.000000
850.000000
844.000000
846.000000
866.000000
834.000000
836.000000
872.000000
848.000000
864.000000
862.000000
828.000000
838.000000
878.000000
854.000000
842.000000
862.000000
834.000000
832.000000
874.000000
854.000000
872.000000
862.000000
870.000000
872.000000
872.000000
836.000000
876.000000
856.000000
838.000000
874.000000
860.000000
862.000000
866.000000
848.000000
856.000000
862.000000
874.000000
854.000000
884.000000
846.000000
844.000000
856.000000
854.000000
832.000000
868.000000
888.000000
884.000000
864.000000
880.000000
836.000000
854.000000
872.000000
868.000000
886.000000
882.000000
882.000000
900.000000
862.000000
868.000000
850.000000
848.000000
770.000000
874.000000
896.000000
894.000000
878.000000
840.000000
840.000000
840.000000
832.000000
868.000000
840.000000
870.000000
840.000000
872.000000
864.000000
868.000000
852.000000
854.000000
880.000000
870.000000
882.000000
854.000000
850.000000
858.000000
870.000000
872.000000
882.000000
866.000000
858.000000
886.000000
890.000000
924.000000
884.000000
604.000000
688.000000
760.000000
900.000000
870.000000
840.000000
834.000000
856.000000
886.000000
904.000000
888.000000
802.000000
816.000000
832.000000
506.000000
890.000000
836.000000
772.000000
892.000000
824.000000
828.000000
830.000000
790.000000
780.000000
814.000000
820.000000
814.000000
786.000000
810.000000
836.000000
862.000000
758.000000
806.000000
846.000000
860.000000
800.000000
774.000000
772.000000
818.000000
894.000000
824.000000
816.000000
804.000000
794.000000
810.000000
816.000000
832.000000
830.000000
820.000000
806.000000
814.000000
798.000000
806.000000
808.000000
832.000000
824.000000
768.000000
818.000000
828.000000
804.000000
792.000000
820.000000
810.000000
838.000000
788.000000
798.000000
812.000000
802.000000
802.000000
814.000000
802.000000
818.000000
812.000000
820.000000
804.000000
818.000000
814.000000
802.000000
812.000000
820.000000
808.000000
814.000000
830.000000
856.000000
804.000000
818.000000
802.000000
802.000000
814.000000
804.000000
812.000000
850.000000
840.000000
836.000000
828.000000
822.000000
796.000000
786.000000
796.000000
812.000000
768.000000
886.000000
852.000000
844.000000
796.000000
820.000000
798.000000
826.000000
822.000000
818.000000
828.000000
852.000000
828.000000
810.000000
806.000000
812.000000
836.000000
818.000000
830.000000
828.000000
796.000000
802.000000
824.000000
846.000000
836.000000
820.000000
804.000000
804.000000
824.000000
824.000000
768.000000
768.000000
838.000000
834.000000
824.000000
800.000000
796.000000
812.000000
824.000000
828.000000
854.000000
856.000000
842.000000
894.000000
804.000000
818.000000
808.000000
818.000000
814.000000
826.000000
818.000000
826.000000
814.000000
816.000000
768.000000
826.000000
824.000000
820.000000
826.000000
826.000000
818.000000
814.000000
814.000000
812.000000
816.000000
808.000000
778.000000
820.000000
812.000000
804.000000
804.000000
812.000000
820.000000
820.000000
808.000000
798.000000
814.000000
816.000000
826.000000
818.000000
814.000000
818.000000
826.000000
824.000000
820.000000
822.000000
888.000000
842.000000
830.000000
804.000000
814.000000
824.000000
844.000000
832.000000
882.000000
806.000000
802.000000
806.000000
826.000000
854.000000
822.000000
816.000000
808.000000
828.000000
808.000000
792.000000
816.000000
800.000000
826.000000
820.000000
802.000000
832.000000
804.000000
810.000000
794.000000
824.000000
846.000000
860.000000
848.000000
820.000000
786.000000
802.000000
810.000000
818.000000
838.000000
838.000000
844.000000
836.000000
816.000000
784.000000
816.000000
816.000000
820.000000
826.000000
804.000000
838.000000
824.000000
840.000000
830.000000
800.000000
794.000000
806.000000
806.000000
818.000000
832.000000
822.000000
814.000000
846.000000
828.000000
824.000000
816.000000
830.000000
840.000000
848.000000
844.000000
840.000000
828.000000
814.000000
818.000000
852.000000
836.000000
830.000000
814.000000
822.000000
858.000000
846.000000
840.000000
844.000000
796.000000
782.000000
798.000000
798.000000
856.000000
846.000000
872.000000
868.000000
802.000000
788.000000
808.000000
806.000000
840.000000
818.000000
820.000000
822.000000
824.000000
822.000000
816.000000
814.000000
840.000000
834.000000
834.000000
810.000000
830.000000
820.000000
776.000000
780.000000
856.000000
860.000000
824.000000
832.000000
824.000000
818.000000
810.000000
826.000000
886.000000
838.000000
826.000000
810.000000
804.000000
810.000000
830.000000
834.000000
824.000000
826.000000
822.000000
800.000000
806.000000
818.000000
804.000000
814.000000
834.000000
812.000000
832.000000
818.000000
814.000000
812.000000
808.000000
816.000000
816.000000
832.000000
820.000000
790.000000
794.000000
804.000000
812.000000
858.000000
830.000000
830.000000
814.000000
788.000000
816.000000
822.000000
832.000000
840.000000
830.000000
822.000000
816.000000
826.000000
812.000000
804.000000
798.000000
808.000000
772.000000
854.000000
856.000000
832.000000
812.000000
804.000000
818.000000
768.000000
814.000000
810.000000
844.000000
836.000000
802.000000
794.000000
784.000000
820.000000
812.000000
816.000000
808.000000
816.000000
830.000000
794.000000
816.000000
812.000000
830.000000
828.000000
824.000000
806.000000
800.000000
828.000000
818.000000
830.000000
822.000000
814.000000
826.000000
802.000000
818.000000
830.000000
832.000000
824.000000
822.000000
830.000000
804.000000
822.000000
798.000000
806.000000
826.000000
834.000000
828.000000
834.000000
818.000000
796.000000
822.000000
830.000000
822.000000
836.000000
828.000000
850.000000
768.000000
828.000000
822.000000
828.000000
834.000000
840.000000
832.000000
798.000000
814.000000
802.000000
834.000000
842.000000
820.000000
822.000000
824.000000
876.000000
818.000000
824.000000
848.000000
840.000000
836.000000
772.000000
822.000000
824.000000
826.000000
814.000000
820.000000
820.000000
818.000000
842.000000
822.000000
824.000000
848.000000
814.000000
824.000000
842.000000
840.000000
842.000000
824.000000
828.000000
882.000000
820.000000
842.000000
834.000000
830.000000
824.000000
824.000000
860.000000
840.000000
846.000000
890.000000
830.000000
826.000000
840.000000
780.000000
884.000000
828.000000
796.000000
840.000000
838.000000
838.000000
850.000000
828.000000
826.000000
830.000000
830.000000
894.000000
836.000000
814.000000
824.000000
848.000000
834.000000
816.000000
814.000000
836.000000
818.000000
864.000000
870.000000
870.000000
852.000000
808.000000
770.000000
808.000000
812.000000
818.000000
770.000000
858.000000
850.000000
854.000000
848.000000
782.000000
786.000000
808.000000
778.000000
888.000000
884.000000
858.000000
810.000000
796.000000
810.000000
832.000000
822.000000
778.000000
774.000000
812.000000
842.000000
596.000000
1030.000000
910.000000
804.000000
850.000000
892.000000
870.000000
860.000000
824.000000
830.000000
886.000000
806.000000
842.000000
822.000000
880.000000
898.000000
904.000000
890.000000
874.000000
858.000000
824.000000
840.000000
844.000000
872.000000
892.000000
910.000000
894.000000
862.000000
850.000000
848.000000
852.000000
872.000000
852.000000
878.000000
834.000000
840.000000
862.000000
896.000000
830.000000
800.000000
864.000000
878.000000
876.000000
862.000000
858.000000
848.000000
844.000000
838.000000
848.000000
878.000000
846.000000
854.000000
832.000000
854.000000
850.000000
854.000000
844.000000
852.000000
872.000000
842.000000
844.000000
832.000000
860.000000
862.000000
850.000000
858.000000
862.000000
840.000000
866.000000
872.000000
896.000000
892.000000
854.000000
862.000000
868.000000
876.000000
888.000000
950.000000
926.000000
874.000000
862.000000
842.000000
814.000000
822.000000
874.000000
838.000000
896.000000
916.000000
866.000000
872.000000
872.000000
866.000000
832.000000
850.000000
890.000000
908.000000
856.000000
854.000000
768.000000
838.000000
870.000000
870.000000
888.000000
886.000000
840.000000
862.000000
826.000000
890.000000
874.000000
862.000000
860.000000
848.000000
854.000000
844.000000
834.000000
880.000000
868.000000
856.000000
844.000000
836.000000
854.000000
852.000000
866.000000
858.000000
862.000000
842.000000
852.000000
846.000000
858.000000
862.000000
832.000000
850.000000
850.000000
856.000000
852.000000
846.000000
846.000000
856.000000
848.000000
860.000000
834.000000
854.000000
858.000000
874.000000
854.000000
848.000000
856.000000
862.000000
854.000000
846.000000
850.000000
860.000000
856.000000
850.000000
852.000000
870.000000
856.000000
854.000000
846.000000
848.000000
854.000000
870.000000
842.000000
864.000000
864.000000
872.000000
870.000000
844.000000
828.000000
842.000000
868.000000
858.000000
884.000000
864.000000
850.000000
854.000000
814.000000
824.000000
860.000000
870.000000
858.000000
856.000000
832.000000
894.000000
868.000000
874.000000
866.000000
876.000000
866.000000
878.000000
864.000000
844.000000
838.000000
840.000000
850.000000
866.000000
870.000000
878.000000
854.000000
868.000000
860.000000
854.000000
864.000000
820.000000
834.000000
834.000000
858.000000
838.000000
860.000000
870.000000
826.000000
848.000000
818.000000
880.000000
830.000000
838.000000
876.000000
872.000000
836.000000
864.000000
832.000000
838.000000
894.000000
866.000000
890.000000
840.000000
828.000000
854.000000
858.000000
860.000000
872.000000
844.000000
860.000000
860.000000
892.000000
870.000000
868.000000
870.000000
890.000000
868.000000
854.000000
854.000000
876.000000
872.000000
860.000000
852.000000
852.000000
834.000000
870.000000
856.000000
866.000000
874.000000
864.000000
876.000000
872.000000
876.000000
844.000000
850.000000
848.000000
858.000000
852.000000
868.000000
860.000000
860.000000
876.000000
860.000000
868.000000
870.000000
858.000000
838.000000
856.000000
852.000000
820.000000
816.000000
808.000000
852.000000
882.000000
874.000000
844.000000
840.000000
860.000000
888.000000
848.000000
856.000000
892.000000
840.000000
864.000000
856.000000
848.000000
846.000000
888.000000
824.000000
840.000000
844.000000
860.000000
872.000000
864.000000
862.000000
842.000000
812.000000
794.000000
814.000000
858.000000
884.000000
870.000000
872.000000
834.000000
848.000000
852.000000
848.000000
846.000000
892.000000
832.000000
834.000000
864.000000
878.000000
840.000000
836.000000
842.000000
824.000000
838.000000
844.000000
866.000000
866.000000
898.000000
882.000000
850.000000
806.000000
818.000000
822.000000
842.000000
850.000000
862.000000
860.000000
868.000000
866.000000
834.000000
828.000000
848.000000
832.000000
832.000000
826.000000
852.000000
864.000000
834.000000
814.000000
850.000000
856.000000
844.000000
832.000000
862.000000
882.000000
862.000000
858.000000
844.000000
818.000000
818.000000
840.000000
872.000000
892.000000
866.000000
872.000000
856.000000
850.000000
836.000000
832.000000
842.000000
848.000000
878.000000
882.000000
888.000000
844.000000
814.000000
830.000000
854.000000
858.000000
842.000000
836.000000
872.000000
876.000000
832.000000
844.000000
834.000000
844.000000
864.000000
868.000000
864.000000
820.000000
834.000000
848.000000
838.000000
852.000000
874.000000
866.000000
834.000000
826.000000
848.000000
850.000000
846.000000
856.000000
850.000000
840.000000
844.000000
832.000000
860.000000
864.000000
868.000000
858.000000
856.000000
838.000000
830.000000
858.000000
876.000000
856.000000
854.000000
818.000000
838.000000
820.000000
850.000000
852.000000
854.000000
846.000000
852.000000
864.000000
842.000000
854.000000
832.000000
854.000000
852.000000
848.000000
850.000000
872.000000
854.000000
844.000000
828.000000
846.000000
860.000000
860.000000
852.000000
844.000000
838.000000
834.000000
858.000000
842.000000
856.000000
840.000000
866.000000
844.000000
864.000000
860.000000
848.000000
834.000000
844.000000
850.000000
860.000000
858.000000
894.000000
880.000000
862.000000
850.000000
854.000000
862.000000
864.000000
886.000000
868.000000
876.000000
862.000000
848.000000
834.000000
862.000000
878.000000
872.000000
870.000000
868.000000
858.000000
842.000000
826.000000
838.000000
800.000000
946.000000
916.000000
958.000000
820.000000
808.000000
920.000000
864.000000
900.000000
874.000000
858.000000
934.000000
846.000000
846.000000
848.000000
836.000000
862.000000
878.000000
864.000000
876.000000
872.000000
860.000000
856.000000
850.000000
854.000000
844.000000
824.000000
894.000000
848.000000
846.000000
866.000000
886.000000
860.000000
858.000000
862.000000
868.000000
832.000000
840.000000
858.000000
864.000000
850.000000
862.000000
870.000000
884.000000
856.000000
836.000000
842.000000
862.000000
860.000000
818.000000
866.000000
892.000000
864.000000
864.000000
844.000000
832.000000
850.000000
864.000000
850.000000
858.000000
864.000000
852.000000
858.000000
860.000000
842.000000
848.000000
846.000000
850.000000
862.000000
842.000000
852.000000
878.000000
878.000000
854.000000
858.000000
848.000000
830.000000
768.000000
852.000000
848.000000
870.000000
880.000000
872.000000
876.000000
848.000000
868.000000
844.000000
834.000000
856.000000
864.000000
858.000000
866.000000
854.000000
848.000000
850.000000
856.000000
856.000000
848.000000
864.000000
854.000000
858.000000
846.000000
862.000000
870.000000
856.000000
852.000000
866.000000
864.000000
860.000000
820.000000
840.000000
824.000000
854.000000
862.000000
870.000000
836.000000
838.000000
816.000000
824.000000
810.000000
830.000000
854.000000
866.000000
882.000000
858.000000
844.000000
814.000000
826.000000
824.000000
888.000000
862.000000
870.000000
834.000000
840.000000
840.000000
846.000000
840.000000
832.000000
850.000000
856.000000
862.000000
840.000000
894.000000
846.000000
830.000000
828.000000
848.000000
868.000000
872.000000
856.000000
860.000000
858.000000
844.000000
832.000000
866.000000
870.000000
882.000000
862.000000
836.000000
840.000000
844.000000
878.000000
860.000000
854.000000
858.000000
862.000000
858.000000
846.000000
872.000000
856.000000
836.000000
842.000000
854.000000
844.000000
862.000000
870.000000
874.000000
862.000000
852.000000
844.000000
826.000000
836.000000
880.000000
880.000000
870.000000
868.000000
848.000000
894.000000
824.000000
848.000000
864.000000
868.000000
848.000000
842.000000
886.000000
880.000000
836.000000
822.000000
812.000000
802.000000
848.000000
844.000000
2652.000000
1136.000000
728.000000
756.000000
726.000000
734.000000
904.000000
806.000000
790.000000
764.000000
848.000000
838.000000
776.000000
788.000000
812.000000
768.000000
794.000000
820.000000
784.000000
810.000000
770.000000
760.000000
850.000000
758.000000
828.000000
850.000000
862.000000
768.000000
798.000000
810.000000
772.000000
784.000000
798.000000
750.000000
868.000000
868.000000
838.000000
830.000000
756.000000
812.000000
812.000000
766.000000
814.000000
842.000000
794.000000
836.000000
872.000000
770.000000
816.000000
782.000000
776.000000
790.000000
830.000000
846.000000
822.000000
802.000000
776.000000
782.000000
808.000000
784.000000
832.000000
832.000000
890.000000
824.000000
794.000000
794.000000
784.000000
794.000000
816.000000
822.000000
822.000000
818.000000
802.000000
812.000000
808.000000
812.000000
794.000000
810.000000
802.000000
794.000000
800.000000
806.000000
806.000000
816.000000
786.000000
744.000000
804.000000
968.000000
818.000000
766.000000
756.000000
668.000000
816.000000
820.000000
878.000000
860.000000
846.000000
868.000000
840.000000
816.000000
754.000000
716.000000
752.000000
768.000000
852.000000
844.000000
790.000000
802.000000
746.000000
792.000000
894.000000
860.000000
772.000000
758.000000
806.000000
852.000000
828.000000
822.000000
842.000000
788.000000
882.000000
830.000000
804.000000
722.000000
772.000000
802.000000
824.000000
852.000000
820.000000
834.000000
806.000000
798.000000
772.000000
792.000000
790.000000
776.000000
798.000000
804.000000
814.000000
838.000000
806.000000
790.000000
810.000000
796.000000
794.000000
802.000000
822.000000
800.000000
808.000000
802.000000
772.000000
792.000000
818.000000
808.000000
804.000000
814.000000
798.000000
788.000000
786.000000
788.000000
814.000000
810.000000
792.000000
768.000000
818.000000
804.000000
818.000000
796.000000
778.000000
774.000000
800.000000
814.000000
820.000000
814.000000
798.000000
822.000000
806.000000
812.000000
814.000000
806.000000
820.000000
814.000000
810.000000
816.000000
802.000000
808.000000
810.000000
788.000000
830.000000
822.000000
824.000000
826.000000
822.000000
814.000000
822.000000
824.000000
796.000000
788.000000
806.000000
820.000000
830.000000
836.000000
828.000000
820.000000
796.000000
800.000000
816.000000
828.000000
826.000000
812.000000
826.000000
788.000000
884.000000
788.000000
792.000000
812.000000
824.000000
894.000000
826.000000
816.000000
814.000000
814.000000
794.000000
808.000000
792.000000
812.000000
812.000000
806.000000
820.000000
828.000000
814.000000
774.000000
812.000000
818.000000
812.000000
822.000000
818.000000
810.000000
812.000000
802.000000
802.000000
802.000000
886.000000
830.000000
812.000000
812.000000
816.000000
818.000000
818.000000
822.000000
814.000000
826.000000
816.000000
814.000000
752.000000
882.000000
874.000000
834.000000
784.000000
748.000000
764.000000
802.000000
880.000000
870.000000
790.000000
770.000000
780.000000
794.000000
768.000000
838.000000
844.000000
854.000000
800.000000
786.000000
786.000000
800.000000
836.000000
834.000000
838.000000
810.000000
796.000000
788.000000
802.000000
814.000000
822.000000
826.000000
820.000000
806.000000
810.000000
806.000000
818.000000
818.000000
812.000000
810.000000
802.000000
804.000000
812.000000
818.000000
802.000000
810.000000
888.000000
824.000000
818.000000
810.000000
820.000000
806.000000
822.000000
812.000000
886.000000
776.000000
818.000000
832.000000
800.000000
802.000000
814.000000
814.000000
826.000000
836.000000
824.000000
814.000000
798.000000
810.000000
818.000000
844.000000
834.000000
802.000000
796.000000
782.000000
832.000000
890.000000
866.000000
846.000000
812.000000
828.000000
804.000000
780.000000
784.000000
776.000000
796.000000
770.000000
852.000000
850.000000
840.000000
834.000000
814.000000
788.000000
792.000000
810.000000
820.000000
814.000000
894.000000
828.000000
818.000000
810.000000
800.000000
802.000000
810.000000
832.000000
830.000000
784.000000
818.000000
816.000000
814.000000
820.000000
802.000000
818.000000
820.000000
772.000000
820.000000
822.000000
826.000000
814.000000
828.000000
814.000000
810.000000
808.000000
810.000000
812.000000
820.000000
816.000000
848.000000
838.000000
812.000000
824.000000
812.000000
814.000000
814.000000
826.000000
828.000000
828.000000
774.000000
830.000000
858.000000
882.000000
864.000000
800.000000
772.000000
776.000000
826.000000
832.000000
812.000000
818.000000
812.000000
806.000000
834.000000
840.000000
770.000000
796.000000
818.000000
828.000000
816.000000
816.000000
820.000000
808.000000
786.000000
848.000000
888.000000
842.000000
822.000000
810.000000
826.000000
816.000000
812.000000
812.000000
796.000000
778.000000
828.000000
852.000000
856.000000
826.000000
814.000000
800.000000
786.000000
784.000000
828.000000
828.000000
814.000000
810.000000
790.000000
832.000000
824.000000
798.000000
824.000000
826.000000
814.000000
808.000000
814.000000
808.000000
832.000000
844.000000
812.000000
816.000000
830.000000
830.000000
788.000000
804.000000
838.000000
852.000000
836.000000
814.000000
812.000000
826.000000
796.000000
814.000000
826.000000
822.000000
818.000000
824.000000
836.000000
812.000000
816.000000
812.000000
822.000000
832.000000
824.000000
818.000000
816.000000
824.000000
812.000000
824.000000
816.000000
818.000000
810.000000
816.000000
824.000000
820.000000
812.000000
816.000000
820.000000
812.000000
826.000000
820.000000
822.000000
804.000000
806.000000
814.000000
828.000000
826.000000
822.000000
812.000000
824.000000
768.000000
820.000000
820.000000
820.000000
832.000000
824.000000
818.000000
816.000000
818.000000
832.000000
824.000000
816.000000
818.000000
816.000000
814.000000
816.000000
818.000000
818.000000
824.000000
824.000000
812.000000
810.000000
816.000000
812.000000
816.000000
824.000000
796.000000
822.000000
840.000000
818.000000
810.000000
892.000000
822.000000
806.000000
784.000000
822.000000
826.000000
816.000000
818.000000
816.000000
818.000000
820.000000
824.000000
824.000000
820.000000
812.000000
838.000000
822.000000
826.000000
818.000000
824.000000
808.000000
824.000000
804.000000
814.000000
820.000000
820.000000
826.000000
822.000000
814.000000
792.000000
806.000000
808.000000
822.000000
822.000000
816.000000
822.000000
820.000000
802.000000
822.000000
830.000000
820.000000
816.000000
812.000000
814.000000
820.000000
824.000000
818.000000
832.000000
820.000000
818.000000
806.000000
812.000000
824.000000
768.000000
814.000000
826.000000
818.000000
822.000000
818.000000
822.000000
812.000000
816.000000
826.000000
816.000000
834.000000
830.000000
826.000000
822.000000
788.000000
802.000000
810.000000
830.000000
830.000000
824.000000
824.000000
816.000000
800.000000
816.000000
804.000000
818.000000
818.000000
812.000000
828.000000
826.000000
824.000000
828.000000
798.000000
812.000000
810.000000
824.000000
816.000000
832.000000
820.000000
808.000000
810.000000
820.000000
830.000000
834.000000
816.000000
822.000000
816.000000
822.000000
812.000000
816.000000
814.000000
820.000000
822.000000
820.000000
812.000000
814.000000
806.000000
814.000000
830.000000
824.000000
810.000000
820.000000
816.000000
808.000000
814.000000
814.000000
822.000000
830.000000
832.000000
820.000000
800.000000
788.000000
798.000000
842.000000
856.000000
850.000000
790.000000
806.000000
804.000000
802.000000
822.000000
888.000000
816.000000
840.000000
770.000000
828.000000
812.000000
826.000000
812.000000
834.000000
772.000000
812.000000
816.000000
812.000000
824.000000
828.000000
828.000000
812.000000
818.000000
818.000000
824.000000
824.000000
834.000000
832.000000
838.000000
830.000000
812.000000
826.000000
856.000000
832.000000
816.000000
826.000000
804.000000
804.000000
820.000000
822.000000
832.000000
836.000000
804.000000
786.000000
806.000000
804.000000
826.000000
820.000000
768.000000
818.000000
820.000000
802.000000
812.000000
818.000000
814.000000
824.000000
770.000000
770.000000
808.000000
838.000000
822.000000
808.000000
828.000000
846.000000
768.000000
778.000000
834.000000
816.000000
806.000000
840.000000
828.000000
830.000000
816.000000
826.000000
828.000000
832.000000
816.000000
832.000000
834.000000
820.000000
818.000000
816.000000
814.000000
816.000000
826.000000
818.000000
822.000000
828.000000
820.000000
814.000000
822.000000
818.000000
812.000000
822.000000
826.000000
822.000000
822.000000
824.000000
818.000000
820.000000
814.000000
804.000000
840.000000
770.000000
822.000000
826.000000
816.000000
824.000000
816.000000
816.000000
828.000000
824.000000
828.000000
822.000000
814.000000
812.000000
820.000000
808.000000
826.000000
768.000000
824.000000
820.000000
894.000000
834.000000
830.000000
770.000000
798.000000
808.000000
826.000000
824.000000
826.000000
814.000000
796.000000
812.000000
814.000000
814.000000
850.000000
828.000000
822.000000
814.000000
812.000000
806.000000
816.000000
832.000000
812.000000
830.000000
824.000000
844.000000
842.000000
838.000000
796.000000
788.000000
788.000000
806.000000
836.000000
850.000000
846.000000
886.000000
812.000000
820.000000
790.000000
808.000000
838.000000
858.000000
850.000000
822.000000
784.000000
804.000000
822.000000
838.000000
798.000000
790.000000
812.000000
828.000000
850.000000
858.000000
854.000000
780.000000
802.000000
796.000000
814.000000
816.000000
816.000000
818.000000
826.000000
808.000000
824.000000
800.000000
810.000000
806.000000
832.000000
820.000000
812.000000
818.000000
804.000000
800.000000
812.000000
808.000000
810.000000
804.000000
812.000000
816.000000
834.000000
820.000000
792.000000
818.000000
810.000000
818.000000
816.000000
802.000000
814.000000
814.000000
806.000000
772.000000
794.000000
810.000000
816.000000
818.000000
890.000000
820.000000
812.000000
816.000000
806.000000
802.000000
808.000000
814.000000
820.000000
810.000000
810.000000
816.000000
826.000000
814.000000
830.000000
806.000000
828.000000
838.000000
806.000000
816.000000
800.000000
806.000000
804.000000
830.000000
842.000000
834.000000
802.000000
794.000000
788.000000
796.000000
806.000000
826.000000
818.000000
770.000000
808.000000
802.000000
804.000000
806.000000
824.000000
810.000000
822.000000
812.000000
826.000000
822.000000
802.000000
800.000000
808.000000
818.000000
816.000000
808.000000
798.000000
808.000000
822.000000
822.000000
824.000000
824.000000
814.000000
806.000000
804.000000
828.000000
818.000000
824.000000
826.000000
822.000000
794.000000
794.000000
806.000000
812.000000
804.000000
818.000000
804.000000
824.000000
770.000000
814.000000
780.000000
804.000000
810.000000
812.000000
820.000000
820.000000
786.000000
800.000000
804.000000
798.000000
828.000000
832.000000
814.000000
822.000000
784.000000
796.000000
798.000000
820.000000
876.000000
806.000000
814.000000
812.000000
812.000000
810.000000
818.000000
834.000000
802.000000
798.000000
808.000000
808.000000
812.000000
810.000000
798.000000
808.000000
816.000000
814.000000
808.000000
812.000000
812.000000
806.000000
816.000000
798.000000
814.000000
816.000000
818.000000
820.000000
814.000000
818.000000
782.000000
798.000000
802.000000
798.000000
832.000000
808.000000
804.000000
812.000000
780.000000
802.000000
1048.000000
1090.000000
726.000000
814.000000
828.000000
800.000000
818.000000
816.000000
834.000000
826.000000
836.000000
812.000000
806.000000
812.000000
810.000000
824.000000
832.000000
838.000000
832.000000
824.000000
812.000000
826.000000
834.000000
816.000000
838.000000
838.000000
834.000000
832.000000
824.000000
832.000000
834.000000
824.000000
824.000000
828.000000
852.000000
818.000000
836.000000
826.000000
832.000000
844.000000
824.000000
828.000000
830.000000
842.000000
832.000000
820.000000
816.000000
828.000000
844.000000
840.000000
890.000000
830.000000
836.000000
840.000000
848.000000
830.000000
838.000000
836.000000
834.000000
880.000000
822.000000
818.000000
824.000000
832.000000
850.000000
844.000000
842.000000
832.000000
828.000000
818.000000
820.000000
840.000000
856.000000
836.000000
848.000000
840.000000
830.000000
818.000000
834.000000
868.000000
774.000000
818.000000
836.000000
840.000000
854.000000
848.000000
850.000000
842.000000
860.000000
860.000000
776.000000
854.000000
838.000000
852.000000
866.000000
854.000000
840.000000
836.000000
832.000000
820.000000
836.000000
838.000000
858.000000
870.000000
850.000000
858.000000
850.000000
852.000000
832.000000
812.000000
844.000000
862.000000
856.000000
836.000000
832.000000
892.000000
826.000000
842.000000
814.000000
832.000000
872.000000
848.000000
856.000000
852.000000
832.000000
836.000000
830.000000
832.000000
832.000000
856.000000
850.000000
892.000000
890.000000
860.000000
846.000000
838.000000
842.000000
838.000000
864.000000
854.000000
854.000000
854.000000
818.000000
864.000000
846.000000
856.000000
852.000000
818.000000
884.000000
868.000000
856.000000
830.000000
842.000000
778.000000
848.000000
862.000000
858.000000
862.000000
840.000000
876.000000
826.000000
832.000000
836.000000
868.000000
876.000000
838.000000
834.000000
834.000000
846.000000
856.000000
868.000000
886.000000
858.000000
854.000000
856.000000
842.000000
860.000000
868.000000
868.000000
864.000000
854.000000
838.000000
862.000000
848.000000
860.000000
866.000000
850.000000
846.000000
852.000000
870.000000
862.000000
832.000000
848.000000
894.000000
848.000000
860.000000
856.000000
880.000000
866.000000
840.000000
850.000000
844.000000
860.000000
852.000000
862.000000
854.000000
856.000000
842.000000
856.000000
852.000000
870.000000
862.000000
836.000000
838.000000
842.000000
860.000000
842.000000
860.000000
834.000000
852.000000
866.000000
880.000000
862.000000
852.000000
844.000000
840.000000
852.000000
862.000000
862.000000
848.000000
856.000000
860.000000
860.000000
850.000000
852.000000
858.000000
860.000000
860.000000
854.000000
868.000000
858.000000
858.000000
846.000000
860.000000
838.000000
850.000000
858.000000
878.000000
878.000000
868.000000
864.000000
846.000000
850.000000
836.000000
852.000000
850.000000
856.000000
858.000000
846.000000
856.000000
856.000000
852.000000
858.000000
874.000000
842.000000
860.000000
860.000000
858.000000
854.000000
836.000000
858.000000
852.000000
850.000000
866.000000
860.000000
856.000000
862.000000
868.000000
864.000000
846.000000
858.000000
866.000000
856.000000
856.000000
854.000000
870.000000
856.000000
838.000000
866.000000
858.000000
864.000000
856.000000
872.000000
878.000000
840.000000
872.000000
866.000000
862.000000
868.000000
874.000000
842.000000
856.000000
866.000000
866.000000
868.000000
852.000000
846.000000
840.000000
860.000000
868.000000
852.000000
844.000000
846.000000
834.000000
856.000000
848.000000
872.000000
878.000000
868.000000
850.000000
836.000000
850.000000
858.000000
864.000000
866.000000
852.000000
850.000000
864.000000
864.000000
876.000000
850.000000
890.000000
874.000000
842.000000
856.000000
832.000000
850.000000
882.000000
898.000000
882.000000
870.000000
848.000000
842.000000
850.000000
856.000000
882.000000
856.000000
866.000000
872.000000
866.000000
860.000000
882.000000
872.000000
868.000000
880.000000
866.000000
858.000000
880.000000
866.000000
864.000000
862.000000
884.000000
852.000000
854.000000
860.000000
866.000000
870.000000
864.000000
866.000000
854.000000
844.000000
878.000000
850.000000
872.000000
854.000000
856.000000
860.000000
864.000000
862.000000
846.000000
858.000000
860.000000
866.000000
866.000000
868.000000
876.000000
860.000000
872.000000
856.000000
872.000000
864.000000
862.000000
892.000000
868.000000
844.000000
856.000000
870.000000
894.000000
898.000000
874.000000
866.000000
858.000000
846.000000
870.000000
880.000000
894.000000
884.000000
878.000000
852.000000
836.000000
862.000000
872.000000
888.000000
882.000000
864.000000
872.000000
876.000000
872.000000
876.000000
866.000000
866.000000
870.000000
872.000000
858.000000
852.000000
858.000000
878.000000
872.000000
870.000000
878.000000
848.000000
866.000000
866.000000
872.000000
868.000000
848.000000
874.000000
876.000000
874.000000
860.000000
868.000000
868.000000
868.000000
860.000000
850.000000
844.000000
876.000000
886.000000
834.000000
888.000000
870.000000
850.000000
890.000000
840.000000
848.000000
910.000000
880.000000
864.000000
850.000000
852.000000
872.000000
860.000000
854.000000
870.000000
868.000000
868.000000
868.000000
866.000000
870.000000
858.000000
874.000000
880.000000
864.000000
864.000000
864.000000
866.000000
864.000000
866.000000
868.000000
844.000000
866.000000
866.000000
862.000000
892.000000
872.000000
870.000000
876.000000
854.000000
844.000000
848.000000
856.000000
858.000000
874.000000
876.000000
864.000000
870.000000
864.000000
856.000000
870.000000
860.000000
888.000000
876.000000
872.000000
854.000000
864.000000
854.000000
862.000000
856.000000
864.000000
870.000000
874.000000
864.000000
868.000000
844.000000
858.000000
856.000000
878.000000
892.000000
894.000000
888.000000
874.000000
876.000000
860.000000
856.000000
870.000000
882.000000
878.000000
888.000000
862.000000
842.000000
858.000000
860.000000
874.000000
884.000000
880.000000
886.000000
878.000000
882.000000
876.000000
884.000000
858.000000
868.000000
896.000000
892.000000
876.000000
872.000000
868.000000
866.000000
860.000000
852.000000
854.000000
880.000000
846.000000
862.000000
870.000000
874.000000
876.000000
866.000000
876.000000
848.000000
868.000000
852.000000
864.000000
862.000000
868.000000
886.000000
858.000000
874.000000
858.000000
844.000000
872.000000
860.000000
888.000000
872.000000
844.000000
852.000000
926.000000
890.000000
896.000000
796.000000
846.000000
876.000000
864.000000
842.000000
900.000000
908.000000
878.000000
882.000000
884.000000
896.000000
870.000000
852.000000
886.000000
876.000000
894.000000
864.000000
886.000000
884.000000
858.000000
870.000000
866.000000
878.000000
856.000000
872.000000
872.000000
886.000000
868.000000
894.000000
874.000000
862.000000
878.000000
872.000000
874.000000
866.000000
866.000000
858.000000
854.000000
850.000000
858.000000
866.000000
864.000000
866.000000
856.000000
858.000000
866.000000
860.000000
864.000000
864.000000
878.000000
888.000000
870.000000
872.000000
848.000000
874.000000
866.000000
856.000000
870.000000
870.000000
854.000000
870.000000
870.000000
874.000000
870.000000
864.000000
886.000000
882.000000
864.000000
904.000000
880.000000
882.000000
876.000000
868.000000
872.000000
944.000000
886.000000
872.000000
860.000000
852.000000
864.000000
880.000000
866.000000
874.000000
876.000000
872.000000
870.000000
878.000000
874.000000
872.000000
874.000000
864.000000
862.000000
872.000000
862.000000
882.000000
886.000000
868.000000
880.000000
876.000000
872.000000
866.000000
864.000000
866.000000
872.000000
884.000000
874.000000
872.000000
872.000000
860.000000
862.000000
864.000000
868.000000
876.000000
860.000000
856.000000
864.000000
858.000000
870.000000
876.000000
892.000000
878.000000
878.000000
872.000000
870.000000
868.000000
856.000000
868.000000
870.000000
882.000000
878.000000
882.000000
872.000000
852.000000
876.000000
886.000000
882.000000
884.000000
870.000000
866.000000
852.000000
864.000000
876.000000
892.000000
882.000000
862.000000
864.000000
890.000000
872.000000
856.000000
938.000000
888.000000
894.000000
850.000000
866.000000
888.000000
886.000000
868.000000
866.000000
856.000000
858.000000
874.000000
880.000000
880.000000
876.000000
858.000000
878.000000
868.000000
870.000000
876.000000
888.000000
882.000000
866.000000
858.000000
858.000000
868.000000
888.000000
878.000000
866.000000
868.000000
862.000000
892.000000
882.000000
888.000000
894.000000
876.000000
874.000000
856.000000
862.000000
870.000000
888.000000
874.000000
876.000000
856.000000
850.000000
858.000000
840.000000
860.000000
878.000000
884.000000
894.000000
880.000000
862.000000
852.000000
860.000000
868.000000
856.000000
874.000000
882.000000
868.000000
876.000000
868.000000
872.000000
870.000000
872.000000
876.000000
866.000000
872.000000
872.000000
882.000000
878.000000
872.000000
876.000000
884.000000
888.000000
880.000000
874.000000
870.000000
864.000000
870.000000
876.000000
882.000000
894.000000
874.000000
868.000000
854.000000
886.000000
868.000000
860.000000
868.000000
878.000000
876.000000
874.000000
878.000000
874.000000
880.000000
872.000000
872.000000
886.000000
874.000000
878.000000
884.000000
874.000000
884.000000
896.000000
856.000000
862.000000
878.000000
874.000000
876.000000
872.000000
874.000000
868.000000
864.000000
872.000000
948.000000
878.000000
856.000000
872.000000
888.000000
898.000000
944.000000
888.000000
900.000000
850.000000
864.000000
880.000000
898.000000
888.000000
882.000000
868.000000
878.000000
868.000000
888.000000
872.000000
888.000000
884.000000
870.000000
888.000000
864.000000
884.000000
876.000000
872.000000
880.000000
872.000000
862.000000
872.000000
876.000000
876.000000
874.000000
872.000000
888.000000
876.000000
878.000000
862.000000
888.000000
876.000000
880.000000
882.000000
870.000000
884.000000
880.000000
878.000000
872.000000
870.000000
886.000000
890.000000
882.000000
862.000000
872.000000
872.000000
884.000000
884.000000
892.000000
876.000000
888.000000
882.000000
892.000000
870.000000
876.000000
880.000000
870.000000
888.000000
874.000000
870.000000
868.000000
858.000000
892.000000
886.000000
878.000000
878.000000
888.000000
870.000000
864.000000
870.000000
860.000000
868.000000
860.000000
886.000000
868.000000
854.000000
860.000000
872.000000
880.000000
888.000000
952.000000
896.000000
884.000000
852.000000
868.000000
872.000000
874.000000
878.000000
864.000000
860.000000
880.000000
876.000000
874.000000
900.000000
882.000000
896.000000
862.000000
874.000000
864.000000
878.000000
880.000000
880.000000
864.000000
886.000000
876.000000
878.000000
902.000000
874.000000
862.000000
876.000000
868.000000
894.000000
868.000000
884.000000
894.000000
850.000000
884.000000
874.000000
868.000000
886.000000
888.000000
884.000000
874.000000
858.000000
850.000000
868.000000
872.000000
888.000000
878.000000
862.000000
852.000000
892.000000
878.000000
876.000000
888.000000
880.000000
870.000000
856.000000
864.000000
874.000000
892.000000
862.000000
868.000000
866.000000
862.000000
880.000000
876.000000
876.000000
890.000000
874.000000
874.000000
884.000000
878.000000
958.000000
872.000000
876.000000
864.000000
868.000000
860.000000
872.000000
876.000000
884.000000
890.000000
874.000000
870.000000
886.000000
868.000000
876.000000
894.000000
854.000000
842.000000
890.000000
896.000000
882.000000
884.000000
882.000000
878.000000
858.000000
870.000000
884.000000
868.000000
850.000000
864.000000
878.000000
876.000000
882.000000
854.000000
874.000000
850.000000
852.000000
862.000000
872.000000
874.000000
880.000000
878.000000
864.000000
862.000000
874.000000
868.000000
888.000000
868.000000
874.000000
858.000000
882.000000
884.000000
860.000000
882.000000
870.000000
870.000000
886.000000
880.000000
866.000000
870.000000
892.000000
892.000000
874.000000
872.000000
866.000000
876.000000
886.000000
874.000000
900.000000
870.000000
870.000000
864.000000
872.000000
904.000000
862.000000
866.000000
892.000000
874.000000
882.000000
880.000000
894.000000
880.000000
886.000000
870.000000
880.000000
888.000000
864.000000
894.000000
880.000000
884.000000
904.000000
900.000000
892.000000
866.000000
868.000000
860.000000
872.000000
870.000000
900.000000
908.000000
888.000000
876.000000
856.000000
860.000000
856.000000
862.000000
868.000000
886.000000
870.000000
892.000000
866.000000
880.000000
854.000000
868.000000
886.000000
868.000000
876.000000
878.000000
870.000000
894.000000
888.000000
888.000000
894.000000
886.000000
876.000000
892.000000
874.000000
868.000000
878.000000
890.000000
956.000000
900.000000
870.000000
894.000000
884.000000
886.000000
900.000000
874.000000
894.000000
904.000000
888.000000
892.000000
886.000000
882.000000
874.000000
832.000000
884.000000
888.000000
896.000000
894.000000
838.000000
886.000000
832.000000
880.000000
898.000000
880.000000
888.000000
838.000000
890.000000
884.000000
878.000000
882.000000
878.000000
876.000000
886.000000
892.000000
890.000000
872.000000
878.000000
870.000000
892.000000
880.000000
894.000000
890.000000
882.000000
864.000000
880.000000
860.000000
890.000000
906.000000
880.000000
836.000000
886.000000
908.000000
888.000000
886.000000
898.000000
892.000000
868.000000
886.000000
894.000000
902.000000
880.000000
904.000000
894.000000
890.000000
832.000000
834.000000
858.000000
860.000000
876.000000
886.000000
882.000000
892.000000
934.000000
892.000000
890.000000
890.000000
890.000000
882.000000
884.000000
892.000000
878.000000
874.000000
892.000000
874.000000
872.000000
880.000000
894.000000
892.000000
874.000000
894.000000
882.000000
894.000000
868.000000
894.000000
896.000000
892.000000
888.000000
858.000000
874.000000
882.000000
892.000000
876.000000
878.000000
894.000000
888.000000
880.000000
862.000000
882.000000
872.000000
872.000000
864.000000
888.000000
906.000000
914.000000
878.000000
870.000000
870.000000
870.000000
876.000000
890.000000
906.000000
888.000000
944.000000
888.000000
896.000000
868.000000
872.000000
866.000000
868.000000
890.000000
836.000000
876.000000
862.000000
884.000000
904.000000
906.000000
958.000000
880.000000
864.000000
856.000000
866.000000
890.000000
926.000000
902.000000
956.000000
882.000000
880.000000
868.000000
884.000000
872.000000
888.000000
872.000000
884.000000
884.000000
864.000000
896.000000
872.000000
878.000000
866.000000
882.000000
840.000000
896.000000
876.000000
868.000000
882.000000
864.000000
880.000000
872.000000
898.000000
878.000000
894.000000
912.000000
876.000000
874.000000
884.000000
878.000000
874.000000
882.000000
884.000000
876.000000
896.000000
908.000000
878.000000
896.000000
864.000000
866.000000
874.000000
888.000000
886.000000
886.000000
908.000000
928.000000
892.000000
870.000000
850.000000
868.000000
892.000000
914.000000
956.000000
894.000000
940.000000
858.000000
904.000000
886.000000
882.000000
894.000000
880.000000
940.000000
882.000000
906.000000
832.000000
870.000000
872.000000
864.000000
880.000000
892.000000
908.000000
910.000000
916.000000
936.000000
852.000000
854.000000
790.000000
792.000000
1020.000000
900.000000
818.000000
856.000000
878.000000
868.000000
1082.000000
790.000000
882.000000
820.000000
812.000000
792.000000
858.000000
838.000000
842.000000
842.000000
802.000000
846.000000
836.000000
908.000000
862.000000
844.000000
868.000000
828.000000
776.000000
840.000000
868.000000
920.000000
936.000000
844.000000
792.000000
796.000000
810.000000
876.000000
882.000000
892.000000
896.000000
936.000000
774.000000
768.000000
806.000000
812.000000
818.000000
804.000000
830.000000
838.000000
844.000000
794.000000
812.000000
818.000000
764.000000
770.000000
764.000000
776.000000
814.000000
814.000000
818.000000
796.000000
800.000000
782.000000
816.000000
830.000000
800.000000
806.000000
802.000000
786.000000
768.000000
764.000000
786.000000
818.000000
834.000000
830.000000
776.000000
780.000000
790.000000
796.000000
820.000000
818.000000
804.000000
816.000000
826.000000
792.000000
774.000000
818.000000
794.000000
788.000000
800.000000
826.000000
834.000000
804.000000
800.000000
796.000000
752.000000
750.000000
806.000000
814.000000
800.000000
810.000000
784.000000
752.000000
802.000000
786.000000
790.000000
786.000000
774.000000
794.000000
786.000000
768.000000
762.000000
784.000000
812.000000
802.000000
794.000000
778.000000
774.000000
772.000000
792.000000
774.000000
790.000000
802.000000
798.000000
798.000000
774.000000
740.000000
784.000000
812.000000
768.000000
770.000000
722.000000
714.000000
812.000000
820.000000
804.000000
824.000000
772.000000
776.000000
738.000000
764.000000
782.000000
798.000000
806.000000
788.000000
788.000000
790.000000
790.000000
768.000000
780.000000
788.000000
708.000000
784.000000
784.000000
770.000000
752.000000
790.000000
774.000000
778.000000
772.000000
754.000000
786.000000
776.000000
774.000000
770.000000
786.000000
798.000000
780.000000
782.000000
768.000000
786.000000
766.000000
768.000000
828.000000
784.000000
776.000000
776.000000
766.000000
780.000000
772.000000
768.000000
754.000000
740.000000
776.000000
772.000000
788.000000
778.000000
770.000000
776.000000
754.000000
756.000000
768.000000
780.000000
766.000000
784.000000
752.000000
780.000000
784.000000
780.000000
784.000000
768.000000
770.000000
794.000000
788.000000
802.000000
758.000000
726.000000
738.000000
722.000000
848.000000
796.000000
798.000000
752.000000
760.000000
754.000000
730.000000
780.000000
810.000000
788.000000
776.000000
752.000000
724.000000
760.000000
1028.000000
760.000000
800.000000
814.000000
850.000000
810.000000
738.000000
732.000000
786.000000
806.000000
816.000000
812.000000
808.000000
796.000000
816.000000
806.000000
822.000000
826.000000
822.000000
808.000000
804.000000
774.000000
796.000000
776.000000
800.000000
816.000000
818.000000
810.000000
826.000000
790.000000
796.000000
796.000000
810.000000
810.000000
824.000000
810.000000
800.000000
808.000000
802.000000
800.000000
818.000000
816.000000
814.000000
814.000000
880.000000
804.000000
794.000000
790.000000
794.000000
816.000000
804.000000
804.000000
788.000000
794.000000
814.000000
828.000000
836.000000
814.000000
814.000000
832.000000
804.000000
810.000000
818.000000
798.000000
818.000000
814.000000
812.000000
820.000000
794.000000
818.000000
892.000000
828.000000
892.000000
784.000000
774.000000
824.000000
810.000000
838.000000
836.000000
836.000000
818.000000
800.000000
786.000000
784.000000
824.000000
824.000000
814.000000
838.000000
832.000000
850.000000
786.000000
798.000000
820.000000
816.000000
810.000000
794.000000
816.000000
832.000000
818.000000
810.000000
828.000000
712.000000
752.000000
798.000000
834.000000
836.000000
808.000000
812.000000
788.000000
770.000000
808.000000
802.000000
830.000000
890.000000
812.000000
812.000000
780.000000
790.000000
798.000000
804.000000
836.000000
816.000000
814.000000
804.000000
772.000000
780.000000
806.000000
818.000000
802.000000
798.000000
798.000000
816.000000
806.000000
818.000000
802.000000
816.000000
794.000000
778.000000
814.000000
806.000000
820.000000
764.000000
790.000000
786.000000
796.000000
812.000000
786.000000
808.000000
794.000000
790.000000
798.000000
798.000000
802.000000
786.000000
782.000000
786.000000
798.000000
814.000000
810.000000
802.000000
796.000000
798.000000
796.000000
822.000000
806.000000
808.000000
818.000000
808.000000
812.000000
800.000000
790.000000
806.000000
830.000000
830.000000
818.000000
786.000000
796.000000
798.000000
792.000000
806.000000
792.000000
802.000000
816.000000
820.000000
818.000000
820.000000
794.000000
786.000000
802.000000
802.000000
808.000000
800.000000
806.000000
818.000000
794.000000
802.000000
788.000000
806.000000
800.000000
820.000000
784.000000
784.000000
786.000000
810.000000
818.000000
828.000000
786.000000
798.000000
790.000000
786.000000
794.000000
794.000000
818.000000
816.000000
830.000000
804.000000
814.000000
802.000000
792.000000
790.000000
800.000000
794.000000
812.000000
804.000000
826.000000
818.000000
790.000000
788.000000
814.000000
804.000000
816.000000
800.000000
806.000000
798.000000
804.000000
792.000000
814.000000
818.000000
796.000000
800.000000
800.000000
772.000000
800.000000
800.000000
814.000000
806.000000
804.000000
812.000000
800.000000
812.000000
810.000000
794.000000
794.000000
812.000000
786.000000
798.000000
804.000000
812.000000
818.000000
790.000000
794.000000
816.000000
804.000000
814.000000
812.000000
810.000000
780.000000
778.000000
816.000000
818.000000
828.000000
820.000000
778.000000
802.000000
796.000000
788.000000
824.000000
812.000000
834.000000
822.000000
806.000000
796.000000
816.000000
830.000000
814.000000
816.000000
792.000000
792.000000
812.000000
812.000000
816.000000
836.000000
814.000000
804.000000
824.000000
842.000000
806.000000
822.000000
806.000000
810.000000
798.000000
810.000000
812.000000
818.000000
812.000000
830.000000
822.000000
824.000000
788.000000
804.000000
822.000000
816.000000
810.000000
824.000000
826.000000
824.000000
814.000000
802.000000
802.000000
804.000000
802.000000
804.000000
816.000000
808.000000
798.000000
808.000000
794.000000
808.000000
812.000000
822.000000
886.000000
812.000000
794.000000
812.000000
810.000000
812.000000
814.000000
810.000000
804.000000
806.000000
828.000000
810.000000
806.000000
828.000000
820.000000
816.000000
818.000000
806.000000
800.000000
802.000000
830.000000
802.000000
800.000000
818.000000
798.000000
790.000000
792.000000
814.000000
814.000000
814.000000
814.000000
814.000000
802.000000
814.000000
810.000000
812.000000
806.000000
800.000000
816.000000
808.000000
812.000000
810.000000
804.000000
814.000000
816.000000
834.000000
768.000000
806.000000
812.000000
814.000000
814.000000
818.000000
814.000000
810.000000
802.000000
816.000000
792.000000
810.000000
812.000000
820.000000
828.000000
822.000000
816.000000
774.000000
814.000000
822.000000
834.000000
830.000000
780.000000
828.000000
834.000000
818.000000
866.000000
840.000000
834.000000
804.000000
772.000000
746.000000
814.000000
848.000000
870.000000
838.000000
836.000000
854.000000
774.000000
764.000000
810.000000
858.000000
854.000000
824.000000
820.000000
812.000000
818.000000
804.000000
802.000000
812.000000
834.000000
824.000000
804.000000
820.000000
814.000000
798.000000
784.000000
808.000000
830.000000
826.000000
818.000000
820.000000
810.000000
798.000000
806.000000
812.000000
806.000000
814.000000
814.000000
816.000000
812.000000
814.000000
804.000000
804.000000
814.000000
792.000000
814.000000
812.000000
826.000000
810.000000
802.000000
824.000000
830.000000
818.000000
800.000000
786.000000
802.000000
810.000000
810.000000
816.000000
806.000000
824.000000
804.000000
798.000000
800.000000
800.000000
812.000000
816.000000
824.000000
804.000000
816.000000
794.000000
808.000000
832.000000
822.000000
812.000000
806.000000
818.000000
818.000000
814.000000
814.000000
814.000000
804.000000
796.000000
806.000000
794.000000
816.000000
822.000000
810.000000
824.000000
800.000000
822.000000
806.000000
798.000000
806.000000
818.000000
834.000000
892.000000
820.000000
800.000000
788.000000
802.000000
818.000000
828.000000
820.000000
822.000000
768.000000
818.000000
806.000000
808.000000
822.000000
836.000000
818.000000
820.000000
812.000000
810.000000
804.000000
814.000000
828.000000
820.000000
820.000000
888.000000
830.000000
818.000000
820.000000
834.000000
810.000000
820.000000
822.000000
818.000000
818.000000
816.000000
832.000000
814.000000
812.000000
806.000000
832.000000
880.000000
826.000000
822.000000
812.000000
816.000000
820.000000
826.000000
814.000000
826.000000
804.000000
804.000000
818.000000
786.000000
836.000000
838.000000
830.000000
794.000000
788.000000
812.000000
818.000000
816.000000
812.000000
812.000000
868.000000
850.000000
818.000000
746.000000
770.000000
796.000000
826.000000
858.000000
840.000000
858.000000
818.000000
812.000000
782.000000
812.000000
838.000000
834.000000
834.000000
818.000000
796.000000
816.000000
814.000000
814.000000
814.000000
820.000000
814.000000
820.000000
820.000000
824.000000
840.000000
816.000000
814.000000
806.000000
828.000000
830.000000
816.000000
860.000000
816.000000
814.000000
812.000000
806.000000
822.000000
818.000000
822.000000
832.000000
830.000000
822.000000
820.000000
818.000000
794.000000
802.000000
826.000000
822.000000
830.000000
816.000000
812.000000
796.000000
822.000000
812.000000
840.000000
834.000000
828.000000
838.000000
806.000000
806.000000
828.000000
838.000000
820.000000
834.000000
826.000000
816.000000
780.000000
788.000000
808.000000
812.000000
830.000000
816.000000
810.000000
778.000000
810.000000
810.000000
804.000000
806.000000
826.000000
832.000000
820.000000
826.000000
814.000000
810.000000
816.000000
822.000000
834.000000
820.000000
814.000000
786.000000
814.000000
816.000000
814.000000
808.000000
808.000000
812.000000
770.000000
808.000000
810.000000
808.000000
798.000000
800.000000
812.000000
816.000000
770.000000
824.000000
832.000000
796.000000
810.000000
814.000000
814.000000
828.000000
812.000000
816.000000
806.000000
794.000000
800.000000
812.000000
802.000000
816.000000
812.000000
818.000000
822.000000
812.000000
804.000000
802.000000
834.000000
828.000000
802.000000
792.000000
772.000000
776.000000
848.000000
834.000000
862.000000
832.000000
806.000000
808.000000
790.000000
812.000000
794.000000
808.000000
804.000000
816.000000
818.000000
798.000000
782.000000
786.000000
864.000000
844.000000
874.000000
860.000000
796.000000
800.000000
708.000000
900.000000
776.000000
820.000000
794.000000
872.000000
812.000000
822.000000
772.000000
790.000000
790.000000
758.000000
818.000000
792.000000
774.000000
816.000000
812.000000
808.000000
778.000000
792.000000
794.000000
792.000000
814.000000
816.000000
820.000000
794.000000
790.000000
788.000000
794.000000
788.000000
814.000000
810.000000
798.000000
784.000000
798.000000
812.000000
816.000000
810.000000
810.000000
802.000000
802.000000
800.000000
800.000000
796.000000
796.000000
814.000000
772.000000
894.000000
838.000000
788.000000
802.000000
822.000000
838.000000
822.000000
816.000000
800.000000
796.000000
790.000000
806.000000
800.000000
828.000000
778.000000
790.000000
818.000000
810.000000
808.000000
804.000000
830.000000
810.000000
812.000000
828.000000
820.000000
802.000000
794.000000
800.000000
818.000000
794.000000
812.000000
758.000000
796.000000
784.000000
758.000000
904.000000
804.000000
900.000000
748.000000
786.000000
842.000000
898.000000
830.000000
774.000000
778.000000
772.000000
852.000000
702.000000
766.000000
724.000000
754.000000
782.000000
772.000000
834.000000
774.000000
616.000000
706.000000
860.000000
898.000000
776.000000
722.000000
788.000000
788.000000
770.000000
732.000000
722.000000
752.000000
854.000000
874.000000
774.000000
832.000000
642.000000
640.000000
708.000000
758.000000
1064.000000
1068.000000
846.000000
732.000000
786.000000
774.000000
814.000000
756.000000
776.000000
704.000000
704.000000
952.000000
808.000000
824.000000
772.000000
742.000000
808.000000
794.000000
806.000000
848.000000
834.000000
836.000000
746.000000
698.000000
776.000000
748.000000
756.000000
762.000000
780.000000
954.000000
936.000000
706.000000
714.000000
694.000000
680.000000
908.000000
722.000000
886.000000
838.000000
914.000000
816.000000
798.000000
784.000000
778.000000
778.000000
774.000000
798.000000
832.000000
850.000000
830.000000
836.000000
782.000000
792.000000
794.000000
792.000000
822.000000
808.000000
814.000000
802.000000
808.000000
780.000000
758.000000
772.000000
794.000000
798.000000
802.000000
814.000000
816.000000
788.000000
808.000000
794.000000
796.000000
810.000000
798.000000
784.000000
794.000000
860.000000
842.000000
818.000000
792.000000
768.000000
770.000000
768.000000
814.000000
820.000000
834.000000
824.000000
788.000000
790.000000
776.000000
766.000000
812.000000
800.000000
804.000000
790.000000
710.000000
808.000000
808.000000
784.000000
796.000000
784.000000
790.000000
794.000000
782.000000
778.000000
766.000000
784.000000
800.000000
790.000000
788.000000
780.000000
800.000000
776.000000
788.000000
790.000000
782.000000
802.000000
782.000000
806.000000
792.000000
776.000000
788.000000
766.000000
808.000000
788.000000
778.000000
806.000000
770.000000
784.000000
806.000000
796.000000
780.000000
776.000000
838.000000
942.000000
778.000000
714.000000
776.000000
758.000000
846.000000
846.000000
828.000000
736.000000
682.000000
782.000000
800.000000
810.000000
778.000000
798.000000
812.000000
798.000000
790.000000
776.000000
786.000000
730.000000
778.000000
830.000000
826.000000
812.000000
822.000000
710.000000
710.000000
748.000000
800.000000
812.000000
796.000000
830.000000
806.000000
784.000000
792.000000
784.000000
792.000000
780.000000
710.000000
780.000000
784.000000
784.000000
788.000000
788.000000
796.000000
786.000000
776.000000
784.000000
770.000000
770.000000
784.000000
784.000000
800.000000
782.000000
800.000000
790.000000
774.000000
766.000000
768.000000
774.000000
784.000000
788.000000
798.000000
782.000000
760.000000
780.000000
772.000000
778.000000
782.000000
776.000000
788.000000
780.000000
778.000000
796.000000
784.000000
780.000000
784.000000
780.000000
774.000000
786.000000
776.000000
826.000000
776.000000
784.000000
796.000000
790.000000
770.000000
800.000000
774.000000
778.000000
772.000000
776.000000
786.000000
772.000000
776.000000
788.000000
762.000000
780.000000
784.000000
768.000000
778.000000
794.000000
776.000000
786.000000
784.000000
780.000000
776.000000
774.000000
850.000000
608.000000
824.000000
762.000000
798.000000
804.000000
782.000000
804.000000
808.000000
790.000000
784.000000
798.000000
806.000000
794.000000
782.000000
790.000000
810.000000
786.000000
790.000000
788.000000
790.000000
804.000000
806.000000
788.000000
804.000000
788.000000
794.000000
798.000000
800.000000
794.000000
792.000000
788.000000
778.000000
800.000000
808.000000
810.000000
794.000000
788.000000
796.000000
786.000000
790.000000
800.000000
788.000000
800.000000
798.000000
788.000000
768.000000
800.000000
798.000000
796.000000
798.000000
808.000000
790.000000
810.000000
794.000000
782.000000
782.000000
784.000000
812.000000
806.000000
800.000000
814.000000
798.000000
786.000000
790.000000
812.000000
806.000000
788.000000
792.000000
794.000000
798.000000
792.000000
786.000000
790.000000
780.000000
788.000000
808.000000
784.000000
790.000000
780.000000
800.000000
786.000000
794.000000
790.000000
794.000000
802.000000
798.000000
804.000000
800.000000
800.000000
790.000000
804.000000
786.000000
796.000000
802.000000
796.000000
804.000000
808.000000
790.000000
800.000000
790.000000
802.000000
798.000000
804.000000
796.000000
786.000000
786.000000
784.000000
806.000000
782.000000
800.000000
802.000000
784.000000
810.000000
778.000000
810.000000
810.000000
794.000000
798.000000
782.000000
784.000000
794.000000
786.000000
808.000000
790.000000
794.000000
808.000000
792.000000
806.000000
800.000000
802.000000
798.000000
792.000000
796.000000
802.000000
802.000000
796.000000
782.000000
784.000000
802.000000
794.000000
794.000000
802.000000
782.000000
784.000000
814.000000
808.000000
814.000000
804.000000
802.000000
786.000000
800.000000
792.000000
800.000000
788.000000
798.000000
792.000000
806.000000
786.000000
786.000000
786.000000
802.000000
798.000000
802.000000
794.000000
812.000000
812.000000
798.000000
790.000000
786.000000
766.000000
796.000000
808.000000
792.000000
802.000000
792.000000
804.000000
800.000000
804.000000
802.000000
814.000000
832.000000
830.000000
802.000000
784.000000
812.000000
816.000000
824.000000
828.000000
812.000000
810.000000
792.000000
790.000000
814.000000
810.000000
802.000000
812.000000
806.000000
804.000000
798.000000
792.000000
790.000000
798.000000
810.000000
820.000000
788.000000
800.000000
792.000000
800.000000
810.000000
802.000000
794.000000
790.000000
818.000000
816.000000
806.000000
796.000000
804.000000
800.000000
808.000000
802.000000
800.000000
802.000000
802.000000
818.000000
842.000000
810.000000
776.000000
800.000000
796.000000
792.000000
808.000000
802.000000
788.000000
796.000000
802.000000
802.000000
788.000000
804.000000
800.000000
810.000000
798.000000
792.000000
796.000000
780.000000
804.000000
786.000000
806.000000
812.000000
798.000000
796.000000
792.000000
810.000000
796.000000
792.000000
788.000000
808.000000
812.000000
800.000000
812.000000
798.000000
784.000000
796.000000
796.000000
780.000000
786.000000
796.000000
800.000000
796.000000
798.000000
790.000000
798.000000
774.000000
780.000000
802.000000
798.000000
786.000000
806.000000
810.000000
790.000000
792.000000
798.000000
794.000000
782.000000
802.000000
804.000000
792.000000
800.000000
782.000000
788.000000
812.000000
800.000000
786.000000
780.000000
800.000000
804.000000
792.000000
812.000000
804.000000
784.000000
792.000000
786.000000
798.000000
804.000000
816.000000
802.000000
798.000000
802.000000
786.000000
798.000000
792.000000
776.000000
790.000000
782.000000
802.000000
792.000000
792.000000
804.000000
800.000000
794.000000
792.000000
802.000000
802.000000
806.000000
794.000000
792.000000
778.000000
808.000000
778.000000
810.000000
792.000000
782.000000
804.000000
802.000000
792.000000
798.000000
796.000000
798.000000
778.000000
790.000000
798.000000
800.000000
806.000000
796.000000
784.000000
786.000000
794.000000
792.000000
798.000000
788.000000
798.000000
778.000000
770.000000
792.000000
818.000000
786.000000
790.000000
794.000000
786.000000
788.000000
788.000000
788.000000
780.000000
810.000000
800.000000
794.000000
794.000000
792.000000
800.000000
794.000000
796.000000
796.000000
784.000000
796.000000
796.000000
806.000000
798.000000
790.000000
802.000000
804.000000
802.000000
798.000000
788.000000
792.000000
786.000000
792.000000
780.000000
798.000000
794.000000
788.000000
780.000000
778.000000
810.000000
812.000000
786.000000
802.000000
802.000000
786.000000
790.000000
798.000000
792.000000
788.000000
798.000000
796.000000
810.000000
786.000000
798.000000
812.000000
798.000000
772.000000
786.000000
804.000000
796.000000
804.000000
810.000000
792.000000
784.000000
786.000000
798.000000
804.000000
798.000000
788.000000
812.000000
796.000000
794.000000
792.000000
790.000000
798.000000
782.000000
794.000000
794.000000
790.000000
806.000000
794.000000
802.000000
798.000000
786.000000
780.000000
806.000000
806.000000
790.000000
778.000000
788.000000
780.000000
784.000000
812.000000
796.000000
790.000000
782.000000
784.000000
798.000000
796.000000
796.000000
808.000000
784.000000
812.000000
806.000000
806.000000
814.000000
802.000000
766.000000
846.000000
832.000000
798.000000
798.000000
786.000000
788.000000
806.000000
812.000000
772.000000
770.000000
806.000000
822.000000
808.000000
872.000000
808.000000
772.000000
806.000000
778.000000
824.000000
860.000000
860.000000
882.000000
834.000000
788.000000
810.000000
838.000000
854.000000
832.000000
818.000000
886.000000
826.000000
808.000000
812.000000
812.000000
802.000000
832.000000
822.000000
828.000000
816.000000
800.000000
794.000000
802.000000
822.000000
808.000000
818.000000
892.000000
822.000000
824.000000
812.000000
812.000000
804.000000
792.000000
804.000000
814.000000
790.000000
816.000000
820.000000
830.000000
820.000000
800.000000
808.000000
812.000000
818.000000
810.000000
818.000000
824.000000
828.000000
822.000000
806.000000
826.000000
814.000000
816.000000
816.000000
816.000000
818.000000
816.000000
804.000000
808.000000
814.000000
876.000000
814.000000
798.000000
782.000000
802.000000
788.000000
816.000000
818.000000
864.000000
842.000000
838.000000
816.000000
810.000000
812.000000
884.000000
812.000000
834.000000
800.000000
790.000000
824.000000
830.000000
832.000000
844.000000
836.000000
838.000000
842.000000
844.000000
818.000000
826.000000
842.000000
842.000000
816.000000
804.000000
846.000000
844.000000
892.000000
878.000000
844.000000
846.000000
820.000000
826.000000
856.000000
830.000000
852.000000
842.000000
846.000000
820.000000
808.000000
814.000000
824.000000
846.000000
864.000000
826.000000
888.000000
894.000000
846.000000
846.000000
814.000000
820.000000
790.000000
778.000000
798.000000
826.000000
828.000000
830.000000
826.000000
826.000000
834.000000
806.000000
812.000000
820.000000
814.000000
866.000000
826.000000
822.000000
818.000000
792.000000
850.000000
860.000000
894.000000
834.000000
824.000000
848.000000
822.000000
834.000000
834.000000
824.000000
832.000000
814.000000
814.000000
782.000000
856.000000
844.000000
864.000000
872.000000
824.000000
812.000000
832.000000
864.000000
838.000000
768.000000
894.000000
836.000000
838.000000
808.000000
808.000000
814.000000
826.000000
816.000000
828.000000
830.000000
812.000000
814.000000
814.000000
816.000000
892.000000
806.000000
830.000000
830.000000
824.000000
818.000000
822.000000
814.000000
830.000000
814.000000
816.000000
824.000000
824.000000
818.000000
806.000000
794.000000
810.000000
782.000000
838.000000
836.000000
808.000000
808.000000
792.000000
788.000000
778.000000
788.000000
858.000000
848.000000
888.000000
844.000000
744.000000
742.000000
738.000000
820.000000
898.000000
902.000000
854.000000
774.000000
794.000000
804.000000
780.000000
858.000000
818.000000
800.000000
802.000000
798.000000
768.000000
818.000000
828.000000
838.000000
824.000000
812.000000
814.000000
808.000000
810.000000
810.000000
818.000000
828.000000
808.000000
826.000000
810.000000
806.000000
822.000000
826.000000
818.000000
812.000000
814.000000
800.000000
794.000000
820.000000
820.000000
820.000000
838.000000
818.000000
832.000000
830.000000
838.000000
836.000000
802.000000
806.000000
836.000000
820.000000
824.000000
834.000000
816.000000
798.000000
826.000000
810.000000
830.000000
818.000000
832.000000
820.000000
824.000000
808.000000
822.000000
798.000000
808.000000
832.000000
824.000000
828.000000
822.000000
804.000000
830.000000
808.000000
830.000000
814.000000
810.000000
816.000000
822.000000
820.000000
804.000000
808.000000
826.000000
820.000000
822.000000
820.000000
806.000000
892.000000
830.000000
830.000000
808.000000
812.000000
806.000000
824.000000
830.000000
822.000000
812.000000
812.000000
812.000000
812.000000
814.000000
794.000000
818.000000
832.000000
822.000000
822.000000
812.000000
802.000000
886.000000
894.000000
824.000000
772.000000
814.000000
810.000000
824.000000
826.000000
822.000000
812.000000
814.000000
822.000000
836.000000
832.000000
818.000000
796.000000
812.000000
820.000000
NaN
