-2.686536
-3.683612
-3.926855
-4.428080
-4.884791
-5.277164
-5.617057
-8.003452
-6.193108
-6.423224
-6.631425
-6.812648
-6.965881
-7.102023
-7.234986
-8.370583
-7.465870
-7.558197
-7.643768
-7.697733
-7.730116
-10.687594
-7.776772
-7.780086
-7.878685
-7.815778
-7.821442
-7.816126
-7.811435
-8.427056
-7.800831
-7.773677
-7.761835
-7.739773
-7.731469
-7.709521
-7.681554
-7.650943
-9.361250
-7.596045
-7.559380
-7.522188
-7.480949
-7.718690
-7.411281
-7.371275
-7.337897
-7.294886
-7.247953
-7.210267
-7.166939
-7.124337
-7.081866
-7.051483
-10.498001
-7.700933
-6.899882
-7.075025
-6.806069
-6.754021
-6.716400
-6.664247
-6.610127
-6.553825
-6.509013
-6.459796
353.599670
-6.360524
-9.472442
-9.470361
-6.199760
-6.313111
-6.555045
-6.039172
-5.998657
-5.940306
-5.885622
-5.836420
-5.786489
-5.734956
-5.681335
-5.629519
-7.361057
-5.507182
-5.465314
-5.480849
-7.941067
-5.290342
-5.235698
-5.320774
-5.144391
-5.097000
-5.035598
-4.988876
-4.927077
-4.836628
-7.632588
-3.355309
-3.246069
-0.489441
-2.589848
-3.264265
-3.856176
-7.880563
-4.838230
-5.224061
-5.588575
-5.886948
-6.157099
-6.384907
-10.129438
-6.779775
-6.929231
-7.078630
-7.192133
-7.302071
-7.389833
-7.458227
-7.527282
-7.578296
-8.484971
-7.663452
-7.696331
-7.720364
-9.934749
-7.767100
-7.771747
-7.777185
-7.766865
-7.756354
-7.751551
-7.736213
-7.722732
-7.691952
-11.020499
-7.670080
-7.634388
-7.872900
-9.029780
-7.556034
-7.506876
-7.472635
-7.448184
-7.409904
-7.380750
-7.345546
-7.302414
-7.268808
-7.217190
-7.173384
-7.134441
-9.278102
-8.206020
-7.008563
-6.982871
-6.908617
-6.858983
-6.803566
-6.759993
-6.718777
-6.669832
-6.628129
-6.571578
-6.513924
-6.475614
-6.432066
352.766449
-6.337656
-7.478941
-6.233384
-6.167222
-6.113519
-6.064064
-6.013217
-5.975639
-5.912863
-5.846608
-5.800370
-5.756163
-5.704398
-6.142578
-5.603155
-8.720305
-5.479813
-5.443458
-5.722036
-5.327796
-5.265733
-5.209189
-5.191123
-5.116913
-8.576251
-5.011222
-4.966371
-5.198351
-4.842639
-4.774089
-3.324760
-3.223860
97.889618
-2.557978
-3.239936
-3.880847
-4.345776
-4.808853
-11.724488
-5.557792
-5.872317
-7.031643
-6.364566
-6.589563
-6.759304
-6.918173
-7.060821
-7.179453
-7.287827
-10.976799
-7.446486
-7.510396
-12.454131
-7.604746
-7.649623
-10.776214
-7.704277
-7.724257
-7.924642
-7.763517
-7.764891
-7.754837
-7.753518
-8.365708
-7.735250
-7.729515
-8.346394
-7.699677
-7.675585
-7.641700
-7.613353
-7.591226
-7.556846
-7.522429
-7.497230
-7.455260
-7.411632
-7.384602
-7.809487
-7.302948
-9.955483
-7.222641
-7.183110
-7.229695
-7.088916
-7.048180
-7.012633
-6.960879
-6.914328
-10.490664
-6.815518
-6.771331
-7.047050
-6.677250
-6.627337
-6.576318
-6.521533
-8.196972
-6.424293
353.630920
-6.319188
-6.276172
-6.222811
-9.429785
-6.120650
-6.068995
-6.377812
-5.968508
-5.916400
-5.851894
-5.812008
-5.755602
-5.711268
-5.646091
-8.621142
-5.554123
-5.481179
-9.556270
-5.379230
-5.322680
-7.759394
-5.207079
-5.170516
-5.202297
-5.064475
-5.007089
-4.949924
-4.883289
-5.747086
-4.772791
-3.313665
-6.976606
-1.754174
-2.543772
-3.227696
-3.828964
-4.345817
-4.809167
-5.201766
-5.551187
-5.860358
-6.139278
-6.366287
-7.638577
-6.754886
-10.054387
-7.063436
-7.182287
-7.334392
-7.374936
-7.451369
-7.517325
-7.574847
-7.614870
-7.654331
-7.691027
-7.711834
-8.090733
-7.757465
-7.769851
-7.779717
-7.762304
-9.215045
-7.765703
-7.739225
-7.731390
-7.697433
-7.687394
-11.112707
-7.636133
-7.608630
-7.810031
-7.560794
-7.514164
-7.469985
-7.450431
-7.405670
-7.375463
-7.337555
-10.822073
-7.262511
-7.212751
-11.383204
-7.131689
-7.087099
-9.289261
-7.008426
-6.950879
-6.924491
-6.851702
-6.791257
-6.757110
-6.709010
-7.911314
-6.621312
-6.559748
-10.394524
-6.462965
-6.417026
353.638367
-6.315226
-6.270121
-6.217046
-6.169079
-6.120746
-6.064501
-6.011851
-5.968972
-6.608026
-5.850870
-8.140216
-5.756176
-5.697772
-5.686225
-5.588688
-5.534910
-5.481350
-5.433472
-5.389256
-5.327891
-5.264599
-5.204061
-5.677399
-5.112637
-5.059447
-5.000805
-4.954370
-6.046648
-4.832728
-4.783761
-3.311568
-3.226193
-1.760608
-9.497383
-3.212479
-3.814061
-4.981243
-4.798157
-5.194677
-5.552635
-5.858957
-6.131185
-6.365236
-6.572119
-11.687942
-6.906192
-7.055954
-12.447838
-7.279559
-7.370640
-9.777462
-7.514793
-7.567050
-7.627379
-7.650999
-7.682873
-7.707103
-7.723965
-9.335685
-7.755645
-7.761315
-12.156953
-7.744439
-7.749163
-11.796852
-7.720663
-7.695989
-8.803064
-7.663144
-7.634279
-7.611481
-7.592708
-7.559947
-8.450228
-7.487073
-9.422307
-7.412473
-7.384732
-7.358790
-7.301096
-7.259533
-7.217942
-7.172605
-7.135603
-7.079066
-7.040790
-7.009505
-7.573546
-6.908590
-6.864775
-6.802295
-6.764924
-7.640443
-6.671416
-6.622473
-6.576345
-6.516587
-6.470710
-6.423309
353.628967
-6.325485
-6.679386
-6.226554
-6.166880
-6.112577
-6.056277
-6.889653
-5.960135
-5.908532
-9.642431
-5.801244
-5.741368
-9.791693
-5.655599
-5.596379
-6.994248
-5.477013
-5.436785
-5.379940
-5.328711
-5.259305
-5.199313
-5.174895
-6.783370
-5.060868
-5.005669
-8.995725
-4.880161
-4.808399
-8.394591
-3.300941
-3.208766
54.300713
-2.560150
-3.227246
-3.816370
-4.329561
-4.794243
-5.184500
-5.544862
-8.294220
-6.123371
-6.358023
-6.573123
-6.755842
-6.909386
-7.059502
-7.175276
-7.284589
-7.374602
-7.444553
-7.502864
-8.406294
-7.610817
-7.647822
-7.681385
-7.697695
-8.392365
-7.750881
-7.753551
-7.770467
-7.753715
-7.746271
-7.749533
-7.731316
-7.723347
-8.214677
-7.688319
-7.677511
-7.643537
-7.617359
-10.496867
-7.558049
-7.508782
-11.561104
-7.444558
-7.404672
-11.399783
-7.338962
-7.296206
-8.419238
-7.215244
-7.171239
-7.130801
-7.083848
-7.035107
-7.002497
-6.951166
-9.042725
-6.853997
-6.802022
-10.944154
-6.712425
-6.666745
-9.923832
-6.565937
-6.503296
-6.934821
-6.419990
353.644501
-6.312303
-6.264424
-6.217579
-6.151197
-6.110951
-7.246821
-6.004993
-5.959984
-5.901292
-5.842059
-5.799277
-5.746245
-5.697417
-5.682319
-5.591693
-5.540401
-5.482805
-6.242843
-5.378983
-8.446064
-5.254879
-5.201117
-5.536164
-5.100760
-5.049537
-4.995041
-4.940293
-4.884013
-4.878012
-4.769205
-3.311158
-3.318978
-1.723533
-2.530439
-3.211714
-3.821192
-8.433972
-4.801729
-5.188680
-5.604886
-5.856280
-6.124676
-11.860205
-6.569066
-6.748062
-7.668544
-7.049527
-7.170577
-7.275491
-7.370470
-7.442681
-7.501590
-7.563210
-10.978308
-7.650753
-2.602215
-3.349620
-3.866232
-4.378693
-4.837044
-5.237268
-5.586967
-7.136780
-6.156325
-6.405591
-6.604398
-6.781138
-6.937243
-7.081388
-7.197572
-7.834858
-7.399085
-7.464886
-7.533848
-7.584131
-7.635763
-8.957085
-7.701599
-7.719648
-7.735043
-7.759984
-7.759895
-7.764408
-7.769086
-8.057788
-7.767232
-7.734777
-7.726687
-7.706383
-7.687613
-11.246941
-7.651450
-7.618776
-8.097910
-7.553297
-10.940023
-7.488575
-7.457884
-7.604252
-7.376588
-7.336740
-7.295862
-7.257705
-7.223991
-7.175581
-7.128593
-7.080352
-9.542947
-7.005543
-10.047108
-6.986941
-6.862408
-6.891412
-6.767864
-6.719688
-6.675264
-6.622087
-6.576707
-6.526931
-6.479314
-6.422964
353.633606
-6.318604
-8.934392
-7.835327
-6.169985
-6.156531
-6.073617
-6.009483
-5.946167
-5.898989
-5.838337
-5.805398
-5.730947
-5.693197
-5.642228
-5.583301
-8.079207
-5.495495
-5.422418
-5.400895
-6.413031
-5.271823
-5.211590
-5.163317
-5.102828
-5.059149
-5.004839
-4.934247
-4.876178
-4.804308
-7.176383
-3.308140
-3.223866
-0.944524
-9.749736
-3.282766
-3.868253
-5.277423
-4.845343
-5.239092
-5.588470
-5.900857
-6.166953
-6.408807
-9.545396
-6.784983
-6.938834
-7.094854
-7.197122
-7.300977
-7.383750
-10.483696
-7.527142
-7.587977
-7.722266
-7.665453
-7.702871
-7.720022
-9.838884
-7.766356
-7.769060
-7.768677
-7.772252
-7.763548
-7.769647
-7.748875
-7.737560
-7.714720
-9.418266
-7.683252
-7.648646
-7.622199
-9.256870
-7.555188
-7.519246
-7.502591
-7.453212
-7.420937
-7.384599
-7.344137
-7.302241
-7.264440
-7.223240
-7.183832
-7.133845
-8.209636
-8.195651
-7.011922
-6.962211
-6.905170
-6.869771
-6.819558
-6.774107
-6.721259
-6.659131
-6.625420
-6.575861
-6.523025
-6.488099
-9.683328
352.664368
-6.317524
-6.666223
-6.212392
-6.164862
-6.112040
-6.060680
-6.012420
-5.965537
-5.914358
-5.849580
-5.810097
-5.740522
-5.702363
-6.329851
-5.592645
-7.881651
-5.481930
-5.423545
-5.421884
-5.319108
-5.267800
-5.225257
-5.173856
-5.102841
-5.061122
-5.005440
-4.933994
-5.339723
-4.798304
-4.770261
-3.319245
-3.240074
77.751465
-2.588090
-3.283682
-3.862721
-4.393664
-4.842276
-11.482022
-5.583005
-5.885817
-6.421726
-6.398541
-6.597042
-6.778495
-6.928640
-7.764537
-7.194257
-7.306007
-11.874283
-7.465323
-7.531013
-12.446891
-7.636640
-7.678171
-9.858134
-7.728540
-7.747530
-7.797742
-7.775890
-7.780193
-7.778985
-7.760427
-9.207376
-7.738760
-7.728592
-11.912701
-7.690621
-7.678938
-11.762394
-7.625733
-7.584280
-7.554376
-7.514752
-7.498083
-7.460383
-7.426374
-7.386724
-8.030414
-7.300499
-9.341159
-7.222093
-7.179481
-7.150504
-7.091431
-7.046458
-7.000899
-6.957963
-6.902520
-6.856083
-6.807810
-6.766935
-7.112041
-6.661617
-6.619778
-6.572487
-6.517151
-7.392060
-6.435982
353.629669
-6.318713
-6.268787
-6.224017
-9.707996
-6.117039
-6.052197
-6.270492
-5.964868
-5.914999
-5.845659
-5.806013
-6.618598
-5.698388
-5.648949
-9.297025
-5.530522
-5.484225
-9.475590
-5.381388
-5.315549
-6.871761
-5.226268
-5.168344
-5.113900
-5.058814
-5.015986
-4.942730
-4.894872
-6.441361
-4.772347
-3.320868
-7.329835
-1.759584
-2.590262
-11.663860
-3.843228
-4.369718
-4.822229
-5.217939
-5.573627
-5.870401
-6.152794
-6.385735
-7.783282
-6.766870
-9.164765
-7.067441
-7.186265
-7.299478
-7.386312
-7.460183
-7.526040
-7.585804
-7.631416
-7.666681
-7.697129
-7.714890
-8.284503
-7.751973
-7.759217
-7.768708
-7.770300
-8.458985
-7.760175
-7.731919
-7.727001
-7.708186
-7.689942
-11.410787
-7.640436
-7.617626
-7.929826
-7.557449
-7.524233
-7.510453
-7.459270
-8.635864
-7.390487
-7.351650
-11.338090
-7.257767
-7.224360
-11.268647
-7.138456
-7.090721
-8.457111
-7.007934
-6.958304
-6.907561
-6.859143
-6.817045
-6.770542
-6.727311
-8.657767
-6.626335
-6.585778
-10.681230
-6.492470
-6.429698
349.991211
-6.328931
-6.277653
-6.753944
-6.168250
-6.116752
-6.046350
-6.009866
-5.960592
-6.802883
-5.838146
-7.157297
-5.732149
-5.703060
-5.624647
-5.593000
-5.528856
-5.492565
-5.422036
-5.383724
-5.323773
-5.272840
-5.215551
-5.781231
-5.109194
-5.057516
-5.004279
-4.944321
-5.468800
-4.821342
-4.754964
-3.307142
-3.227742
-1.777397
-2.572408
-3.241430
-3.836261
-4.970310
-4.811260
-5.208725
-5.559059
-5.869705
-10.237021
-6.376063
-6.579475
-12.340208
-6.924074
-7.058726
-12.259067
-7.289000
-7.377880
-8.786900
-7.513559
-7.578179
-7.623843
-7.658051
-7.697137
-7.718120
-7.736431
-10.282365
-7.765543
-7.765499
-12.264446
-7.757731
-7.764704
-11.402956
-7.738486
-7.709812
-8.202326
-7.677627
-7.645781
-7.618145
-7.589499
-7.553078
-8.589257
-7.493199
-8.602160
-7.416804
-7.378206
-7.344239
-7.300212
-7.255055
-7.221738
-7.181769
-7.133039
-7.084232
-7.044928
-7.006814
-7.604809
-6.898928
-10.008502
-6.810392
-6.767536
-7.043275
-6.661604
-6.628644
-6.569249
-6.512875
-6.477730
-6.413675
353.633453
-6.311473
-6.725454
-6.212433
-6.170545
-6.110250
-6.057852
-8.102881
-5.962860
-5.913593
-5.869306
-5.808403
-5.735783
-9.378781
-5.639414
-5.586210
-6.165272
-5.488617
-5.416503
-5.382166
-5.314538
-5.262814
-5.216275
-5.163994
-7.897058
-5.049675
-4.999061
-9.052721
-4.889565
-4.861928
-7.433270
-3.321537
-3.237612
14.355784
-2.560565
-3.230939
-3.817642
-4.352205
-4.805270
-5.196997
-5.550555
-6.947632
-6.132570
-6.370094
-6.575028
-6.748107
-6.906363
-7.048368
-7.169729
-7.277361
-7.376289
-7.447240
-7.510947
-8.982580
-7.621062
-10.731050
-7.695249
-7.708815
-7.911270
-7.754511
-7.759205
-7.763034
-7.762539
-7.752444
-7.757622
-7.737762
-7.728029
-8.371893
-7.685581
-7.659975
-7.640142
-7.610816
-9.512176
-7.545660
-7.520483
-7.500050
-7.455595
-7.418485
-7.378685
-7.338802
-7.302842
-7.730320
-7.223835
-7.182343
-7.144425
-7.098890
-7.055952
-7.009955
-6.960463
-9.900318
-6.866738
-6.806335
-10.953732
-6.725534
-6.663038
-9.395239
-6.576120
-6.514432
-6.581002
-6.419303
353.625244
-6.321350
-6.268445
-6.945900
-6.166270
-6.118050
-9.661023
-6.015480
-5.956152
-5.912609
-5.841671
-5.807160
-5.741588
-5.694741
-5.639988
-5.582959
-5.518392
-5.491240
-6.514832
-5.377208
-8.125796
-5.258341
-5.213461
-5.299511
-5.104863
-5.051977
-5.007858
-4.941473
-4.886683
-4.863444
-4.767642
-3.310472
-4.035949
-1.746087
-2.553584
-3.235624
-3.824964
-7.760033
-4.796807
-5.187148
-5.556880
-5.856891
-6.121969
-6.362636
-6.566955
-6.752861
-7.664347
-7.062647
-7.177167
-7.287381
-7.378570
-7.456099
-7.520139
-7.578176
-11.084131
-7.669439
-7.705815
-12.409475
-7.744523
-7.769811
-10.790890
-7.773592
-7.767411
-7.900839
-7.759824
-7.734935
-7.733036
-7.703218
-8.423805
-7.670206
-7.638373
-11.405362
-7.578372
-7.547293
-11.791653
-7.504886
-7.447283
-7.422330
-7.383848
-7.347155
-7.311653
-7.261995
-7.225242
-8.268671
-7.140696
-9.924280
-7.041240
-7.004683
-7.049856
-6.903504
-6.866875
-6.807182
-6.767304
-6.728580
-6.669035
-6.630433
-6.572418
-6.713682
-6.478017
-6.422936
353.626007
-6.328084
-7.985187
-6.227637
-6.173318
-6.123979
-6.065269
-6.016860
-5.962327
-5.916297
-5.842012
-6.453323
-5.733228
-5.696571
-5.635521
-5.585773
-5.533220
-5.489949
-5.421715
-8.435637
-5.314354
-5.262138
-9.334156
-5.167750
-5.098306
-7.693341
-4.995249
-4.937464
-5.013834
-4.853328
-4.768577
-3.317364
-3.242936
-0.018627
-2.545347
-3.216841
-11.613429
-4.333654
-4.798208
-12.742348
-5.552713
-5.850136
-6.132904
-6.369500
-2.594233
-3.626173
-3.858872
-4.385679
-4.836331
-5.237950
-5.589178
-7.513183
-6.159000
-6.396212
-6.619346
-6.794771
-6.947449
-7.072392
-7.195506
-8.380230
-7.399314
-7.472275
-7.537550
-7.593380
-7.641808
-9.800636
-7.703444
-7.736777
-7.772942
-7.762420
-7.765999
-7.766519
-7.764578
-8.514920
-7.763700
-7.752576
-7.731890
-7.704346
-7.694458
-7.673656
-7.639199
-7.620192
-8.806771
-7.560751
-7.527030
-7.484684
-7.456783
-8.197402
-7.388681
-7.337829
-7.311297
-7.266559
-7.214491
-7.169864
-7.121176
-7.078286
-7.036252
-6.994037
-6.944086
-7.321608
-6.858120
-7.203772
-6.754560
-6.703481
-6.656950
-6.612816
-6.558727
-6.510261
-6.464660
-6.424609
353.637238
-6.320062
-9.649816
-8.936763
-6.164083
-6.370355
-6.372080
-6.004001
-5.939081
-5.897480
-5.836499
-5.792679
-5.734952
-5.683378
-5.640862
-5.581041
-8.879609
-5.477249
-5.426622
-5.573336
-7.732540
-5.276797
-5.207771
-5.226787
-5.110572
-5.056624
-4.996082
-4.950662
-4.891694
-4.811297
-7.828719
-3.306457
-3.226703
8.056466
-2.597484
-3.279363
-3.873953
-7.052062
-4.854069
-5.255353
-5.601676
-5.918183
-6.170386
-6.408123
-11.060596
-6.792523
-6.949126
-7.150957
-7.207226
-7.315776
-7.409034
-7.482523
-7.539243
-7.592504
-8.328746
-7.672016
-7.700978
-7.724984
-10.671215
-7.753818
-7.775682
-7.779857
-7.768668
-7.771860
-7.768252
-7.751204
-7.733761
-7.714527
-10.785453
-7.677328
-7.642522
-7.787360
-9.851329
-7.571851
-7.524080
-7.497470
-7.458135
-7.415667
-7.387022
-7.337801
-7.302131
-7.266108
-7.218821
-7.177214
-7.137384
-9.317024
-9.124746
-7.003995
-6.997019
-6.914501
-6.872956
-6.811979
-6.770078
-6.727182
-6.673807
-6.624510
-6.579095
-6.534863
-6.476203
-6.436862
352.043457
-6.320185
-7.740026
-6.221968
-6.166159
-6.118744
-6.060091
-6.012238
-5.951827
-5.915293
-5.851649
-5.801162
-5.735827
-5.683623
-7.025286
-5.591736
-5.532584
-5.490786
-5.422838
-5.992149
-5.321688
-5.269502
-5.216971
-5.160841
-5.102253
-5.046932
-4.996492
-4.948968
-6.133026
-4.875221
-4.756387
-3.310480
-3.219521
102.996277
-2.610038
-3.278967
-4.168758
-4.395937
-4.851535
-5.253174
-5.598241
-5.915520
-8.148724
-6.408868
-6.620323
-6.799607
-6.949508
-7.095318
-7.197083
-7.311716
-9.940749
-7.470018
-7.532431
-12.450037
-7.641747
-7.678202
-11.566244
-7.735303
-7.758629
-8.398559
-7.775726
-7.775524
-7.780656
-7.779132
-7.776392
-7.758677
-7.746896
-9.038367
-7.708556
-7.681439
-7.650014
-7.626451
-7.589966
-7.568579
-7.519770
-7.491692
-7.460156
-7.420537
-7.388607
-9.372460
-7.310259
-7.266155
-7.213630
-7.177603
-7.629028
-7.093449
-7.039681
-7.007957
-6.957828
-6.910034
-6.879608
-6.820024
-6.765461
-8.275408
-6.658193
-6.619496
-6.564861
-6.514181
-9.369390
-6.433228
353.634186
-6.500270
-6.266550
-6.229959
-6.169683
-6.111012
-6.060583
-7.386705
-5.957236
-5.915689
-5.857481
-5.814126
-5.749460
-5.707051
-5.661434
-8.638479
-5.531628
-5.484072
-9.530105
-5.386408
-5.333442
-8.797978
-5.212512
-5.157624
-5.763245
-5.061289
-5.004265
-4.948613
-4.889153
-4.876007
-4.759625
-3.320749
-4.676063
-0.061651
-2.593140
-3.263435
-3.860703
-4.378972
-4.840115
-5.229808
-5.582183
-5.884149
-6.156665
-6.386629
-10.042467
-6.784990
-6.935762
-7.085315
-7.195086
-8.128169
-7.397942
-7.465561
-7.535744
-7.597623
-7.638669
-7.676175
-7.707855
-7.738308
-10.163030
-7.770910
-7.779859
-7.777384
-7.778157
-10.862085
-7.766411
-7.751405
-7.935884
-7.714807
-7.697330
-7.683089
-7.647484
-7.632626
-9.322874
-7.577800
-7.535192
-7.507660
-7.469767
-7.429019
-7.403482
-7.351120
-9.227712
-7.277214
-7.237591
-11.386824
-7.149029
-7.108776
-10.669024
-7.012383
-6.964398
-7.581264
-6.869772
-6.815270
-6.776908
-6.724135
-6.674831
-6.637241
-6.572688
-8.134371
-6.578902
-6.433692
353.625000
-6.329215
-6.276726
-6.235765
-6.183125
-6.125124
-6.072180
-6.021801
-5.963861
-8.773864
-5.845269
-5.809891
-5.805904
-5.689675
-6.527789
-5.587024
-5.539729
-5.487828
-5.435276
-5.389590
-5.328613
-5.287671
-5.224581
-7.667903
-5.118803
-5.064178
-5.015172
-4.965894
-7.849658
-4.836494
-4.770676
-3.590521
-3.239615
-1.758885
-2.573305
-3.243887
-3.837589
-8.697550
-4.818477
-5.218613
-5.583850
-5.882209
-6.146570
-6.391492
-6.607543
-8.973594
-6.936606
-7.070955
-12.425296
-7.309202
-7.397131
-12.033693
-7.540956
-7.599753
-8.449700
-7.683675
-7.709781
-7.736200
-7.749629
-7.763570
-7.776173
-7.771144
-10.605642
-7.777277
-7.773127
-12.203650
-7.744123
-7.719827
-10.998590
-7.684206
-7.650100
-7.625154
-7.602104
-7.580170
-10.932918
-7.509075
-7.474535
-7.603715
-7.401768
-8.321301
-7.309227
-7.272801
-7.218945
-7.183969
-7.135902
-7.101112
-7.056223
-7.008872
-9.876149
-6.916605
-6.883597
-6.817334
-6.774695
-9.694516
-6.679080
-6.632187
-6.804313
-6.544343
-6.493907
-6.451369
353.619507
-6.339009
-8.821341
-6.242199
-6.181705
-6.147868
-6.073833
-6.027237
-5.961744
-5.920019
-8.070313
-5.817513
-5.755866
-9.877838
-5.663210
-5.598239
-9.048513
-5.497821
-5.443636
-5.963715
-5.333251
-5.288675
-5.225387
-5.173163
-5.123003
-5.059991
-5.023499
-7.933618
-4.905224
-4.882536
-8.877385
-3.319137
-3.240527
100.619568
-2.576720
-3.244747
-4.188948
-4.354123
-4.805431
-11.203116
-5.569875
-11.554374
-6.444967
-6.380495
-7.343736
-6.774417
-6.933854
-7.076043
-7.195475
-7.305172
-7.394601
-7.467897
-7.529810
-11.216200
-7.638089
-7.674529
-7.796546
-7.736200
-10.683870
-7.759315
-7.772489
-7.875938
-7.774282
-7.774611
-7.775912
-7.764687
-7.747620
-10.556828
-7.703354
-7.685323
-7.682742
-7.641112
-7.604665
-7.578701
-7.530964
-9.876466
-7.466516
-7.434886
-11.670144
-7.342651
-7.311945
-10.757222
-7.224436
-7.188306
-7.548937
-7.100661
-7.060718
-7.017218
-6.965806
-6.926044
-6.885017
-6.825325
-9.767616
-6.731635
-6.680924
-10.814899
-6.587755
-6.539180
-8.974031
-6.442996
353.624725
-6.358120
-6.277081
-6.231585
-6.178440
-6.126558
-9.557544
-6.293205
-5.957304
-6.487553
-5.854189
-5.814891
-5.755156
-5.700289
-5.644263
-5.602856
-5.542747
-5.496564
-8.680763
-5.389979
-5.328804
-5.408415
-5.221295
-7.669113
-5.112662
-5.061221
-5.107660
-4.952821
-4.895402
-4.842928
-4.775628
-3.322457
-6.189721
-1.739610
-2.566584
-3.363074
-3.829967
-4.354410
-4.809256
-5.215991
-8.476312
-5.878603
-6.140368
-12.598603
-6.587968
-6.770080
-11.416528
-7.071241
-7.185322
-7.726789
-7.383946
-7.469140
-7.531221
-7.591290
-7.640454
-7.673472
