-1.358045
-1.807094
-2.191486
-2.521398
-4.500270
-3.111391
-3.356999
-3.593343
-3.806443
-3.997840
-4.163719
-4.315449
-4.866923
-4.600996
-4.710007
-4.818460
-4.916711
-5.000892
-5.568296
-5.152396
-5.211493
-5.263112
-5.309397
-8.386076
-5.395851
-5.434394
-5.483879
-5.488274
-5.514560
-8.672520
-5.552197
-5.557511
-5.603653
-5.576326
-5.585849
-5.575029
-5.579331
-7.048791
-5.554053
-5.555760
-5.529334
-5.544212
-5.523671
-8.923164
-5.478851
-5.464328
-5.729427
-5.428593
-5.400072
-5.396400
-5.369101
-5.769331
-5.316201
-5.302608
-5.267392
-5.240868
-5.231764
-5.182192
-5.153881
-5.133237
-6.044729
-5.070163
-7.929588
-5.014121
-4.977589
-4.980559
355.086975
-4.905882
-4.856674
-4.829931
-4.792688
-4.762926
-4.733037
-4.697173
-6.349268
-4.628826
-6.372693
-4.552322
-4.519236
-4.482621
-4.442935
-4.411343
-4.373728
-4.344915
-4.306734
-4.265603
-4.226127
-4.200935
-6.854756
-4.127749
-4.736159
-4.113324
-4.019959
-3.974395
-3.930660
-3.908906
-3.857038
-2.440362
-2.385216
-0.720254
-1.359603
-7.555299
-2.196157
-2.524512
-2.975860
-4.352450
-3.357648
-3.591683
-3.800036
-3.990784
-4.158542
-4.316802
-4.447180
-4.587445
-4.707603
-7.281596
-4.913992
-4.997074
-5.080588
-7.179189
-5.207537
-5.258568
-5.307685
-5.351868
-5.399110
-5.430264
-5.470025
-5.498945
-5.508684
-6.438853
-5.554385
-5.555060
-5.572753
-8.610427
-5.582915
-5.575176
-5.680357
-5.579217
-5.566573
-5.561594
-5.546525
-5.552156
-5.541606
-5.800067
-5.500489
-5.483991
-5.461588
-5.441360
-5.415174
-5.410157
-5.699265
-5.360872
-5.329288
-5.313605
-7.610775
-5.256973
-5.240138
-5.191399
-5.174986
-5.146105
-5.119620
-5.082880
-5.058025
-5.033655
-6.088465
-4.965546
355.072510
-4.908737
-5.962168
-4.841829
-4.803343
-4.770603
-4.738364
-4.706161
-4.662608
-4.635191
-4.587458
-4.556748
-7.015165
-4.487156
-4.450024
-4.463280
-4.676422
-4.353412
-4.314739
-4.269059
-4.244753
-4.214479
-4.168681
-4.129436
-4.095617
-4.055650
-7.478576
-6.636871
-3.934266
-4.268891
-3.858353
-2.434819
-2.357150
-0.707741
-1.351406
-1.784937
-2.162730
-2.505019
-2.803063
-3.084719
-3.335874
-5.763615
-3.782326
-5.680204
-4.143324
-4.306549
-4.440009
-4.577295
-4.697412
-4.800637
-4.901626
-4.992511
-5.070067
-5.144743
-5.201062
-5.769861
-5.307980
-7.894312
-5.389982
-5.433969
-5.472361
-5.495219
-5.513708
-5.534128
-5.557973
-5.557784
-8.786972
-5.571853
-5.581338
-5.616891
-5.578009
-8.631684
-5.553432
-5.558438
-5.662679
-5.532547
-5.538267
-5.509729
-5.494020
-5.481744
-7.257149
-5.447137
-5.422489
-5.407862
-5.372243
-5.361610
-5.328618
-5.312580
-5.929838
-5.252342
-5.234073
-9.317858
-5.178360
-5.148905
-6.478186
-5.089684
-5.058736
-5.030227
-4.990061
-4.963142
355.072998
-4.907289
-7.567753
-4.836283
-4.806677
-8.918482
-4.732244
-4.698826
-7.181417
-4.631243
-4.580109
-4.583810
-4.509728
-4.484110
-4.437539
-4.416834
-5.969527
-4.339895
-4.303415
-8.336013
-4.213723
-4.199719
-7.578816
-4.124163
-4.093220
-4.404481
-4.024542
-3.966964
-7.128998
-3.905832
-3.834672
-2.518059
-2.363110
52.925667
-1.335888
-1.762752
-2.146133
-2.485526
-2.786486
-3.071872
-3.324187
-3.561412
-6.942620
-3.968920
-4.137259
-4.314855
-4.438451
-6.347831
-4.699540
-4.806193
-4.901103
-4.992597
-5.067220
-5.138838
-5.194571
-5.248467
-6.458784
-5.348051
-5.386704
-5.426173
-5.457157
-8.265538
-5.508612
-5.524550
-5.601343
-5.546135
-5.565503
-5.563813
-5.573268
-5.563141
-5.885624
-5.562692
-5.553316
-5.554524
-5.530338
-5.535600
-5.535022
-5.506744
-9.388492
-5.467954
-5.455584
-9.532301
-5.408146
-5.408175
-6.490106
-5.354780
-5.326323
-5.307376
-5.283661
-5.256932
-5.241695
-5.210236
-8.139711
-5.158768
-5.120153
-9.269979
-5.059952
-5.034653
-7.236961
-4.972349
355.065399
-4.936112
-4.875936
-4.842935
-4.814135
-4.782269
-7.705604
-4.727554
-4.668400
-4.778653
-4.592622
-4.567677
-4.532869
-4.490763
-4.462496
-4.431670
-4.383482
-4.350284
-5.922313
-4.267187
-4.245347
-4.210443
-4.158470
-4.635164
-4.082742
-4.040446
-4.024542
-3.967920
-3.925564
-3.895266
-3.833040
-2.427091
-3.032881
-0.683112
-1.314291
-1.771071
-2.137500
-5.044839
-2.783351
-3.061620
-3.323128
-3.553475
-3.767805
-8.794087
-4.129459
-4.299590
-4.593066
-4.574857
-4.686208
-4.802566
-4.898116
-6.700199
-5.068138
-5.136489
-9.939243
-5.251616
-5.299925
-9.368491
-5.399290
-5.432190
-5.973724
-5.490140
-5.515793
-5.534920
-5.556460
-5.558475
-5.574929
-5.574383
-9.356544
-5.575777
-5.577641
-9.847611
-5.561676
-5.559955
-7.032829
-5.543174
-5.531293
-5.513718
-5.496076
-5.482789
-5.463794
-5.446810
-8.000879
-5.415272
-5.383964
-5.378276
-5.337921
-5.329055
-5.280684
-5.262083
-5.246421
-5.206029
-5.183688
-5.150162
-6.582975
-5.083591
-8.389656
-5.032125
-4.999200
-5.159551
355.070496
-4.915854
-4.867439
-4.838455
-4.808521
-4.773868
-4.744949
-4.703361
-5.066053
-4.641721
-4.596392
-4.570081
-4.526258
-5.574891
-4.452852
-4.424607
-4.382341
-4.351213
-4.309487
-7.212092
-4.233067
-4.204617
-4.194929
-4.131178
-4.099353
-4.060636
-4.018170
-5.852506
-3.941745
-3.921405
-7.928189
-2.420797
-2.374151
97.839203
-1.329618
-1.767123
-2.563007
-2.484228
-2.786882
-3.059482
-3.320827
-3.557553
-3.766295
-3.965717
-9.474581
-4.299535
-4.437338
-9.835715
-4.700848
-4.812357
-6.403578
-5.000014
-5.080016
-5.155019
-5.213034
-5.263963
-5.313731
-5.361722
-7.647115
-5.433108
-5.470593
-5.497969
-5.515829
-5.530912
-5.553752
-5.557662
-5.574826
-5.578928
-5.590429
-5.583041
-6.484078
-5.581837
-8.644963
-5.575875
-5.566463
-5.698787
-5.552078
-5.531627
-5.502613
-5.492167
-5.468390
-5.449077
-5.418719
-5.417055
-5.575373
-5.359902
-5.340681
-5.318072
-5.278935
-5.993964
-5.240152
-5.199158
-5.173634
-5.148318
-5.124633
-7.558961
-5.059296
-5.024640
-4.992151
-4.953921
355.076996
-4.918217
-4.864611
-7.258227
-4.808371
-4.768909
-8.889344
-4.706476
-4.665545
-7.454994
-4.592403
-4.557008
-4.600720
-4.495434
-4.450598
-4.431232
-4.376945
-5.508848
-4.295335
-4.270172
-8.214233
-4.206406
-4.156394
-7.857285
-4.086984
-4.045493
-4.691770
-3.968808
-3.938993
-3.910552
-3.840509
-2.433235
-2.365104
-0.683972
-2.978508
-1.770375
-2.156761
-2.490225
-2.794635
-3.082725
-3.326427
-3.570947
-3.781806
-3.987205
-4.153577
-4.310593
-4.831378
-4.586028
-7.682496
-4.815065
-4.914815
-4.998071
-5.079975
-5.150663
-5.205716
-5.258306
-5.304045
-8.325988
-5.396229
-5.435438
-5.505266
-5.505086
-9.121155
-5.546938
-5.589172
-5.930552
-5.632572
-5.640243
-5.653448
-5.654389
-5.667458
-7.781011
-5.663780
-5.671006
-5.676292
-5.659779
-5.675909
-5.660410
-5.649148
-8.476680
-5.628047
-5.612148
-9.837674
-5.587407
-5.557553
-8.032023
-5.493718
-5.470153
-5.446999
-5.373661
-5.339654
-5.289644
-5.245241
-6.731023
-5.116916
-5.051503
-9.081062
-4.870250
-4.827625
-8.198398
355.255310
-4.744348
-5.017047
-4.684611
-4.656836
-4.617552
-4.570342
-4.525448
-4.493861
-4.469778
-5.127030
-4.422371
-4.382619
-4.339296
-4.304350
-4.263483
-4.212966
-4.186305
-4.135809
-7.397627
-4.034076
-4.003665
-4.162718
-3.897503
-5.512984
-3.785748
-3.756799
-3.714828
-3.693263
-3.682021
-3.618070
-2.197378
-2.107917
92.144676
-1.322692
-1.786029
-2.151884
-2.493339
-7.694114
-3.090136
-3.347266
-3.770020
-3.816756
-4.019218
-4.198785
-4.368643
-4.503584
-6.425456
-4.775618
-4.894518
-5.006586
-5.097901
-5.188375
-5.267563
-5.321701
-9.125274
-5.435375
-5.490615
-10.159616
-5.575575
-5.594679
-7.717381
-5.651869
-5.672403
-5.690969
-5.671358
-5.674322
-5.673185
-5.674235
-7.861104
-5.649556
-5.595016
-9.870788
-5.508783
-5.484419
-8.698066
-5.466092
-5.422268
-5.572950
-5.376744
-5.358541
-5.344460
-5.305782
-6.579908
-5.277467
-5.263747
-5.529344
-5.244319
-5.207573
-5.177128
-5.158599
-5.119613
-5.089254
-5.052423
-5.023588
-7.737913
-4.946857
-4.886793
-4.870587
-4.768181
354.281006
-4.704432
-4.666932
-4.623495
-4.610432
-4.572978
-4.551095
-4.506105
-4.490979
-5.982432
-4.470321
-4.514347
-4.533689
-4.517509
-6.401997
-4.496406
-4.459112
-4.461794
-4.423892
-4.394406
-4.376787
-4.341657
-4.298625
-4.933069
-4.246858
-4.216787
-4.196083
-4.164705
-4.875173
-4.105923
-4.062292
-6.439483
-2.591115
-0.658168
-8.594618
-1.758026
-2.138674
-4.458877
-2.789034
-3.085648
-3.342554
-3.590324
-3.796642
-3.999923
-4.171547
-8.432504
-4.472698
-4.604008
-10.029765
-4.832469
-4.925142
-7.899720
-5.087252
-5.169016
-5.241803
-5.281125
-5.343883
-5.399691
-5.446168
-7.559556
-5.527692
-5.567174
-5.641616
-5.615407
-5.651460
-5.659487
-5.684130
-5.687111
-5.682534
-5.654539
-5.644539
-7.637983
-5.604371
-9.399388
-5.594965
-5.591122
-5.941726
-5.546188
-5.525296
-5.509509
-5.501462
-5.481931
-5.461544
-5.459867
-5.436911
-6.346161
-5.411373
-5.407793
-5.377576
-5.379261
-6.792026
-5.359243
-5.340290
-5.315303
-5.288640
-5.250002
-5.228616
-5.200640
-5.183123
-5.410683
354.884674
-5.096745
-5.042387
-5.001901
-6.467943
-4.918955
-4.880255
-8.910375
-4.794334
-4.790209
-8.281048
-4.735372
-4.699321
-5.233204
-4.621981
-4.577016
-4.511008
-4.445982
-4.759644
-4.229574
-4.203519
-7.573457
-4.082983
-4.009191
-7.987637
-3.783330
-3.707253
-5.066795
-3.625658
-3.591118
-3.482586
-2.035093
-1.992753
-0.728997
-1.365818
-4.728448
-2.189614
-2.529225
-2.849625
-3.128638
-3.392434
-3.640465
-3.856843
-4.055288
-4.233982
-4.394652
-4.532066
-6.493195
-4.772691
-8.536476
-4.967842
-5.050865
-5.277437
-5.203010
-5.256564
-5.308117
-5.352823
-5.396918
-5.449425
-5.490709
-5.527180
-6.015093
-5.587224
-9.432837
-5.645876
-5.654129
-6.228168
-5.703781
-5.724393
-5.730774
-5.738437
-5.743542
-9.034117
-5.743311
-5.745229
-5.796964
-5.730059
-5.714116
-5.704786
-5.693944
-7.261349
-5.642317
-5.603920
-9.820362
-5.541789
-5.515794
-8.322591
-5.448843
-5.396059
-5.444039
-5.311226
-5.237939
-5.168375
-5.012930
-6.221275
-4.923081
-4.874676
-8.884230
-4.796357
-4.776145
351.538391
-4.741820
-4.701711
-5.251667
-4.590775
-4.536136
-4.542748
-4.534970
-4.515185
-4.511483
-4.476099
-5.239344
-4.416387
-4.375797
-4.326753
-4.308453
-4.268864
-4.241049
-4.170847
-4.084719
-4.016365
-3.939591
-3.901921
-4.776255
-3.871416
-5.644850
-3.750788
-3.724642
-3.722517
-3.763799
-3.731789
-2.333535
-2.308830
-0.705842
-7.381399
-1.785661
-2.160927
-2.912590
-2.819169
-7.916423
-3.364854
-3.617092
-3.990250
-4.042017
-4.220547
-4.387036
-4.536991
-4.677532
-7.913697
-4.916368
-5.022002
-5.106736
-5.186399
-5.257014
-5.317349
-5.370661
-6.189689
-5.460634
-5.505413
-10.125425
-5.560306
-5.573191
-7.660728
-5.553654
-5.489952
-5.490823
-5.497201
-5.490730
-5.500571
-5.513243
-7.772587
-5.538451
-5.532627
-9.841643
-5.448478
-5.406031
-8.442983
-5.379532
-5.376418
-5.552232
-5.383526
-5.365729
-5.340069
-5.325551
-6.364656
-5.268760
-5.234567
-9.240309
-5.170581
-5.147991
-9.024554
-5.126635
-5.134169
-5.129179
-5.125959
-5.109300
-5.099567
-5.070948
-5.033159
-5.430135
355.029541
-6.229996
-4.963731
-4.953270
-4.953498
-4.945743
-4.928572
-4.905617
-4.868401
-4.839141
-7.636182
-4.746996
-4.701753
-4.667951
-4.606463
-6.467038
-4.511998
-4.481376
-4.435545
-4.405157
-4.348681
-4.298668
-4.228110
-4.150412
-5.675638
-3.961345
-3.906776
-3.886812
-3.866326
-6.828013
-3.683916
-2.133072
-2.188660
-0.696635
-1.351270
-1.794813
-2.180120
-2.514622
-4.153528
-3.100490
-3.371227
-3.599524
-3.813054
-4.015537
-4.187154
-4.342804
-8.841478
-4.633344
-4.751911
-10.051256
-4.963060
-5.051797
-7.241026
-5.188632
-5.233745
-5.270669
-5.315458
-5.358972
-5.399516
-5.435728
-7.893371
-5.486881
-5.515996
-10.023905
-5.548966
-5.556138
-8.911790
-5.588525
-5.603024
-5.766008
-5.625271
-5.641273
-8.716680
-5.672994
-9.273500
-5.744194
-5.695908
-6.107548
-5.664557
-5.662614
-5.650326
-5.639551
-5.622614
-5.617057
-5.591656
-5.570423
-7.474186
-5.521461
-5.478663
-5.464229
-5.453063
-6.308039
-5.397691
-5.378714
-5.346806
-5.297458
-5.255637
-5.203959
-5.153794
-5.106098
354.180817
-5.014126
-4.946573
-4.884217
-4.808657
-6.693001
-4.558881
-4.522279
-4.485187
-4.431829
-4.365996
-7.614079
-4.331351
-4.276814
-4.419111
-4.236668
-4.163283
-4.085136
-4.012866
-4.839953
-3.940304
-3.911301
-7.816282
-3.940233
-3.908614
-7.520482
-3.879264
-3.828489
-4.502313
-3.717456
-3.620939
-2.190876
-2.142310
-0.695870
-1.360518
-1.791890
-4.070990
-2.626187
-2.814729
-3.099848
-3.365701
-3.601150
-3.821012
-4.030379
-4.201811
-4.376012
-4.518959
-4.676754
-7.345313
-4.924482
-8.034948
-5.128941
-5.223646
-5.344608
-5.373672
-5.430078
-5.479125
-5.523818
-5.561530
-5.601026
-5.638535
-5.660699
-6.625943
-5.689830
-9.173173
-5.688495
-5.688634
-5.921315
-5.666002
-5.648740
-5.649802
-5.658355
-5.645482
-9.256918
-5.536485
-5.522274
-5.660159
-5.457362
-5.422091
-5.412015
-5.373649
-6.432939
-5.304218
-5.270875
-5.236001
-5.213914
-5.183299
-7.302378
-5.151812
-5.122268
-5.123793
-5.081610
-5.058791
-5.036317
-4.989874
-6.774022
-4.891615
-4.847109
-8.980995
-4.804873
355.212860
352.326477
-4.702271
-4.659271
-4.947051
-4.609807
-4.608932
-4.619609
-4.623430
-5.503431
-4.606173
-4.614218
-8.297860
-4.583079
-4.560496
-8.544317
-4.521486
-4.496641
-5.676146
-4.459102
-4.448497
-4.428408
-4.399364
-4.393983
-5.318467
-4.325995
-5.807796
-4.204040
-4.145742
-4.081095
-3.987034
-2.549106
-2.471184
-0.661515
-1.329017
-8.113914
-2.154944
-2.516849
-3.149163
-3.115571
-7.160800
-3.611969
-3.809879
-4.057911
-4.181765
-4.340782
-4.474187
-4.614844
-4.730525
-7.666751
-4.940801
-5.013384
-5.099625
-5.168377
-9.183078
-5.284552
-5.324556
-5.757283
-5.396502
-5.434818
-5.467657
-5.499727
-5.524453
-6.730402
-5.541397
-5.523165
-5.535600
-5.556969
-5.574324
-5.560839
-5.573474
-8.607576
-5.585732
-5.606441
-9.940085
-5.628736
-5.637421
-8.345222
-5.615119
-5.611026
-5.647110
-5.574664
-5.545105
-5.559512
-5.546713
-6.987653
-5.532595
-5.539479
-9.647701
-5.502314
-5.488607
-9.099606
-5.414685
-5.375859
-5.846735
-5.302785
-5.258997
-8.847428
-5.184612
-8.961029
354.622955
-5.103165
-5.731922
-5.029946
-5.010052
-4.976000
-4.939104
-4.892489
-4.836655
-4.778448
-4.700648
-7.219252
-4.566487
-4.496937
-4.436569
-4.308808
-5.478340
-4.101583
-4.051429
-3.968947
-3.976804
-3.927352
-3.862962
-3.822399
-3.802889
-4.838655
-3.715333
-3.545008
-3.489238
-3.418088
-5.839360
-2.032750
-2.021108
1.400137
-1.369247
-1.826109
-2.197728
-2.533952
-2.842426
-3.751701
-3.377544
-3.605501
-3.824017
-4.024942
-4.755815
-4.364264
-4.513023
-9.405625
-4.790634
-4.907918
-10.043693
-5.106419
-5.184376
-7.024674
-5.331568
-5.401848
-5.470766
-5.532936
-5.587567
-5.625483
-5.666474
-8.357790
-5.716472
-5.725149
-10.196136
-5.717877
-5.725718
-8.624159
-5.712453
-5.692771
-5.783684
-5.649258
-5.621692
-8.564548
-5.546498
-8.722068
-5.519382
-5.449002
-5.582546
-5.394250
-5.375760
-5.355743
-5.319627
-5.311324
-5.275363
-5.257272
-5.239375
-6.621053
-5.100134
-8.727215
-5.077361
-5.050656
-5.461731
-5.013599
-4.995666
-4.976384
-4.949152
-4.923976
-4.880477
-4.865716
355.171539
-5.454223
-4.833889
-4.827157
-4.807278
-4.800997
-6.364851
-4.779340
-4.764241
-4.759487
-4.715592
-4.691973
-7.802577
-4.665848
-4.652348
-4.741200
-4.606761
-4.589149
-4.561043
-4.533619
-5.612928
-4.442300
-4.344490
-8.276140
-4.258647
-4.178231
-7.854892
-4.009475
-3.944935
-4.582943
-3.780827
-2.329693
-2.230536
-0.702905
-1.334987
-1.787696
-2.159343
-4.255597
-2.889711
-3.096057
-3.358755
-3.595686
-3.815957
-4.027633
-4.202378
-4.370220
-4.500155
-4.634164
-4.755561
-7.246763
-4.978117
-7.834526
-5.158254
-5.227877
-5.304634
-5.336030
-5.375612
-5.416224
-5.451015
-5.481828
-5.513134
-5.523235
-5.526354
-6.463650
-5.567367
-8.674818
-5.593435
-5.610395
-5.779700
-5.620248
-5.635540
-5.634764
-5.655952
-5.678199
-9.268344
-5.705965
-5.699978
-5.935742
-5.680997
-5.682183
-5.677394
-5.667343
-6.640224
-5.656685
-5.635957
-5.613084
-5.573549
-5.509276
-8.063876
-5.427441
-5.407313
-5.384734
-5.334526
-5.286138
-5.230133
-5.163067
-6.886713
-5.080401
-5.043446
-9.140527
355.065521
-4.865037
-8.098938
-4.733857
-4.712120
-5.084956
-4.586994
-4.525257
-4.467209
-4.421693
-5.203828
-4.296682
-4.227095
-8.156580
-4.142720
-4.114954
-7.959947
-4.039558
-4.001158
-4.957357
-3.954073
-3.936361
-3.907105
-3.894334
-3.875289
-4.985962
-3.804842
-4.943046
-3.684814
-3.597989
-3.522444
-2.099867
-2.067335
-0.707878
-1.358783
-1.807599
-2.180352
-2.518625
-2.834707
-3.556808
-3.384088
-6.911278
-3.846522
-4.047843
-4.261330
-4.398211
-4.547051
-4.696694
-4.830642
-4.948678
-8.563601
-5.146194
-5.234233
-5.338434
-5.377349
-9.315983
-5.488968
-5.540814
-5.918936
-5.622632
-5.652740
-5.679654
-5.697878
-5.717846
-7.456497
-5.738427
-5.746083
-5.728581
-5.723727
-5.709672
-5.705348
-5.672835
-8.515487
-5.626576
-5.586154
-9.872846
-5.539120
-5.469950
-7.913143
-5.423702
-5.390233
-5.379068
-5.330166
-5.321897
-5.277446
-5.253433
-6.711977
-5.201166
-5.150814
-9.266690
-5.082388
-5.051585
-8.394464
-4.978096
-4.981391
-5.261777
-4.953496
-4.928880
-4.885122
-4.823546
351.674774
-5.201615
-4.697312
-5.168271
-4.623928
-4.580833
-4.602020
-4.589529
-4.567750
-4.572490
-4.552925
-4.533553
-7.468061
-4.519231
-4.507097
-4.522716
-4.474398
-5.819663
-4.445571
-4.415812
-4.398794
-4.365816
-4.328050
-4.325886
-4.288160
-4.257728
-5.982710
-4.149562
-4.121550
-4.064129
-3.963626
-5.154564
-2.437173
-0.690106
-1.382429
-1.784704
-2.161952
-2.514882
-2.821976
-3.105606
-4.470191
-3.591389
-3.797413
-4.002136
-4.173596
-4.338542
-4.474146
-4.632343
-9.121303
-4.873102
-4.984630
-10.046486
-5.146987
-5.214624
-7.111011
-5.319956
-5.368094
-5.422009
-5.479282
-5.533972
-5.566227
-5.592772
-8.725826
-5.596221
-5.604650
-10.048592
-5.615876
-5.628949
-8.346325
-5.630162
-5.647332
-5.716511
-5.661027
-5.684073
-5.699515
-5.729680
-9.109861
-5.810859
-5.734586
-6.010592
-5.742158
-5.722825
-5.696933
-5.705713
-5.681289
-5.679719
-5.659308
-5.641645
-7.437015
-5.559673
-5.514329
-5.486394
-5.444792
-6.092319
-5.324171
-5.244223
-5.191952
-5.143663
-5.061300
-5.009573
355.049255
-4.859149
-5.469192
-4.694379
-4.707338
-4.654257
-4.599152
-6.247298
-4.530962
-4.499953
-4.434366
-4.377565
-4.311175
-7.585986
-4.274297
-4.238676
-4.268857
-4.147332
-4.112019
-4.089042
-4.081381
-5.241637
-4.023909
-3.998979
-7.949996
-3.888344
-3.859163
-7.349431
-3.726806
-3.662493
-4.129218
-2.207074
-2.164115
-0.714134
-1.344672
-1.802176
-2.181964
-2.533829
-4.506328
-3.205921
-3.399005
-3.650819
-3.861761
-4.075471
-4.255948
-4.431221
-4.566859
-4.724080
-4.855330
-4.982040
-7.379797
-5.177558
-7.824442
-5.340609
-5.408044
-5.477456
-5.515227
-5.552868
-5.583870
-5.620249
-5.651849
-5.668456
-5.685678
-5.698505
-6.511456
-5.684064
-8.815164
-5.704020
-5.710494
-5.836851
-5.678270
-5.616910
-5.572549
-5.580199
-5.543697
-8.990392
-5.524600
-5.477224
-5.579692
-5.424993
-5.395253
-5.361644
-5.334994
-6.069727
-5.307425
-5.283623
-5.238569
-5.230140
-5.215865
-7.361355
-5.177013
-5.132987
-5.092559
-5.042764
-5.014408
-5.007817
-5.001608
-7.408376
-4.983354
-4.964590
350.895142
-4.944664
-4.899322
-7.745507
-4.844243
-4.828755
-4.905663
-4.737908
-4.707660
-4.674246
-4.623836
-5.850564
-4.545478
-4.517100
-8.471695
-4.435125
-4.400611
-8.056898
-4.341705
-4.321433
-4.922034
-4.248009
-4.195510
-4.150254
-4.099265
-4.048669
-4.725074
-3.949048
-5.006107
-3.878197
-3.806139
-2.389085
-2.332545
-0.706047
-1.343142
-1.790251
-2.181391
-8.991500
-2.825118
-3.114403
-3.537699
-3.609783
-6.624312
-4.024935
-4.198424
-4.361293
-4.494500
-4.637138
-4.755660
-4.866750
-4.967237
-7.523319
-5.136145
-5.214805
-5.279788
-5.328211
-8.909608
-5.424198
-5.461813
-5.694299
-5.527864
-5.550311
-5.571831
-5.584670
-5.610224
-6.548785
-5.621254
-5.621976
-5.631300
-5.623605
-5.631551
-5.625960
-5.613291
-9.102487
-5.607669
-5.592645
-9.850548
-5.564876
-5.545322
-7.295849
-5.507486
-5.486712
-5.466196
-5.450537
-5.414481
-5.399135
-5.373806
-7.772241
-5.320503
-5.288160
-9.482956
-5.246122
-5.210640
-7.955595
-5.152706
-5.126197
-5.182881
-5.067287
-5.029458
-4.996897
355.048492
351.710846
-4.999658
-4.867524
-5.104910
-4.799973
-4.764306
-4.724439
-4.683522
-4.660039
-4.612197
-4.579097
-4.549152
-6.947650
-4.469026
-4.454619
-4.410304
-4.373083
-4.973087
-4.299242
-4.263631
-4.216249
-4.176870
-4.142837
-4.097154
-4.055609
-4.035573
-4.862634
-3.930509
-3.908496
-3.845335
-2.423475
-4.070045
-0.704162
-1.335328
-1.791234
-2.162307
-2.504418
-2.813500
-3.097089
-3.354206
-3.900531
-3.802229
-4.000606
-4.181246
-4.339751
-6.041804
-4.624612
-4.742458
-9.952331
-4.950677
-5.039268
-9.477464
-5.197045
-5.251715
-5.902886
-5.357028
-5.402274
-5.447833
-5.477789
-5.518368
-5.543426
-5.562953
-9.389194
-5.601746
-5.602317
-9.986566
-5.622689
-5.629480
-7.223991
-5.619366
-5.614218
-5.596195
-5.605190
-5.586776
-5.596908
-5.577691
-7.963140
-5.530685
-5.518546
-5.520211
-5.477545
-5.452036
-5.436658
-5.403258
-5.387578
-5.357155
-5.342046
-5.301338
-6.509370
-5.260752
-8.661053
-5.191774
-5.168467
-5.310934
-5.105885
-5.073544
-5.046428
-5.014936
-4.976857
355.061646
-4.930539
-4.874542
-5.097893
-4.811635
-4.781531
-4.742039
-4.712145
-5.573809
-4.640245
-4.594398
-4.564480
-4.530875
-4.501117
-7.132280
-4.429101
-4.379561
-4.359560
-4.316481
-4.276879
-4.231058
-4.209569
-6.383281
-4.133759
-4.084689
-8.164617
-4.011264
-3.963412
-6.875612
-3.905156
-3.833033
-2.565071
-2.356669
-0.717823
-1.334713
-1.782628
-4.078366
-2.513680
-2.812694
-9.931615
-3.352655
-3.588883
-9.617356
-3.998584
-4.174770
-5.390398
-4.463327
-4.610384
-4.727561
-4.842639
-4.936194
-5.026116
-5.107161
-6.974544
-5.235423
-5.293706
-5.342731
-5.393361
-5.434835
-5.470075
-5.502351
-5.522584
-5.543392
-5.563496
-5.587922
-6.261500
-5.603065
-8.377350
-5.618153
-5.606301
-5.644457
-5.602723
-5.592118
-5.587139
-5.575042
-5.565270
-8.620233
-5.541941
-5.516348
-5.542485
-5.485193
-9.052330
-5.431081
-5.432061
-5.798228
-5.383876
-5.353849
-5.337319
-5.299644
-5.279595
-7.061244
-5.223719
-5.195750
-5.168057
-5.136982
-5.107824
-5.075552
-5.044720
-8.063251
-4.975094
355.063507
350.911011
-4.881249
-4.851501
-6.976109
-4.786231
-4.748200
-4.714112
-4.674109
-4.642513
-4.591228
-4.562459
-6.408153
-4.491131
-4.449915
-8.535329
-4.377580
-4.339212
-7.595969
-4.253725
-4.232192
-4.480897
-4.142433
-4.118043
-4.073836
-4.033362
-4.003348
-3.960482
-3.915900
-4.625243
-3.824823
-2.404931
-2.341468
-0.697633
-1.317023
-1.777314
-2.158919
-2.498844
-8.548503
-3.091672
-3.339459
-3.821758
-3.790890
-6.495312
-4.170085
-4.324923
-4.461244
-4.605173
-4.723794
-4.839692
-4.937376
-5.027335
-7.648315
-5.177714
-5.239755
-5.294961
-5.346345
-8.452713
-5.430159
-5.469894
-5.577624
-5.531350
-5.551253
-5.565883
-5.593640
-5.583954
-6.605297
-5.600812
-5.611244
-5.597671
-5.609009
-5.593250
-5.590424
-5.587589
-9.450990
-5.570721
-5.556094
-9.687634
-5.514163
-5.494380
-6.696008
-5.461864
-5.444291
-5.429971
-5.393683
-5.372443
-5.348467
-5.325284
-8.045012
-5.256564
-5.246791
-9.406445
-5.179972
-5.151706
-7.467333
-5.083905
-5.066809
-5.055116
-5.005456
-4.972622
355.071198
-4.908231
-6.542980
-4.844998
-4.803548
-8.883907
-4.731029
-4.692815
-4.648974
-4.620165
-4.571134
-4.537105
-4.504100
-4.471051
-6.649687
-4.401685
-4.364302
-4.331378
-4.288832
-4.948396
-4.208806
-4.179966
-4.137467
-4.111514
-4.067634
-4.028991
-3.987311
-3.942867
-4.805703
-3.871968
-3.811487
-2.394153
-2.327248
77.175835
-1.333019
-1.773325
-2.139508
-2.497779
-2.793952
-3.079952
-3.335703
-3.575004
-4.065690
-3.980191
-4.151070
-4.311357
-4.449318
-6.787647
-4.712237
-4.827435
-9.981900
-5.001213
-5.085406
-9.042655
-5.221645
-5.276146
-5.637652
-5.369496
-5.408075
-5.450764
-5.483781
-6.319007
-5.525102
-5.537290
-9.693455
-5.562315
-5.581988
-9.788292
-5.590876
-5.581901
-6.587245
-5.577684
-5.566703
-5.569462
-5.542871
-5.548208
-5.545343
-5.519155
-7.194150
-5.486368
-5.465837
-5.443648
-5.423404
-5.402104
-5.376396
-5.354807
-5.327184
-5.312908
-5.266627
-5.236769
-6.282698
-5.191399
-7.958398
-5.134494
-5.103337
-5.160199
-5.047316
-5.010556
-4.975690
-4.942719
355.091522
-4.903764
-4.849421
-4.814535
-5.006269
-4.746943
-8.095867
-4.686477
-4.642568
-4.911172
-4.563566
-4.535261
-4.504319
-4.464097
-4.432785
-6.893256
-4.362219
-4.317936
-4.280124
-4.231957
-4.210875
-4.166231
-4.131825
-5.138078
-4.061439
-4.015160
-8.081620
-3.935142
-3.896912
-5.695745
-3.807242
-2.389266
-2.333846
-0.682046
-1.323963
-1.772000
-2.155286
-6.580033
-2.785011
-3.075000
-10.178665
-3.567607
-3.781861
-8.325420
-4.152033
-4.308257
-4.653069
-4.594999
-4.714262
-4.831110
-4.925378
-6.198169
-5.088072
-5.163455
-9.820797
-5.269366
-5.318819
-9.593689
-5.402375
-5.438473
-6.139453
-5.495774
-5.523743
-5.545204
-5.569069
-5.567811
-5.853471
-5.584201
-6.883999
-5.590885
-5.588685
-5.583308
-5.570705
-5.567433
-5.552482
-5.554574
-5.537714
-8.160458
-5.499840
-5.488459
-5.473008
-5.450163
-7.320202
-5.410355
-5.380275
-5.358618
-5.331159
-5.316829
-5.267282
-5.249146
-5.232475
-6.572354
-5.169058
-5.137212
-5.106752
-5.074794
-8.032915
-5.014244
-4.985854
-5.085498
355.090546
-4.903054
-4.846115
-4.820068
-4.794765
-5.260915
-4.713161
-4.683868
-4.642663
-4.617624
-4.565629
-4.536709
-4.494524
-8.080028
-4.425777
-4.399950
-8.371417
-4.291251
-4.246485
-5.632303
-4.173637
-4.134969
-4.077075
-4.051968
-4.008348
-3.965812
-3.918142
-6.807442
-3.840569
-3.818372
-7.852146
-2.336294
-2.272739
94.682388
-1.317310
-1.757315
-2.234202
-2.461729
-2.774786
-8.089260
-3.315158
-8.643435
-3.843237
-3.980464
-4.483625
-4.334888
-4.483736
-4.631158
-4.755937
-4.873703
-4.977137
-5.074675
-5.153687
-7.159485
-5.292986
-5.354328
-5.410074
-5.456649
-6.099459
-5.534262
-5.572678
-5.587523
-5.604433
-5.616519
-5.627549
-5.615267
-5.607772
-6.299363
-5.597529
-5.582426
-5.566658
-5.516960
-6.993085
-5.478832
-5.462548
-5.452394
-5.446722
-5.417228
-8.597637
-5.360290
-5.327013
-5.399647
-5.283461
-5.271675
-5.250856
-5.233708
-6.751319
-5.208707
-5.179692
-9.309257
-5.156851
-5.121594
-8.580136
-5.058679
-5.018137
-5.232516
-4.945806
-4.918129
-4.870833
-4.848162
-5.590127
-4.804453
-4.770040
-8.637502
-4.755436
-4.751792
-8.734394
-4.735149
-4.714640
-5.748457
-4.660391
-4.646006
-4.626361
-4.632994
-4.610602
-4.591523
-4.571011
-5.999092
-4.515410
-4.472387
-4.438997
-4.403498
-4.343466
-4.297308
-4.236148
-4.173723
-4.113110
-4.016059
-3.984584
-4.676360
-3.910460
-5.138151
-2.455508
-0.684068
-1.388289
-1.781918
-2.156993
-2.505197
-2.821812
-3.104582
-8.876831
-3.604927
-3.812911
-4.210518
-4.190255
-8.816039
-4.483818
-4.625189
-5.001547
-4.838367
-4.906441
-4.995947
-5.072231
-5.143908
-7.571984
-5.247934
-5.285548
-5.338319
-5.368350
-5.397636
-5.426200
-5.458711
-8.858612
-5.517211
-5.539467
-9.979162
-5.546723
-5.526305
-7.643321
-5.544013
-5.559019
-5.548529
-5.519930
-5.519308
-5.519062
-5.513620
-7.540393
-5.474847
-5.443129
-9.690398
-5.399904
-5.354452
-8.540942
-5.321815
-5.301734
-5.449556
-5.254852
-5.248090
-5.198557
-5.181432
-6.385123
-5.143915
-5.167131
-9.164087
-5.137543
-5.118835
-8.955852
-5.086384
-5.074605
-5.060021
354.965302
-5.040109
-4.998483
-4.976985
-4.955179
-5.204170
-4.893601
-5.972110
-4.828117
-4.805864
-4.759060
-4.739524
-4.698542
-4.664673
-4.623880
-4.601522
-7.215435
-4.520567
-4.489428
-4.473063
-4.443989
-6.167094
-4.378033
-4.347162
-4.299532
-4.262789
-4.229441
-4.172989
-4.121522
-4.079312
-5.508674
-2.573561
-2.482867
-0.697578
-1.336585
-6.807489
-2.183317
-2.517218
-2.988517
-3.129621
-3.374976
-3.622570
-3.839979
-4.042264
-5.168543
-4.348685
-4.476010
-4.630827
-4.744271
-4.852690
-4.952340
-5.035927
-9.327008
-5.194562
-5.264245
-10.061875
-5.368154
-5.410733
-7.235247
-5.484974
-5.522744
-5.551824
-5.580686
-5.593559
-5.620644
-5.628152
-8.402863
-5.643675
-5.655859
-10.035458
-5.666095
-5.661203
-8.486732
-5.655960
-5.642510
-5.731933
-5.653253
-5.638908
-8.817822
-5.638061
-8.876081
-5.688387
-5.610866
-5.833450
-5.596956
-5.585996
-5.566432
-5.545790
-5.508825
-5.495211
-5.486749
-5.458254
-7.637160
-5.406759
-5.373212
-5.344887
-5.308748
-5.810685
-5.209720
-5.128132
354.936432
-5.042909
-4.981366
-4.973651
-4.940904
-4.890514
-5.715273
-4.830976
-4.775046
-4.731620
-4.659121
-6.051754
-4.536161
-4.460395
-4.340168
-4.228198
-4.209045
-7.564858
-4.046244
-4.012899
-4.126324
-3.941347
-3.891450
-3.862943
-3.806735
-5.145728
-3.730127
-3.655132
-7.644746
-3.602039
-3.583035
-5.521573
-2.139209
-0.742644
-1.764114
-1.827625
-2.204285
-2.543159
-2.851298
-4.024150
-3.381691
-3.620459
-9.680467
-4.034976
-4.205438
-9.855655
-4.506951
-4.657625
-6.268100
-4.902581
-5.012918
-5.112996
-5.201081
-5.283083
-5.353382
-5.415308
-7.385679
-5.530776
-5.582445
-5.628753
-5.668257
-5.700947
-5.723609
-5.742321
-5.772017
-5.775892
-5.794970
-5.803617
-7.030920
-5.796170
-8.815223
-5.768782
-5.733728
-5.824706
-5.694966
-5.691957
-5.693838
-5.672800
-5.646928
-5.639543
-5.613027
-5.581822
-5.921715
-5.528831
-9.016552
-5.452055
-5.412930
-5.744767
-5.306679
-5.235567
-5.142985
-5.111772
-5.079077
-7.783843
-5.011512
-4.970729
-4.941639
-4.905562
-4.872390
-4.840062
355.199341
-5.755161
-4.746954
-4.740018
-8.875134
-4.696823
-4.668819
-6.916930
-4.590549
-4.532916
-4.474282
-4.443518
-4.405035
-4.390140
-4.363663
-6.306447
-4.306150
-4.284509
-8.358683
-4.231882
-4.236331
-7.618578
-4.188823
-4.186079
-4.499070
-4.150091
-4.149569
-4.113020
-4.093095
-4.760050
-4.031529
-2.617698
-6.350987
-0.684532
-1.333935
-9.341954
-2.190106
-2.536984
-2.851851
-3.144599
-3.407481
-3.658592
-3.870708
-4.076845
-4.735031
-4.411386
-6.486989
-4.689655
-4.809779
-4.913133
-5.013273
-5.097157
-5.171719
-5.246340
-5.307734
-8.602757
-5.400805
-5.435801
-5.469707
-5.464733
-7.868278
-5.505667
-5.525020
-5.541082
-5.561279
-5.569274
-5.591277
-5.587634
-5.596624
-7.161067
-5.578082
-5.566325
-5.558226
-5.563267
-8.829449
-5.545080
-5.524648
-5.685695
-5.467950
-5.476260
-9.456333
-5.449112
-5.422189
-6.097779
-5.386306
-5.385256
-5.376908
-5.375691
-5.339573
-5.332037
-5.355090
-8.505666
-5.316726
-5.298951
-9.460793
-5.259605
-5.248287
-7.341864
-5.210785
-5.201393
354.825439
-5.161809
-5.120538
-5.104791
-5.078546
-7.051763
-5.000808
-4.953715
-9.021552
-4.812885
-4.693449
-7.807564
-4.564015
-4.538724
-4.539117
-4.501665
-4.450342
-7.471449
-4.341978
-7.651369
-4.250265
-4.129163
-4.407294
-3.868577
-3.836692
-3.774061
-3.723604
-3.691830
-3.639687
-3.586268
-3.490622
-3.837519
-1.967215
-0.731360
-1.354589
-1.836819
-3.204252
-2.561628
-2.877936
-3.156429
-3.404865
-3.626203
-3.834679
-4.028248
-4.203177
-5.356431
-4.496631
-4.640471
-4.762630
-4.870537
-6.770278
-5.065471
-5.161389
-5.246646
-5.314732
-5.376008
-9.366590
-5.501266
-5.553185
-5.761497
-5.647110
-5.683505
-5.715661
-5.744433
-7.287724
-5.789925
-5.803026
-10.089620
-5.813278
-5.796662
-9.628787
-5.786192
-5.772359
-6.274262
-5.707062
-5.671165
-5.651976
-5.614040
-6.028967
-5.569758
-5.552580
-9.098003
-5.512053
-5.490855
-9.622260
-5.412714
-5.367414
-6.960022
-5.249429
-5.146502
-5.129434
-5.066406
-5.022031
-5.007398
-4.972061
-6.630929
-4.899948
-4.856999
-4.805250
-4.746133
355.309967
-4.690676
-4.673748
-4.652619
-4.625745
-4.592731
-4.536874
-5.572626
-4.429780
-7.319442
-4.418384
-4.409858
-4.470455
-4.368994
-4.355754
-4.340227
-4.320541
-4.320928
-4.308633
-4.278020
-4.278289
-4.585721
-4.237591
-7.830047
-4.210084
-4.193114
-4.694017
-4.156147
-4.118347
-4.096361
-4.038550
-2.625464
-5.356645
-0.695051
-1.347937
-1.850438
-2.186090
-2.535509
-2.844003
-3.137353
-7.255508
-3.637978
-3.844808
-10.133713
-4.225327
-4.390213
-8.300473
-4.667017
-4.786021
-5.033751
-4.989913
-5.071752
-5.137854
-5.197373
-6.654045
-5.300478
-5.350899
-9.952897
-5.429928
-5.472025
-9.576359
-5.522052
-5.534974
-6.210808
-5.576017
-5.565490
-5.586185
-5.598537
-5.619836
-5.619715
-5.613424
-6.525202
-5.604959
-5.601933
-5.577391
-5.577182
-5.560301
-5.531743
-5.511349
-5.485180
-5.456574
-5.426777
-5.414054
-5.947241
-5.402665
-7.351264
-5.393601
-5.385363
-5.369421
-5.350123
-5.343629
-5.322238
-5.310251
-5.296219
-8.572335
-5.269085
-5.259926
-5.337148
-5.222178
-7.999202
354.834717
-5.158162
-5.190370
-5.085612
-5.045979
-5.002597
-4.960742
-4.920520
-7.027792
-4.848881
-4.787501
-4.738896
-4.702927
-4.679972
-4.650558
-4.638064
-5.220139
-4.570558
-4.526263
-8.559838
-4.406546
-4.338051
-6.008775
-4.201884
-4.133757
-4.064904
-4.010076
-3.931242
-3.835618
-3.775833
-5.835836
-2.119811
-2.054119
100.898621
-1.358032
-1.822311
-7.559700
-2.538910
-2.853361
-3.292050
-3.400972
-3.637336
-3.857840
-4.058246
-5.813244
-4.396981
-4.534887
-9.896879
-4.784142
-4.891024
-9.517359
-5.073097
-5.147266
-5.217541
-5.280077
-5.334899
-9.281339
-5.434763
-5.487124
-5.702808
-5.559668
-6.778074
-5.623557
-5.660345
-5.698530
-5.713779
-5.745793
-5.757230
-5.771993
-5.768795
-8.486239
-5.786097
-5.790234
-5.796183
-5.804167
-7.576160
-5.791141
-5.766093
-5.743821
-5.729995
-5.708554
-5.684132
-5.652175
-5.629160
-6.915046
-5.531203
-5.477680
-5.447504
-5.394761
-8.238446
-5.332209
-5.291269
-5.357366
-5.225472
-5.188455
-9.021154
-5.120222
-5.082573
-5.772664
-5.013412
355.032990
-4.934924
-4.836225
-4.759634
-4.644501
-4.605463
-8.101399
-4.496611
-4.458358
-8.534122
-4.413152
-4.410186
-5.907104
-4.333518
-4.272344
-4.241121
-4.204278
-4.182808
-4.142161
-4.122299
-6.699680
-3.992013
-3.945040
-8.043736
-3.878185
-3.844385
-6.393362
-3.794706
-3.731744
-3.732872
-3.620700
-2.225594
-4.885993
-0.722549
-7.047784
-1.823090
-2.196130
-2.840846
-2.830425
-3.122723
-3.390658
-3.627139
-3.839679
-4.053438
-4.235737
-4.403422
-6.809648
-4.701311
-4.831479
-4.952690
-5.060633
-5.817629
-5.242697
-5.322726
-5.387895
-5.445659
-5.508381
-5.566243
-5.617630
-5.659507
-6.411449
-5.721969
-5.740878
-5.754044
-5.781092
-7.461507
-5.797419
-5.791470
-5.794522
-5.777490
-5.770392
-9.229742
-5.739049
-5.727389
-5.819692
-5.703520
-5.680110
-5.648416
-5.618706
-6.953213
-5.562989
-5.527420
-9.633205
-5.458740
-5.409406
-9.147584
-5.209268
-5.199855
-5.663270
-5.109032
-5.116211
-5.063128
-5.048983
-5.537188
-5.012646
-4.989007
-8.749990
-4.939522
-4.904561
-8.933353
355.174957
-4.796066
-5.957181
-4.701482
-4.673324
-4.635952
-4.592116
-4.557673
-4.525813
-4.494899
-5.835074
-4.343032
-4.312623
-4.284149
-4.271155
-4.237638
-4.168740
-4.126684
-4.095749
-4.073053
-4.061471
-4.035719
-4.808451
-4.055889
-6.657089
-4.004027
-3.984517
-3.982366
-3.988225
-4.023571
-3.981890
-2.597177
-2.555291
98.519478
-1.351311
-1.800892
-2.444148
-2.545344
-8.526216
-3.151300
-3.416968
-4.006569
-3.889491
-4.091994
-4.274102
-4.433932
-4.572986
-7.615805
-4.838005
-4.941284
-5.041365
-5.117944
-5.197171
-5.268663
-5.328124
-8.876790
-5.422385
-5.459226
-10.128433
-5.517887
-5.539330
-7.700274
-5.547601
-5.541742
-5.557993
-5.557215
-5.568587
-5.574133
-5.570666
-7.892134
-5.566767
-5.539807
-9.877816
-5.548480
-5.534914
-8.480149
-5.532563
-5.517406
-5.630105
-5.501640
-5.491039
-5.465586
-5.436778
-6.646277
-5.395936
-5.389723
-9.517546
-5.355829
-5.330380
-8.982569
-5.314300
-5.287718
-5.266634
-5.250798
-5.227128
-8.580771
-5.164809
-5.156613
-5.269880
-5.129716
353.910400
-5.092988
-5.057127
-5.029864
-4.999848
-4.975331
-4.953543
-4.927951
-4.896487
-7.047587
-4.785383
-4.748909
-4.618670
-4.697048
-6.146562
-4.612847
-4.533261
-4.456029
-4.406195
-4.384175
-4.356720
-4.305710
-4.256668
-5.177556
-4.148258
-4.104957
-4.083412
-3.989066
-6.548603
-3.861593
-3.749162
-2.304821
-2.079360
-0.749146
-7.616234
-1.825713
-2.209941
-3.064876
-2.861195
-3.153069
-3.405330
-3.645970
-4.527171
-4.065090
-4.232520
-9.436875
-4.524109
-4.658926
-9.898305
-4.886666
-4.979648
-6.474079
-5.142901
-5.213330
-5.275359
-5.338141
-5.395620
-5.451172
-5.506694
-8.613470
-5.598835
-5.627043
-10.171566
-5.674276
-5.701899
-8.600238
-5.740035
-5.756226
-5.770695
-5.771326
-5.781409
-8.180782
-5.787352
-8.630999
-5.796094
-5.781022
-5.856034
-5.763962
-5.747960
-5.737118
-5.716763
-5.694213
-5.658643
-5.655572
-5.610671
-6.660124
-5.550135
-8.838023
-5.477256
-5.444871
-5.647955
-5.369626
-5.335796
-5.298459
-5.260241
-5.218829
-8.832225
-5.128486
-5.077774
-5.308026
355.058929
-4.901852
-4.818289
-4.747545
-5.713521
-4.606391
-4.559755
-4.510641
-4.468043
-4.429165
-6.878304
-4.337035
-4.300329
-4.277374
-4.224614
-4.194143
-4.173474
-4.165459
-6.170160
-4.085423
-4.051711
-8.116164
-3.958202
-3.884396
-6.951224
-3.857308
-3.822642
-3.901483
-3.695449
-3.695859
-3.676468
-2.283954
-3.300727
-0.708779
-1.360135
-9.463942
-2.183890
-2.536219
-9.888893
-3.143616
-3.405111
-5.061294
-3.873864
-4.084405
-4.255954
-4.434574
-4.571517
-4.722413
-4.852424
-6.467671
-5.087151
-5.173078
-5.257882
-5.335252
-5.395747
-5.448969
-5.488096
-5.526251
-5.560759
-5.591682
-5.609824
-6.178711
-5.639508
-8.200662
-5.680956
-5.681373
-5.706455
-5.688622
-5.685669
-5.677857
-5.671778
-5.648158
-8.848038
-5.574591
-5.529525
-5.574231
-5.506917
-8.456970
-5.447343
-5.438271
-5.531878
-5.404333
-5.384062
-5.384892
-5.345496
-5.296669
-7.030005
-5.244442
-5.206972
-5.208807
-5.219333
-5.214020
-5.202539
-5.201197
-8.614491
-5.195661
-5.189015
-9.342358
-5.165528
-5.157228
353.069244
-5.109203
-5.069243
-5.037432
-5.004411
-4.986574
-4.956685
-4.929495
-7.139986
-4.845957
-4.805546
-8.922142
-4.723896
-4.673265
-7.461005
-4.558247
-4.494076
-4.552772
-4.380896
-4.304200
-4.250183
-4.183169
-5.312901
-4.035473
-3.939452
-7.808907
-3.751506
-3.714527
-3.697375
-3.667295
-3.607036
-2.196149
-2.133533
-0.729734
-6.639735
-1.832980
-9.215761
-2.742983
-2.868981
-4.110983
-3.412577
-3.650894
-3.859295
-4.064516
-4.223060
-4.389761
-4.526575
-4.667406
-7.457673
-4.898243
-4.991088
-5.065659
-5.151857
-6.528577
-5.281040
-5.347034
-5.413650
-5.454350
-5.481515
-5.508083
-5.527419
-5.559173
-6.588538
-5.579779
-5.592672
-5.587374
-5.614097
-7.573850
-5.635245
-5.651548
-5.657014
-5.640040
-5.627867
-5.619698
-5.594057
-5.591553
-5.811161
-5.567356
-5.547508
-5.540757
-5.518066
-6.726747
-5.480040
-5.445441
-9.526466
-5.397933
-5.377181
-9.056945
-5.337866
-5.310795
-5.823655
-5.268498
-5.236103
-5.199968
-5.174412
-5.129694
-5.102367
-5.072369
-8.606961
-5.012702
355.030670
350.948822
-4.913925
-4.877865
-6.410378
-4.806994
-4.783799
-4.741624
-4.704750
-4.675052
-4.626554
-4.605448
-6.716166
-4.539721
-4.486429
-4.464304
-4.410542
-4.374627
-4.329656
-4.287794
-4.269895
-4.235953
-4.189588
-4.159701
-5.516563
-4.067418
-7.317684
-3.981744
-3.953322
-4.103867
-3.864810
-2.446486
-2.396089
-0.722549
-1.360491
-1.815836
-2.188835
-2.534129
-3.685934
-3.120503
-3.381704
-3.611614
-3.823190
-5.058288
-4.200459
-4.360132
-4.498031
-4.640888
-4.757781
-8.758796
-4.966568
-5.057193
-5.204747
-5.201095
-5.265597
-5.315037
-5.369726
-7.360191
-5.456921
-5.491896
-10.102802
-5.548482
-5.574806
-8.650151
-5.616376
-5.613373
-5.737340
-5.635492
-5.636649
-5.630387
-5.627822
-6.837454
-5.614411
-5.606720
-9.775042
-5.592625
-5.578756
-9.427069
-5.539250
-5.525765
-6.160535
-5.484635
-5.455609
-5.451861
-5.417036
-5.391430
-5.366512
-5.351362
-6.360646
-5.294020
-5.274494
-5.233814
-5.208959
-5.184628
-5.150616
-5.119327
-5.094349
-5.061345
-5.023706
-5.002088
354.185272
-4.957627
-7.068918
-4.868699
-4.837672
-4.817239
-4.772078
-4.733960
-4.704354
-4.667853
-4.616978
-4.586473
-4.557130
-4.527290
-4.689723
-4.456094
-7.314760
-4.375248
-4.337006
-4.410929
-4.270673
-4.226159
-4.179636
-4.144989
-4.106238
-6.581160
-4.030532
-3.985897
-3.950139
-3.912915
-3.859091
-2.443467
-2.379236
45.045597
-1.349590
-1.802039
-2.181022
-2.527832
-2.825343
-5.815456
-3.362668
-3.598063
-3.808328
-4.016274
-4.187400
-4.353370
-4.484303
-7.678413
-4.752587
-4.852153
-10.055649
-5.039848
-5.122558
-8.443398
-5.252176
-5.308303
-5.449983
-5.397043
-5.442526
-5.487134
-5.511968
-6.902127
-5.568889
-5.577544
-9.956954
-5.600619
-5.619875
-9.520542
-5.619994
-5.613818
-6.176980
-5.605377
-5.600348
-5.595130
-5.584016
-5.574067
-6.071964
-5.543490
-6.467985
-5.519024
-5.493089
-5.477347
-5.445821
-5.438850
-5.411072
-5.386691
-5.362483
-8.798983
-5.318386
-5.285127
-5.318193
-5.234238
-6.796173
-5.173535
-5.149168
-5.112688
-5.091207
-5.055840
-5.028501
-4.997798
355.044159
353.157562
-4.889473
-4.863590
-4.832003
-4.801257
-7.476273
-4.737990
-4.689997
-4.732959
-4.606487
-4.576993
-4.539112
-4.511485
-4.473260
-5.244790
-4.393153
-4.366731
-4.331016
-4.279400
-4.252280
-4.216890
-4.167226
-7.672898
-4.097038
-4.055383
-8.060043
-3.974361
-3.940680
-5.324640
-3.837240
-2.428683
-2.375626
-0.725281
-1.348251
-1.802231
-2.171145
-7.423329
-2.823499
-3.094999
-10.207373
-3.592851
-3.805958
-7.776423
-4.179907
-4.342114
-4.549667
-4.621876
-4.738971
-4.855732
-4.953815
-6.698532
-5.119956
-5.193640
-5.455840
-5.297717
-5.352704
-5.390882
-5.433836
-5.464806
-5.502227
-5.530619
-5.546504
-8.014900
-5.584587
-5.584799
-5.608656
-5.598876
-6.240950
-5.597364
-5.598497
-5.591976
-5.580732
-5.582644
-5.565882
-5.566499
-5.559468
-6.667993
-5.518220
-5.501272
-5.484749
-5.468584
-6.871261
-5.436480
-5.399727
-5.381376
-5.355816
-5.329218
-5.303619
-5.280046
-5.259604
-5.523920
-5.191146
-5.162744
-5.133936
-5.098084
-6.560558
-5.042972
-5.013365
-9.079670
355.065277
-4.924815
-8.412320
-4.849110
-4.821321
-5.211069
-4.747722
-4.709249
-4.683972
-4.647158
-4.594739
-4.573974
-4.528320
-8.142058
-4.457961
-4.430577
-8.430198
-4.354061
-4.306577
-5.629578
-4.245688
-4.208988
-4.156448
-4.141560
-4.093022
-4.053279
-4.005179
-5.912120
-3.942469
-3.897131
-3.836274
-2.416259
-2.356235
-0.733587
-1.356242
-1.800277
-2.164588
-2.509827
-2.812735
-5.623924
-3.352485
-8.467960
-3.797249
-3.997232
-4.448511
-4.337012
-4.473142
-4.614513
-4.734722
-4.839405
-4.935675
-5.026956
-5.100824
-5.859553
-5.233862
-5.288461
-5.333426
-5.379642
-6.041259
-5.462851
-5.495413
-5.522974
-5.540668
-5.560641
-9.013574
-5.575396
-5.590813
-5.682870
-5.598263
-5.590936
-5.594754
-5.578913
-7.100640
-5.568663
-5.572200
-9.872224
-5.546559
-5.523308
-8.138615
-5.487202
-5.470719
-5.505857
-5.428910
-5.416201
-5.389230
-5.367771
-6.768791
-5.328426
-5.294384
-9.397270
-5.261243
-5.217066
-8.841664
-5.169027
-5.145657
-5.603546
-5.080511
-5.042166
-5.010770
-4.979520
355.050751
-4.931932
-4.891631
-5.700589
-4.825309
-4.789372
-4.754593
-4.725860
-4.689259
-4.655900
-4.606009
-4.581146
-4.538538
-4.509655
-4.460871
-5.294459
-4.378817
-6.239780
-4.303080
-4.275616
-4.230143
-4.211453
-4.159235
-4.129552
-4.092626
-4.045076
-7.467620
-3.971970
-3.941574
-4.100869
-3.848046
-5.037832
-2.363513
-0.732549
-1.400556
-1.797053
-2.162006
-2.503188
-2.809566
-3.089268
-7.284946
-3.582592
-3.784532
-3.994329
-4.163050
-4.318461
-4.458081
-4.601335
-5.363247
-4.834279
-4.930405
-5.010536
-5.099064
-5.170774
-6.804435
-5.282789
-5.331771
-5.379601
-5.416873
-5.449710
-5.478865
-5.506490
-8.660880
-5.542356
-5.566598
-10.019774
-5.585300
-5.586762
-8.164574
-5.597579
-5.599730
-5.645709
-5.577385
-5.582576
-5.570772
-5.576219
-6.948421
-5.531989
-5.516922
-9.682734
-5.481689
-5.463469
-9.154690
-5.426064
-5.396299
-5.865179
-5.348931
-5.336732
-5.294221
-5.272137
-5.258129
-5.674402
-5.188128
-6.074751
-5.135070
-5.106568
-5.081781
-5.046701
-5.006617
-4.973086
355.066772
-4.921017
-7.913061
-4.844110
-4.808125
-4.827416
-4.747448
-6.288197
-4.675216
-4.649193
-4.590464
-4.571502
-4.529864
-4.499205
-4.463616
-4.430235
-6.219075
-4.362250
-4.309910
-4.269516
-4.230389
-6.951083
-4.158668
-4.124860
-4.162041
-4.039510
-4.012446
-3.972373
-3.932005
-3.898558
-4.600917
-2.421562
-2.366921
-0.715282
-1.352226
-1.803515
-2.166282
-2.503516
-9.195814
-3.093209
-3.347717
-10.034198
-3.794777
-3.991556
-6.166529
-4.324998
-4.454126
-4.602451
-4.715209
-4.834361
-4.928513
-5.015235
-8.124467
-5.166419
-5.227715
-10.047359
-5.332237
-5.370506
-8.333322
-5.454271
-5.491409
-5.565161
-5.533505
-5.551292
-5.577294
-5.567888
-7.099391
-5.587893
-5.593913
-5.761682
-5.597165
-5.581942
-5.572747
-5.572843
-5.565486
-5.552463
-5.545124
-5.523888
-7.758617
-5.486410
-5.470344
-5.458284
-5.421198
-5.954181
-5.380357
-5.356159
-5.333591
-5.315340
-5.279686
-5.250156
-5.233089
-5.201439
-6.192466
