-1.359221
-1.811292
-2.195859
-2.547401
-5.946932
-3.134811
-3.392808
-3.628734
-3.842173
-4.033724
-4.207747
-4.375187
-5.718328
-4.646048
-4.759774
-4.876374
-4.967507
-5.048747
-6.502988
-5.199702
-5.262028
-5.319336
-5.373167
-5.413103
-5.444830
-5.492292
-5.793227
-5.548067
-5.566988
-5.590138
-5.610112
-5.611633
-7.138841
-5.628104
-5.629866
-5.643900
-5.635026
-8.436711
-5.632380
-5.628048
-5.620290
-5.605883
-5.592949
-5.576677
-5.565578
-5.537210
-8.410076
-5.516824
-5.476893
-5.560682
-5.437704
-7.069025
-5.398942
-5.371697
-5.342305
-5.326128
-5.299547
-5.266569
-5.248024
-5.217247
-5.175789
-5.142355
-5.120302
-5.588372
-5.059514
-5.717399
355.007202
-4.963392
-4.924801
-4.897007
-4.868684
-4.840893
-4.795455
-4.770576
-4.739416
-4.707831
-4.653789
-6.448793
-4.591279
-4.764839
-4.513417
-4.486922
-4.457294
-4.411246
-4.376041
-4.333798
-4.308974
-4.284070
-4.233280
-4.189291
-6.736128
-7.628935
-4.089738
-4.061034
-4.471903
-3.972262
-3.916734
-2.500237
-2.431519
-0.714049
-1.354344
-1.808751
-2.203536
-2.542087
-5.400087
-3.131690
-3.381648
-3.607465
-6.328991
-4.022700
-4.193553
-4.355072
-4.498811
-4.632435
-4.749604
-4.860159
-4.947324
-5.041152
-5.825862
-5.188538
-5.256441
-5.316230
-8.901482
-5.403240
-5.437982
-5.708351
-5.518228
-5.545803
-5.566334
-9.496362
-5.608831
-5.607161
-5.753905
-5.627964
-5.626843
-5.641527
-5.636348
-5.629651
-5.623555
-6.388869
-5.607812
-5.607570
-5.596119
-7.972270
-5.562935
-5.534540
-5.511959
-5.511441
-5.481319
-5.462382
-5.438066
-5.420197
-5.397672
-7.489206
-5.351853
-5.330431
-5.312128
-6.489255
-5.257941
-5.216879
-5.180802
-5.155469
-5.117569
-5.091681
-5.063052
-5.034913
355.008392
-4.969949
-4.929049
-4.905805
-5.516118
-5.242084
-4.800045
-4.762626
-4.739689
-4.702831
-4.655647
-4.623617
-4.601182
-4.564564
-4.526203
-4.486390
-7.398115
-4.417577
-6.279622
-4.384806
-4.326965
-4.281141
-4.247193
-4.203082
-4.176671
-4.127794
-4.111335
-4.064586
-4.022893
-3.990546
-5.744480
-2.520338
-5.692928
-0.672767
-1.327720
-2.164044
-2.174877
-2.519684
-2.828944
-3.109819
-3.366348
-3.601174
-3.814839
-4.010911
-5.257540
-4.332403
-4.482528
-4.625137
-4.740561
-5.837306
-4.944848
-5.034240
-5.115295
-5.185350
-5.253299
-5.309486
-5.365144
-5.398028
-5.596695
-5.483871
-5.508801
-5.532595
-5.560534
-7.772130
-5.598126
-5.606655
-10.055669
-5.622186
-5.624753
-8.813204
-5.627500
-5.640275
-5.785649
-5.627460
-5.610455
-5.600959
-5.600005
-6.505760
-5.572245
-5.538037
-9.515686
-5.517718
-5.480117
-9.468827
-5.444835
-5.424541
-6.366001
-5.377694
-5.348561
-5.322972
-5.301596
-5.264616
-5.249308
-5.211688
-8.152018
-5.156876
-5.126162
-9.280048
-5.065361
-5.046865
355.003235
-4.970673
-4.933598
-4.906952
-4.867578
-4.845428
-5.960193
-4.787720
-7.793440
-4.708651
-4.660810
-4.742448
-4.606223
-4.565438
-4.534235
-4.503779
-4.460231
-4.431463
-4.407884
-4.355778
-4.637862
-4.287472
-4.243053
-4.205541
-4.181773
-4.697254
-4.083010
-4.060774
-4.023242
-3.980185
-3.927639
-5.293989
-2.453229
-0.683668
-1.357049
-1.770598
-2.168579
-2.508182
-2.822838
-5.749496
-3.344942
-3.588976
-10.135148
-4.004839
-4.177196
-7.914023
-4.481169
-4.620695
-4.808979
-4.847325
-4.944588
-5.027765
-5.115760
-6.697931
-5.252964
-5.306978
-9.960673
-5.399153
-5.434453
-9.541058
-5.515491
-5.535975
-6.222886
-5.576584
-5.603377
-5.600161
-5.621515
-5.618446
-5.622421
-5.635175
-6.933439
-5.626635
-5.626164
-5.618636
-5.590101
-5.608643
-5.593264
-5.572100
-5.563591
-5.540946
-5.520073
-5.517042
-6.083763
-5.467266
-8.040450
-5.429868
-5.411141
-5.387174
-5.362194
-5.332657
-5.308413
-5.268236
-5.253666
-8.414213
-5.186171
-5.163201
-5.203425
-5.099153
-8.347103
-5.044297
355.001465
-5.237255
-4.936453
-4.911392
-4.881634
-4.850837
-4.810263
-6.812503
-4.749880
-4.713008
-4.660428
-4.636539
-4.601333
-4.567515
-4.519782
-7.616132
-4.459535
-4.422884
-8.509959
-4.347718
-4.322976
-6.287440
-4.243552
-4.210404
-4.181220
-4.129583
-4.096951
-4.061355
-4.026691
-5.907630
-3.934845
-2.507914
-6.566028
-0.691905
-1.317106
-7.534622
-2.159482
-2.511051
-3.227499
-3.092539
-3.351185
-3.586325
-3.805700
-3.996718
-4.169935
-4.346233
-5.398046
-4.618351
-4.739082
-4.854394
-4.949100
-5.030760
-5.113786
-5.184344
-5.255648
-5.309384
-5.356288
-5.395972
-5.671006
-5.487376
-7.470710
-5.536119
-5.561906
-5.583445
-5.602259
-5.598643
-5.616000
-5.620263
-5.619805
-8.257521
-5.620540
-5.632369
-5.612742
-5.611307
-8.345981
-5.610186
-5.591351
-5.631626
-5.563303
-5.535810
-5.519882
-5.512760
-5.475916
-6.771955
-5.443851
-5.425292
-5.405021
-5.382516
-5.354053
-5.330184
-5.307771
-9.007259
-5.251575
-5.220799
-9.247826
-5.157600
-5.124154
-6.357410
-5.075757
-5.039462
355.001068
-4.990726
-4.947012
-4.915558
-4.882248
-7.559390
-4.813200
-4.783363
-8.907841
-4.719319
-4.669471
-7.205660
-4.615785
-4.569741
-4.576432
-4.491062
-4.462690
-4.423602
-4.394292
-5.756574
-4.302001
-4.285430
-8.273917
-4.202857
-4.176903
-7.698699
-4.091609
-4.052701
-4.018379
-3.981080
-3.925925
-5.414518
-2.441542
-0.673723
-1.358496
-1.768631
-3.928896
-2.497391
-2.812360
-3.090237
-3.342791
-3.578335
-3.801937
-3.998521
-4.168781
-6.671209
-4.475923
-4.618154
-4.737774
-4.856457
-7.122517
-5.040070
-5.119214
-5.188244
-5.258231
-5.311793
-5.359994
-5.409439
-5.442674
-6.202898
-5.508343
-5.542590
-5.564652
-5.574103
-8.794823
-5.600035
-5.624014
-9.933081
-5.623336
-5.637740
-9.470233
-5.635825
-5.636559
-6.181048
-5.606343
-5.605665
-5.593018
-5.579450
-5.567388
-5.535455
-5.516091
-9.127965
-5.474018
-5.457621
-9.601647
-5.416181
-5.395841
-6.844696
-5.340843
-5.323545
-5.302292
-5.261829
-5.246508
-5.209693
-5.186772
-7.695807
-5.126735
-5.097145
-9.245860
-5.041511
355.004974
352.318146
-4.933980
-4.909329
-4.879954
-4.849226
-4.812913
-6.774308
-4.749347
-8.041742
-4.669047
-4.642714
-4.847055
-4.566791
-4.530287
-4.498206
-4.465955
-4.435842
-4.403636
-4.356358
-4.325722
-5.160623
-4.244290
-4.200097
-4.165244
-4.125417
-4.801054
-4.053746
-4.012587
-3.978484
-3.927875
-2.499407
-2.440115
-0.679379
-1.319045
-2.076167
-2.160765
-2.511201
-2.815967
-3.091528
-6.060667
-3.588928
-3.800031
-3.995632
-4.169279
-4.340141
-7.965938
-4.611914
-4.729404
-4.909354
-4.941146
-5.026348
-5.113721
-5.183877
-6.855350
-5.308061
-5.361122
-10.000680
-5.441193
-5.491234
-9.468482
-5.541131
-5.564632
-6.118266
-5.601201
-5.607538
-5.620559
-5.627595
-5.623858
-5.637323
-5.637120
-9.340816
-5.630645
-5.625432
-9.860028
-5.607222
-5.602676
-7.078533
-5.571029
-5.541001
-5.526132
-5.517493
-5.479079
-6.819520
-5.440300
-7.689910
-5.400335
-5.373131
-5.367317
-5.326196
-5.301132
-5.267840
-5.245210
-5.216141
-5.173316
-5.164375
-5.124386
-5.559098
-5.068830
-8.072612
355.002563
-4.975235
-5.082523
-4.901980
-4.872331
-4.846466
-4.794840
-4.776410
-7.811581
-4.710645
-4.662695
-4.685211
-4.604488
-4.566463
-4.527582
-4.495200
-5.286138
-4.426395
-4.403000
-4.357342
-4.322519
-4.286448
-6.154243
-4.198233
-4.174793
-4.114229
-4.090468
-4.058903
-4.017061
-3.983846
-6.192533
-2.508228
-2.442755
101.191452
-1.309920
-1.762005
-7.777299
-2.507267
-2.813480
-3.471006
-3.349109
-3.585287
-3.796309
-3.997244
-5.173700
-4.338010
-4.475848
-9.624952
-4.741739
-4.851276
-9.818836
-5.034131
-5.116224
-6.342754
-5.254973
-5.309188
-5.361551
-5.400267
-5.441976
-6.550750
-5.519622
-7.213534
-5.570338
-5.590458
-5.605686
-5.602946
-5.615357
-5.620806
-5.621919
-5.636128
-5.627715
-5.631649
-5.623220
-5.846689
-5.596802
-8.004140
-5.594343
-5.573009
-5.602201
-5.543159
-5.523850
-5.510950
-5.482569
-5.466493
-8.052266
-5.430811
-5.393574
-5.378418
-5.347072
-8.846707
-5.303823
-5.270627
-5.648027
-5.222507
-5.183903
-5.166247
-5.135984
-5.100505
-6.409473
-5.048040
354.994263
-4.985316
-4.940988
-4.924410
-4.888587
-4.857831
-7.568935
-4.770153
-4.752530
-8.858087
-4.665646
-4.641430
-6.955084
-4.569618
-4.528389
-4.537561
-4.475674
-4.431149
-4.397263
-4.347096
-5.878832
-4.302915
-4.251516
-8.264497
-4.182873
-4.119898
-7.591747
-4.061177
-4.030318
-4.414305
-3.921499
-2.502624
-2.432831
-0.663697
-1.319824
-2.311385
-2.157009
-3.971673
-2.804874
-3.086194
-3.338324
-3.584509
-3.805611
-3.999580
-4.177667
-4.346643
-8.382450
-4.623403
-4.732942
-4.897247
-4.939117
-7.028857
-5.112536
-5.181015
-5.250396
-5.311896
-5.367536
-5.407672
-5.442142
-5.491783
-7.488816
-5.548205
-5.571826
-5.584937
-5.618957
-8.816185
-5.644983
-5.649421
-5.784050
-5.658916
-5.632305
-5.621420
-5.575054
-5.534461
-6.205297
-5.468063
-5.468483
-5.499564
-5.551542
-5.579892
-5.600177
-5.623272
-9.020533
-5.565914
-5.496744
-9.594023
-5.299112
-5.231282
-7.327089
-5.104365
-5.043756
-4.999208
-4.964817
-4.913072
-4.872228
-4.856170
-6.692748
-4.826888
-4.818750
-9.003225
355.108124
-4.935975
-8.197704
-4.944696
-4.935401
-5.080536
-4.849400
-4.800343
-4.696837
-4.575490
-8.086000
-4.551995
-4.271079
-4.779169
-4.132470
-4.083463
-4.056103
-4.016379
-3.980573
-3.924793
-3.892934
-3.891055
-6.536474
-3.849093
-3.859498
-3.848009
-3.857730
-4.954061
-3.857535
-3.896515
-3.906489
-2.539978
-2.499507
-0.729212
-1.390229
-1.866876
-4.471528
-2.599229
-2.885129
-3.157631
-3.376928
-7.591924
-3.739973
-3.907721
-4.167257
-4.203462
-4.329354
-4.454700
-4.569727
-4.693615
-5.684633
-4.983888
-5.114585
-5.221603
-5.326876
-5.411004
-5.484717
-5.552936
-9.403515
-5.651466
-5.652435
-10.131827
-5.574464
-5.523278
-7.398037
-5.431066
-5.405384
-5.379454
-5.352990
-5.358443
-5.334304
-5.320697
-7.286518
-5.322848
-5.343572
-9.720375
-5.515304
-5.560448
-8.687432
-5.564388
-5.556218
-5.695972
-5.530182
-5.517597
-8.458998
-5.488499
-8.832191
-5.469423
-5.378873
-5.714246
-5.264836
-5.188446
-5.126952
-5.013981
-4.921187
-4.847509
-4.794420
-4.738163
-6.707379
-4.643816
355.401642
-4.573142
-4.516588
-5.476140
-4.458818
-4.440616
-4.379838
-4.421731
-4.482751
-4.561105
-4.578329
-4.600927
-5.314459
-4.552160
-4.537022
-4.506416
-4.477853
-6.684443
-4.366636
-4.235682
-4.158874
-4.046790
-3.948283
-7.343296
-3.773226
-3.701242
-4.111390
-3.580161
-3.534651
-3.504333
-3.447921
-2.519959
-1.945708
-0.669338
-7.901217
-1.811811
-2.216623
-10.219029
-2.919157
-3.203243
-5.326202
-3.710840
-3.931362
-4.117311
-4.262839
-4.408798
-4.524663
-4.636120
-8.067656
-4.810050
-4.856356
-9.940976
-4.961167
-5.006855
-8.213830
-5.100242
-5.141080
-5.172225
-5.199410
-5.241152
-7.909481
-5.291047
-8.646259
-5.439425
-5.530535
-5.759745
-5.602056
-5.618552
-5.638284
-5.654436
-5.642554
-5.663972
-5.649353
-5.627864
-6.766622
-5.527541
-5.463851
-5.407711
-5.367222
-5.838490
-5.273933
-5.242421
-5.172356
-5.131076
-5.084925
-5.063975
-5.017326
-4.985668
-5.386455
-4.944170
-4.919611
-4.914063
-4.965582
-6.744696
-5.067572
-5.063275
-5.042588
-5.040099
-5.027754
-8.218163
355.015930
-4.982666
-5.121892
-4.894549
-4.836104
-4.779421
-4.723902
-5.448541
-4.597184
-4.491792
-8.187701
-4.300849
-4.224361
-8.148459
-4.092677
-4.054080
-5.165072
-3.935872
-3.920085
-3.882910
-3.894122
-3.902106
-3.940913
-3.987227
-5.369462
-4.025587
-3.995631
-3.986482
-3.969885
-3.959237
-3.906721
-2.480367
-2.382755
-0.701686
-1.338020
-1.782332
-5.066984
-2.480069
-7.460045
-3.006362
-3.233405
-3.561334
-3.668980
-3.847854
-4.012813
-4.167399
-4.304882
-4.444722
-4.565022
-4.706534
-5.896798
-4.964220
-9.001683
-5.153020
-5.237199
-5.836169
-5.385536
-5.445542
-5.483346
-5.546513
-5.573142
-9.366911
-5.653306
-5.683444
-5.885484
-5.720159
-5.736993
-5.737411
-5.728463
-7.162282
-5.597946
-5.542142
-9.813028
-5.418498
-5.351844
-8.370560
-5.267334
-5.220797
-5.361758
-5.129086
-5.114558
-5.103542
-5.064336
-6.068937
-5.031335
-5.006192
-8.991076
-4.972240
-5.002502
-8.991698
-5.115296
-5.134842
-5.939239
-5.148468
-5.146966
-5.151999
-5.130997
-5.126774
-5.104115
-5.073545
353.970337
-4.945865
-4.809384
-4.708180
-4.595217
-4.511158
-4.426679
-4.382157
-4.317707
-4.268636
-4.215468
-4.198178
-5.575577
-4.084853
-6.497723
-4.040351
-4.107971
-4.227883
-4.232054
-4.225751
-4.236506
-4.223555
-4.205413
-4.173985
-4.166918
-4.105917
-4.448937
-4.012191
-7.210823
-3.837332
-3.715138
-2.511182
-2.100084
-0.661648
-1.291779
-1.746419
-2.117530
-8.085427
-2.720440
-2.988781
-3.362803
-3.450255
-3.657847
-3.853557
-4.029424
-5.944314
-4.336328
-4.456555
-9.928891
-4.778200
-4.921912
-8.465829
-5.160846
-5.259134
-5.413881
-5.421609
-5.470956
-5.509026
-5.508120
-6.894818
-5.483726
-5.469876
-9.783050
-5.417381
-5.388944
-9.438066
-5.337389
-5.315732
-6.227572
-5.312186
-5.296830
-5.275498
-5.271527
-5.285501
-5.288193
-5.343549
-6.544928
-5.424336
-5.466028
-5.480342
-5.494896
-5.522800
-5.520053
-5.523198
-5.513936
-5.486204
-5.448953
-5.389414
-6.309036
-5.302236
-7.661304
-5.145675
-5.067639
-5.006946
-4.888798
-4.826308
-4.762290
-4.707318
-4.659019
-8.245990
355.439270
-4.505906
-4.741779
-4.464165
-7.636167
-4.394731
-4.349430
-4.705594
-4.456428
-4.523102
-4.533072
-4.553225
-4.560734
-6.870709
-4.539358
-4.511238
-4.473024
-4.383891
-4.301811
-4.203608
-4.096153
-6.805742
-3.890916
-3.810196
-7.840070
-3.648813
-3.597937
-6.302279
-3.476567
-3.391334
-3.462879
-1.937688
-1.873721
-0.614150
-1.275878
-4.164155
-2.170833
-2.540011
-10.246612
-3.165772
-3.435654
-9.360555
-3.899485
-4.105140
-4.885124
-4.444172
-4.574845
-4.682023
-4.777980
-4.868953
-4.923670
-4.978389
-6.096125
-5.041434
-5.083895
-5.111395
-5.131322
-5.158596
-5.176081
-5.207903
-5.225742
-5.260252
-5.282556
-5.306347
-6.071631
-5.362621
-7.857528
-5.502152
-5.584537
-5.655519
-5.679457
-5.712173
-5.716883
-5.706615
-5.672255
-8.771328
-5.550021
-5.477762
-5.485775
-5.342447
-8.615767
-5.231328
-5.164378
-5.386786
-5.078320
-5.040411
-5.000004
-4.975163
-4.940211
-6.988514
-4.861035
-4.849094
-4.882705
-4.933289
-4.983397
-5.030367
-5.050183
-8.146524
-5.080524
-5.086071
350.780518
-5.036078
-4.950250
-7.171666
-4.794918
-4.706502
-4.615821
-4.483818
-4.398057
-4.328578
-4.247652
-5.561839
-4.132344
-4.088800
-8.053066
-3.982731
-3.948985
-7.521181
-3.902313
-3.906228
-4.497351
-4.052719
-4.079826
-4.080289
-4.090836
-4.078739
-4.052766
-4.050707
-4.665095
-3.983784
-3.876829
-2.393986
-2.258322
-0.677466
-1.315890
-1.762538
-2.139004
-8.878577
-2.746367
-3.012359
-3.554253
-3.465773
-5.926433
-3.856118
-4.022567
-4.211973
-4.396249
-4.586745
-4.748187
-4.922925
-5.042700
-7.959282
-5.249910
-5.328575
-5.418189
-5.472216
-8.837419
-5.488422
-5.456302
-5.639963
-5.445865
-5.427539
-5.415068
-5.393681
-5.377783
-6.815938
-5.353624
-5.331954
-5.324553
-5.326758
-5.312669
-5.300494
-5.273269
-8.338561
-5.232835
-5.217600
-9.513956
-5.185108
-5.172843
-7.548845
-5.130519
-5.138554
-5.162575
-5.197473
-5.294079
-5.356717
-5.380363
-7.446708
-5.413448
-5.388788
-9.567678
-5.314559
-5.278227
-8.465672
-5.153358
-5.099120
-5.300386
-4.921991
-4.852232
-4.810869
355.216492
351.546600
-5.222979
-4.854182
-5.462487
-4.834718
-4.768858
-4.720088
-4.669421
-4.585188
-4.453459
-4.360040
-4.275136
-7.455086
-4.117689
-4.080348
-4.053712
-3.954061
-5.079243
-3.847304
-3.814209
-3.799052
-3.783409
-3.800722
-3.862278
-3.892507
-3.944009
-5.769715
-3.933746
-3.933302
-3.883977
-2.479251
-4.673768
-0.694829
-1.358428
-1.840594
-2.192253
-2.517649
-2.809970
-3.067752
-3.302615
-4.790946
-3.715603
-3.888937
-4.042320
-4.208400
-4.349339
-4.485809
-4.628938
-9.094190
-4.903576
-5.025640
-9.964694
-5.223797
-5.312085
-7.142570
-5.430230
-5.456324
-5.463400
-5.497409
-5.509388
-5.490447
-5.466139
-8.242018
-5.415979
-5.394414
-9.819927
-5.375985
-5.367915
-8.565658
-5.373106
-5.415056
-5.535247
-5.539454
-5.568681
-5.616730
-5.629798
-8.820217
-5.774398
-5.631617
-5.833469
-5.597475
-5.530162
-5.478911
-5.444541
-5.416905
-5.362319
-5.272263
-5.183803
-7.740585
-5.080080
-5.056322
-5.035127
-4.957687
-5.551149
-4.809315
-4.745311
-4.712291
-4.637996
-4.601728
355.437897
-4.564522
-4.575805
-5.966643
-4.692315
-4.736923
-4.728765
-4.715361
-6.303748
-4.679049
-4.607111
-4.550315
-4.435550
-4.308131
-4.196728
-4.092943
-4.034833
-4.370470
-3.922892
-3.870752
-3.824325
-3.758604
-4.560029
-3.711151
-3.747578
-7.645970
-3.833749
-3.849838
-7.520866
-3.839025
-3.828523
-3.350080
-2.418825
-0.676346
-1.385025
-1.819379
-2.199930
-2.520518
-2.803331
-8.200189
-3.276422
-3.495361
-10.034948
-3.857150
-4.002097
-7.518617
-4.297034
-4.430275
-4.582370
-4.703147
-4.844208
-4.987723
-5.129096
-8.222129
-5.392716
-5.430749
-5.541266
-5.519535
-5.531034
-5.526347
-5.487870
-5.459734
-5.438307
-5.412999
-5.389857
-7.623255
-5.338264
-5.319239
-5.303055
-5.296763
-5.583384
-5.286075
-5.287100
-5.352177
-5.428656
-5.506627
-5.549243
-5.572073
-5.600125
-6.286510
-5.589884
-5.580979
-5.507841
-5.388595
-6.438648
-5.198311
-5.113317
-5.048233
-4.992558
-4.929717
-8.444796
-4.842100
-4.822462
-4.960624
-4.730147
-4.715017
-4.667651
-4.691103
-6.251723
-4.838995
355.098602
350.919220
-4.956424
-4.949928
-8.183389
-4.900411
-4.850588
-5.095134
-4.685581
-4.551802
-4.407888
-4.314906
-4.848094
-4.145586
-4.072992
-7.587473
-3.983703
-3.928065
-7.955361
-3.827401
-3.756193
-5.276135
-3.673238
-3.639018
-3.628118
-3.581379
-3.576920
-3.646011
-3.745882
-5.481693
-3.860696
-2.486501
-2.502420
-0.693230
-1.390462
-1.875236
-2.254175
-2.595718
-2.882192
-3.157917
-3.398388
-5.424897
-3.773250
-8.323752
-4.063493
-4.197062
-4.373962
-4.431003
-4.529395
-4.639421
-4.712672
-4.795562
-4.871587
-4.936854
-5.010080
-5.563784
-5.112987
-5.148908
-5.227250
-5.336734
-5.978179
-5.535102
-5.610138
-5.674452
-5.726984
-5.737385
-8.531917
-5.722483
-5.714410
-5.738601
-5.656320
-5.584581
-5.509743
-5.446406
-6.604801
-5.335401
-5.308295
-9.553432
-5.239874
-5.194020
-8.282331
-5.128732
-5.079806
-5.216406
-5.003235
-4.982368
-4.966824
-4.941258
-5.975859
-5.015832
-5.093644
-9.257080
-5.222165
-5.230894
-8.980355
-5.228592
-5.213793
-5.807266
-5.121450
-5.031102
355.089722
-4.850229
-4.776763
-4.670628
-4.583974
-5.538528
-4.418251
-4.360396
-4.309811
-4.246861
-4.162275
-4.105069
-4.079192
-4.052778
-4.024375
-3.973361
-3.960507
-4.750686
-3.955780
-6.221096
-4.100961
-4.153320
-4.174881
-4.194646
-4.189819
-4.131810
-4.122065
-4.084789
-7.198290
-4.032935
-3.981785
-2.641943
-2.387294
97.605270
-1.308609
-1.768289
-2.481552
-2.462857
-2.744830
-3.018780
-3.253698
-3.467672
-7.425864
-3.857040
-4.027416
-4.198483
-4.363095
-4.560715
-4.747975
-4.933946
-6.075391
-5.182346
-5.285372
-10.252149
-5.434863
-5.483244
-7.900921
-5.511802
-5.488276
-5.519529
-5.499763
-5.470887
-5.452673
-5.422582
-6.939617
-5.355856
-5.340790
-9.653412
-5.298038
-5.293846
-9.082313
-5.285648
-5.279928
-5.832032
-5.268720
-5.308592
-5.393269
-5.479134
-5.543899
-5.567816
-5.578000
-6.258691
-5.583950
-5.566289
-5.515759
-5.414692
-5.305273
-5.187610
-5.100898
-5.018113
-4.956029
-4.901290
-4.868716
-5.264690
-4.771497
-6.661772
-4.677719
-4.627009
-4.592411
-4.557728
355.481049
-4.533731
-4.563907
-4.626273
-7.561390
-4.757633
-4.762260
-4.772926
-4.766464
-7.323220
-4.705261
-4.692164
-4.645183
-4.515072
-4.385419
-4.251404
-4.153542
-4.054894
-5.671803
-3.904732
-3.843982
-3.795357
-3.745249
-3.668292
-3.629395
-3.595285
-6.891440
-3.547178
-3.517849
-7.581273
-3.569662
-2.249531
-3.803410
-0.638603
-1.349972
-1.832507
-2.236676
-2.589899
-2.891420
-3.150643
-7.487376
-3.610299
-3.817359
-10.100106
-4.108361
-4.249511
-8.332528
-4.466944
-4.567173
-4.775878
-4.717781
-4.797338
-4.876281
-4.948602
-6.209301
-5.157875
-5.272931
-9.846763
-5.471086
-5.548746
-5.594452
-5.623741
-5.653363
-5.675122
-5.669064
-5.616861
-8.939198
-5.525651
-5.471914
-5.545133
-5.396250
-6.492747
-5.318655
-5.302569
-5.276691
-5.229662
-5.232295
-5.215066
-5.195990
-5.167772
-7.462230
-5.215271
-5.256100
-5.322622
-5.362189
-7.210007
-5.383260
-5.378336
-5.360473
-5.348053
-5.313044
-5.239645
-5.141500
-5.029800
-5.821515
-4.836021
-4.767072
-4.712209
-4.653637
-7.591097
355.434235
-4.514060
-8.360168
-4.442308
-4.425719
-8.353399
-4.441815
-4.485662
-5.411561
-4.576432
-4.564559
-4.577089
-4.562674
-4.534593
-4.512433
-4.476649
-7.620758
-4.410829
-4.372824
-8.419521
-4.231199
-4.087839
-5.724775
-3.852413
-3.771013
-3.700886
-3.637511
-3.566016
-3.510062
-3.448127
-5.223172
-1.928953
-1.878311
100.222977
-1.262737
-1.740108
-2.115468
-2.470206
-2.796719
-3.117578
-3.394680
-3.664934
-7.250301
-4.133581
-9.233646
-4.523764
-4.666704
-5.161786
-4.875379
-4.930544
-4.953423
-4.987303
-5.018122
-5.037239
-5.073655
-5.095320
-6.564855
-5.135303
-5.163058
-5.195042
-5.205575
-6.223228
-5.273979
-5.311180
-5.360887
-5.405682
-5.471466
-5.518565
-5.567834
-5.632320
-5.983120
-5.704267
-5.719792
-5.737147
-5.736349
-7.730940
-5.706556
-5.607727
-9.788260
-5.428378
-5.358334
-8.698640
-5.223999
-5.171504
-5.408204
-5.058825
-5.010864
-4.962910
-4.922521
-5.552507
-4.837690
-4.807567
-8.528291
-4.754529
-4.722237
-8.646283
-4.667938
-4.661939
-5.591763
-4.765257
355.177979
-4.901893
-4.914897
-4.911597
-4.913995
-4.896941
-5.953664
-4.841296
-4.822485
-4.754823
-4.668870
-4.572062
-4.502213
-4.434121
-4.385146
-4.366519
-4.345457
-4.330090
-5.497196
-4.261152
-7.021762
-4.196774
-4.170490
-4.266159
-4.127480
-4.060086
-4.045785
-4.037381
-3.994097
-3.962809
-3.918579
-2.489960
-2.756947
-0.628412
-7.316840
-1.780666
-2.182048
-3.204383
-2.831744
-3.108521
-3.359224
-3.596113
-3.814593
-7.879967
-4.180535
-4.332662
-4.482460
-4.598978
-4.713397
-4.823560
-4.920286
-8.339894
-5.085965
-5.149734
-10.054021
-5.271264
-5.324235
-7.805807
-5.401624
-5.446101
-5.496342
-5.504469
-5.528669
-5.547991
-5.568036
-7.369936
-5.582726
-5.589961
-9.920372
-5.602732
-5.589490
-9.117757
-5.589465
-5.595741
-5.946535
-5.578405
-5.564706
-5.544158
-5.537922
-5.505122
-5.482473
-5.483629
-6.232907
-5.434699
-5.413723
-5.388983
-5.375077
-5.350346
-5.331895
-5.311648
-5.284916
-5.254029
-5.237055
-5.196306
-5.534634
-5.143284
-7.104594
-5.081298
-5.048477
-5.025310
355.026306
-4.956370
-4.921072
-4.900286
-4.865337
-7.666624
-4.789499
-4.759225
-4.756328
-4.698514
-7.445178
-4.620106
-4.598833
-4.653957
-4.519810
-4.488698
-4.459576
-4.419025
-4.396778
-5.986622
-4.318107
-4.294152
-4.239481
-4.201784
-4.185960
-4.126387
-4.104587
-7.451554
-4.017388
-3.979263
-7.995912
-2.505267
-2.430915
83.102463
-1.294511
-1.755312
-2.150042
-2.481408
-2.787287
-3.062793
-3.320422
-7.102726
-3.760880
-3.958428
-10.043986
-4.294386
-4.431602
-8.331171
-4.683286
-4.800918
-5.032342
-4.981224
-5.061923
-5.121798
-5.198239
-6.495543
-5.310318
-5.350491
-9.853921
-5.431268
-5.459436
-5.483722
-5.509732
-5.534678
-5.550151
-5.552557
-5.570886
-8.754995
-5.578195
-5.597008
-5.644456
-5.603894
-6.790944
-5.586118
-5.566414
-5.571644
-5.562849
-5.544602
-5.538859
-5.512178
-5.494070
-7.291068
-5.450413
-5.437663
-5.420116
-5.400157
-7.360135
-5.355263
-5.326213
-5.305911
-5.278893
-5.241243
-5.232642
-5.192549
-5.168931
-5.797274
-5.108622
-5.092077
-5.057793
-5.024968
-5.894540
-4.960127
-4.925907
-8.798534
-4.871894
-4.835360
-8.701094
-4.767284
-4.731807
-5.649332
-4.649103
-4.629668
-4.593123
-4.555903
-4.523757
-4.484764
-4.449590
-7.467591
-4.377537
-4.328580
-8.409438
-4.262399
-4.225527
-6.283093
-4.158393
-4.118621
-4.092511
-4.047155
-4.011781
-3.980158
-3.923725
-4.380232
-2.431704
-0.601077
-1.460949
-1.750681
-2.136231
-2.480438
-2.776707
-3.069426
-3.315142
-3.550761
-3.767109
-6.897813
-4.137232
-9.474319
-4.448165
-4.572306
-5.249550
-4.805466
-4.896896
-4.985325
-5.072982
-5.138687
-5.213496
-5.269171
-5.317706
-6.336177
-5.403188
-5.451467
-5.478831
-5.503066
-7.022859
-5.550670
-5.565728
-5.566729
-5.588331
-5.582386
-9.283371
-5.607236
-5.593940
-5.777462
-5.595210
-5.582190
-5.573524
-5.583193
-7.034133
-5.537697
-5.528627
-9.692869
-5.490464
-5.484428
-9.142294
-5.435416
-5.415526
-5.905024
-5.375897
-5.351602
-5.331868
-5.307399
-5.278742
-5.244385
-5.226741
-8.767702
-5.163167
-5.138516
-9.235463
-5.084550
-5.050881
-6.567539
355.016418
-4.953665
-4.922547
-4.900464
-4.868534
-4.839950
-4.792805
-6.957672
-4.733037
-4.707380
-4.666985
-4.641881
-4.609460
-4.570397
-4.533825
-4.506143
-4.468687
-4.423588
-4.400295
-5.746793
-4.344881
-7.498474
-4.242623
-4.203833
-4.333028
-4.125704
-4.091671
-4.055980
-4.021296
-3.990164
-3.931450
-2.514997
-2.440303
18.584856
-1.294511
-1.760967
-2.142406
-2.483785
-4.240689
-3.069057
-3.317717
-3.551396
-3.764022
-3.961297
-7.880074
-4.302466
-4.440768
-4.586878
-4.699371
-4.815425
-4.909723
-4.986801
-7.355707
-5.138258
-5.214576
-10.036215
-5.315487
-5.358812
-8.955872
-5.440009
-5.463317
-5.722007
-5.516267
-5.538689
-5.559546
-5.560581
-6.453172
-5.579135
-5.585220
-9.663074
-5.593144
-5.599229
-9.697520
-5.597606
-5.577308
-6.568633
-5.555834
-5.539302
-5.535232
-5.495034
-5.485048
-5.481962
-5.445925
-6.994256
-5.414481
-5.397507
-5.373588
-5.359443
-5.334628
-5.305377
-5.277431
-5.247076
-5.227834
-5.196333
-5.168139
-5.542017
-5.106327
-7.436950
-5.050539
-5.017386
355.005737
-4.946316
-4.914419
-4.885232
-4.855720
-4.825033
-7.758978
-4.765140
-4.727122
-4.731860
-4.640388
-8.025324
-4.585596
-4.548663
-4.853205
-4.475598
-4.448845
-4.404791
-4.378739
-4.322897
-6.007567
-4.263744
-4.216464
-4.176663
-4.151932
-4.104489
-4.064787
-4.032422
-6.801244
-3.957365
-3.906052
-6.585513
-2.427732
-0.602129
-5.053670
-1.754164
-2.156121
-2.521515
-2.782847
-3.062309
-3.318551
-3.547059
-6.151248
-3.967095
-4.139793
-9.966837
-4.434621
-4.572453
-9.113948
-4.805993
-4.896067
-5.447648
-5.073218
-5.134574
-5.212664
-5.260175
-5.317707
-5.357103
-5.393425
-6.254096
-5.467252
-5.489734
-5.515661
-5.536020
-5.559191
-5.561050
-5.580988
-5.580112
-9.034998
-5.592664
-5.589497
-5.701275
-5.586058
-7.134870
-5.564228
-5.564663
-5.552603
-5.534329
-5.522794
-5.499733
-5.478477
-5.474094
-7.611259
-5.425089
-5.402481
-5.379325
-5.366813
-8.096628
-5.328685
-5.294955
-5.349462
-5.240341
-5.213231
-5.184586
-5.153741
-5.127561
-6.080612
-5.074250
-5.047752
-5.015337
355.027588
-4.953460
-4.917520
-4.881448
-8.341699
-4.829021
-4.792819
-8.861942
-4.733324
-4.699362
-6.260277
-4.619655
-4.591743
-4.557201
-4.506668
-4.468549
-4.443620
-4.400734
-6.672768
-4.333531
-4.292644
-8.381160
-4.213697
-4.172530
-7.005463
-4.099517
-4.078502
-4.168849
-4.004364
-3.970240
-3.917049
-2.488062
-3.569603
-0.600463
-1.298008
-2.207866
-2.149455
-2.481258
-2.780791
-3.058927
-3.319848
-3.546888
-3.761099
-3.962581
-7.841886
-4.291947
-4.440187
-4.586479
-4.696503
-5.826969
-4.904976
-4.992623
-5.073959
-5.148446
-5.217544
-5.272317
-5.321097
-5.363146
-6.828311
-5.442287
-5.468714
-5.493409
-5.516805
-7.675128
-5.560907
-5.558011
-5.578771
-5.577486
-5.577926
-5.593818
-5.582841
-5.598197
-6.021161
-5.582470
-5.563552
-5.557587
-5.546641
-6.467183
-5.527425
-5.488853
-9.499403
-5.467892
-5.438802
-9.400354
-5.402481
-5.385240
-6.261090
-5.342559
-5.315981
-5.303383
-5.265997
-5.239904
-5.219433
-5.174477
-8.315177
-5.119884
-5.096260
-9.238699
-5.030390
-5.006636
352.973358
-4.936084
-4.911345
-4.881325
-4.850638
-4.823189
-4.772765
-4.739731
-6.606449
-4.681794
-4.642860
-4.679870
-4.576484
-4.535413
-4.497215
-4.470366
-4.428191
-4.397169
-4.365154
-4.313041
-6.046090
-4.249933
-7.856128
-4.176785
-4.137876
-4.425474
-4.076392
-4.034724
-3.994876
-3.960043
-3.907162
-2.486392
-2.415543
-0.635788
-1.908313
-1.759328
-2.148034
-2.478990
-2.788243
-5.138611
-3.318803
-3.550979
-3.768633
-3.965559
-4.138393
-8.939228
-4.455337
-4.597861
-4.831341
-4.839337
-4.932912
-5.020726
-5.088963
-6.924088
-5.206918
-5.236493
-9.873338
-5.223197
-5.242983
-9.499546
-5.364463
-5.467763
-6.311368
-5.620508
-5.665402
-5.666825
-5.672239
-5.617927
-5.541411
-5.470451
-8.948092
-5.358410
-5.314708
-9.597583
-5.245614
-5.246069
-7.108685
-5.217689
-5.242265
-5.283981
-5.358519
-5.415463
-5.435858
-5.466193
-7.570042
-5.475235
-5.462531
-5.429712
-5.350801
-5.235669
-5.114572
-4.999754
-4.931212
-4.858922
-4.802601
-4.767801
-6.187286
-4.698234
-8.100710
-4.647573
355.364166
-4.890226
-4.770589
-4.862242
-4.901114
-4.911011
-4.890913
-4.860325
-4.821542
-4.745493
-5.059161
-4.497354
-4.372631
-4.232029
-4.122033
-5.102910
-3.978190
-3.920162
-3.870484
-3.836157
-3.839788
-6.903817
-3.791271
-3.783742
-3.866464
-3.811365
-3.864553
-3.890764
-3.921882
-5.576769
-3.895291
-2.499099
-6.473949
-0.695484
-1.373017
-8.493854
-2.232633
-2.572113
-3.729026
-3.090777
-3.309234
-3.511146
-3.699620
-3.877149
-4.029814
-4.179208
-5.507329
-4.531844
-4.540604
-4.652819
-4.752431
-4.853380
-4.973224
-5.091732
-5.209950
-5.311829
-5.403853
-5.472935
-7.679547
-5.596035
-8.105131
-5.647007
-5.640132
-5.650939
-5.610753
-5.557336
-5.502441
-5.437545
-5.387145
-5.363815
-5.327805
-5.303069
-6.292436
-5.244226
-8.399481
-5.241923
-5.249596
-5.474681
-5.283778
-5.317388
-5.371393
-5.414610
-5.413865
-8.898711
-5.413784
-5.408613
-5.599763
-5.400247
-5.388777
-5.373324
-5.353451
-6.388660
-5.254799
-5.171813
-5.068323
-4.990356
-4.912814
-7.388196
-4.752169
-4.671369
355.381897
-4.529647
-4.481358
-4.433566
-4.393057
-5.782980
-4.315156
-4.313555
-8.370058
-4.257298
-4.242133
-7.817564
-4.243895
-4.235458
-4.719757
-4.346657
-4.384163
-4.409026
-4.406388
-5.071049
-4.349764
-4.327729
-8.010470
-4.183677
-4.092052
-7.968204
-3.824303
-3.703487
-5.070030
-3.513437
-3.414900
-1.971648
-1.878759
-0.628316
-2.692678
-1.736379
-5.412783
-2.443500
-2.744967
-3.042692
-3.322205
-3.597076
-3.861666
-4.095926
-4.307993
-4.496518
-4.658317
-4.826444
-5.426585
-5.079370
-8.544289
-5.218375
-5.270327
-5.392733
-5.325836
-5.330951
-5.339640
-5.321911
-5.285486
-8.708794
-5.294122
-5.293797
-5.344953
-5.305636
-5.311948
-5.300212
-5.296408
-5.959976
-5.286625
-5.298443
-5.291929
-5.296990
-5.304667
-7.318363
-5.422153
-5.505555
-5.578893
-5.624905
-5.655948
-5.655277
-5.658329
-8.101319
-5.618019
-5.582505
-9.774048
-5.457941
-5.341090
-8.344892
-5.122550
-5.043699
-5.196876
-4.890253
-4.841696
-4.771878
-4.735911
-5.492716
-4.665206
-4.660149
-8.424161
-4.600581
355.401794
351.455383
-4.594056
-4.646640
-5.801428
-4.752305
-4.756509
-4.765386
-4.757858
-4.733499
-5.198729
-4.662644
-5.821382
-4.569864
-4.519564
-4.405466
-4.286287
-4.128169
-4.002075
-3.899309
-3.823867
-7.110711
-3.704391
-3.668900
-3.749607
-3.562158
-5.564328
-3.505965
-3.487099
-3.462860
-3.398579
-2.012810
-2.006664
-0.642195
-1.351215
-5.116817
-2.250268
-2.606154
-2.920660
-3.219669
-9.155186
-3.736207
-3.948137
-4.720048
-4.250203
-4.376136
-4.478102
-4.598688
-4.688026
-6.586128
-4.819268
-4.874103
-4.925431
-4.963032
-5.002691
-5.028572
-5.060892
-7.574502
-5.130676
-5.182514
-9.793666
-5.243234
-5.265281
-8.533065
-5.348213
-5.426044
-5.660973
-5.603112
-5.649383
-5.689089
-5.710675
-7.130892
-5.713392
-5.715242
-9.906822
-5.709948
-5.704425
-9.469393
-5.633880
-5.537715
-5.434436
-5.347305
-5.246689
-8.834959
-5.108448
-5.053115
-5.228433
-4.950315
-5.974411
-4.877152
-4.852798
-4.843575
-4.827803
-4.772630
-4.754940
-4.753553
-4.779175
-7.515743
-4.909236
-4.970777
355.037598
-4.974812
-6.870639
-4.959299
-4.932409
-4.909413
-4.846777
-4.793212
-4.733201
-4.598453
-4.420975
-5.581523
-4.210687
-4.130629
-4.061176
-4.011268
-7.021026
-3.903025
-3.860785
-3.961764
-3.802632
-3.794073
-7.685975
-3.721513
-3.726931
-4.794701
-3.793198
-3.857474
-3.887267
-3.912621
-3.889585
-2.502951
-2.457549
42.256901
-1.390899
-1.865838
-10.300125
-2.606332
-2.907771
-6.750569
-3.391463
-3.600662
-3.798337
-3.930103
-4.068390
-4.212437
-4.326772
-6.346465
-4.531359
-4.636300
-9.776185
-4.806733
-4.882970
-4.944828
-5.035336
-5.104460
-5.186330
-5.268920
-5.363184
-8.606339
-5.580401
-9.664177
-5.725358
-5.758827
-6.302963
-5.770976
-5.759498
-5.745081
-5.709844
-5.677368
-5.619195
-5.551229
-5.463360
-7.171944
-5.342309
-5.295547
-5.267955
-5.223918
-6.655649
-5.136387
-5.103889
-5.105366
-5.076480
-5.072118
-5.054564
-5.040834
-5.066926
-5.720009
-5.200633
-5.264410
-5.287621
-5.284232
-7.833565
-5.266876
-5.241263
-9.347921
-5.197975
-5.162045
-8.737298
-4.967444
355.161346
-5.366236
-4.643493
-4.568380
-4.489854
-4.436272
-4.355877
-4.324770
-4.254022
-7.609063
-4.143478
-4.115314
-8.139726
-4.061808
-4.033514
-5.753335
-4.004432
-4.024282
-4.097144
-4.152293
-4.213284
-4.242823
-4.231975
-6.547811
-4.207434
-4.136632
-8.230309
-4.059032
-3.966900
-3.909233
-3.813432
-2.368072
-2.267226
-0.659544
-1.334864
-4.916719
-2.146354
-8.876719
-2.750909
-3.015119
-3.678037
-3.475875
-3.675032
-3.865087
-4.033461
-4.192834
-4.343383
-4.522231
-4.685052
-6.019926
-4.986344
-5.098823
-5.214053
-5.306598
-6.253500
-5.462805
-5.510590
-5.549587
-5.563320
-5.578667
-9.236409
-5.518169
-5.481674
-5.650414
-5.412834
-5.370315
-5.361022
-5.336452
-7.113065
-5.292962
-5.281851
-9.607584
-5.275707
-5.279777
-8.604489
-5.269851
-5.279799
-5.464996
-5.308702
-5.332373
-5.389131
-5.452872
-6.365569
-5.518526
-5.527432
-9.521207
-5.512842
-5.484750
-9.346749
-5.324434
-5.228718
-6.095112
-5.045823
-4.939860
-4.849265
-4.780573
-4.717197
-4.675121
-4.615142
-5.787436
355.497803
-4.479363
-4.456864
-4.444303
-4.428656
-4.445889
-4.458521
-4.522695
-4.591283
-4.638559
-4.654663
-5.717703
-4.646753
-7.326938
-4.567484
-4.502304
-4.525391
-4.319325
-4.185315
-4.049778
-3.949911
-3.875605
-3.790007
-3.722810
-3.662119
-4.080816
-3.552359
-6.930882
-3.506914
-3.494558
-3.747500
-2.042347
-1.981078
-0.611814
-1.327952
-1.823887
-7.636515
-2.602644
-2.946157
-3.273921
-3.503321
-3.746719
-3.972582
-4.153307
-6.016053
-4.441966
-4.539014
-10.100275
-4.737634
-4.815613
-7.872813
-4.896683
-4.948705
-5.085692
-5.030560
-5.068601
-5.110266
-5.132943
-6.547137
-5.200865
-5.224113
-9.678656
-5.281114
-5.308738
-9.347670
-5.431288
-5.515797
-6.129283
-5.625880
-5.679096
-5.708489
-5.729587
-5.732728
-5.725815
-5.692499
-6.529325
-5.646791
-5.589947
-5.512501
-5.407792
-5.317865
-5.249694
-5.177498
-5.124465
-5.082595
-5.026149
-4.981440
-5.817503
-4.931004
-6.773650
-4.880433
-4.861293
-4.852460
-4.858799
-4.895710
-4.958473
-5.008204
-5.067105
-8.414598
-5.095141
354.936646
-5.137630
-5.006039
-7.658166
-4.950154
-4.908744
-4.889083
-4.736658
-4.604001
-4.476315
-4.348111
-4.267914
-6.536421
-4.105862
-4.066449
-3.988346
-3.929805
-3.919363
-3.894950
-3.902581
-4.474962
-3.980981
-4.015882
-4.076716
-4.128245
-4.140320
-5.284502
-4.130019
-4.102062
-4.045038
-3.978285
-2.522301
-2.380907
-0.642632
-6.940223
-1.778944
-2.153963
-10.357778
-2.760676
-3.020740
-7.883972
-3.470294
-3.683201
-4.046885
-4.037730
-4.198257
-4.344811
-4.478213
-6.112196
-4.773976
-4.939561
-9.972645
-5.208804
-5.299470
-9.543862
-5.458755
-5.519385
-6.039345
-5.584167
-5.606560
-5.590464
-5.577257
-5.554841
-5.830811
-5.450796
-6.540280
-5.358570
-5.335355
-5.319368
-5.307432
-5.290064
-5.289101
-5.272859
-5.286300
-8.305996
-5.293088
-5.282620
-5.306645
-5.322437
-6.934414
-5.406337
-5.464811
-5.470562
-5.481882
-5.483753
-5.475440
-5.463433
-5.427240
-6.902552
-5.344296
-5.242624
-5.129200
-5.014035
-7.934160
-4.840604
-4.786133
-4.859293
-4.673031
-4.626890
-4.585172
355.457520
-4.541928
-5.392710
-4.494368
-4.506657
-4.548629
-4.587544
-4.650925
-4.686838
-4.682723
-8.133606
-4.630092
-4.606045
-8.724928
-4.513731
-4.473685
-6.341682
-4.373229
-4.227485
-4.068759
-3.926764
-3.848250
-3.775527
-3.716103
-5.575842
-3.621274
-3.596885
-7.623941
-3.483998
-3.452573
-6.515454
-2.017076
-1.965201
9.831846
-1.342691
-1.839050
-8.123056
-2.595349
-8.201926
-3.291898
-3.476075
-4.169753
-3.927209
-4.124094
-4.279355
-4.445817
-4.578724
-4.700286
-4.814699
-4.909190
-7.505653
-4.977290
-5.000093
-5.013208
-5.043693
-6.030611
-5.099044
-5.137972
-5.173030
-5.222550
-5.253631
-5.282130
-5.329448
-5.409135
-6.500125
-5.534900
-5.581316
-5.607278
-5.635388
-7.601682
-5.694046
-5.708375
-5.707976
-5.727844
-5.715469
-9.227536
-5.631472
-5.553658
-5.645123
-5.353396
-5.280975
-5.214615
-5.153368
-6.002158
-5.066545
-5.020371
-8.909318
-4.968620
-4.917917
-8.910638
-4.905008
-4.885376
-5.880814
-4.906556
-4.939574
-5.010792
-5.064772
-5.109453
-5.128594
-5.133568
351.494141
-5.075817
-5.037868
-9.114541
-4.876115
-4.762291
-6.465258
-4.496740
-4.398016
-4.316529
-4.231137
-4.186853
-6.564315
-4.083555
-6.359726
-4.001651
-3.970711
-3.943911
-3.934504
-3.886530
-3.896376
-3.928600
-3.945599
-4.006461
-4.068263
-4.068774
-5.099397
-4.062168
-7.082983
-4.029875
-3.992423
-2.742343
-2.466435
-0.598919
-1.340642
-1.792933
-2.171011
-2.499795
-2.781584
-3.037529
-3.813145
-3.501222
-3.694648
-3.874089
-4.022396
-5.287065
-4.320284
-4.445476
-4.555798
-4.694513
-4.826996
-8.388600
-5.113149
-5.224176
-5.356263
-5.438100
-5.504667
-5.557178
-5.597153
-7.825991
-5.618090
-5.600239
-10.093986
-5.570270
-5.526625
-9.092437
-5.432277
-5.386755
-5.711152
-5.344591
-5.319479
-5.304199
-5.278924
-5.990048
-5.263509
-5.301776
-9.270350
-5.390007
-5.450763
-9.550227
-5.517955
-5.547402
-6.445961
-5.537548
-5.538682
-5.533701
-5.516353
-5.498916
-5.490943
-5.429072
-6.670243
-5.192598
-5.061013
-4.960910
-4.854292
-4.786366
-4.719984
-4.671268
-4.611946
-4.578519
355.447723
-4.512517
-5.376481
-4.482524
-6.798336
-4.412790
-4.359580
-4.343294
-4.313581
-4.294891
-4.334245
-4.425022
-4.490902
-7.637999
-4.526763
-4.508915
-4.522802
-4.438840
-7.686532
-4.282264
-4.187609
-4.351444
-3.880289
-3.766168
-3.673218
-3.584561
-3.539306
-5.580204
-3.435135
-3.407774
-3.376514
-1.989577
-1.936661
-0.554892
-1.310111
-7.602760
-2.194684
-2.547811
-10.528686
-3.151258
-3.413094
-7.291697
-3.895940
-4.117947
-4.330266
-4.477476
-4.604324
-4.714149
-4.803135
-7.102831
-4.899789
-4.931517
-9.865753
-4.978786
-5.030268
-9.180347
-5.122263
-5.152583
-5.722561
-5.223859
-5.248627
-5.263182
-5.286996
-5.938293
-5.345459
-5.414052
-6.011375
-5.632980
-5.698110
-5.728824
-5.716341
-5.695852
-5.643342
-5.608807
-5.515133
-9.037391
-5.313342
-5.244968
-5.420369
-5.153634
-6.808752
-5.120317
-5.095025
-5.080492
-5.078067
-5.076679
-5.101200
-5.175343
-5.255507
-7.825089
-5.329545
-5.303425
-5.278787
-5.238421
-7.472728
-5.091484
-4.987072
-4.905407
-4.781621
-4.691669
355.384766
-4.549701
-4.480278
-5.772214
-4.399341
-4.364856
-4.331972
-4.317817
-7.692859
-4.261683
-4.212299
-7.903036
-4.177437
-4.224229
-8.263205
-4.327615
-4.365093
-5.457952
-4.332253
-4.277067
-4.215872
-4.154386
-4.080687
-4.042770
-4.007248
-6.612787
-3.965046
-3.911418
-7.969070
-3.785149
-3.680205
-4.738158
-2.057013
-0.549373
-1.364548
-1.774614
-2.146982
-2.468048
-2.751538
-5.359041
-3.262447
-3.490307
-10.008556
-3.883118
-4.038741
-4.190560
-4.322011
-4.448188
-4.578784
-4.758055
-4.930877
-8.737411
-5.187236
-5.259573
-5.356850
-5.329047
-6.129762
-5.271974
-5.242079
-5.250456
-5.240377
-5.242541
-5.249543
-5.265414
-5.294371
-7.327432
-5.315840
-5.324396
-5.358878
-5.436399
-7.070179
-5.620443
-5.676878
-5.717161
-5.721248
-5.694976
-5.645200
-5.568166
-5.487393
-6.230269
-5.285503
-5.201214
-5.113349
-5.068150
-8.015001
-4.996466
-4.967042
-8.965619
-4.916565
-4.892069
-8.779720
-4.838398
-4.841641
-5.668313
-4.822327
-4.889392
-4.958576
-5.034020
-5.067642
-5.069555
354.955627
351.752716
-4.931262
-4.802546
-8.816205
-4.553943
-4.447579
-6.454177
-4.303172
-4.244089
-4.193407
-4.145422
-4.106458
-4.081383
-4.071449
-5.840543
-4.127642
-4.182114
-8.322054
-4.248359
-4.271770
-4.278156
-4.257923
-4.228326
-4.183549
-4.113901
-3.981390
-6.320898
-3.687525
-7.211732
-3.461851
-1.973629
-2.460179
-0.538936
-1.318868
-1.766732
-2.148799
-2.490669
-2.807012
-3.090476
-3.373410
-5.796841
-3.885360
-4.103590
-4.292154
-4.475727
-6.067200
-4.757100
-4.864242
-4.962739
-5.010325
-5.042596
-5.048807
-5.047619
-5.072309
-5.637533
-5.125993
-5.147825
-5.163303
-5.203274
-7.834188
-5.240515
-5.259454
-9.697533
-5.308347
-5.315914
-9.307731
-5.425811
-5.503763
-6.106383
-5.678088
-5.728825
-5.757474
-5.780635
-6.358190
-5.782266
-5.692444
-9.258921
-5.492044
-5.378299
-9.491070
-5.225147
-5.158600
-6.758622
-5.074904
-5.033144
-4.996780
-4.961899
-4.935157
-4.920592
-4.856773
-6.788076
-4.926076
-4.789869
-4.793544
-4.828030
-4.844376
-4.854003
-4.849909
-4.831086
355.219055
-4.782815
-4.767474
-6.668677
-4.747817
-7.909792
-4.689929
-4.658384
-4.838167
-4.612003
-4.566239
-4.557050
-4.532839
-4.504089
-4.465236
-4.438073
-4.406102
-5.040081
-4.344752
-4.308568
-4.268744
-4.245897
-4.827035
-4.154738
-4.126777
-4.064123
-4.033088
-3.995553
-7.244298
-3.925933
-3.872912
-2.582769
-2.394206
-0.597485
-1.339741
-1.792919
-5.313253
-2.508906
-2.809000
-10.445668
-3.335626
-3.556963
-8.281434
-3.960456
-4.129158
-4.460981
-4.430174
-4.564383
-4.677214
-4.796601
-6.057814
-4.967372
-5.053486
-9.737270
-5.183104
-5.244389
-9.716354
-5.332648
-5.370988
-6.394282
-5.449539
-5.473452
-5.495131
-5.520623
-5.537282
-5.536270
-5.551423
-7.049576
-5.564754
-5.571302
-5.564894
-5.572041
-5.555615
-5.555054
-5.536846
-5.539050
-5.524210
-5.508217
-5.504175
-6.719092
-5.456586
-8.248524
-5.411973
-5.394387
-5.457730
-5.351226
-5.328386
-5.309542
-5.286325
-5.253318
-5.232652
-5.200303
-5.184394
-5.499908
-5.114700
-8.576778
-5.050033
-5.040932
-5.384098
-4.974834
355.065063
-4.913230
-4.875296
-4.854332
-7.657176
-4.792303
-4.745430
-4.747217
-4.693039
-4.657452
-4.609420
-4.575519
-5.865478
-4.515414
-4.468160
-8.565010
-4.401519
-4.363072
-6.830231
-4.277026
-4.250733
-4.280109
-4.180489
-4.139035
-4.109284
-4.062524
-5.472099
-4.010921
-3.965800
-7.975730
-3.875829
-2.461451
-5.946013
-0.569727
-1.334017
-2.545346
-2.171489
-2.509316
-2.806493
-3.079445
-3.328051
-3.557161
-3.770634
-5.301482
-4.132048
-4.296599
-4.437251
-4.572388
-4.689061
-4.797178
-4.891859
-4.978403
-5.056510
-5.121975
-5.196804
-5.899068
-5.301863
-7.884561
-5.375054
-5.423668
-5.466166
-5.478624
-5.506763
-5.523406
-5.540582
-5.536729
-8.933918
-5.550230
-5.554228
-5.644485
-5.558733
-8.766391
-5.548553
-5.553175
-5.728863
-5.522179
-5.521847
-5.506264
-5.489988
-5.463560
-7.558461
-5.444628
-5.409684
-5.393219
-5.365201
-5.349217
-5.328687
-5.306073
-8.456939
-5.257102
-5.239879
-9.396115
-5.183957
-5.152442
-7.244859
-5.086307
-5.058447
-5.045946
-5.004203
-4.973755
355.078186
-4.906168
-6.708764
-4.839443
-4.811679
-8.902820
-4.733095
-4.708886
-8.009109
-4.648299
-4.597686
-4.858616
-4.540230
-4.498981
-4.463201
-4.420875
-5.073042
-4.358128
-4.324862
-8.013193
-4.249961
-4.220318
-4.159998
-4.133865
-4.102632
-4.061835
-4.034700
-3.991967
-3.949551
-3.909574
-3.860389
-2.641850
-2.382062
86.735069
-1.336776
-1.791198
-2.169945
-2.502855
-2.796275
-3.076085
-3.330319
-3.559531
-7.597076
-3.966870
-4.131371
-4.303907
-4.434805
-7.999083
-4.684167
-4.798541
-4.964348
-4.970938
-5.056006
-5.121185
-5.186759
-5.239160
-6.733655
-5.331131
-5.365863
-5.407589
-5.442015
-5.464361
-5.492958
-5.506152
-9.416032
-5.523942
-5.539897
-9.870960
-5.546715
-5.560097
-6.969362
-5.563084
-5.546736
-5.541899
-5.531451
-5.524597
-5.514320
-5.494400
-8.258640
-5.459585
-5.442495
-9.687801
-5.394965
-5.384921
-7.921940
-5.343589
-5.326105
-5.337013
-5.269276
-5.254233
-5.223499
-5.191888
-6.773915
-5.141815
-5.112569
-9.214760
-5.045648
-5.031274
-4.998179
-4.970285
355.075897
-4.907343
-4.866198
-4.836588
-7.486135
-4.784270
-8.519834
-4.711919
-4.680171
-5.338161
-4.591716
-4.575068
-4.533304
-4.495784
-4.461849
-4.420259
-4.397066
-4.363721
-5.744771
-4.285823
-4.255207
-4.228371
-4.176138
-5.417906
-4.114236
-4.057532
-4.042220
-4.008189
-3.962296
-3.914410
-3.862100
-2.448611
-2.884094
-0.565328
-1.332542
-1.788179
-2.166762
-7.275654
-2.804082
-3.076829
-10.255536
-3.554142
-3.771044
-9.219873
-4.136802
-4.294037
-5.010590
-4.571230
-4.689013
-4.799603
-4.886262
-4.967936
-5.049975
-5.117774
-9.368496
-5.239580
-5.291799
-9.935561
-5.368890
-5.413703
-6.981981
-5.466008
-5.491448
-5.509490
-5.531825
-5.527416
-5.551823
-5.547439
-8.341734
-5.558192
-5.561554
-9.915253
-5.556107
-5.551345
-5.527755
-5.518115
-5.513535
-5.496422
-5.494291
-5.461689
-7.275404
-5.432983
-8.541538
-5.385726
-5.367729
-5.513190
-5.328249
-5.302725
-5.271134
-5.258276
-5.233840
-5.193800
-5.173903
-5.133372
-5.836733
-5.088369
-5.054759
-5.035413
-4.993548
-5.479230
355.072174
-4.901988
-4.866812
-4.839689
-4.806980
-8.137797
-4.742535
-4.703504
-4.817362
-4.644625
-4.596770
-4.560205
-4.541186
-6.045021
-4.463378
-4.421708
-4.392517
-4.355409
-4.329924
-6.962533
-4.237790
-4.218719
-4.232809
-4.130436
-4.107652
-4.050469
-4.031715
-5.282504
-3.958587
-3.917491
-7.853909
-2.441299
-2.380252
102.157303
-1.338703
-1.786280
-3.133985
-2.506065
-2.806903
-3.079275
-3.335797
-3.556164
-3.771898
-3.964753
-5.595286
-4.296039
-4.437319
-4.567853
-4.679779
-4.797588
-4.890271
-4.980268
-5.047962
-5.120682
-5.188098
-5.242451
-6.598553
-5.339194
-7.953812
-5.417440
-5.449881
-5.504843
-5.494012
-5.517892
-5.540886
-5.535657
-5.555064
-5.555704
-5.555130
-5.562741
-5.928571
-5.566359
-8.776258
-5.548190
-5.535978
-5.704832
-5.521595
-5.503395
-5.496873
-5.471900
-5.447263
-8.378987
-5.404459
-5.397140
-5.404530
-5.355788
-5.330886
-5.312233
-5.282390
-6.169547
-5.234087
-5.199360
-5.181170
-5.148850
-5.116803
-7.096554
-5.058775
-5.035659
-5.003138
-4.976501
355.066223
-4.912780
-4.871812
-6.853885
-4.807704
-4.780773
-8.874758
-4.711536
-4.679010
-7.775966
-4.589407
-4.568470
-4.631071
-4.500852
-4.460851
-4.419836
-4.395447
-5.289055
-4.321537
-4.276062
-8.124722
-4.224088
-4.161126
-7.988066
-4.100952
-4.047273
-4.899682
-3.990806
-3.937141
-3.920236
-3.855150
-2.438591
-3.064090
-0.605818
-3.067956
-1.793329
-2.173838
-2.502185
-2.808092
-3.076898
-3.325681
-3.554360
-3.774158
-8.749505
-4.131201
-4.299993
-4.556663
-4.576824
-7.151686
-4.810135
-4.898775
-4.991858
-5.061916
-5.127954
-5.201183
-5.257051
-5.306684
-7.711673
-5.386615
-5.427809
-5.459274
-5.477784
-8.857686
-5.514925
-5.537848
-5.718252
-5.554381
-5.551291
-5.550611
-5.566863
-5.559082
-6.552672
-5.551749
-5.549965
-5.537762
-5.535498
-5.521615
-5.502426
-5.498772
-8.826473
-5.449087
-5.441404
-9.649838
-5.388978
-5.366601
-7.257101
-5.325736
-5.304789
-5.275751
-5.261637
-5.230084
-5.201013
-5.179955
-7.299540
-5.112419
-5.098764
-9.236938
-5.038692
-5.003889
-8.076847
355.061951
-4.916072
-5.036201
-4.855794
-4.817335
-4.781361
-4.734434
-8.193308
-4.875269
-4.643955
-4.993427
-4.565697
-4.532307
-4.493079
-4.460237
-4.424467
-4.395617
-4.353210
-4.324309
-6.999464
-4.238371
-4.219717
-4.171808
-4.133974
-5.013247
-4.051555
-4.043361
-3.994706
-3.943500
-3.923016
-3.858866
-2.433051
-2.377352
74.847572
-1.335001
-1.792290
-2.174139
-2.503141
-6.471321
-3.075211
-3.326842
-3.572754
-3.774834
-3.973174
-4.138953
-4.303381
-4.442482
-5.049992
-4.698593
-4.810258
-4.898908
-4.981767
-5.970172
-5.130358
-5.199339
-9.694824
-5.308573
-5.350643
-9.799590
-5.425442
-5.457952
-6.528698
-5.505366
-5.525515
-5.539962
-5.542730
