638.507996
605.715881
593.581177
582.166199
575.481812
569.590820
564.774109
560.170593
561.846924
552.745972
549.399353
545.987305
542.852295
554.082764
537.315674
534.209656
531.967346
529.068604
526.731812
531.513306
522.677185
520.626953
518.982788
516.827209
515.237183
513.711670
512.056458
512.610474
508.983215
507.685181
506.113068
504.991547
503.615753
503.439697
500.708557
499.250977
498.109863
496.931824
495.862671
495.028015
494.042297
493.526947
492.300781
491.447357
490.615570
489.916382
489.047668
488.320587
487.665375
486.828064
486.308594
485.599182
485.157410
484.333710
483.456055
482.920990
482.409241
481.697876
481.182251
480.613983
480.087982
479.570129
479.236664
478.704956
478.077850
477.902771
476.716370
477.136047
476.529541
476.261475
475.831085
475.640137
475.260437
474.846619
474.249329
473.790222
473.256348
473.212097
471.775757
472.401337
471.555115
471.995392
471.739349
471.393341
471.192047
470.934937
470.743591
470.697418
470.453278
470.254639
470.089142
469.808624
469.634155
469.636047
469.342621
468.952087
468.850555
468.537292
467.757751
467.496704
637.583984
605.435852
591.015442
581.986389
574.988159
632.893982
564.458557
560.128662
557.406555
567.415039
548.972351
545.573608
542.500244
539.639282
536.863647
534.492249
531.881897
529.369690
526.779053
529.396423
522.389587
520.353699
518.503723
520.818909
515.016357
513.299561
511.850677
510.102753
508.764526
507.329956
506.004669
504.719574
503.493408
503.006622
501.061584
499.863373
498.805328
497.705719
496.645142
495.222382
494.585815
493.160370
492.187225
491.362030
490.643646
489.880280
488.944733
488.337250
487.539856
486.838898
486.092743
485.542816
484.755463
484.260284
483.456512
482.976135
482.433746
481.912476
480.618896
480.252075
479.717712
479.221222
478.796234
478.186584
477.766815
477.492981
476.959106
476.438843
475.191223
475.757874
475.326355
475.134613
474.260712
474.399811
474.089142
473.848816
473.506134
473.287842
473.069366
472.540283
472.219360
471.802307
471.511322
471.536957
470.970306
470.153564
470.435516
470.464539
470.258453
470.021698
469.945404
469.880249
469.607819
469.636292
469.503967
469.262726
469.148224
466.569336
468.250092
466.279083
678.439758
605.181702
593.010132
581.851624
575.120056
569.290344
564.447998
560.045288
556.021179
552.403564
549.085205
559.819580
542.709717
539.745728
537.070007
534.521790
533.565613
529.562012
527.084717
524.781860
522.611572
520.486511
518.543091
516.695068
514.960876
515.036011
511.655029
510.035065
508.627777
507.277985
506.948578
504.637451
503.403076
502.037170
500.927277
499.764893
498.713867
497.818085
496.715118
496.038849
494.387665
493.293579
492.229889
491.320404
490.634644
489.699829
488.649231
487.799744
487.361206
486.573395
485.565887
485.369873
484.795288
484.063080
483.618866
482.963501
482.479797
481.846039
481.488525
480.896240
480.310791
478.583649
479.283447
478.563934
476.531464
477.574219
477.156006
476.248108
476.338165
476.017090
475.385773
475.255920
475.150024
474.667023
474.407074
472.666779
473.784027
473.509491
470.992279
472.996216
472.701996
472.595886
472.080383
471.597931
471.284485
470.997864
470.999908
469.669067
470.421600
467.881317
469.924011
469.773071
469.397614
469.784637
469.457489
469.176666
469.104309
468.995209
468.186096
468.022064
637.556946
660.985291
591.327515
582.369141
575.295044
569.398499
577.753296
559.859314
555.914124
552.068909
548.804260
545.398865
559.422852
539.500366
536.706116
534.877747
531.778748
529.433655
527.105103
525.030029
527.293030
521.089844
519.172974
522.454895
515.591309
514.039001
515.404358
510.501068
508.852966
507.464386
505.869934
504.535217
503.263611
502.013519
500.855988
499.588654
498.482697
498.257874
496.561584
495.482666
494.762329
493.524323
492.571167
492.160645
490.926727
490.111938
489.273834
488.304596
487.512054
486.552307
485.818512
485.197144
484.408630
483.715149
483.445313
482.751038
482.079193
481.378479
480.968445
480.529755
480.003021
479.427856
479.093872
478.431946
478.237335
476.930542
477.329010
476.918121
476.201447
475.744751
475.279877
474.904419
474.459015
474.037750
473.871063
473.761292
473.160492
472.826660
472.671753
472.482788
472.266266
472.100891
471.661377
471.661713
471.355103
471.118500
470.926941
470.846283
469.127380
470.285461
469.880798
469.593842
469.264679
469.210968
469.112854
469.001068
468.191467
468.718811
467.886261
464.443359
637.556946
605.219482
699.982666
581.994507
575.238098
569.814697
564.910156
560.380615
556.405823
552.572144
561.335632
545.359497
542.300415
556.916626
536.504395
533.867004
541.506409
529.096008
526.803833
525.506958
522.641113
520.833191
518.895020
516.890686
515.318726
513.695740
512.002747
511.219147
508.948730
507.469727
505.898132
504.377563
503.003052
501.617798
500.405579
499.241058
498.267700
497.265350
496.159210
495.346100
494.279297
493.790466
492.414429
491.607147
490.732758
490.047882
489.184235
488.486847
487.643188
487.089935
486.089233
485.520233
484.617798
483.856567
483.272125
482.009064
482.105896
481.463043
481.053741
480.502777
480.033020
479.462677
479.169098
478.632721
477.882813
477.830200
477.486877
477.012878
476.672699
476.155212
475.778870
475.360840
474.717072
474.315735
473.981415
471.563507
473.026245
473.041443
472.328857
472.433594
472.114868
471.774780
471.694336
471.557007
471.223297
471.105316
468.953796
470.618317
470.533386
467.402893
470.028290
469.768677
467.847290
469.077240
468.927673
468.674286
468.469177
468.446655
467.629028
467.348755
320.813232
604.526062
590.631958
727.866150
575.029480
569.381653
618.673157
560.145630
556.260803
557.097778
549.181335
545.824646
560.015503
539.817871
536.950012
534.730469
531.433716
531.778931
526.474243
524.495544
522.503662
520.609253
518.629150
516.981262
515.141174
513.567017
514.453674
510.314056
508.952087
507.561890
506.332458
506.296387
503.650818
502.384308
501.237366
499.974701
498.815674
497.434479
496.291046
495.269653
494.733276
493.349213
492.525543
491.690735
490.664307
490.182159
489.143127
488.455627
487.744385
486.961609
486.246460
485.153839
484.982086
484.391022
483.760132
483.146027
482.638763
481.717377
480.970184
480.435211
479.793060
479.195740
477.756317
478.307373
478.072662
475.849396
477.202118
476.667755
475.857300
475.897736
475.678436
475.339203
474.758514
474.640198
474.244080
473.778931
472.491455
473.176849
472.899994
469.950470
471.972748
471.699249
469.475830
471.082611
470.920227
470.665405
470.339447
470.367828
468.723419
469.973419
469.769531
469.761230
469.479980
468.932373
469.411316
469.179352
468.980377
469.036774
468.248840
467.940247
637.626099
605.219482
668.532104
581.903809
575.005127
569.339905
564.804993
578.500854
556.215759
552.505310
549.236267
545.886414
542.856689
540.002808
537.396484
534.737305
534.377319
529.854309
527.570496
525.325562
523.286438
525.969910
518.993286
516.941772
519.537903
513.480835
511.694061
513.343262
508.728638
507.210266
506.415894
504.663635
503.358459
502.093689
500.933411
499.733765
498.686707
497.671631
497.138062
495.618469
494.671539
494.059448
492.809570
491.618225
490.866089
489.672607
488.688629
488.009125
487.173187
486.594116
485.818542
637.071838
604.427979
592.137939
581.253723
574.451172
568.570679
563.840149
559.567627
560.749939
551.687012
548.231384
544.997803
541.914795
552.741089
536.088684
533.197083
530.639709
528.047546
525.729980
530.405396
521.604675
519.648193
517.961670
515.762634
514.086975
512.590332
510.860931
511.357178
507.985596
506.432861
505.040222
503.881073
502.509003
502.582550
500.025787
498.739563
497.387451
496.208679
495.077911
493.973541
493.115784
492.404541
491.313690
490.258942
489.429413
488.590210
487.847534
487.062622
486.338959
485.617035
484.944244
484.354095
483.585388
483.183899
482.560822
481.737579
481.083160
480.569946
479.909302
479.122345
478.426727
477.960693
477.332733
476.866272
476.395935
476.205048
475.054596
475.367310
475.134613
474.549377
474.549194
473.981384
473.610809
473.270935
473.023560
472.676605
472.485474
472.047607
470.877258
471.568298
470.839691
471.046722
470.345551
470.183350
470.002319
469.674988
469.481781
469.411835
469.184509
468.716736
468.817444
468.880066
468.505219
468.407074
468.406219
467.797516
468.039337
467.909729
467.234558
467.070465
638.011841
605.068542
590.772644
581.321716
574.290588
626.104614
563.550171
559.095276
555.838989
565.189880
548.005737
544.558716
541.618835
538.660034
535.891296
533.152039
530.879822
528.502258
526.178650
528.408081
521.937073
519.845947
517.358276
519.788879
513.847473
512.227783
510.562347
508.976227
507.565216
505.950409
504.580750
503.224152
502.063965
501.360260
499.681122
498.542145
497.447906
496.404846
495.253204
494.362335
493.618042
492.434021
491.583710
490.660950
489.508148
488.385284
487.625397
486.904541
486.013367
485.310608
484.731232
484.114624
483.393188
482.807678
482.269867
481.670624
481.099915
480.557098
479.674652
479.732422
479.097839
478.636780
478.146484
477.700714
477.420441
476.797363
476.235229
475.638550
474.158844
474.711426
474.328857
473.918549
473.286041
473.314362
473.065460
472.714478
472.454620
472.226471
471.683960
471.597809
471.428375
471.239258
470.836090
470.449951
470.420013
469.831665
469.528748
469.363464
469.046143
468.699066
468.391418
468.324280
468.089050
468.141174
467.918121
467.617188
467.668976
465.364197
466.635132
465.164734
663.027344
604.375000
591.061523
581.246704
574.498108
568.570679
563.985168
559.251831
555.217224
551.245300
547.568542
556.984741
541.121704
553.051758
535.469299
532.926270
531.503418
527.913940
525.802673
523.623718
521.604065
519.622314
517.770020
516.092102
514.303650
514.105713
511.081146
509.601379
508.078857
506.723999
505.905640
503.828461
502.253510
500.855408
499.698029
498.506256
497.469025
496.650482
495.614380
494.228638
493.470978
492.532349
491.601379
490.846283
490.359253
489.217224
488.362823
487.684998
486.872223
486.197052
485.229004
484.700287
483.616028
483.081940
482.214050
481.679810
481.108765
480.553284
479.999542
479.506958
479.042450
477.243866
477.998657
477.567535
475.796356
476.681244
476.328735
475.771179
475.507874
474.984222
474.724152
474.203217
473.687439
472.995148
472.695709
470.467499
472.052307
471.727356
469.202576
471.035095
470.990295
470.037201
470.372772
470.204834
469.972412
469.762482
469.455597
468.591888
469.281097
467.458435
468.714355
468.610931
468.386566
467.921570
467.690002
467.516266
467.235748
467.117676
466.065125
466.255341
635.827759
643.675842
589.636047
692.123840
574.287415
568.545898
567.269470
559.161133
555.531128
551.818115
548.371460
545.077881
558.739014
539.102295
536.322205
533.748535
530.676819
528.256409
525.954651
523.825317
524.142029
519.807922
517.892029
516.021667
514.231262
512.735352
513.268066
509.329742
507.848206
506.314636
505.075592
503.808960
502.412842
501.047455
500.568909
498.380585
497.203339
496.943420
495.269989
494.132050
493.976105
492.174225
491.263855
490.460876
489.606079
488.680969
487.905579
487.196838
486.358795
485.858582
485.080444
484.477997
483.866577
482.759338
481.919189
481.258087
480.686951
480.100800
479.685822
479.147369
478.528290
478.112762
477.592163
477.056030
476.794861
475.851898
475.929230
475.569611
475.201965
474.678375
474.494293
474.055420
473.621674
473.158447
472.803619
472.381470
472.033356
471.681030
471.323547
469.897736
471.212952
470.890533
470.491882
470.390930
470.377777
470.111206
469.872345
469.688965
468.184448
469.096069
469.062775
468.683044
468.333344
468.191040
467.917236
467.792206
467.345673
467.602875
466.834473
466.678345
636.326904
604.277649
672.773193
580.983154
574.475708
568.853455
563.985291
559.471436
555.221619
551.303772
562.886780
544.369080
541.453125
556.076294
535.720032
533.405457
539.925659
528.198914
526.018494
524.396912
521.820129
519.843201
518.078003
516.218262
514.456482
512.929688
511.123688
509.985504
507.655121
506.253296
504.722260
503.417969
502.166016
500.980865
499.803589
498.612823
497.575562
496.546875
495.552582
494.810608
493.657013
493.076324
491.881805
490.948151
490.167847
489.347961
488.635040
487.651245
486.645020
485.869049
484.914246
484.477478
483.781250
483.179230
482.709595
482.137909
481.537323
481.018738
480.585205
480.029968
479.627991
479.133881
478.652344
478.127930
477.432709
477.218689
476.621155
475.832214
475.359192
475.011719
474.783752
474.428314
473.940460
473.629852
473.328217
470.952454
472.728241
472.536407
471.479614
471.830566
471.748962
471.518921
471.075073
471.152283
470.694916
470.413666
468.278839
469.593964
469.298065
466.306061
468.913940
468.681702
466.785309
468.311951
468.278931
468.085052
467.945313
467.797058
467.016785
466.908844
362.959229
604.907227
590.756042
722.771667
575.117493
569.385681
564.385010
559.761902
555.638245
551.708313
548.319153
545.002380
558.948914
539.184692
536.385071
534.498291
531.326172
532.820801
526.615356
524.634644
522.642273
520.639404
518.746338
516.819092
515.224304
513.682495
514.277588
510.345032
508.560242
506.965698
505.304565
505.798615
502.926392
501.665100
500.536377
499.362610
498.213562
496.949890
496.144348
495.024414
494.592102
493.197113
492.305847
491.420746
490.553345
489.645569
488.775604
487.952698
486.483734
486.067963
485.232178
483.899078
483.935883
483.341156
482.532898
481.987549
481.415131
480.799988
480.399780
479.782349
479.182922
478.777893
477.385529
477.918243
477.425323
475.364441
476.523865
476.047913
474.615692
474.918030
474.867706
474.089142
473.564087
473.167572
472.950592
472.774353
471.726471
471.907867
471.668304
471.301758
471.292755
471.018066
470.644257
470.655579
470.270844
470.127411
470.029785
469.592773
467.837585
469.049408
468.752838
468.593231
468.191406
467.324615
467.929657
467.695526
467.694550
467.501160
466.515381
466.581085
636.471436
604.241821
662.770691
581.331848
574.663940
568.953125
564.133728
588.894897
555.964905
552.210938
548.741943
544.963013
541.772034
538.858276
535.940063
533.529236
533.160217
528.625244
526.298767
523.940613
522.026855
520.124268
518.265503
516.517029
518.817322
513.146545
511.483521
513.209534
508.337006
506.894104
506.472443
503.713654
502.387268
501.023895
499.847229
498.732910
497.665771
496.583984
496.147247
494.499084
493.649048
492.912994
491.851196
490.875031
490.321564
489.127777
488.357330
487.675812
486.859802
486.078369
485.190277
484.333740
483.099731
482.855896
482.387573
481.622864
481.061859
480.495300
479.990082
479.499725
478.894623
478.481689
477.976135
477.512573
476.563324
476.599640
476.175171
475.788208
475.379272
474.835968
474.573151
474.001251
473.463867
473.047272
472.759766
472.347351
472.214325
471.908752
471.246399
471.206390
471.103943
470.908112
470.496094
469.152863
470.438446
470.045288
469.861328
469.509033
469.544312
469.223602
468.899506
468.571350
467.970245
468.158508
468.035400
467.807251
467.687317
467.656891
466.780731
466.745972
116.270584
604.214294
590.270386
729.446533
574.593750
569.136108
594.086487
560.031799
555.717285
551.858948
548.096497
544.706482
541.649658
538.631042
543.528442
533.351746
530.890869
538.758362
526.214722
524.094299
528.286743
520.059204
518.140137
516.425354
514.587036
512.936523
514.363953
509.621277
507.878448
506.369598
504.778137
504.128815
502.160339
500.949432
499.830292
498.626495
497.532898
496.461304
495.471252
494.571442
494.125702
492.699280
491.637848
490.913177
490.007660
489.403656
488.408539
487.594574
486.711639
485.718170
484.925018
484.262726
483.552277
483.035583
482.315643
481.816589
481.283020
480.650482
480.161377
478.988373
479.093140
478.825714
476.866791
477.829193
477.479187
475.547119
476.606689
475.971069
475.406616
475.045563
474.609863
474.299927
473.729492
473.404205
473.260681
472.808044
470.921570
472.275452
471.984375
469.184875
471.577728
471.219238
469.753174
470.729187
470.595673
470.217682
470.236725
469.606049
469.094635
468.840607
467.614075
468.490723
468.306580
465.476685
468.089874
467.741547
467.633484
467.577545
466.837006
466.662964
636.326904
604.311523
729.320557
581.572571
574.593750
569.784973
564.266968
569.794067
555.270935
551.467407
547.937134
544.646179
541.668762
538.682068
536.166260
533.470947
536.097168
528.561523
526.278503
524.068604
522.044739
523.192444
518.321899
516.361633
514.733765
513.115356
511.364838
509.889130
508.273041
506.768860
505.793640
503.714783
502.393860
501.156097
500.063568
500.171204
497.854004
496.852844
496.488464
494.783569
493.903442
493.335846
492.010315
491.192841
490.673279
489.547668
488.814606
488.035370
487.132080
486.195038
485.334137
484.551910
483.290985
483.237549
482.355408
481.157684
481.681610
480.938477
480.232513
480.045990
479.477661
479.108856
478.576752
478.019653
477.735535
477.287445
476.236755
476.258392
475.596161
475.124847
475.099487
474.529175
473.984741
473.726440
473.494019
473.327850
472.825195
472.661438
471.158081
471.935638
471.887817
471.603577
471.262177
470.775543
470.548279
470.148804
469.914063
469.425598
469.485870
469.114716
468.995697
468.842133
467.763580
468.353760
468.349152
468.161316
468.066711
466.890442
466.918671
466.811554
636.326904
603.972900
589.970154
580.960632
574.221558
568.678833
571.243042
559.521912
555.420349
551.758484
548.324768
552.752930
542.088684
539.111816
550.976074
533.433044
530.832825
538.138367
526.072754
523.851868
523.559204
519.881042
518.027222
516.163330
514.304871
512.851685
511.136353
509.626617
510.544037
506.888428
505.414246
506.407898
502.909058
501.705872
501.617401
499.280365
497.816071
496.598206
495.796844
494.612457
493.607117
492.819427
492.118774
490.892761
490.099976
489.344208
488.524841
487.832794
487.047668
486.487183
485.829437
485.208344
484.632233
483.894379
482.971802
482.196106
480.705750
481.153778
480.519043
479.927795
479.451385
478.959503
478.388489
477.946747
477.604126
477.085938
476.669739
476.223114
475.680847
475.436615
474.997620
474.789917
474.105591
473.184387
473.300232
472.840363
472.377594
472.220184
471.867645
469.668335
471.465393
471.190643
470.713837
470.514038
470.522705
470.172974
470.108917
468.721008
469.687500
469.366089
466.324036
468.849670
468.334045
465.848938
467.989838
467.788879
467.443390
467.480286
466.961792
466.497375
635.702942
604.591431
590.534241
638.849792
605.984619
594.023499
582.921326
575.984375
570.279480
565.254700
560.768555
562.069336
552.321960
548.908936
545.418823
542.343079
553.570007
536.850281
534.173950
531.810425
529.143066
526.895935
531.676941
522.688904
520.551331
518.992920
516.787537
515.139954
513.497986
511.793945
512.379639
508.404999
506.828674
505.255554
503.951721
502.620331
502.688995
500.282959
499.111725
497.874725
497.009705
495.755188
494.961029
493.913300
493.228119
492.037933
491.094513
490.350983
489.546509
488.762207
487.889771
486.990997
485.950531
485.263824
484.525970
483.782837
483.221954
482.622681
482.172241
481.550812
480.858337
480.563812
479.957977
479.497284
479.001862
478.537384
478.150665
477.549957
477.307922
476.072693
476.388580
476.168579
475.338470
474.409882
474.479095
474.085144
473.765808
473.439819
472.996185
472.904510
472.355591
471.224762
471.978180
471.089600
471.602386
471.136322
471.054077
470.828156
470.659454
470.293274
469.849365
469.528809
469.147034
468.856232
468.542389
468.526733
468.300903
467.944580
467.869324
468.009918
467.763062
467.085846
466.839417
637.815796
605.812439
591.483093
582.471619
575.682190
634.150452
564.804749
560.434570
557.591125
564.512146
548.494141
545.071533
542.001343
539.054932
536.381653
533.956665
531.306885
528.857483
526.529541
529.380310
522.416992
520.499756
518.643066
520.582336
515.006165
513.516479
511.746185
510.197418
508.692047
507.206421
505.647614
504.056915
502.778473
502.063477
500.220612
498.997284
498.028076
497.881256
496.078888
495.031311
494.310608
493.103546
492.255829
491.332397
490.539276
489.787537
489.091003
488.216858
487.458313
486.772491
486.085510
485.355438
484.368835
483.669281
482.811127
482.332520
481.718201
481.061676
480.270477
479.989044
479.549835
479.011169
478.555664
478.136871
477.699219
477.277710
476.768188
476.395081
475.428711
475.576172
475.101837
474.875702
473.976746
473.701080
473.253448
472.846405
472.530579
472.187653
472.144562
471.592407
471.333069
471.161102
468.858307
470.461975
470.361938
469.987976
469.756317
469.552032
469.397522
469.095459
468.702789
468.659393
468.538727
468.304413
468.097198
467.833893
467.492371
465.353119
466.581055
465.758423
648.759399
605.301636
591.017273
582.025330
575.226440
569.589417
564.773315
560.608643
556.301453
552.670288
549.186829
556.518250
542.856018
550.421326
537.134583
534.421387
532.051025
529.293518
526.764038
524.621460
522.547241
520.571289
518.659485
516.853088
515.086304
514.295959
511.829376
513.110962
508.880035
507.452850
506.122192
504.841705
503.545654
502.239166
501.213745
499.918579
499.865692
497.628510
496.397461
495.480499
494.118835
493.060760
492.201294
491.405334
490.812592
489.738892
489.127960
488.187927
487.380463
486.655121
486.022217
485.324097
484.625153
484.112610
483.396759
482.772949
482.168457
481.321533
479.775879
479.957977
479.533936
477.512726
478.552826
478.015442
476.816437
477.114014
476.636841
476.205231
475.802063
475.347626
474.845581
474.635223
473.854675
474.033905
473.684174
471.198212
473.082764
472.590393
470.440735
471.697601
471.470886
471.010803
470.659882
470.448669
470.332245
470.183594
469.963348
469.573547
469.469238
468.834106
469.266693
468.957184
468.897095
468.397675
468.509918
468.305878
468.257294
468.041992
464.769806
467.129364
637.330139
617.519409
591.309326
636.855042
575.306702
569.730530
564.755005
560.465210
556.446350
552.728638
549.401184
545.867249
554.983215
540.037842
537.275452
534.831909
532.359924
537.491699
527.626404
525.401733
523.642822
521.455261
519.452637
517.312622
515.426453
513.769958
513.304260
510.350891
508.808411
507.459930
505.878296
504.736877
503.368347
502.171356
502.298248
499.778534
498.707794
498.481537
496.637024
495.759949
495.016388
493.563812
492.768951
491.661194
490.741913
489.683441
488.734192
487.929382
486.834808
486.333618
485.688110
484.396729
484.372192
483.649048
482.748566
482.531097
482.054535
481.322784
480.937164
480.300720
479.769165
479.253571
478.549896
478.378815
477.897491
477.355743
477.019165
476.497345
475.743164
475.302094
474.692078
474.375610
474.082977
473.715790
472.346252
473.052399
472.776031
472.562775
472.157928
471.557892
471.808899
471.535980
471.208862
471.031586
470.918701
470.629272
470.588989
470.125580
469.184265
469.863495
469.557251
469.076935
468.977722
467.784027
468.481262
468.334167
467.985626
467.979065
467.253143
467.053192
637.401978
605.553406
616.581238
582.838257
575.877686
570.428406
565.605164
596.903748
557.246948
553.469360
577.382385
546.660583
543.352600
556.627014
537.309692
534.667358
534.051208
529.488770
527.258911
525.134949
523.113037
520.998596
519.125061
517.229065
519.549194
513.913330
512.223450
513.977295
509.277832
507.707581
507.634979
505.094330
503.717133
502.214264
500.869446
499.469849
498.339966
497.313751
496.835175
495.234100
494.138580
493.420380
492.292694
491.351349
490.645813
489.811920
489.010162
488.100311
487.392273
486.721985
486.085571
485.447662
484.223846
483.990021
483.008392
482.646942
481.875763
481.054474
480.503784
480.044617
479.317810
478.908783
478.480377
477.986542
477.388062
477.108276
476.761017
476.318542
476.076019
475.510223
475.140625
474.836609
474.551025
474.160767
473.933380
471.924652
473.323608
472.993530
472.503235
472.067474
471.740601
471.443634
471.150421
470.086304
470.726685
470.494049
467.733734
470.033447
469.841003
468.125031
469.490601
469.331055
469.130829
468.911377
469.025146
468.690277
468.540741
467.460693
467.511200
467.202148
92.214745
605.312378
591.383545
713.277527
575.424438
569.755371
573.574280
560.613708
556.495667
552.955200
549.510864
546.090210
543.093750
540.164856
541.466858
534.493042
532.381104
529.797241
527.566711
525.363525
523.390808
521.136475
519.652710
517.037964
515.152771
513.396301
512.718628
510.089172
510.631744
507.328369
505.818420
504.431335
503.190887
501.916382
500.811279
499.604034
498.506989
497.487793
496.348450
495.485840
494.503845
493.484833
492.962128
491.638367
490.848236
489.959351
489.089447
488.014465
486.972015
486.312134
485.508789
484.800720
484.275513
483.725220
483.001221
482.441498
481.903107
481.178589
480.830383
480.293213
479.840881
479.318207
478.693390
478.417572
477.924774
477.173004
477.172577
476.670685
476.308472
475.765228
475.167542
474.697327
474.294220
472.559509
473.527130
473.178009
470.923859
472.689148
472.090149
470.509552
471.833252
471.506134
471.202179
471.208221
470.843750
470.655487
470.319458
469.445068
470.114319
469.858826
466.657410
469.127960
468.881989
465.809692
468.232422
468.213928
467.580627
467.686310
467.036560
466.884155
636.902405
605.312378
617.679138
582.429016
604.012573
570.079468
565.209167
560.834900
556.937378
553.068481
549.618042
546.346741
543.171692
554.759949
537.262207
534.333557
532.222778
529.196899
531.605225
524.721497
522.647644
520.723022
518.751831
516.980774
515.186035
513.554016
511.865051
512.634399
508.831757
507.426758
505.989899
504.714142
505.168671
502.138733
501.010162
499.969543
498.625549
497.328949
496.111572
495.130463
494.066864
493.312042
492.090057
491.203491
490.457916
489.673981
488.797058
488.022339
487.376190
486.207001
485.893982
485.409485
483.848480
483.972107
483.496216
482.647522
482.358765
481.695923
481.063812
480.546204
479.985138
479.169739
478.649139
477.587891
477.651031
477.212830
475.182343
476.446533
