494.205963
489.265656
484.670929
480.252136
514.376404
471.860229
467.815033
464.106873
460.302521
456.722992
453.356323
450.164154
452.052399
444.059723
441.271790
438.407654
435.826599
433.285950
432.891144
428.257019
425.939178
423.765167
421.671234
419.720459
417.911285
415.996613
414.776550
412.576691
410.879364
409.354340
407.896515
406.303101
405.294373
403.585938
402.220612
401.039825
399.650482
398.477783
397.320313
396.101868
394.931366
393.782318
392.535706
391.330170
390.345917
389.278412
388.279602
387.334106
386.496185
385.471741
384.719910
383.161865
383.080841
382.263855
381.467560
380.766663
379.995361
379.295990
378.495422
377.819519
377.153259
376.423676
375.732422
374.124481
374.447937
373.070038
372.864227
372.150757
371.548828
370.915100
370.340942
369.727051
369.140930
368.608643
367.985779
367.438660
366.976288
366.432495
366.017609
364.874634
364.202759
364.465027
364.015839
363.688507
363.196411
362.753937
362.244720
361.860016
361.418335
360.917297
360.292419
359.847931
359.314087
358.576752
356.554962
358.139191
357.774109
356.616516
356.439575
499.887787
494.109833
489.154480
484.564850
480.203217
475.931641
471.839233
467.778229
465.905518
460.368652
456.774261
453.377411
455.369598
447.090149
443.987305
441.053009
438.084778
435.438049
432.939026
433.372742
428.290344
426.124451
424.086792
421.920654
419.983154
418.203827
417.550446
414.641205
412.981262
411.462250
409.819275
408.335022
406.731750
405.743774
403.950470
402.544159
401.233704
399.845337
398.432465
397.204468
395.901764
394.656464
393.447266
392.425507
391.330170
390.433197
389.350952
388.202576
387.312439
386.458710
385.585907
384.690857
383.818878
382.984772
382.205963
381.456573
380.601440
379.793549
379.086182
378.253113
377.431213
376.643799
375.930176
375.211670
374.567963
373.890167
373.372192
372.688568
372.085327
371.556732
371.012695
370.470673
368.620178
369.340698
368.115753
368.178040
367.719208
367.297882
366.804749
366.313873
365.835052
365.322052
364.786774
364.128510
363.618683
363.108643
361.378448
362.066223
361.661499
361.193115
360.770416
360.136963
360.012695
359.526825
359.196259
358.797394
358.437897
358.030090
357.057190
356.709930
256.115723
494.129852
489.320251
484.717621
480.235229
499.984406
471.549896
467.333466
463.435699
459.638092
456.088684
452.618652
449.420471
446.322906
445.182343
440.539185
437.761322
435.232178
432.691376
430.346832
428.065308
425.866608
425.785431
421.759705
419.753540
419.309784
416.065735
414.270416
413.043213
410.593353
408.871033
407.382446
405.714905
404.247620
402.876404
401.479889
400.269928
398.929260
397.728455
396.280304
395.475067
394.252655
393.130249
392.269318
391.193878
390.360718
389.382874
388.364319
387.448090
386.645447
386.009979
384.811859
383.854065
382.921204
382.046600
381.268616
380.513153
379.742432
379.140594
378.358124
377.640961
376.978485
375.146820
375.595795
374.998444
374.289734
373.790436
372.589844
372.481110
371.892059
371.363800
370.774811
370.126190
369.359192
368.714020
368.062286
366.685455
367.035126
366.548187
366.024109
365.582520
365.022705
364.535095
364.057465
363.434204
363.306732
362.799530
362.296173
361.909119
361.442749
360.312714
360.640167
360.219208
359.547943
359.060822
358.497101
358.180756
357.705200
355.659698
356.460175
498.983246
892.365112
488.587769
484.173431
544.893555
475.590363
471.482910
471.599792
463.759827
460.076233
456.534180
453.099335
449.879608
446.801147
443.797821
442.596100
437.688446
434.973785
432.394470
429.963257
427.629395
425.439453
423.336304
421.321869
419.347351
417.572021
415.712128
414.270691
412.345825
411.396515
409.069458
407.646698
406.112793
404.724304
403.341248
401.985382
400.618744
399.323700
398.167938
397.061249
395.788910
394.359955
393.229126
392.048401
390.841156
389.962799
389.033905
388.027924
387.034302
386.157288
385.225616
384.395294
382.793365
382.759644
381.966339
381.145752
380.430573
379.675964
378.982758
378.204407
377.359680
376.839478
376.062225
373.977753
374.659119
373.806885
371.729736
372.362061
371.654633
371.072693
370.460724
369.920502
369.334381
368.640991
368.066650
367.498566
366.911133
365.056793
365.816559
365.293671
362.910889
364.374603
363.850311
362.371155
363.030487
362.558075
362.083801
361.617584
361.082489
358.886017
360.070953
357.854767
359.140686
358.689056
358.246246
357.999786
357.593018
357.201599
356.208099
355.934662
498.658905
492.691803
487.994995
545.747925
479.316132
475.171448
471.176025
467.128296
474.707336
459.744598
456.056396
452.479279
449.156982
446.028412
442.982422
440.279999
437.522247
437.217926
432.575378
430.167786
427.911713
425.715332
423.680176
421.652283
419.674133
418.206085
416.006897
414.264404
413.406281
410.905029
409.371399
408.047913
406.245697
404.671875
403.099670
401.642853
400.328033
398.983124
397.757813
396.983154
395.484802
394.174042
392.612823
392.003967
390.930420
389.586243
389.078003
388.001007
387.092346
386.214600
385.283081
384.434479
383.571655
382.742859
381.922394
381.116882
380.079529
379.238525
378.469757
377.574493
376.815247
376.210480
375.513123
374.815643
374.209778
373.514221
372.915131
372.227875
371.527496
371.065491
369.619385
369.984070
369.440308
368.813477
368.357574
367.789917
367.284454
366.783783
366.298950
365.871918
365.357300
364.651123
364.014221
363.494080
363.170776
362.673767
362.280121
361.329742
361.466034
360.927979
360.502960
360.182251
359.833038
357.941284
359.083344
358.601624
358.200226
357.885773
356.947052
356.573578
499.187714
588.627625
488.794250
484.343628
552.266296
475.480896
471.130798
496.668945
463.123505
459.409729
460.909363
452.565948
449.392395
446.252991
443.166443
440.497162
437.692047
435.138336
435.669037
430.291626
428.039093
428.327118
423.726746
421.739380
421.264008
417.948395
416.091919
414.347137
412.720398
411.002258
409.795563
407.589630
405.970001
404.523438
403.173767
401.973724
400.585327
399.253479
398.047760
396.818207
395.651001
394.456024
393.433685
392.313934
391.274597
390.370605
389.325470
388.324799
387.344299
386.305115
385.512085
384.631531
383.749695
382.877838
381.864532
380.942474
380.107391
379.233276
378.400787
377.694366
376.970398
376.370239
375.568634
374.867493
374.239288
373.569763
371.642151
372.287537
371.674225
369.481781
370.554749
369.959839
368.839844
368.799377
368.254578
367.705170
367.168335
366.653564
366.119171
365.431519
364.117249
364.287903
363.760681
361.185486
362.867615
362.486908
360.254547
361.515717
361.130951
360.514069
360.297058
359.909424
359.548096
359.099701
358.781921
358.116333
358.085205
357.141571
356.727905
356.358978
498.986450
493.548187
488.557648
483.900879
479.410828
475.021912
470.869385
466.952484
463.160004
460.948181
455.977722
461.524475
449.338959
446.293640
443.681702
440.548401
437.742920
435.122467
432.683624
430.337585
430.417969
425.801971
423.700378
421.720001
419.704254
417.790283
415.857300
413.925201
412.662781
410.345673
408.633484
407.504303
405.538452
404.202545
403.100464
401.375336
400.019714
398.828583
397.610901
396.447876
395.250427
393.998901
392.962280
391.744019
390.499084
388.733582
388.100220
386.888458
384.986481
384.633331
383.399841
381.935486
380.448090
378.881287
377.649811
376.560333
375.488312
374.405487
373.433319
371.721954
370.907959
369.795532
368.505432
367.162018
365.813843
364.305389
362.916809
361.413544
360.121765
358.871033
357.618164
355.817657
355.180634
354.164917
353.149170
351.954346
350.647919
349.828125
348.925354
348.079071
347.432983
346.922089
346.579987
346.303650
345.995544
345.602753
346.062805
346.174469
346.347046
346.541901
345.776062
347.030579
347.467010
347.755432
348.297699
348.809448
349.525665
350.197479
350.144135
350.440430
492.424805
487.906464
483.935822
480.348785
476.621307
473.014313
469.382996
496.687683
462.325470
458.882935
470.882263
451.766571
448.437103
448.237122
442.291962
439.438934
436.593109
433.893768
431.419769
428.914795
426.655334
426.430389
422.328674
419.992371
419.341553
415.805542
413.757080
412.772980
409.543823
407.490784
405.489532
403.397858
401.217072
399.209930
397.332855
395.527222
393.680450
391.653900
389.810730
387.693481
385.541382
383.409668
381.373566
379.638245
377.792969
375.896515
373.916290
371.610016
370.233887
368.804504
367.202423
365.696838
363.730408
362.985352
361.705811
360.563080
359.571686
358.758301
358.288574
357.755707
357.600708
356.900909
357.311249
357.282074
357.501343
357.521637
357.959778
358.140594
358.187195
357.519104
358.591522
359.164124
357.972717
360.081360
360.585785
360.619141
361.642883
362.096466
362.390167
362.650452
362.686127
362.600677
362.417786
361.891296
362.045776
361.754883
359.418945
361.049713
360.744263
358.260895
359.806793
359.200470
358.067261
357.983704
357.576416
356.999542
356.608490
356.140839
355.342102
355.195770
290.011475
490.451782
485.653198
481.188721
476.755737
472.578339
468.417572
464.514801
460.589600
456.829834
453.237976
449.792969
450.320557
443.163452
445.838715
436.784576
433.745209
431.602142
428.220093
425.262878
422.621460
420.133057
417.879639
415.555054
413.166199
410.826416
408.787323
406.314117
404.131927
401.829132
399.278809
397.319000
394.011322
391.197021
388.382721
385.962860
383.712372
381.414063
379.181427
377.139099
375.173431
373.170074
371.828308
370.686584
369.931305
370.161865
369.011719
368.864471
368.209869
368.854675
368.882507
368.286041
369.532196
369.891571
370.336121
370.711548
371.143677
371.715546
371.954620
372.165100
372.363556
372.442322
371.863251
372.058716
371.785065
369.941895
371.334625
370.861511
370.603638
370.353210
370.071259
369.636475
368.971436
368.372711
366.410492
366.530243
364.181122
365.051178
364.570190
363.889648
363.830536
363.497528
363.146606
362.647034
362.137909
361.686340
361.170227
360.575806
359.044525
359.491547
358.977936
358.543213
358.005554
356.552917
357.043579
356.495575
355.847321
354.909668
353.356873
352.174591
488.931488
482.822510
524.693481
472.437134
467.060455
461.852325
456.562256
451.438263
446.518524
441.685547
449.026428
432.629059
428.353668
432.902374
421.120209
418.259094
417.992340
413.285156
411.328186
409.769073
408.431427
407.368042
406.456482
405.493134
406.151764
404.041199
403.345215
403.959015
402.678314
402.449158
402.912231
402.445343
402.975494
403.651550
403.353302
401.799591
401.040527
400.202606
399.180389
397.911774
396.468933
395.004517
393.557068
391.971222
390.386963
389.145874
387.831421
386.757660
385.614502
384.664642
383.022736
382.873962
382.162964
381.326141
380.628082
379.314392
378.745941
378.063934
377.634857
376.533447
375.273163
373.851624
372.324310
370.846466
368.533630
367.602692
366.035522
364.279663
362.605591
360.953583
359.434021
357.968231
356.214783
355.127869
353.967468
350.855713
351.311615
350.196533
348.452667
347.636108
346.426819
345.388702
344.585754
343.805481
343.386292
343.028320
342.638123
342.933380
343.123138
341.440399
343.881531
344.373199
342.996765
345.572357
346.416412
346.758392
348.159485
349.097260
349.515839
350.654755
493.323730
488.728455
485.608704
519.267883
478.084961
474.004120
470.118805
466.314545
462.643890
459.003265
455.646698
452.578491
449.532074
446.274323
442.924042
442.528595
436.604126
437.456055
431.026398
428.629822
426.435516
423.962646
421.830627
419.547424
417.568390
415.888885
414.279541
412.999451
411.721283
410.304901
408.147919
406.299683
404.348328
402.462006
400.741974
398.232941
395.950806
393.582703
391.211273
388.749573
386.096588
383.888580
381.829346
379.443054
377.303741
375.555878
373.728882
372.161499
371.017548
368.873169
367.071777
364.728027
364.355835
363.483887
361.770721
362.188538
361.815491
361.198547
361.303619
361.093903
361.240875
361.708008
362.197449
362.472351
363.130737
363.001648
364.465210
365.240814
364.460175
366.921143
367.580170
367.237854
368.758209
368.850464
368.793030
368.550049
368.082886
366.549286
367.202637
365.223297
366.125671
365.315552
364.490234
363.723877
362.846313
362.046539
361.325653
360.561066
359.844635
359.048523
358.188477
357.056183
358.073456
357.768341
357.538849
356.728790
355.078949
354.589996
352.394012
350.951996
490.179596
483.261993
477.077423
471.419617
465.882538
473.830048
455.701752
450.579651
445.526154
440.729095
448.141785
431.429443
427.819580
432.129730
421.687164
419.214874
421.887726
414.925415
413.125153
412.792145
409.702637
408.122192
406.503540
405.242310
404.125458
403.332977
402.401947
402.664642
400.959686
400.240997
400.167999
399.307007
398.953705
399.300842
398.333496
397.637939
396.939331
395.886749
395.032074
394.085144
393.349701
392.379028
391.837494
390.718353
389.427307
388.385529
387.239929
386.166779
385.139130
384.222198
383.087311
381.977051
380.832001
378.858734
378.514343
377.540833
376.330292
375.052185
373.499786
372.143768
370.350006
368.354126
366.227814
363.994659
362.029633
360.055756
358.485901
356.023499
355.253235
353.846588
352.377045
350.594360
348.818298
347.280060
346.065186
344.881958
344.482880
344.185852
344.073395
344.126556
344.257477
344.049347
344.495850
344.702698
345.132019
345.616791
346.394043
347.278351
348.162689
348.504303
350.118073
350.762054
349.057068
351.894104
352.702484
351.187561
353.867645
354.205322
353.786621
354.287781
491.993195
487.008942
482.777344
478.591278
474.280945
469.944092
477.991028
462.059753
458.185120
454.562286
450.917725
447.159424
443.654205
440.024078
436.289764
432.725189
429.408051
426.289917
425.034729
419.728638
418.521301
412.236603
408.843872
405.940308
402.847260
400.599670
398.447723
396.442444
394.341858
392.069214
389.716431
387.538208
385.400879
383.316010
381.512634
379.971619
378.788422
377.910156
377.040466
376.497803
376.048401
375.624664
375.092651
374.956512
374.648621
374.710815
374.908478
375.008392
375.242218
375.563751
375.610199
376.098206
376.075775
376.495850
376.008026
377.548431
377.688873
376.433807
377.460419
377.082764
377.371185
376.763672
376.065277
374.926727
374.079956
373.068756
372.242615
371.354584
369.618805
369.806885
369.179993
366.779968
367.854156
367.152588
365.501343
366.237823
365.710510
364.401062
363.252411
362.007721
359.363251
359.678070
356.472839
356.307617
354.457977
352.211334
350.551758
348.669739
346.991821
345.350159
343.851257
342.580811
341.436737
340.251770
337.993774
338.483398
337.863251
337.159943
336.232208
334.876770
471.563141
466.473267
462.600616
458.596863
455.329041
452.290131
449.297180
446.574158
454.850159
441.471375
439.454803
437.760864
436.133179
434.514709
432.905975
431.469299
431.091187
428.395386
426.628082
428.136047
422.770477
420.907654
420.434235
417.387360
415.653595
414.065491
412.489349
410.925659
409.296722
407.614197
406.784302
404.243591
402.363495
400.974884
399.103607
397.306152
395.495392
393.633698
391.750610
390.068146
388.077728
386.126648
384.436310
382.419220
380.332825
378.505005
376.626373
374.738190
373.068207
371.538971
369.978912
368.447479
366.955658
365.652466
364.347076
363.142761
361.898010
360.775299
359.725098
358.597015
357.823914
356.162720
356.030792
354.895538
353.674622
352.424042
351.488342
350.607422
350.104584
349.658478
349.358826
349.071045
349.223022
349.524689
350.188782
350.829041
351.560913
352.443207
353.022217
354.409760
355.439575
356.361755
357.248230
357.963715
357.137207
358.825684
359.127625
359.163391
359.165955
359.122314
359.071198
359.229675
358.566345
358.656708
358.237427
355.488922
357.366089
356.955109
353.674957
355.713806
496.092560
559.974915
485.660156
480.681793
475.787750
470.880585
466.364899
461.781281
457.174591
468.359955
447.461761
442.643890
448.148041
433.492371
429.444702
428.585846
421.752380
418.061432
415.069061
411.461365
408.319763
407.204987
402.418213
401.470764
397.232452
395.076874
393.499390
391.615021
390.113800
388.542450
387.475189
386.638550
385.844727
385.367157
384.967072
385.082886
384.754669
384.779419
385.213531
385.478180
385.824341
386.190826
386.646515
386.717468
386.356750
385.823029
385.105194
384.333984
383.552490
382.930420
382.021820
381.371613
380.536407
379.617950
377.883911
377.504730
376.459656
374.083527
373.906158
372.469971
369.852417
369.613220
368.040100
366.296722
364.859955
363.234070
361.647400
359.821930
358.209839
356.622559
354.935394
352.848328
352.144806
350.932709
348.049530
348.649445
347.537048
345.041840
345.412750
344.733704
344.160461
344.019348
343.888977
343.913086
344.171661
344.688385
345.176239
345.791138
346.364288
347.620514
348.685242
349.379150
350.438751
351.430542
352.673279
353.571014
354.150330
352.348602
354.083527
354.084412
550.921997
488.667236
560.407776
479.716949
475.540894
471.808929
467.817200
464.070740
460.252991
456.576782
452.949829
457.463715
445.154663
441.701477
438.423401
434.994019
436.095123
428.021851
424.802917
422.353424
418.418640
415.065338
411.868408
408.739960
405.643402
403.839203
399.987030
397.382080
394.998779
392.716858
390.421753
388.148621
385.992493
384.955139
382.801086
381.593842
380.633789
379.976501
379.342560
378.774750
378.716522
378.621460
378.665741
378.998718
379.230774
379.887787
380.599579
381.732849
382.713226
383.183197
383.665466
383.275482
383.082001
382.566040
381.431366
380.617462
379.975067
378.886169
378.036316
377.084930
376.309845
375.463287
374.402100
373.818329
372.581573
372.663330
372.025452
371.028290
370.280640
369.531952
368.848389
368.046539
367.014282
366.030579
365.203094
364.253906
363.110718
362.047394
360.810547
359.501648
358.351410
356.658020
355.155518
353.440277
351.739166
350.265930
348.901337
345.932770
345.960968
344.591492
343.412292
342.443939
341.584473
340.873718
340.620972
339.764771
340.605927
340.926392
338.595764
341.554749
480.153931
809.364807
473.185425
470.736877
482.615845
465.908234
463.523590
461.337280
458.988281
456.471039
453.748016
450.995087
451.111511
445.515137
441.846771
439.186829
436.242096
433.711395
430.860291
427.929138
425.435394
423.136841
420.710510
417.975189
416.568329
412.613922
410.860443
407.064087
404.324860
401.676788
398.794830
396.162231
393.582062
391.203064
388.981628
386.627716
384.317627
382.227325
380.488647
378.552948
377.214233
376.097290
375.352478
375.066650
374.989075
375.207062
375.580353
375.878784
376.108704
376.653809
377.314728
378.129547
378.779236
379.727203
379.676941
379.307037
378.938782
377.719635
378.165558
377.702240
377.072601
376.713837
376.042236
374.292908
374.735626
373.808380
372.652832
371.843170
371.189056
370.437866
369.675232
368.727142
367.637238
366.523346
364.602448
364.961945
363.893250
360.598114
360.451874
358.153595
355.137939
354.352844
352.953979
351.381561
349.957825
348.538666
347.286346
345.940613
344.564148
343.306244
342.285339
341.234344
340.789825
340.356842
340.454651
340.585693
340.875092
341.174683
341.193787
341.898041
112.108002
478.016235
474.735474
479.994110
470.101349
490.644562
465.594543
463.922913
461.907471
459.107452
455.464539
452.221008
449.153442
446.242310
448.880585
440.864655
437.882965
434.863861
431.689880
431.749725
426.205322
423.484161
420.959290
417.782928
414.828400
411.815369
408.513275
405.348206
402.762817
398.898926
396.444519
394.283936
392.188507
390.567780
388.933380
387.406403
386.157257
384.127197
382.709686
380.672607
378.892212
376.774017
374.325897
372.542145
370.812988
369.621094
368.375580
367.294586
366.451141
366.001923
366.132233
365.675537
365.748627
365.505981
367.224335
368.449768
368.646545
371.303131
372.786926
373.676361
374.311920
374.073822
373.740692
373.523987
373.095764
372.016449
372.088348
371.067993
370.906494
370.010315
368.936584
367.911957
367.028137
365.881226
364.984985
364.295563
363.747528
362.978333
362.121552
360.790009
360.472412
358.131683
358.723419
357.580048
356.333862
355.072449
353.314728
351.474304
349.958160
348.453674
347.174438
346.340149
345.276764
344.105469
343.272247
342.204712
341.244843
340.298035
338.198151
338.526398
475.145142
470.086456
465.700012
462.223663
519.935120
455.898346
453.342133
452.992462
448.544952
446.502563
444.712097
443.100983
446.655914
440.009430
438.562073
443.253479
435.657837
433.783783
435.417267
429.258423
426.841309
425.785126
422.133301
419.685120
417.349243
415.025269
412.557495
410.223022
407.848816
406.155334
403.207123
400.954163
398.765717
396.126221
393.695618
391.429382
388.793976
386.453247
384.205139
382.118896
380.127594
378.163025
376.501862
374.387970
373.117554
371.807495
370.532471
369.502472
368.655518
368.220459
367.763306
367.328796
366.980591
366.672699
366.492004
366.154083
366.514252
366.392639
366.520355
366.699127
366.808868
367.857208
368.512146
369.219849
370.039581
370.411469
370.598724
370.515839
370.690704
370.595215
370.626373
370.090088
369.573181
368.980408
367.155518
367.487427
366.512238
365.299957
364.017395
362.817474
359.795441
360.441101
359.059418
357.135742
355.860535
354.025909
352.207367
350.251740
348.753784
347.271301
345.877625
343.642426
343.560455
342.460510
339.455658
340.818115
339.912903
337.334381
338.015076
337.652283
535.521118
469.585663
465.649384
462.025360
458.588287
502.928406
460.762207
449.957703
451.209625
445.348022
443.394196
441.548462
440.031982
438.456512
436.979309
435.239777
433.488007
431.636414
429.745667
427.396423
425.695007
423.138306
422.609894
418.984833
416.982361
415.541534
413.882935
412.149048
410.482697
408.837463
407.258423
406.223724
404.139740
402.838715
401.434296
400.208771
399.113403
397.808044
396.626984
395.462952
394.182922
393.017975
392.121094
391.216736
390.188416
389.375092
388.537537
387.577362
386.651764
385.812012
384.924927
384.149597
383.428741
382.259277
381.974609
381.344177
379.547485
379.934235
379.177185
377.479797
377.467072
376.808960
376.075409
375.404327
374.786499
374.036987
373.411713
372.840973
372.034210
371.476318
369.231171
370.395966
369.817139
367.453705
368.716797
368.107117
367.066376
366.910339
366.221710
365.664001
365.158844
364.621735
363.590637
363.680939
362.526886
362.813690
362.352631
361.873291
361.639557
361.302460
360.957855
360.584778
360.338379
359.866699
359.635803
359.295197
358.550995
358.553070
355.582886
357.014893
500.501343
514.716736
489.889282
485.424805
480.948090
476.690094
472.521759
468.488464
464.601807
460.911743
458.483002
453.900513
450.621979
447.613922
444.686554
444.766571
439.128143
436.421631
433.653229
431.037842
428.683929
428.586365
424.190277
422.141876
420.244080
418.252777
416.306000
414.552429
412.834503
412.442810
409.581299
408.164764
407.024597
405.433594
404.065460
402.733398
401.408081
400.053375
399.043671
397.653900
396.201263
394.727264
393.727539
392.574646
391.498535
390.624023
389.385162
388.488953
387.414185
385.639282
385.571747
384.700623
383.866852
383.107635
382.184601
381.465118
380.696777
379.903107
378.661774
378.464417
376.690796
376.917114
375.992615
375.132477
374.570618
373.864563
373.310913
372.585907
371.940155
371.300507
370.772064
370.170288
368.926941
369.076416
368.519104
367.926422
367.421509
366.372833
366.395721
365.828064
365.275757
364.842224
364.415009
363.861481
363.301941
362.751038
361.806061
361.705170
361.281189
360.813477
360.394623
358.343262
359.606659
359.090942
356.421814
358.360016
357.994354
355.318634
356.621490
356.315399
294.338318
494.109955
489.386353
484.691925
480.384735
475.911896
471.482391
467.431152
477.559143
459.656067
455.968231
465.163849
449.307281
446.173492
449.046234
440.327179
437.520660
434.984863
432.495789
430.029419
427.756256
425.526489
425.326752
421.339844
419.317444
417.731354
415.483337
413.546417
411.713379
409.974670
408.352722
406.811859
405.201050
403.806152
402.619598
401.120941
399.876312
398.705902
397.548645
396.580475
395.413361
394.229797
393.156342
392.199677
391.143738
390.341339
389.258789
388.160797
386.566010
386.027191
385.062958
384.167999
383.272552
381.867767
381.667633
380.815552
379.995392
379.245056
378.628693
377.790283
377.062683
376.424011
375.303558
375.053772
374.440430
373.741943
373.165405
372.365387
371.615936
370.895691
369.217377
369.601074
368.991730
366.631805
367.875977
367.278595
365.618683
366.219818
365.735779
365.209442
364.827850
364.265717
363.776764
363.418762
362.802917
362.770294
362.409546
359.851685
361.611877
361.124847
358.500671
360.224182
359.820618
358.908234
359.059387
358.640808
358.355499
357.865906
356.963287
355.944244
500.075867
576.233032
489.055389
484.611298
480.135376
476.001434
471.838684
467.903778
464.118896
460.328156
456.599030
453.042816
449.581055
448.130035
443.388031
445.244843
437.801483
435.150421
432.790924
430.232758
427.896545
425.707550
423.610382
421.491760
421.065521
417.678253
415.823425
414.193237
412.396698
410.647461
409.150818
407.568512
406.189270
404.313324
402.738129
401.358856
399.950653
398.606842
397.519562
396.250244
395.003784
393.739380
392.675293
391.657227
390.592560
389.661041
389.024506
387.629059
386.645813
384.988525
384.858093
383.994690
382.162567
382.323975
381.346466
380.306244
379.555481
378.707001
377.997650
377.118561
376.400543
375.750641
375.006470
374.016022
373.654236
372.973175
372.446075
371.768036
371.291840
370.795258
370.316986
369.802460
369.353485
368.878784
368.413239
367.024780
367.053040
365.111572
365.762634
365.259460
364.672272
364.222504
363.768860
363.280579
362.803680
362.410370
362.045624
361.518738
361.170532
360.146210
360.280060
359.853363
359.548553
359.056427
358.159424
358.266022
357.920532
357.383087
356.363464
355.904022
498.881775
492.910889
487.917847
498.153107
479.138580
474.852203
470.636414
466.766266
470.156982
459.212769
455.694977
464.000214
448.945374
445.894806
450.039917
440.069550
437.257050
436.622925
432.152283
429.480286
427.047058
424.734955
422.561646
420.503418
418.515594
417.977753
414.765991
413.001251
412.082001
409.576874
408.049988
407.117950
405.005768
403.645050
402.324127
400.899048
399.572845
398.309113
397.063049
395.679871
394.484009
393.092255
391.982452
390.884155
389.747467
388.820648
387.801483
386.763489
385.779572
384.899078
383.947815
382.714233
382.281219
381.500000
380.609192
379.881439
378.896332
378.522278
377.935791
377.221680
376.465454
375.733459
374.960846
374.167725
373.465027
372.296478
372.221802
371.488617
370.893585
370.293732
368.550537
369.179169
368.635162
367.993408
367.552582
367.023895
366.463623
366.023926
365.444397
364.420441
364.385040
363.736115
363.235352
362.664856
362.184265
361.776459
361.363007
359.528717
360.396301
359.974701
357.213684
359.097412
358.753174
356.596527
358.082733
357.598969
357.192963
356.841797
356.014832
355.680023
498.412567
553.536072
487.476624
482.679504
554.585083
474.055084
469.884308
496.549377
462.107422
458.367889
454.805786
451.462067
448.204193
445.164307
442.154846
439.322815
437.912964
433.956482
433.780396
429.126160
426.753510
424.397705
422.142731
419.972504
417.966614
416.045410
414.100250
413.423218
410.731049
409.200714
407.833588
406.409943
405.078186
403.800140
402.494843
401.244476
399.751373
398.356903
397.055939
395.704376
394.262360
392.665222
391.563232
390.454742
389.348755
388.519348
387.439392
386.415863
385.322906
383.840576
383.526855
382.706146
380.860229
381.096466
380.269196
378.838135
378.858063
378.196716
377.471405
376.656799
375.801544
374.968628
374.139099
373.407654
372.774414
372.074493
371.263916
370.526123
369.951080
369.464935
369.021881
368.399872
367.749237
367.111694
366.645691
366.135406
365.630402
365.165466
363.908783
364.326080
362.845001
363.086670
362.480743
361.930267
361.487549
361.025024
360.520691
360.094910
359.733734
359.349396
359.131195
358.811768
357.827271
358.007172
357.731323
357.334656
357.014282
356.399353
355.788269
355.448029
497.625031
491.526917
486.599609
482.030029
477.586212
473.348480
475.515411
465.392883
461.610901
457.889099
454.319092
458.507019
447.747437
444.676178
441.714172
438.889252
436.127930
437.751099
431.083435
428.658447
426.326782
423.816406
421.567474
419.446228
417.460388
415.599457
413.768799
412.047760
411.154388
408.678162
407.082733
406.082336
404.112396
402.752563
401.709991
400.044922
398.782104
397.537659
396.307953
395.165741
394.028931
392.831482
391.503174
390.436310
389.269592
387.683319
387.327576
386.310577
385.349121
384.491119
383.565582
382.721985
381.847321
381.010040
379.539612
379.241943
378.351929
377.465607
376.796570
375.759186
375.222687
374.535187
373.629181
372.799316
371.905945
370.939575
370.009369
369.182495
368.081787
368.152557
367.576477
366.806824
365.878723
363.983032
363.831177
363.080688
362.483795
361.601379
360.297211
358.687469
356.938995
354.824921
352.119476
350.383392
348.638458
347.020386
345.281128
343.807434
342.190765
340.573883
337.845734
338.732239
338.251373
335.712616
337.952698
337.603882
336.247253
337.167267
336.749481
337.089111
475.977997
471.820831
468.542206
465.550903
486.060699
460.301025
457.779114
484.787933
453.382965
451.197296
463.182526
446.824341
444.599854
442.240631
439.972443
437.398102
434.857513
432.238647
429.612732
427.633240
424.418121
422.947540
419.695801
417.317505
414.991425
412.800751
410.508423
408.264801
405.943390
403.679810
401.844391
398.739166
395.671234
392.516083
389.424591
386.860199
384.073822
381.618225
379.231079
376.867401
374.615173
372.525360
370.697784
368.964111
367.486542
366.787476
365.992645
365.449829
364.952820
364.696106
364.698639
364.752319
364.691437
364.897095
365.264832
364.600769
366.258392
366.956085
367.170746
368.903290
369.868011
370.467896
370.895142
370.786469
370.615387
370.297760
370.093231
369.756714
369.480225
367.622314
368.823730
368.214783
365.923401
366.561829
365.706635
364.652069
364.173950
363.424500
362.559021
361.618927
360.455719
359.287598
358.077576
356.450165
355.946686
354.556335
353.123352
351.317108
349.852539
348.312958
346.716949
345.251343
343.823120
342.224121
341.017365
339.193329
338.820343
336.481781
336.978241
336.713867
527.752563
468.470795
464.564575
461.052887
458.001862
454.799866
451.924957
449.142944
446.637390
446.617981
442.152649
440.132294
438.081573
436.139587
437.303986
432.634369
430.685883
429.134979
427.554779
425.910309
426.522766
421.929535
419.973755
418.238342
416.264404
414.928741
413.313782
411.729584
411.216614
408.044891
406.213440
404.909302
402.727417
401.040131
399.265015
396.847076
394.735504
392.808228
390.480682
388.443542
386.166779
383.785004
381.589996
379.350616
377.231262
375.507904
373.699585
371.903778
370.063019
368.514099
367.014771
365.595062
364.458649
363.470551
362.631073
361.840210
361.349609
360.532623
360.935699
360.086029
361.101532
361.486664
361.796295
362.426239
363.113892
363.559753
364.490936
365.282135
366.045624
365.801941
365.022827
364.259125
364.560120
364.492004
364.256836
363.426086
363.163727
362.839508
362.231415
361.671936
361.102173
360.282227
359.527618
358.966309
358.694794
358.112610
358.085175
357.565247
357.264313
356.284760
353.629608
353.954895
352.430725
348.531982
349.461578
347.891693
344.367493
345.382629
343.646240
341.771027
480.232788
474.459564
469.314636
464.229248
459.675690
455.337006
451.375854
465.511322
444.587036
441.836761
454.354340
436.993866
435.057190
439.698364
431.862152
430.704712
430.039093
428.639709
427.415161
426.033630
424.597412
425.336731
421.812653
419.563812
417.878326
416.093750
414.599091
413.000214
411.250854
409.439911
407.712341
405.726929
403.452148
401.939789
399.865295
398.162506
396.143890
393.836975
391.384979
389.001434
386.753815
384.505157
382.199829
379.836823
377.787201
375.895538
373.852173
371.644012
369.898224
368.095917
366.232880
364.669373
362.734772
362.251404
361.308472
360.697968
360.332031
360.018158
359.902344
359.706207
359.706268
359.711548
360.077759
360.356842
360.821045
361.388580
362.231201
363.012207
363.692108
363.615570
364.755493
364.980743
363.320831
365.164917
364.858002
363.454803
364.397400
364.224854
363.777069
363.416626
362.871613
362.328064
361.648651
360.646759
360.323700
359.695526
357.046112
358.069580
356.997009
353.989044
355.179749
354.276306
353.240723
351.955566
350.707153
349.080750
347.458099
345.858765
343.533722
341.973724
192.034775
470.756622
464.986847
459.822968
454.536102
450.043701
445.926453
442.406494
439.339447
436.601288
434.287659
432.156860
431.022156
429.154388
434.398499
427.335846
426.820587
426.822296
425.479340
424.187805
422.612946
421.006348
419.309875
419.433899
416.161163
414.844818
413.216003
411.649689
410.249390
408.481812
406.766937
405.330841
402.904144
401.243713
399.454620
397.305725
395.100952
392.834839
390.354767
387.809479
385.278595
382.502838
380.425262
378.168884
375.967072
374.771423
371.968201
370.078033
367.675537
366.614075
365.089722
362.676758
362.563507
361.847870
361.292023
361.121826
360.843811
360.763641
360.794586
360.849274
360.681732
361.912079
361.979187
363.198486
363.978943
364.761749
365.558167
366.393799
366.988251
367.075256
367.012329
367.030029
366.853058
366.626648
365.500580
365.671234
363.788025
364.628174
364.093506
363.164368
362.655945
361.483795
360.592224
359.616608
358.576782
357.373047
355.989868
354.473999
352.524261
351.342560
349.601868
347.871979
346.362122
343.857178
343.431793
341.917328
340.653503
339.434967
337.958191
337.341217
472.707031
467.672882
483.448151
460.321716
457.077057
454.047729
451.331360
454.579956
446.834381
444.890137
455.249146
441.350922
439.492126
445.922302
435.911133
433.972992
434.733490
430.119385
428.047668
425.915985
423.999603
422.015137
420.145294
418.331787
417.919281
414.286957
411.918884
410.562927
407.248016
404.978302
403.396942
400.706635
398.498810
396.528748
394.431183
391.982605
389.650574
386.825073
384.152344
381.814545
379.398651
377.267487
375.095886
373.148590
371.212921
369.581787
367.862030
366.457916
365.462555
364.897491
364.256073
364.332214
364.268738
364.379486
364.610718
364.737518
365.635254
366.253326
366.938843
367.566498
368.546967
369.409271
369.910889
370.242981
370.019714
370.061798
369.798035
369.297089
368.777191
367.425537
368.281281
367.915222
365.773010
366.705841
366.069031
363.814636
365.060638
364.451538
362.999939
362.799438
361.839600
360.657501
359.459473
358.049438
356.572388
355.193298
352.490204
351.545166
349.752228
345.808807
346.296417
344.711548
342.069183
341.836853
340.664215
339.145111
338.489288
337.755829
336.609589
336.341492
104.126839
530.337463
464.338531
481.973358
458.553070
456.198547
454.127197
452.092590
450.342712
448.613678
446.730865
444.528809
442.141418
439.714844
437.447571
435.999084
433.029755
433.453278
428.863159
426.699005
424.815704
422.611359
420.622223
418.551758
416.520935
414.501862
413.523987
410.070038
407.956543
405.813446
403.360199
400.982086
398.471802
396.072144
393.807892
391.188171
388.588806
385.951355
383.518219
381.288116
379.158173
377.024323
375.147247
373.371094
371.478729
370.048096
368.776794
367.866425
367.388824
366.630951
366.290527
365.372925
366.437073
366.723206
366.327698
367.926605
368.743286
369.611877
370.600281
371.175049
371.190155
371.072479
370.718475
370.422729
369.989929
369.276917
369.074005
369.023621
369.147491
368.710114
368.275024
367.681305
366.784668
365.780640
364.819031
364.125092
363.705658
362.179688
361.879181
359.729431
359.876312
358.684845
357.334320
355.963593
354.338470
352.645172
351.001007
349.366425
347.809631
346.427246
345.132538
343.532471
342.445251
341.071228
340.075775
339.205383
337.939392
338.198975
337.647125
337.677643
475.555756
471.286072
467.686920
464.709595
461.820007
465.573669
456.836945
454.532013
452.274414
450.456787
453.262573
445.884491
443.043854
449.192566
437.904205
435.532532
438.684174
431.725311
429.175507
427.418152
423.720062
421.551392
419.818878
417.635895
415.082306
412.639313
409.935303
407.959442
404.471130
402.144745
400.383118
398.029205
395.567383
392.881897
389.948853
387.630371
385.841064
383.546692
381.329346
379.130371
376.985870
374.693970
373.214050
371.446960
370.138519
369.261658
368.439728
367.692413
366.890717
366.153564
365.515076
364.996552
364.679138
363.791504
364.255341
364.128204
364.042755
364.001556
363.793640
365.041901
365.963196
367.100739
368.054810
368.805725
369.229980
369.288849
369.330109
368.360321
368.606171
368.383972
368.271576
367.924896
367.579041
367.070343
366.315796
365.142303
364.071411
363.149567
360.467834
360.851746
359.188751
356.560699
355.125763
353.280945
351.462097
349.508240
347.658997
345.738312
344.059845
341.751221
340.889954
339.735626
336.550903
337.724945
337.273407
334.735657
336.532928
336.184631
335.256531
335.852295
473.444031
469.327393
466.010010
463.173920
460.287292
457.582397
467.355194
452.695923
450.810394
448.652679
446.665192
444.761414
442.798584
440.431580
438.009735
435.928284
433.592041
431.494263
430.658112
427.496094
427.870544
423.621796
421.541229
419.516968
417.278564
414.787354
412.014648
409.458466
407.230896
404.913574
402.692322
400.552856
398.428711
396.177399
393.775177
391.256073
388.505188
385.968658
383.242065
380.977875
378.623718
376.325470
374.278717
372.214417
370.259766
368.743713
367.288452
366.005341
364.983673
364.358368
363.996887
363.861694
363.386017
363.407776
362.589325
363.604218
363.573578
362.690186
364.307617
364.680328
365.152802
366.263855
366.947510
367.759796
368.388947
368.375488
368.319244
368.280914
367.903107
368.437622
368.181183
367.673370
367.123047
366.688232
366.286560
365.767914
365.210693
364.710846
364.060699
363.163025
361.184052
361.243134
358.738129
359.196198
358.071442
356.538239
355.077026
353.205231
351.392761
349.379578
347.764221
346.267914
344.691742
343.397156
341.695587
341.445251
340.625153
339.959229
338.720062
337.188049
474.483612
469.485962
465.265625
460.935364
456.991333
453.294952
449.645996
446.070770
447.258240
439.232147
436.137756
433.104401
430.454865
431.336304
425.085632
422.975494
425.229584
418.891144
417.108276
418.750610
413.808472
412.215424
412.235016
409.944153
409.235809
408.761078
408.294800
408.097626
407.875031
407.711517
407.867126
406.463348
405.414764
404.379028
402.909241
401.827820
401.097595
399.946838
398.903839
397.946350
396.392578
394.254486
392.384003
390.703766
388.337677
387.361694
385.498352
383.903381
382.357758
380.814484
379.185608
377.587799
375.904266
374.176056
372.294739
370.407013
367.673706
366.609924
365.008759
363.305664
361.976288
360.309967
359.203339
357.683624
356.543030
355.277496
354.309326
353.339081
352.721405
352.389069
351.540924
352.317719
352.073608
351.940491
352.052216
350.661591
352.176453
352.578369
352.856171
353.778168
354.566315
355.289917
356.037994
356.788330
356.773224
357.941071
358.218231
358.208771
357.955688
357.755951
357.524475
357.340637
355.503693
357.428772
357.396301
354.827087
357.010376
356.914825
354.348450
356.072723
500.790833
509.066528
490.520630
485.393768
481.002136
476.547699
481.880310
468.330536
463.918732
476.896729
456.001923
451.586578
457.418884
442.970215
438.601532
434.754333
431.013397
427.357300
423.644470
420.121155
416.588074
413.510132
410.002899
408.179382
403.859100
401.428009
398.961426
396.814850
394.661133
392.303680
390.183167
388.118958
386.094971
384.263062
382.727356
381.405273
380.077637
379.150452
378.504364
378.016083
377.696930
377.346527
377.194519
376.961395
376.939362
377.298737
377.365173
378.150330
378.481201
378.787140
378.795044
378.597473
378.273041
377.856689
377.205170
376.944885
376.604645
374.963440
375.968048
375.650726
374.150726
374.604401
374.144958
373.592346
373.124023
372.487518
371.896332
371.245300
370.726563
369.632446
368.944580
366.640656
367.539063
366.529907
363.613586
364.129639
362.884460
360.985260
360.068176
358.533661
356.944122
355.382080
353.769501
352.385406
351.060760
348.811157
348.357880
347.165863
346.141876
345.245422
344.539520
344.042633
343.415924
342.585052
341.802734
341.036743
340.457855
339.115845
339.191681
337.054993
478.126312
472.895966
488.929626
465.211151
461.832367
458.460785
455.417786
452.890106
450.649292
448.786316
447.280548
448.536255
444.326599
442.513977
440.899506
438.756256
438.993164
433.825897
431.701721
429.069946
426.925629
424.897705
422.593353
420.255432
417.817047
415.912659
413.634308
411.615631
409.527100
407.463348
406.743774
403.313171
400.980408
399.051300
396.564362
394.408722
392.046661
389.761017
387.401428
385.208405
382.851501
380.739838
378.690002
376.678650
374.637177
373.202454
371.557312
369.990540
368.531372
367.145660
364.913208
364.605255
363.448944
361.688385
361.437622
360.644073
360.006866
359.448700
359.192871
358.457489
358.877838
357.733368
358.910767
359.206055
359.527618
360.345551
361.285522
362.349060
363.129822
364.227264
364.921082
365.372406
365.675629
364.930542
365.936462
365.589508
365.225250
364.912537
363.633392
363.760437
362.942322
362.051910
361.313293
360.678284
360.291718
359.739380
359.225403
357.652863
357.929077
357.233826
356.562805
355.770020
354.713928
353.362640
352.197876
350.432007
349.170410
347.329712
342.852234
343.509918
481.734528
545.623230
470.134369
465.190125
461.182404
455.353180
450.577545
446.199463
442.085419
445.361572
433.870117
430.089050
436.374176
424.016571
421.251068
424.233826
415.972137
413.879608
412.764984
410.522247
409.290680
408.038177
407.050720
406.236511
405.486572
405.055908
405.372467
404.528595
404.489105
404.054474
403.546967
403.010406
402.073639
401.179352
400.318726
399.431427
398.776306
397.849091
397.246857
396.157959
394.978790
393.900421
392.950226
391.710938
390.416168
389.311157
387.917664
386.414307
384.707916
383.039551
381.163361
379.402283
377.627167
375.868500
374.075409
372.449158
370.520874
368.538635
366.846588
364.947174
363.340057
361.908264
360.756500
358.696442
358.727112
357.628235
356.763062
355.962189
355.674133
355.488586
355.308899
355.048187
355.194183
355.486542
354.486389
357.064026
358.244690
358.221405
361.181641
362.410797
363.032867
363.334351
363.368591
363.224121
363.123932
362.704315
362.477295
362.105438
360.390472
361.304352
360.706482
358.096008
359.869568
359.075500
357.077484
357.829559
357.435181
357.041870
356.156525
355.926300
141.551224
494.718475
625.034668
486.446045
481.249725
480.593719
473.113281
468.990204
465.143402
461.426392
457.785431
454.387604
451.133270
448.013000
447.011963
441.929932
438.883911
436.200989
433.621033
432.453125
428.784485
426.632050
424.565155
422.521790
420.599030
418.910400
417.120941
415.465393
414.295349
412.066010
410.589905
409.118256
407.610046
406.628113
404.855438
403.303101
401.873383
400.383392
399.125916
397.662018
396.637665
395.403473
394.421021
393.292175
392.228790
391.344940
390.313538
389.338989
388.410614
387.659515
386.356689
385.927765
385.099274
383.158325
383.258179
382.309814
380.748016
380.584717
379.846222
378.973816
378.336304
377.722900
377.007019
376.279083
375.879303
375.021423
374.485931
373.653229
373.125916
372.600555
372.009857
371.503448
370.870667
370.087830
369.398682
368.793457
368.183105
367.644165
367.135925
366.504639
366.270111
365.086609
365.288879
364.880951
364.556946
364.139069
363.792694
363.350891
363.013428
362.649078
360.593964
361.711578
361.192810
360.574585
360.367859
357.979309
359.557648
359.152924
357.953033
357.805115
503.377899
497.674316
492.816254
488.289246
527.806702
479.563568
475.371735
471.341736
467.173737
463.258820
459.501587
455.978912
459.159851
449.520691
446.471069
449.874329
440.800751
438.164124
438.135162
433.224487
430.814880
428.797394
426.314758
424.178406
422.140198
420.286591
418.231750
416.226746
414.386261
412.979919
411.071625
409.559418
407.993927
406.622162
405.218842
403.791168
402.447754
401.121399
399.909241
398.714691
397.511871
396.311523
395.128052
393.996429
392.914673
391.984070
390.762299
389.571716
388.449158
387.590698
386.668732
385.777344
384.924133
384.113068
383.217682
382.220276
381.657074
380.810120
380.127686
379.376129
378.576050
378.071655
377.375397
376.645233
376.041748
375.294312
374.606506
373.696228
373.069672
372.341187
371.821350
371.259491
370.698242
370.066376
368.632446
368.923462
368.449188
367.997070
367.490936
366.981049
364.864105
365.995270
365.551117
364.724060
364.576324
364.107330
363.582397
362.933044
362.393433
361.947968
361.481110
358.910431
360.656586
360.175446
357.527283
359.423676
359.094147
358.286377
357.938690
357.618713
515.737366
497.600525
492.675293
488.157867
483.762085
496.925354
475.139465
470.936371
467.878113
463.044189
459.377075
455.962036
452.661316
449.632477
446.729065
443.865082
441.003326
442.175964
435.961456
433.588684
431.486450
429.039215
427.822815
424.731659
422.641357
420.648285
418.433044
416.594513
414.821899
413.071747
411.445892
410.365051
408.464783
407.024811
405.482147
404.093201
402.889679
401.446655
400.248413
399.100464
397.827240
396.522949
395.469727
394.247803
393.025299
391.889038
390.728912
389.657928
388.589722
387.752991
386.796875
385.954803
385.014282
383.244843
383.279480
382.582428
380.655853
381.055359
380.407623
379.211945
378.901794
378.317169
377.479187
376.681305
375.986267
375.264343
374.696198
374.101440
373.451965
372.927612
370.875946
371.729523
371.179535
368.839294
370.066162
369.509766
368.986206
368.484833
367.934448
367.459625
366.956085
366.405243
365.308441
365.125275
363.780853
364.104828
363.597290
363.081421
362.690948
362.246399
361.811646
361.329895
360.964203
360.526978
360.222900
359.742615
359.088348
358.976898
358.020721
357.738129
503.093781
517.181458
492.534363
487.962952
483.423706
478.719238
474.319916
496.810120
466.255432
462.501984
459.974731
455.480652
452.184967
449.005066
445.910217
446.678131
440.300537
437.724365
439.086060
432.765839
430.418610
430.514893
426.008911
423.904236
422.332886
420.067352
418.125336
416.182098
414.271820
412.507477
410.837006
409.339874
408.046570
406.431976
405.047455
403.699341
402.277618
400.986786
399.969574
398.711121
397.503204
396.246460
395.292969
394.116455
392.990082
392.154877
391.215546
389.998047
388.920532
387.879669
386.763397
385.846100
384.956390
384.145477
383.306244
382.566284
381.670654
380.841797
379.438660
379.315887
378.639221
377.949158
377.240692
376.386841
375.914429
375.191437
374.656677
373.919373
373.308167
372.643158
371.898285
371.175049
370.122131
369.909973
369.382019
368.822479
368.285461
366.761200
367.275513
366.708008
366.214081
365.776550
365.248779
364.854004
364.467010
364.000427
363.233612
363.039551
362.712341
362.267944
361.814911
361.324829
360.796143
360.194702
358.356323
359.441437
359.105377
356.286926
357.814453
357.481903
150.557205
496.917786
492.201355
491.256317
483.324493
478.985474
474.857941
470.770111
474.450867
463.290985
459.639343
467.803070
452.712402
449.418671
446.307404
443.434143
440.575256
438.014099
435.486145
433.059052
430.665100
428.431824
426.336334
424.677399
422.295013
421.317566
418.466919
416.723083
415.013977
413.372772
411.713623
410.035797
408.263611
406.738678
405.486298
403.839447
402.477234
401.207458
400.011230
398.755981
397.564972
396.282715
395.226471
394.154724
393.031860
392.131927
391.082672
390.095673
388.853790
388.246277
387.149292
386.126923
385.158478
384.238220
383.354492
382.530884
381.446259
380.954865
380.251526
378.071777
378.634735
378.062683
376.310333
376.587921
376.021759
375.230225
374.699829
373.957520
373.278503
372.607086
371.848328
371.130066
370.466949
369.678162
369.276886
368.726929
368.197540
367.656891
367.086853
366.560547
366.105896
365.598541
365.116028
364.628876
364.263916
362.910004
363.333557
361.718811
362.384003
361.753387
361.269165
360.787903
360.423340
359.877411
359.608673
359.185089
358.780029
358.373566
357.431091
356.390533
501.975769
496.281738
491.586761
486.935303
499.255798
478.339508
474.195831
470.258728
466.402679
462.630798
458.763641
455.145782
451.821106
450.382416
445.614197
442.849792
440.036133
437.512146
437.940369
432.491180
430.205200
430.490814
425.916107
423.839417
423.397491
419.972229
418.044617
416.766541
414.521667
412.827332
411.090210
409.378632
407.621002
406.148773
404.705322
403.584656
401.939758
400.656586
399.134705
398.183380
396.987091
395.599854
394.685455
393.587891
392.471832
391.569122
390.520966
389.470398
388.516205
387.022339
386.630035
385.753876
384.812439
383.814850
382.822174
381.971252
381.153473
380.299866
379.631775
378.864258
378.121613
376.806305
376.671753
376.028107
375.400909
374.709045
373.714111
373.435272
372.866516
372.297089
371.730927
371.183807
370.585022
370.029236
369.525635
367.985962
368.225861
367.610168
367.035553
366.532745
366.099487
365.595306
365.143219
364.525391
364.338165
363.849396
363.454346
363.025238
362.650238
361.370758
361.899902
361.501648
361.130035
360.625031
360.400696
359.912354
359.546082
358.136536
358.036438
357.525299
97.533356
496.344574
491.349945
588.850220
482.545746
478.188538
482.570282
469.892395
466.047638
462.282684
458.691650
455.180267
451.883484
448.709991
448.216492
442.827179
440.014648
437.349091
434.793976
432.327606
429.884308
427.383881
425.162384
422.962585
420.898529
419.018402
417.862640
415.415741
414.504089
411.866241
410.279907
408.851685
407.247528
405.862701
404.469971
403.007843
401.694183
400.476563
399.300079
398.093689
396.983368
395.655212
394.648499
393.407410
392.151978
391.167603
390.097565
389.086823
388.098389
387.309540
386.394989
384.811249
384.671936
383.821869
383.088440
382.340393
381.598694
380.853973
380.194275
379.517609
378.721710
378.040863
376.148865
