-0.836553
-1.705645
-2.450267
-2.876418
-3.334901
-3.720268
-4.079718
-4.389960
-5.540687
-4.895545
-5.112190
-5.287532
-5.451060
-5.579713
-5.718565
-5.825044
-6.203268
-6.005789
-6.067805
-6.126052
-6.182669
-6.221420
-6.912299
-6.285387
-6.297194
-6.315142
-6.329418
-9.504790
-6.336382
-6.331105
-6.360413
-6.336281
-6.309430
-6.303819
-6.283647
-6.263825
-8.964992
-6.214128
-6.189292
-6.246780
-6.149735
-8.270047
-6.089767
-6.042986
-6.021376
-5.979082
-5.934840
-5.902478
-5.868412
-5.824989
-5.792152
-5.747602
-5.708972
-6.459373
-5.631488
-6.903509
-5.537771
-5.489631
-5.441095
-5.399951
-5.350246
-5.312087
-5.255589
-5.203559
-5.162432
-5.120084
-5.067252
352.659210
-4.985227
-5.591281
-4.957450
-4.831367
-4.798011
-4.740407
-4.696616
-4.646199
-4.598072
-4.553141
-4.494470
-4.444027
-4.401778
-4.352356
-4.297640
-4.554270
-5.888556
-4.153994
-4.104129
-4.045273
-3.995683
-3.935192
-3.899405
-3.846360
-3.799387
-3.746252
-6.639388
-3.642196
-3.598911
-3.582752
-2.099951
-2.018377
-0.863099
-2.546059
-2.360737
-2.881513
-3.341362
-3.738963
-4.089546
-4.395657
-8.094024
-4.895177
-5.119580
-5.298979
-5.455951
-5.590580
-5.719320
-8.001394
-5.928589
-6.002241
-6.072521
-6.124284
-6.172792
-6.214500
-7.675254
-6.280146
-6.296168
-6.320424
-6.334252
-6.341011
-6.343767
-6.333488
-6.326012
-6.334698
-6.808223
-6.310147
-6.291789
-6.264279
-6.911707
-6.215838
-6.201935
-6.183656
-6.158928
-6.106174
-6.084180
-6.050178
-6.020795
-5.987258
-8.495096
-9.443330
-5.872298
-5.919553
-5.989006
-5.743764
-5.704081
-5.669244
-5.624645
-5.587004
-5.533632
-5.493305
-5.443773
-5.407218
-5.355492
-8.092219
-5.262884
-6.448512
-5.202772
-5.129933
-5.081062
354.955109
-4.990077
-4.946183
-4.895555
-4.836558
-4.808352
-4.751758
-4.704853
-6.511250
-4.603263
-7.737676
-4.499087
-4.439929
-4.597230
-4.356004
-4.305959
-4.255661
-4.198302
-4.156705
-4.103693
-4.056578
-4.007131
-5.056689
-3.905040
-3.848143
-3.797242
-3.736970
-5.045201
-3.639758
-3.601834
-3.532055
-2.107327
-2.018117
-0.882948
-1.723267
-2.342336
-3.682216
-3.322456
-3.726627
-4.066084
-4.386272
-4.652510
-4.883087
-5.096529
-10.768377
-5.440132
-5.577541
-11.046731
-5.817377
-5.909556
-7.820612
-6.069759
-6.125562
-6.176431
-6.220963
-6.248074
-6.283356
-6.300671
-8.996976
-6.341588
-6.353231
-10.885185
-6.339839
-6.336724
-9.936495
-6.328141
-6.311209
-6.730840
-6.265021
-6.261797
-6.223379
-6.199934
-6.183369
-6.542963
-6.112930
-7.289824
-6.053887
-6.023111
-5.986650
-5.945373
-5.899446
-5.876191
-5.828452
-5.799802
-8.976295
-5.714818
-5.680281
-5.712563
-5.591362
-8.252922
-5.510477
-5.449032
-5.495710
-5.362295
-5.323152
-5.277091
-5.223613
-5.178551
-7.515144
-5.092824
354.965515
-5.010089
-4.951866
-4.890665
-4.840629
-4.800156
-7.610220
-4.701424
-4.649327
-8.743437
-4.554725
-4.509865
-7.081341
-4.398267
-4.366714
-4.400708
-4.264425
-4.204818
-4.172920
-4.118500
-4.073243
-4.011604
-3.948013
-7.727357
-3.862753
-3.810943
-7.756044
-3.702072
-3.646929
-4.935558
-3.541992
-2.106740
-2.011478
-0.809796
-1.683734
-2.316545
-2.843537
-7.963324
-3.697722
-4.049159
-4.427581
-4.634861
-4.870793
-5.085915
-5.267096
-5.436983
-5.567323
-5.698901
-5.811632
-7.502320
-5.996999
-6.059121
-6.118761
-6.165875
-7.045634
-6.242570
-6.275710
-6.290148
-6.312331
-6.330370
-6.332121
-6.339884
-6.329502
-7.003651
-6.328449
-6.310833
-6.305386
-6.284760
-8.990837
-6.259522
-6.220640
-6.277839
-6.181334
-6.155479
-9.970198
-6.090750
-6.050998
-6.875307
-5.989724
-5.950161
-5.900491
-5.879483
-5.828268
-5.793860
-5.760157
-8.555856
-5.677768
-5.635668
-9.803976
-5.540271
-5.493292
-8.210327
-5.403707
-5.350219
-5.406193
-5.266600
-5.218272
-5.176871
-5.119401
-5.087292
354.963135
-4.996770
-5.461507
-4.892727
-4.837555
-4.798093
-4.756813
-4.700960
-4.646800
-4.607197
-4.559015
-7.833558
-4.450598
-4.408034
-4.508699
-4.310891
-6.122707
-4.215835
-4.161992
-4.116082
-4.069835
-4.011475
-3.945793
-3.907861
-3.856080
-6.341419
-3.745733
-3.702946
-3.656403
-3.604812
-3.537512
-2.113574
-2.014822
51.906891
-1.684157
-2.313882
-2.838333
-3.296775
-3.695482
-7.393234
-4.361950
-4.627306
-4.891530
-5.087561
-5.273073
-5.428343
-5.570308
-7.577332
-5.817714
-5.914563
-10.991637
-6.055237
-6.117439
-10.612437
-6.211293
-6.237735
-7.068781
-6.293350
-6.308709
-6.336511
-6.340241
-6.346678
-6.337946
-6.323936
-8.127593
-6.317568
-6.308918
-6.290040
-6.269505
-6.262398
-6.226466
-6.198578
-6.186176
-6.153252
-6.099276
-6.100463
-8.005867
-6.024203
-5.995153
-5.953022
-5.911617
-6.157062
-5.827830
-5.793123
-5.747500
-5.706977
-5.670664
-5.626256
-5.586498
-5.535599
-6.292342
-5.444456
-5.405825
-5.354809
-5.314710
-6.750267
-5.213218
-5.174262
-5.120275
-5.076336
354.957733
-4.993369
-4.954708
-4.887591
-5.115284
-4.804459
-4.748616
-4.703460
-4.657359
-4.606241
-4.559301
-4.517624
-8.216778
-4.409455
-4.366031
-8.371835
-4.253503
-4.200734
-5.859465
-4.111574
-4.068155
-4.018284
-3.939250
-3.910094
-3.856845
-3.800896
-5.616296
-3.707146
-3.661573
-7.717604
-3.541214
-2.106740
-5.550128
-0.836434
-1.678680
-2.315753
-2.841871
-3.305490
-9.889787
-4.042705
-4.357216
-4.830108
-4.867214
-6.702559
-5.274657
-5.424375
-5.559721
-5.692774
-5.804341
-5.904427
-5.988321
-6.050456
-9.097801
-6.166291
-6.204799
-6.247621
-6.269266
-9.099910
-6.310014
-6.330698
-6.393017
-6.347281
-6.327680
-6.329114
-6.336160
-6.318469
-7.929393
-6.275222
-6.256623
-6.249776
-6.215661
-6.191403
-6.180357
-6.154857
-9.436582
-6.092902
-6.048109
-10.311219
-5.978228
-5.944724
-8.067689
-5.871321
-5.825734
-5.804713
-5.752541
-5.716294
-5.681688
-5.632486
-7.074086
-5.546868
-5.500381
-9.540698
-5.411903
-5.359440
-9.073977
-5.271340
-5.228217
-5.884861
-5.122926
-5.083302
354.962555
-4.984312
-4.953601
-5.907543
-4.841366
-6.287430
-4.759708
-4.704238
-4.648439
-4.605817
-4.547376
-4.503035
-4.445652
-4.391464
-4.364309
-4.311656
-4.256119
-4.581701
-4.157703
-6.962960
-4.057117
-4.006837
-4.103379
-3.914821
-3.854857
-3.802911
-3.750876
-3.701040
-6.671973
-3.604894
-3.540777
-2.165777
-2.010788
-0.826366
-1.685810
-2.309182
-5.613329
-3.299029
-3.695249
-11.563071
-4.359942
-4.631363
-8.999574
-5.088585
-5.271467
-5.581195
-5.572138
-5.694099
-5.813838
-5.913754
-5.986231
-6.058287
-6.111547
-10.679277
-6.205350
-6.237919
-10.698977
-6.287907
-6.303736
-7.804860
-6.326365
-6.342467
-6.330468
-6.323813
-6.331309
-6.305909
-6.288270
-8.849070
-6.235880
-6.227461
-6.205973
-6.144589
-6.119711
-6.080395
-6.045044
-6.019306
-5.965956
-5.936511
-5.908130
-7.358511
-5.832181
-5.813627
-5.774699
-5.753672
-6.306565
-5.681555
-5.658001
-5.618279
-5.570297
-5.524944
-5.475110
-5.421015
-5.388107
-6.008349
-5.320188
-5.269878
-5.230088
-5.180204
-7.280268
-5.065285
354.986389
-4.974914
-4.874330
-4.769879
-4.701921
-4.627748
-4.555991
-4.907313
-4.421253
-4.371255
-4.325135
-4.272133
-4.219519
-4.168499
-4.125717
-7.672833
-4.025306
-3.975296
-8.023549
-3.922911
-3.882346
-5.303671
-3.794142
-3.757910
-3.713493
-3.669046
-3.616601
-3.571478
-3.507525
-5.230336
-3.396345
-1.970471
-6.012098
-0.839111
-1.699006
-9.235404
-2.856651
-3.316623
-3.710276
-4.048435
-4.351370
-9.520659
-4.845672
-5.047658
-5.296404
-5.359433
-7.074575
-5.596739
-5.689563
-5.770692
-5.842425
-5.892484
-5.940881
-5.988328
-6.024876
-8.433122
-6.093973
-6.122680
-6.157592
-6.198409
-9.576584
-6.242996
-6.246272
-6.469451
-6.266733
-6.247672
-6.241220
-6.215660
-6.201141
-7.403587
-6.161354
-6.140269
-6.126781
-6.093079
-6.047114
-6.044913
-6.000653
-8.765712
-5.942883
-5.904050
-10.118106
-5.822744
-5.764309
-7.807960
-5.663298
-5.613977
-5.653507
-5.515020
-5.448215
-5.372030
-5.301596
-6.106110
-5.172054
-5.109510
-8.838377
-4.994075
-4.942141
-8.958570
-4.847300
-4.804166
355.220245
-4.741786
-4.712796
-4.672358
-4.635149
-4.632339
-5.376761
-4.572375
-6.720596
-4.497231
-4.457286
-4.412371
-4.365207
-4.318764
-4.286623
-4.230076
-4.185604
-4.130253
-4.088540
-4.055362
-4.168715
-3.953684
-3.893125
-3.844811
-3.776665
-4.181652
-3.632550
-3.567715
-3.501863
-3.428607
-3.330800
-4.596235
-1.751521
-0.776465
-1.685455
-2.291246
-2.800220
-3.247870
-3.616566
-7.202972
-4.272017
-4.527285
-11.217322
-4.964597
-5.136154
-10.178432
-5.418445
-5.555627
-6.319064
-5.779796
-5.866833
-5.940183
-6.017504
-6.076172
-6.145339
-6.201065
-10.046581
-6.264127
-6.286372
-10.897634
-6.317942
-6.330845
-8.519727
-6.305059
-6.320138
-6.294984
-6.251123
-6.207121
-8.593102
-6.141354
-9.095337
-6.052634
-6.014991
-6.121369
-5.880840
-5.863039
-5.795426
-5.758584
-5.707350
-5.651633
-5.600857
-5.563955
-7.129945
-5.472855
-5.430969
-5.392638
-5.379356
-6.310341
-5.335612
-5.346170
-5.333329
-5.323398
-5.295353
-5.261495
-5.242897
-5.196358
-5.595394
-5.103337
-5.059828
-5.021367
355.020905
352.211395
-4.891747
-4.827445
-8.800758
-4.714123
-4.650863
-8.329252
-4.500484
-4.422058
-5.148596
-4.266560
-4.184193
-4.103449
-4.040476
-3.972933
-3.899405
-3.827129
-6.625307
-3.716011
-3.655051
-7.725363
-3.523742
-3.501744
-6.128853
-3.408529
-3.363468
-3.435114
-3.350588
-3.339589
-3.288951
-1.876525
-3.272485
-0.753010
-1.673011
-11.327163
-2.850764
-3.321104
-3.723622
-4.067621
-4.387324
-4.660931
-4.898763
-5.117210
-9.619218
-5.460745
-5.610469
-5.770546
-5.835699
-7.542327
-5.988420
-6.041990
-6.086087
-6.127211
-6.144286
-6.159438
-6.168741
-6.164237
-8.573282
-6.158505
-6.143798
-6.128728
-6.105037
-9.239183
-6.074132
-6.052844
-6.153756
-5.996967
-5.979754
-5.990645
-5.955892
-5.944899
-7.180167
-5.961208
-5.929853
-5.940247
-5.922707
-5.925862
-5.916401
-5.893251
-8.783964
-5.836753
-5.794390
-10.015628
-5.733949
-5.697251
-8.126322
-5.634344
-5.588165
-5.594898
-5.494794
-5.439251
-5.374761
-5.313992
-6.445380
-5.186017
-5.114453
-9.049411
-4.968277
-4.898204
351.206635
-4.736253
-4.652253
-5.669675
-4.497535
-4.434632
-4.368530
-4.295397
-4.237822
-5.116251
-4.125175
-5.826561
-4.012974
-3.977036
-3.930866
-3.869483
-3.836513
-3.791557
-3.766237
-3.750633
-3.724658
-3.692635
-3.669471
-3.826718
-3.623095
-6.722461
-3.566502
-3.556869
-3.782153
-3.483351
-3.420565
-1.984374
-1.924732
-0.797092
-5.910146
-2.317420
-2.862225
-3.355473
-3.714114
-4.063216
-4.377195
-4.629622
-8.624644
-5.041245
-5.211334
-11.150054
-5.468579
-5.568332
-9.560989
-5.739102
-5.803824
-6.184116
-5.897825
-5.939565
-5.974233
-5.993509
-6.689188
-6.056452
-6.088378
-10.278999
-6.127850
-6.136267
-10.483611
-6.137572
-6.170690
-7.558101
-6.169646
-6.154563
-6.150950
-6.159399
-6.133593
-6.121585
-6.109637
-8.493597
-6.050502
-6.029948
-6.000960
-5.955171
-5.912870
-5.869667
-5.823439
-5.787713
-5.732468
-5.688887
-5.613820
-6.895546
-5.467930
-5.393224
-5.319889
-5.242242
-5.605963
-5.108916
-5.050723
-4.978234
-4.929050
-4.872730
-4.815032
-4.771390
-4.723032
-5.604965
355.353729
-4.615291
-4.580905
-4.550863
-6.347354
-4.501649
-4.460683
-4.427534
-4.367076
-4.337814
-7.679004
-4.249676
-4.219218
-4.433743
-4.157969
-4.116927
-4.082639
-4.033858
-3.992945
-3.953729
-3.900815
-7.566493
-3.789238
-3.745978
-7.711387
-3.627785
-3.555532
-4.997738
-3.396904
-3.322192
-3.214154
-1.763441
-1.649588
-0.759075
-1.637002
-6.659931
-2.788622
-3.229729
-11.535978
-3.947294
-4.259552
-10.271836
-4.767466
-4.979780
-5.162437
-5.326915
-5.474999
-9.738972
-5.753252
-5.861567
-6.036897
-6.044483
-7.177430
-6.171946
-6.217298
-6.265421
-6.306852
-6.330887
-6.347445
-6.377797
-6.383321
-8.775559
-6.388984
-6.373288
-6.369384
-6.321229
-8.498048
-6.245760
-6.203600
-6.179620
-6.098868
-6.040606
-5.995204
-5.937882
-5.865732
-7.570326
-5.777750
-5.740648
-5.688396
-5.648525
-5.589983
-5.576462
-5.537411
-8.899630
-5.502140
-5.495870
-9.687908
-5.478834
-5.441329
-7.136514
-5.389692
-5.358901
-5.314410
-5.283420
-5.250561
-5.199650
-5.162264
-7.162052
-5.074937
-5.039234
350.860779
-4.936528
-4.887498
-8.214412
-4.761658
-4.708837
-5.042260
-4.576172
-4.510210
-4.446988
-4.351349
-4.272666
-4.179589
-4.100867
-5.010787
-3.945489
-3.875110
-3.810047
-3.750303
-3.690377
-3.637579
-3.576596
-3.518278
-7.342695
-3.436256
-3.408638
-3.785532
-3.373765
-5.454792
-3.298901
-3.252871
-1.881317
-1.811852
-0.800179
-1.666536
-2.324277
-2.845122
-9.000119
-3.710973
-4.067771
-4.463658
-4.659941
-4.907341
-5.123474
-5.307224
-6.290695
-5.605039
-5.730699
-5.832352
-5.924976
-5.993229
-8.440042
-6.070429
-6.089541
-6.097044
-6.105233
-6.121114
-6.124604
-6.126491
-7.925504
-6.122707
-6.118090
-10.544671
-6.077583
-6.081442
-9.877050
-6.060271
-6.039144
-6.616301
-6.042825
-6.021356
-6.001043
-5.995006
-5.981883
-5.937592
-5.952931
-6.956353
-5.892865
-5.869785
-5.855638
-5.807628
-5.793990
-5.747467
-5.722922
-5.684478
-5.644289
-5.611337
-5.566014
-7.017874
-5.472106
-8.069940
-5.366755
-5.310311
-5.335930
-5.180824
-5.098372
-5.021057
-4.944659
-4.861480
-4.807595
355.264435
-4.662828
-5.592265
-4.533910
-4.464203
-4.415603
-4.360129
-4.998688
-4.248504
-4.203123
-4.152564
-4.121746
-4.058996
-4.046007
-4.021898
-3.987236
-4.253810
-3.924849
-3.913182
-3.887155
-3.846481
-6.183611
-3.753824
-3.724197
-7.749882
-3.625449
-3.570688
-7.074600
-3.496338
-3.453933
-3.795191
-1.929340
-1.820991
-0.764430
-1.691234
-2.315152
-2.828729
-3.269372
-9.776925
-3.996990
-4.295922
-11.351204
-4.771776
-4.973148
-8.453913
-5.289280
-5.412435
-5.576637
-5.634444
-5.722676
-5.801335
-5.865341
-9.262199
-6.179318
-6.026649
-6.191075
-6.094364
-6.138289
-6.163972
-6.190992
-6.209347
-6.220453
-6.223842
-6.223660
-8.855700
-6.230961
-6.230469
-6.211612
-6.183185
-7.001032
-6.144012
-6.119871
-6.107219
-6.073674
-6.034389
-6.019088
-5.966413
-5.929359
-7.424118
-5.841813
-5.782629
-5.744907
-5.678837
-8.048588
-5.592229
-5.532438
-5.510633
-5.396626
-5.308591
-5.241054
-5.184362
-5.109572
-5.993166
-4.998014
-4.952205
-4.892701
-4.853267
-4.821961
-4.780638
-4.769319
352.202759
-4.721350
-4.687401
-8.809936
-4.628019
-4.607913
-6.674047
-4.576350
-4.524170
-4.502723
-4.434077
-4.392385
-4.329512
-4.291457
-5.842458
-4.209094
-4.160565
-8.144533
-4.049520
-4.001287
-7.534476
-3.860814
-3.785038
-4.293302
-3.631189
-3.555842
-3.455894
-3.382815
-3.310775
-3.883484
-3.125894
-2.989750
-1.576638
-0.757641
-1.626634
-2.251577
-2.784579
-3.223828
-3.616552
-3.946836
-10.238905
-4.518535
-4.762746
-5.237921
-5.159029
-9.048131
-5.456537
-5.587654
-5.827953
-5.806270
-5.884154
-5.948239
-6.018042
-6.072541
-9.095613
-6.172938
-6.224582
-6.261217
-6.264924
-6.277093
-6.279222
-6.282374
-7.599047
-6.251068
-6.257664
-10.675073
-6.188986
-6.147990
-8.575118
-6.074715
-6.013416
-6.124956
-5.924703
-5.881015
-5.827988
-5.792182
-6.574532
-5.698745
-5.660659
-9.505267
-5.575551
-5.548567
-9.662667
-5.485573
-5.437690
-6.825441
-5.387949
-5.354210
-5.304835
-5.280437
-5.254563
-5.227133
-5.206383
-7.330265
-5.140581
-5.083468
-5.061096
-5.021799
-4.970872
-4.936344
355.107330
-4.839881
-4.799047
-4.737081
-4.671827
-5.935948
-4.577274
-7.825621
-4.436566
-4.372867
-4.701820
-4.240906
-4.164577
-4.100826
-4.041173
-3.965843
-3.905095
-3.824369
-3.782233
-4.582181
-3.666430
-3.610857
-3.539608
-3.509777
-5.388146
-3.396760
-3.352430
-3.325988
-3.301035
-3.304010
-6.828284
-1.846045
-1.781574
29.056831
-1.662560
-2.308909
-2.849903
-3.303222
-3.716157
-4.074834
-4.394851
-10.281112
-4.906644
-5.125823
-11.267657
-5.464065
-5.603892
-8.347621
-5.823281
-5.919939
-6.004481
-6.034901
-6.083017
-6.112263
-6.133984
-7.669920
-6.151363
-6.162771
-10.667047
-6.157435
-6.146391
-6.145980
-6.118470
-6.106568
-6.108276
-6.084409
-6.078825
-9.840550
-6.069818
-6.081463
-6.215477
-6.067053
-7.484062
-6.070655
-6.026138
-6.025222
-5.999006
-5.983700
-5.945532
-5.917130
-5.863566
-8.366984
-5.770184
-5.739478
-5.686780
-5.614564
-8.383261
-5.506646
-5.434403
-5.487679
-5.304314
-5.234359
-5.162506
-5.090918
-5.030151
-7.005361
-4.889371
-4.831510
-4.767018
-4.722860
355.334595
-4.618392
-4.572422
-6.956100
-4.490076
-4.487388
-8.643600
-4.461111
-4.415311
-7.067814
-4.418149
-4.393164
-4.398046
-4.302631
-4.276159
-4.225992
-4.180734
-5.125343
-4.082550
-4.060587
-7.837409
-3.947598
-3.895297
-7.784266
-3.794041
-3.734964
-4.917199
-3.571745
-3.498790
-3.423436
-3.325417
-1.851393
-3.276225
-0.786942
-4.830443
-2.304524
-2.817542
-3.278210
-3.636742
-3.977599
-4.282904
-4.534839
-4.775068
-4.989247
-5.182306
-5.349468
-6.515954
-5.637702
-10.177219
-5.862769
-5.948478
-6.575462
-6.114441
-6.175183
-6.224330
-6.260068
-6.300373
-10.210882
-6.338506
-6.359941
-6.602884
-6.378636
-6.366751
-6.349643
-6.352841
-8.541171
-6.299843
-6.255712
-10.576646
-6.193956
-6.126087
-9.704692
-6.049668
-5.989205
-6.450860
-5.901444
-5.817645
-5.756385
-5.690349
-5.638172
-5.583467
-5.538889
-8.666498
-5.455192
-5.421605
-9.638994
-5.402866
-5.375711
-7.349370
-5.333903
-5.313193
-5.298590
-5.264836
-5.218915
-5.205686
-5.161182
-6.751868
-5.091071
-5.045430
-5.189498
355.030487
-4.922554
-4.885190
-4.834329
-4.782053
-4.729969
-4.668389
-4.612659
-7.422125
-4.477437
-4.398314
-4.346678
-4.231881
-5.287899
-4.099011
-4.028203
-3.958958
-3.868643
-3.794664
-3.724924
-3.651991
-3.574383
-5.579273
-3.454916
-3.402009
-3.343806
-3.321462
-6.231564
-3.267669
-3.233413
-3.341912
-1.770592
-1.703294
-0.796532
-1.662437
-2.320889
-4.665245
-3.315667
-3.721627
-4.063482
-4.383602
-4.654600
-4.910483
-5.118064
-9.030183
-5.464372
-5.607799
-11.208361
-5.851865
-5.950332
-9.688891
-6.087763
-6.140681
-6.357373
-6.208658
-6.223715
-6.246243
-6.243697
-6.945388
-6.225851
-6.211425
-10.179229
-6.181114
-6.161211
-10.582337
-6.115364
-6.088309
-6.048176
-6.010135
-5.987452
-5.936819
-5.911953
-5.896364
-7.005380
-5.835364
-8.269389
-5.810009
-5.811887
-5.810069
-5.742209
-5.715830
-5.690314
-5.655949
-5.632333
-5.588145
-5.559704
-5.528610
-5.801942
-5.456533
-5.411932
-5.375485
-5.336512
-5.892763
-5.245143
-5.212421
-5.152945
-5.087952
-5.026512
-8.047750
-4.890063
355.173553
-4.833160
-4.686418
-4.601024
-4.531262
-4.457144
-5.970783
-4.305615
-4.253162
-8.295131
-4.152714
-4.105695
-7.720100
-4.014930
-3.980685
-4.699119
-3.925900
-3.884646
-3.888033
-3.880591
-3.859848
-3.855186
-3.823717
-7.104143
-3.755143
-3.709897
-7.758851
-3.617930
-3.576913
-5.616959
-3.469090
-2.034449
-1.969281
-0.809427
-1.686056
-2.354590
-2.880188
-9.181160
-3.788188
-4.073359
-4.670060
-4.643371
-4.867965
-5.071810
-5.234045
-5.381979
-5.493878
-5.594416
-5.694218
-8.460100
-5.843272
-5.894936
-5.955866
-6.005084
-7.205600
-6.081203
-6.122587
-6.158002
-6.185992
-6.207559
-6.236435
-6.272402
-6.280984
-7.457633
-6.311512
-6.304550
-6.299546
-6.283073
-9.295959
-6.266994
-6.234807
-6.368961
-6.202493
-6.173470
-10.114943
-6.115654
-6.064685
-6.999868
-5.974649
-5.933898
-5.870540
-5.819459
-5.753736
-5.713039
-5.658715
-8.301411
-5.532407
-5.464627
-9.612020
-5.316964
-5.257350
-8.168991
-5.117085
-5.039569
-5.188829
-4.916634
-4.861422
-4.799886
-4.749956
-5.382411
355.352936
-4.600537
-5.106242
-4.494623
-4.451663
-4.423894
-4.370716
-4.329766
-4.293474
-4.283556
-4.290438
-4.275835
-4.239067
-4.201817
-4.606358
-4.144330
-6.076118
-4.059089
-4.021215
-3.992736
-3.947342
-3.892855
-3.823321
-3.802396
-3.750765
-6.567218
-3.643253
-3.586115
-3.586844
-3.500324
-3.419264
-1.990207
-1.895713
34.524960
-1.660525
-2.302735
-2.838824
-3.299848
-3.694806
-7.721609
-4.357203
-4.628078
-4.868792
-5.078046
-5.262984
-5.415236
-5.561934
-8.449180
-5.793290
-5.889626
-11.089774
-6.031550
-6.084122
-9.903329
-6.174616
-6.202772
-6.560816
-6.249799
-6.274334
-6.286218
-6.288393
-6.290889
-6.274955
-6.270747
-10.076409
-6.253743
-6.247251
-10.598162
-6.194783
-6.183233
-8.048887
-6.127801
-6.110218
-6.075019
-6.026268
-6.004738
-7.821499
-5.941292
-8.816575
-5.860678
-5.810148
-5.902979
-5.731716
-5.694583
-5.654282
-5.611628
-5.567023
-5.529213
-5.481081
-5.434007
-6.462004
-5.339804
-5.300763
-5.249338
-5.207790
-6.053519
-5.108101
-5.065635
-5.006785
-4.966630
355.082092
-4.873485
-4.828636
-4.771382
-5.142195
-4.678879
-4.626137
-4.576596
-4.518679
-7.168218
-4.430033
-4.384654
-8.311731
-4.281252
-4.243729
-7.946519
-4.132944
-4.075960
-4.761649
-3.982730
-3.931701
-3.888470
-3.825083
-3.781796
-3.727031
-3.677447
-6.566730
-3.574279
-3.519567
-7.586956
-3.393473
-1.969119
-4.382169
-0.769853
-1.662970
-2.410693
-2.829535
-3.269235
-3.666692
-4.017508
-6.032539
-4.603045
-4.837899
-5.666727
-5.241175
-5.395818
-5.528869
-5.659832
-5.769347
-5.870576
-5.951155
-6.021729
-9.583296
-6.127320
-6.171369
-6.252904
-6.228823
-8.133323
-6.262090
-6.273933
-6.283906
-6.284010
-6.266296
-6.263762
-6.268021
-6.248788
-8.474108
-6.209041
-6.177929
-6.175982
-6.137237
-6.107208
-6.096236
-6.056926
-6.492544
-6.015864
-5.958982
-5.926231
-5.888138
-5.845980
-7.384267
-5.775883
-5.725542
-5.693621
-5.646345
-5.604183
-5.569386
-5.524733
-7.478215
-5.423529
-5.384459
-9.519634
-5.293331
-5.242671
-8.604634
-5.142426
-5.107117
-5.452838
-5.006785
-4.960810
355.086823
-4.866683
-4.822284
-4.762558
-4.713847
-5.797855
-4.627135
-4.580544
-4.520113
-4.479131
-4.428858
-4.385787
-4.316904
-4.274135
-4.227883
-4.179546
-4.124337
-5.116074
-4.038933
-6.959846
-3.936230
-3.873668
-3.870463
-3.783804
-3.726969
-3.674407
-3.620283
-3.563262
-3.518399
-3.472873
-3.406403
-2.392740
-1.880462
-0.756903
-1.655498
-2.302106
-4.665859
-3.274645
-3.671876
-4.011183
-4.328393
-4.599193
-9.726948
-5.051176
-5.232658
-5.526329
-5.523432
-5.655833
-5.770194
-5.867124
-7.502650
-6.011292
-6.070900
-10.870278
-6.161600
-6.198160
-10.578840
-6.237789
-6.257028
-7.277084
-6.274155
-6.284585
-6.273685
-6.262208
-6.271898
-6.245444
-6.238416
-9.247334
-6.194028
-6.184278
-10.515333
-6.116405
-6.089925
-8.824970
-6.012697
-6.010386
-6.045630
-5.926900
-5.892960
-8.734747
-5.800927
-9.399497
-5.748218
-5.694419
-6.148405
-5.605508
-5.571940
-5.530538
-5.474783
-5.433651
-5.395019
-5.340187
-5.298495
-7.183183
-5.209471
-5.152932
-5.110901
-5.061783
-6.716422
-4.980672
355.074188
-4.882433
-4.826819
-4.776874
-4.719420
-4.676611
-4.630058
-5.706213
-4.524512
-4.476577
-4.426605
-4.377837
-4.316945
-4.270529
-4.226312
-7.849517
-4.130006
-4.076417
-8.075383
-3.989273
-3.936899
-5.317981
-3.820875
-3.785791
-3.723745
-3.664135
-3.625207
-3.575201
-3.521527
-5.583941
-3.398367
-1.971096
-5.991047
-0.773241
-1.657848
-8.992414
-2.820916
-3.268156
-3.991536
-4.018266
-4.325026
-4.594740
-4.837434
-5.048573
-5.241804
-5.394814
-6.706516
-5.657165
-5.769879
-5.868555
-5.947385
-6.017576
-6.070120
-6.118931
-6.162718
-6.194209
-6.225935
-6.234566
-6.575150
-6.264447
-8.786602
-6.270271
-6.260260
-6.289087
-6.261330
-6.241162
-6.233294
-6.211752
-6.185234
-9.267350
-6.137363
-6.108618
-6.133119
-6.069801
-6.026992
-6.015953
-5.960901
-6.827256
-5.895440
-5.855112
-5.806644
-5.776525
-5.729681
-7.950445
-5.654691
-5.604525
-5.590096
-5.528107
-5.478349
-5.431261
-5.381304
-6.858961
-5.295763
-5.248573
-9.299579
-5.155145
-5.110492
-8.814603
-5.013970
-4.979060
354.361450
-4.879605
-4.827010
-4.768213
-4.723204
-4.685545
-4.641505
-4.582265
-7.516039
-4.492382
-4.435730
-8.526631
-4.328733
-4.284750
-4.239262
-4.183726
-4.141392
-4.084668
-4.033332
-3.990502
-5.472237
-3.875192
-3.825411
-3.780764
-3.728793
-3.883951
-3.618917
-3.563617
-3.520318
-3.478843
-3.413366
-1.973166
-1.886851
-0.800152
-2.429495
-2.282094
-2.823375
-3.274139
-3.674192
-6.783482
-4.333154
-4.595191
-4.839593
-5.052337
-5.235117
-5.393508
-5.537864
-5.667301
-6.059790
-5.870625
-5.949830
-6.011613
-6.070168
-6.126777
-6.165361
-6.197082
-10.494928
-6.244363
-6.254783
-10.782002
-6.277008
-6.286541
-7.892141
-6.265447
-6.272749
-6.255403
-6.240584
-6.221769
-6.195292
-6.188567
-8.235300
-6.127251
-6.101188
-10.414232
-6.024984
-6.020816
-9.436320
-5.931305
-5.895412
-5.854414
-5.811384
-5.776149
-9.079697
-5.699453
-5.652568
-5.736757
-5.572022
-6.620650
-5.482830
-5.438501
-5.387916
-5.347795
-5.304915
-5.248791
-5.214744
-5.156196
-7.635257
-5.069733
-5.017918
-4.983595
355.063141
352.570038
-4.833499
-4.778813
-4.786083
-4.681871
-4.632449
-4.589040
-4.528419
-4.487177
-6.107828
-4.386634
-4.323706
-4.285760
-4.239317
-4.178303
-4.135668
-4.086608
-7.117599
-3.986964
-3.933709
-8.007682
-3.817180
-3.787130
-6.143873
-3.679947
-3.628745
-3.638749
-3.529601
-3.486288
-3.422505
-1.991959
-3.081738
-0.759717
-1.655962
-11.251703
-2.815902
-3.268579
-11.204770
-4.013854
-4.328318
-6.221349
-4.838001
-5.058908
-5.231900
-5.401445
-5.531840
-7.430993
-5.775456
-8.551074
-5.949399
-6.016333
-6.091890
-6.125860
-6.166442
-6.198673
-6.226219
-6.247183
-6.268533
-6.282795
-6.290652
-7.024357
-6.282745
-6.274762
-6.283732
-6.266485
-6.617416
-6.223162
-6.202576
-6.191135
-6.149739
-6.123511
-6.106686
-6.079254
-6.032975
-6.239642
-5.969985
-5.933908
-5.900043
-5.856416
-8.085468
-5.783969
-5.739380
-9.925053
-5.654739
-5.619359
-9.073478
-5.535798
-5.485371
-5.907912
-5.392779
-5.351279
-5.305612
-5.255375
-5.213391
-5.159407
-5.122772
-8.426293
-5.019284
-4.976888
350.918396
-4.879072
-4.835042
-6.837227
-4.724188
-4.685368
-4.648800
-4.582948
-4.528514
-4.482150
-4.436604
-5.936172
-4.329225
-4.283151
-4.436723
-4.185215
-4.140716
-4.086246
-4.039677
-3.992790
-3.943688
-3.890676
-3.835150
-6.165061
-3.737829
-3.687460
-3.638963
-3.581246
-4.663084
-3.482183
-3.415306
-1.984633
-1.892455
-0.783063
-1.660416
-2.290659
-2.832336
-6.100417
-3.694041
-4.048688
-4.361711
-4.625373
-9.821368
-5.081639
-5.259392
-5.787126
-5.544127
-5.663138
-5.770071
-5.860526
-5.942528
-7.621014
-6.054979
-6.096267
-6.113355
-6.126430
-6.127479
-6.113781
-6.103548
-8.328869
-6.081068
-6.069470
-10.557990
-6.028949
-6.027958
-9.595203
-5.977257
-5.960740
-6.327083
-5.929945
-5.894437
-5.877836
-5.904028
-5.923102
-5.904527
-5.931484
-6.750724
-5.943799
-5.926332
-5.899173
-5.873190
-5.848358
-5.811431
-5.790889
-5.744843
-5.689820
-5.639204
-5.587761
-6.171149
-5.462284
-7.883899
-5.340787
-5.270846
-5.211320
-5.123013
-5.046422
-4.968765
-4.891301
-4.813941
-8.333844
355.334381
-4.584596
-4.790537
-4.455021
-4.377037
-4.349295
-4.287620
-5.055611
-4.189327
-4.154397
-4.135242
-4.114342
-4.086535
-6.894852
-4.085351
-4.057668
-4.080297
-4.055169
-4.036570
-4.015029
-3.971835
-5.388515
-3.891807
-3.873580
-7.844439
-3.790336
-3.709779
-7.375300
-3.603380
-3.541400
-4.244768
-1.989585
-1.862731
-0.781492
-1.689130
-2.330329
-2.850654
-3.285013
-6.827909
-4.193044
-4.294707
-4.546450
-4.773620
-4.976078
-5.127992
-5.286487
-5.406308
-5.522600
-5.621070
-5.720098
-8.974105
-5.884285
-10.229839
-6.043680
-6.088040
-6.756719
-6.189938
-6.217013
-6.252051
-6.275819
-6.283875
-6.292445
-6.295849
-6.291382
-7.839937
-6.290944
-6.284766
-6.269123
-6.246050
-8.203941
-6.190840
-6.157501
-6.107833
-6.063818
-5.995109
-5.955151
-5.894860
-5.840253
-6.636569
-5.720434
-5.657883
-5.602150
-5.540205
-5.488967
-5.429077
-5.378978
-8.672533
-5.275403
-5.214649
-9.363374
-5.112823
-5.059055
-7.216098
-4.981512
-4.954978
-4.970592
-4.924246
-4.906027
-4.923539
-4.901770
-6.458632
-4.868704
-4.858893
-8.917785
-4.785058
-4.748888
-8.348386
-4.671371
-4.622430
-5.202763
-4.504086
-4.442738
-4.368826
-4.294161
-4.220698
-4.682603
-4.081253
-5.504992
-3.931863
-3.866063
-3.795842
-3.729941
-3.632246
-3.588372
-3.510138
-3.436956
-6.793883
-3.297035
-3.234953
-3.366083
-3.085176
-4.642257
-1.552865
-0.749991
-2.008878
-2.260606
-2.783432
-3.225344
-3.633382
-3.966794
-8.802762
-4.577862
-4.816944
-5.057535
-5.234011
-5.416123
-5.571435
-5.709539
-9.069021
-5.936495
-6.031884
-11.153342
-6.168579
-6.226390
-9.774839
-6.309765
-6.330441
-6.577068
-6.330781
-6.333282
-6.319051
-6.307515
-6.283525
-6.264772
-6.250657
-9.815253
-6.168655
-6.118948
-10.457214
-6.027084
-5.957675
-8.045089
-5.888701
-5.839227
-5.801002
-5.762348
-5.702857
-8.238626
-5.624718
-8.399985
-5.591971
-5.563361
-5.638751
-5.529812
-5.526332
-5.513109
-5.510223
-5.500868
-5.492898
-5.486312
-5.461245
-6.765605
-5.394828
-5.357965
-5.318603
-5.267747
-6.200822
-5.180013
-5.125972
-5.067006
354.996826
-4.934520
-4.848307
-4.745933
-4.668945
-5.459870
-4.546525
-4.473077
-4.381529
-4.308322
-7.119024
-4.149559
-4.066577
-7.878754
-3.936357
-3.862666
-7.798699
-3.752161
-3.694834
-4.962015
-3.636446
-3.635698
-3.627704
-3.628847
-3.610063
-3.585711
-3.565518
-6.323676
-3.573020
-3.534687
-7.606669
-2.075185
-2.004409
103.229614
-1.729769
-2.377935
-3.244906
-3.397575
-3.818767
-4.169821
-4.482885
-5.625142
-4.981107
-5.187500
-6.377897
-5.507381
-5.628084
-5.740162
-5.827803
-5.905537
-5.955317
-5.977544
-6.001628
-10.014397
-6.053126
-6.065141
-6.257218
-6.066176
-8.517828
-6.085082
-6.079556
-6.111979
-6.092714
-6.125823
-6.147159
-6.146741
-6.159971
-8.758648
-6.162025
-6.173425
-6.164742
-6.151034
-6.153767
-6.133152
-6.098354
-7.007703
-6.059584
-6.032044
-10.272594
-5.951560
-5.911842
-8.100600
-5.817852
-5.769831
-5.725657
-5.625206
-5.553362
-5.491633
-5.440209
-6.459723
-5.323985
-5.255560
-9.215991
-5.103964
-5.028197
-8.869812
-4.885696
-4.826155
-5.841611
-4.702642
355.351654
-4.588571
-4.552833
-4.520796
-4.476826
-4.498016
-6.221205
-4.462983
-4.472302
-4.453286
-4.417725
-4.396948
-4.363021
-4.329569
-4.326060
-4.278761
-4.244419
-4.206785
-5.558800
-4.140104
-7.159970
-4.018270
-3.937638
-4.081081
-3.784670
-3.701544
-3.624073
-3.535975
-3.462719
-3.381936
-3.293308
-1.821542
-2.323389
-0.779306
-1.654501
-2.294552
-2.798868
-5.817825
-3.632343
-3.949596
-4.261020
-4.514314
-4.747965
-10.023977
-5.148558
-5.336306
-5.703743
-5.613029
-5.741940
-5.866888
-5.980712
-7.148221
-6.142843
-6.206472
-10.853026
-6.288442
-6.332220
-10.790038
-6.377012
-6.397981
-7.571808
-6.416420
-6.397443
-6.401159
-6.398928
-6.369102
-6.343502
-6.305429
-9.054047
-6.228930
-6.171186
-10.479721
-6.080821
-6.023089
-8.973393
-5.911649
-5.823143
-5.764943
-5.704583
-5.642495
-8.640517
-5.526601
-9.115064
-5.490108
-5.401510
-5.880368
-5.381979
-5.375425
-5.363602
-5.356703
-5.345951
-5.323042
-5.297484
-5.262847
-6.944858
-5.209978
-5.180815
-5.149305
-5.113554
-6.804415
354.968475
-4.981266
-4.932537
-4.852648
-4.776111
-4.713686
-4.631902
-4.551352
-5.438951
-4.376733
-4.287337
-4.192808
-4.101944
-7.545783
-3.964798
-3.908456
-7.274298
-3.789167
-3.742345
-7.787862
-3.634096
-3.564398
-5.374245
-3.457751
-3.416072
-3.430775
-3.417713
-3.437941
-3.432667
-3.427992
-5.461515
-1.992618
-1.931357
107.389366
-1.709470
-2.364466
-9.878756
-3.366361
-3.772642
-4.740176
-4.456746
-4.712356
-4.951362
-5.149278
-5.324777
-6.491509
-5.586331
-7.099401
-5.782075
-5.858811
-5.915809
-5.952280
-5.987991
-6.022649
-6.047172
-6.059963
-10.315336
-6.085920
-6.084816
-6.517148
-6.119046
-8.983926
-6.179312
-6.219644
-6.348747
-6.278209
-6.283195
-6.272636
-6.278084
-6.286870
-9.188504
-6.238242
-6.219760
-6.214902
-6.126549
-6.092328
-6.019176
-5.966154
-7.049632
-5.847359
-5.775635
-5.716556
-5.644426
-5.590157
-8.457556
-5.444753
-5.390476
-5.465761
-5.255480
-5.183311
-5.122358
-5.063618
-5.819352
-4.949752
-4.917972
-8.642434
-4.886953
-4.891820
-8.919158
-4.901701
355.113037
-6.161072
-4.862787
-4.835163
-4.788569
-4.775376
-4.738029
-4.704662
-4.657851
-6.775195
-4.552430
-4.508294
-4.412171
-4.366233
-4.296076
-4.210200
-4.137622
-4.024529
-3.958569
-3.881868
-3.815677
-6.134092
-3.645148
-3.568380
-3.483923
-3.405073
-3.873935
-3.259749
-3.203650
-3.159067
-3.087802
-1.674840
-1.631454
-0.772298
-1.663503
-4.071672
-2.865271
-3.336499
-3.740247
-4.101035
-8.390368
-4.708025
-4.955986
-5.244108
-5.376488
-5.542721
-5.680830
-5.795640
-5.890921
-6.678035
-6.049062
-6.102899
-6.152318
-6.181735
-6.208137
-6.217340
-6.223032
-9.476868
-6.184108
-6.164633
-10.723302
-6.113141
-6.077672
-9.002246
-6.057954
-6.037359
-6.149750
-6.044327
-6.049846
-6.081842
-6.102383
-7.320282
-6.140120
-6.117243
-10.211317
-6.088592
-6.070983
-6.056954
-6.018888
-5.985780
-5.945925
-5.923319
-5.863245
-9.260277
-5.765955
-5.719244
-5.933230
-5.603526
-7.238626
-5.460958
-5.384323
-5.313125
-5.240575
-5.156133
-5.088877
-5.000468
-4.926555
-7.813926
-4.772428
-4.704937
355.316406
-4.581003
-7.849492
-4.495142
-4.479544
-4.853909
-4.501254
-4.516695
-4.490470
-4.463149
-4.441563
-5.960201
-4.379072
-4.340429
-4.310966
-4.278379
-4.245122
-4.188371
-4.142430
-6.263671
-4.000577
-3.939860
-7.965312
-3.782574
-3.697647
-6.914957
-3.576392
-3.487850
-3.815676
-3.318716
-3.218115
-1.753811
-1.636648
-0.771219
-1.660061
-2.279417
-4.516360
-3.245384
-3.619243
-3.960360
-4.273089
-4.553615
-4.801432
-5.020748
-5.226422
-5.410639
-5.563136
-5.706038
-7.433652
-5.940244
-9.572843
-6.101945
-6.161675
-6.388187
-6.260855
-6.288321
-6.324122
-6.332847
-6.345403
-6.352155
-6.336425
-6.329378
-6.989789
-6.268586
-6.255743
-6.205102
-6.170917
-7.144586
-6.075999
-6.060252
-5.993413
-5.954369
-5.920058
-9.678375
-5.826075
-5.787477
-6.042624
-5.711497
-5.691982
-5.676373
-5.650253
-6.938169
-5.627091
-5.657550
-9.731659
-5.642131
-5.632442
-9.401207
-5.564669
-5.538481
-6.347612
-5.467569
-5.420605
-5.366380
-5.317906
-5.260630
-5.215404
-5.138978
-7.800756
-4.994401
355.087799
350.995392
-4.774500
-4.693449
-7.339631
-4.553299
-4.462923
-4.557922
-4.306615
-4.237192
-7.403188
-4.095586
-7.374465
-4.088258
-3.922492
-4.286179
-3.873424
-3.844894
-3.852209
-3.835566
-3.847929
-3.853752
-3.839358
-3.820550
-5.867598
-3.750011
-3.730570
-3.685290
-3.629854
-5.194306
-3.482116
-2.024518
-1.957103
-0.833975
-1.695359
-2.364234
-2.888097
-3.330051
-6.225480
-4.059930
-4.364852
-4.620777
-4.839415
-9.943191
-5.185756
-5.322413
-5.848092
-5.548360
-5.647421
-10.916205
-5.807293
-5.865352
-8.073350
-6.000466
-6.056006
-6.105206
-6.159954
-6.211959
-6.259606
-6.292732
-8.767500
-6.320827
-6.337050
-10.834810
-6.361619
-6.346439
-9.863750
-6.304312
-6.274696
-6.593857
-6.209480
-6.179850
-6.148228
-6.103044
-6.032080
-5.976898
-5.909572
-6.764015
-5.787154
-5.716609
-5.654741
-5.613351
-5.560511
-5.535583
-5.494285
-5.448072
-9.381179
-5.334484
-5.276244
-5.715752
-5.169718
-7.430443
-5.124762
-5.115315
-5.139461
-5.068647
-5.063869
-5.066550
-5.039666
-5.013006
352.092010
-4.945681
-4.913877
-4.916715
-4.842254
-4.832572
-4.814309
-4.741449
-5.520559
-4.602839
-4.525123
-4.443830
-4.348008
-4.250954
-6.461574
-4.083842
-3.997678
-3.945537
-3.806897
-3.727936
-3.663917
-3.588133
-4.582564
-3.499402
-3.467148
-7.338982
-3.447773
-3.427628
-7.122512
-3.417617
-3.405348
-2.813815
-1.922942
-0.805548
-1.693105
-2.343648
-2.889286
-3.349066
-3.756803
-7.074612
-4.431891
-4.696578
-4.930058
-5.140222
-5.315700
-5.462480
-5.598195
-5.723616
-5.816161
-5.906759
-5.968169
-8.156802
-6.042470
-10.104588
-6.075663
-6.085194
-6.365825
-6.094540
-6.092039
-6.100419
-6.091518
-6.099825
-6.084834
-6.085938
-6.119583
-7.229325
-6.150252
-6.165147
-6.162455
-6.185582
-7.929526
-6.164359
-6.156417
-6.148499
-6.120845
-6.116903
-6.075150
-6.041149
-6.001519
-6.227623
-5.918119
-5.887467
-5.825180
-5.782631
-6.410773
-5.651748
-5.595191
-9.228690
-5.458433
-5.393668
-9.449488
-5.243457
-5.168107
-6.734877
-5.026326
-4.953422
-4.893606
-4.830485
-4.762784
-4.706372
355.349823
353.519745
-4.546139
-4.476618
-8.540064
-4.399046
-4.379294
-7.995789
-4.369767
-4.363264
-4.330832
-4.297719
-4.271770
-7.487138
-4.197106
-4.167880
-4.255136
-4.096498
-5.116976
-4.024243
-3.994949
-3.958466
-3.914722
-3.883443
-3.831703
-3.775843
-3.721608
-6.306765
-3.583668
-3.529338
-3.448579
-1.975611
-4.264338
-0.761561
-1.699635
-2.398344
-2.870558
-3.312989
-3.699792
-4.025848
-4.313380
-7.775887
-4.780607
-4.974145
-5.147124
-5.286016
-5.421007
-5.529959
-5.651871
-9.178249
-5.830991
-5.913296
-10.965147
-6.064392
-6.137160
-9.123085
-6.251297
-6.275153
-6.333506
-6.324717
-6.338812
-6.354497
-6.349408
-7.700711
-6.363059
-6.354748
-10.617015
-6.326281
-6.304677
-10.400083
-6.236647
-6.196099
-7.268536
-6.098843
-6.031671
-5.994274
-5.906273
-5.859971
-7.451964
-5.747072
-7.518214
-5.610066
-5.519461
-5.474549
-5.412965
-5.363077
-5.308733
-5.258041
-5.201481
-5.151305
-5.109722
-5.065408
-5.889102
-5.012658
-8.176504
-4.995728
-4.984584
-5.212675
-4.966473
-4.982161
355.053467
-4.907923
-4.882308
-8.229424
-4.801369
-4.775335
-4.895848
-4.696015
-4.637770
-4.596706
-4.534194
-6.004857
-4.378963
-4.303765
-4.229782
-4.156241
-4.072114
-7.015373
-3.899009
-3.825218
-3.972150
-3.680647
-3.581778
-3.520801
-3.447676
-4.025848
-3.307508
-3.238295
-6.720050
-3.136022
-3.058145
-5.702541
-1.560382
-0.760660
-4.460233
-2.292189
-2.823757
-3.283797
-3.688242
-4.036906
-4.371444
-4.641854
-8.502110
-5.121814
-5.306302
-11.268790
-5.619868
-5.751196
-5.867305
-5.969662
-6.052999
-6.117546
-6.168674
-6.210632
-8.830903
-6.243990
-10.456174
-6.253273
-6.247053
-6.726307
-6.216619
-6.201419
-6.164313
-6.139478
-6.123941
-6.082664
-6.055261
-6.021887
-7.580659
-5.956952
-5.903757
-5.878058
-5.862070
-7.798406
-5.829196
-5.840096
-5.810302
-5.803329
-5.802692
-5.810217
-5.813303
-5.816085
-6.216762
-5.760960
-5.737153
-5.712141
-5.688272
-5.659643
-5.629173
-5.588601
-9.206046
-5.497745
-5.441833
-9.511280
-5.320994
-5.227436
-6.739492
-5.030309
-4.960149
-4.889066
355.204712
-4.718672
-4.641844
-4.556614
-6.260161
-4.416586
-4.361154
-8.392090
-4.232084
-4.191484
-7.762551
-4.116869
-4.090483
-4.095348
-4.081485
-4.050948
-7.495316
-4.035866
-4.024439
-4.179596
-3.960320
-4.945564
-3.862362
-3.844797
-3.783741
-3.756411
-3.693038
-3.661247
-3.629861
-3.590974
-6.162169
-2.106730
-1.990322
0.321761
-1.707175
-7.076846
-2.902987
-3.346266
-3.806117
-4.061802
-4.364416
-4.611180
-4.828159
-5.017251
-8.180984
-5.318213
-5.438191
-5.543716
-5.654357
-5.752267
-5.846673
-5.924429
-9.434840
-6.072875
-6.127343
-10.951647
-6.228539
-6.256434
-8.813204
-6.329253
-6.349612
-6.385919
-6.371256
-6.370393
-6.376977
-6.368548
-7.857646
-6.330516
-6.307440
-10.566957
-6.248163
-6.214507
-10.168034
-6.141313
-6.080773
-6.898734
-5.987771
-5.934120
-5.868440
-5.805182
-5.725248
-7.118418
-5.620439
-7.173006
-5.503314
-5.445886
-5.381993
-5.333664
-5.287145
-5.232831
-5.172778
-5.118382
-5.073550
-5.037902
-5.016354
-5.690235
-4.960829
-7.731977
-4.893800
-4.880282
355.002655
-4.794146
-4.755047
-4.698559
-4.659574
-4.640999
-7.914559
-4.542827
-4.497656
-4.541477
-4.413914
-4.371485
-4.309390
-4.260010
-5.582104
-4.159985
-4.117637
-4.056500
-4.024910
-3.967895
-6.571665
-3.863621
-3.790536
-3.855609
-3.704914
-3.661205
-3.600393
-3.552484
-4.495376
-3.458154
-3.389515
-5.777837
-1.855832
-0.745975
-10.105453
-2.293377
-2.815424
-5.308265
-3.677880
-4.014462
-4.326009
-4.598742
-4.837031
-5.043977
-5.227412
-8.297787
-5.538875
-5.653849
-5.774596
-5.851817
-5.938208
-5.999947
-6.059402
-6.107049
-6.146390
-6.175990
-6.206809
-8.245044
-6.240666
-6.261665
-6.265159
-6.267085
-6.642942
-6.252591
-6.248375
-6.228529
-6.224113
-6.184988
-6.165877
-6.162227
-6.123088
-6.916015
-6.078389
-6.043505
-6.003421
-5.975948
-7.883900
-5.907345
-5.868207
-5.831015
-5.791446
-5.753186
-5.710959
-5.682023
-5.631046
-5.829128
-5.555739
-5.509269
-5.467790
-5.416412
-5.370662
-5.319136
-5.274726
-8.989591
-5.184103
-5.125815
-9.188101
-5.038642
-4.983740
-6.473902
355.100586
-4.862625
-4.807285
-4.742422
-4.700214
-4.665943
-4.610442
-6.653971
-4.515482
-4.462862
-8.554634
-4.357374
-4.311808
-7.620163
-4.219577
-4.162375
-4.117453
-4.058823
-4.015697
-7.005375
-3.916989
-3.860336
-3.862908
-3.774815
-4.666687
-3.659962
-3.598262
-3.556875
-3.509868
-3.457457
-3.396120
-1.966848
-1.877019
97.133995
-1.662970
-2.288077
-2.821257
-3.259290
-7.899477
-4.002379
-4.319077
-4.625489
-4.815332
-5.035576
-5.212543
-5.374972
-5.515291
-7.164257
-5.747053
-5.843071
-5.932433
-5.995033
-6.053952
-6.100496
-6.141524
-10.008207
-6.205854
-6.221522
-10.876272
-6.254093
-6.258860
-8.420987
-6.253517
-6.248133
-6.262721
-6.228335
-6.218472
-6.190357
-6.165468
-7.984754
-6.121572
-6.093134
-10.346954
-6.038526
-5.986681
-9.755495
-5.941162
-5.899443
-6.483806
-5.826582
-5.775184
-5.749737
-5.703289
-5.669100
-6.184182
-5.583952
-6.895112
-5.505936
-5.457312
-5.405142
-5.367084
-5.318958
-5.270833
-5.219913
-5.180524
-8.443253
-5.086627
-5.040882
-5.111888
-4.949527
352.426849
-4.864046
-4.812025
-4.840531
-4.707057
-4.655998
-4.620059
-4.568372
-4.517422
-6.870804
-4.422383
-4.363904
-4.209629
-4.271130
-4.224058
-4.168960
-4.122923
-5.130657
-4.021966
-3.964636
-8.036699
-3.869263
-3.805596
-6.103418
-3.717926
-3.653405
-3.632789
-3.553549
-3.508099
-3.465305
-3.392333
-3.250490
-1.879137
-0.752928
-10.795917
-2.282531
-2.809755
-10.951162
-3.663018
-3.997154
-5.592702
-4.586352
-4.821575
-5.032612
-5.214067
-5.373230
-5.515276
-5.633608
-7.717538
-5.846353
-5.927236
-5.991481
-6.054726
-6.104724
-6.138717
-6.175738
-6.204961
-6.217415
-6.237329
-6.251556
-7.155086
-6.259926
-9.439771
-6.249407
-6.253081
-6.395485
-6.216334
-6.192198
-6.164829
-6.167185
-6.110425
-6.091406
-6.078457
-6.046463
-6.220655
-5.974528
-5.943778
-5.917010
-5.872203
-7.214723
-5.786051
-5.761129
-5.707476
-5.684680
-5.631858
-8.267532
-5.560657
-5.511769
-5.548236
-5.420606
-5.377780
-5.335828
-5.289220
-6.296897
-5.199730
-5.147249
-9.098188
-5.050212
-4.996977
-8.855849
355.086609
-4.864483
-5.833930
-4.763281
-4.704981
-4.667923
-4.622135
-4.569028
-4.518379
-4.474514
-7.065721
-4.371444
-4.312833
-8.473924
-4.236257
-4.171965
-4.133203
-4.070420
-4.036023
-3.981965
-3.936694
-3.878798
-5.741040
-3.776980
-7.312128
-3.677782
-3.619716
-3.952644
-3.505989
-3.470196
-3.396250
-1.967742
-1.877931
-0.779784
-1.636141
-2.274021
-4.723410
-3.257638
-3.657847
-3.994538
-4.318380
-7.330607
-4.819649
-5.032878
-5.216061
-5.376467
-5.513330
-5.646018
-5.746237
-5.846985
-6.438936
-5.998424
-6.052715
-6.110557
-6.144731
-6.180556
-6.210258
-6.219095
-10.435978
-6.259471
-6.266465
-10.695765
-6.260591
-6.253807
-7.894728
-6.232665
-6.224735
-6.200705
-6.177144
-6.174459
-6.123116
-6.101183
-8.355243
-6.056701
-6.001543
-10.319751
-5.953435
-5.922584
-9.284142
-5.847605
-5.799103
-6.076732
-5.716670
-5.680889
-9.158709
-5.604415
-5.569864
-5.710596
-5.463815
-6.367052
-5.385197
-5.340610
-5.298810
-5.241196
-5.197804
-5.146252
-5.105929
-5.060239
-7.681679
-4.963556
355.090485
-4.885329
-4.828390
-7.045548
-4.711812
-4.677090
-4.657228
-4.578645
-4.520960
-4.479199
-4.422766
-4.378534
-5.948472
-4.266199
-4.235328
-4.182333
-4.126393
-4.076595
-4.046138
-3.981193
-7.191689
-3.885334
-3.825766
-7.896575
-3.734933
-3.671040
-5.609405
-3.573425
-3.531178
-3.494552
-3.402954
-1.976113
-1.884553
-0.789784
-5.292424
-2.286015
-2.808826
-11.614922
-3.656106
-4.003458
-10.719627
-4.584153
-4.824696
-5.955063
-5.224250
-5.379800
-5.517326
-5.651879
-5.763158
-5.856393
-5.940227
-7.800204
-6.063487
-6.112417
-6.160502
-6.188163
-6.215455
-6.241821
-6.255060
-6.269688
-6.267241
-6.272154
-6.254115
-6.732766
-6.258305
-9.432184
-6.229506
-6.201480
-6.367894
-6.173738
-6.128952
-6.103242
-6.086797
-6.059064
-9.349914
-5.977526
-5.953538
-6.028349
-5.891219
-5.849641
-5.798550
-5.772789
-7.293760
-5.688347
-5.647909
-9.833346
-5.562406
-5.513353
-8.236421
-5.430127
-5.384418
-5.466148
-5.293045
-5.236197
-5.203651
-5.139667
-6.001777
-5.056141
-5.006908
-8.789391
355.080109
-4.872884
-8.866562
-4.765768
-4.722275
-5.924459
-4.635017
-4.587333
-4.527422
-4.486603
-4.429924
-4.380870
-4.317204
-6.603612
-4.239412
-4.183057
-4.150422
-4.074150
-4.032833
-3.991534
-3.932186
-3.878634
-3.812017
-3.787130
-3.724332
-5.663386
-3.616587
-3.567906
-3.534293
-3.487558
-3.822925
-1.984828
-1.895502
-0.749445
-1.641892
-2.282408
-2.816066
-3.255561
-3.662478
-5.348609
-4.318803
-4.587828
-4.824341
-5.037796
-8.000879
-5.379035
-5.522838
-5.654023
-5.753821
-5.857104
-5.943460
-6.001754
-6.065979
-6.441873
-6.150161
-6.192046
-6.219076
-6.233478
-6.250379
-6.271838
-6.272267
-10.180247
-6.266525
-6.260657
-10.686137
-6.253054
-6.238460
-8.036557
-6.192474
-6.190657
-6.141977
-6.116770
-6.098552
-6.074002
NaN
