2312.000000
2330.000000
2328.000000
2300.000000
2266.000000
2258.000000
2266.000000
2298.000000
2254.000000
2336.000000
2320.000000
2242.000000
2264.000000
2252.000000
2262.000000
2246.000000
2264.000000
2348.000000
2282.000000
2282.000000
2250.000000
2268.000000
2332.000000
2314.000000
2324.000000
2272.000000
2274.000000
2240.000000
2320.000000
2266.000000
2260.000000
2366.000000
2276.000000
2260.000000
2262.000000
2246.000000
2350.000000
2338.000000
2262.000000
2300.000000
2342.000000
2332.000000
2262.000000
2298.000000
2338.000000
2310.000000
2348.000000
2296.000000
2324.000000
2316.000000
2322.000000
2298.000000
2266.000000
2340.000000
2270.000000
2300.000000
2318.000000
2322.000000
2322.000000
2244.000000
2264.000000
2260.000000
2340.000000
2302.000000
2248.000000
2334.000000
2330.000000
2246.000000
2246.000000
2248.000000
2336.000000
2298.000000
2336.000000
2270.000000
2344.000000
2246.000000
2314.000000
2312.000000
2334.000000
2360.000000
2324.000000
2310.000000
2328.000000
2288.000000
2324.000000
2322.000000
2326.000000
2244.000000
2326.000000
2336.000000
2256.000000
2250.000000
2330.000000
2320.000000
2318.000000
2302.000000
2270.000000
2320.000000
2280.000000
2292.000000
2246.000000
2276.000000
2274.000000
2218.000000
2262.000000
2252.000000
2320.000000
2240.000000
2302.000000
2274.000000
2264.000000
2290.000000
2324.000000
2254.000000
2262.000000
2300.000000
2322.000000
2336.000000
2242.000000
2302.000000
2248.000000
2310.000000
2240.000000
2284.000000
2244.000000
2244.000000
2256.000000
2276.000000
2314.000000
2260.000000
2362.000000
2294.000000
2304.000000
2240.000000
2250.000000
2276.000000
2294.000000
2248.000000
2246.000000
2216.000000
2242.000000
2300.000000
2248.000000
2300.000000
2252.000000
2296.000000
2246.000000
2286.000000
2256.000000
2298.000000
2244.000000
2210.000000
2258.000000
2242.000000
2240.000000
2282.000000
2252.000000
2302.000000
2302.000000
2284.000000
2252.000000
2262.000000
2250.000000
2290.000000
2258.000000
2292.000000
2240.000000
2298.000000
2250.000000
2300.000000
2254.000000
2218.000000
2252.000000
2246.000000
2302.000000
2210.000000
2298.000000
2246.000000
2242.000000
2298.000000
2308.000000
2258.000000
2298.000000
2288.000000
2250.000000
2248.000000
2284.000000
2282.000000
2250.000000
2254.000000
2298.000000
2290.000000
2246.000000
2250.000000
2300.000000
2268.000000
2300.000000
2244.000000
2254.000000
2220.000000
2240.000000
2252.000000
2258.000000
2284.000000
2248.000000
2244.000000
2248.000000
2290.000000
2302.000000
2318.000000
2260.000000
2206.000000
2248.000000
2252.000000
2248.000000
2286.000000
2250.000000
2246.000000
2254.000000
2244.000000
2256.000000
2302.000000
2246.000000
2286.000000
2246.000000
2244.000000
2246.000000
2296.000000
2248.000000
2240.000000
2260.000000
2282.000000
2250.000000
2240.000000
2262.000000
2284.000000
2248.000000
2252.000000
2362.000000
2292.000000
2252.000000
2264.000000
2246.000000
2298.000000
2332.000000
2266.000000
2248.000000
2300.000000
2256.000000
2304.000000
2310.000000
2242.000000
2312.000000
2262.000000
2244.000000
2280.000000
2256.000000
2252.000000
2248.000000
2284.000000
2252.000000
2262.000000
2248.000000
2296.000000
2302.000000
2258.000000
2256.000000
2284.000000
2252.000000
2278.000000
2266.000000
2284.000000
2254.000000
2244.000000
2248.000000
2288.000000
2266.000000
2314.000000
2262.000000
2282.000000
2314.000000
2264.000000
2364.000000
2292.000000
2250.000000
2260.000000
2252.000000
2298.000000
2252.000000
2246.000000
2258.000000
2300.000000
2328.000000
2320.000000
2308.000000
2298.000000
2252.000000
2246.000000
2316.000000
2292.000000
2258.000000
2260.000000
2330.000000
2228.000000
2268.000000
2336.000000
2252.000000
2282.000000
2264.000000
2248.000000
2304.000000
2302.000000
2248.000000
2260.000000
2246.000000
2290.000000
2250.000000
2318.000000
2260.000000
2286.000000
2324.000000
2272.000000
2262.000000
2244.000000
2262.000000
2254.000000
2254.000000
2296.000000
2254.000000
2254.000000
2248.000000
2292.000000
2258.000000
2254.000000
2250.000000
2292.000000
2270.000000
2260.000000
2254.000000
2292.000000
2260.000000
2258.000000
2264.000000
2244.000000
2304.000000
2258.000000
2254.000000
2282.000000
2260.000000
2314.000000
2240.000000
2242.000000
2262.000000
2258.000000
2256.000000
2292.000000
2246.000000
2250.000000
2246.000000
2284.000000
2254.000000
2246.000000
2252.000000
2296.000000
2242.000000
2244.000000
2252.000000
2296.000000
2258.000000
2298.000000
2266.000000
2294.000000
2264.000000
2322.000000
2252.000000
2292.000000
2246.000000
2252.000000
2344.000000
2300.000000
2248.000000
2316.000000
2244.000000
2298.000000
2320.000000
2266.000000
2252.000000
2294.000000
2314.000000
2326.000000
2264.000000
2290.000000
2252.000000
2240.000000
2256.000000
2290.000000
2254.000000
2256.000000
2318.000000
2280.000000
2256.000000
2264.000000
2260.000000
2250.000000
2252.000000
2256.000000
2272.000000
2292.000000
2254.000000
2320.000000
2274.000000
2300.000000
2252.000000
2310.000000
2254.000000
2300.000000
2260.000000
2252.000000
2248.000000
2286.000000
2252.000000
2324.000000
2246.000000
2298.000000
2254.000000
2262.000000
2242.000000
2292.000000
2252.000000
2302.000000
2270.000000
2298.000000
2294.000000
2268.000000
2260.000000
2276.000000
2340.000000
2248.000000
2260.000000
2282.000000
2250.000000
2256.000000
2304.000000
2284.000000
2256.000000
2240.000000
2248.000000
2294.000000
2328.000000
2252.000000
2316.000000
2292.000000
2318.000000
2322.000000
2260.000000
2294.000000
2244.000000
2262.000000
2256.000000
2284.000000
2256.000000
2272.000000
2242.000000
2282.000000
2264.000000
2260.000000
2250.000000
2240.000000
2306.000000
2258.000000
2250.000000
2280.000000
2240.000000
2270.000000
2366.000000
2280.000000
2246.000000
2274.000000
2328.000000
2290.000000
2298.000000
2256.000000
2250.000000
2280.000000
2260.000000
2250.000000
2316.000000
2288.000000
2262.000000
2316.000000
2260.000000
2292.000000
2268.000000
2320.000000
2256.000000
2284.000000
2328.000000
2258.000000
2258.000000
2292.000000
2244.000000
2262.000000
2260.000000
2284.000000
2258.000000
2262.000000
2246.000000
2294.000000
2250.000000
2252.000000
2254.000000
2292.000000
2258.000000
2242.000000
2252.000000
2280.000000
2302.000000
2300.000000
2256.000000
2284.000000
2248.000000
2264.000000
2262.000000
2284.000000
2320.000000
2326.000000
2254.000000
2284.000000
2258.000000
2242.000000
2240.000000
2294.000000
2324.000000
2256.000000
2250.000000
2228.000000
2330.000000
2322.000000
2244.000000
2298.000000
2268.000000
2328.000000
2246.000000
2292.000000
2244.000000
2340.000000
2246.000000
2290.000000
2302.000000
2258.000000
2270.000000
2300.000000
2320.000000
2246.000000
2244.000000
2242.000000
2258.000000
2302.000000
2258.000000
2302.000000
2256.000000
2262.000000
2258.000000
2234.000000
2260.000000
2324.000000
2308.000000
2294.000000
2312.000000
2258.000000
2254.000000
2298.000000
2254.000000
2242.000000
2256.000000
2288.000000
2262.000000
2264.000000
2268.000000
2292.000000
2258.000000
2246.000000
2248.000000
2244.000000
2268.000000
2264.000000
2332.000000
2298.000000
2250.000000
2256.000000
2250.000000
2278.000000
2336.000000
2246.000000
2242.000000
2240.000000
2248.000000
2258.000000
2264.000000
2296.000000
2256.000000
2260.000000
2256.000000
2282.000000
2322.000000
2306.000000
2332.000000
2292.000000
2270.000000
2252.000000
2312.000000
2298.000000
2258.000000
2246.000000
2306.000000
2286.000000
2254.000000
2276.000000
2270.000000
2294.000000
2318.000000
2254.000000
2254.000000
2290.000000
2256.000000
2246.000000
2256.000000
2294.000000
2254.000000
2326.000000
2240.000000
2290.000000
2268.000000
2280.000000
2242.000000
2296.000000
2346.000000
2270.000000
2332.000000
2296.000000
2324.000000
2254.000000
2248.000000
2292.000000
2318.000000
2276.000000
2314.000000
2298.000000
2262.000000
2272.000000
2248.000000
2294.000000
2260.000000
2314.000000
2326.000000
2294.000000
2252.000000
2252.000000
2270.000000
2298.000000
2326.000000
2256.000000
2252.000000
2250.000000
2256.000000
2246.000000
2310.000000
2282.000000
2254.000000
2244.000000
2254.000000
2280.000000
2326.000000
2260.000000
2256.000000
2298.000000
2252.000000
2248.000000
2272.000000
2286.000000
2358.000000
2320.000000
2242.000000
2266.000000
2254.000000
2328.000000
2244.000000
2294.000000
2264.000000
2310.000000
2272.000000
2294.000000
2244.000000
2300.000000
2264.000000
2296.000000
2260.000000
2260.000000
2260.000000
2294.000000
2314.000000
2246.000000
2256.000000
2300.000000
2248.000000
2272.000000
2246.000000
2302.000000
2258.000000
2246.000000
2246.000000
2300.000000
2246.000000
2240.000000
2248.000000
2296.000000
2260.000000
2248.000000
2326.000000
2290.000000
2250.000000
2266.000000
2244.000000
2284.000000
2248.000000
2324.000000
2242.000000
2292.000000
2320.000000
2254.000000
2246.000000
2298.000000
2322.000000
2298.000000
2246.000000
2286.000000
2244.000000
2254.000000
2324.000000
2290.000000
2256.000000
2314.000000
2240.000000
2302.000000
2278.000000
2316.000000
2266.000000
2294.000000
2264.000000
2314.000000
2252.000000
2286.000000
2254.000000
2264.000000
2260.000000
2242.000000
2266.000000
2268.000000
2254.000000
2298.000000
2254.000000
2256.000000
2248.000000
2302.000000
2324.000000
2328.000000
2266.000000
2298.000000
2320.000000
2262.000000
2344.000000
2292.000000
2314.000000
2322.000000
2252.000000
2282.000000
2254.000000
2252.000000
2320.000000
2288.000000
2328.000000
2250.000000
2268.000000
2296.000000
2252.000000
2300.000000
2248.000000
2288.000000
2244.000000
2240.000000
2256.000000
2294.000000
2248.000000
2264.000000
2264.000000
2296.000000
2252.000000
2252.000000
2364.000000
2300.000000
2260.000000
2298.000000
2272.000000
2290.000000
2242.000000
2310.000000
2252.000000
2292.000000
2240.000000
2250.000000
2260.000000
2280.000000
2246.000000
2252.000000
2248.000000
2296.000000
2298.000000
2250.000000
2280.000000
2286.000000
2320.000000
2366.000000
2260.000000
2294.000000
2258.000000
2258.000000
2308.000000
2302.000000
2256.000000
2262.000000
2254.000000
2302.000000
2334.000000
2326.000000
2328.000000
2298.000000
2268.000000
2310.000000
2336.000000
2248.000000
2256.000000
2324.000000
2274.000000
2240.000000
2258.000000
2340.000000
2322.000000
2244.000000
2254.000000
2272.000000
2270.000000
2298.000000
2328.000000
2328.000000
2264.000000
2304.000000
2348.000000
2348.000000
2318.000000
2256.000000
2274.000000
2272.000000
2346.000000
2240.000000
2322.000000
2258.000000
2322.000000
2292.000000
2320.000000
2324.000000
2268.000000
2246.000000
2278.000000
2242.000000
2320.000000
2246.000000
2262.000000
2262.000000
2256.000000
2298.000000
2338.000000
2328.000000
2316.000000
2252.000000
2336.000000
2338.000000
2318.000000
2290.000000
2322.000000
2254.000000
2316.000000
2290.000000
2324.000000
2278.000000
2266.000000
2290.000000
2260.000000
2264.000000
2256.000000
2288.000000
2260.000000
2264.000000
2274.000000
2292.000000
2324.000000
2326.000000
2300.000000
2240.000000
2244.000000
2262.000000
2274.000000
2240.000000
2246.000000
2330.000000
2262.000000
2300.000000
2260.000000
2316.000000
2318.000000
2294.000000
2264.000000
2258.000000
2322.000000
2292.000000
2254.000000
2246.000000
2322.000000
2298.000000
2260.000000
2248.000000
2320.000000
2286.000000
2314.000000
2328.000000
2258.000000
2248.000000
2264.000000
2284.000000
2306.000000
2240.000000
2336.000000
2318.000000
2308.000000
2282.000000
2248.000000
2318.000000
2336.000000
2286.000000
2280.000000
2330.000000
2334.000000
2244.000000
2324.000000
2268.000000
2312.000000
2290.000000
2314.000000
2330.000000
2274.000000
2242.000000
2260.000000
2338.000000
2258.000000
2242.000000
2254.000000
2272.000000
2338.000000
2294.000000
2260.000000
2338.000000
2240.000000
2240.000000
2272.000000
2306.000000
2314.000000
2260.000000
2294.000000
2338.000000
2360.000000
2224.000000
2276.000000
2364.000000
2414.000000
2286.000000
2252.000000
2242.000000
2342.000000
2252.000000
2316.000000
2300.000000
2268.000000
2362.000000
2256.000000
2258.000000
2250.000000
2296.000000
2332.000000
2336.000000
2338.000000
2290.000000
2262.000000
2264.000000
2322.000000
2302.000000
2322.000000
2336.000000
2326.000000
2246.000000
2332.000000
2346.000000
2334.000000
2240.000000
2322.000000
2342.000000
2334.000000
2246.000000
2270.000000
2344.000000
2344.000000
2300.000000
2328.000000
2336.000000
2342.000000
2254.000000
2266.000000
2282.000000
2248.000000
2246.000000
2350.000000
2344.000000
2344.000000
2296.000000
2272.000000
2338.000000
2330.000000
2300.000000
2340.000000
2268.000000
2274.000000
2240.000000
2266.000000
2270.000000
2330.000000
2322.000000
2322.000000
2340.000000
2270.000000
2292.000000
2340.000000
2334.000000
2314.000000
2248.000000
2332.000000
2274.000000
2340.000000
2284.000000
2326.000000
2276.000000
2288.000000
2298.000000
2350.000000
2280.000000
2262.000000
2306.000000
2344.000000
2342.000000
2328.000000
2244.000000
2344.000000
2332.000000
2276.000000
2294.000000
2266.000000
2258.000000
2306.000000
2254.000000
2332.000000
2328.000000
2346.000000
2242.000000
2364.000000
2342.000000
2356.000000
2236.000000
2344.000000
2334.000000
2348.000000
2286.000000
2276.000000
2340.000000
2266.000000
2298.000000
2326.000000
2330.000000
2346.000000
2300.000000
2332.000000
2318.000000
2320.000000
2296.000000
2326.000000
2312.000000
2346.000000
2274.000000
2306.000000
2286.000000
2330.000000
2294.000000
2270.000000
2330.000000
2264.000000
2360.000000
2330.000000
2250.000000
2326.000000
2302.000000
2306.000000
2272.000000
2312.000000
2312.000000
2342.000000
2320.000000
2264.000000
2298.000000
2328.000000
2260.000000
2252.000000
2302.000000
2264.000000
2262.000000
2326.000000
2300.000000
2334.000000
2266.000000
2326.000000
2300.000000
2254.000000
2332.000000
2340.000000
2302.000000
2268.000000
2336.000000
2336.000000
2290.000000
2328.000000
2290.000000
2308.000000
2260.000000
2340.000000
2332.000000
2262.000000
2240.000000
2344.000000
2256.000000
2272.000000
2256.000000
2312.000000
2272.000000
2306.000000
2246.000000
2342.000000
2330.000000
2312.000000
2246.000000
2330.000000
2354.000000
2284.000000
2298.000000
2306.000000
2328.000000
2276.000000
2282.000000
2342.000000
2408.000000
2272.000000
2272.000000
2410.000000
2386.000000
2254.000000
2308.000000
2412.000000
2354.000000
2268.000000
2250.000000
2350.000000
2326.000000
2260.000000
2246.000000
2336.000000
2332.000000
2262.000000
2244.000000
2262.000000
2348.000000
2326.000000
2302.000000
2336.000000
2346.000000
2336.000000
2250.000000
2332.000000
2264.000000
2336.000000
2246.000000
2274.000000
2318.000000
2284.000000
2240.000000
2322.000000
2280.000000
2280.000000
2298.000000
2330.000000
2310.000000
2288.000000
2278.000000
2320.000000
2330.000000
2254.000000
2296.000000
2320.000000
2272.000000
2310.000000
2246.000000
2256.000000
2260.000000
2260.000000
2300.000000
2252.000000
2314.000000
2262.000000
2296.000000
2320.000000
2276.000000
2316.000000
2300.000000
2328.000000
2250.000000
2242.000000
2286.000000
2328.000000
2264.000000
2252.000000
2292.000000
2252.000000
2310.000000
2248.000000
2294.000000
2318.000000
2348.000000
2270.000000
2240.000000
2312.000000
2318.000000
2260.000000
2244.000000
2324.000000
2268.000000
2282.000000
2294.000000
2254.000000
2264.000000
2314.000000
2298.000000
2342.000000
2332.000000
2258.000000
2294.000000
2256.000000
2322.000000
2330.000000
2250.000000
2276.000000
2324.000000
2276.000000
2298.000000
2262.000000
2258.000000
2272.000000
2274.000000
2252.000000
2284.000000
2276.000000
2296.000000
2330.000000
2340.000000
2266.000000
2296.000000
2256.000000
2306.000000
2266.000000
2184.000000
2318.000000
2268.000000
2340.000000
2272.000000
2302.000000
2278.000000
2342.000000
2284.000000
2250.000000
2334.000000
2334.000000
2276.000000
2320.000000
2272.000000
2268.000000
2290.000000
2248.000000
2260.000000
2258.000000
2252.000000
2322.000000
2244.000000
2264.000000
2252.000000
2260.000000
2254.000000
2240.000000
2280.000000
2268.000000
2334.000000
2334.000000
2300.000000
2254.000000
2272.000000
2240.000000
2274.000000
2254.000000
2348.000000
2320.000000
2300.000000
2254.000000
2246.000000
2326.000000
2296.000000
2252.000000
2256.000000
2262.000000
2296.000000
2326.000000
2266.000000
2244.000000
2240.000000
2338.000000
2316.000000
2252.000000
2244.000000
2246.000000
2304.000000
2280.000000
2292.000000
2254.000000
2364.000000
2296.000000
2262.000000
2240.000000
2260.000000
2258.000000
2292.000000
2318.000000
2282.000000
2244.000000
2288.000000
2312.000000
2258.000000
2256.000000
2270.000000
2246.000000
2266.000000
2322.000000
2292.000000
2256.000000
2248.000000
2260.000000
2210.000000
2292.000000
2274.000000
2254.000000
2296.000000
2270.000000
2306.000000
2256.000000
2270.000000
2314.000000
2262.000000
2298.000000
2290.000000
2248.000000
2260.000000
2312.000000
2294.000000
2276.000000
2240.000000
2246.000000
2286.000000
2242.000000
2352.000000
2244.000000
2292.000000
2260.000000
2252.000000
2258.000000
2292.000000
2316.000000
2268.000000
2334.000000
2288.000000
2246.000000
2324.000000
2256.000000
2296.000000
2242.000000
2290.000000
2260.000000
2244.000000
2260.000000
2242.000000
2296.000000
2298.000000
2246.000000
2262.000000
2328.000000
2272.000000
2244.000000
2286.000000
2240.000000
2286.000000
2302.000000
2246.000000
2256.000000
2240.000000
2266.000000
2240.000000
2248.000000
2290.000000
2256.000000
2250.000000
2258.000000
2282.000000
2298.000000
2250.000000
2248.000000
2284.000000
2302.000000
2258.000000
2256.000000
2276.000000
2252.000000
2252.000000
2250.000000
2284.000000
2262.000000
2262.000000
2240.000000
2246.000000
2260.000000
2246.000000
2262.000000
2294.000000
2266.000000
2244.000000
2240.000000
2284.000000
2298.000000
2258.000000
2250.000000
2298.000000
2264.000000
2254.000000
2292.000000
2284.000000
2242.000000
2298.000000
2264.000000
2274.000000
2246.000000
2240.000000
2248.000000
2242.000000
2308.000000
2250.000000
2240.000000
2240.000000
2256.000000
2298.000000
2292.000000
2240.000000
2250.000000
2322.000000
2296.000000
2300.000000
2300.000000
2240.000000
2258.000000
2290.000000
2240.000000
2254.000000
2302.000000
2294.000000
2330.000000
2256.000000
2278.000000
2242.000000
2322.000000
2240.000000
2182.000000
2242.000000
2336.000000
2322.000000
2256.000000
2240.000000
2252.000000
2254.000000
2256.000000
2284.000000
2298.000000
2252.000000
2246.000000
2286.000000
2252.000000
2362.000000
2278.000000
2300.000000
2248.000000
2280.000000
2294.000000
2278.000000
2410.000000
2354.000000
2246.000000
2216.000000
2312.000000
2354.000000
2244.000000
2258.000000
2362.000000
2276.000000
2242.000000
2224.000000
2240.000000
2248.000000
2294.000000
2224.000000
2244.000000
2292.000000
2248.000000
2242.000000
2278.000000
2322.000000
2240.000000
2234.000000
2250.000000
2242.000000
2244.000000
2298.000000
2258.000000
2294.000000
2260.000000
2284.000000
2296.000000
2254.000000
2252.000000
2288.000000
2256.000000
2300.000000
2246.000000
2244.000000
2298.000000
2248.000000
2240.000000
2228.000000
2256.000000
2302.000000
2244.000000
2266.000000
2300.000000
2242.000000
2240.000000
2222.000000
2242.000000
2262.000000
2256.000000
2216.000000
2286.000000
2300.000000
2302.000000
2206.000000
2286.000000
2252.000000
2302.000000
2294.000000
2270.000000
2240.000000
2300.000000
2278.000000
2248.000000
2298.000000
2300.000000
2288.000000
2278.000000
2250.000000
2252.000000
2248.000000
2364.000000
2246.000000
2288.000000
2186.000000
2292.000000
2260.000000
2292.000000
2284.000000
2266.000000
2292.000000
2240.000000
2288.000000
2306.000000
2244.000000
2290.000000
2286.000000
2296.000000
2240.000000
2294.000000
2210.000000
2258.000000
2248.000000
2298.000000
2204.000000
2296.000000
2260.000000
2294.000000
2196.000000
2298.000000
2262.000000
2306.000000
2290.000000
2300.000000
2278.000000
2256.000000
2262.000000
2242.000000
2248.000000
2280.000000
2278.000000
2262.000000
2242.000000
2242.000000
2272.000000
2246.000000
2314.000000
2242.000000
2280.000000
2264.000000
2258.000000
2218.000000
2286.000000
2276.000000
2246.000000
2288.000000
2276.000000
2246.000000
2244.000000
2226.000000
2278.000000
2240.000000
2252.000000
2240.000000
2272.000000
2244.000000
2288.000000
2224.000000
2296.000000
2244.000000
2228.000000
2252.000000
2272.000000
2284.000000
2246.000000
2300.000000
2290.000000
2254.000000
2242.000000
2288.000000
2300.000000
2300.000000
2300.000000
2288.000000
2226.000000
2256.000000
2312.000000
2194.000000
2290.000000
2258.000000
2252.000000
2244.000000
2270.000000
2252.000000
2246.000000
2240.000000
2276.000000
2292.000000
2246.000000
2266.000000
2272.000000
2250.000000
2258.000000
2286.000000
2278.000000
2248.000000
2244.000000
2294.000000
2300.000000
2244.000000
2280.000000
2248.000000
2292.000000
2252.000000
2280.000000
2302.000000
2300.000000
2240.000000
2240.000000
2260.000000
2208.000000
2294.000000
2240.000000
2300.000000
2226.000000
2252.000000
2280.000000
2228.000000
2224.000000
2240.000000
2292.000000
2280.000000
2188.000000
2254.000000
2248.000000
2262.000000
2194.000000
2294.000000
2240.000000
2298.000000
2208.000000
2280.000000
2244.000000
2274.000000
2278.000000
2300.000000
2224.000000
2240.000000
2220.000000
2234.000000
2292.000000
2206.000000
2274.000000
2242.000000
2240.000000
2248.000000
2192.000000
2226.000000
2276.000000
2300.000000
2180.000000
2264.000000
2228.000000
2276.000000
2210.000000
2250.000000
2290.000000
2286.000000
2206.000000
2220.000000
2208.000000
2288.000000
2276.000000
2244.000000
2232.000000
2232.000000
2196.000000
2296.000000
2220.000000
2226.000000
2200.000000
2290.000000
2288.000000
2278.000000
2200.000000
2300.000000
2286.000000
2230.000000
2188.000000
2290.000000
2294.000000
2280.000000
2208.000000
2288.000000
2254.000000
2282.000000
2220.000000
2254.000000
2292.000000
2282.000000
2204.000000
2218.000000
2294.000000
2260.000000
2210.000000
2292.000000
2288.000000
2292.000000
2202.000000
2290.000000
2290.000000
2248.000000
2198.000000
2286.000000
2240.000000
2288.000000
2274.000000
2250.000000
2242.000000
2290.000000
2208.000000
2252.000000
2280.000000
2300.000000
2192.000000
2276.000000
2296.000000
2266.000000
2206.000000
2294.000000
2298.000000
2184.000000
2194.000000
2296.000000
2296.000000
2228.000000
2196.000000
2300.000000
2276.000000
2236.000000
2238.000000
2214.000000
2204.000000
2210.000000
2232.000000
2210.000000
2288.000000
2272.000000
2198.000000
2208.000000
2210.000000
2200.000000
2196.000000
2200.000000
2282.000000
2218.000000
2188.000000
2206.000000
2220.000000
2278.000000
2190.000000
2266.000000
2212.000000
2222.000000
2206.000000
2178.000000
2230.000000
2190.000000
2214.000000
2288.000000
2262.000000
2212.000000
2182.000000
2218.000000
2268.000000
2214.000000
2186.000000
2222.000000
2228.000000
2294.000000
2236.000000
2208.000000
2216.000000
2180.000000
2176.000000
2274.000000
2246.000000
2200.000000
2178.000000
2272.000000
2238.000000
2220.000000
2214.000000
2228.000000
2234.000000
2300.000000
2182.000000
2286.000000
2278.000000
2218.000000
2190.000000
2236.000000
2220.000000
2234.000000
2178.000000
2182.000000
2230.000000
2222.000000
2196.000000
2224.000000
2198.000000
2216.000000
2202.000000
2226.000000
2212.000000
2214.000000
2178.000000
2276.000000
2224.000000
2216.000000
2206.000000
2290.000000
2298.000000
2286.000000
2192.000000
2280.000000
2176.000000
2206.000000
2214.000000
2234.000000
2226.000000
2232.000000
2202.000000
2218.000000
2210.000000
2278.000000
2194.000000
2220.000000
2234.000000
2230.000000
2180.000000
2224.000000
2216.000000
2272.000000
2192.000000
2216.000000
2230.000000
2210.000000
2192.000000
2194.000000
2294.000000
2206.000000
2202.000000
2282.000000
2288.000000
2222.000000
2194.000000
2286.000000
2284.000000
2300.000000
2196.000000
2178.000000
2294.000000
2282.000000
2188.000000
2220.000000
2292.000000
2202.000000
2192.000000
2244.000000
2282.000000
2282.000000
2192.000000
2216.000000
2286.000000
2296.000000
2184.000000
2216.000000
2298.000000
2244.000000
2202.000000
2298.000000
2416.000000
2302.000000
2178.000000
2192.000000
2288.000000
2296.000000
2204.000000
2228.000000
2194.000000
2300.000000
2198.000000
2196.000000
2232.000000
2280.000000
2206.000000
2212.000000
2284.000000
2294.000000
2196.000000
2220.000000
2218.000000
2286.000000
2194.000000
2254.000000
2224.000000
2296.000000
2186.000000
2224.000000
2236.000000
2208.000000
2202.000000
2204.000000
2206.000000
2278.000000
2190.000000
2298.000000
2228.000000
2188.000000
2220.000000
2232.000000
2212.000000
2242.000000
2214.000000
2298.000000
2288.000000
2268.000000
2188.000000
2232.000000
2206.000000
2264.000000
2180.000000
2184.000000
2226.000000
2296.000000
2206.000000
2202.000000
2220.000000
2300.000000
2194.000000
2210.000000
2262.000000
2226.000000
2238.000000
2266.000000
2220.000000
2208.000000
2196.000000
2220.000000
2294.000000
2284.000000
2212.000000
2242.000000
2250.000000
2238.000000
2200.000000
2218.000000
2274.000000
2266.000000
2192.000000
2274.000000
2282.000000
2282.000000
2238.000000
2198.000000
2220.000000
2302.000000
2236.000000
2200.000000
2294.000000
2218.000000
2180.000000
2270.000000
2208.000000
2298.000000
2192.000000
2218.000000
2222.000000
2280.000000
2210.000000
2218.000000
2264.000000
2282.000000
2188.000000
2196.000000
2282.000000
2240.000000
2230.000000
2208.000000
2296.000000
2296.000000
2230.000000
2212.000000
2300.000000
2290.000000
2132.000000
2202.000000
2278.000000
2342.000000
2188.000000
2198.000000
2210.000000
2222.000000
2202.000000
2212.000000
2220.000000
2222.000000
2236.000000
2206.000000
2218.000000
2280.000000
2204.000000
2234.000000
2228.000000
2220.000000
2178.000000
2210.000000
2198.000000
2208.000000
2198.000000
2274.000000
2290.000000
2222.000000
2176.000000
2222.000000
2274.000000
2194.000000
2234.000000
2216.000000
2226.000000
2224.000000
2198.000000
2230.000000
2182.000000
2218.000000
2288.000000
2126.000000
2232.000000
2238.000000
2178.000000
2206.000000
2212.000000
2186.000000
2206.000000
2278.000000
2144.000000
2220.000000
2182.000000
2230.000000
2198.000000
2202.000000
2160.000000
2198.000000
2216.000000
2238.000000
2168.000000
2112.000000
2202.000000
2206.000000
2146.000000
2116.000000
2200.000000
2206.000000
2164.000000
2132.000000
2116.000000
2176.000000
2180.000000
2210.000000
2210.000000
2206.000000
2226.000000
2182.000000
2144.000000
2188.000000
2154.000000
2184.000000
2134.000000
2236.000000
2168.000000
2194.000000
2176.000000
2154.000000
2144.000000
2180.000000
2142.000000
2172.000000
2160.000000
2212.000000
2238.000000
2116.000000
2166.000000
2190.000000
2122.000000
2192.000000
2140.000000
2176.000000
2126.000000
2172.000000
2158.000000
2164.000000
2170.000000
2116.000000
2146.000000
2114.000000
2120.000000
2114.000000
2156.000000
2232.000000
2166.000000
2126.000000
2136.000000
2168.000000
2114.000000
2128.000000
2160.000000
2174.000000
2114.000000
2164.000000
2152.000000
2116.000000
2198.000000
2162.000000
2130.000000
2172.000000
2122.000000
2112.000000
2118.000000
2168.000000
2134.000000
2176.000000
2130.000000
2140.000000
2158.000000
2166.000000
2146.000000
2162.000000
2166.000000
2150.000000
2152.000000
2228.000000
2160.000000
2120.000000
2142.000000
2172.000000
2172.000000
2112.000000
2138.000000
2182.000000
2168.000000
2168.000000
2156.000000
2238.000000
2160.000000
2238.000000
2152.000000
2118.000000
2158.000000
2158.000000
2158.000000
2116.000000
2158.000000
2138.000000
2134.000000
2150.000000
2196.000000
2130.000000
2140.000000
2218.000000
2166.000000
2140.000000
2134.000000
2228.000000
2170.000000
2168.000000
2166.000000
2238.000000
2164.000000
2158.000000
2166.000000
2176.000000
2230.000000
2118.000000
2156.000000
2160.000000
2162.000000
2168.000000
2148.000000
2160.000000
2174.000000
2156.000000
2162.000000
2158.000000
2172.000000
2112.000000
2150.000000
2112.000000
2230.000000
2158.000000
2138.000000
2162.000000
2114.000000
2118.000000
2170.000000
2158.000000
2172.000000
2168.000000
2148.000000
2236.000000
2164.000000
2112.000000
2144.000000
2174.000000
2150.000000
2170.000000
2136.000000
2174.000000
2150.000000
2164.000000
2148.000000
2238.000000
2154.000000
2168.000000
2140.000000
2218.000000
2166.000000
2158.000000
2140.000000
2166.000000
2168.000000
2158.000000
2140.000000
2164.000000
2164.000000
2146.000000
2146.000000
2114.000000
2154.000000
2168.000000
2130.000000
2170.000000
2172.000000
2166.000000
2138.000000
2156.000000
2166.000000
2166.000000
2150.000000
2116.000000
2166.000000
2172.000000
2150.000000
2116.000000
2160.000000
2162.000000
2146.000000
2170.000000
2150.000000
2166.000000
2138.000000
2158.000000
2164.000000
2170.000000
2124.000000
2172.000000
2114.000000
2172.000000
2132.000000
2112.000000
2192.000000
2228.000000
2080.000000
2162.000000
2230.000000
2180.000000
2080.000000
2172.000000
2234.000000
2232.000000
2172.000000
2112.000000
2174.000000
2238.000000
2144.000000
2174.000000
2176.000000
2180.000000
2166.000000
2112.000000
2134.000000
2120.000000
2152.000000
2184.000000
2170.000000
2238.000000
2146.000000
2234.000000
2132.000000
2200.000000
2146.000000
2194.000000
2172.000000
2164.000000
2166.000000
2178.000000
2194.000000
2132.000000
2144.000000
2234.000000
2188.000000
2232.000000
2154.000000
2200.000000
2200.000000
2112.000000
2156.000000
2130.000000
2198.000000
2230.000000
2172.000000
2126.000000
2186.000000
2236.000000
2142.000000
2170.000000
2236.000000
2126.000000
2112.000000
2236.000000
2170.000000
2112.000000
2146.000000
2186.000000
2190.000000
2158.000000
2150.000000
2114.000000
2188.000000
2144.000000
2134.000000
2174.000000
2232.000000
2172.000000
2140.000000
2150.000000
2172.000000
2112.000000
2130.000000
2174.000000
2114.000000
2162.000000
2146.000000
2152.000000
2164.000000
2172.000000
2120.000000
2174.000000
2168.000000
2170.000000
2148.000000
2172.000000
2170.000000
2152.000000
2136.000000
2170.000000
2168.000000
2150.000000
2120.000000
2154.000000
2166.000000
2168.000000
2128.000000
2212.000000
2166.000000
2150.000000
2064.000000
2112.000000
2156.000000
2154.000000
2084.000000
2156.000000
2126.000000
2154.000000
2124.000000
2160.000000
2158.000000
2154.000000
2140.000000
2144.000000
2086.000000
2146.000000
2120.000000
2146.000000
2102.000000
2142.000000
2154.000000
2116.000000
2078.000000
2142.000000
2110.000000
2136.000000
2068.000000
2158.000000
2140.000000
2156.000000
2146.000000
2160.000000
2058.000000
2166.000000
2160.000000
2162.000000
2060.000000
2156.000000
2130.000000
2126.000000
2054.000000
2148.000000
2168.000000
2148.000000
2124.000000
2154.000000
2112.000000
2146.000000
2068.000000
2116.000000
2164.000000
2164.000000
2052.000000
2086.000000
2112.000000
2190.000000
2264.000000
2300.000000
2216.000000
2192.000000
2186.000000
2288.000000
2228.000000
2198.000000
2190.000000
2220.000000
2200.000000
2192.000000
2190.000000
2208.000000
2208.000000
2208.000000
2200.000000
2230.000000
2206.000000
2212.000000
2238.000000
2198.000000
2216.000000
2286.000000
2206.000000
2218.000000
2194.000000
2220.000000
2162.000000
2202.000000
2224.000000
2212.000000
2178.000000
2282.000000
2200.000000
2194.000000
2188.000000
2216.000000
2218.000000
2206.000000
2192.000000
2214.000000
2258.000000
2216.000000
2186.000000
2268.000000
2288.000000
2214.000000
2188.000000
2220.000000
2298.000000
2300.000000
2184.000000
2222.000000
2294.000000
2288.000000
2208.000000
2228.000000
2278.000000
2286.000000
2216.000000
2240.000000
2216.000000
2282.000000
2228.000000
2246.000000
2210.000000
2298.000000
2198.000000
2216.000000
2284.000000
2242.000000
2188.000000
2294.000000
2244.000000
2224.000000
2198.000000
2302.000000
2246.000000
2272.000000
2212.000000
2256.000000
2290.000000
2284.000000
2202.000000
2232.000000
2274.000000
2230.000000
2178.000000
2224.000000
2276.000000
2216.000000
2198.000000
2238.000000
2206.000000
2226.000000
2188.000000
2220.000000
2292.000000
2208.000000
2200.000000
2298.000000
2210.000000
2214.000000
2200.000000
2224.000000
2204.000000
2212.000000
2196.000000
2200.000000
2230.000000
2352.000000
2178.000000
2224.000000
2302.000000
2228.000000
2180.000000
2210.000000
2186.000000
2150.000000
2176.000000
2260.000000
2214.000000
2196.000000
2132.000000
2294.000000
2258.000000
2296.000000
2210.000000
2268.000000
2340.000000
2296.000000
2192.000000
2276.000000
2294.000000
2296.000000
2184.000000
2276.000000
2274.000000
2260.000000
2180.000000
2198.000000
2226.000000
2300.000000
2178.000000
2260.000000
2240.000000
2296.000000
2200.000000
2284.000000
2286.000000
2240.000000
2188.000000
2188.000000
2264.000000
2244.000000
2200.000000
2196.000000
2208.000000
2300.000000
2202.000000
2300.000000
2210.000000
2268.000000
2200.000000
2200.000000
2230.000000
2216.000000
2206.000000
2302.000000
2226.000000
2224.000000
2196.000000
2214.000000
2214.000000
2222.000000
2238.000000
2206.000000
2222.000000
2290.000000
2184.000000
2210.000000
2226.000000
2216.000000
2198.000000
2216.000000
2204.000000
2262.000000
2120.000000
2228.000000
2194.000000
2220.000000
2184.000000
2218.000000
2206.000000
2230.000000
2236.000000
2212.000000
2208.000000
2302.000000
2190.000000
2262.000000
2214.000000
2214.000000
2214.000000
2216.000000
2198.000000
2218.000000
2210.000000
2240.000000
2208.000000
2212.000000
2194.000000
2294.000000
2212.000000
2216.000000
2188.000000
2290.000000
2222.000000
2234.000000
2216.000000
2282.000000
2282.000000
2210.000000
2198.000000
2224.000000
2258.000000
2286.000000
2196.000000
2206.000000
2206.000000
2208.000000
2194.000000
2274.000000
2214.000000
2222.000000
2190.000000
2228.000000
2276.000000
2214.000000
2186.000000
2270.000000
2224.000000
2216.000000
2238.000000
2214.000000
2202.000000
2212.000000
2190.000000
2204.000000
2188.000000
2208.000000
2178.000000
2206.000000
2210.000000
2218.000000
2238.000000
2196.000000
2200.000000
2218.000000
2198.000000
2208.000000
2194.000000
2216.000000
2194.000000
2260.000000
2182.000000
2220.000000
2168.000000
2192.000000
2208.000000
2226.000000
2232.000000
2196.000000
2142.000000
2216.000000
2170.000000
2208.000000
2198.000000
2204.000000
2112.000000
2202.000000
2208.000000
2200.000000
2206.000000
2216.000000
2274.000000
2288.000000
2194.000000
2204.000000
2278.000000
2220.000000
2216.000000
2286.000000
2212.000000
2208.000000
2206.000000
2284.000000
2282.000000
2278.000000
2262.000000
2250.000000
2300.000000
2286.000000
2288.000000
2246.000000
2294.000000
2240.000000
2204.000000
2296.000000
2234.000000
2296.000000
2190.000000
2278.000000
2282.000000
2282.000000
2194.000000
2288.000000
2298.000000
2250.000000
2202.000000
2300.000000
2240.000000
2222.000000
2266.000000
2296.000000
2290.000000
2292.000000
2186.000000
2296.000000
2294.000000
2286.000000
2196.000000
2288.000000
2300.000000
2274.000000
2206.000000
2284.000000
2218.000000
2280.000000
2196.000000
2290.000000
2246.000000
2284.000000
2196.000000
2270.000000
2294.000000
2216.000000
2198.000000
2302.000000
2236.000000
2206.000000
2198.000000
2298.000000
2228.000000
2202.000000
2182.000000
2234.000000
2292.000000
2226.000000
2198.000000
2280.000000
2246.000000
2220.000000
2198.000000
2286.000000
2286.000000
2224.000000
2202.000000
2212.000000
2224.000000
2280.000000
2188.000000
2214.000000
2230.000000
2216.000000
2190.000000
2214.000000
2296.000000
2230.000000
2202.000000
2284.000000
2224.000000
2276.000000
2194.000000
2226.000000
2278.000000
2208.000000
2198.000000
2228.000000
2212.000000
2218.000000
2180.000000
2212.000000
2216.000000
2210.000000
2204.000000
2278.000000
2226.000000
2224.000000
2188.000000
2284.000000
2210.000000
2198.000000
2192.000000
2214.000000
2204.000000
2210.000000
2188.000000
2286.000000
2218.000000
2210.000000
2196.000000
2290.000000
2222.000000
2226.000000
2198.000000
2272.000000
2196.000000
2218.000000
2188.000000
2292.000000
2190.000000
2222.000000
2194.000000
2278.000000
2202.000000
2222.000000
2196.000000
2206.000000
2214.000000
2208.000000
2182.000000
2224.000000
2206.000000
2196.000000
2192.000000
2206.000000
2220.000000
2182.000000
2188.000000
2196.000000
2214.000000
2212.000000
2236.000000
2204.000000
2210.000000
2212.000000
2176.000000
2202.000000
2210.000000
2204.000000
2190.000000
2228.000000
2284.000000
2212.000000
2192.000000
2208.000000
2212.000000
2210.000000
2192.000000
2218.000000
2270.000000
2202.000000
2202.000000
2230.000000
2272.000000
2286.000000
2192.000000
2288.000000
2204.000000
2208.000000
2192.000000
2268.000000
2224.000000
2222.000000
2198.000000
2216.000000
2212.000000
2200.000000
2194.000000
2228.000000
2196.000000
2294.000000
2186.000000
2274.000000
2282.000000
2278.000000
2184.000000
2220.000000
2212.000000
2266.000000
2202.000000
2286.000000
2212.000000
2288.000000
2196.000000
2284.000000
2212.000000
2202.000000
2192.000000
2216.000000
2218.000000
2198.000000
2190.000000
2280.000000
2276.000000
2226.000000
2184.000000
2282.000000
2210.000000
2212.000000
2194.000000
2210.000000
2278.000000
2204.000000
2200.000000
2210.000000
2192.000000
2216.000000
2186.000000
2220.000000
2220.000000
2216.000000
2200.000000
2224.000000
2218.000000
2218.000000
2238.000000
2214.000000
2222.000000
2286.000000
2190.000000
2290.000000
2208.000000
2200.000000
2202.000000
2204.000000
2204.000000
2210.000000
2198.000000
2284.000000
2218.000000
2206.000000
2178.000000
2280.000000
2210.000000
2210.000000
2234.000000
2204.000000
2216.000000
2206.000000
2192.000000
2208.000000
2228.000000
2220.000000
2198.000000
2198.000000
2262.000000
2300.000000
2178.000000
2218.000000
2216.000000
2212.000000
2194.000000
2218.000000
2200.000000
2220.000000
2202.000000
2204.000000
2206.000000
2274.000000
2176.000000
2218.000000
2214.000000
2284.000000
2188.000000
2214.000000
2222.000000
2216.000000
2184.000000
2214.000000
2276.000000
2216.000000
2194.000000
2212.000000
2280.000000
2234.000000
2210.000000
2282.000000
2208.000000
2290.000000
2196.000000
2296.000000
2300.000000
2278.000000
2192.000000
2212.000000
2302.000000
2288.000000
2196.000000
2204.000000
2224.000000
2236.000000
2204.000000
2266.000000
2266.000000
2226.000000
2252.000000
2300.000000
2278.000000
2214.000000
2212.000000
2204.000000
2192.000000
2258.000000
2200.000000
2294.000000
2208.000000
2296.000000
2194.000000
2284.000000
2280.000000
2296.000000
2190.000000
2256.000000
2292.000000
2296.000000
2192.000000
2210.000000
2226.000000
2212.000000
2208.000000
2220.000000
2274.000000
2238.000000
2182.000000
2288.000000
2276.000000
2212.000000
2190.000000
2208.000000
2224.000000
2300.000000
2200.000000
2210.000000
2280.000000
2184.000000
2202.000000
2222.000000
2266.000000
2214.000000
2186.000000
2204.000000
2204.000000
2286.000000
2236.000000
2290.000000
2284.000000
2212.000000
2180.000000
2272.000000
2228.000000
2276.000000
2188.000000
2284.000000
2274.000000
2228.000000
2194.000000
2228.000000
2266.000000
2302.000000
2192.000000
2288.000000
2236.000000
2294.000000
2186.000000
2222.000000
2206.000000
2208.000000
2192.000000
2224.000000
2232.000000
2224.000000
2218.000000
2214.000000
2198.000000
2216.000000
2230.000000
2184.000000
2216.000000
2282.000000
2184.000000
2226.000000
2222.000000
2206.000000
2180.000000
2216.000000
2222.000000
2212.000000
2186.000000
2208.000000
2212.000000
2218.000000
2134.000000
2220.000000
2192.000000
2230.000000
2190.000000
2212.000000
2202.000000
2214.000000
2176.000000
2208.000000
2210.000000
2272.000000
2250.000000
2320.000000
2294.000000
2208.000000
2204.000000
2292.000000
2210.000000
2214.000000
2186.000000
2222.000000
2222.000000
2198.000000
2200.000000
2220.000000
2196.000000
2222.000000
2212.000000
2290.000000
2288.000000
2242.000000
2196.000000
2278.000000
2288.000000
2292.000000
2198.000000
2236.000000
2284.000000
2300.000000
2204.000000
2214.000000
2286.000000
2282.000000
2212.000000
2302.000000
2288.000000
2288.000000
2178.000000
2278.000000
2302.000000
2294.000000
2260.000000
2298.000000
2302.000000
2232.000000
2198.000000
2230.000000
2180.000000
2300.000000
2208.000000
2292.000000
2282.000000
2216.000000
2260.000000
2302.000000
2282.000000
2220.000000
2212.000000
2282.000000
2288.000000
2228.000000
2182.000000
2236.000000
2250.000000
2272.000000
2208.000000
2250.000000
2266.000000
2236.000000
2212.000000
2218.000000
2206.000000
2214.000000
2186.000000
2214.000000
2176.000000
2234.000000
2194.000000
2278.000000
2222.000000
2274.000000
2182.000000
2204.000000
2214.000000
2180.000000
2196.000000
2238.000000
2222.000000
2290.000000
2192.000000
2222.000000
2298.000000
2292.000000
2202.000000
2220.000000
2226.000000
2276.000000
2234.000000
2280.000000
2218.000000
2278.000000
2178.000000
2214.000000
2242.000000
2292.000000
2184.000000
2242.000000
2296.000000
2236.000000
2184.000000
2294.000000
2298.000000
2216.000000
2198.000000
2238.000000
2258.000000
2266.000000
2194.000000
2234.000000
2276.000000
2232.000000
2200.000000
2208.000000
2280.000000
2222.000000
2220.000000
2234.000000
2270.000000
2230.000000
2196.000000
2228.000000
2298.000000
2262.000000
2196.000000
2284.000000
2218.000000
2270.000000
2188.000000
2280.000000
2294.000000
2268.000000
2186.000000
2276.000000
2302.000000
2222.000000
2204.000000
2274.000000
2222.000000
2278.000000
2196.000000
2222.000000
2210.000000
2238.000000
2182.000000
2294.000000
2214.000000
2232.000000
2210.000000
2292.000000
2238.000000
2218.000000
2196.000000
2302.000000
2268.000000
2220.000000
2198.000000
2278.000000
2280.000000
2214.000000
2212.000000
2278.000000
2286.000000
2300.000000
2194.000000
2284.000000
2286.000000
2244.000000
2192.000000
2214.000000
2276.000000
2292.000000
2202.000000
2276.000000
2216.000000
2286.000000
2200.000000
2286.000000
2296.000000
2302.000000
2214.000000
2290.000000
2240.000000
2278.000000
2218.000000
2274.000000
2210.000000
2214.000000
2206.000000
2292.000000
2286.000000
2212.000000
2224.000000
2274.000000
2250.000000
2282.000000
2178.000000
2214.000000
2294.000000
2292.000000
2198.000000
2300.000000
2276.000000
2222.000000
2202.000000
2284.000000
2300.000000
2296.000000
2192.000000
2302.000000
2300.000000
2292.000000
2212.000000
2240.000000
2240.000000
2252.000000
2194.000000
2256.000000
2300.000000
2240.000000
2186.000000
2296.000000
2224.000000
2280.000000
2210.000000
2284.000000
2226.000000
2300.000000
2266.000000
2298.000000
2232.000000
2232.000000
2206.000000
2288.000000
2284.000000
2282.000000
2196.000000
2294.000000
2284.000000
2292.000000
2202.000000
2300.000000
2290.000000
2300.000000
2210.000000
2236.000000
2228.000000
2220.000000
2262.000000
2300.000000
2212.000000
2302.000000
2212.000000
2280.000000
2222.000000
2292.000000
2214.000000
2282.000000
2284.000000
2286.000000
2204.000000
2284.000000
2240.000000
2300.000000
2208.000000
2236.000000
2294.000000
2248.000000
2210.000000
2240.000000
2230.000000
2300.000000
2206.000000
2294.000000
2228.000000
2298.000000
2200.000000
2294.000000
2282.000000
2224.000000
2186.000000
2242.000000
2300.000000
2286.000000
2200.000000
2176.000000
2290.000000
2218.000000
2210.000000
2290.000000
2280.000000
2300.000000
2212.000000
2296.000000
2234.000000
2286.000000
2202.000000
2286.000000
2220.000000
2242.000000
2196.000000
2218.000000
2294.000000
2296.000000
2198.000000
2228.000000
2268.000000
2242.000000
2276.000000
2290.000000
2204.000000
2290.000000
2288.000000
2250.000000
2242.000000
2266.000000
2204.000000
2244.000000
2300.000000
2290.000000
2272.000000
2300.000000
2256.000000
2266.000000
2292.000000
2242.000000
2250.000000
2242.000000
2270.000000
2246.000000
2248.000000
2252.000000
2286.000000
2252.000000
2250.000000
2294.000000
2268.000000
2246.000000
2256.000000
2250.000000
2206.000000
2242.000000
2320.000000
2320.000000
2288.000000
2244.000000
2298.000000
2300.000000
2286.000000
2240.000000
2298.000000
2242.000000
2278.000000
2250.000000
2242.000000
2302.000000
2282.000000
2252.000000
2244.000000
2250.000000
2210.000000
2294.000000
2288.000000
2300.000000
2214.000000
2296.000000
2256.000000
2248.000000
2282.000000
2244.000000
2300.000000
2250.000000
2274.000000
2294.000000
2262.000000
2300.000000
2284.000000
2244.000000
2240.000000
2296.000000
2212.000000
2242.000000
2294.000000
2294.000000
2266.000000
2286.000000
2294.000000
2268.000000
2204.000000
2222.000000
2276.000000
2288.000000
2204.000000
2276.000000
2206.000000
2300.000000
2186.000000
2210.000000
2282.000000
2204.000000
2190.000000
2220.000000
2276.000000
2224.000000
2204.000000
2218.000000
2276.000000
2280.000000
2194.000000
2214.000000
2282.000000
2206.000000
2190.000000
2224.000000
2234.000000
2232.000000
2190.000000
2224.000000
2290.000000
2278.000000
2192.000000
2216.000000
2226.000000
2282.000000
2192.000000
2286.000000
2214.000000
2206.000000
2204.000000
2226.000000
2206.000000
2226.000000
2178.000000
2206.000000
2288.000000
2208.000000
2194.000000
2208.000000
2218.000000
2176.000000
2258.000000
2216.000000
2284.000000
2204.000000
2208.000000
2294.000000
2290.000000
2292.000000
2182.000000
2190.000000
2224.000000
2262.000000
2198.000000
2288.000000
2266.000000
2270.000000
2180.000000
2196.000000
2210.000000
2216.000000
2190.000000
2296.000000
2216.000000
2282.000000
2196.000000
2226.000000
2292.000000
2210.000000
2188.000000
2214.000000
2302.000000
2222.000000
2194.000000
2222.000000
2278.000000
2220.000000
2204.000000
2210.000000
2228.000000
2270.000000
2192.000000
2272.000000
2180.000000
2256.000000
2184.000000
2282.000000
2232.000000
2222.000000
2198.000000
2228.000000
2268.000000
2284.000000
2210.000000
2214.000000
2204.000000
2286.000000
2182.000000
2206.000000
2218.000000
2218.000000
2236.000000
2192.000000
2204.000000
2292.000000
2188.000000
2190.000000
2208.000000
2198.000000
2192.000000
2216.000000
2278.000000
2280.000000
2128.000000
2200.000000
2218.000000
2282.000000
2182.000000
2214.000000
2220.000000
2278.000000
2194.000000
2280.000000
2270.000000
2272.000000
2202.000000
2236.000000
2284.000000
2218.000000
2198.000000
2206.000000
2298.000000
2296.000000
2208.000000
2276.000000
2220.000000
2230.000000
2198.000000
2294.000000
2196.000000
2202.000000
2196.000000
2292.000000
2296.000000
2234.000000
2236.000000
2274.000000
2214.000000
2216.000000
2214.000000
2298.000000
2262.000000
2218.000000
2270.000000
2292.000000
2228.000000
2186.000000
2212.000000
2296.000000
2224.000000
2282.000000
2202.000000
2294.000000
2244.000000
2270.000000
2208.000000
2246.000000
2292.000000
2298.000000
2202.000000
2232.000000
2210.000000
2226.000000
2206.000000
2284.000000
2216.000000
2288.000000
2208.000000
2284.000000
2286.000000
2290.000000
2202.000000
2214.000000
2284.000000
2300.000000
2220.000000
2300.000000
2220.000000
2232.000000
2200.000000
2284.000000
2242.000000
2286.000000
2220.000000
2184.000000
2274.000000
2286.000000
2212.000000
2214.000000
2218.000000
2292.000000
2202.000000
2232.000000
2240.000000
2298.000000
2228.000000
2292.000000
2232.000000
2246.000000
2194.000000
2216.000000
2214.000000
2300.000000
2198.000000
2194.000000
2228.000000
2292.000000
2198.000000
2206.000000
2218.000000
2246.000000
2192.000000
2300.000000
2294.000000
2246.000000
2190.000000
2208.000000
2232.000000
2294.000000
2192.000000
2272.000000
2208.000000
2268.000000
2196.000000
2282.000000
2214.000000
2238.000000
2194.000000
2214.000000
2220.000000
2292.000000
2182.000000
2202.000000
2302.000000
2220.000000
2194.000000
2284.000000
2278.000000
2292.000000
2194.000000
2300.000000
2200.000000
2214.000000
2264.000000
2276.000000
2176.000000
2264.000000
2214.000000
2248.000000
2290.000000
2284.000000
2210.000000
2288.000000
2220.000000
2292.000000
2196.000000
2286.000000
2282.000000
2224.000000
2202.000000
2220.000000
2300.000000
2236.000000
2202.000000
2294.000000
2230.000000
2274.000000
2200.000000
2246.000000
2270.000000
2292.000000
2206.000000
2300.000000
2212.000000
2290.000000
2180.000000
2242.000000
2292.000000
2280.000000
2198.000000
2296.000000
2228.000000
2226.000000
2206.000000
2222.000000
2228.000000
2238.000000
2194.000000
2226.000000
2290.000000
2216.000000
2192.000000
2220.000000
2220.000000
2282.000000
2200.000000
2220.000000
2220.000000
2278.000000
2210.000000
2242.000000
2212.000000
2210.000000
2194.000000
2218.000000
2232.000000
2286.000000
2182.000000
2280.000000
2282.000000
2276.000000
2206.000000
2300.000000
2292.000000
2224.000000
2216.000000
2240.000000
2270.000000
2278.000000
2202.000000
2278.000000
2264.000000
2280.000000
2182.000000
2216.000000
2210.000000
2218.000000
2184.000000
2284.000000
2206.000000
2282.000000
2208.000000
2228.000000
2284.000000
2270.000000
2210.000000
2236.000000
2210.000000
2300.000000
2202.000000
2218.000000
2202.000000
2284.000000
2188.000000
2270.000000
2290.000000
2288.000000
2178.000000
2296.000000
2232.000000
2218.000000
2184.000000
2268.000000
2216.000000
2288.000000
2190.000000
2218.000000
2290.000000
2282.000000
2186.000000
2276.000000
2270.000000
2232.000000
2182.000000
2264.000000
2204.000000
2208.000000
2206.000000
2292.000000
2282.000000
2204.000000
2202.000000
2288.000000
2296.000000
2196.000000
2224.000000
2178.000000
2266.000000
2216.000000
2176.000000
2236.000000
2276.000000
2214.000000
2188.000000
2216.000000
2294.000000
2278.000000
2238.000000
2260.000000
2292.000000
2206.000000
2186.000000
2218.000000
2290.000000
2282.000000
2196.000000
2236.000000
2282.000000
2212.000000
2204.000000
2242.000000
2282.000000
2200.000000
2188.000000
2282.000000
2292.000000
2212.000000
2204.000000
2296.000000
2290.000000
2226.000000
2198.000000
2282.000000
2272.000000
2272.000000
2238.000000
2298.000000
2292.000000
2212.000000
2270.000000
2292.000000
2226.000000
2202.000000
2224.000000
2242.000000
2208.000000
2214.000000
2198.000000
2292.000000
2208.000000
2224.000000
2196.000000
2232.000000
2298.000000
2220.000000
2190.000000
2300.000000
2222.000000
2232.000000
2256.000000
2284.000000
2210.000000
2224.000000
2226.000000
2294.000000
2200.000000
2222.000000
2276.000000
2300.000000
2210.000000
2220.000000
2194.000000
2286.000000
2230.000000
2220.000000
2202.000000
2224.000000
2216.000000
2228.000000
2190.000000
2290.000000
2212.000000
2264.000000
2204.000000
2236.000000
2192.000000
2232.000000
2194.000000
2290.000000
2284.000000
2228.000000
2236.000000
2208.000000
2232.000000
2268.000000
2182.000000
2224.000000
2282.000000
2258.000000
2208.000000
2288.000000
2196.000000
2216.000000
2196.000000
2220.000000
2198.000000
2206.000000
2266.000000
2294.000000
2206.000000
2188.000000
2218.000000
2240.000000
2220.000000
2208.000000
2202.000000
2274.000000
2180.000000
2216.000000
2192.000000
2270.000000
2214.000000
2216.000000
2194.000000
2212.000000
2224.000000
2208.000000
2194.000000
2282.000000
2206.000000
2206.000000
2202.000000
2282.000000
2208.000000
2210.000000
2192.000000
2268.000000
2210.000000
2204.000000
2198.000000
2210.000000
2208.000000
2218.000000
2200.000000
2206.000000
2278.000000
2218.000000
2194.000000
2290.000000
2236.000000
2204.000000
2190.000000
2286.000000
2220.000000
2220.000000
2190.000000
2292.000000
2282.000000
2212.000000
2178.000000
2210.000000
2226.000000
2294.000000
2178.000000
2204.000000
2216.000000
2214.000000
2176.000000
2208.000000
2284.000000
2238.000000
2194.000000
2192.000000
2220.000000
2218.000000
2184.000000
2216.000000
2212.000000
2214.000000
2202.000000
2210.000000
2198.000000
2220.000000
2198.000000
2208.000000
2176.000000
2210.000000
2188.000000
2188.000000
2176.000000
2234.000000
2224.000000
2212.000000
2212.000000
2198.000000
2230.000000
2190.000000
2212.000000
2274.000000
2226.000000
2214.000000
2194.000000
2276.000000
2192.000000
2186.000000
2218.000000
2198.000000
2176.000000
2206.000000
2204.000000
2196.000000
2182.000000
2208.000000
2206.000000
2286.000000
2184.000000
2188.000000
2214.000000
2214.000000
2184.000000
2198.000000
2212.000000
2208.000000
2182.000000
2192.000000
2204.000000
2202.000000
2128.000000
2190.000000
2192.000000
2216.000000
2166.000000
2208.000000
2194.000000
2202.000000
2236.000000
2206.000000
2200.000000
2200.000000
2184.000000
2182.000000
2130.000000
2194.000000
2180.000000
2198.000000
2186.000000
2180.000000
2182.000000
2194.000000
2128.000000
2200.000000
2116.000000
2190.000000
2216.000000
2200.000000
2224.000000
2194.000000
2186.000000
2200.000000
2114.000000
2188.000000
2210.000000
2222.000000
2222.000000
2198.000000
2190.000000
2204.000000
2164.000000
2202.000000
2292.000000
2214.000000
2226.000000
2190.000000
2204.000000
2220.000000
2176.000000
2196.000000
2230.000000
2192.000000
2190.000000
2216.000000
2206.000000
2230.000000
2200.000000
2228.000000
2216.000000
2190.000000
2124.000000
2216.000000
2198.000000
2208.000000
2170.000000
2208.000000
2206.000000
2278.000000
2230.000000
2188.000000
2216.000000
2208.000000
2176.000000
2214.000000
2222.000000
2200.000000
2196.000000
2224.000000
2200.000000
2206.000000
2228.000000
2182.000000
2214.000000
2278.000000
2228.000000
2200.000000
2206.000000
2200.000000
2236.000000
2212.000000
2216.000000
2216.000000
2236.000000
2192.000000
2210.000000
2208.000000
2190.000000
2208.000000
2214.000000
2212.000000
2200.000000
2228.000000
2188.000000
2204.000000
2176.000000
2230.000000
2196.000000
2206.000000
2192.000000
2228.000000
2210.000000
2204.000000
2188.000000
2206.000000
2206.000000
2214.000000
2198.000000
2206.000000
2200.000000
2198.000000
2198.000000
2198.000000
2208.000000
2194.000000
2232.000000
2200.000000
2202.000000
2178.000000
2124.000000
2212.000000
2198.000000
2210.000000
2184.000000
2206.000000
2194.000000
2210.000000
2168.000000
2194.000000
2192.000000
2214.000000
2156.000000
2184.000000
2134.000000
2194.000000
2184.000000
2236.000000
2226.000000
2202.000000
2236.000000
2220.000000
2186.000000
2204.000000
2134.000000
2226.000000
2166.000000
2238.000000
2112.000000
2184.000000
2138.000000
2126.000000
2174.000000
2220.000000
2230.000000
2194.000000
2150.000000
2180.000000
2210.000000
2168.000000
2152.000000
2114.000000
2120.000000
2118.000000
2156.000000
2174.000000
2224.000000
2192.000000
2134.000000
2174.000000
2112.000000
2194.000000
2150.000000
2164.000000
2186.000000
2124.000000
2166.000000
2214.000000
2122.000000
2168.000000
2154.000000
2188.000000
2180.000000
2114.000000
2146.000000
2118.000000
2114.000000
2116.000000
2156.000000
2178.000000
2132.000000
2238.000000
2168.000000
2234.000000
2230.000000
2114.000000
2134.000000
2126.000000
2172.000000
2130.000000
2144.000000
2238.000000
2130.000000
2236.000000
2120.000000
2172.000000
2176.000000
2120.000000
2152.000000
2232.000000
2190.000000
2156.000000
2156.000000
2236.000000
2160.000000
2118.000000
2150.000000
2156.000000
2144.000000
2172.000000
2148.000000
2134.000000
2160.000000
2180.000000
2146.000000
2172.000000
2122.000000
2136.000000
2070.000000
2156.000000
2162.000000
2160.000000
2068.000000
2152.000000
2112.000000
2148.000000
2068.000000
2162.000000
2142.000000
2154.000000
2106.000000
2140.000000
2152.000000
2112.000000
2050.000000
2114.000000
2164.000000
2174.000000
2062.000000
2166.000000
2130.000000
2138.000000
2122.000000
2144.000000
2072.000000
2154.000000
2068.000000
2146.000000
2142.000000
2112.000000
2132.000000
2160.000000
2140.000000
2140.000000
2146.000000
2166.000000
2088.000000
2170.000000
2128.000000
2150.000000
2146.000000
2146.000000
2072.000000
2138.000000
2088.000000
2170.000000
2058.000000
2144.000000
2168.000000
2164.000000
2066.000000
2156.000000
2172.000000
2166.000000
2132.000000
2166.000000
2148.000000
2114.000000
2124.000000
2114.000000
2152.000000
2156.000000
2130.000000
2148.000000
2172.000000
2234.000000
2156.000000
2112.000000
1954.000000
2164.000000
2204.000000
2214.000000
2136.000000
2164.000000
2166.000000
2210.000000
2162.000000
2162.000000
2230.000000
2184.000000
2162.000000
2158.000000
2162.000000
2194.000000
2222.000000
2158.000000
2162.000000
2184.000000
2186.000000
2162.000000
2148.000000
2204.000000
2180.000000
2116.000000
2140.000000
2152.000000
2122.000000
2224.000000
2140.000000
2124.000000
2236.000000
2118.000000
2170.000000
2178.000000
2226.000000
2126.000000
2142.000000
2122.000000
2116.000000
2164.000000
2166.000000
2162.000000
2204.000000
2170.000000
2118.000000
2224.000000
2128.000000
2180.000000
2146.000000
2232.000000
2168.000000
2118.000000
2138.000000
2180.000000
2180.000000
2164.000000
2130.000000
2160.000000
2116.000000
2186.000000
2076.000000
2154.000000
2236.000000
2166.000000
2144.000000
2112.000000
2192.000000
2222.000000
2146.000000
2172.000000
2238.000000
2238.000000
2078.000000
2152.000000
2186.000000
2190.000000
2156.000000
2130.000000
2186.000000
2112.000000
2130.000000
2122.000000
2136.000000
2112.000000
2148.000000
2170.000000
2154.000000
2178.000000
2162.000000
2122.000000
2166.000000
2112.000000
2154.000000
2120.000000
2172.000000
2174.000000
2132.000000
2152.000000
2114.000000
2238.000000
2150.000000
2124.000000
2236.000000
2232.000000
2154.000000
2174.000000
2172.000000
2116.000000
2138.000000
2170.000000
2168.000000
2112.000000
2154.000000
2172.000000
2218.000000
2130.000000
2140.000000
2172.000000
2188.000000
2196.000000
2066.000000
2162.000000
2120.000000
2192.000000
2144.000000
2170.000000
2192.000000
2126.000000
2136.000000
2172.000000
2120.000000
2182.000000
2142.000000
2112.000000
2162.000000
2182.000000
2154.000000
2188.000000
2172.000000
2194.000000
2142.000000
2232.000000
2182.000000
2194.000000
2164.000000
2170.000000
2190.000000
2114.000000
2156.000000
2212.000000
2192.000000
2130.000000
2160.000000
2186.000000
2116.000000
2188.000000
2156.000000
2172.000000
2184.000000
2238.000000
2118.000000
2202.000000
2198.000000
2188.000000
2136.000000
2234.000000
2204.000000
2188.000000
2162.000000
2186.000000
2184.000000
2198.000000
2154.000000
2124.000000
2136.000000
2182.000000
2212.000000
2200.000000
2190.000000
2190.000000
2148.000000
2168.000000
2134.000000
2184.000000
2158.000000
2176.000000
2194.000000
2196.000000
2148.000000
2116.000000
2234.000000
2188.000000
2222.000000
2180.000000
2178.000000
2184.000000
2168.000000
2122.000000
2190.000000
2170.000000
2152.000000
2202.000000
2200.000000
2228.000000
2164.000000
2182.000000
2186.000000
2120.000000
2138.000000
2170.000000
2192.000000
2124.000000
2216.000000
2190.000000
2114.000000
2156.000000
2174.000000
2122.000000
2122.000000
2182.000000
2146.000000
2234.000000
2158.000000
2190.000000
2136.000000
2170.000000
2178.000000
2174.000000
2118.000000
2160.000000
2186.000000
2112.000000
2130.000000
2162.000000
2174.000000
2114.000000
2146.000000
2154.000000
2174.000000
2174.000000
2134.000000
2158.000000
2154.000000
2236.000000
2118.000000
2156.000000
2158.000000
2122.000000
2146.000000
2136.000000
2122.000000
2174.000000
2162.000000
2130.000000
2160.000000
2162.000000
2148.000000
2114.000000
2208.000000
2158.000000
2126.000000
2112.000000
2172.000000
2120.000000
2156.000000
2128.000000
2154.000000
2160.000000
2154.000000
2182.000000
2178.000000
2148.000000
2166.000000
2122.000000
2170.000000
2164.000000
2138.000000
2158.000000
2184.000000
2224.000000
2146.000000
2174.000000
2124.000000
2156.000000
2142.000000
2124.000000
2152.000000
2116.000000
2140.000000
2164.000000
2116.000000
2170.000000
2142.000000
2174.000000
2170.000000
2156.000000
2134.000000
2172.000000
2122.000000
2118.000000
2086.000000
2118.000000
2156.000000
2160.000000
2148.000000
2124.000000
2112.000000
2174.000000
2158.000000
2166.000000
2194.000000
2220.000000
2138.000000
2172.000000
2112.000000
2134.000000
2148.000000
2236.000000
2166.000000
2192.000000
2158.000000
2172.000000
2156.000000
2140.000000
2148.000000
2124.000000
2144.000000
2144.000000
2156.000000
2158.000000
2174.000000
2154.000000
2114.000000
2124.000000
2162.000000
2122.000000
2236.000000
2352.000000
2212.000000
2062.000000
2126.000000
2164.000000
2202.000000
2220.000000
2048.000000
2136.000000
2228.000000
2158.000000
2148.000000
2114.000000
2118.000000
2236.000000
2048.000000
2174.000000
2130.000000
2218.000000
2084.000000
2162.000000
2162.000000
2196.000000
2064.000000
2156.000000
2130.000000
2162.000000
2136.000000
2178.000000
2114.000000
2232.000000
2138.000000
2158.000000
2170.000000
2170.000000
2156.000000
2134.000000
2174.000000
2172.000000
2144.000000
2166.000000
2172.000000
2134.000000
2150.000000
2158.000000
2158.000000
2152.000000
2162.000000
2186.000000
2168.000000
2116.000000
2138.000000
2158.000000
2154.000000
2172.000000
2140.000000
2236.000000
2238.000000
2122.000000
2138.000000
2112.000000
2172.000000
2162.000000
2140.000000
2238.000000
2220.000000
2238.000000
2146.000000
2112.000000
2174.000000
2186.000000
2148.000000
2172.000000
2232.000000
2116.000000
2144.000000
2154.000000
2174.000000
2188.000000
2160.000000
2164.000000
2126.000000
2170.000000
2124.000000
2144.000000
2154.000000
2236.000000
2160.000000
2112.000000
2154.000000
2120.000000
2132.000000
2166.000000
2172.000000
2190.000000
2140.000000
2172.000000
2156.000000
2118.000000
2142.000000
2162.000000
2118.000000
2154.000000
2154.000000
2236.000000
2168.000000
2234.000000
2144.000000
2116.000000
2176.000000
2164.000000
2158.000000
2114.000000
2170.000000
2118.000000
2158.000000
2114.000000
2168.000000
2172.000000
2146.000000
2116.000000
2184.000000
2116.000000
2082.000000
2112.000000
2116.000000
2174.000000
2142.000000
2120.000000
2116.000000
2172.000000
2144.000000
2170.000000
2166.000000
2230.000000
2156.000000
2164.000000
2120.000000
2112.000000
2154.000000
2174.000000
2168.000000
2152.000000
2162.000000
2180.000000
2168.000000
2154.000000
2156.000000
2190.000000
2118.000000
2146.000000
2134.000000
2116.000000
2172.000000
2146.000000
2146.000000
2120.000000
2160.000000
2112.000000
2142.000000
2166.000000
2168.000000
2156.000000
2144.000000
2154.000000
2162.000000
2158.000000
2138.000000
2118.000000
2156.000000
2168.000000
2146.000000
2162.000000
2166.000000
2162.000000
2142.000000
2112.000000
2140.000000
2168.000000
2146.000000
2152.000000
2170.000000
2168.000000
2142.000000
2112.000000
2172.000000
2116.000000
2068.000000
2158.000000
2164.000000
2122.000000
2144.000000
2116.000000
2116.000000
2168.000000
2150.000000
2114.000000
2168.000000
2164.000000
2128.000000
2150.000000
2192.000000
2116.000000
2154.000000
2112.000000
2118.000000
2152.000000
2166.000000
2116.000000
2234.000000
2118.000000
2062.000000
2164.000000
2190.000000
2168.000000
2138.000000
2114.000000
2178.000000
2114.000000
2134.000000
2116.000000
2130.000000
2174.000000
2144.000000
2168.000000
2156.000000
2116.000000
2156.000000
2112.000000
2168.000000
2112.000000
2138.000000
2170.000000
2114.000000
2112.000000
2144.000000
2164.000000
2116.000000
2196.000000
2138.000000
2166.000000
2156.000000
2196.000000
2132.000000
2152.000000
2164.000000
2168.000000
2144.000000
2168.000000
2166.000000
2154.000000
2136.000000
2164.000000
2146.000000
2172.000000
2090.000000
2166.000000
2174.000000
2148.000000
2136.000000
2174.000000
2112.000000
2174.000000
2144.000000
2114.000000
2144.000000
2144.000000
2150.000000
2130.000000
2166.000000
2152.000000
2148.000000
2122.000000
2158.000000
2158.000000
2140.000000
2114.000000
2170.000000
2158.000000
2134.000000
2114.000000
2168.000000
2158.000000
2144.000000
2116.000000
2160.000000
2102.000000
2150.000000
2148.000000
2112.000000
2174.000000
2134.000000
2172.000000
2164.000000
2112.000000
2146.000000
2174.000000
2166.000000
2170.000000
2128.000000
2168.000000
2162.000000
2156.000000
2146.000000
2156.000000
2164.000000
2170.000000
2076.000000
2114.000000
2150.000000
2162.000000
2132.000000
2152.000000
2172.000000
2118.000000
2138.000000
2164.000000
2166.000000
2162.000000
2144.000000
2120.000000
2166.000000
2172.000000
2168.000000
2126.000000
2142.000000
2122.000000
2050.000000
2084.000000
2156.000000
2140.000000
2054.000000
2142.000000
2126.000000
2150.000000
2116.000000
2132.000000
2164.000000
2088.000000
2050.000000
2134.000000
2150.000000
2148.000000
2058.000000
2170.000000
2154.000000
2142.000000
2072.000000
2076.000000
2140.000000
2116.000000
2058.000000
2102.000000
2080.000000
2158.000000
2054.000000
2076.000000
2132.000000
2158.000000
2108.000000
2056.000000
2164.000000
2132.000000
2068.000000
2140.000000
2154.000000
2078.000000
2056.000000
2140.000000
2136.000000
2142.000000
2064.000000
2136.000000
2152.000000
2144.000000
2118.000000
2156.000000
2158.000000
2080.000000
2064.000000
2098.000000
2174.000000
2126.000000
2058.000000
2138.000000
2140.000000
2078.000000
2050.000000
2122.000000
2078.000000
2152.000000
2064.000000
2144.000000
2168.000000
2140.000000
2064.000000
2156.000000
2102.000000
2068.000000
2132.000000
2164.000000
2052.000000
2150.000000
2138.000000
2164.000000
2090.000000
2142.000000
2146.000000
2146.000000
2064.000000
2148.000000
2064.000000
2154.000000
2130.000000
2142.000000
2064.000000
2140.000000
2152.000000
2140.000000
2066.000000
2168.000000
2144.000000
2166.000000
2084.000000
2132.000000
2144.000000
2076.000000
2064.000000
2160.000000
2112.000000
2152.000000
2068.000000
2156.000000
2146.000000
2132.000000
2052.000000
2138.000000
2162.000000
2132.000000
2106.000000
2128.000000
2152.000000
2170.000000
2060.000000
2080.000000
2148.000000
2080.000000
2054.000000
2154.000000
2130.000000
2066.000000
2108.000000
2104.000000
2166.000000
2140.000000
2104.000000
2080.000000
2066.000000
2054.000000
2034.000000
2058.000000
2136.000000
2110.000000
2100.000000
2108.000000
2076.000000
2066.000000
2048.000000
2060.000000
2060.000000
2104.000000
2032.000000
2102.000000
2102.000000
2078.000000
2048.000000
2060.000000
2062.000000
2056.000000
2108.000000
2064.000000
2064.000000
2052.000000
2058.000000
2068.000000
2110.000000
2142.000000
2048.000000
2054.000000
2120.000000
2066.000000
2110.000000
2122.000000
2066.000000
2072.000000
2106.000000
2080.000000
2068.000000
2118.000000
2110.000000
2050.000000
2142.000000
2130.000000
2108.000000
2078.000000
2134.000000
2084.000000
2108.000000
2138.000000
2066.000000
2130.000000
2108.000000
2050.000000
2116.000000
2142.000000
2106.000000
2062.000000
2086.000000
2062.000000
2052.000000
2080.000000
2102.000000
2052.000000
2052.000000
2136.000000
2144.000000
2056.000000
2064.000000
2132.000000
2142.000000
2054.000000
2106.000000
2120.000000
2146.000000
2076.000000
2102.000000
2136.000000
2130.000000
2082.000000
2106.000000
2056.000000
2094.000000
2074.000000
2054.000000
2080.000000
2100.000000
2082.000000
2100.000000
2094.000000
2080.000000
2068.000000
2052.000000
2090.000000
2082.000000
2056.000000
2054.000000
2068.000000
2060.000000
2130.000000
2058.000000
2082.000000
2058.000000
2082.000000
2100.000000
2070.000000
2142.000000
2068.000000
2056.000000
2068.000000
2058.000000
2076.000000
2060.000000
2142.000000
2128.000000
2074.000000
2050.000000
2074.000000
2076.000000
2064.000000
2072.000000
2168.000000
2164.000000
2158.000000
2058.000000
2174.000000
2230.000000
2190.000000
2132.000000
2162.000000
2172.000000
2136.000000
2154.000000
2112.000000
2118.000000
2116.000000
2134.000000
2118.000000
2128.000000
2122.000000
2138.000000
2164.000000
2128.000000
2172.000000
2144.000000
2136.000000
2114.000000
2224.000000
2146.000000
2118.000000
2236.000000
2188.000000
2142.000000
2166.000000
2178.000000
2178.000000
2152.000000
2164.000000
2184.000000
2170.000000
2158.000000
2114.000000
2162.000000
2234.000000
2136.000000
2112.000000
2120.000000
2206.000000
2138.000000
2122.000000
2116.000000
2182.000000
2140.000000
2182.000000
2118.000000
2118.000000
2152.000000
2122.000000
2170.000000
2114.000000
2166.000000
2172.000000
2174.000000
2112.000000
2162.000000
2174.000000
2112.000000
2126.000000
2144.000000
2114.000000
2174.000000
2166.000000
2146.000000
2116.000000
2222.000000
2182.000000
2152.000000
2238.000000
2178.000000
2116.000000
2138.000000
2120.000000
2112.000000
2232.000000
2142.000000
2112.000000
2230.000000
2168.000000
2154.000000
2220.000000
2174.000000
2120.000000
2142.000000
2234.000000
2224.000000
2174.000000
2154.000000
2174.000000
2160.000000
2182.000000
2134.000000
2168.000000
2168.000000
2120.000000
2150.000000
2118.000000
2134.000000
2174.000000
2142.000000
2124.000000
2126.000000
2112.000000
2150.000000
2126.000000
2168.000000
2174.000000
2160.000000
2114.000000
2170.000000
2168.000000
2156.000000
2118.000000
2116.000000
2116.000000
2166.000000
2174.000000
2162.000000
2170.000000
2142.000000
2172.000000
2114.000000
2178.000000
2142.000000
2172.000000
2174.000000
2164.000000
2140.000000
2172.000000
2164.000000
2124.000000
2156.000000
2112.000000
2170.000000
2174.000000
2152.000000
2112.000000
2166.000000
2112.000000
2146.000000
2120.000000
2224.000000
2118.000000
2148.000000
2172.000000
2112.000000
2162.000000
2150.000000
2232.000000
2178.000000
2174.000000
2148.000000
2178.000000
2112.000000
2172.000000
2218.000000
2114.000000
2114.000000
2174.000000
2164.000000
2116.000000
2158.000000
2162.000000
2156.000000
2124.000000
2112.000000
2168.000000
2152.000000
2196.000000
2198.000000
2178.000000
2112.000000
2196.000000
2200.000000
2190.000000
2170.000000
2194.000000
2184.000000
2118.000000
2156.000000
2146.000000
2178.000000
2236.000000
2114.000000
2178.000000
2186.000000
2190.000000
2164.000000
2190.000000
2184.000000
2170.000000
2168.000000
2182.000000
2182.000000
2118.000000
2162.000000
2130.000000
2192.000000
2192.000000
2152.000000
2238.000000
2238.000000
2118.000000
2140.000000
2186.000000
2180.000000
2190.000000
2154.000000
2238.000000
2116.000000
2178.000000
2218.000000
2194.000000
2168.000000
2238.000000
2144.000000
2186.000000
2178.000000
2132.000000
2212.000000
2188.000000
2188.000000
2182.000000
2154.000000
2132.000000
2192.000000
2198.000000
2152.000000
2182.000000
2192.000000
2174.000000
2172.000000
2188.000000
2184.000000
2198.000000
2138.000000
2116.000000
2184.000000
2202.000000
2164.000000
2176.000000
2192.000000
2182.000000
2170.000000
2186.000000
2168.000000
2222.000000
2162.000000
2178.000000
2232.000000
2112.000000
2162.000000
2188.000000
2206.000000
2190.000000
2160.000000
2200.000000
2192.000000
2114.000000
2172.000000
2112.000000
2124.000000
2182.000000
2138.000000
2186.000000
2200.000000
2204.000000
2212.000000
2178.000000
2184.000000
2182.000000
2136.000000
2182.000000
2194.000000
2224.000000
2160.000000
2192.000000
2198.000000
2212.000000
2112.000000
2172.000000
2194.000000
2188.000000
2156.000000
2118.000000
2188.000000
2192.000000
2144.000000
2174.000000
2130.000000
2188.000000
2150.000000
2128.000000
2186.000000
2180.000000
2164.000000
2234.000000
2122.000000
2120.000000
2172.000000
2204.000000
2182.000000
2194.000000
2144.000000
2178.000000
2188.000000
2120.000000
2160.000000
2184.000000
2192.000000
2128.000000
2140.000000
2198.000000
2238.000000
2196.000000
2160.000000
2172.000000
2192.000000
2196.000000
2224.000000
2130.000000
2186.000000
2192.000000
2166.000000
2236.000000
2186.000000
2190.000000
2222.000000
2202.000000
2184.000000
2198.000000
2152.000000
2142.000000
2206.000000
2166.000000
2164.000000
2180.000000
2182.000000
2196.000000
2172.000000
2130.000000
2178.000000
2180.000000
2152.000000
2122.000000
2190.000000
2112.000000
2164.000000
2120.000000
2190.000000
2182.000000
2152.000000
2190.000000
2238.000000
2142.000000
2154.000000
2190.000000
2186.000000
2182.000000
2150.000000
2180.000000
2202.000000
2202.000000
2162.000000
2190.000000
2236.000000
2184.000000
2220.000000
2186.000000
2176.000000
2186.000000
2222.000000
2182.000000
2194.000000
2192.000000
2230.000000
2116.000000
2232.000000
2196.000000
2160.000000
2194.000000
2234.000000
2136.000000
2168.000000
2236.000000
2196.000000
2182.000000
2168.000000
2188.000000
2192.000000
2178.000000
2178.000000
2200.000000
2200.000000
2238.000000
2158.000000
2190.000000
2184.000000
2178.000000
2226.000000
2204.000000
2236.000000
2194.000000
2224.000000
2196.000000
2196.000000
2186.000000
2156.000000
2188.000000
2198.000000
2114.000000
2156.000000
2190.000000
2190.000000
2178.000000
2172.000000
2184.000000
2114.000000
2190.000000
2218.000000
2208.000000
2186.000000
2200.000000
2148.000000
2186.000000
2190.000000
2126.000000
2164.000000
2176.000000
2190.000000
2178.000000
2162.000000
2186.000000
2196.000000
2134.000000
2170.000000
2200.000000
2188.000000
2190.000000
2166.000000
2114.000000
2178.000000
2188.000000
2164.000000
2184.000000
2192.000000
2194.000000
2166.000000
2190.000000
2238.000000
2180.000000
2152.000000
2182.000000
2194.000000
2186.000000
2154.000000
2118.000000
2198.000000
2114.000000
2164.000000
2196.000000
2196.000000
2180.000000
2174.000000
2192.000000
2198.000000
2200.000000
2232.000000
2192.000000
2238.000000
2204.000000
2154.000000
2188.000000
2188.000000
2178.000000
2226.000000
2190.000000
2192.000000
2238.000000
2182.000000
2196.000000
2178.000000
2180.000000
2162.000000
2200.000000
2176.000000
2184.000000
2154.000000
2138.000000
2204.000000
2182.000000
2168.000000
2196.000000
2116.000000
2180.000000
2224.000000
2114.000000
2188.000000
2194.000000
2154.000000
2124.000000
2178.000000
2180.000000
2162.000000
2182.000000
2178.000000
2130.000000
2152.000000
2178.000000
2210.000000
2188.000000
2230.000000
2182.000000
2182.000000
2180.000000
2168.000000
2194.000000
2188.000000
2190.000000
2162.000000
2188.000000
2202.000000
2202.000000
2172.000000
2184.000000
2182.000000
2192.000000
2220.000000
2188.000000
2200.000000
2192.000000
2156.000000
2184.000000
2192.000000
2194.000000
2156.000000
2182.000000
2188.000000
2118.000000
2116.000000
2200.000000
2190.000000
2198.000000
2166.000000
2184.000000
2196.000000
2184.000000
2154.000000
2184.000000
2202.000000
2192.000000
2166.000000
2196.000000
2182.000000
2178.000000
2132.000000
2234.000000
2188.000000
2130.000000
2158.000000
2188.000000
2194.000000
2184.000000
2168.000000
2190.000000
2192.000000
2186.000000
2168.000000
2192.000000
2186.000000
2184.000000
2158.000000
2178.000000
2198.000000
2200.000000
2162.000000
2238.000000
2238.000000
2196.000000
2164.000000
2184.000000
2132.000000
2198.000000
2162.000000
2180.000000
2142.000000
2190.000000
2174.000000
2186.000000
2186.000000
2186.000000
2164.000000
2182.000000
2124.000000
2182.000000
2224.000000
2200.000000
2194.000000
2114.000000
2116.000000
2192.000000
2182.000000
2184.000000
2162.000000
2190.000000
2178.000000
2186.000000
2154.000000
2198.000000
2204.000000
2192.000000
2160.000000
2184.000000
2194.000000
2124.000000
2162.000000
2188.000000
2134.000000
2188.000000
2172.000000
2188.000000
2192.000000
2202.000000
2172.000000
2190.000000
2200.000000
2182.000000
2114.000000
2196.000000
2202.000000
2204.000000
2166.000000
2136.000000
2198.000000
2204.000000
2162.000000
2204.000000
2200.000000
2198.000000
2158.000000
2188.000000
2212.000000
2178.000000
2224.000000
2200.000000
2200.000000
2210.000000
2112.000000
2202.000000
2200.000000
2196.000000
2172.000000
2194.000000
2194.000000
2116.000000
2232.000000
2196.000000
2190.000000
2180.000000
2170.000000
2190.000000
2192.000000
2124.000000
2156.000000
2186.000000
2196.000000
2190.000000
2158.000000
2238.000000
2186.000000
2198.000000
2226.000000
2120.000000
2182.000000
2190.000000
2154.000000
2208.000000
2116.000000
2194.000000
2166.000000
2186.000000
2120.000000
2198.000000
2160.000000
2192.000000
2190.000000
2232.000000
2158.000000
2200.000000
2114.000000
2188.000000
2168.000000
2178.000000
2178.000000
2198.000000
2160.000000
2188.000000
2190.000000
2200.000000
2164.000000
2190.000000
2176.000000
2186.000000
2172.000000
2128.000000
2182.000000
2176.000000
2172.000000
2192.000000
2190.000000
2206.000000
2158.000000
2192.000000
2180.000000
2180.000000
2150.000000
2170.000000
2184.000000
2182.000000
2172.000000
2184.000000
2188.000000
2194.000000
2174.000000
2182.000000
2192.000000
2192.000000
2220.000000
2236.000000
2198.000000
2188.000000
2162.000000
2180.000000
2188.000000
2180.000000
2148.000000
2182.000000
2194.000000
2190.000000
2160.000000
2192.000000
2206.000000
2194.000000
2170.000000
2180.000000
2180.000000
2118.000000
2172.000000
2192.000000
2182.000000
2184.000000
2172.000000
2188.000000
2200.000000
2130.000000
2148.000000
2198.000000
2210.000000
2188.000000
2160.000000
2204.000000
2196.000000
2182.000000
2164.000000
2194.000000
2196.000000
2176.000000
2158.000000
2236.000000
2192.000000
2180.000000
2168.000000
2176.000000
2196.000000
2188.000000
2170.000000
2120.000000
2188.000000
2194.000000
2152.000000
2196.000000
2196.000000
2182.000000
2164.000000
2238.000000
2132.000000
2192.000000
2162.000000
2180.000000
2190.000000
2204.000000
