602.590881
550.825256
634.121033
502.365356
488.652649
512.285217
470.134125
463.473663
457.153687
452.261475
138.835052
551.193604
521.820679
521.983826
488.276917
477.759796
469.518158
462.880432
456.508636
473.032990
602.559021
550.689514
521.531311
502.133881
499.141327
477.923981
469.732544
476.196350
456.839630
451.943756
603.045776
550.914673
521.428772
559.161072
488.003326
477.551971
469.399536
462.746704
441.530487
451.660187
602.625854
627.615234
521.501587
502.066681
488.328613
477.871765
469.730103
489.231842
456.705322
451.909729
603.220947
550.667542
521.316528
501.782654
487.952881
495.866669
469.397217
462.746704
456.437286
451.683411
602.763916
1093.979492
521.483093
502.059479
488.531799
477.858704
469.701233
463.058899
456.705322
466.423889
603.112610
550.540527
521.190674
501.775421
487.889893
482.297272
469.397034
462.742859
471.474609
451.602875
602.625854
550.588013
521.434753
537.198059
488.269409
477.875092
469.669128
462.925537
456.633057
451.829163
603.112610
550.581848
634.398010
501.731049
486.349945
478.478729
469.333649
489.692657
456.431671
451.579590
602.559021
550.603760
521.434753
502.059479
488.240356
477.833893
476.287598
462.922119
456.671967
457.705719
602.907776
744.232605
521.371399
501.775421
487.893616
477.522766
469.307220
462.672974
456.331726
451.582916
602.559021
550.518250
521.386597
551.343445
488.232697
506.774750
469.698517
462.971039
456.671021
451.863190
602.974670
550.828918
521.483093
501.918060
488.121765
477.638153
469.547729
473.396240
456.678955
472.367737
671.309570
550.869995
521.680542
502.351990
488.586945
478.186981
470.015717
463.385315
457.127289
452.255432
603.045776
550.930054
521.634338
546.668213
528.433044
478.022766
469.896881
464.878723
456.948944
452.180878
603.045776
551.107605
522.040588
502.666168
488.881989
478.492706
470.388733
489.319458
439.442871
452.410645
602.907776
704.373962
521.710510
502.391418
488.661194
478.293030
470.235138
463.512299
457.236572
452.432037
603.394470
819.029175
522.280151
502.920471
489.155609
508.395874
470.579346
463.961609
459.710693
452.535950
603.045776
551.047058
521.900513
502.601227
488.923340
511.686310
470.428375
463.807465
457.526520
429.872375
603.394470
551.614319
581.692017
503.198608
489.446930
479.022766
470.957642
464.228851
457.788483
470.832275
603.256592
551.341553
522.145996
502.960968
489.252319
478.972260
501.216919
464.116425
457.830109
453.083618
603.743286
551.883850
522.761169
555.080566
489.632202
479.287506
471.110901
464.362366
457.931213
452.873779
162.309204
551.252808
522.153076
515.408752
489.045532
478.726929
470.555359
491.114685
457.558594
452.776428
603.206299
551.452698
522.348877
503.049774
489.277710
478.845398
470.645416
491.339447
457.654022
452.796448
603.260559
902.473938
521.809021
502.423523
488.610504
478.179077
470.161621
463.494690
457.207825
452.360779
602.652954
3013.545410
521.986145
502.579559
521.791443
513.801392
470.333405
463.656006
457.283813
452.432037
602.790894
551.214966
521.900513
502.264313
488.400024
477.936829
469.783356
463.126251
469.247406
473.595398
602.371094
567.815796
521.737366
502.348145
488.565277
478.125122
470.021271
463.305084
457.062836
452.171661
602.652954
550.983643
601.749268
558.735657
488.303040
507.880432
469.540436
462.831207
456.524872
451.782745
601.955750
550.549194
521.492981
502.175476
488.337006
477.962097
469.804413
490.113586
456.821594
457.669006
602.425232
550.790222
531.259644
502.151642
488.130402
477.703491
469.408051
462.736450
456.417938
451.698914
601.888916
1751.853516
521.341858
502.025635
488.274078
477.851288
491.015656
463.010040
456.690582
451.979187
602.049805
550.726929
521.419678
501.845886
487.986694
512.450867
469.318481
462.669617
456.460327
451.702209
275.900879
550.438354
521.426086
502.263733
488.248840
477.831055
469.648621
463.010040
456.691528
470.358856
601.701416
550.302307
521.501831
501.704437
504.205353
477.427856
469.405548
475.756836
456.445618
451.650970
601.701416
550.508118
521.426086
560.606567
488.333252
477.989532
470.541290
463.006622
456.648895
451.613617
601.148376
1123.931152
521.048157
501.690033
480.031097
477.647186
469.410858
454.867767
456.392944
451.670959
663.143188
550.330566
521.323669
501.904724
488.126678
478.758301
469.252228
462.476624
412.077240
451.181732
600.612793
3020.361816
521.028320
501.554657
530.516724
477.405151
469.252106
463.059296
456.241089
451.489899
601.099060
550.267334
499.136841
501.494751
487.580933
461.994751
468.943054
462.297485
445.294098
451.313477
600.961121
642.444763
521.171204
501.958588
488.337006
478.007385
467.623749
463.470245
457.213470
405.821259
601.982971
550.900879
593.181763
502.670715
489.053009
514.225403
470.843658
464.197449
458.244385
453.131592
602.750671
551.633057
522.696960
561.883606
489.538849
479.037201
470.728027
463.755066
457.320099
432.876434
601.795532
550.970520
557.767639
502.782318
489.015259
478.660950
470.496979
488.059692
457.492859
452.701843
603.119141
551.027771
521.825195
528.725281
488.440277
478.030884
484.662720
463.249329
456.968475
452.184265
601.447266
1128.140625
521.528931
502.301575
488.609558
478.120117
469.989136
453.253937
456.752197
451.758087
680.930115
550.029358
521.056519
501.787170
488.078583
512.089294
469.502869
462.824310
456.644958
451.748749
601.148376
2873.572266
521.299011
502.001892
506.888336
477.805084
469.613739
462.904907
456.434967
468.947266
600.612793
549.696716
521.181824
501.510284
487.728363
476.692230
469.220032
462.525940
470.715057
451.488403
600.799927
550.070740
521.180725
559.933411
487.977997
477.576813
469.600281
462.725708
456.379974
425.135162
600.612793
549.655701
592.420288
501.286224
487.521667
477.128204
469.064270
485.660706
456.105469
451.299377
602.789795
549.928223
521.007874
501.747742
487.974274
477.551971
490.267548
462.725708
456.262695
454.672119
600.733276
1214.791260
520.661255
501.345032
487.907135
477.241028
469.061584
462.444916
456.134094
451.353363
130.223755
550.001038
521.087402
541.122986
487.977997
510.831207
469.304626
462.606537
456.273926
451.167633
600.546143
549.601868
520.723511
501.396545
487.686829
477.313873
469.087799
489.886627
456.131775
467.163635
601.085815
550.270325
522.135132
502.098999
488.335968
477.920929
469.769745
463.062683
456.534973
451.569000
600.612793
2236.179199
520.868286
559.255859
501.011383
477.526215
469.768005
462.648499
456.335022
451.542419
601.032288
550.175293
521.333191
501.948059
488.150696
477.780273
469.547516
483.654236
466.074890
451.325348
608.890930
568.112366
520.827942
501.590759
487.838013
477.449463
469.269775
462.638275
456.335022
451.585632
601.032288
1383.931641
599.462341
501.828156
488.971741
508.870483
469.293274
462.410034
455.918854
451.045227
600.197937
549.481384
520.634705
501.335541
487.543121
506.429932
468.937164
462.371033
456.838684
455.884827
600.733276
550.001099
531.591797
501.641235
487.859497
477.451721
469.047699
462.238190
455.849854
460.994598
600.197937
549.522644
523.126465
518.863831
487.564606
477.227692
496.973938
462.399414
456.090057
451.325348
601.219482
550.089905
521.078064
555.618103
487.796539
477.223328
471.587402
462.125885
455.818909
451.038666
173.018890
549.747620
520.698792
508.954285
487.686829
477.313873
469.113770
477.752258
456.160431
451.325348
625.308289
550.143677
521.110596
501.678345
504.240753
477.182648
468.897156
475.124481
455.821228
451.065155
600.684082
1673.307373
520.893066
501.432587
490.268005
477.248627
469.116577
462.441315
456.191406
451.497620
601.032288
1045.862549
521.169678
501.655640
487.994446
501.316132
468.870972
462.178558
457.676636
451.146179
600.546143
549.795166
520.805847
501.469757
487.694458
468.337219
469.116577
462.536102
480.152374
454.014008
601.032288
550.188171
530.594666
501.692749
487.737427
477.166779
468.870972
462.192291
455.849854
451.139587
600.684082
549.842834
626.109497
543.653992
487.708374
489.240601
474.871185
462.490234
456.336365
451.660736
601.866638
550.930115
521.973633
502.470795
488.620941
478.053314
469.794861
467.769745
457.036255
471.733917
651.746033
552.135498
523.691895
503.750854
490.087250
479.627502
471.195374
463.952972
456.734222
451.091187
599.501587
1996.930298
517.828369
529.732483
490.586212
475.002930
483.905914
461.809601
456.553375
452.326843
604.909790
553.368774
524.523438
505.180908
491.618469
495.689301
472.982300
465.881714
466.697449
453.226685
238.027527
549.770752
519.424438
500.676758
485.130493
474.501251
465.983765
459.260071
453.091888
440.224487
596.464600
546.510193
536.824036
499.479523
521.599487
477.757904
470.201416
468.034119
458.088135
453.510193
605.815125
553.625244
524.409729
542.801636
491.003510
480.172699
479.730194
463.226746
455.611023
449.873840
597.484680
806.371155
515.840149
496.969666
483.828369
474.232513
467.162964
454.597900
456.151276
451.779175
704.948853
552.107910
523.256409
504.224915
490.632141
474.054749
472.358093
465.735229
418.611786
453.651520
605.463501
3032.096191
519.781189
498.657684
525.170105
473.446564
465.199677
458.609314
452.306488
447.702057
592.845947
542.653442
493.047272
496.586487
483.596283
459.889923
467.611206
462.053223
450.693878
451.903595
604.373474
617.267700
524.557068
505.767029
492.264832
481.919312
469.207428
465.785828
458.558075
408.191223
603.606323
549.485535
590.055664
498.342346
484.088928
508.540466
465.174805
458.521027
452.760681
447.779602
595.144531
545.499146
517.644287
470.589600
486.619598
476.856018
448.561188
463.344940
458.010620
436.342346
608.318481
556.745239
572.583618
507.011871
491.908569
480.337433
471.042694
462.534637
456.059906
450.309052
124.833321
545.576416
515.849792
507.623627
482.348663
472.091583
475.649811
458.299774
452.701599
454.917389
598.600708
548.790771
520.702393
501.897766
523.379150
478.725250
470.939819
464.543823
458.500092
454.070923
154.846405
554.049866
524.031738
513.252014
487.751068
475.842255
467.068848
460.199860
476.226349
448.669128
594.981628
544.174377
515.640808
496.905548
501.148926
473.827271
466.207672
468.719299
455.090027
450.846954
600.407410
549.247192
607.719666
502.026093
488.475189
478.397339
470.611115
464.334259
446.258362
453.672333
605.048096
613.717285
521.040649
499.954559
485.171692
473.976654
495.993927
458.615173
452.250031
447.705475
593.548401
544.173889
602.941467
499.722656
486.808441
493.806091
468.835236
462.685638
457.024414
452.513611
268.865906
552.002930
522.770020
503.585266
490.244781
480.113678
465.082092
465.067322
458.152771
470.569305
603.031067
549.656433
518.830017
498.362152
526.550781
473.532593
465.293732
459.017120
452.708191
448.231110
595.749817
545.303589
517.512085
555.508179
486.332642
476.729431
470.780151
463.199310
476.317200
452.972748
604.079041
553.419312
523.772339
504.540192
491.035461
480.634583
472.196075
452.981506
458.155975
452.410675
483.670197
547.976929
628.222351
498.175201
484.113739
474.505646
465.413879
458.868164
452.905640
448.504547
595.564392
545.545227
517.546082
499.238312
527.036133
477.020081
494.310364
464.325165
458.685974
454.882660
607.902771
555.928833
526.675354
507.023315
492.486420
481.064789
471.969299
464.483795
455.293549
451.333160
217.604431
599.207336
517.730835
498.626892
483.649231
473.022308
464.860474
458.472260
452.503418
448.061218
595.564392
545.509766
518.101685
500.059998
526.198669
507.125397
469.637512
463.623993
460.343597
452.517700
603.731079
552.310913
523.461853
504.202026
490.677185
480.506714
472.134888
465.156006
476.839508
427.024811
601.522888
549.091431
586.704956
497.573303
483.293762
472.502502
464.341125
457.967072
452.112244
447.883789
594.382385
544.947754
632.628052
499.527863
486.823700
478.279572
492.598663
463.656097
457.952240
456.868073
604.913330
552.937378
523.681152
504.268890
490.132019
479.216736
494.501648
462.809479
455.469177
450.363312
128.581512
544.569519
515.031616
531.731201
481.686584
471.625305
463.901459
457.826172
452.075378
447.801208
188.096252
544.594055
517.160156
500.772522
486.625885
477.172394
469.852478
480.140717
458.521851
454.359528
656.409119
556.742310
527.532776
507.591431
514.420410
481.381165
471.884064
464.993866
456.584106
450.673248
598.324280
2534.364990
515.704712
495.885101
496.517517
471.979736
464.111877
457.890137
458.104126
448.283081
596.818054
558.456726
519.472473
500.878296
487.634155
477.947144
470.390442
464.368286
482.542603
453.714050
607.000793
555.021790
640.453003
505.782013
491.649200
482.971802
471.543640
463.826996
456.226715
450.340942
597.838013
545.312134
618.476074
495.966339
482.293549
503.666382
478.661133
459.009186
453.581177
451.922241
598.672180
548.404114
520.480957
502.103607
489.183685
479.462860
471.370026
464.741241
458.405884
456.401184
175.328156
552.041748
530.486938
504.232391
485.319946
474.086975
465.560120
458.768494
452.429962
447.442810
592.852356
542.678772
514.995850
512.675476
511.996918
474.854797
495.683685
465.243439
456.159546
451.978149
604.079041
552.772156
524.298401
505.322449
491.853638
481.730835
473.574188
466.790741
464.955261
454.547638
169.053406
563.962402
521.474304
511.314819
485.968628
474.696289
465.761108
458.661285
452.231384
447.413788
592.366333
541.895569
618.513123
495.283752
481.197937
480.651154
466.296356
486.686218
455.121277
450.814545
601.041077
550.308044
522.171631
503.765472
490.553345
480.443451
479.914337
465.974701
459.729553
460.224091
609.206665
1275.964355
524.891785
503.801605
489.576599
476.406128
467.115692
459.951324
453.275330
448.351379
147.725113
544.382446
516.128723
509.016418
485.558838
479.713440
468.881256
463.039795
471.230591
453.377380
606.652893
554.571350
525.118652
505.603088
512.576294
480.674042
472.078064
471.944641
457.989410
452.454681
602.776306
549.862122
633.967041
498.861664
484.379517
455.697723
465.356873
458.541656
432.394104
447.527618
593.805237
758.897949
516.766602
499.115845
486.768219
477.307648
469.731873
463.471527
457.474762
403.560852
604.217468
552.088623
593.661377
503.396820
489.692017
508.560883
471.120667
464.371368
460.252441
452.558746
601.942139
548.569153
518.289063
485.280701
483.919800
473.322601
436.880188
458.657135
452.854431
421.016113
597.237671
547.343079
599.425476
501.078003
488.077393
478.341461
470.622864
464.368500
458.352509
453.960083
173.092789
554.188416
524.760254
516.302490
490.245880
479.030731
492.305542
462.426086
455.051575
453.433929
596.122192
544.325684
515.308838
496.285248
471.465942
473.226990
465.842682
426.058868
454.921753
450.833221
127.423508
549.123413
521.040771
550.131592
489.496735
479.375519
471.401154
464.678406
458.344147
453.254547
603.057068
649.038513
520.239624
499.973846
485.686890
474.950897
466.470398
476.254395
453.481171
448.801849
636.296997
545.274475
517.729370
499.936279
487.297577
500.061707
470.438568
464.574158
458.842407
454.555481
606.652893
1785.904419
525.711304
505.859161
493.138062
479.874451
470.727112
463.238770
456.235901
466.813324
598.071533
546.174866
517.115906
497.968414
484.641205
496.337128
467.665863
461.840027
459.076691
451.926544
602.361389
551.965515
523.692322
538.547424
490.828308
480.550385
472.364655
465.578400
459.176147
462.896423
604.725098
551.911133
526.935669
500.722534
486.041687
475.170074
466.580505
480.415771
453.382385
448.781891
595.570007
545.046692
517.255066
544.626099
486.428284
477.339142
473.876434
464.543671
458.854462
454.444489
607.487183
715.267578
525.084656
504.900970
490.432343
479.020142
469.856873
449.973724
454.953888
449.429291
570.574463
543.639526
514.627075
495.650543
482.486115
500.802399
465.642181
460.092255
454.707245
450.714172
600.693237
550.092285
521.854797
503.037506
529.285828
479.726837
471.504425
466.191956
457.594360
472.533600
601.407043
548.825684
518.640320
498.413116
484.140656
473.494934
465.392578
458.865814
440.798065
448.007050
593.554382
609.194153
516.230103
540.753418
485.958710
476.502075
468.978790
462.998138
457.370941
453.274567
605.750977
553.397644
523.683289
503.767120
489.257996
510.513458
468.388123
483.460266
454.176636
449.166992
596.055969
543.866821
514.816345
495.509705
482.165863
472.624512
465.711182
460.466827
455.209900
457.186371
601.946411
739.366272
532.468567
504.386292
491.157471
481.116882
472.991974
465.964417
459.227936
453.845581
603.543274
549.431213
518.668213
498.312256
484.101379
501.575500
492.390686
458.654236
452.530121
449.229370
595.222168
545.738159
518.334106
499.978821
486.956024
477.137939
469.628326
463.303772
457.309479
472.805756
137.370117
552.825989
523.652405
533.003052
489.204132
477.539001
468.189514
460.499512
453.575470
448.442047
594.040405
542.922241
514.346497
541.405273
482.822540
473.471558
466.413422
483.413666
455.334381
451.275391
603.740967
551.822266
523.202209
504.074554
490.500549
480.169312
471.498657
487.832367
456.786407
450.844299
598.491028
2824.754395
516.343506
496.665253
505.870758
472.547913
464.753387
458.883057
427.124207
450.019928
599.605774
878.322449
521.377319
502.631622
489.443970
479.464813
471.584961
465.144806
481.678162
454.579590
608.253601
555.058228
524.694946
503.809448
488.511047
503.792572
467.313019
459.795990
452.896210
447.768036
593.974304
543.044739
626.897705
496.879883
484.576172
481.346008
468.481873
462.941864
457.340637
474.041138
604.569092
552.528198
523.497986
504.093475
490.114777
479.140411
469.949127
462.049744
454.717926
471.024323
596.475647
544.650452
515.747925
546.373779
483.052429
473.039551
465.569153
459.639069
454.282471
450.536896
599.744141
549.535889
521.460632
531.314941
489.717041
479.591248
491.591797
490.546997
458.690796
453.670624
603.614441
550.477539
520.117310
499.311859
484.716644
474.064209
465.689667
458.874420
452.432251
447.598419
207.690231
869.246094
514.067993
497.505310
482.638336
473.555237
466.942108
461.472351
455.911133
451.648712
601.879333
551.019775
522.597717
503.642883
499.557495
512.504578
469.246429
481.291687
454.195587
448.864899
594.808105
543.579529
514.753479
495.673828
482.544769
472.986084
465.541962
459.756439
454.431671
472.379547
601.344604
1278.191528
524.434265
505.632080
494.676147
481.399780
473.165253
466.073181
459.018433
453.491272
603.614441
549.624512
518.534607
556.073242
483.688751
470.247986
465.448486
458.152618
469.300537
447.626343
594.275452
543.813416
515.721619
497.727081
485.476532
476.485138
469.220306
490.551208
457.571411
453.267090
606.048950
553.979431
604.062805
503.469330
488.659729
477.387177
468.418854
461.228119
454.566803
449.573486
595.989685
880.799072
515.234070
496.346680
483.132599
473.434784
480.188843
460.312225
454.852966
456.019745
599.744141
549.415161
521.501404
502.992645
489.842316
514.590820
471.896423
465.336761
459.183533
454.410522
605.562683
552.519104
521.838684
468.109131
485.502594
474.540649
446.781738
459.151764
452.829468
443.748901
592.608398
542.184937
533.637634
495.667999
482.775299
473.622223
466.864746
447.880127
455.994141
451.822083
106.639580
550.523804
521.728943
518.546143
488.617065
477.929047
498.619781
461.532990
454.278595
448.922760
594.808105
543.393616
514.801575
496.103180
447.084259
474.026093
466.524414
436.535828
454.917572
450.720947
176.626556
550.406189
522.342712
513.567993
490.023438
479.899780
471.568420
464.888733
441.461273
453.689056
604.381104
2736.211670
521.207397
500.395599
484.675873
474.599365
466.252533
485.618011
453.016144
448.203674
594.741882
544.583923
516.966797
499.015106
486.385223
437.067017
470.157837
464.553833
458.939697
454.498016
608.901306
2547.958740
526.918030
507.355713
504.713715
481.821533
472.844269
465.214905
457.724213
474.069000
600.211487
547.171387
517.244324
497.623627
483.980042
476.345306
466.156555
460.406555
465.051636
452.084229
604.799866
553.724915
524.799988
559.608582
491.558502
480.777557
471.849426
464.361664
457.062347
433.703766
598.910400
546.541077
548.474243
497.390717
483.308868
472.959137
465.339386
486.533875
454.077576
450.493652
601.464478
551.099426
523.306763
536.056152
491.318268
481.107391
483.655182
466.299866
459.240143
453.766724
604.381104
873.161133
519.783875
499.148407
484.483948
473.587402
465.262848
449.315735
452.139404
447.314301
679.483582
541.929382
513.897339
495.625336
483.322449
510.098846
468.281799
462.979492
457.640717
453.498962
606.953979
2783.772949
525.636047
505.577881
513.348206
479.183167
469.613281
461.624359
454.329071
471.053711
595.366211
543.633667
514.387207
495.140381
481.600311
471.543701
463.954803
458.056488
473.988770
448.433044
596.223755
547.937927
518.625549
555.444824
487.908417
478.465576
471.010803
464.835419
458.346466
453.023254
602.597229
548.236389
607.108093
496.821838
482.708038
492.046143
464.099060
469.561981
451.578705
447.007721
593.029358
542.128174
514.580383
496.935303
484.929688
476.122406
468.907562
462.898376
457.162140
472.688110
604.732361
1014.037598
523.986084
504.743805
491.120972
480.580658
471.857758
464.031525
456.304504
450.651489
598.982117
546.785767
517.563660
550.409790
483.839203
508.312256
469.334076
458.980743
453.074219
448.830170
597.824219
547.859375
520.808716
503.366364
490.888672
480.997894
473.002655
466.517700
460.244598
476.912933
245.835159
553.628113
522.444336
502.438019
485.995911
475.233856
466.832611
459.917786
453.424072
448.607727
594.046448
543.375122
515.606873
555.527100
492.871368
476.028748
469.282410
479.585205
458.076508
453.849670
606.538757
554.848389
525.996216
506.672058
492.987457
482.396729
473.804016
493.506561
459.235565
453.545532
603.819031
1283.540161
520.026672
499.764435
486.762329
474.393433
465.896271
459.095856
452.798767
448.219269
593.514160
1238.549438
516.361755
498.981415
487.022369
476.856506
469.914734
463.590149
474.528992
452.828308
603.778320
551.840515
521.973022
501.523285
486.257935
509.058075
465.786224
458.949554
452.800140
447.879395
593.795593
542.851013
628.064697
495.697632
482.331390
474.149109
464.965698
458.939697
453.331879
466.928314
597.129089
546.443726
518.335205
498.795654
485.350372
475.311676
476.846222
461.014465
454.985413
457.064819
600.096375
548.958862
520.234680
558.843811
487.294922
476.817932
468.924103
461.782288
455.417236
450.565338
598.309998
547.108276
518.337463
550.373840
485.608490
475.394501
467.424255
481.138519
454.671997
450.061890
609.892639
547.193665
518.685547
499.686829
486.245636
476.032715
468.074402
444.995667
455.147278
450.390503
511.525299
1557.870972
518.665833
499.883301
488.553955
476.318085
468.273010
461.776337
455.632324
450.928406
598.729248
547.991821
519.451965
500.389923
518.818909
498.142487
468.204163
466.153046
458.071350
450.681824
598.496033
547.728943
519.215576
500.167114
486.629852
476.433899
468.331238
461.628723
430.872681
449.018311
598.148438
834.801880
528.254333
500.002960
486.507599
476.266571
468.265045
461.677490
455.427826
450.776001
598.657532
547.922241
519.347534
542.454163
486.825012
493.021729
474.660858
461.793884
462.896820
450.546783
598.496033
547.529602
519.039734
500.099976
486.566803
476.393036
468.328583
461.895508
455.598999
420.412903
678.003967
548.194702
617.258850
500.277161
486.559235
476.221863
468.178101
461.635620
455.423218
450.732880
598.776855
2479.414795
519.222961
500.314270
497.640320
476.495819
491.048309
461.789825
455.381683
451.957184
598.590820
547.545471
518.980652
499.987274
486.478607
482.528809
468.170166
461.607208
465.009521
450.675507
598.729248
548.033142
519.317444
536.783142
486.407990
476.029572
467.927277
461.358246
455.146362
434.047516
598.590820
547.836792
547.924011
500.157257
486.547760
476.324158
468.228363
442.264282
455.418549
450.685486
104.106255
547.694153
518.893433
516.428284
486.323608
476.102325
496.567200
461.449615
455.317505
450.540466
598.729248
547.957153
519.275513
500.239929
449.688629
476.446320
468.318085
437.764954
455.148682
450.388824
167.697952
547.757507
519.134521
510.301300
486.648621
476.446320
468.424347
461.905579
440.441254
451.017670
599.262878
2677.802979
519.978455
500.823425
485.574097
476.704163
468.513977
488.994019
455.710693
451.075073
599.495728
548.514587
519.883789
500.847443
487.374420
438.033569
469.011078
462.457092
427.820313
451.547791
600.096375
2084.004150
519.843445
500.682159
499.279938
476.774292
468.704620
462.147949
455.977234
440.091705
599.424072
548.473389
546.996033
500.704834
487.117249
465.166321
468.796997
462.231781
479.827850
451.075073
599.262878
562.748779
519.325806
500.176514
486.539093
476.328979
493.905579
461.706024
455.436127
450.686462
598.729248
547.988831
627.992126
500.324982
486.700195
481.959564
468.366730
461.733917
455.460114
450.525269
438.790771
547.621521
518.919800
499.809906
486.299683
476.059723
475.430573
461.435608
455.158142
455.768341
598.729248
547.988831
519.342407
500.347656
524.826233
476.632172
468.612335
462.172333
455.917572
451.160370
149.991486
548.299194
519.660034
511.925873
487.180237
477.032898
469.051178
462.614960
480.702362
451.693787
599.843018
549.046814
520.398804
501.349518
505.686737
477.475006
469.360413
471.162048
456.298035
451.410278
599.562561
548.609558
612.621216
500.939667
487.332733
477.160126
469.051178
462.481659
447.540527
451.532379
599.843018
601.404419
520.252258
501.185211
487.560791
477.191833
499.736725
462.225769
455.894775
451.255249
599.009827
548.362549
594.628296
500.654419
487.036621
510.918243
468.773499
462.178558
455.953247
451.275726
289.539398
548.682617
520.034424
500.907166
487.235657
476.637177
468.530609
461.884216
455.655823
445.635376
599.076660
548.299194
540.591675
500.632813
528.737061
476.747925
468.660309
463.101013
455.853333
451.163940
599.495728
548.508301
519.747986
500.697388
486.966034
476.485046
492.138123
461.698822
478.335724
450.666809
599.009827
548.083801
519.441711
500.340454
486.712830
476.510254
468.374695
461.831390
455.553619
450.903748
231.188339
548.324585
626.645813
502.052124
486.657410
476.304230
468.103088
461.519684
455.210144
450.542847
598.662476
548.115479
519.420471
500.506989
486.978607
476.732483
498.663788
480.414703
456.064819
451.419342
599.920715
548.723694
519.937866
500.722626
486.923248
476.600220
468.414703
461.888947
455.697235
450.948944
246.025787
2276.801758
519.720703
500.643707
500.897949
476.727478
468.694977
462.102875
455.969574
451.275452
599.682007
548.619263
519.930054
500.611237
529.087891
476.498932
468.362457
461.944916
479.469269
450.871338
599.148376
548.764404
519.561829
500.463837
486.899231
476.666931
468.550415
462.008087
475.384247
451.077332
599.495728
549.821228
619.595581
500.321289
486.574280
491.724854
468.177856
461.626678
455.366699
450.719727
599.148376
548.125061
634.387451
500.405212
486.773285
477.055054
468.420685
461.895844
455.662872
471.168671
599.495728
548.413452
520.050720
500.112915
486.493805
476.159790
481.235474
461.513214
455.296661
456.556824
599.009827
548.030151
519.467163
541.111328
486.604523
476.393311
474.863159
461.786987
455.540161
450.828217
194.714066
548.254883
519.369019
501.626953
486.342682
476.037689
467.871674
461.327820
455.151764
450.514069
469.132874
547.814758
519.165466
500.053009
522.748657
476.286560
468.180573
462.939545
455.492889
450.774109
599.148376
548.175842
519.463745
500.030334
520.563965
475.996948
467.874268
465.222656
466.545105
450.514069
598.662476
554.686890
519.104919
500.091370
486.493744
476.266388
468.204010
461.579468
455.395355
450.685822
599.148376
1182.703979
634.002197
499.911774
487.038239
478.303558
467.871582
461.306915
455.051941
450.402313
598.662476
547.719849
519.165466
500.030334
486.423187
476.892212
484.362091
461.555084
472.501862
452.923950
599.148376
548.023804
519.103149
499.799103
486.114746
475.890625
467.805450
461.281860
455.124390
450.402588
167.074448
547.776855
634.397400
504.988312
486.401825
477.920471
468.109039
461.551666
455.290833
450.611511
599.081543
547.871765
518.936951
499.633911
512.145874
475.768066
458.162018
465.896057
454.951019
469.067566
598.662476
547.656494
518.972656
499.881744
486.254486
476.053772
467.955963
461.369141
437.699158
450.425781
599.081543
578.048767
518.710022
556.854370
485.908264
475.637299
468.057526
461.075073
454.808533
450.088226
598.595642
547.688171
619.222351
499.903290
486.405579
485.865936
468.244080
461.307159
455.640106
450.952240
694.370728
548.134705
519.240112
500.112915
486.468628
476.173584
466.583282
461.650391
455.394135
460.694916
599.148376
548.109314
519.407837
500.254181
529.539856
476.458405
468.357208
462.297913
455.496399
450.645996
133.933929
547.672180
518.882690
533.794250
486.384247
476.275513
468.397217
461.948669
456.966858
451.215637
599.567444
2076.665771
519.939575
500.926300
482.721130
477.182892
469.107727
481.048645
456.155945
451.297363
637.340759
548.419617
519.701904
500.637604
487.105865
455.295166
468.795929
462.253876
421.907440
451.304199
599.776062
3002.827148
519.913086
500.851898
522.307678
476.925018
468.793274
461.983093
455.783752
451.399506
600.747864
549.528809
502.419678
501.770477
488.160187
464.499420
469.594940
462.894775
456.759247
451.722321
601.580994
589.946228
520.178711
500.415558
486.635956
476.595276
458.620087
462.417725
456.000977
408.502686
598.039856
545.128845
588.813110
496.349030
483.025177
508.681946
466.131927
460.377808
455.359070
451.602386
601.999878
550.540222
521.734985
552.663147
489.195862
478.987579
470.820587
464.320770
457.970764
438.625183
601.999878
548.838379
538.455017
498.803070
484.883057
474.560364
466.520599
487.156952
454.047913
449.779816
598.248352
547.059082
518.808777
530.504150
487.375427
477.860016
480.463104
464.187836
458.143402
453.445862
604.619324
908.838806
522.131470
501.962585
487.161407
475.771088
466.822876
449.392120
453.361816
448.663971
650.508545
545.259888
517.310669
499.236206
486.911896
513.298096
470.546600
465.029236
459.460205
455.125214
608.717773
2863.047363
526.858215
506.940979
512.094849
481.190277
471.689697
463.720245
456.185944
471.806946
597.553833
545.287292
516.075623
496.934723
483.841309
468.538696
466.825836
461.381317
473.109222
452.654846
604.917603
553.473389
524.935181
564.838135
492.062988
481.495758
473.117859
465.889221
458.685760
422.825928
601.305603
547.403320
610.879639
497.410553
483.441345
473.242767
465.202148
480.034393
453.217621
448.876068
604.894348
545.756409
518.010010
500.367981
488.081177
479.206940
479.403168
466.446228
460.585571
466.565918
610.592285
1335.388306
527.101868
506.220184
491.733276
478.301544
468.251617
460.626831
453.804169
448.565460
593.550964
542.379395
514.241150
548.745605
483.750977
501.446564
468.439972
462.726929
458.280548
453.500793
607.537476
555.434753
526.279419
506.795410
493.028534
482.610107
474.605469
488.087097
461.622406
466.528351
629.559570
553.010132
522.357422
499.638763
485.215576
474.603149
466.233643
459.491699
453.297455
448.867584
595.841125
545.026062
517.297241
550.558594
519.226990
477.962128
473.057922
465.751068
460.116180
455.739166
610.802185
557.152466
527.215027
507.140930
492.423035
480.871277
471.428986
476.874786
443.852264
449.655243
618.413879
651.820557
515.104553
496.552429
483.800079
474.126221
466.673004
460.878052
455.624695
451.726013
602.837036
1849.625977
523.793457
504.590210
495.271698
514.623169
472.149719
464.632477
457.595093
451.102295
598.320190
545.425598
515.862671
496.226929
482.263245
485.426575
463.892578
457.861969
457.733673
426.017303
596.468750
546.770935
572.369263
501.495544
488.911835
479.571320
472.063202
465.599213
459.157410
446.229156
603.857483
550.481934
535.719910
499.025574
484.578491
473.793152
487.060577
458.152893
451.790375
449.677307
592.023621
541.446472
513.646118
524.734802
482.517578
473.625336
485.036285
462.103943
456.868500
452.897736
133.256989
552.466064
523.413025
546.751953
490.715912
480.508270
471.988922
458.023224
457.169861
451.228180
703.928345
545.340149
515.762756
496.312653
482.591034
472.478088
464.455383
485.137177
452.466583
448.198090
597.481018
2952.718018
517.217224
500.176514
509.377686
479.167236
471.810028
465.682831
459.735260
455.078491
608.113892
2318.876953
524.286377
503.780426
510.106079
475.627716
468.896454
461.319702
469.396790
449.022186
594.455994
542.652588
513.872986
494.943634
481.902435
472.327515
464.922974
459.444763
453.012756
451.274200
602.231445
605.482483
576.598328
504.575012
491.206726
481.139618
473.169220
466.563965
459.933105
454.477997
605.037781
550.475281
518.670044
497.826874
483.455627
508.188507
490.454712
457.856201
451.714325
447.012115
592.259399
542.091064
514.445496
497.022552
485.421204
476.581055
469.522980
463.693573
457.963013
442.286377
474.200775
555.008911
565.107422
506.641632
492.526062
481.155548
472.205597
464.605194
457.224030
451.493317
599.433472
545.837036
516.341187
496.616608
522.861267
472.479980
492.537048
458.149933
452.488312
448.960815
595.384583
545.016296
517.773132
500.427856
488.203705
479.000641
471.706207
465.707489
482.776825
455.213013
139.751694
557.174927
525.659302
529.528137
489.190887
477.057373
467.631561
460.102875
453.408966
448.513153
593.623169
542.103760
612.664795
495.538666
483.238861
474.591827
468.536560
489.154480
458.176941
454.071350
608.788879
556.363281
526.955322
507.327820
493.233917
482.653992
504.701538
465.812286
458.778076
453.220093
602.837036
1805.993774
517.723755
497.698944
492.485565
473.437531
465.343842
458.890686
452.836212
448.324158
264.515564
545.218262
517.339233
499.594543
486.882965
477.494263
470.607025
464.917297
417.200714
454.946838
609.553772
3010.711426
526.125183
505.898499
512.892883
479.645630
470.305054
472.171570
455.144135
449.702026
595.708008
543.227112
528.940369
495.060089
481.833984
436.890686
465.024109
459.684052
426.985260
451.417480
602.351013
1202.767456
521.813782
502.961365
490.536865
480.160980
472.231750
465.847290
459.504974
414.800415
605.336060
550.748230
584.975220
498.365814
484.069214
475.492645
465.152039
458.481506
470.076355
447.682404
593.276062
542.869202
515.012085
509.693542
483.958252
474.537781
426.919525
462.143097
456.967377
420.898041
607.073425
555.257935
641.659607
506.721954
492.808533
483.377319
473.239868
465.854645
458.608307
452.606354
309.116364
547.194397
516.670532
497.957520
482.904022
472.450317
447.071869
457.723724
451.904999
468.338074
595.037598
544.494141
516.920166
499.197601
521.661438
477.711487
470.158081
465.434998
458.145660
453.878357
127.196472
554.150024
524.883240
551.645996
491.243042
480.445496
471.794281
464.242371
467.623230
450.937683
598.553345
553.736450
515.769836
496.377899
482.753540
472.573792
464.872894
485.982941
453.377197
449.510193
598.486450
548.115906
630.045776
502.789520
490.254395
484.214813
473.038635
466.480652
460.187866
455.131134
607.281006
861.864441
521.848022
500.510529
485.544678
474.559235
481.337585
459.104065
452.700806
451.539001
592.443237
541.918213
514.432007
496.654236
484.345886
510.538269
468.396729
462.833801
457.510284
453.588287
167.491013
553.128296
524.127869
510.395264
491.009918
479.580566
469.930969
461.841156
454.685150
469.853149
594.875305
542.978271
514.309021
495.381378
506.484131
474.346222
468.161987
468.823212
456.991516
452.899811
605.339722
553.753113
524.778931
538.865906
491.505737
480.553833
484.905365
463.169678
460.272980
450.190521
597.373596
567.273621
515.389404
495.818817
482.083435
471.913879
464.337891
458.418182
452.937744
449.489716
254.220810
549.456543
600.707153
505.152496
491.019775
489.899323
472.935913
466.306183
459.527802
453.741455
603.670044
548.452332
517.362000
497.383972
516.566406
472.871216
464.122009
461.553436
452.733765
458.324280
598.139587
548.347168
520.857361
502.819275
490.111389
480.194702
472.152985
465.747314
459.398346
454.364655
147.746078
765.458374
519.270996
511.213440
484.157288
473.607697
465.376129
458.703888
452.342072
447.620422
592.862793
542.005859
513.734436
495.710480
494.773224
476.850891
467.792877
473.885132
473.787079
452.358429
603.534851
551.611328
522.228577
501.910828
487.030334
475.675171
466.979248
460.123260
442.807739
448.855621
593.511353
618.070679
627.489014
496.077454
484.134399
477.170868
469.378387
463.952393
458.304932
453.947601
606.221375
554.100464
618.391846
504.790741
489.892548
491.989716
464.362396
461.463867
454.795868
466.923889
595.361084
543.480164
514.565125
495.800476
482.617554
472.984528
456.604492
459.982758
454.552399
465.138123
601.056274
550.227112
522.264954
560.045349
491.164856
481.311401
475.656036
466.800018
460.460266
455.298187
135.742065
552.226440
520.434082
522.395630
484.467255
473.724823
465.459869
443.767120
452.786438
448.394440
514.520752
545.010132
518.494080
501.509613
489.443634
480.098206
472.726410
484.895569
460.616516
456.134552
608.581421
554.714417
523.578247
502.611145
529.522705
475.569458
466.871155
460.016602
453.180420
448.082733
592.515747
702.178345
514.347046
495.925140
483.099213
473.855255
467.126068
462.059753
453.601440
452.645294
603.901062
589.122925
523.573975
504.733124
491.574219
506.742065
473.485168
466.109314
458.746735
452.913483
601.888977
547.400330
516.995361
497.230164
483.226837
496.050171
464.750702
458.638641
458.090973
470.677887
600.223694
549.805420
521.997009
503.982880
491.142090
481.037384
473.185211
466.669464
460.515381
427.406891
610.944275
557.089233
613.326782
546.049866
490.298859
478.202118
468.485168
460.911072
454.134033
449.083435
594.461853
542.548950
513.736389
494.835999
481.915741
472.507904
478.738586
486.168457
455.082397
458.208710
603.068420
552.071594
523.653870
504.714111
490.962189
480.809875
472.922424
466.133423
459.145294
453.214447
126.607430
773.903809
517.666199
551.557556
483.536652
472.982361
464.914429
458.440277
452.538727
448.047852
594.042542
542.998352
515.059753
496.852142
484.670990
510.522217
468.521301
466.797943
457.013000
452.644226
701.535217
552.546936
523.126282
502.643799
487.215637
475.303253
466.372101
459.464661
453.020264
469.595306
592.678772
541.612244
513.575562
495.049164
508.869568
472.235199
464.920135
459.570984
454.850983
451.746552
605.339722
553.976990
525.456299
560.321289
492.700867
481.862427
472.738068
464.966187
476.719513
450.918213
598.278564
552.739807
514.837891
495.325562
481.683533
471.956970
464.775818
485.844360
454.022095
450.235901
600.342651
549.548828
521.541504
503.166168
489.760986
439.799988
471.791626
464.867706
429.582184
451.756775
600.709534
1426.579102
516.508789
496.643677
488.817719
472.198883
464.070374
457.628571
451.494995
424.048615
593.098206
543.506165
559.377991
498.834839
485.963684
468.250488
469.400665
463.706024
480.719299
454.254456
609.138611
555.857544
525.534424
504.808502
489.296112
477.141724
425.415192
460.760803
454.278107
417.503906
595.780334
543.349060
628.270264
495.845917
483.107269
478.961395
466.939606
461.748077
456.655273
452.800171
353.501190
553.171570
524.276672
505.369598
491.433350
480.474670
459.238983
462.938873
455.478210
469.175507
596.959900
544.717957
515.641907
496.332672
482.814270
472.893890
465.554932
415.110260
454.679840
451.189331
123.833466
551.053650
522.641479
554.767395
490.678741
480.943848
489.416656
465.741272
458.506042
452.787933
601.728943
1031.941650
517.059326
497.550293
483.801208
473.262299
465.156372
443.252136
452.266296
447.996918
680.824280
543.749939
516.015015
498.488586
486.460541
510.335083
470.648041
464.907990
459.370087
454.616364
608.256348
2982.835693
525.938965
505.509064
515.874207
477.759338
467.796051
460.441986
453.755219
466.916443
593.583862
542.250488
514.764771
495.042480
482.108490
464.906281
464.918610
458.925171
473.854126
450.506561
600.570435
549.779785
521.611450
561.238708
489.560394
479.077576
471.257751
464.401031
457.954926
427.950867
602.168335
548.360168
570.730591
497.972046
483.902435
473.324371
465.090729
477.351105
452.373169
447.867737
602.567200
541.735352
514.179749
517.640137
484.853424
476.169586
484.182465
464.001556
458.552551
454.444763
608.256348
1238.040894
525.832153
505.386322
490.309570
477.761505
468.334625
460.661041
453.757416
448.722168
213.898834
542.237671
513.487854
496.424011
481.479462
497.068939
464.152008
458.137939
453.988464
448.211945
596.060486
546.327698
519.280212
501.749695
497.054169
479.461151
471.617493
485.410461
459.420197
455.486877
608.116821
554.012695
541.439270
500.869446
485.583679
474.704681
466.234070
459.496094
453.066650
448.087982
592.265808
1025.910034
513.306702
542.236877
482.219604
473.691284
471.870300
461.873230
456.567352
452.620728
605.411255
553.027649
524.223999
504.615936
489.633850
491.322021
467.913055
470.981049
464.769989
448.998810
645.531250
542.680542
513.455505
494.317078
481.002869
471.027039
463.431702
457.355682
451.486328
447.272125
594.277466
2356.303467
622.237488
499.621124
493.911621
482.667084
469.199951
463.215912
457.531769
453.023987
604.367676
549.904663
518.521606
497.832947
483.402252
486.413300
449.370239
457.792908
459.314026
468.159149
591.433350
541.473938
513.733276
495.801117
483.759491
475.023285
468.146851
462.763489
457.349426
444.336029
607.355347
555.234680
542.771179
549.773438
490.747253
479.084137
477.311920
460.948334
453.757843
448.372498
594.349792
541.937439
512.955383
523.584167
481.248077
471.896637
476.045502
437.174561
453.919861
450.274811
328.638275
549.723694
521.150696
502.252472
488.590698
478.248413
470.050720
455.336487
456.480530
450.924988
688.433960
545.632813
515.614563
495.748901
499.253784
471.469971
463.370972
463.662720
451.076508
446.628387
592.199524
2981.769287
514.522522
496.704010
522.856384
475.363831
468.705963
463.401154
457.940796
453.587921
606.662231
813.990479
524.756531
505.647583
491.950043
481.148102
471.979492
463.577576
471.574554
450.126953
596.893127
544.069702
514.925049
495.912018
482.469635
495.305725
464.941986
458.965027
457.245667
449.074066
596.707947
546.662659
593.333313
501.356689
489.331207
480.236115
473.027130
467.074432
460.754456
455.527954
607.770203
552.825317
603.550781
499.327393
484.506531
476.303284
492.065918
458.313751
451.849213
447.201263
592.199524
541.535461
513.809631
496.175354
484.288879
475.445374
456.912994
463.085449
457.703552
472.824463
444.203308
553.813354
523.627930
502.757263
486.940887
474.992462
466.030579
459.118652
452.689392
447.772522
592.685120
541.052490
512.640137
546.645508
521.841980
471.365021
467.957672
458.381927
453.381775
450.180664
601.407471
550.517944
522.516235
503.694153
490.140442
479.866272
471.962219
449.098846
483.397522
453.473480
393.251984
550.199524
519.634460
499.053680
484.569702
473.800262
465.589355
459.018433
452.781586
447.938751
592.265808
541.524658
623.362427
496.142792
507.669708
475.427063
468.450897
471.890381
457.340057
453.436462
606.522644
554.366577
525.050598
505.046539
489.754974
477.453613
497.307739
460.387878
453.547638
448.632080
593.031860
733.479065
513.396362
494.527222
481.281921
471.466736
463.939606
457.811340
451.914124
447.472076
195.771851
543.870789
516.919983
500.716064
487.413239
508.499512
469.879333
463.411896
457.815643
452.378418
604.251648
551.490662
521.974060
502.475159
527.665894
478.114960
469.778320
463.876038
456.319916
451.550079
600.989014
549.595825
594.803833
501.459503
487.729706
464.109192
469.145905
462.436584
457.055725
451.323761
600.156494
581.242004
519.931152
500.651794
486.775787
476.282532
457.229889
461.591522
455.444489
408.105621
598.977234
547.992065
593.133423
500.223206
486.570618
511.326447
468.129486
461.515045
455.190491
450.338226
598.491394
547.266785
518.612427
467.096771
485.912140
475.621429
447.964050
461.008057
454.828949
441.705750
598.305786
547.311218
545.254028
499.736908
486.202881
475.977020
467.788391
453.055542
454.828949
450.085022
108.638741
547.206787
518.723267
512.267700
486.210480
475.954041
498.722015
461.505615
455.344574
450.706146
598.305786
547.659485
518.894348
499.739563
452.545135
475.975464
467.836304
436.517914
455.178040
450.476715
145.466843
547.475769
518.967590
523.138977
486.420837
476.193726
468.053009
461.347961
448.729858
450.205566
597.730957
588.005371
518.490479
499.575439
486.070831
475.842438
467.767609
487.601685
455.002350
450.290741
598.381592
547.219360
615.675598
499.424652
485.720825
487.203461
467.371735
460.847076
454.632813
449.987671
597.406616
1114.439087
518.364380
499.364716
485.921997
475.559723
463.955170
460.959320
454.661346
460.192474
597.312073
546.488281
518.038757
499.016510
485.506866
509.049377
467.213348
460.664642
454.697479
449.782043
136.810181
546.871094
518.311646
521.222656
485.831604
475.535309
467.242065
460.618683
454.415558
463.358032
597.126831
546.687683
519.312988
499.306152
493.179108
475.677521
467.588318
476.537842
454.762268
450.081787
597.473572
547.022949
518.175354
555.543213
485.573578
475.319916
468.193359
460.713409
437.025421
449.862640
597.730957
647.028137
518.443726
499.417542
485.889465
475.641571
467.550934
461.864471
454.613983
449.693451
687.572632
546.526184
518.061646
499.059509
485.598694
496.577911
467.331604
460.790070
454.587738
449.844940
597.730957
546.934204
518.485352
499.416107
528.498901
475.432770
467.207245
460.674438
454.348907
467.601532
597.059998
546.750671
518.390747
499.446198
485.914612
475.702759
467.666595
461.165436
451.645813
450.345032
598.424316
579.649719
518.906738
537.651917
486.006531
475.792206
467.758881
461.187012
455.039001
450.425629
598.077576
547.386902
518.981262
500.021118
486.500275
503.245789
468.284607
484.623444
455.477692
450.654724
598.077576
547.228699
518.666077
499.595917
486.128754
475.939331
467.859802
461.368896
455.105682
458.606812
598.216736
747.224548
525.802063
499.870056
486.348999
476.107574
468.059967
461.428375
455.062988
450.340302
598.077576
547.276123
518.958252
500.043793
486.643799
507.195496
497.026520
461.877655
455.595123
451.503998
598.910095
547.896851
519.473938
500.460571
486.934784
476.624847
468.353363
461.617706
455.308838
471.959198
138.510651
547.355347
519.086914
529.330505
486.444733
476.213104
468.134033
461.550812
455.384644
450.674652
598.563354
547.706787
519.159912
548.650879
486.263306
475.869232
467.674469
483.528992
454.867767
450.188873
612.223877
547.171509
518.629700
499.666351
486.086914
475.868835
467.766724
487.969910
455.062927
450.330688
598.077576
2856.117188
518.704529
499.436493
512.066345
475.529633
467.423920
460.929962
454.717194
449.979889
597.478638
1013.897034
518.522827
499.540619
486.271545
475.706543
467.671814
461.157135
474.278473
450.121887
598.010559
548.773071
518.375061
499.361023
485.891907
510.782837
467.859802
461.417603
455.351471
450.840607
598.563354
547.871460
629.594238
500.566162
487.145264
485.089294
468.940216
462.417603
456.063843
472.680145
598.910095
547.830200
519.202759
500.282227
486.795013
476.625305
468.631073
462.035919
455.865143
473.137604
598.842896
548.175476
519.817932
557.161011
487.078369
476.838257
468.805206
462.045959
455.620239
450.763092
597.964294
547.624390
519.116699
520.879150
486.728210
476.503326
492.988037
488.802673
455.617950
450.992279
598.614624
547.982300
519.578308
500.556519
486.959930
476.620575
468.284546
461.663788
455.381287
450.628296
192.667099
1028.828247
519.160400
504.709778
486.639954
476.527771
468.532776
461.989960
455.828156
451.184692
598.842896
548.197632
519.730347
500.607971
489.401825
511.460419
468.279327
486.731995
455.543976
450.696259
598.657288
547.880981
519.422363
500.352631
486.738068
476.393127
468.361115
461.782043
455.561462
467.920135
598.982056
1656.223633
519.802673
500.283051
492.367950
476.100983
467.985870
461.416870
455.215668
450.489624
598.657288
547.763794
519.300720
552.704346
486.608307
468.049530
472.664581
461.616394
478.835358
450.723297
598.842896
548.036255
519.289551
500.067444
486.384094
476.031372
467.896271
483.430237
455.372772
450.655762
604.746887
548.311768
626.560730
501.173279
487.852020
478.162384
470.008331
463.627716
457.500122
452.836456
600.668030
1341.520752
521.203186
502.058289
489.413208
478.262115
469.825195
463.775360
457.502441
465.228851
600.854309
550.168823
521.603333
502.514130
488.932922
507.768860
470.441803
463.560699
458.206512
452.264557
600.021912
549.496826
520.965454
477.533997
488.413177
478.143799
447.734009
463.473297
457.235535
432.128540
600.321594
549.889893
573.862366
502.138672
488.323822
477.905640
469.735657
464.704773
456.888184
452.163605
137.992737
549.538025
520.937012
513.475220
488.416992
478.168701
496.747040
463.501038
457.264313
453.919495
600.786865
549.858215
520.988525
501.750183
461.817444
477.706757
469.678009
435.973755
456.947937
452.170135
134.754456
549.614136
521.066467
534.474976
488.353912
478.094025
470.037231
463.420441
457.563812
452.504974
600.507690
2104.876953
520.943542
501.578674
483.254211
477.590973
469.487213
484.158752
456.720276
451.960632
618.217773
549.341553
520.790649
501.697388
488.062653
449.954834
469.794006
463.192200
425.019287
452.213623
600.440308
3026.304932
520.524536
501.338806
522.753113
477.418854
469.331299
462.806213
456.574188
456.405243
600.093689
549.309937
526.065491
501.577393
488.028625
466.761353
469.664246
463.097351
480.245117
452.155762
600.093689
549.167236
520.362976
550.635620
487.598724
477.387054
472.085358
462.760162
456.505188
451.740509
599.675293
548.932739
601.239868
501.240540
487.678131
477.460175
469.357513
473.478363
456.604065
451.841370
638.799316
549.100647
520.586975
501.600281
488.154724
478.094025
498.923035
463.786224
457.611755
452.984283
601.272583
1807.775391
521.835754
502.640137
492.969574
478.765167
470.682526
463.919159
457.493195
452.565704
387.841644
549.778931
521.176880
502.138672
488.589874
499.013458
470.169647
463.673798
460.191895
452.602753
600.440308
549.988281
521.443054
502.400299
529.735229
478.490509
470.219482
463.378448
457.052551
454.774719
599.768677
549.401733
527.086243
501.877197
488.239288
478.032959
469.950012
463.396057
460.935425
452.365295
600.440308
582.247192
521.189087
552.686157
488.434601
478.053192
472.014709
463.100739
456.921478
452.193390
600.093689
549.737732
597.764832
