-18.793888
-11.852658
-9.457646
-8.201103
-7.458428
-6.976427
-6.657740
-6.384720
-7.486289
-6.023378
-5.890500
-5.759460
-5.644343
-5.508606
-5.368080
-5.281692
-5.446873
-5.064229
-4.950736
-4.858998
-4.712080
-4.597342
-5.372291
-4.362888
-4.254065
-4.128864
-4.011100
-7.147258
-3.787141
-3.663782
-3.577939
-3.413692
-3.292985
-3.178185
-3.054343
-2.924963
-5.700885
-2.664158
-2.549702
-2.530712
-2.297424
-4.437470
-2.058182
-1.931170
-1.795630
-1.673698
-1.554991
-1.425993
-1.302687
-1.178921
-1.048616
-0.918339
-0.805430
-1.580967
-0.562411
-1.894803
-0.308534
-0.163295
-0.040949
0.068569
0.199325
0.305920
0.432236
0.573965
0.691299
0.808482
0.932912
-1.791919
1.182650
-359.482239
1.285953
1.527006
1.659583
1.784067
1.890232
2.017571
2.127493
2.263978
2.374234
2.493000
2.627290
2.737780
2.865736
2.563258
1.141822
3.213037
3.306870
3.412647
3.530457
3.656737
3.772769
3.888098
4.002439
4.117371
1.027559
4.346876
4.457219
4.483593
2.384073
6.249798
-18.785883
-12.362600
-9.405860
-8.195927
-7.469848
-6.981086
-6.631771
-6.392595
-10.158607
-6.034266
-5.899625
-5.776666
-5.642499
-5.513920
-5.398358
-8.694136
-5.172784
-5.066892
-4.990700
-4.837042
-4.718585
-4.598472
-6.670751
-4.369838
-4.257186
-4.134640
-4.019373
-3.906531
-3.789636
-3.650650
-3.545855
-3.432523
-4.426506
-3.178390
-3.044098
-2.919390
-4.046043
-2.655395
-2.554521
-2.443385
-2.311972
-2.172436
-2.069151
-1.937993
-1.809208
-1.687112
-5.118095
-1.443164
-1.315651
-1.632869
-1.671065
-0.939253
-0.815306
-0.704701
-0.567397
-0.439823
-0.312646
-0.171136
-0.045662
0.063228
0.201948
-3.235137
0.435173
-1.735308
0.455549
0.793715
0.893802
1.031722
1.174276
-358.717865
1.417283
1.534191
1.636784
1.774791
1.886844
-0.916788
2.133026
2.266779
2.332010
2.491866
1.630206
2.737370
2.852294
2.965009
3.066801
3.176318
3.313496
3.422708
3.531488
1.479880
3.756841
3.902517
3.982221
4.109318
1.776380
4.341002
4.439276
4.514690
6.112544
6.246510
-18.835674
-11.831485
-9.395437
-10.342927
-7.439836
-6.955855
-6.626150
-6.385021
-6.196243
-6.022969
-5.870201
-10.156402
-5.619037
-5.504774
-10.927513
-5.275159
-5.179194
-8.137141
-4.941536
-4.816613
-4.775174
-4.592222
-4.464429
-4.364888
-4.261836
-5.519118
-4.019508
-3.903414
-8.230537
-3.661406
-3.547299
-7.731819
-3.300336
-3.188730
-4.212422
-2.927128
-2.808310
-2.673444
-2.549726
-2.443624
-3.670029
-2.195686
-4.269244
-1.936757
-1.814304
-1.708020
-1.564157
-1.441395
-1.321333
-1.190191
-1.068629
-0.954553
-0.822369
-0.706293
-1.247069
-0.453428
-3.880641
-0.193662
-0.062587
-0.430895
0.176635
0.312900
0.410803
0.542628
0.673404
0.782391
0.909184
1.030985
0.902421
-358.724121
1.382313
1.484522
1.635978
-0.469390
1.871941
2.020194
-2.069904
2.234527
2.347446
-0.958513
2.600024
2.715964
2.355097
2.926692
3.051748
3.199349
3.298053
3.399738
3.509659
3.643397
0.455059
3.852124
3.969074
-0.028998
4.215946
4.337102
2.308564
4.555480
6.084683
6.169656
-18.835674
-11.824244
-9.374223
-8.158865
-10.691401
-6.936812
-6.616280
-6.737444
-6.179318
-6.011235
-5.861840
-5.755430
-5.623825
-5.494324
-5.405133
-5.277697
-8.884933
-5.059280
-4.944674
-4.865907
-4.714600
-6.134885
-4.484939
-4.365324
-4.261585
-4.133837
-4.027628
-3.907640
-3.801689
-3.673563
-5.828482
-3.440868
-3.306973
-3.200063
-3.062267
-6.391240
-2.817770
-2.676265
-2.866691
-2.454423
-2.314123
-2.193309
-2.073181
-1.946524
-3.194746
-1.704645
-1.574354
-1.454427
-1.333491
-1.187008
-1.075097
-0.966178
-3.322963
-0.703670
-0.570389
-4.720931
-0.333163
-0.196394
-3.197016
0.054294
0.156787
0.046318
0.403467
0.548666
0.666656
0.784590
0.903488
1.016136
1.187458
-359.590790
1.386274
1.497841
1.631033
1.764888
1.864455
2.004102
2.088493
2.234527
2.346148
2.470064
2.587962
1.600212
2.822774
0.294515
3.048701
3.155841
3.198557
3.370505
3.500042
3.627811
3.723140
3.865634
3.962202
4.083869
4.188851
3.831422
4.406593
4.536294
6.049603
6.193087
43.714676
-11.817716
-9.367160
-8.168946
-7.437964
-6.961537
-11.901516
-6.375090
-6.177774
-6.195978
-5.858418
-5.741449
-5.616435
-5.502404
-7.810884
-5.280357
-5.168587
-10.235269
-4.943718
-4.836442
-9.024833
-4.603236
-4.538087
-4.960617
-4.264293
-4.139252
-4.022224
-3.913872
-3.806344
-3.680710
-3.555121
-7.096150
-3.303378
-3.197826
-7.566985
-2.942739
-2.829866
-4.940825
-2.591414
-2.468910
-2.353465
-2.209940
-2.094450
-1.973818
-1.841235
-4.866866
-1.646003
-1.452658
-1.531170
-1.204917
-1.085916
-0.963917
-0.817991
-0.718601
-0.593557
-0.464876
-0.338382
-2.449237
-0.091383
0.028025
0.162306
0.266742
-0.620692
0.517630
0.644021
0.754879
0.890210
0.992749
1.107805
-358.736725
1.365237
0.116981
1.633561
1.739411
1.841191
1.981849
-0.712691
2.208777
2.323786
2.442539
2.554003
2.685133
2.798076
2.899399
3.018457
2.371237
3.276271
3.375655
3.490596
3.600230
3.713162
3.849132
3.968930
1.160118
4.198304
4.303778
0.266665
4.547919
6.056761
3.627442
-18.815977
-11.849995
-9.465720
-8.172594
-7.432227
-6.954953
-6.625945
-8.464267
-6.192220
-6.021958
-11.682787
-5.746702
-5.624829
-10.786335
-5.397784
-5.277420
-5.181961
-5.063539
-4.948014
-4.846465
-4.718046
-4.599924
-5.033727
-4.380172
-6.399926
-4.155852
-4.038169
-3.931454
-3.812943
-3.680738
-3.560149
-3.445653
-3.319542
-6.745314
-3.079865
-2.946649
-2.948848
-2.697100
-5.963793
-2.476201
-2.333426
-2.475355
-2.081753
-1.965369
-1.838380
-1.723989
-1.596764
-3.990975
-1.342179
-1.211659
-1.102951
-0.972400
-0.854587
-0.706600
-0.612244
-3.161803
-0.335554
-0.225477
-4.347466
0.040689
0.151760
-2.720974
0.390217
0.525539
0.483880
0.744975
0.885620
1.003090
1.168443
0.343575
1.374690
1.487022
-2.227081
1.739261
1.835946
-2.074478
2.092386
2.206400
0.982351
2.444656
2.561242
2.695555
2.787694
2.916666
3.034918
3.172705
0.882488
3.379364
3.485494
3.570000
3.717594
3.832029
3.937436
4.069225
4.203269
4.292842
4.394715
4.533658
4.790041
6.216020
-18.847149
-11.859134
-9.387104
-8.989908
-7.418458
-6.956620
-6.629825
-6.360336
-6.166442
-6.021500
-5.876873
-5.729189
-6.406858
-5.474885
-5.342576
-5.199471
-5.065523
-7.508378
-4.796391
-4.652747
-4.555494
-4.423732
-4.294940
-8.231760
-4.123984
-4.040245
-4.516467
-3.961992
-3.907416
-3.828717
-3.774285
-3.724883
-3.647048
-3.495425
-6.942279
-3.104911
-2.876646
-7.113220
-2.525458
-2.375619
-4.201554
-2.075283
-1.930888
-1.796684
-1.643795
-1.507581
-1.323229
-1.226189
-2.963181
-0.941695
-0.789848
-4.893400
-0.560841
-0.459839
-4.328503
-0.406724
-0.338778
-0.260147
-0.196404
-0.149764
-3.370350
-0.078005
0.074976
0.151491
0.364885
-0.858917
0.817810
1.051065
1.296755
-358.558380
1.581864
1.722759
1.785191
1.922406
-0.589373
2.168887
2.277648
2.383247
2.660610
-0.000989
2.896004
2.943041
2.859684
3.115547
3.177163
3.212750
3.241663
3.316860
1.669606
3.410618
3.503448
3.578022
3.732523
3.918025
4.142351
4.316892
1.677714
4.618680
6.179978
2.147385
-18.808327
-11.743881
-13.432119
-8.106997
-7.325430
-7.114260
-6.534885
-6.296857
-6.110995
-5.961367
-6.760700
-5.744666
-5.659957
-10.370061
-5.526820
-5.463064
-10.666865
-5.295967
-5.200188
-7.106172
-4.949043
-4.765409
-4.594572
-4.400217
-4.214451
-5.815320
-3.887257
-6.418816
-3.647636
-3.490943
-3.433902
-3.227560
-3.079178
-2.953972
-2.817548
-2.672127
-2.494524
-2.402914
-2.338799
-3.251557
-2.282595
-2.235212
-2.141626
-2.077985
-2.793193
-1.969595
-1.855724
-1.680363
-1.507538
-1.330477
-1.141466
-0.934158
-0.761054
-0.877027
-0.415070
-0.298916
-0.140538
0.017678
-2.204658
0.261345
0.466591
-3.534259
0.769074
0.918521
-2.867776
1.077564
1.184564
0.494077
1.358896
-358.522491
1.581836
1.645264
1.665266
1.714590
1.728329
-1.319332
1.843890
1.854891
-2.173743
2.235365
2.478625
0.293460
2.802269
3.043516
3.108110
3.238172
3.387330
3.526540
3.655566
0.781992
3.759013
4.075437
4.000841
4.451340
4.572735
4.651079
4.745794
4.806585
6.220795
6.321641
-18.819256
-15.243205
-9.429615
-8.178223
-7.498384
-7.046519
-8.665221
-6.527560
-6.349840
-6.182167
-6.000971
-5.827441
-5.649432
-5.500566
-5.366140
-7.390742
-5.083282
-4.936023
-4.809143
-4.655093
-7.996841
-4.401838
-4.234335
-4.333161
-4.069513
-3.971550
-3.880443
-3.796103
-3.745006
-5.088446
-3.597648
-3.525477
-3.441133
-3.397516
-3.333873
-3.224774
-3.098665
-5.613741
-2.745961
-2.546763
-6.763271
-2.175339
-1.971828
-4.988275
-1.665692
-1.511249
-1.586963
-1.230165
-1.104147
-0.914395
-0.848854
-1.559797
-0.565185
-0.449853
-4.086202
-0.259314
-0.170578
-0.087589
-0.019079
0.012808
0.089332
0.183126
0.214817
0.299351
0.403065
0.494935
0.027475
0.807870
-1.357675
-358.724731
1.490817
1.612643
1.719443
1.833135
1.960884
2.111636
2.176097
-1.059947
2.572037
2.722727
2.572744
2.926621
-0.697410
2.950161
2.981178
2.487535
3.188073
3.251652
3.328461
3.433874
3.532810
0.943706
3.806945
3.864033
3.970709
4.126056
4.267838
4.398536
5.985414
4.271485
-18.628065
-11.788537
-16.754023
-8.102093
-7.361835
-12.642384
-6.514961
-6.260568
-6.754235
-5.871673
-5.697069
-5.562901
-5.485248
-5.401802
-5.318868
-5.215805
-6.731423
-5.197073
-5.006525
-4.938809
-4.870001
-4.810022
-4.762191
-4.650984
-4.546090
-4.427447
-4.305438
-4.162775
-6.591994
-3.803068
-6.839218
-3.487641
-3.304825
-3.322460
-3.063622
-2.899743
-2.779654
-2.606160
-2.442868
-2.315521
-2.100072
-1.935203
-3.382474
-1.742411
-1.602971
-1.509124
-1.436323
-2.496263
-1.303957
-1.240298
-1.121781
-1.001135
-0.959676
-0.891965
-0.819554
-0.710981
-1.431745
-0.560785
-0.443247
-0.264648
-0.110929
-2.878998
0.271344
0.420040
-3.433930
0.775451
0.991583
-2.820996
1.228358
-358.663422
0.518034
1.660263
1.891387
1.994969
2.053542
2.115707
2.191697
2.285835
-0.068542
2.378922
2.441851
-1.672638
2.613510
2.632584
-0.327038
2.787510
2.930370
2.848883
3.225352
3.460806
3.743228
3.954413
3.314632
4.298378
4.381353
3.729188
4.463871
4.559619
6.097374
6.286100
-18.569763
-11.708432
-9.233575
-8.149248
-13.096763
-6.878127
-6.573373
-6.520477
-6.166190
-8.552850
-5.928107
-5.826840
-5.779130
-5.703676
-5.655419
-5.538593
-5.421550
-5.243910
-8.067358
-4.914510
-4.749386
-4.590667
-4.470142
-8.239657
-4.176569
-4.030814
-4.342389
-3.743260
-3.631769
-3.447275
-3.322719
-3.193212
-4.866765
-3.024206
-2.936902
-2.878859
-2.825061
-2.715316
-2.635209
-2.655657
-4.663029
-2.538534
-2.411480
-6.617049
-2.067540
-1.878050
-5.255785
-1.496590
-1.324373
-1.450920
-0.997048
-0.876416
-0.715142
-0.576082
-0.470217
-0.316756
-0.142246
-0.888579
0.226002
0.311028
0.458053
0.538406
0.578539
0.697810
0.766705
0.852482
0.923336
0.949705
1.067698
-360.151306
1.039752
-1.711856
1.284797
1.439211
1.506348
1.819946
2.021830
2.197425
2.347911
2.533571
2.658573
2.814660
2.914162
2.415972
3.148600
3.285130
3.416133
3.519690
2.977655
3.788757
3.987565
4.053990
4.089333
4.138442
0.698276
4.307514
4.422139
4.287723
5.833927
5.921115
-18.497486
-11.715289
-13.484767
-8.139071
-7.434850
-13.833200
-6.646839
-6.389358
-12.027251
-6.008003
-5.828796
-6.853923
-5.517520
-5.367413
-5.236953
-5.098827
-4.976601
-4.863080
-4.742795
-7.961287
-4.547326
-4.482371
-9.360951
-4.437117
-4.257834
-7.535313
-4.144888
-4.060590
-4.136348
-3.854267
-3.717449
-7.182705
-3.381599
-6.778507
-3.126067
-2.828217
-3.069042
-2.603981
-2.442513
-2.321371
-2.223876
-1.995063
-1.913512
-1.758428
-1.642675
-4.205055
-1.413606
-1.217816
-1.187359
-1.129403
-2.725305
-1.025286
-0.995705
-0.931218
-0.912732
-0.735119
-0.555268
-0.377804
-0.164166
-1.769585
0.275031
0.459585
0.606638
0.706785
-2.648978
0.923079
1.087520
0.900023
1.443358
-358.410553
1.629183
1.801784
1.799056
0.296465
1.965733
2.069303
2.078452
2.188437
2.297436
2.360399
2.290016
0.306642
2.518202
2.654700
-1.351061
2.994669
3.184815
-0.024277
3.482987
3.657372
3.502389
3.963189
4.091751
4.223157
4.323467
4.429999
4.545820
4.677734
5.457296
6.314442
-18.806797
-11.867520
-9.470787
-8.272438
-7.478481
-7.032653
-6.701466
-6.453398
-6.279810
-6.160570
-7.240705
-5.975916
-9.616310
-5.690460
-5.544934
-5.421028
-5.221077
-5.046866
-4.875618
-4.711537
-4.578372
-4.447626
-4.319494
-4.180349
-4.428113
-3.919541
-3.807528
-3.649153
-3.506993
-4.148599
-3.179962
-3.079023
-2.992101
-2.904147
-2.803427
-6.065303
-2.657773
-2.611057
-2.591373
-2.400365
-2.423939
-2.485388
-2.276372
-3.706084
-1.860189
-1.667701
-5.659975
-1.197059
-1.044000
-4.764231
-0.721218
-0.568354
-1.117283
-0.277302
-0.108190
0.029316
0.127519
0.260245
0.334561
0.698231
-2.282588
1.060136
1.158189
-2.967447
1.397377
1.483127
-1.168259
1.592030
1.507822
-358.607086
1.532823
1.615894
-1.160260
1.808738
-1.345365
2.259045
2.554735
2.412357
2.874559
3.252476
3.407694
3.487092
3.564451
3.676019
3.834269
4.216986
2.243704
4.424430
4.664439
4.811838
4.786942
3.487255
4.875897
4.943449
4.559710
4.592852
4.637180
4.753221
6.266462
6.500879
65.498856
-11.659664
-9.270772
-8.047438
-7.354786
-12.122995
-6.566400
-6.241648
-6.431884
-5.893106
-5.865973
-11.216406
-5.467632
-5.159993
-6.548001
-4.833150
-4.700309
-4.522318
-4.392163
-4.254472
-4.174343
-4.137593
-6.741556
-4.351203
-4.327454
-9.093233
-4.255709
-4.167306
-7.577097
-3.820466
-3.632204
-3.790543
-3.350242
-2.953737
-2.504100
-2.368542
-3.050464
-2.085610
-1.959181
-5.805163
-1.687549
-1.504348
-1.322523
-1.199752
-1.104968
-1.006088
-1.076140
-1.272396
-1.256392
-1.078750
-1.089119
-1.542919
-0.920266
-3.228853
-0.596672
-0.440478
-0.333792
-0.223319
-0.103118
0.143442
0.388371
0.692139
-2.441143
0.978449
1.117681
1.295830
1.517112
-1.850590
1.734898
-358.138611
1.507975
2.064487
2.150934
2.191966
2.184436
2.257570
-0.129106
2.320956
2.333731
2.459300
2.436291
2.504952
2.622253
2.839553
0.976886
3.081761
3.371614
-0.506878
4.011063
3.976970
0.746578
4.195949
4.196949
3.968985
4.565406
4.668373
4.751996
4.893636
6.410873
6.555722
-19.155313
-13.307201
-9.557914
-8.321096
-7.525500
-7.055699
-6.758423
-6.545496
-6.353426
-6.103661
-5.972387
-5.871687
-5.636406
-8.005327
-5.404409
-8.437614
-5.115322
-4.961321
-4.894305
-4.701286
-4.500518
-4.390903
-4.249292
-4.133226
-4.012149
-3.957965
-3.921474
-5.106420
-3.985348
-3.727104
-3.780342
-3.713543
-4.367768
-3.420076
-3.229961
-2.827896
-2.846781
-2.659346
-2.423152
-2.424209
-2.252194
-2.571196
-1.948742
-1.766651
-1.634547
-1.486339
-3.634216
-1.188624
-1.048044
-0.939810
-0.789349
-0.745385
-4.457969
-0.595391
-0.292455
-0.902568
-0.315391
-0.157244
0.021875
0.252110
0.412482
0.505812
0.668588
-2.547172
0.784190
0.933133
-3.080398
1.264659
1.410997
-0.479313
1.738207
2.006909
2.032048
2.251757
2.287517
2.351335
2.370593
0.817536
2.640530
2.726511
2.693024
2.832801
2.907769
3.141105
3.356251
3.459737
3.670073
3.782584
3.872970
1.147448
4.058346
4.096842
4.244965
4.489138
3.666335
4.675900
4.753239
4.817698
6.269310
6.354280
-18.838024
-11.870213
-9.420463
-11.198928
-7.422706
-7.027503
-6.648587
-6.385055
-10.285976
-5.704443
-5.831583
-5.794834
-5.558563
-5.412519
-5.257185
-5.119089
-4.989264
-6.249850
-4.768691
-4.710824
-4.643487
-4.579064
-4.503624
-4.446563
-4.397207
-7.546771
-4.287506
-4.155323
-8.680264
-3.849553
-3.678488
-6.416343
-3.274332
-3.115367
-2.994446
-2.774928
-2.611915
-2.488837
-2.339855
-3.415891
-2.069234
-1.958829
-6.010962
-1.824394
-1.810615
-5.979354
-1.769534
-1.696612
-2.888726
-1.501839
-1.321052
-1.162942
-1.009570
-0.909409
-1.553526
-0.480476
-2.164146
-0.072139
0.030358
0.175189
0.240375
0.391201
0.504964
0.641762
0.793383
1.059574
1.150440
1.236792
0.963715
-358.538696
-1.862628
1.628981
1.697996
1.472337
1.939191
2.004839
2.022609
2.066654
2.086451
-0.715659
2.421606
2.570946
2.713341
3.176472
3.235288
3.289699
3.431371
1.430724
3.695754
3.839437
-0.188297
4.012763
4.162484
0.865252
4.413004
4.587483
4.207589
4.774361
6.260957
6.371847
-18.945492
-11.905428
-9.463124
-8.274200
-13.617483
-7.082459
-6.768122
-13.138985
-6.350735
-6.185233
-8.955827
-5.856668
-5.730247
-5.352256
-5.367383
-5.194409
-5.067391
-4.921720
-8.121016
-4.679935
-4.521941
-4.494044
-4.259983
-4.159256
-4.017575
-3.901592
-3.801204
-3.726449
-3.628234
-3.566186
-5.548536
-3.426151
-3.381965
-3.341226
-3.259263
-4.203120
-3.018308
-2.783741
-2.572529
-2.224563
-2.263478
-2.102242
-1.958359
-1.784662
-2.794818
-1.490184
-1.351383
-1.183822
-1.112698
-3.562972
-0.786146
-0.619204
-0.665363
-0.467817
-0.399935
-4.282556
-0.279301
-0.122997
-0.953203
-0.107226
0.000990
0.217141
0.306369
0.609537
1.043969
1.295898
-1.316679
1.040547
1.329923
-2.843597
1.599800
1.721912
-0.883159
1.974943
2.022601
2.261586
2.340062
2.471138
2.539539
2.592557
1.591560
2.785905
2.936332
-0.947418
2.927219
2.952411
3.037952
3.159827
3.267679
3.428725
3.562481
3.813362
0.630955
4.163973
4.339566
4.204487
4.505037
2.890779
6.144919
6.270077
-18.356359
-11.603383
-9.211390
-8.003041
-7.332069
-6.864029
-11.133223
-6.454525
-6.307090
-6.246139
-6.101280
-10.579395
-5.878045
-5.728087
-5.945606
-5.412719
-5.252838
-5.015318
-4.874757
-4.736417
-6.871451
-4.449133
-4.330190
-4.179863
-4.083965
-3.864485
-3.788148
-3.649509
-6.115113
-3.433228
-3.362012
-7.886189
-3.282949
-3.238410
-6.736596
-3.157866
-3.117765
-3.314597
-2.849715
-2.651825
-2.454859
-2.296172
-2.816995
-1.883946
-1.682242
-5.450437
-1.364244
-1.280490
-5.330101
-0.967534
-0.775504
-2.224934
-0.538492
-0.401947
-0.343722
-0.304038
-0.229686
-1.673095
-0.214955
-2.674680
-0.123674
-0.051791
-0.001768
0.270022
0.458977
0.672220
0.925372
1.149365
1.372721
-358.427094
1.560294
1.020752
1.736068
-1.638022
2.015006
2.264223
1.921385
2.479088
2.566709
2.664001
2.712258
2.780018
-0.557091
3.025511
2.993131
2.795037
3.090736
3.152636
3.222033
3.279157
1.360701
3.572421
3.777214
-0.096350
4.193346
4.426311
1.231614
4.632006
6.139038
5.979159
-18.343040
-11.530000
-9.171366
-8.005678
-7.285255
-6.798842
-6.485482
-11.895031
-6.054004
-5.918406
-11.833181
-5.727618
-5.652847
-8.277715
-5.568463
-5.496689
-5.434370
-5.317990
-5.190760
-5.017018
-4.878098
-7.985710
-4.596108
-4.355338
-4.270989
-4.021809
-3.863949
-3.734721
-3.608095
-3.471456
-3.307378
-3.201900
-3.030724
-5.685026
-2.802965
-2.666403
-2.614794
-2.531639
-3.397766
-2.413855
-2.394522
-2.337679
-2.317811
-2.201202
-2.067595
-1.930909
-1.771917
-3.144872
-1.465484
-1.329206
-1.188813
-1.066001
-3.569362
-0.774649
-0.648704
-0.592587
-0.380838
-0.277960
-0.153074
-0.000566
0.117336
-0.506709
0.312052
0.391176
0.427354
0.456850
0.563986
0.703395
0.807823
-1.914185
1.079981
1.207763
-2.835815
1.513496
1.621573
-0.948452
1.784071
1.907907
1.914262
2.112723
2.211605
2.337763
2.468150
1.436755
2.720839
2.850033
-0.918442
3.084559
3.185020
-0.682558
3.351742
3.456902
3.581815
3.704664
3.840860
3.948621
4.058137
4.213486
5.372704
5.881507
77.481842
-11.645554
-9.241334
-8.068693
-7.367696
-6.919641
-6.605366
-6.381913
-6.187350
-10.580733
-5.894693
-5.790715
-5.749767
-5.546937
-9.997814
-5.325958
-5.232934
-5.667358
-5.032534
-4.909743
-4.797539
-4.706811
-4.595495
-7.032007
-4.374868
-4.263942
-4.155688
-4.034470
-3.929898
-3.796934
-3.689639
-6.014611
-3.447487
-3.339870
-7.727765
-3.093112
-2.986253
-6.366241
-2.754071
-2.630167
-2.832613
-2.398112
-2.271496
-2.144340
-2.010842
-1.911614
-1.787244
-1.665098
-2.516535
-1.439186
-1.306695
-1.175510
-1.051979
-0.913999
-0.813462
-0.697676
-0.582930
-0.463837
-0.347830
-0.209952
-1.872790
0.034092
-2.768965
0.266580
0.384050
0.370121
0.605664
0.735852
0.850006
-359.030792
1.086238
1.198706
1.316489
1.450658
0.576677
1.702986
1.791557
1.906951
2.024201
1.243608
2.257736
2.376531
2.485390
2.598420
2.706864
2.818184
2.944112
3.045654
2.745443
3.271282
3.394670
3.582495
3.616014
0.982847
3.858202
3.960854
0.036454
4.166842
5.649491
1.998411
-18.386509
-11.606771
-10.255084
-8.073652
-7.381752
-6.920556
-6.606772
-6.373895
-6.197807
-6.035147
-10.149116
-5.771502
-5.648625
-11.195292
-5.440500
-5.339561
-8.649056
-5.133138
-5.020144
-5.011704
-4.808638
-4.696038
-4.552846
-4.483847
-5.655883
-4.255263
-4.155065
-4.541559
-3.925678
-3.805032
-3.688674
-3.584954
-3.457066
-3.343340
-3.224227
-3.104969
-6.312314
-2.858993
-2.762657
-2.669478
-2.520122
-4.114935
-2.255984
-2.156075
-2.020104
-1.917454
-1.785987
-1.655918
-1.538916
-1.408539
-3.564551
-1.173508
-1.059786
-0.933998
-0.823038
-4.230578
-0.573012
-0.428839
-0.763610
-0.200718
-0.075890
0.051126
0.149480
0.286920
-1.217506
0.515563
0.632998
0.766984
0.880824
-359.006561
1.102781
1.228690
-0.848517
1.468444
1.592777
-2.481147
1.784180
1.925870
-1.400183
2.142243
2.252053
1.964274
2.472986
2.591412
2.702028
2.816258
2.929270
3.035621
3.152016
2.259321
3.383673
3.490329
3.600988
3.702116
3.819946
3.913644
4.018365
4.163687
5.673219
5.829372
-18.318220
-12.917526
-9.258820
-12.854347
-7.378091
-6.919873
-6.810811
-6.353335
-6.174161
-6.032866
-5.891094
-5.779541
-5.649220
-5.534219
-5.408542
-5.965445
-5.222474
-5.126452
-5.019824
-4.907182
-5.929356
-4.685518
-4.577935
-4.474763
-4.366659
-4.246387
-7.958520
-4.031250
-3.919820
-3.989549
-3.696482
-3.578059
-3.447333
-3.331148
-4.663072
-3.082068
-2.975492
-7.107285
-2.731003
-2.620287
-6.565831
-2.359890
-2.247781
-3.138481
-2.023048
-1.903117
-1.781459
-1.660289
-1.549066
-1.414925
-1.279600
-4.093606
-1.047437
-0.925562
-5.080568
-0.685914
-0.555281
-3.143034
-0.310277
-0.190063
-0.174764
0.059650
0.150422
0.272891
0.391850
-2.943983
0.546282
0.753488
0.411713
-359.024841
1.100240
1.227802
1.350135
1.474290
1.578885
1.734637
1.819561
-0.479108
2.032984
2.169796
2.282639
2.400505
0.977790
2.623459
2.744976
2.856747
2.971337
3.065796
3.177186
3.304517
3.417333
1.986355
3.641409
3.753780
3.864731
3.977411
0.758091
4.212372
5.696490
5.504993
-18.423761
-11.691972
-16.385630
-8.091219
-7.382708
-8.908059
-6.597962
-6.357338
-6.180615
-6.041321
-5.887938
-5.770423
-5.643325
-8.743035
-5.434462
-5.313903
-10.556975
-5.129624
-5.024099
-8.700679
-4.808731
-4.701290
-4.924547
-4.480191
-4.378477
-4.257884
-4.160509
-4.824430
-3.933875
-3.824349
-7.763118
-3.584809
-3.454075
-3.345036
-3.217435
-3.099960
-2.987213
-2.868190
-2.734547
-2.634388
-2.511345
-2.393625
-2.845225
-2.154449
-4.689349
-1.908581
-1.783303
-1.681913
-1.541020
-1.413805
-1.298021
-1.187736
-1.069929
-4.366851
-0.821603
-0.699042
-0.717676
-0.455422
-0.340685
-0.220361
-0.126488
-0.581841
0.130150
0.255378
0.372452
0.488256
0.614748
-1.785895
0.834515
-359.038177
1.066581
1.193296
1.305711
1.430591
1.523342
-0.444344
1.761231
1.871106
-2.166121
2.095702
2.216413
-1.012992
2.451157
2.550936
2.322857
2.784491
2.898930
2.999858
3.106158
3.219570
3.331313
3.428755
2.564575
3.629613
3.772920
3.894246
3.976264
4.124488
5.637381
5.778310
-18.339790
-11.613206
-9.219451
-8.037834
-10.633797
-6.890927
-10.857910
-6.333207
-6.160070
-6.151663
-5.871464
-5.759091
-5.637779
-5.538925
-5.440418
-5.314504
-5.226227
-5.124423
-6.509252
-4.919527
-4.799906
-4.698982
-4.581596
-5.378372
-4.369183
-4.252678
-4.146752
-4.032807
-3.926003
-3.808484
-3.694690
-3.577339
-4.102890
-3.334579
-3.224658
-3.097415
-2.984406
-5.649504
-2.742576
-2.641170
-2.606080
-2.416520
-2.263340
-6.027822
-2.041852
-1.911061
-2.500630
-1.693921
-1.566298
-1.424870
-1.316715
-1.194395
-1.077176
-0.934189
-3.934271
-0.707716
-0.586085
-4.725643
-0.341874
-0.227929
-2.629138
0.001580
0.126940
0.195040
0.365185
0.476795
0.589517
0.716878
-0.422950
-359.043945
1.070542
-2.820328
1.313334
1.436998
1.529038
1.653262
1.771094
1.886761
2.007877
2.114826
-1.161880
2.346779
2.444545
2.378733
2.688600
0.977209
2.908950
3.002057
3.116834
3.235013
3.347856
3.461587
3.572356
3.691352
1.212609
3.915270
4.019089
4.142636
5.679359
2.510409
-18.340471
-11.631469
-9.626735
-8.079608
-7.381793
-6.909478
-6.611540
-6.360412
-8.733993
-6.037770
-5.894563
-5.782376
-5.662867
-5.565010
-5.449434
-5.345326
-8.345472
-5.136277
-5.031223
-10.017102
-4.822414
-4.708496
-8.206851
-4.493198
-4.388995
-4.483562
-4.157896
-4.047188
-3.947639
-3.821441
-4.572101
-3.601864
-3.472948
-7.402363
-3.241805
-3.126348
-7.402501
-2.891508
-2.765813
-4.286720
-2.528537
-2.402040
-2.279050
-2.170418
-2.052445
-3.369654
-1.805303
-4.335026
-1.573647
-1.440265
-1.399620
-1.208424
-1.093548
-0.979063
-0.858719
-0.735706
-0.606781
-0.476541
-0.349769
-0.934581
-0.130532
-0.010878
0.123156
0.237756
-0.314651
0.468011
0.576445
0.714255
0.818328
-359.059753
1.049847
1.164227
1.288253
1.173147
1.521784
1.640558
1.755944
1.868169
-0.426362
2.101453
2.214310
-1.759928
2.449121
2.561892
-0.865448
2.790522
2.883706
2.489581
3.136075
3.288228
3.371475
3.610697
3.729511
3.899679
4.072731
1.026024
4.458161
4.638788
2.092335
6.357339
-18.389719
-14.660522
-9.201965
-8.002563
-7.279408
-6.767711
-6.406355
-6.157473
-5.972807
-8.074526
-5.673730
-5.577935
-5.782020
-5.358342
-5.284703
-5.218089
-5.133552
-5.076882
-4.985604
-4.942760
-4.890611
-8.349254
-4.828815
-4.701366
-4.592478
-4.394306
-5.641059
-4.038057
-3.826694
-3.613826
-3.458093
-3.308047
-3.175340
-3.022006
-2.879057
-4.923152
-2.569469
-2.463398
-2.361267
-2.228559
-5.416771
-2.058372
-2.018444
-2.148732
-1.881841
-1.890153
-1.894826
-1.781901
-1.648008
-2.841103
-1.288677
-1.060858
-0.846746
-0.541965
-0.392777
-0.276431
-0.144172
-2.531076
0.183764
0.236893
-3.927065
0.509896
0.564427
-2.574929
0.800296
0.857823
0.633559
0.935307
1.016389
-358.899231
1.148679
0.418124
1.268460
1.401740
-2.118939
1.735785
1.930592
-1.933965
2.289185
2.499830
2.694732
2.858169
2.989908
3.116476
3.224988
3.324281
2.535086
3.603305
1.501645
3.900622
3.989716
3.993529
4.149643
4.279663
4.365466
4.477804
4.527379
4.616938
6.117134
6.244833
16.471529
-11.875553
-15.497309
-8.199574
-7.537535
-7.853055
-6.687505
-6.428413
-6.218182
-6.031827
-5.888471
-9.932174
-5.554287
-5.413783
-5.359644
-5.135731
-5.017285
-4.889806
-4.762117
-7.045734
-4.494415
-4.419371
-9.163636
-4.189613
-4.098268
-8.055977
-3.936637
-3.879451
-4.391243
-3.806964
-3.614455
-3.609354
-3.527322
-3.447217
-3.284514
-3.110713
-6.646600
-2.778697
-2.574123
-6.845374
-2.270205
-2.109666
-4.033234
-1.797899
-1.648193
-1.517170
-1.357851
-1.224291
-1.130805
-1.047823
-3.769470
-0.873629
-0.683204
-0.727589
-0.497484
-0.455095
-0.383256
-0.250517
-0.178031
-0.144737
-0.057312
0.020814
-1.755815
0.302438
0.438418
0.649926
0.848259
-0.102158
1.134128
-358.673309
1.516362
1.688308
1.878887
2.039188
2.121735
2.196413
1.157620
2.569247
2.574359
2.623744
2.697464
-0.178274
2.880066
2.925504
2.769838
3.078817
3.242564
-0.713395
3.283792
3.313267
2.364718
3.673104
3.764011
3.975242
4.184377
4.373732
4.604860
4.785323
3.526053
6.405219
-18.432365
-18.430801
-9.323297
-8.061549
-12.002826
-6.946279
-6.711009
-6.719065
-6.387721
-6.143009
-6.032739
-5.925106
-6.985868
-5.706558
-5.592369
-10.319147
-5.270398
-5.111627
-4.931219
-4.754076
-4.582887
-4.401540
-4.282029
-4.135697
-4.053176
-3.966180
-3.836364
-4.260465
-3.628889
-5.948834
-3.428863
-3.365888
-3.318649
-3.302088
-3.111021
-3.052210
-3.083007
-2.904454
-5.952103
-2.562927
-2.452257
-2.341845
-2.082907
-5.473443
-1.746063
-1.572611
-1.823417
-1.274957
-1.149534
-1.025058
-0.893052
-0.764974
-3.000448
-0.540483
-0.398214
-0.267784
-0.083192
0.026980
0.133344
0.175120
-1.616194
0.250363
0.327051
-3.803352
0.486325
0.600366
-2.896160
0.747368
0.777224
-359.577698
1.097057
1.210426
1.325177
1.490000
1.678892
1.876596
2.065857
1.283491
2.445487
2.624782
2.716465
2.805972
2.864506
3.005144
3.116238
3.196317
3.442580
3.570425
3.638415
1.794171
3.922166
1.028243
4.063774
4.116340
3.973953
4.176320
4.261821
4.261680
5.776635
5.896893
-18.240232
-11.630787
-9.305019
-9.986256
-7.449016
-7.015264
-6.678415
-6.445748
-7.620904
-6.162933
-6.008027
-5.885252
-5.752561
-5.635545
-5.532816
-5.378196
-5.245526
-5.753911
-4.969591
-4.805723
-4.625521
-4.473011
-7.621618
-4.199945
-4.078030
-8.486590
-3.864589
-3.754339
-8.034724
-3.526578
-3.434690
-4.295863
-3.148360
-3.047955
-2.946290
-2.882432
-2.814956
-2.776515
-2.740042
-5.814350
-2.643728
-2.582323
-6.862872
-2.294167
-2.218658
-4.834225
-1.831354
-1.687671
-1.666914
-1.439780
-1.308567
-1.139672
-0.980706
-1.705147
-0.622012
-0.432733
-0.638869
-0.073874
0.084371
0.210719
0.320288
0.413058
0.531028
0.683890
0.843804
-2.413660
1.072671
1.218460
1.220462
-358.567780
0.010756
1.528795
1.502571
1.481926
1.509435
1.558063
1.674310
1.920775
2.006401
-0.019745
2.445047
2.589551
2.629548
2.754380
-0.481332
2.956024
3.162548
3.005008
3.546050
3.758028
3.977039
4.137544
4.255101
2.793715
4.429554
4.512174
4.522836
4.600922
6.106697
6.319927
-18.374569
-18.487667
-9.403633
-8.203944
-14.728523
-7.067405
-6.766422
-11.431807
-6.378766
-6.200766
-6.284178
-5.916411
-5.768714
-5.662087
-5.544100
-6.284784
-5.286418
-5.142626
-9.509853
-4.833959
-4.679360
-9.359400
-4.390040
-4.216587
-5.798199
-3.976458
-3.909776
-3.760825
-3.696077
-3.607262
-4.711681
-3.463529
-5.658834
-3.308838
-3.263508
-3.234514
-3.149567
-3.083030
-2.884139
-2.864627
-2.643387
-2.424586
-2.279904
-2.115933
-2.408920
-1.811989
-5.256769
-1.494445
-1.318554
-1.560524
-0.991926
-0.800430
-0.644060
-0.495192
-0.398446
-3.552422
-0.171493
-0.086988
-0.097558
0.121094
0.231933
0.337475
0.403631
-1.318448
0.406562
0.415227
-3.753691
0.558390
0.809121
-2.351632
0.957694
1.251640
1.103811
1.616167
1.722961
1.927030
2.094449
1.641721
2.455664
2.633033
-0.930105
3.046463
3.064139
-0.997060
3.282458
3.396585
1.717164
3.510681
3.585269
3.672699
3.768705
3.873051
3.918154
3.874961
1.597327
3.859002
3.959694
4.148585
5.639321
5.797605
-18.402901
-11.819382
-9.451089
-8.257589
-7.499532
-6.997000
-9.915938
-6.359073
-11.887470
-5.925365
-5.754162
-6.415978
-5.524931
-5.421405
-5.323075
-5.224432
-5.151518
-5.094787
-5.047879
-5.017384
-6.395895
-4.903522
-4.767155
-4.667177
-4.471962
-6.608934
-4.126994
-3.989700
-3.837979
-3.637847
-3.455075
-3.288657
-3.143074
-2.995024
-3.487845
-2.767626
-2.656772
-2.500333
-2.415058
-2.352817
-2.220475
-2.107542
-5.788121
-2.038370
-1.997920
-6.353477
-1.988673
-1.920758
-3.625252
-1.496286
-1.472553
-1.093595
-0.880630
-0.707447
-0.566250
-0.413882
-1.992394
-0.042087
0.099562
-4.028957
0.318621
0.439477
-3.244810
0.625465
0.758782
0.359725
0.924456
1.049686
1.224410
-358.640717
1.504081
1.276269
1.652166
0.667180
1.549365
1.625040
1.851963
1.785045
2.056835
2.248903
2.449883
2.547122
-0.224010
2.827272
2.993718
3.146538
3.373185
1.340675
3.733108
3.879749
3.944466
4.050581
4.140450
4.238047
4.372105
4.477066
2.262529
4.616050
6.026326
6.058956
-18.126593
-11.653477
-9.371627
-8.211117
-8.465089
-7.055596
-6.761688
-13.034067
-6.292760
-6.105682
-8.934607
-5.754474
-5.590125
-5.467208
-5.284751
-5.149203
-5.027779
-4.912168
-6.619092
-4.652409
-4.561173
-9.298460
-4.377612
-4.254968
-8.494181
-4.123077
-4.068820
-4.676132
-3.991439
-3.940656
-3.908274
-3.819662
-3.627549
-3.492752
-3.294814
-4.331774
-2.931195
-2.770385
-2.648726
-2.537526
-2.344859
-2.149521
-1.933149
-1.785564
-1.640359
-1.501229
-1.426952
-2.549409
-1.206661
-4.354106
-0.940891
-0.844662
-0.801619
-0.608116
-0.560417
-0.554406
-0.574816
-0.593857
-0.540851
-0.426947
-0.183452
-0.436481
0.146994
0.306905
0.481298
0.643082
-0.359947
0.980359
1.020856
-358.761047
1.372805
1.566088
-1.627350
1.882531
1.979817
1.993214
2.298589
2.375638
2.406883
2.527711
1.314241
2.683862
2.758420
-1.214615
2.780015
2.797796
-1.061186
2.956240
3.220708
2.431291
3.525632
3.673719
3.750589
3.870200
3.973017
4.170630
4.269900
1.851702
5.992899
6.211344
84.965378
-11.599381
-9.276182
-12.849622
-7.342615
-6.910448
-6.885376
-6.346696
-6.187487
-10.597461
-5.973999
-10.723547
-5.941839
-5.776329
-6.285066
-5.636339
-5.504181
-5.378232
-5.212080
-5.062193
-4.929966
-4.779986
-4.660089
-7.045495
-4.319789
-4.141944
-3.968218
-3.808296
-5.485541
-3.521349
-3.410431
-3.303112
-3.164593
-3.063444
-2.950408
-2.839350
-2.775532
-4.315735
-2.687535
-2.671589
-2.626796
-2.547700
-5.832483
-2.209145
-2.053251
-2.145575
-1.672620
-1.522920
-5.555600
-1.135748
-1.038289
-2.696224
-0.804173
-0.626803
-0.460942
-0.312112
-0.200029
-0.095335
0.067050
-1.774544
0.304264
0.400408
-3.760517
0.508819
0.511706
-2.830670
0.525204
0.592705
0.402465
-359.033020
1.071840
1.288878
1.332008
1.430304
1.534748
1.615723
0.718056
1.876707
2.081520
2.237155
2.460402
2.628360
2.766302
2.926419
3.083494
3.214724
3.363896
3.284677
2.588629
3.551593
0.941648
3.786363
3.898169
3.975474
4.058948
4.080075
4.119124
4.162266
5.806948
2.521741
-18.306746
-11.697094
-9.617500
-8.183235
-7.460859
-7.017572
-6.694602
-7.694887
-6.235291
-6.036677
-5.857162
-5.697176
-5.582885
-9.284984
-5.305576
-5.199095
-5.153123
-4.980501
-4.859683
-4.750179
-4.648867
-6.329913
-4.401423
-4.281136
-8.950794
-4.211214
-4.185950
-8.307080
-4.084790
-4.006639
-4.638444
-3.767138
-3.612207
-3.465218
-3.263597
-3.097494
-2.923580
-2.754446
-5.895675
-2.414107
-2.283818
-6.535103
-2.024420
-1.887928
-4.393937
-1.641091
-1.529152
-1.544449
-1.431095
-1.347955
-4.051263
-1.316840
-4.653067
-1.148466
-1.003191
-1.129016
-0.655152
-0.468154
-0.297150
-0.161704
0.007219
0.198508
0.342269
0.530293
-1.087323
0.791256
0.931942
1.074739
1.208905
-359.674500
1.437596
1.523085
1.727626
1.756241
1.825441
1.855572
1.897835
2.024812
1.233456
2.047276
2.162879
2.281059
2.378320
-0.531856
2.644395
2.857703
-0.881409
3.227925
3.414760
-0.259332
3.815232
4.013904
3.041766
4.131564
4.250569
4.344752
4.457444
4.549600
6.060969
6.137619
21.786432
-11.652875
-9.443563
-15.449315
-7.468523
-7.001480
-11.453203
-6.506058
-6.367872
-6.504176
-6.152970
-6.052462
-5.896575
-5.770783
-6.773057
-5.486711
-5.334243
-5.711717
-5.032941
-4.895840
-4.720344
-4.559344
-4.369477
-4.278559
-4.161906
-4.019869
-7.751998
-3.810847
-3.667380
-3.774099
-3.497718
-5.265261
-3.373821
-3.339788
-3.262968
-3.171212
-3.113971
-3.038203
-2.932903
-2.815265
-5.332528
-2.579133
-2.432777
-2.275753
-2.158962
-5.426108
-1.930685
-1.819549
-1.918203
-1.526701
-1.290904
-1.145764
-1.035163
-0.871802
-2.378026
-0.657665
-0.493550
-0.304120
-0.126695
0.090003
0.260196
0.458670
-1.629839
0.717959
0.826346
-3.305546
1.038876
1.147275
-1.898052
-358.667999
1.432255
1.358232
1.662985
1.708702
1.726349
1.792830
0.988654
1.811779
1.931242
-1.734655
2.184366
2.418468
-1.496078
2.643854
2.736439
1.327687
3.004737
3.115220
3.276995
3.482635
3.743952
2.658562
4.138544
1.826403
4.406379
4.308443
4.355414
4.541471
6.096097
6.276691
-18.316185
-11.698678
-9.364373
-8.219436
-7.504340
-7.804096
-6.758110
-11.959056
-6.424611
-6.274866
-6.733291
-5.971428
-5.809435
-5.686929
-5.562295
-5.427503
-9.534761
-5.148325
-4.995300
-5.011468
-4.717933
-4.561090
-4.404346
-4.231668
-6.352291
-3.996280
-3.913601
-8.527701
-3.782342
-3.701026
-7.463370
-3.634686
-3.565693
-3.901051
-3.348390
-3.192806
-3.089263
-3.032640
-2.955337
-2.711193
-2.586989
-6.181033
-2.309997
-2.131500
-6.284307
-1.760844
-1.587263
-3.520997
-1.218710
-1.039046
-0.936519
-0.792261
-0.705880
-0.575263
-0.434550
-3.172554
-0.242404
-0.056703
0.041095
0.268366
0.365804
0.384112
0.361885
0.339143
0.321609
0.325465
0.377030
-1.905232
0.707965
-359.190491
1.074490
1.232638
0.718342
1.469659
1.544078
1.658180
1.841035
1.948615
2.137268
2.303544
2.533321
1.547824
2.905174
3.069880
3.234865
3.362933
0.816877
3.437646
3.532055
3.602710
3.688915
3.725478
3.785451
3.830476
3.860756
3.286284
3.903987
4.094982
5.524704
5.627291
-18.389349
-11.742037
-9.395082
-14.390184
-7.516266
-7.050685
-13.519356
-6.426904
-6.209739
-9.563432
-5.853453
-5.695543
-5.573118
-5.382288
-5.257881
-5.157096
-5.037430
-6.512294
-4.826959
-4.744408
-9.551911
-4.578658
-4.490565
-8.822745
-4.449789
-4.415034
-4.364408
-4.295401
-4.209829
-7.888666
-3.861873
-3.695246
-3.699425
-3.359044
-4.723519
-3.053405
-2.907805
-2.750826
-2.578242
-2.410993
-2.211923
-1.994264
-1.947465
-4.895678
-1.651697
-1.554497
-1.455379
-1.319681
-4.049537
-1.135481
-1.023420
-1.004864
-0.860010
-0.832050
-0.796263
-0.808052
-0.783533
-2.741773
-0.593826
-0.382715
-0.301970
-0.055917
0.193357
0.362352
0.468704
-2.293489
0.756242
0.917849
-3.098732
-358.701385
1.485271
-0.975876
1.742611
1.877367
1.916829
2.126936
2.212201
2.321762
2.371571
1.117878
2.505863
2.562066
-1.431232
2.622038
2.656020
-1.131564
3.051968
2.928339
2.346416
3.311573
3.430235
3.487071
3.611964
3.763069
3.943620
4.070376
2.394037
4.367807
5.896846
6.086137
-18.495203
-11.748826
-9.310975
-8.126340
-7.422023
-6.899943
-6.593713
-6.347926
-7.562472
-6.007402
-10.131918
-5.771413
-5.677279
-5.817932
-5.571510
-5.498073
-5.458447
-5.388677
-5.294148
-5.171008
-5.091582
-4.944892
-5.191131
-4.652050
-4.524021
-4.387781
-4.264097
-5.775669
-3.954658
-3.799833
-3.606729
-3.429897
-3.236489
-6.532996
-2.982398
-2.856511
-2.959985
-2.626114
-2.532541
-2.440021
-2.316316
-3.118253
-2.018806
-1.927366
-5.921406
-1.783193
-1.784382
-5.907827
-1.695648
-1.619154
-2.771695
-1.410092
-1.262178
-1.057378
-0.960215
-0.856369
-0.739970
-0.604935
-2.960746
-0.398943
-0.315876
-4.422894
-0.014554
0.129429
-2.840919
0.373891
0.505096
0.621556
0.720806
-359.177551
-2.023493
1.038538
-2.430347
1.252077
1.386205
1.025622
1.646456
1.776043
1.883554
1.991760
2.108319
2.224696
2.351026
2.444577
0.474252
2.659901
2.780830
2.889939
3.012120
1.549650
3.265689
3.440031
3.485496
3.576133
3.690199
3.781534
3.880751
4.024139
4.294627
5.676492
-18.386030
-11.687491
-9.326124
-13.688737
-7.454808
-7.000715
-7.148051
-6.450741
-6.274148
-12.198853
-5.996231
-5.870198
-7.694534
-5.651521
-5.544401
-5.440569
-5.350677
-5.242774
-5.130541
-5.025935
-7.647402
-4.810236
-4.696895
-9.453774
-4.484019
-4.361460
-7.856354
-4.149325
-4.048548
-4.211062
-3.817236
-3.697671
-3.570377
-3.459306
-4.115777
-3.205831
-3.090913
-6.912051
-2.855012
-2.726442
-2.616721
-2.495504
-2.372357
-2.250816
-2.118910
-1.987026
-1.861304
-1.745489
-1.633876
-1.879883
-1.367860
-3.499563
-1.127617
-1.003413
-0.895847
-0.758724
-0.631670
-0.529339
-0.412211
-0.283431
-3.325435
-0.067118
0.051671
0.095879
0.279985
-3.047214
0.511612
0.647620
0.387493
-359.121246
0.998716
1.127412
1.265482
1.363013
-0.786833
1.577734
1.688230
1.825685
1.925300
2.040855
2.162305
2.295880
0.157033
2.495284
2.582008
-1.421492
2.846154
2.958228
-0.140504
3.178241
3.285742
3.223043
3.515016
3.629572
3.739144
3.859036
3.214684
4.079915
5.551007
2.035752
-18.259916
-11.669281
-16.397297
-8.144986
-7.435287
-9.394765
-6.681249
-6.442511
-6.255652
-6.103264
-5.977994
-8.401972
-5.730479
-8.670820
-5.530249
-5.418975
-5.348204
-5.222102
-5.106847
-5.021184
-4.893166
-4.781677
-4.664617
-4.570412
-4.466943
-5.538488
-4.245595
-8.025178
-4.025403
-3.897530
-4.278481
-3.668698
-3.549054
-3.445199
-3.323685
-3.195172
-3.088669
-2.946996
-2.825119
-3.203582
-2.607036
-2.485450
-2.351450
-2.243078
-4.133809
-1.981548
-1.870852
-1.749744
-1.629095
-1.504995
-4.844446
-1.266734
-1.137637
-1.391299
-0.907664
-0.782944
-0.657065
-0.539953
-1.047227
-0.306189
-0.197399
-3.682310
0.060428
0.188948
-3.872852
0.407318
0.526120
-1.118790
0.753837
-359.120209
0.982241
1.097824
1.222465
1.338055
1.418403
-0.479847
1.631553
1.753695
-2.285266
1.984889
2.098880
2.214218
2.319594
2.479328
2.539798
2.674579
2.778637
-0.065081
2.997784
-0.735704
3.174758
3.344340
2.541666
3.568360
3.681573
3.788078
3.898946
4.004270
5.519697
5.654093
-17.998226
-13.522940
-9.202361
-8.056085
-7.387503
-6.946812
-10.162249
-6.406522
-6.245427
-6.136541
-5.956472
-5.853478
-5.740663
-5.632977
-5.519962
-7.092116
-5.337248
-5.221968
-5.107537
-5.008262
-4.900136
-4.787248
-4.687744
-8.343454
-4.466884
-4.351560
-8.970950
-4.137535
-4.018461
-6.319248
-3.774011
-3.664466
-3.551137
-3.443628
-3.324515
-3.201477
-3.088437
-4.608693
-2.849530
-2.744320
-6.942717
-2.497157
-2.375929
-6.181262
-2.145308
-2.015330
-2.643265
-1.766492
-1.645207
-1.522712
-1.415357
-1.293508
-2.204123
-1.053724
-2.293304
-0.802082
-0.683538
-0.569568
-0.449531
-0.331174
-0.214297
-0.077746
0.044623
0.162979
0.281925
0.391936
0.116390
0.642743
-1.863984
-359.122620
0.992569
1.040327
1.240647
1.355595
1.462731
1.585329
1.686276
-1.365311
1.914071
2.045814
2.082883
2.298585
2.390655
2.494532
2.629533
1.735223
2.843210
2.961677
3.082963
3.197632
3.293522
1.026085
3.497312
3.629245
3.707896
3.862165
3.949640
4.081315
5.590881
4.359225
-18.087196
-11.560737
-16.438564
-8.070879
-7.399470
-13.315894
-6.642235
-6.420326
-7.398165
-6.081094
-5.964614
-5.836854
-5.722351
-5.615034
-5.510619
-5.395527
-7.139227
-5.253151
-5.096930
-4.989974
-4.886823
-4.774735
-4.665134
-4.558988
-4.452073
-4.334707
-4.232536
-4.118678
-6.306762
-3.877495
-7.351029
-3.651765
-3.527369
-3.713449
-3.305404
-3.180730
-3.074671
-2.952338
-2.853133
-2.729645
-2.600950
-2.468709
-3.690324
-2.232074
-2.121969
-2.007571
-1.895277
-2.978843
-1.640474
-1.501853
-1.403370
-1.286930
-1.175524
-1.048465
-0.921720
-0.789638
-1.261495
-0.555621
-0.442414
-0.324467
-0.202795
-3.124707
0.026864
0.146928
-3.714009
0.375243
0.499427
-3.371605
0.755654
-359.135406
-0.109933
1.081896
1.222888
1.347481
1.445218
1.563787
1.692301
1.784950
-0.766423
2.004109
2.126637
-1.933319
2.352461
2.432487
-0.226498
2.695029
2.814175
2.793928
3.044974
3.155469
3.240478
3.346505
2.464157
3.603235
3.709604
3.390670
3.899240
4.054977
5.540119
5.690272
-18.023142
-11.530806
-9.221048
-8.076862
-12.817885
-6.960062
-6.645650
-6.743585
-6.239355
-8.384097
-5.964819
-5.843800
-5.726496
-5.621215
-5.533138
-5.422155
-5.315084
-5.213120
-8.158121
-4.995605
-4.884850
-4.775900
-4.665617
-8.168501
-4.463246
-4.351095
-4.479284
-4.134000
-4.023528
-3.904981
-3.790777
-3.684503
-5.266308
-3.449176
-3.331468
-3.205660
-3.079431
-2.959987
-2.842563
-2.736995
-5.404217
-2.508932
-2.369516
-6.632055
-2.134175
-2.018185
-4.854163
-1.766444
-1.657604
-1.655006
-1.414619
-1.290332
-1.184232
-1.058328
-1.991225
-0.830523
-0.684344
-4.552512
-0.453793
-0.330655
-4.267359
-0.108304
0.017766
-1.011035
0.257582
0.359875
0.481027
0.606939
0.688909
-360.332855
0.949443
-0.760070
1.185773
1.308167
1.410698
1.504583
1.634340
1.764323
1.879510
2.000735
2.106283
2.235132
2.340180
2.034027
2.587841
-0.361884
2.805780
2.913094
2.833279
3.142922
3.253032
3.374065
3.471836
3.582840
0.448366
3.801219
3.895073
3.922943
5.541048
5.680409
-18.142998
-11.569711
-11.109350
-8.100590
-7.390973
-6.921676
-6.644483
-6.411180
-10.562845
-6.088744
-5.951924
-5.998681
-5.736632
-5.628900
-5.524422
-5.402091
-6.669313
-5.217433
-5.109494
-9.784183
-4.900812
-4.786572
-9.336300
-4.569387
-4.473076
-5.584564
-4.246222
-4.136813
-4.034070
-3.910371
-3.791764
-3.678924
-3.559980
-5.386318
-3.365896
-3.215956
-3.101277
-2.957795
-2.852153
-2.740614
-2.620833
-2.510537
-2.404206
-2.260597
-2.147289
-4.265406
-1.896848
-5.346993
-1.668976
-1.542902
-1.813201
-1.309013
