643.081055
608.000488
595.392578
583.837830
576.927185
571.374084
566.470154
562.307922
566.801819
554.799316
551.554688
548.342712
545.691650
542.974182
540.473755
537.786987
536.036011
532.940918
530.428650
528.123535
526.215637
524.377930
523.996277
521.213013
519.646851
518.171631
516.534241
517.754639
513.822693
512.478394
511.311859
510.277588
508.996735
507.871826
506.913208
505.768127
505.776581
503.723511
502.557526
501.621735
500.521393
500.098785
498.797638
498.142212
497.442871
496.676971
496.011200
495.333710
494.806061
494.215668
493.611664
493.042908
492.361633
491.620056
491.193817
490.611176
489.932007
489.154572
488.654877
488.164276
487.812347
487.514069
486.973175
486.695709
486.310974
485.907196
485.625946
484.322296
484.654358
484.558197
484.368378
484.084625
483.772400
483.541016
483.060669
482.684845
482.399811
482.127869
481.898010
481.745453
481.297943
481.474152
481.016479
480.837402
480.087708
480.750732
480.580444
480.388611
480.247711
480.262390
480.131165
480.060272
479.788574
479.563141
477.120148
479.189911
479.076111
478.952759
475.434296
477.891266
641.870239
665.095459
593.232910
584.107666
577.457764
571.850586
567.076965
562.729919
584.402100
555.477722
552.219604
549.053711
546.060242
543.093384
540.286926
546.377136
535.320984
533.093506
531.040466
529.023254
527.065674
525.349915
526.517090
521.883362
520.387451
518.940796
517.377441
515.999268
514.630371
513.307129
511.903320
510.842865
510.266602
508.100250
506.905518
505.696747
505.187836
503.761230
502.735626
501.620850
500.798004
499.988861
499.001953
498.322113
497.414642
496.691223
495.907593
495.441681
494.787445
494.296387
493.625610
492.940918
492.225647
491.314423
490.539948
490.014679
489.578308
488.972137
488.532593
488.093140
487.569794
485.985901
486.593140
485.744873
485.856842
485.589966
485.237488
484.768982
484.489990
484.246490
483.841858
483.600525
483.481934
482.980316
482.649078
480.968811
481.902832
481.706482
481.336639
481.295227
480.887146
481.024780
480.760712
480.625092
480.382996
480.534607
480.425110
480.394348
480.231720
479.030151
480.234619
481.018951
480.002899
479.866882
478.507904
479.698181
479.493286
479.333130
478.388641
478.393219
642.601501
608.164001
593.306030
629.563232
577.326538
571.890076
567.161682
563.011658
559.171143
555.532654
552.356201
566.499268
546.094360
543.422668
555.586609
537.854675
535.309814
539.340759
530.667114
528.685547
526.930176
524.954590
522.947388
521.458679
519.871338
520.122253
516.809387
515.402100
516.751160
512.760620
511.381012
512.308594
509.120209
507.931122
507.434326
505.407074
504.238068
503.110413
502.039368
501.271912
500.840546
499.419647
499.093689
497.960754
497.171631
496.533966
495.787476
495.217468
494.487732
493.898376
493.268127
492.592804
492.055847
491.528992
490.883087
490.273773
488.768616
489.078491
488.372742
487.979065
487.535889
487.249969
486.678406
486.332245
486.018188
485.660034
485.440002
485.049774
484.861542
484.585785
484.241760
484.045746
483.840393
482.757294
483.224304
482.905365
480.718994
482.249939
482.019012
480.038391
481.672607
481.419373
481.149506
481.076874
481.179474
480.986603
480.872559
480.862427
480.573792
480.506622
478.126862
480.448944
480.107574
476.908325
479.957733
479.547546
478.064087
479.229706
478.428436
478.538391
642.601501
607.893127
593.296204
583.840393
616.958862
571.544739
566.913208
565.554321
558.835510
555.416870
552.030945
548.758362
545.794983
542.910889
540.152161
537.480164
543.460876
532.844971
530.637817
528.733093
526.842041
527.137085
523.072876
521.341309
519.838501
518.330444
516.732422
515.247498
513.966248
512.590698
512.865295
510.257263
508.982727
507.735962
506.510071
506.289276
503.980011
503.134521
502.218933
501.215271
500.482635
499.477448
498.817078
497.870544
497.518982
496.525787
495.901154
495.302338
494.614838
494.199707
493.608307
493.234344
492.412354
492.634247
492.093323
490.592896
490.980988
490.046356
488.552307
488.453217
487.813019
487.141724
487.051361
486.597107
486.098236
485.511749
485.274292
484.844666
485.074005
484.356232
484.190765
483.808990
483.630035
483.222137
483.112213
483.198944
482.590424
482.249939
482.051117
481.704529
481.396881
480.564240
480.387482
479.143982
480.378815
480.196075
479.971130
480.053741
479.731506
479.714264
479.701782
479.584534
479.486481
479.321960
479.381378
479.053223
479.299713
479.196991
478.381226
478.259979
531.844238
608.270447
593.188354
583.746643
576.800171
571.238281
614.590637
562.483398
558.639771
556.149902
551.791199
548.606995
545.813171
543.194702
547.848633
538.164001
535.931091
543.613403
531.565186
529.541809
534.099609
525.836182
523.911560
522.894836
520.200073
518.481567
516.852844
515.445923
514.131592
512.763428
511.522308
511.973206
509.105713
507.910278
508.314697
505.785492
504.712433
504.651337
503.041992
502.136688
501.103241
500.023590
499.409454
498.515472
497.555969
496.718018
495.608215
495.078186
494.279083
493.698090
493.090057
492.555054
491.959259
491.155487
490.694916
490.267395
489.681702
488.887604
488.803833
488.363159
487.973785
487.491425
487.051941
486.730988
486.409882
485.944763
485.619385
484.985809
484.556519
484.119446
483.747650
483.042664
483.187561
482.892456
482.610992
482.464752
480.999451
482.011169
481.883575
481.657410
481.579590
481.561218
481.265259
481.089935
481.038635
480.550995
480.628662
480.499390
480.130127
479.890503
479.449310
479.378723
478.957520
476.421295
478.805664
478.772095
475.558136
478.608002
477.620056
476.011292
641.369690
607.040344
595.499512
583.449829
576.508972
571.095581
566.250610
577.740173
558.240479
554.708862
577.903992
548.351624
545.205688
558.499023
539.426147
537.026978
534.808350
532.575439
530.416016
528.499146
526.506714
524.582520
523.677856
521.284973
522.181519
518.178528
516.642883
515.213013
513.901978
512.566284
511.340942
510.199738
508.883362
509.103088
506.317413
505.048859
504.061554
503.099518
502.973358
501.263245
500.304749
499.524689
498.670258
497.833008
497.180603
496.504181
495.710114
495.210602
494.448029
493.848572
493.323486
492.748291
492.079468
491.575470
491.136078
489.741699
489.676178
489.111420
487.364349
488.168976
487.752838
486.658295
486.965729
486.523956
486.174164
485.811737
485.623688
485.066589
484.780670
484.297760
483.964844
483.742065
481.461823
483.090637
482.984070
480.655975
482.374451
481.898346
481.051361
481.350311
481.436188
480.956726
480.825348
480.719482
480.575073
480.246979
478.915710
479.957550
479.869781
479.616364
479.676392
479.535126
479.392792
479.232269
479.310913
479.075745
479.113800
479.071198
477.141083
477.936584
641.511292
606.866699
592.408569
600.896606
576.474060
571.153564
566.370239
561.902893
557.662903
554.893921
551.599976
548.124817
547.832703
540.981506
537.754456
534.563599
531.412659
534.186523
526.083618
523.694519
521.443420
518.878113
518.096252
521.226257
515.972229
515.322266
515.428772
514.320740
513.050537
512.707092
512.627441
512.583435
511.513672
510.981384
510.595215
507.249786
505.261292
504.132446
501.205444
499.567108
499.276794
497.315460
496.076660
494.930939
493.796539
492.685028
492.365173
491.186646
490.176575
490.677460
490.580048
489.886688
489.747101
488.846863
488.151855
488.427521
488.526093
489.295746
489.711853
490.153778
489.764679
489.565002
489.618591
489.141083
487.612885
486.258453
485.810883
485.351227
484.903503
483.764191
483.143829
482.570465
480.617615
480.433502
478.905701
479.631866
479.230621
478.947083
480.301331
479.182434
480.644806
479.487854
478.605896
478.146088
477.904449
478.875275
479.709686
480.271454
479.164063
480.512756
480.595306
479.834564
479.896179
478.985107
478.932251
478.398682
475.453918
477.034637
475.810211
472.291382
634.108582
599.159241
718.501038
575.119080
567.975159
565.585754
558.994446
555.083862
551.747498
547.998413
550.694763
541.673279
540.415527
554.061523
538.644897
536.671204
547.195374
534.871216
532.576721
534.354431
527.517334
524.524475
521.693420
519.377625
517.237610
517.023254
512.849426
512.629456
508.811249
507.684235
506.646027
505.590057
504.631683
503.610291
502.509064
501.909210
501.778107
500.399994
499.630920
499.313690
499.163696
498.736725
498.385498
498.238098
497.877411
497.660339
497.598602
497.772827
496.764740
495.021759
493.564911
492.388885
490.727539
489.462372
487.754456
486.538757
485.862091
485.159607
484.842560
483.806305
484.691650
483.115906
484.399841
484.707214
483.002136
483.697510
483.398834
482.472961
482.328217
482.203705
482.651184
482.588318
482.961090
482.799164
482.472931
481.014221
483.392303
482.339600
480.232605
482.685516
482.588959
481.187866
481.753418
482.111725
481.339935
479.803864
478.968231
478.457794
477.658295
475.247772
477.430084
477.332855
477.164063
478.633636
478.592712
478.042236
478.291779
477.563110
476.145966
476.293396
637.998657
874.213318
592.651855
584.110413
579.320007
575.804932
590.661011
568.515625
564.711182
560.931519
556.068970
550.646484
546.002014
541.621582
537.600769
540.175842
531.223022
528.137329
525.624146
523.460510
526.176331
518.800720
518.700623
517.083740
515.109070
513.606934
512.020264
510.699432
509.611481
510.903107
509.119965
509.533173
509.198944
509.293396
508.586273
507.833282
506.860168
505.442474
503.266815
501.874207
500.920074
498.919434
497.599548
496.838531
495.431061
494.065735
493.115753
492.437988
491.367706
491.420441
490.147980
490.492188
489.608124
488.568329
487.019714
487.315979
486.878845
487.363983
487.519012
487.155090
487.345459
487.541260
487.443237
487.479218
487.614929
487.223785
487.588959
486.199341
484.966309
485.452393
484.444397
483.072327
481.572083
480.580231
480.145294
479.967102
479.152893
478.470123
480.460999
480.496216
479.688751
480.415100
477.915100
480.290863
480.408356
479.643036
479.721741
479.559906
479.292603
479.617004
479.822693
478.543640
479.814758
479.165802
479.112488
479.135742
478.744293
478.329315
477.749054
476.191986
639.877441
606.072266
822.598572
579.485168
571.377686
629.689026
559.367615
555.827393
557.217224
548.118225
544.822754
541.502625
538.723389
536.563049
534.259888
532.025635
534.790710
530.104614
528.872131
527.718750
526.526672
525.883911
524.939758
523.757141
522.792358
521.252625
519.487854
517.428833
517.232422
513.617493
513.908875
510.389771
508.840240
507.299896
504.595734
503.088074
501.384491
499.638214
498.503357
497.124084
497.069824
496.024994
495.172424
494.053284
493.585693
492.918213
492.234406
491.774719
491.400635
491.445068
491.851868
492.332489
491.825012
491.894379
491.642303
492.385376
491.359131
491.201111
491.020630
490.516357
488.681702
486.984528
487.089661
486.220551
484.638428
485.440674
485.256348
482.203186
482.795074
481.631561
480.910278
481.046143
481.363861
481.123627
480.561157
480.140961
480.047699
479.430695
477.782257
479.216705
479.739136
478.340790
481.858673
481.696960
480.072510
482.346741
482.385742
481.833405
481.604645
481.440826
481.476807
481.324890
480.783508
480.967285
480.165802
477.469299
478.122955
477.612244
476.261749
476.312256
634.109863
600.942017
585.751526
579.140076
655.357239
565.921692
561.230469
559.336914
554.435425
566.118225
550.083374
548.902588
547.898621
547.527710
545.990173
543.712952
540.010132
536.623413
539.066589
530.716125
528.106873
524.874634
521.995544
523.068115
516.901184
514.592896
512.812927
510.962097
509.190216
508.525574
507.375000
506.702942
506.491089
503.990173
503.006531
502.236633
502.115631
502.425262
502.565277
502.119507
503.304901
502.259369
501.946869
500.877197
499.369202
498.429779
497.108978
496.456329
495.205139
494.277466
492.974884
491.573212
490.932220
489.749939
488.638367
487.976013
487.114990
486.469391
487.475159
486.392639
486.490356
486.051758
485.232483
484.920410
484.784271
483.930664
484.039276
484.164032
484.775909
485.753082
486.161530
484.624115
485.884796
485.447449
484.957428
483.863983
483.643799
483.281067
482.706085
482.172394
481.223022
480.824219
480.317047
479.178162
478.914307
478.903839
478.441376
478.440216
479.766937
478.598114
479.474823
478.626373
478.420898
478.106781
476.296082
479.264526
480.328827
480.186981
479.338196
480.009247
650.643616
616.598083
678.075867
590.221741
581.976074
651.957397
569.596863
564.210205
595.816895
554.151733
549.657227
549.997559
541.328613
537.936646
534.904663
532.432983
531.042969
528.785095
526.812744
530.073669
523.509277
522.008972
527.082886
519.593262
520.265747
522.742554
518.578369
518.127136
516.223877
514.869385
512.283997
512.742065
510.039398
510.235229
507.208893
505.255737
502.765747
500.220032
499.227203
498.021332
496.165039
496.086975
494.775604
494.626740
493.748322
493.451904
491.977478
492.755157
491.980316
492.085663
491.706299
492.979675
493.694672
494.128967
492.919281
493.097107
492.505463
491.500122
490.783539
490.085571
490.646912
489.839142
488.323456
486.778931
483.595215
483.801605
483.119690
482.179108
482.874207
482.619171
481.668579
482.500000
481.324677
481.183807
480.798889
480.707184
481.105286
481.348114
482.145874
482.977966
482.576843
481.504852
483.047638
482.779114
479.870422
481.787079
481.192596
479.182617
480.708527
480.403198
479.923492
479.319519
479.039063
478.643921
478.329803
477.778625
477.599213
476.855774
475.743988
475.375519
635.090515
601.929810
588.318726
580.080444
573.219910
568.320435
564.025696
561.505371
558.611511
557.402161
561.425842
552.675964
563.155090
546.327698
542.879456
538.613953
534.848022
531.621887
528.368774
526.112427
522.836670
520.310303
518.160400
516.195313
514.910461
512.696655
511.205627
510.563354
509.656189
510.568146
508.585968
507.573639
506.111786
504.498230
503.366577
503.365387
501.411987
501.513336
501.388580
503.115845
504.332825
500.841278
502.010040
500.611420
499.505249
497.806488
496.282288
496.470581
494.787598
493.090759
492.590088
491.475189
490.687195
489.276917
488.711639
488.453339
487.335480
486.739197
485.032440
487.395935
484.743896
487.504639
487.857910
484.081970
487.244202
486.908569
485.955109
493.675323
486.769409
486.961487
487.315155
488.172546
486.955414
486.927460
484.549957
485.270660
485.192932
486.609009
487.881409
483.272766
486.685150
485.042145
483.648010
482.533600
480.923157
483.885956
482.815491
483.160095
482.552521
485.002319
482.697479
481.730103
482.013733
483.017151
480.986816
481.182861
482.356842
482.127350
482.034363
482.536316
321.547394
614.286194
600.115540
590.035217
582.421021
635.945923
571.778748
566.829346
562.420532
556.598450
550.268494
568.970398
542.768127
540.712036
541.424255
534.068237
531.030212
529.663086
527.210938
526.174988
524.804749
522.572449
529.213135
518.889221
519.064758
522.347778
519.505676
518.786011
520.635071
516.270874
514.848206
512.245605
508.146729
506.489868
510.106171
507.379028
507.108551
504.147766
502.659698
501.498688
500.156097
499.559326
499.743805
498.970978
498.294861
499.529541
496.375793
490.959045
492.106812
493.979156
493.540283
495.084198
495.848358
495.464966
496.407043
494.848694
493.142883
492.400421
490.251740
487.176422
489.019226
488.632019
485.969849
486.572357
485.808197
486.433319
485.642853
483.689331
484.559540
483.626251
483.921326
483.276764
482.831421
484.468842
480.425354
481.252380
479.989807
481.564026
482.216888
482.868713
483.118195
482.809357
482.223175
482.766266
480.674988
481.217743
481.664795
479.160675
484.868347
481.563995
476.392700
477.048004
475.760986
473.935699
475.052887
474.356476
473.796234
473.430420
472.001251
471.831055
629.121277
654.456238
581.047546
572.354858
567.700867
564.641174
562.199036
559.507080
555.820801
552.287842
547.710022
543.253906
540.178650
544.185425
531.875244
535.628113
524.463135
521.131958
518.096313
514.860535
514.111084
511.533722
510.366150
509.010040
508.008972
506.241150
504.446167
505.239899
500.765167
505.307037
504.862000
505.390839
505.405884
504.117432
502.282043
505.429504
499.616943
497.234711
498.672241
494.112305
492.804626
492.234619
490.075073
488.970062
487.292572
486.550201
485.945831
484.796692
484.483795
484.110657
484.003204
483.009064
481.650391
477.467865
485.179443
485.593414
484.990570
485.323792
486.215271
486.129730
486.853577
484.069794
483.166809
479.757538
481.994141
478.599060
476.255371
476.924316
476.510620
475.225250
475.623169
476.833374
475.240021
475.965302
475.299469
474.370697
473.642487
470.185547
474.806976
476.089874
477.194000
477.273193
477.164429
478.200989
478.808502
476.165863
476.138184
477.059357
479.895416
472.825684
474.445770
473.799561
474.570190
475.429291
475.579102
475.991760
476.294098
476.204529
475.408386
475.859802
641.315430
607.470215
595.408264
650.844238
581.151245
576.780823
570.045471
564.216064
584.585632
557.766541
550.868164
547.525818
542.814331
540.448730
536.732971
533.836121
531.005981
531.472656
526.230164
524.690735
523.941589
522.885864
521.787964
521.037537
519.911011
521.679810
518.141357
517.695984
519.790100
515.570496
513.669617
513.314087
509.758972
507.936035
506.124603
503.840485
502.092041
499.990753
498.872314
498.315887
496.819794
495.422882
495.402588
494.937286
494.628754
493.946533
493.782532
493.677795
493.862793
492.974030
493.220154
493.062317
492.626434
491.568146
490.919586
491.018799
490.115570
489.126373
487.157257
486.039673
484.002258
483.267090
482.103760
481.530945
481.278564
482.172729
481.473785
480.672272
480.357880
480.740082
479.335175
480.184692
479.727386
477.007050
481.997223
481.671265
482.231995
483.041504
482.404388
481.561096
482.952759
481.871063
480.810974
478.574921
483.178589
480.685944
479.086823
476.865143
478.003601
477.718109
474.423981
476.043854
476.050201
473.128082
476.084259
476.554138
475.629578
476.475861
475.530334
475.523499
638.020508
602.664124
589.342346
582.030884
663.759460
573.497070
569.723022
616.655762
563.749084
559.760437
568.828003
550.509399
546.077576
544.753662
538.620911
535.548218
532.156433
529.187500
532.483398
523.177185
521.029907
519.097656
517.186768
515.305969
515.128784
514.204468
513.122986
511.571198
510.393280
508.349030
511.275970
507.219025
506.876190
507.361053
507.813904
507.504456
506.100830
503.259186
502.446167
505.755890
499.131287
497.414642
495.627625
494.757324
493.843231
492.878021
491.595459
491.224579
489.843170
490.906952
489.305725
489.608826
488.378052
487.543335
486.896271
485.950012
487.078613
487.834991
489.750702
488.995941
489.515869
489.969574
490.049988
486.686859
490.485260
496.178131
504.075317
483.628448
484.044434
479.229980
480.970215
479.642029
478.283508
479.125519
478.415253
480.387787
478.582458
478.910645
478.088715
477.320923
476.784241
478.250000
475.906219
478.385559
480.218994
479.985077
480.536865
480.367615
479.663147
478.686310
478.090454
476.719269
474.736603
476.933929
476.942413
475.273407
474.140869
472.417908
472.449677
472.278900
627.121582
596.124390
581.563293
572.707764
566.461304
561.810669
599.872864
558.136230
556.350891
555.688965
554.469360
570.350586
548.368652
546.144775
543.161865
538.411194
535.065857
532.298828
529.041260
525.795959
526.539001
520.231506
517.623779
516.330078
513.768005
513.913513
510.978760
509.901550
510.531921
507.296570
506.046326
507.001862
504.568390
504.877319
506.553284
505.719879
505.929932
506.423706
505.261719
504.039581
502.550751
500.327179
499.997742
498.318756
497.074463
495.384552
493.287506
491.397675
490.386841
489.487976
489.538971
489.080414
488.435883
487.702332
487.126892
485.732788
485.179810
484.997833
485.420441
485.214325
486.322113
486.986206
486.704498
486.687988
485.542145
485.234741
485.440552
485.057770
485.351593
484.177429
482.063354
480.935425
479.712189
477.271545
478.442749
479.492096
478.187500
478.404083
478.174500
478.024261
477.422028
477.066437
474.539337
478.918701
477.792938
477.905121
478.628448
479.420959
480.474976
480.015106
479.706116
479.807037
479.345551
476.543793
478.618225
479.511261
476.527740
477.895874
475.932495
475.893433
634.308655
599.850281
585.198364
576.415405
569.542358
564.058228
559.083435
594.994629
551.581299
547.863892
572.144958
542.769043
541.597717
549.868347
540.222717
539.766663
538.861816
537.055969
534.673889
531.870728
528.836975
530.084106
523.906433
520.580261
518.053772
516.250732
513.939331
511.481354
509.585968
507.713867
506.426270
504.714935
503.759125
503.689270
501.090210
500.536682
499.062866
497.915680
497.566071
496.729614
496.795807
497.572632
498.081238
498.510345
498.198822
497.627319
496.838806
495.769012
494.339111
493.020935
492.224030
491.291962
490.461273
489.955994
489.491669
489.126831
488.124634
487.173065
486.821014
486.590088
486.544678
486.552765
485.627197
485.213440
484.155304
483.236664
482.896851
482.539520
482.047882
480.178192
481.838287
481.514130
479.894531
481.877533
481.248199
479.712494
480.118835
479.769562
479.294037
479.128937
478.804199
478.645081
478.524475
477.801880
478.747040
478.874573
476.049927
478.428680
478.147369
475.251709
477.504486
477.069275
476.768250
476.625671
476.720428
476.750153
476.818268
476.511230
475.701019
475.841614
189.644852
606.201416
591.712769
582.734802
575.878296
570.068970
565.391968
561.166870
556.944885
577.921326
549.907471
546.647156
544.015808
540.976013
550.902466
535.700623
533.424011
532.424072
528.909546
527.037476
525.179016
523.372925
521.563965
522.754456
518.189575
516.527039
514.564270
513.069397
511.647308
510.416565
509.232727
509.368652
507.073669
505.863220
506.191528
503.718231
502.677429
502.731323
500.941284
500.001282
499.324280
498.222107
497.615601
496.410400
495.569519
494.697754
493.956146
493.343719
492.774475
492.032837
491.437958
490.998962
490.479767
490.136780
489.640686
489.211670
488.662170
488.182526
487.549042
486.862671
486.118408
485.773071
484.605591
485.105560
484.719086
484.245026
483.906311
483.326721
483.021179
482.831116
482.465179
482.293335
481.949310
481.681702
481.281464
481.075775
480.577484
480.070068
479.981506
479.544739
479.567719
479.331665
478.951813
478.833771
478.568542
478.629669
478.383667
478.271759
477.963867
477.735260
477.706390
477.645782
477.048553
475.095184
476.979828
476.780334
473.600372
476.681793
475.562836
472.755157
640.747559
606.255493
626.238892
582.549377
575.543579
570.044006
565.212402
560.835938
556.786987
552.965149
568.993042
546.500122
543.586609
558.225647
538.376160
535.993103
541.327209
531.278381
529.177734
527.362305
525.357056
523.565613
521.705200
520.016052
520.325989
516.581543
514.729797
513.838013
511.966034
510.636383
509.447327
508.355652
507.073730
505.970184
504.987671
503.896057
503.901581
502.075562
501.166626
500.263153
499.344421
498.709229
497.372650
496.248169
495.467560
494.652008
493.845001
493.311249
492.491211
491.878204
491.111145
490.517914
489.931671
489.339386
488.676758
487.449951
487.673248
487.241028
486.696045
486.114899
485.458282
484.749115
484.242676
483.867950
483.142639
483.028748
482.673431
481.950775
481.548065
481.191254
480.889587
480.477753
479.144196
479.934296
479.812958
477.402100
479.404144
479.157898
477.294067
478.514435
478.189789
477.720367
477.702789
477.816315
477.694305
477.627380
477.322784
477.310791
477.163422
476.862030
476.983704
477.148407
476.928925
476.887329
476.862732
476.624512
476.640228
476.307526
475.347198
475.328003
638.985107
695.729614
591.432068
679.791321
575.292114
569.817627
567.124634
561.052673
557.278931
553.790344
550.469238
547.291504
544.206177
541.594055
538.674805
537.784668
533.575562
531.377258
528.977539
527.074097
527.198792
523.350220
521.497437
519.869812
518.250610
516.846069
518.359924
513.758423
512.371704
511.204071
509.727295
508.523560
507.150726
505.673859
505.409882
503.343292
502.275482
502.052185
500.382721
499.407745
498.938293
497.693512
496.862000
496.406250
495.445740
494.817291
494.293091
493.641602
492.929840
492.163757
491.401245
490.008240
489.762909
489.172241
487.572510
488.042023
487.534729
486.677277
486.739685
486.101318
485.692291
485.188538
484.859131
484.331818
484.100922
482.495148
483.310364
482.911163
482.643341
482.138702
481.608673
481.076263
480.390900
480.000336
479.616364
479.362335
479.105713
477.753662
478.546448
478.341644
477.966400
477.894745
477.419891
477.596680
477.538239
477.434204
477.173431
477.216919
476.838806
476.853241
476.440887
475.448761
476.171844
475.962036
475.957520
475.929688
473.717651
475.961670
475.097504
475.023834
639.505859
605.840698
815.845642
582.377136
575.512268
593.556946
565.606262
561.268738
557.426514
553.603210
549.962524
546.845642
543.974792
551.378113
538.641846
536.080994
545.156982
531.598572
529.342590
533.567505
525.299561
523.492249
521.805298
519.981995
518.484863
516.917847
515.139099
514.824524
511.868896
510.442352
511.123352
508.077789
506.915741
505.860138
504.866486
503.632935
502.545013
501.670288
500.734406
499.845398
498.924164
498.003967
497.389832
496.172943
495.452545
494.191925
493.352661
492.700623
491.931732
491.352692
490.736176
490.166901
489.628876
488.511139
488.414886
487.992401
487.459717
487.048645
486.610657
486.151978
485.612640
485.152252
484.637665
484.039825
483.797546
483.325714
483.118805
481.963684
482.440979
482.296082
482.023926
481.840149
481.657776
481.513031
481.446808
479.973480
480.948242
480.913025
478.480377
480.785370
480.451874
478.130676
479.847839
479.871887
479.612244
479.736664
479.554474
479.814819
479.595276
479.550995
479.693787
479.875305
479.143280
479.384796
479.509369
479.401123
479.278961
479.001373
477.903687
477.840057
641.897888
608.414001
594.002625
584.815430
627.371399
572.416199
607.521667
563.459717
559.894897
557.148682
552.850647
549.589233
546.429504
543.242676
540.122498
537.588867
535.136658
532.574951
533.397583
528.293701
526.249084
524.152039
522.329956
521.809204
519.040649
517.450439
515.835876
514.285278
512.933838
511.462555
509.922943
508.517151
507.632996
505.950714
504.837097
503.727692
502.645996
502.558746
500.784393
499.777222
498.957642
498.072174
497.150269
496.562256
495.635162
494.954224
494.377594
493.556244
492.869141
492.265381
491.566620
490.995728
490.210510
489.277924
487.734375
488.064636
487.599854
485.949707
486.697998
486.187836
485.279297
485.205963
484.873352
484.548096
484.182220
483.767700
483.537201
483.094910
482.512665
482.541656
482.183563
479.937134
481.515533
481.067474
480.661377
480.336731
479.954590
479.744263
479.486328
479.315094
477.411987
478.818787
478.727448
478.500122
478.564728
477.306824
477.987793
478.101868
477.927155
477.709137
477.714874
477.493042
477.248688
477.023956
475.541229
476.679138
476.533936
476.488739
475.501251
472.840759
639.674316
605.860413
605.389282
582.444702
575.712708
570.226990
565.388367
561.244934
574.106567
553.887146
550.676208
547.442688
544.602661
542.023560
539.314636
536.746887
541.170349
531.644714
529.395874
535.179932
525.386230
523.566101
526.210571
520.093933
518.516357
517.188110
515.398560
514.058044
512.653564
511.298553
511.273804
508.974609
507.805084
507.952179
505.544647
504.367126
504.218933
502.080750
500.928589
500.549011
499.145905
498.331451
497.402771
496.656677
496.012665
495.436523
494.483765
494.100159
493.307861
492.719788
492.125153
491.598602
490.974945
490.627869
489.845581
489.308838
488.557648
487.795929
487.306702
486.741730
485.987579
485.979401
485.547211
485.097961
484.667389
484.421722
483.975494
483.630310
483.259766
482.998688
482.622955
482.268372
481.768951
481.432526
481.150085
480.750763
480.364563
480.012299
478.865417
479.843262
479.555969
476.760986
479.009338
478.899017
476.408630
478.616364
478.428406
478.222046
478.286224
478.349945
477.600922
477.494873
478.117920
477.934143
478.599091
476.097961
479.355591
479.520538
475.523010
478.347107
638.830017
765.007813
587.738464
577.035706
569.707214
563.334961
558.312805
554.244446
550.812073
559.026184
543.965454
541.137024
539.317810
536.218384
533.945435
531.998413
531.270569
530.416870
529.116455
528.682983
528.277222
532.766113
526.615723
525.756409
523.748352
520.943542
519.231689
515.915466
514.192505
511.795044
509.977203
507.378510
504.774292
503.193848
501.643677
500.867920
500.137817
498.727081
498.154144
497.587463
497.821289
496.235413
496.750000
497.080109
497.675293
498.071411
497.581512
497.276276
497.147400
496.436249
494.745636
492.993530
492.506073
492.187897
489.917419
488.658112
487.498077
486.519592
487.091858
485.659027
483.505188
485.165375
484.723053
482.730865
483.809540
483.469482
483.202667
483.465607
484.076843
484.689850
484.889069
484.994415
485.024292
484.971222
483.465332
484.901459
484.564941
481.665009
482.906403
482.980255
481.846191
481.325531
480.720947
479.730927
479.073639
478.466217
477.131561
477.431671
475.600433
477.437408
477.675720
477.158325
477.004852
477.346344
477.131287
477.135162
476.490875
476.239716
476.964111
477.666260
667.403748
614.365112
796.579590
591.527893
585.120300
587.502136
570.316772
564.896729
560.215942
556.175964
552.295227
564.940430
543.488525
539.148682
535.683472
532.520203
529.977295
527.425354
525.196472
527.145874
522.505615
519.644958
524.089417
517.014771
515.590027
517.787415
512.775269
512.044067
512.236755
510.160645
511.033051
510.545288
509.645203
508.331177
507.844574
505.640045
505.696442
503.503296
502.128723
500.676544
498.372803
496.942322
495.813049
493.989563
492.923431
492.149292
491.383667
490.835876
489.653229
488.769287
489.612762
488.016388
488.147949
488.037201
487.337738
486.963287
486.848541
487.787140
488.334564
488.590546
488.940369
488.379700
488.103790
487.852661
486.996002
486.250488
485.018402
483.613525
482.659363
482.340271
482.254913
481.844482
481.954193
482.007416
481.010651
480.294739
479.395630
481.901184
480.717133
479.804382
479.407715
477.387939
478.541931
478.698334
479.221375
479.995941
481.515442
479.783081
482.435669
482.043793
482.233246
481.891052
480.151703
479.612488
479.015930
478.520599
478.955872
478.870087
475.488129
477.400543
636.355164
1073.188110
587.470581
577.627319
640.097351
567.024658
564.791199
564.512329
559.297913
556.606750
554.696655
552.635925
555.596252
546.986267
544.130920
552.178467
535.831238
531.778259
528.471680
525.694336
523.058472
521.028503
518.166687
516.084717
513.835510
511.879852
511.498230
510.836639
509.809418
510.155792
507.342163
506.868500
506.868500
506.501038
507.880676
507.804138
505.427429
506.033722
506.235931
505.794434
502.943695
501.692993
500.522552
498.882141
497.329041
496.261902
495.117523
494.018372
492.990265
492.097534
491.163940
490.791992
489.871216
488.886932
488.722168
488.498749
488.826385
488.157959
487.992218
487.052612
485.959137
486.278717
485.887543
484.280670
485.665680
486.452881
485.725189
486.917511
485.824585
486.134460
486.240845
485.433044
484.827911
484.039703
483.906067
483.813782
483.447723
482.441650
482.581268
481.920410
480.692139
479.823639
478.555115
478.875366
478.111908
477.491272
478.315887
478.278412
477.572632
476.693024
478.546844
476.452728
477.383148
476.801758
476.983856
477.715637
478.574493
478.054321
478.841125
479.552277
653.366150
618.376831
602.216858
630.891663
583.041931
576.786926
570.460754
566.210144
571.243896
559.410034
555.130920
552.253113
548.963684
545.556152
541.285034
537.794739
534.468384
532.200684
527.421875
524.458435
522.739380
520.796570
522.891907
516.637024
515.425964
517.815979
512.229248
511.694977
513.563232
509.451447
508.431305
508.443817
507.189728
506.455109
505.261261
504.324890
503.939941
502.825684
502.611023
502.525604
501.841949
501.380554
501.611877
501.614960
499.715851
500.293182
498.636383
497.520142
495.481720
493.757599
492.847748
491.227509
490.193359
489.627197
488.765533
488.184509
487.627716
486.703827
486.056610
485.336578
484.771027
484.249695
484.032257
484.314545
484.932983
483.116150
484.070587
484.321777
484.610046
484.206116
483.728912
483.778198
483.321045
483.338074
483.275146
482.925201
482.908112
483.339417
482.281036
481.143280
483.494568
482.694519
481.254944
480.440521
477.591217
476.986511
477.081879
477.300110
477.360474
477.957886
478.712433
479.113220
479.483337
478.204712
478.439178
479.329010
478.300049
477.630646
476.863068
477.316620
643.194580
866.125854
597.913330
589.150879
689.467590
578.074219
573.654419
606.608521
565.183289
560.555786
558.192200
553.604370
550.535278
546.475647
543.009094
542.418823
534.799988
531.941162
536.849487
526.074463
523.541626
527.904358
520.174072
518.130127
518.493042
515.467896
513.913330
513.389038
511.836304
510.413239
510.822357
509.769470
511.338470
509.872498
509.114960
508.445801
507.966888
507.386719
507.828857
505.150452
504.794922
503.551727
501.555237
499.998718
498.512665
496.864838
495.638885
493.965240
492.961792
491.749603
491.093903
490.754303
490.147095
489.768402
488.860901
487.755554
488.195679
487.712830
486.831207
486.947998
486.588440
487.117126
487.387482
487.195892
487.833160
487.630859
485.764282
487.415405
488.635773
485.474640
486.616425
487.195831
485.132294
484.449005
483.196533
482.833344
481.633820
481.426178
481.026367
480.767334
478.707855
480.843231
479.780121
476.762573
480.012695
480.066833
478.765472
479.315552
478.903564
479.153229
479.482086
480.214661
479.850220
479.562286
478.451630
479.676636
479.708344
480.188019
478.638092
478.001831
650.419373
613.564148
596.758362
585.146851
576.052673
568.622253
593.955017
558.720886
590.217896
551.253784
547.708435
547.946960
542.142639
539.403015
536.725647
534.821472
533.267517
532.207825
531.409058
530.597778
531.316223
527.120300
526.623291
523.064514
522.163147
522.612488
517.718018
515.126770
512.715515
510.175903
508.409943
507.081573
505.815216
504.982452
503.856995
502.918823
502.186798
502.035675
500.958374
499.640717
499.458435
499.134338
499.163300
498.995697
499.278961
498.580841
498.628387
498.114960
498.115479
497.881348
494.179596
494.113220
493.086395
491.184570
489.671204
488.277832
487.393097
487.648804
487.060272
484.923859
486.765564
487.338989
484.909882
486.544037
486.425079
485.556366
484.779846
483.937805
483.299194
483.275299
483.493103
484.145050
484.534424
483.732208
483.434906
483.247528
483.955566
481.721313
482.259857
480.899750
480.910370
479.935577
476.796906
476.861450
476.641876
476.262970
476.267242
474.978516
476.667572
477.380127
477.025848
476.450836
476.359161
475.885223
476.108063
476.209656
474.747833
476.335876
475.792786
476.415741
647.264099
614.565735
600.723755
591.588379
596.947388
576.575378
571.128967
613.680725
558.923218
554.154602
563.692932
543.792419
540.221252
537.418457
534.416992
532.050476
530.276367
528.387268
529.849121
523.667603
521.632507
526.456482
519.394653
518.368530
520.952271
516.675110
516.848450
517.610840
516.608704
515.507935
514.004456
513.095642
511.885498
509.897644
508.098267
506.480957
503.835144
502.581543
499.787445
498.292633
496.550232
495.780457
495.431000
494.806213
494.059662
493.206421
492.065369
492.225861
491.567261
491.192902
491.038025
490.414734
490.168854
489.854950
490.011444
489.941254
489.813141
489.560486
489.815521
490.078583
491.632355
490.502411
489.709259
488.017792
487.151764
486.241211
484.924255
483.848206
481.652863
481.090088
480.263123
480.306488
478.796204
480.515442
480.811890
480.911591
481.169983
481.063751
480.051331
480.288147
479.306946
480.013153
480.460327
478.191864
481.065277
481.209869
478.467957
481.125641
482.121277
480.932800
481.093170
480.299377
479.367950
478.669678
478.041504
477.445374
476.158630
473.903564
475.049713
475.590851
93.327919
602.176208
588.073364
676.230835
572.232788
567.235291
565.603882
558.995239
555.936462
578.671875
552.046265
570.436768
549.882690
547.925659
547.979980
544.164124
542.300293
538.546753
535.272034
531.895874
529.058838
526.121643
522.425354
522.286316
516.719971
514.845154
512.664124
511.519531
511.735809
509.171112
508.174011
507.331909
506.951477
506.222748
505.516022
504.861328
504.325653
504.840088
503.898224
503.707214
503.392761
502.648773
502.134949
501.329742
499.651215
498.407928
497.056335
494.951355
492.896362
491.955627
490.562103
489.925598
488.799683
489.054657
488.653839
488.619873
488.262695
487.773163
487.874695
487.204590
487.453491
487.076172
485.090607
486.251984
486.269684
485.437378
486.279785
486.273224
486.541931
488.031219
487.008270
487.077393
485.445435
483.948486
482.808502
482.018433
480.632050
480.337280
480.089172
479.016876
479.032288
478.448364
478.027283
478.618469
478.526215
478.884766
479.414581
478.198486
477.566284
478.589386
477.225861
479.092438
479.093079
479.658997
480.697693
480.520325
480.463074
480.303009
480.943207
478.262817
652.581116
615.457458
609.354553
587.855469
579.330017
572.501465
566.913025
571.350464
556.010010
551.347656
547.024841
543.593750
540.811951
550.917053
536.013123
532.386658
530.380127
528.140259
526.294556
524.935669
522.689392
524.379639
520.402344
519.892334
522.844666
516.519287
514.951965
516.486633
512.455994
511.384277
511.045624
509.883057
508.767242
507.770477
506.673401
504.495087
503.167358
502.315887
501.883179
499.095276
497.520691
496.126770
494.481476
493.538239
493.142975
492.287170
491.671722
491.179901
491.077362
491.337769
491.212311
491.787109
491.689392
491.853119
491.636383
491.247284
490.735748
489.942322
489.018250
487.730438
486.738159
486.211853
484.870270
483.662811
481.996368
481.290741
480.850159
480.354797
480.475098
480.727600
480.086487
480.078827
481.038940
480.291199
479.912170
480.073822
480.425323
481.180878
482.097076
482.245239
483.044312
483.371613
483.273987
481.055420
481.524017
480.947418
477.715973
479.836365
479.588104
477.047241
479.542084
480.457336
477.843689
478.019348
477.958923
477.475037
477.556488
476.799072
475.917725
475.255859
193.913269
601.997498
589.324402
727.542603
572.780945
567.890747
608.269287
561.884338
561.145935
561.131042
556.790283
554.401123
551.256409
547.917542
549.178955
540.313293
536.421387
534.496277
530.453003
527.040588
524.249695
521.166992
518.475830
516.437744
514.581421
513.059509
514.746826
509.905975
510.059235
507.742950
507.818573
507.633667
505.759491
505.334198
505.249512
505.590027
505.458710
504.994293
504.953308
504.543030
503.631683
501.610596
500.940979
500.309601
499.404083
498.564209
497.610657
496.284271
496.090698
494.702911
494.432922
492.804932
491.110596
490.561127
488.833374
486.559357
485.581512
484.717773
484.383667
484.355011
484.083557
484.184753
483.097260
483.932587
483.895264
481.863281
483.536407
483.109650
481.588257
481.792084
481.120392
481.280762
481.489136
481.659424
481.634888
481.482239
481.212250
481.116150
481.508453
478.606842
480.767059
481.236359
478.517822
480.112244
479.635406
478.228485
477.839661
476.435913
475.534210
475.428284
476.344818
475.593048
477.685730
474.581482
478.119080
476.493103
476.369751
476.570404
476.730682
476.830750
639.014404
606.160645
593.113159
585.998413
580.842102
585.304688
572.535522
610.223755
565.809998
562.407593
560.167358
554.434387
550.023621
546.074219
542.489319
538.532104
545.094727
531.888428
527.626404
525.351563
522.814514
520.635681
518.691284
517.059570
518.340271
514.630737
513.811218
515.835632
511.859070
510.997040
512.025330
509.568207
509.003967
509.691925
509.856750
509.999329
509.053894
506.784790
504.914520
504.745728
501.923706
499.921387
497.788086
496.531433
495.103577
493.704803
492.678680
492.134735
491.497192
491.014587
489.851349
489.611328
488.628601
488.613678
488.365082
487.746246
487.340485
487.118378
487.439880
487.758057
487.617706
487.089111
486.677704
486.135406
486.286072
485.869110
485.455811
484.476685
485.947937
484.782928
485.490112
484.922302
483.862366
482.881317
481.822144
480.938599
479.701477
478.031647
478.029114
477.830627
478.391357
477.880707
478.588013
479.085999
479.429169
479.520508
477.218964
478.531342
477.767242
477.303131
477.234772
477.550140
478.034637
478.523193
479.022003
478.417206
479.188446
479.901642
478.340302
477.686737
656.535767
617.432922
600.016541
709.766357
580.197571
573.359741
628.822571
560.088562
554.400757
569.195618
546.474548
543.146729
539.319702
536.544861
533.848267
531.594177
529.834717
532.383972
526.864014
524.901611
530.330627
522.272888
520.993835
525.238586
520.325562
519.732666
518.563538
517.380737
515.739136
517.864014
512.446594
511.165497
510.016266
508.157715
506.874207
504.010529
502.338898
500.866669
499.471680
498.254059
497.616913
497.149475
495.131287
495.026611
494.182129
493.244476
492.777863
492.329376
491.199829
490.647552
490.211792
490.024811
489.980469
490.116608
490.320526
490.227264
489.880310
489.540283
489.475220
489.494049
487.473145
487.625183
487.288574
486.641571
485.354736
483.155273
482.812439
481.654572
479.183929
481.064484
481.056366
479.677185
480.180756
480.053802
480.148132
480.320343
480.169586
480.216309
479.526611
478.696655
479.542633
479.924225
477.841461
479.954681
479.970856
477.862885
483.154999
480.401428
480.350555
480.558380
479.889587
478.745087
478.246948
477.521729
477.208405
476.047729
474.672638
475.940063
474.719330
475.153473
638.777222
602.677246
587.499023
578.825500
572.340515
567.133484
563.101501
559.521484
564.888367
552.634277
570.201599
547.531128
545.582275
544.456482
541.981323
540.376953
538.998840
537.213684
535.404236
534.595764
531.897461
529.927673
528.223328
524.642517
521.742249
519.813538
517.110718
516.188904
512.439636
510.133179
508.427643
506.939941
505.712433
505.486389
502.956512
501.721741
500.829010
499.606506
498.815186
498.339874
497.915527
498.536530
497.791412
497.552124
497.063232
497.088470
496.779724
496.134552
495.906891
495.779755
495.212341
495.173553
495.180145
495.090424
493.911072
493.036316
491.937561
490.597565
488.258148
487.858765
487.103638
485.351013
486.492889
485.937195
484.491882
484.900726
484.675812
483.958679
483.880463
483.242981
481.383636
482.049927
480.136871
481.490204
481.213531
480.971985
480.958496
480.822876
480.490295
480.235504
480.057007
479.332611
478.773376
478.461060
477.317261
477.961670
477.894470
477.750610
477.630554
476.670349
477.305023
477.401825
476.968781
476.774750
476.627808
476.306885
476.309235
476.090607
474.529266
474.900208
643.197815
608.406250
593.292358
697.924011
576.866028
571.189148
570.712097
561.867371
557.874573
586.784546
551.013977
547.713501
552.215454
541.837891
538.807617
536.027405
533.664978
531.242249
528.662659
526.413025
528.405396
522.313538
520.496948
523.526184
517.067200
515.284302
516.653015
511.989380
510.174866
508.583374
506.807953
505.616943
504.465240
503.463257
503.692352
501.668457
500.566711
500.261566
498.376129
497.666046
496.752655
495.503693
494.658325
493.707336
493.734344
493.422485
492.462433
491.442810
490.741302
490.506866
489.886505
489.021667
488.268036
487.810303
487.645508
487.355774
486.989868
486.750153
486.344696
485.941254
485.193481
485.342163
485.153534
484.965088
484.721405
482.975647
483.690948
483.140228
482.661224
482.247528
481.843811
481.723022
481.419464
481.074249
479.849152
480.348450
480.060150
479.894806
479.791992
479.475555
479.401489
479.108765
477.326782
478.700500
478.215118
475.329498
477.747467
477.527344
475.382965
477.221161
477.123505
477.320557
476.725555
476.573059
476.617950
476.490143
475.933502
476.365021
475.176697
472.891907
644.195557
608.423157
821.386230
583.672485
576.591064
599.057495
566.165344
562.083618
557.961365
554.296875
550.992554
558.542786
544.779297
551.882568
539.118958
536.740723
534.451843
531.948059
529.424805
527.264709
525.357788
523.523315
521.815613
520.004333
518.395447
518.221802
515.271362
516.872986
512.671570
511.327759
510.324890
508.973328
507.629700
506.500854
505.340424
504.050232
502.808838
501.905426
500.842010
500.134613
499.106720
498.145233
497.242340
496.206604
495.583649
494.474731
493.778107
493.094482
492.418396
491.764160
490.715332
490.527985
489.946960
489.106140
488.385071
487.765167
487.150848
486.592194
486.318085
485.770294
485.149109
483.344482
484.225983
483.887207
482.203766
483.358521
483.149658
482.347870
482.670258
482.477203
482.206390
482.107025
481.641693
481.230347
481.283508
480.231140
480.964233
480.982635
478.625336
480.334167
479.645721
479.093506
478.682129
478.453033
478.254486
477.942200
477.939697
476.206970
477.803253
475.426788
478.109589
478.087433
477.469696
477.889435
478.104858
478.043427
478.241882
478.386597
477.548828
477.646271
645.537476
783.275452
596.473206
587.405151
580.494202
575.123779
603.012146
565.752319
561.827637
558.409058
554.673462
551.311035
548.114807
545.499573
542.787109
544.890198
538.002441
535.795959
533.605408
531.365845
529.628357
527.734192
525.896484
528.183533
522.336914
520.686523
522.481445
517.394531
515.689453
515.874023
512.744507
511.660461
510.345917
509.115448
508.075806
506.808838
505.779022
505.631958
503.914063
503.070831
502.239685
500.604095
499.841858
499.210083
498.145996
497.195313
496.308960
495.290619
494.403778
493.921173
493.163971
492.645752
492.086853
491.441895
490.724091
490.232635
489.623657
489.168396
488.618073
488.181366
487.565735
486.832764
485.917816
485.130188
484.800568
484.278961
483.849060
483.331848
482.243195
482.476685
482.081482
481.824707
481.410645
481.258240
480.919739
480.881744
480.311951
478.543945
479.727386
479.236511
479.003601
478.706207
478.219391
478.273438
478.476013
477.729462
477.776062
477.730896
477.580750
477.481415
477.486053
476.466400
477.259583
477.129089
477.049652
476.743408
476.852386
476.756683
475.792480
474.860748
644.101501
609.373230
821.431335
585.272278
578.202209
644.930237
567.764099
563.541992
567.289490
555.765869
552.218689
548.796082
546.021301
543.293701
540.776367
538.177979
540.432922
533.604919
531.264771
529.334045
527.593872
525.764954
524.127197
522.130493
520.327148
518.547607
516.916687
515.408203
515.852783
512.497498
513.269592
509.981323
508.532959
507.438507
506.200378
504.954132
503.854095
502.939148
501.946289
500.707184
499.612854
498.698975
498.168365
496.790588
495.975586
495.334015
494.734894
494.251068
493.474121
492.931335
492.198914
491.597076
490.918365
490.330048
489.439758
488.743134
488.117249
487.714569
487.268097
486.805328
486.601654
485.342163
485.641174
485.258148
483.422546
484.585297
484.198334
482.119965
483.313660
482.655640
481.938110
481.892212
481.615967
481.215881
481.136353
480.774445
480.453857
480.203308
478.529938
480.003540
479.876556
477.239899
479.403717
479.059448
477.633209
478.675018
478.297180
478.151215
477.970734
477.799255
477.598480
477.608185
476.835907
477.266357
477.350739
476.993683
477.110809
477.219788
476.259735
476.136688
644.752686
609.380310
594.280334
584.651428
658.007874
571.608276
566.758179
564.880432
558.390808
567.797485
551.417908
548.036133
545.232910
542.400635
539.609253
537.341003
534.943359
532.497803
535.776001
527.801575
525.928223
524.039124
522.250061
524.523071
519.013794
517.442871
516.129639
514.438477
513.150818
511.814758
510.610657
509.514191
509.329346
507.018921
505.940918
504.641785
503.321533
502.247559
501.343536
500.390137
499.783051
498.699768
497.766876
497.000336
496.267365
495.483917
494.965271
494.252716
493.413635
492.880402
492.227936
491.615631
491.039124
490.439392
489.591980
489.134888
488.158295
486.587555
487.235962
486.639465
484.944946
485.696167
485.250488
484.811218
484.507751
484.107025
483.848938
483.479950
482.943756
482.587219
482.508087
481.629333
481.863770
481.656677
481.409088
481.168243
480.666260
480.131683
479.810089
479.420502
479.228882
478.803101
478.276093
478.228088
478.249329
476.300751
477.698059
477.647949
477.410461
477.355621
477.324585
477.331879
476.926727
476.627045
474.522491
476.535248
476.348053
476.111084
475.004852
474.876190
643.462097
608.107727
655.897522
584.013794
577.142700
571.504089
566.728027
562.572205
586.524841
555.154724
551.856018
549.314880
545.748657
543.091248
540.503052
537.914429
539.614075
532.980713
530.538513
536.007813
526.593384
524.708801
528.373779
521.119385
519.549561
519.353210
516.459900
515.052856
513.737061
512.403687
511.205231
510.014587
508.776001
508.570007
506.498169
505.180115
503.990723
502.759796
501.801056
500.870239
499.869690
498.918732
498.223328
497.224426
496.534149
496.012451
495.001770
494.283173
493.712677
493.091583
492.400665
491.806824
