3158.000000
3140.000000
3144.000000
3128.000000
3144.000000
3158.000000
3138.000000
3124.000000
3144.000000
3156.000000
3174.000000
3122.000000
3150.000000
3146.000000
3140.000000
3120.000000
3152.000000
3154.000000
3148.000000
3134.000000
3142.000000
3144.000000
3154.000000
3126.000000
3154.000000
3140.000000
3140.000000
3120.000000
3136.000000
3156.000000
3142.000000
3120.000000
3156.000000
3104.000000
3146.000000
3120.000000
3170.000000
3142.000000
3164.000000
3114.000000
3164.000000
3138.000000
3146.000000
3108.000000
3144.000000
3154.000000
3144.000000
3154.000000
3154.000000
2972.000000
2808.000000
3256.000000
3334.000000
3398.000000
3512.000000
2994.000000
3044.000000
3082.000000
3156.000000
3300.000000
3328.000000
3194.000000
3146.000000
3144.000000
3174.000000
3186.000000
3174.000000
3166.000000
3180.000000
3210.000000
3216.000000
3178.000000
3214.000000
3238.000000
3248.000000
3178.000000
3242.000000
3248.000000
3292.000000
3194.000000
3242.000000
3244.000000
3226.000000
3246.000000
3256.000000
3238.000000
3236.000000
3212.000000
3250.000000
3246.000000
3260.000000
3222.000000
3252.000000
3276.000000
3232.000000
3220.000000
3248.000000
3216.000000
3208.000000
3230.000000
3274.000000
3234.000000
3254.000000
3224.000000
3242.000000
3242.000000
3242.000000
3286.000000
3288.000000
3166.000000
3202.000000
3174.000000
3230.000000
3368.000000
3224.000000
3202.000000
3248.000000
3172.000000
3246.000000
3152.000000
3274.000000
3172.000000
3140.000000
3326.000000
3298.000000
3290.000000
3224.000000
3272.000000
3294.000000
3276.000000
3264.000000
3242.000000
3242.000000
3226.000000
3248.000000
3198.000000
3254.000000
3246.000000
3218.000000
3180.000000
3292.000000
3276.000000
3260.000000
3282.000000
3284.000000
3220.000000
3292.000000
3240.000000
3260.000000
3270.000000
3262.000000
3220.000000
3248.000000
3210.000000
3222.000000
3240.000000
3282.000000
3298.000000
3242.000000
3194.000000
3204.000000
3250.000000
3260.000000
3194.000000
3240.000000
3268.000000
3250.000000
3212.000000
3270.000000
3264.000000
3278.000000
3246.000000
3258.000000
3248.000000
3250.000000
3238.000000
3262.000000
3248.000000
3270.000000
3226.000000
3258.000000
3258.000000
3262.000000
3258.000000
3270.000000
3266.000000
3270.000000
3232.000000
3252.000000
3264.000000
3272.000000
3240.000000
3264.000000
3262.000000
3264.000000
3256.000000
3252.000000
3250.000000
3252.000000
3242.000000
3250.000000
3262.000000
3262.000000
3234.000000
3264.000000
3290.000000
3264.000000
3254.000000
3280.000000
3236.000000
3268.000000
3238.000000
3272.000000
3242.000000
3272.000000
3250.000000
3256.000000
3252.000000
3254.000000
3222.000000
3264.000000
3256.000000
3240.000000
3248.000000
3266.000000
3262.000000
3262.000000
3222.000000
3264.000000
3266.000000
3276.000000
3244.000000
3274.000000
3262.000000
3256.000000
3256.000000
3268.000000
3260.000000
3268.000000
3246.000000
3270.000000
3266.000000
3262.000000
3246.000000
3266.000000
3268.000000
3250.000000
3248.000000
3260.000000
3256.000000
3270.000000
3202.000000
3282.000000
3264.000000
3266.000000
3210.000000
3274.000000
3246.000000
3264.000000
3250.000000
3278.000000
3258.000000
3272.000000
3238.000000
3262.000000
3262.000000
3266.000000
3244.000000
3254.000000
3272.000000
3268.000000
3224.000000
3266.000000
3280.000000
3258.000000
3244.000000
3264.000000
3270.000000
3264.000000
3226.000000
3262.000000
3262.000000
3250.000000
3244.000000
3262.000000
3266.000000
3256.000000
3236.000000
3266.000000
3260.000000
3270.000000
3226.000000
3262.000000
3272.000000
3252.000000
3252.000000
3262.000000
3258.000000
3204.000000
3218.000000
3264.000000
3258.000000
3264.000000
3238.000000
3262.000000
3260.000000
3274.000000
3198.000000
3250.000000
3268.000000
3270.000000
3234.000000
3256.000000
3270.000000
3272.000000
3244.000000
3250.000000
3250.000000
3262.000000
3244.000000
3264.000000
3268.000000
3266.000000
3236.000000
3254.000000
3264.000000
3258.000000
3270.000000
3268.000000
3248.000000
3250.000000
3240.000000
3250.000000
3272.000000
3236.000000
3240.000000
3300.000000
3330.000000
3274.000000
3280.000000
3300.000000
3292.000000
3278.000000
3264.000000
3284.000000
3264.000000
3262.000000
3258.000000
3280.000000
3286.000000
3296.000000
3278.000000
3290.000000
3300.000000
3272.000000
3254.000000
3280.000000
3276.000000
3290.000000
3280.000000
3302.000000
3278.000000
3294.000000
3256.000000
3280.000000
3280.000000
3268.000000
3244.000000
3254.000000
3260.000000
3282.000000
3264.000000
3266.000000
3280.000000
3274.000000
3250.000000
3272.000000
3266.000000
3276.000000
3252.000000
3280.000000
3260.000000
3278.000000
3264.000000
3286.000000
3274.000000
3288.000000
3254.000000
3292.000000
3272.000000
3292.000000
3248.000000
3302.000000
3286.000000
3278.000000
3250.000000
3278.000000
3300.000000
3310.000000
3252.000000
3260.000000
3278.000000
3292.000000
3250.000000
3284.000000
3290.000000
3282.000000
3268.000000
3280.000000
3276.000000
3276.000000
3254.000000
3272.000000
3288.000000
3302.000000
3256.000000
3286.000000
3284.000000
3274.000000
3276.000000
3308.000000
3282.000000
3286.000000
3260.000000
3304.000000
3274.000000
3296.000000
3274.000000
3290.000000
3278.000000
3280.000000
3268.000000
3290.000000
3286.000000
3294.000000
3270.000000
3298.000000
3286.000000
3290.000000
3278.000000
3286.000000
3302.000000
3268.000000
3248.000000
3280.000000
3280.000000
3294.000000
3266.000000
3286.000000
3296.000000
3290.000000
3252.000000
3280.000000
3280.000000
3300.000000
3266.000000
3276.000000
3276.000000
3300.000000
3280.000000
3298.000000
3284.000000
3308.000000
3260.000000
3298.000000
3302.000000
3282.000000
3264.000000
3278.000000
3288.000000
3290.000000
3262.000000
3280.000000
3298.000000
3288.000000
3252.000000
3274.000000
3280.000000
3284.000000
3262.000000
3286.000000
3268.000000
3278.000000
3258.000000
3280.000000
3264.000000
3274.000000
3248.000000
3278.000000
3280.000000
3276.000000
3250.000000
3266.000000
3272.000000
3272.000000
3244.000000
3276.000000
3280.000000
3270.000000
3254.000000
3282.000000
3272.000000
3234.000000
3246.000000
3264.000000
3288.000000
3278.000000
3238.000000
3280.000000
3278.000000
3278.000000
3236.000000
3272.000000
3280.000000
3268.000000
3234.000000
3272.000000
3284.000000
3278.000000
3262.000000
3280.000000
3216.000000
3260.000000
3266.000000
3308.000000
3296.000000
3268.000000
3266.000000
3288.000000
3290.000000
3292.000000
3242.000000
3280.000000
3280.000000
3284.000000
3250.000000
3270.000000
3284.000000
3288.000000
3270.000000
3294.000000
3288.000000
3292.000000
3252.000000
3288.000000
3288.000000
3284.000000
3244.000000
3280.000000
3292.000000
3274.000000
3266.000000
3284.000000
3268.000000
3286.000000
3274.000000
3284.000000
3280.000000
3296.000000
3264.000000
3264.000000
3286.000000
3284.000000
3276.000000
3284.000000
3302.000000
3294.000000
3258.000000
3286.000000
3292.000000
3292.000000
3262.000000
3282.000000
3276.000000
3284.000000
3272.000000
3294.000000
3282.000000
3282.000000
3272.000000
3302.000000
3284.000000
3292.000000
3274.000000
3286.000000
3288.000000
3288.000000
3270.000000
3278.000000
3286.000000
3294.000000
3262.000000
3284.000000
3288.000000
3276.000000
3282.000000
3294.000000
3316.000000
3286.000000
3278.000000
3358.000000
3282.000000
3312.000000
3266.000000
3306.000000
3288.000000
3298.000000
3282.000000
3278.000000
3292.000000
3298.000000
3286.000000
3304.000000
3300.000000
3296.000000
3256.000000
3302.000000
3302.000000
3292.000000
3276.000000
3294.000000
3298.000000
3288.000000
3288.000000
3314.000000
3300.000000
3298.000000
3254.000000
3286.000000
3288.000000
3276.000000
3270.000000
3286.000000
3256.000000
3258.000000
3242.000000
3258.000000
3254.000000
3256.000000
3242.000000
3286.000000
3206.000000
3298.000000
3298.000000
3278.000000
3272.000000
3278.000000
3254.000000
3364.000000
3352.000000
3276.000000
3150.000000
3194.000000
3316.000000
3374.000000
3180.000000
3176.000000
3272.000000
3324.000000
3256.000000
3280.000000
3272.000000
3276.000000
3270.000000
3298.000000
3282.000000
3278.000000
3256.000000
3284.000000
3304.000000
3290.000000
3228.000000
3274.000000
3302.000000
3280.000000
3254.000000
3284.000000
3260.000000
3282.000000
3262.000000
3274.000000
3264.000000
3284.000000
3260.000000
3286.000000
3298.000000
3274.000000
3244.000000
3270.000000
3282.000000
3288.000000
3264.000000
3274.000000
3282.000000
3292.000000
3256.000000
3276.000000
3290.000000
3284.000000
3254.000000
3274.000000
3284.000000
3280.000000
3260.000000
3278.000000
3276.000000
3260.000000
3252.000000
3288.000000
3282.000000
3274.000000
3256.000000
3276.000000
3288.000000
3274.000000
3272.000000
3286.000000
3294.000000
3292.000000
3264.000000
3274.000000
3284.000000
3264.000000
3260.000000
3282.000000
3278.000000
3298.000000
3254.000000
3284.000000
3284.000000
3276.000000
3266.000000
3282.000000
3288.000000
3280.000000
3270.000000
3290.000000
3290.000000
3286.000000
3260.000000
3284.000000
3284.000000
3286.000000
3262.000000
3276.000000
3292.000000
3292.000000
3252.000000
3276.000000
3294.000000
3278.000000
3260.000000
3288.000000
3274.000000
3288.000000
3258.000000
3306.000000
3284.000000
3290.000000
3262.000000
3298.000000
3296.000000
3280.000000
3270.000000
3284.000000
3286.000000
3284.000000
3268.000000
3300.000000
3286.000000
3274.000000
3262.000000
3284.000000
3276.000000
3280.000000
3270.000000
3286.000000
3276.000000
3292.000000
3262.000000
3290.000000
3280.000000
3288.000000
3266.000000
3282.000000
3276.000000
3308.000000
3242.000000
3286.000000
3284.000000
3286.000000
3264.000000
3272.000000
3290.000000
3276.000000
3258.000000
3296.000000
3290.000000
3282.000000
3250.000000
3286.000000
3280.000000
3276.000000
3262.000000
3288.000000
3280.000000
3280.000000
3246.000000
3292.000000
3286.000000
3294.000000
3252.000000
3274.000000
3274.000000
3288.000000
3266.000000
3288.000000
3282.000000
3282.000000
3258.000000
3286.000000
3276.000000
3274.000000
3270.000000
3274.000000
3288.000000
3260.000000
3270.000000
3294.000000
3290.000000
3276.000000
3246.000000
3274.000000
3276.000000
3260.000000
3254.000000
3292.000000
3268.000000
3262.000000
3272.000000
3294.000000
3270.000000
3274.000000
3248.000000
3294.000000
3252.000000
3270.000000
3250.000000
3284.000000
3274.000000
3300.000000
3242.000000
3256.000000
3266.000000
3270.000000
3238.000000
3262.000000
3264.000000
3268.000000
3258.000000
3282.000000
3264.000000
3272.000000
3260.000000
3276.000000
3254.000000
3254.000000
3254.000000
3276.000000
3284.000000
3260.000000
3260.000000
3266.000000
3274.000000
3272.000000
3260.000000
3274.000000
3266.000000
3266.000000
3248.000000
3260.000000
3268.000000
3280.000000
3252.000000
3282.000000
3282.000000
3294.000000
3246.000000
3286.000000
3274.000000
3276.000000
3258.000000
3286.000000
3276.000000
3278.000000
3266.000000
3284.000000
3264.000000
3286.000000
3252.000000
3274.000000
3286.000000
3286.000000
3258.000000
3288.000000
3290.000000
3274.000000
3244.000000
3294.000000
3270.000000
3262.000000
3268.000000
3284.000000
3290.000000
3278.000000
3260.000000
3288.000000
3286.000000
3288.000000
3250.000000
3282.000000
3272.000000
3276.000000
3242.000000
3294.000000
3272.000000
3294.000000
3260.000000
3280.000000
3288.000000
3288.000000
3266.000000
3270.000000
3280.000000
3276.000000
3264.000000
3286.000000
3276.000000
3260.000000
3252.000000
3282.000000
3288.000000
3308.000000
3246.000000
3274.000000
3282.000000
3276.000000
3260.000000
3308.000000
3278.000000
3260.000000
3268.000000
3292.000000
3276.000000
3272.000000
3264.000000
3288.000000
3290.000000
3276.000000
3252.000000
3280.000000
3284.000000
3290.000000
3244.000000
3286.000000
3294.000000
3292.000000
3252.000000
3278.000000
3294.000000
3294.000000
3260.000000
3280.000000
3280.000000
3290.000000
3272.000000
3284.000000
3290.000000
3292.000000
3262.000000
3272.000000
3288.000000
3276.000000
3272.000000
3280.000000
3274.000000
3294.000000
3262.000000
3288.000000
3260.000000
3278.000000
3268.000000
3296.000000
3276.000000
3282.000000
3262.000000
3292.000000
3300.000000
3272.000000
3276.000000
3280.000000
3290.000000
3272.000000
3270.000000
3278.000000
3274.000000
3264.000000
3266.000000
3294.000000
3248.000000
3296.000000
3270.000000
3276.000000
3280.000000
3288.000000
3260.000000
3256.000000
3268.000000
3294.000000
3244.000000
3268.000000
3270.000000
3288.000000
3224.000000
3282.000000
3304.000000
3290.000000
3252.000000
3268.000000
3284.000000
3272.000000
3280.000000
3284.000000
3284.000000
3256.000000
3286.000000
3300.000000
3308.000000
3274.000000
3266.000000
3296.000000
3274.000000
3252.000000
3274.000000
3318.000000
3282.000000
3252.000000
3250.000000
3262.000000
3290.000000
3286.000000
3252.000000
3268.000000
3294.000000
3280.000000
3274.000000
3284.000000
3278.000000
3292.000000
3250.000000
3274.000000
3300.000000
3290.000000
3240.000000
3266.000000
3298.000000
3288.000000
3296.000000
3290.000000
3228.000000
3320.000000
3266.000000
3286.000000
3250.000000
3374.000000
3266.000000
3266.000000
3306.000000
3332.000000
3276.000000
3298.000000
3276.000000
3314.000000
3284.000000
3306.000000
3302.000000
3336.000000
3274.000000
3298.000000
3344.000000
3400.000000
3260.000000
3294.000000
3326.000000
3340.000000
3264.000000
3292.000000
3304.000000
3336.000000
3298.000000
3324.000000
3312.000000
3302.000000
3262.000000
3284.000000
3328.000000
3258.000000
3254.000000
3272.000000
3278.000000
3270.000000
3192.000000
3236.000000
3310.000000
3250.000000
3294.000000
3276.000000
3368.000000
3272.000000
3294.000000
3256.000000
3206.000000
3280.000000
3212.000000
3274.000000
3268.000000
3242.000000
3240.000000
3272.000000
3268.000000
3266.000000
3242.000000
3208.000000
3256.000000
3278.000000
3274.000000
3278.000000
3166.000000
3332.000000
3150.000000
3212.000000
3272.000000
3244.000000
3152.000000
3200.000000
3152.000000
3142.000000
3160.000000
3198.000000
3304.000000
3170.000000
3126.000000
3122.000000
3224.000000
3342.000000
3220.000000
3258.000000
3180.000000
3320.000000
3218.000000
3216.000000
3248.000000
3278.000000
3260.000000
3296.000000
3280.000000
3254.000000
3276.000000
3296.000000
3268.000000
3270.000000
3256.000000
3280.000000
3256.000000
3236.000000
3330.000000
3286.000000
3208.000000
3292.000000
3248.000000
3452.000000
3292.000000
3270.000000
3186.000000
3206.000000
3440.000000
3448.000000
3308.000000
3250.000000
3262.000000
3320.000000
3350.000000
3370.000000
3300.000000
3284.000000
3330.000000
3382.000000
3344.000000
3286.000000
3306.000000
3366.000000
3294.000000
3296.000000
3352.000000
3328.000000
3314.000000
3310.000000
3308.000000
3326.000000
3338.000000
3304.000000
3312.000000
3344.000000
3296.000000
3340.000000
3288.000000
3328.000000
3332.000000
3312.000000
3282.000000
3306.000000
3312.000000
3358.000000
3294.000000
3294.000000
3346.000000
3354.000000
3312.000000
3316.000000
3304.000000
3308.000000
3282.000000
3304.000000
3324.000000
3316.000000
3318.000000
3304.000000
3322.000000
3336.000000
3338.000000
3338.000000
3336.000000
3300.000000
3308.000000
3348.000000
3308.000000
3304.000000
3312.000000
3350.000000
3354.000000
3266.000000
3328.000000
3352.000000
3304.000000
3302.000000
3306.000000
3342.000000
3312.000000
3306.000000
3306.000000
3322.000000
3346.000000
3322.000000
3300.000000
3308.000000
3336.000000
3310.000000
3292.000000
3346.000000
3312.000000
3336.000000
3300.000000
3342.000000
3348.000000
3316.000000
3288.000000
3304.000000
3338.000000
3330.000000
3316.000000
3318.000000
3366.000000
3312.000000
3296.000000
3320.000000
3304.000000
3302.000000
3290.000000
3338.000000
3298.000000
3320.000000
3318.000000
3326.000000
3296.000000
3334.000000
3308.000000
3334.000000
3326.000000
3308.000000
3296.000000
3334.000000
3328.000000
3324.000000
3296.000000
3340.000000
3302.000000
3326.000000
3302.000000
3326.000000
3322.000000
3318.000000
3294.000000
3298.000000
3342.000000
3354.000000
3294.000000
3332.000000
3300.000000
3292.000000
3292.000000
3294.000000
3364.000000
3326.000000
3266.000000
3316.000000
3356.000000
3306.000000
3278.000000
3312.000000
3308.000000
3348.000000
3300.000000
3300.000000
3338.000000
3326.000000
3292.000000
3318.000000
3302.000000
3296.000000
3302.000000
3336.000000
3320.000000
3316.000000
3308.000000
3314.000000
3320.000000
3332.000000
3298.000000
3334.000000
3350.000000
3324.000000
3302.000000
3332.000000
3314.000000
3318.000000
3314.000000
3336.000000
3304.000000
3328.000000
3302.000000
3364.000000
3344.000000
3306.000000
3332.000000
3336.000000
3300.000000
3344.000000
3400.000000
3378.000000
3380.000000
3388.000000
3340.000000
3370.000000
3322.000000
3318.000000
3406.000000
3432.000000
3360.000000
3306.000000
3348.000000
3368.000000
3368.000000
3314.000000
3348.000000
3374.000000
3356.000000
3358.000000
3332.000000
3374.000000
3382.000000
3382.000000
3304.000000
3382.000000
3386.000000
3342.000000
3328.000000
3336.000000
3386.000000
3354.000000
3350.000000
3396.000000
3376.000000
3364.000000
3372.000000
3368.000000
3394.000000
3366.000000
3334.000000
3396.000000
3362.000000
3354.000000
3366.000000
3356.000000
3368.000000
3360.000000
3354.000000
3386.000000
3356.000000
3358.000000
3384.000000
3384.000000
3358.000000
3354.000000
3348.000000
3356.000000
3348.000000
3358.000000
3324.000000
3362.000000
3376.000000
3370.000000
3362.000000
3388.000000
3350.000000
3364.000000
3336.000000
3404.000000
3332.000000
3364.000000
3358.000000
3382.000000
3334.000000
3342.000000
3350.000000
3378.000000
3378.000000
3354.000000
3304.000000
3398.000000
3352.000000
3362.000000
3326.000000
3368.000000
3348.000000
3344.000000
3330.000000
3372.000000
3350.000000
3350.000000
3316.000000
3370.000000
3354.000000
3360.000000
3318.000000
3346.000000
3362.000000
3380.000000
3322.000000
3362.000000
3354.000000
3358.000000
3312.000000
3348.000000
3364.000000
3374.000000
3312.000000
3348.000000
3366.000000
3400.000000
3362.000000
3334.000000
3352.000000
3328.000000
3304.000000
3362.000000
3382.000000
3336.000000
3294.000000
3314.000000
3326.000000
3366.000000
3264.000000
3290.000000
3340.000000
3346.000000
3312.000000
3310.000000
3374.000000
3240.000000
3402.000000
3440.000000
3374.000000
3338.000000
3314.000000
3346.000000
3372.000000
3362.000000
3284.000000
3306.000000
3342.000000
3364.000000
3296.000000
3346.000000
3366.000000
3368.000000
3350.000000
3374.000000
3368.000000
3350.000000
3324.000000
3368.000000
3362.000000
3334.000000
3354.000000
3360.000000
3322.000000
3342.000000
3352.000000
3360.000000
3366.000000
3346.000000
3336.000000
3370.000000
3362.000000
3368.000000
3360.000000
3376.000000
3374.000000
3322.000000
3334.000000
3348.000000
3362.000000
3366.000000
3340.000000
3362.000000
3358.000000
3374.000000
3320.000000
3344.000000
3342.000000
3350.000000
3348.000000
3382.000000
3344.000000
3350.000000
3352.000000
3378.000000
3342.000000
3342.000000
3340.000000
3360.000000
3384.000000
3336.000000
3350.000000
3342.000000
3388.000000
3376.000000
3306.000000
3366.000000
3368.000000
3330.000000
3342.000000
3386.000000
3376.000000
3396.000000
3316.000000
3374.000000
3388.000000
3304.000000
3370.000000
3370.000000
3368.000000
3388.000000
3354.000000
3370.000000
3360.000000
3360.000000
3362.000000
3408.000000
3392.000000
3366.000000
3364.000000
3398.000000
3396.000000
3372.000000
3362.000000
3368.000000
3362.000000
3362.000000
3362.000000
3380.000000
3380.000000
3390.000000
3310.000000
3404.000000
3366.000000
3348.000000
3328.000000
3376.000000
3366.000000
3364.000000
3336.000000
3372.000000
3384.000000
3370.000000
3340.000000
3368.000000
3390.000000
3302.000000
3392.000000
3386.000000
3340.000000
3376.000000
3346.000000
3346.000000
3358.000000
3352.000000
3354.000000
3380.000000
3342.000000
3342.000000
3370.000000
3394.000000
3348.000000
3362.000000
3344.000000
3364.000000
3374.000000
3382.000000
3338.000000
3366.000000
3370.000000
3374.000000
3352.000000
3366.000000
3386.000000
3366.000000
3364.000000
3404.000000
3364.000000
3374.000000
3346.000000
3382.000000
3406.000000
3388.000000
3344.000000
3374.000000
3390.000000
3398.000000
3382.000000
3394.000000
3348.000000
3404.000000
3354.000000
3358.000000
3378.000000
3378.000000
3366.000000
3388.000000
3386.000000
3384.000000
3350.000000
3398.000000
3366.000000
3354.000000
3352.000000
3386.000000
3358.000000
3368.000000
3362.000000
3398.000000
3374.000000
3346.000000
3390.000000
3402.000000
3378.000000
3368.000000
3362.000000
3372.000000
3356.000000
3366.000000
3376.000000
3400.000000
3354.000000
3374.000000
3406.000000
3404.000000
3358.000000
3360.000000
3400.000000
3368.000000
3402.000000
3374.000000
3384.000000
3404.000000
3398.000000
3372.000000
3366.000000
3410.000000
3380.000000
3376.000000
3370.000000
3400.000000
3410.000000
3360.000000
3360.000000
3402.000000
3392.000000
3352.000000
3382.000000
3384.000000
3384.000000
3388.000000
3348.000000
3390.000000
3378.000000
3376.000000
3366.000000
3396.000000
3370.000000
3366.000000
3378.000000
3372.000000
3384.000000
3412.000000
3416.000000
3346.000000
3380.000000
3396.000000
3366.000000
3364.000000
3428.000000
3382.000000
3360.000000
3382.000000
3414.000000
3370.000000
3348.000000
3378.000000
3374.000000
3388.000000
3350.000000
3372.000000
3388.000000
3398.000000
3354.000000
3392.000000
3400.000000
3394.000000
3322.000000
3370.000000
3390.000000
3372.000000
3334.000000
3370.000000
3374.000000
3318.000000
3364.000000
3388.000000
3384.000000
3390.000000
3340.000000
3386.000000
3370.000000
3374.000000
3368.000000
3416.000000
3384.000000
3372.000000
3364.000000
3388.000000
3350.000000
3402.000000
3344.000000
3340.000000
3390.000000
3396.000000
3360.000000
3392.000000
3382.000000
3390.000000
3346.000000
3376.000000
3400.000000
3378.000000
3350.000000
3362.000000
3376.000000
3374.000000
3356.000000
3380.000000
3384.000000
3404.000000
3356.000000
3370.000000
3386.000000
3404.000000
3322.000000
3354.000000
3398.000000
3398.000000
3322.000000
3378.000000
3380.000000
3380.000000
3338.000000
3394.000000
3384.000000
3376.000000
3348.000000
3366.000000
3378.000000
3396.000000
3358.000000
3396.000000
3394.000000
3362.000000
3372.000000
3390.000000
3376.000000
3356.000000
3354.000000
3388.000000
3358.000000
3364.000000
3346.000000
3384.000000
3372.000000
3382.000000
3366.000000
3368.000000
3392.000000
3392.000000
3352.000000
3388.000000
3398.000000
3388.000000
3368.000000
3408.000000
3394.000000
3386.000000
3282.000000
3322.000000
3350.000000
3346.000000
3334.000000
3352.000000
3358.000000
3348.000000
3368.000000
3368.000000
3364.000000
3382.000000
3358.000000
3380.000000
3358.000000
3398.000000
3332.000000
3352.000000
3376.000000
3370.000000
3326.000000
3388.000000
3386.000000
3344.000000
3358.000000
3390.000000
3366.000000
3372.000000
3358.000000
3380.000000
3374.000000
3398.000000
3344.000000
3376.000000
3392.000000
3388.000000
3354.000000
3370.000000
3396.000000
3378.000000
3354.000000
3386.000000
3392.000000
3368.000000
3352.000000
3426.000000
3390.000000
3370.000000
3380.000000
3430.000000
3314.000000
3398.000000
3366.000000
3358.000000
3404.000000
3378.000000
3342.000000
3362.000000
3412.000000
3398.000000
3364.000000
3414.000000
3382.000000
3372.000000
3378.000000
3388.000000
3370.000000
3392.000000
3364.000000
3386.000000
3364.000000
3376.000000
3370.000000
3388.000000
3372.000000
3376.000000
3364.000000
3390.000000
3370.000000
3386.000000
3346.000000
3378.000000
3366.000000
3388.000000
3348.000000
3392.000000
3382.000000
3384.000000
3380.000000
3382.000000
3352.000000
3356.000000
3392.000000
3388.000000
3404.000000
3364.000000
3366.000000
3392.000000
3390.000000
3380.000000
3376.000000
3386.000000
3392.000000
3410.000000
3384.000000
3408.000000
3398.000000
3388.000000
3392.000000
3412.000000
3410.000000
3376.000000
3376.000000
3392.000000
3396.000000
3386.000000
3382.000000
3380.000000
3380.000000
3378.000000
3388.000000
3406.000000
3384.000000
3384.000000
3376.000000
3390.000000
3390.000000
3380.000000
3354.000000
3374.000000
3386.000000
3410.000000
3342.000000
3380.000000
3402.000000
3380.000000
3376.000000
3378.000000
3370.000000
3346.000000
3362.000000
3384.000000
3368.000000
3350.000000
3350.000000
3386.000000
3364.000000
3380.000000
3348.000000
3402.000000
3394.000000
3396.000000
3324.000000
3358.000000
3382.000000
3370.000000
3328.000000
3382.000000
3376.000000
3376.000000
3380.000000
3378.000000
3390.000000
3392.000000
3348.000000
3380.000000
3392.000000
3402.000000
3344.000000
3366.000000
3382.000000
3408.000000
3374.000000
3414.000000
3372.000000
3374.000000
3350.000000
3398.000000
3386.000000
3398.000000
3310.000000
3390.000000
3384.000000
3394.000000
3376.000000
3386.000000
3402.000000
3388.000000
3360.000000
3394.000000
3380.000000
3406.000000
3382.000000
3392.000000
3358.000000
3374.000000
3352.000000
3400.000000
3388.000000
3418.000000
3406.000000
3394.000000
3398.000000
3424.000000
3386.000000
3374.000000
3420.000000
3382.000000
3386.000000
3424.000000
3370.000000
3410.000000
3378.000000
3404.000000
3442.000000
3412.000000
3358.000000
3366.000000
3414.000000
3418.000000
3340.000000
3368.000000
3420.000000
3424.000000
3376.000000
3398.000000
3412.000000
3400.000000
3360.000000
3406.000000
3390.000000
3380.000000
3376.000000
3384.000000
3406.000000
3404.000000
3368.000000
3402.000000
3408.000000
3414.000000
3378.000000
3366.000000
3392.000000
3412.000000
3382.000000
3368.000000
3410.000000
3390.000000
3376.000000
3404.000000
3412.000000
3412.000000
3374.000000
3406.000000
3420.000000
3392.000000
3394.000000
3438.000000
3602.000000
4176.000000
4278.000000
5402.000000
3624.000000
1232.000000
198.000000
746.000000
3532.000000
4416.000000
3732.000000
3642.000000
4022.000000
3856.000000
3276.000000
3192.000000
2668.000000
2272.000000
2510.000000
3212.000000
3366.000000
3346.000000
3068.000000
3028.000000
3136.000000
3168.000000
3140.000000
3160.000000
3360.000000
3360.000000
3418.000000
3210.000000
3284.000000
3298.000000
3124.000000
3118.000000
3058.000000
3158.000000
3222.000000
3188.000000
3356.000000
3346.000000
3264.000000
3268.000000
3264.000000
3284.000000
3120.000000
3158.000000
3230.000000
3236.000000
3194.000000
3248.000000
3244.000000
3104.000000
3320.000000
3256.000000
3252.000000
3180.000000
3190.000000
3256.000000
3284.000000
3228.000000
3220.000000
3272.000000
3156.000000
3186.000000
3252.000000
3276.000000
3288.000000
3130.000000
3054.000000
3116.000000
3272.000000
3124.000000
3134.000000
3218.000000
3176.000000
3240.000000
3166.000000
3216.000000
3212.000000
3180.000000
3214.000000
3234.000000
3176.000000
3118.000000
2762.000000
3288.000000
3168.000000
3250.000000
3296.000000
3366.000000
3438.000000
3306.000000
3220.000000
3262.000000
3302.000000
3212.000000
3108.000000
3254.000000
3136.000000
3252.000000
3234.000000
3264.000000
3284.000000
3292.000000
3250.000000
3238.000000
3164.000000
3248.000000
3120.000000
3148.000000
3176.000000
3178.000000
3118.000000
3314.000000
3306.000000
3324.000000
3136.000000
3122.000000
3104.000000
3154.000000
3204.000000
3272.000000
3334.000000
3310.000000
3174.000000
3028.000000
3290.000000
3444.000000
3220.000000
3182.000000
3176.000000
3190.000000
3022.000000
2940.000000
2912.000000
3012.000000
2914.000000
2908.000000
2894.000000
2900.000000
3262.000000
3388.000000
3698.000000
3418.000000
4334.000000
3550.000000
2914.000000
3212.000000
4296.000000
3832.000000
2766.000000
2768.000000
3590.000000
3516.000000
3142.000000
3238.000000
3310.000000
3390.000000
3334.000000
3376.000000
3398.000000
3384.000000
3348.000000
3342.000000
3280.000000
3374.000000
3476.000000
3398.000000
3408.000000
3414.000000
3388.000000
3420.000000
3410.000000
3410.000000
3420.000000
3384.000000
3392.000000
3406.000000
3416.000000
3442.000000
3390.000000
3444.000000
3452.000000
3444.000000
3404.000000
3434.000000
3474.000000
3366.000000
3380.000000
3444.000000
3420.000000
3428.000000
3408.000000
3424.000000
3442.000000
3444.000000
3418.000000
3404.000000
3478.000000
3432.000000
3432.000000
3462.000000
3416.000000
3436.000000
3348.000000
3460.000000
3450.000000
3420.000000
3470.000000
3404.000000
3432.000000
3434.000000
3438.000000
3498.000000
3490.000000
3466.000000
3442.000000
3484.000000
3446.000000
3416.000000
3442.000000
3470.000000
3482.000000
3464.000000
3464.000000
3506.000000
3444.000000
3478.000000
3428.000000
3462.000000
3456.000000
3418.000000
3462.000000
3492.000000
3434.000000
3472.000000
3426.000000
3456.000000
3448.000000
3446.000000
3420.000000
3470.000000
3466.000000
3494.000000
3436.000000
3452.000000
3468.000000
3462.000000
3448.000000
3460.000000
3444.000000
3490.000000
3422.000000
3452.000000
3398.000000
3470.000000
3462.000000
3456.000000
3446.000000
3474.000000
3454.000000
3478.000000
3470.000000
3470.000000
3440.000000
3466.000000
3456.000000
3488.000000
3444.000000
3478.000000
3446.000000
3476.000000
3426.000000
3480.000000
3464.000000
3470.000000
3436.000000
3436.000000
3422.000000
3440.000000
3428.000000
3438.000000
3438.000000
3472.000000
3442.000000
3482.000000
3480.000000
3462.000000
3436.000000
3486.000000
3454.000000
3460.000000
3426.000000
3458.000000
3450.000000
3474.000000
3452.000000
3480.000000
3460.000000
3458.000000
3420.000000
3474.000000
3474.000000
3450.000000
3430.000000
3500.000000
3472.000000
3448.000000
3450.000000
3494.000000
3480.000000
3480.000000
3468.000000
3474.000000
3440.000000
3492.000000
3434.000000
3452.000000
3472.000000
3438.000000
3438.000000
3490.000000
3466.000000
3432.000000
3478.000000
3460.000000
3476.000000
3476.000000
3434.000000
3466.000000
3456.000000
3470.000000
3424.000000
3454.000000
3436.000000
3484.000000
3450.000000
3474.000000
3446.000000
3480.000000
3460.000000
3474.000000
3442.000000
3450.000000
3454.000000
3456.000000
3452.000000
3476.000000
3446.000000
3470.000000
3464.000000
3454.000000
3440.000000
3456.000000
3482.000000
3490.000000
3428.000000
3448.000000
3486.000000
3446.000000
3410.000000
3436.000000
3458.000000
3486.000000
3426.000000
3452.000000
3460.000000
3460.000000
3436.000000
3468.000000
3476.000000
3442.000000
3468.000000
3482.000000
3496.000000
3456.000000
3436.000000
3458.000000
3452.000000
3438.000000
3446.000000
3476.000000
3480.000000
3502.000000
3432.000000
3446.000000
3430.000000
3456.000000
3456.000000
3492.000000
3430.000000
3494.000000
3476.000000
3496.000000
3428.000000
3442.000000
3428.000000
3416.000000
3228.000000
3224.000000
3340.000000
3340.000000
3372.000000
3348.000000
3372.000000
3358.000000
3334.000000
3346.000000
3318.000000
3340.000000
3346.000000
3418.000000
3426.000000
3416.000000
3352.000000
3382.000000
3360.000000
3386.000000
3404.000000
3438.000000
3340.000000
3338.000000
3352.000000
3402.000000
3400.000000
3396.000000
3348.000000
3404.000000
3388.000000
3392.000000
3360.000000
3336.000000
3340.000000
3392.000000
3402.000000
3368.000000
3346.000000
3394.000000
3376.000000
3418.000000
3364.000000
3376.000000
3390.000000
3384.000000
3338.000000
3388.000000
3438.000000
3392.000000
3340.000000
3372.000000
3408.000000
3390.000000
3382.000000
3166.000000
3744.000000
3398.000000
3398.000000
3434.000000
3420.000000
3602.000000
3420.000000
3440.000000
3418.000000
3480.000000
3400.000000
3422.000000
3434.000000
3444.000000
3400.000000
3436.000000
3430.000000
3444.000000
3402.000000
3504.000000
3462.000000
3456.000000
3426.000000
3476.000000
3416.000000
3478.000000
3432.000000
3438.000000
3442.000000
3454.000000
3452.000000
3502.000000
3510.000000
3472.000000
3452.000000
3480.000000
3482.000000
3480.000000
3428.000000
3484.000000
3490.000000
3476.000000
3410.000000
3482.000000
3492.000000
3476.000000
3452.000000
3456.000000
3490.000000
3482.000000
3416.000000
3436.000000
3440.000000
3458.000000
3484.000000
3470.000000
3454.000000
3470.000000
3516.000000
3558.000000
3476.000000
3464.000000
3444.000000
3476.000000
3462.000000
3470.000000
3432.000000
3450.000000
3484.000000
3486.000000
3460.000000
3500.000000
3484.000000
3476.000000
3436.000000
3484.000000
3476.000000
3454.000000
3450.000000
3492.000000
3480.000000
3456.000000
3468.000000
3506.000000
3456.000000
3420.000000
3440.000000
3478.000000
3488.000000
3482.000000
3430.000000
3474.000000
3532.000000
3486.000000
3460.000000
3470.000000
3482.000000
3482.000000
3464.000000
3460.000000
3484.000000
3464.000000
3458.000000
3494.000000
3492.000000
3492.000000
3456.000000
3450.000000
3456.000000
3494.000000
3466.000000
3486.000000
3466.000000
3468.000000
3430.000000
3476.000000
3538.000000
3458.000000
3440.000000
3458.000000
3452.000000
3488.000000
3470.000000
3464.000000
3456.000000
3440.000000
3476.000000
3496.000000
3496.000000
3454.000000
3470.000000
3474.000000
3498.000000
3480.000000
3438.000000
3454.000000
3498.000000
3476.000000
3446.000000
3466.000000
3468.000000
3486.000000
3452.000000
3500.000000
3478.000000
3476.000000
3454.000000
3478.000000
3480.000000
3472.000000
3456.000000
3482.000000
3498.000000
3462.000000
3422.000000
3498.000000
3492.000000
3512.000000
3460.000000
3448.000000
3496.000000
3496.000000
3430.000000
3462.000000
3454.000000
3484.000000
3454.000000
3480.000000
3456.000000
3456.000000
3478.000000
3502.000000
3490.000000
3452.000000
3442.000000
3480.000000
3476.000000
3468.000000
3442.000000
3472.000000
3482.000000
3480.000000
3454.000000
3466.000000
3476.000000
3494.000000
3440.000000
3454.000000
3490.000000
3490.000000
3430.000000
3512.000000
3488.000000
3490.000000
3414.000000
3498.000000
3484.000000
3526.000000
3450.000000
3472.000000
3470.000000
3490.000000
3438.000000
3462.000000
3486.000000
3502.000000
3446.000000
3482.000000
3484.000000
3488.000000
3480.000000
3488.000000
3482.000000
3488.000000
3468.000000
3488.000000
3476.000000
3492.000000
3460.000000
3474.000000
3486.000000
3484.000000
3456.000000
3492.000000
3510.000000
3498.000000
3468.000000
3496.000000
3508.000000
3484.000000
3462.000000
3472.000000
3484.000000
3482.000000
3478.000000
3490.000000
3486.000000
3488.000000
3474.000000
3504.000000
3490.000000
3484.000000
3444.000000
3494.000000
3484.000000
3502.000000
3474.000000
3500.000000
3494.000000
3484.000000
3448.000000
3484.000000
3498.000000
3490.000000
3458.000000
3474.000000
3480.000000
3490.000000
3482.000000
3480.000000
3490.000000
3480.000000
3472.000000
3498.000000
3490.000000
3486.000000
3484.000000
3496.000000
3490.000000
3504.000000
3470.000000
3478.000000
3502.000000
3480.000000
3454.000000
3478.000000
3506.000000
3508.000000
3446.000000
3488.000000
3488.000000
3498.000000
3468.000000
3490.000000
3476.000000
3476.000000
3464.000000
3518.000000
3504.000000
3502.000000
3468.000000
3504.000000
3490.000000
3508.000000
3466.000000
3490.000000
3504.000000
3486.000000
3478.000000
3494.000000
3492.000000
3476.000000
3478.000000
3498.000000
3490.000000
3506.000000
3468.000000
3510.000000
3478.000000
3480.000000
3460.000000
3490.000000
3482.000000
3496.000000
3470.000000
3494.000000
3486.000000
3502.000000
3442.000000
3476.000000
3502.000000
3488.000000
3486.000000
3496.000000
3494.000000
3492.000000
3464.000000
3500.000000
3504.000000
3502.000000
3472.000000
3504.000000
3506.000000
3502.000000
3482.000000
3484.000000
3490.000000
3526.000000
3476.000000
3504.000000
3494.000000
3486.000000
3482.000000
3510.000000
3488.000000
3472.000000
3464.000000
3484.000000
3482.000000
3432.000000
3430.000000
3440.000000
3462.000000
3454.000000
3450.000000
3466.000000
3468.000000
3470.000000
3444.000000
3478.000000
3486.000000
3472.000000
3442.000000
3488.000000
3480.000000
3482.000000
3460.000000
3472.000000
3476.000000
3504.000000
3460.000000
3484.000000
3474.000000
3478.000000
3480.000000
3492.000000
3462.000000
3482.000000
3466.000000
3488.000000
3478.000000
3494.000000
3472.000000
3474.000000
3496.000000
3484.000000
3428.000000
3454.000000
3472.000000
3488.000000
3466.000000
3472.000000
3482.000000
3482.000000
3452.000000
3482.000000
3532.000000
3498.000000
3478.000000
3460.000000
3522.000000
3566.000000
3496.000000
3524.000000
3524.000000
3518.000000
3508.000000
3530.000000
3526.000000
3512.000000
3462.000000
3490.000000
3514.000000
3540.000000
3470.000000
3500.000000
3532.000000
3488.000000
3488.000000
3470.000000
3464.000000
3480.000000
3494.000000
3548.000000
3564.000000
3506.000000
3506.000000
3538.000000
3412.000000
3624.000000
3492.000000
3514.000000
3526.000000
3586.000000
3562.000000
3558.000000
3578.000000
3474.000000
3446.000000
3594.000000
3548.000000
3512.000000
3498.000000
3522.000000
3546.000000
3516.000000
3492.000000
3518.000000
3518.000000
3550.000000
3488.000000
3536.000000
3534.000000
3520.000000
3498.000000
3510.000000
3520.000000
3516.000000
3496.000000
3534.000000
3526.000000
3526.000000
3512.000000
3530.000000
3532.000000
3538.000000
3518.000000
3524.000000
3540.000000
3536.000000
3512.000000
3526.000000
3534.000000
3550.000000
3494.000000
3514.000000
3546.000000
3532.000000
3506.000000
3536.000000
3532.000000
3540.000000
3520.000000
3544.000000
3528.000000
3530.000000
3520.000000
3524.000000
3538.000000
3538.000000
3498.000000
3538.000000
3542.000000
3520.000000
3496.000000
3516.000000
3542.000000
3550.000000
3502.000000
3528.000000
3518.000000
3508.000000
3488.000000
3528.000000
3534.000000
3530.000000
3492.000000
3524.000000
3520.000000
3520.000000
3498.000000
3526.000000
3522.000000
3508.000000
3482.000000
3512.000000
3528.000000
3536.000000
3464.000000
3494.000000
3496.000000
3520.000000
3488.000000
3498.000000
3514.000000
3534.000000
3490.000000
3500.000000
3536.000000
3510.000000
3510.000000
3536.000000
3516.000000
3526.000000
3502.000000
3544.000000
3514.000000
3526.000000
3504.000000
3542.000000
3518.000000
3526.000000
3488.000000
3510.000000
3526.000000
3540.000000
3514.000000
3530.000000
3524.000000
3544.000000
3506.000000
3542.000000
3544.000000
3526.000000
3516.000000
3530.000000
3536.000000
3536.000000
3514.000000
3542.000000
3532.000000
3534.000000
3494.000000
3522.000000
3522.000000
3530.000000
3502.000000
3526.000000
3532.000000
3528.000000
3504.000000
3532.000000
3546.000000
3550.000000
3518.000000
3530.000000
3546.000000
3518.000000
3516.000000
3508.000000
3520.000000
3542.000000
3522.000000
3528.000000
3530.000000
3536.000000
3522.000000
3544.000000
3542.000000
3528.000000
3498.000000
3530.000000
3530.000000
3548.000000
3508.000000
3518.000000
3516.000000
3532.000000
3530.000000
3554.000000
3528.000000
3520.000000
3520.000000
3526.000000
3508.000000
3536.000000
3508.000000
3538.000000
3530.000000
3538.000000
3502.000000
3526.000000
3532.000000
3536.000000
3502.000000
3514.000000
3518.000000
3544.000000
3484.000000
3524.000000
3524.000000
3542.000000
3534.000000
3584.000000
3490.000000
3482.000000
3466.000000
3504.000000
3478.000000
3488.000000
3504.000000
3524.000000
3510.000000
3514.000000
3510.000000
3550.000000
3550.000000
3526.000000
3480.000000
3524.000000
3522.000000
3524.000000
3468.000000
3492.000000
3522.000000
3524.000000
3510.000000
3526.000000
3516.000000
3524.000000
3500.000000
3510.000000
3516.000000
3520.000000
3498.000000
3520.000000
3518.000000
3524.000000
3494.000000
3516.000000
3540.000000
3534.000000
3470.000000
3524.000000
3520.000000
3528.000000
3524.000000
3524.000000
3520.000000
3536.000000
3502.000000
3518.000000
3510.000000
3508.000000
3498.000000
3520.000000
3518.000000
3524.000000
3500.000000
3552.000000
3588.000000
3660.000000
3510.000000
3540.000000
3530.000000
3514.000000
3506.000000
3536.000000
3540.000000
3520.000000
3534.000000
3526.000000
3500.000000
3512.000000
3498.000000
3520.000000
3504.000000
3480.000000
3478.000000
3470.000000
3492.000000
3508.000000
3526.000000
3530.000000
3498.000000
3522.000000
3486.000000
3458.000000
3578.000000
3574.000000
3436.000000
3722.000000
3534.000000
3566.000000
3630.000000
3584.000000
3526.000000
3526.000000
3586.000000
3606.000000
3560.000000
3556.000000
3562.000000
3580.000000
3572.000000
3578.000000
3528.000000
3536.000000
3572.000000
3578.000000
3524.000000
3540.000000
3528.000000
3556.000000
3536.000000
3572.000000
3556.000000
3542.000000
3550.000000
3546.000000
3570.000000
3576.000000
3526.000000
3546.000000
3552.000000
3564.000000
3530.000000
3560.000000
3542.000000
3542.000000
3510.000000
3556.000000
3570.000000
3584.000000
3524.000000
3552.000000
3548.000000
3558.000000
3528.000000
3554.000000
3550.000000
3560.000000
3518.000000
3550.000000
3562.000000
3560.000000
3524.000000
3554.000000
3546.000000
3540.000000
3538.000000
3544.000000
3540.000000
3544.000000
3522.000000
3556.000000
3564.000000
3548.000000
3522.000000
3548.000000
3544.000000
3554.000000
3522.000000
3570.000000
3540.000000
3550.000000
3522.000000
3560.000000
3558.000000
3558.000000
3528.000000
3546.000000
3560.000000
3564.000000
3524.000000
3540.000000
3556.000000
3564.000000
3522.000000
3572.000000
3548.000000
3558.000000
3542.000000
3558.000000
3568.000000
3562.000000
3534.000000
3558.000000
3564.000000
3560.000000
3536.000000
3568.000000
3568.000000
3568.000000
3534.000000
3574.000000
3578.000000
3562.000000
3568.000000
3564.000000
3572.000000
3590.000000
3494.000000
3568.000000
3568.000000
3590.000000
3556.000000
3570.000000
3572.000000
3682.000000
3576.000000
3574.000000
3596.000000
3582.000000
3562.000000
3602.000000
3592.000000
3580.000000
3532.000000
3566.000000
3576.000000
3620.000000
3540.000000
3568.000000
3572.000000
3580.000000
3562.000000
3582.000000
3596.000000
3578.000000
3584.000000
3590.000000
3590.000000
3580.000000
3544.000000
3610.000000
3594.000000
3612.000000
3572.000000
3556.000000
3614.000000
3578.000000
3542.000000
3576.000000
3580.000000
3586.000000
3534.000000
3582.000000
3576.000000
3592.000000
3556.000000
3580.000000
3574.000000
3578.000000
3552.000000
3568.000000
3572.000000
3564.000000
3548.000000
3582.000000
3582.000000
3574.000000
3544.000000
3586.000000
3566.000000
3568.000000
3552.000000
3562.000000
3560.000000
3584.000000
3556.000000
3564.000000
3578.000000
3550.000000
3532.000000
3568.000000
3574.000000
3568.000000
3534.000000
3590.000000
3580.000000
3552.000000
3532.000000
3560.000000
3570.000000
3554.000000
3556.000000
3550.000000
3572.000000
3570.000000
3536.000000
3572.000000
3566.000000
3560.000000
3554.000000
3546.000000
3564.000000
3578.000000
3538.000000
3546.000000
3556.000000
3564.000000
3522.000000
3540.000000
3562.000000
3586.000000
3538.000000
3564.000000
3566.000000
3556.000000
3548.000000
3560.000000
3566.000000
3552.000000
3538.000000
3564.000000
3560.000000
3546.000000
3536.000000
3568.000000
3566.000000
3554.000000
3530.000000
3552.000000
3566.000000
3558.000000
3532.000000
3578.000000
3570.000000
3544.000000
3546.000000
3552.000000
3548.000000
3564.000000
3534.000000
3556.000000
3532.000000
3538.000000
3522.000000
3560.000000
3576.000000
3582.000000
3530.000000
3570.000000
3564.000000
3576.000000
3540.000000
3568.000000
3552.000000
3568.000000
3554.000000
3558.000000
3556.000000
3578.000000
3546.000000
3566.000000
3562.000000
3546.000000
3544.000000
3572.000000
3558.000000
3572.000000
3532.000000
3578.000000
3552.000000
3578.000000
3546.000000
3572.000000
3578.000000
3560.000000
3526.000000
3574.000000
3554.000000
3558.000000
3524.000000
3580.000000
3566.000000
3564.000000
3530.000000
3564.000000
3570.000000
3568.000000
3544.000000
3556.000000
3562.000000
3572.000000
3554.000000
3568.000000
3564.000000
3554.000000
3524.000000
3568.000000
3564.000000
3572.000000
3530.000000
3560.000000
3556.000000
3562.000000
3540.000000
3570.000000
3568.000000
3572.000000
3544.000000
3560.000000
3568.000000
3570.000000
3554.000000
3558.000000
3570.000000
3582.000000
3536.000000
3562.000000
3564.000000
3560.000000
3532.000000
3562.000000
3576.000000
3560.000000
3532.000000
3560.000000
3584.000000
3566.000000
3534.000000
3550.000000
3558.000000
3574.000000
3548.000000
3560.000000
3572.000000
3550.000000
3536.000000
3582.000000
3548.000000
3558.000000
3554.000000
3574.000000
3576.000000
3568.000000
3540.000000
3570.000000
3564.000000
3558.000000
3550.000000
3566.000000
3576.000000
3572.000000
3538.000000
3580.000000
3564.000000
3570.000000
3538.000000
3562.000000
3582.000000
3576.000000
3544.000000
3574.000000
3578.000000
3570.000000
3538.000000
3558.000000
3570.000000
3566.000000
3552.000000
3564.000000
3564.000000
3564.000000
3544.000000
3558.000000
3558.000000
3564.000000
3546.000000
3576.000000
3574.000000
3570.000000
3538.000000
3572.000000
3578.000000
3580.000000
3530.000000
3560.000000
3580.000000
3560.000000
3540.000000
3562.000000
3568.000000
3550.000000
3550.000000
3572.000000
3548.000000
3554.000000
3538.000000
3562.000000
3562.000000
3564.000000
3526.000000
3566.000000
3576.000000
3582.000000
3522.000000
3568.000000
3576.000000
3566.000000
3530.000000
3574.000000
3570.000000
3566.000000
3566.000000
3570.000000
3552.000000
3570.000000
3520.000000
3562.000000
3520.000000
3594.000000
3554.000000
3556.000000
3546.000000
3582.000000
3510.000000
3538.000000
3536.000000
3500.000000
3530.000000
3574.000000
3582.000000
3382.000000
3542.000000
3590.000000
3586.000000
3546.000000
3536.000000
3576.000000
3570.000000
3586.000000
3544.000000
3582.000000
3464.000000
3584.000000
3526.000000
3562.000000
3646.000000
3582.000000
3536.000000
3564.000000
3624.000000
3600.000000
3548.000000
3588.000000
3586.000000
3584.000000
3592.000000
3574.000000
3580.000000
3614.000000
3572.000000
3604.000000
3602.000000
3598.000000
3568.000000
3610.000000
3566.000000
3598.000000
3574.000000
3592.000000
3592.000000
3598.000000
3584.000000
3564.000000
3570.000000
3582.000000
3564.000000
3562.000000
3546.000000
3600.000000
3558.000000
3592.000000
3694.000000
3612.000000
3518.000000
3500.000000
3532.000000
3480.000000
3612.000000
3664.000000
3554.000000
3486.000000
3550.000000
3608.000000
3676.000000
3560.000000
3592.000000
3500.000000
3578.000000
3610.000000
3704.000000
3436.000000
3564.000000
3558.000000
3570.000000
3578.000000
3584.000000
3528.000000
3542.000000
3584.000000
3566.000000
3580.000000
3518.000000
3562.000000
3576.000000
3580.000000
3540.000000
3598.000000
3528.000000
3554.000000
3540.000000
3588.000000
3578.000000
3576.000000
3556.000000
3586.000000
3582.000000
3564.000000
3530.000000
3572.000000
3574.000000
3570.000000
3538.000000
3578.000000
3568.000000
3568.000000
3556.000000
3582.000000
3596.000000
3508.000000
3528.000000
3564.000000
3552.000000
3562.000000
3548.000000
3570.000000
3584.000000
3582.000000
3534.000000
3560.000000
3556.000000
3550.000000
3520.000000
3552.000000
3556.000000
3590.000000
3514.000000
3546.000000
3564.000000
3600.000000
3548.000000
3582.000000
3528.000000
3584.000000
3582.000000
3588.000000
3576.000000
3564.000000
3530.000000
3564.000000
3550.000000
3572.000000
3554.000000
3574.000000
3574.000000
3564.000000
3508.000000
3582.000000
3584.000000
3554.000000
3518.000000
3546.000000
3572.000000
3568.000000
3508.000000
3538.000000
3562.000000
3594.000000
3526.000000
3568.000000
3542.000000
3586.000000
3536.000000
3522.000000
3552.000000
3536.000000
3520.000000
3542.000000
3590.000000
3578.000000
3506.000000
3576.000000
3594.000000
3596.000000
3516.000000
3564.000000
3544.000000
3594.000000
3532.000000
3554.000000
3564.000000
3546.000000
3548.000000
3552.000000
3552.000000
3556.000000
3526.000000
3548.000000
3534.000000
3570.000000
3528.000000
3540.000000
3582.000000
3570.000000
3500.000000
3538.000000
3594.000000
3562.000000
3544.000000
3584.000000
3574.000000
3550.000000
3518.000000
3562.000000
3550.000000
3566.000000
3522.000000
3546.000000
3544.000000
3540.000000
3554.000000
3568.000000
3538.000000
3538.000000
3528.000000
3554.000000
3584.000000
3568.000000
3550.000000
3574.000000
3588.000000
3536.000000
3570.000000
3596.000000
3540.000000
3564.000000
3532.000000
3578.000000
3570.000000
3564.000000
3506.000000
3562.000000
3572.000000
3588.000000
3528.000000
3554.000000
3576.000000
3564.000000
3554.000000
3576.000000
3578.000000
3578.000000
3532.000000
3562.000000
3568.000000
3568.000000
3590.000000
3594.000000
3578.000000
3556.000000
3530.000000
3552.000000
3594.000000
3598.000000
3490.000000
3536.000000
3606.000000
3582.000000
3564.000000
3620.000000
3536.000000
3628.000000
3510.000000
3566.000000
3584.000000
3612.000000
3418.000000
3562.000000
3534.000000
3544.000000
3530.000000
3540.000000
3538.000000
3568.000000
3522.000000
3556.000000
3586.000000
3564.000000
3536.000000
3568.000000
3542.000000
3568.000000
3522.000000
3550.000000
3534.000000
3554.000000
3526.000000
3562.000000
3536.000000
3548.000000
3532.000000
3548.000000
3564.000000
3602.000000
3596.000000
3578.000000
3558.000000
3542.000000
3570.000000
3620.000000
3522.000000
3512.000000
3500.000000
3556.000000
3430.000000
3530.000000
3552.000000
3560.000000
3610.000000
3576.000000
3534.000000
3526.000000
3580.000000
3610.000000
3562.000000
3520.000000
3596.000000
3592.000000
3524.000000
3590.000000
3614.000000
3526.000000
3540.000000
3572.000000
3566.000000
3610.000000
3542.000000
3586.000000
3600.000000
3560.000000
3552.000000
3590.000000
3596.000000
3598.000000
3582.000000
3602.000000
3598.000000
3582.000000
3570.000000
3594.000000
3592.000000
3590.000000
3590.000000
3614.000000
3594.000000
3588.000000
3594.000000
3602.000000
3586.000000
3600.000000
3574.000000
3604.000000
3582.000000
3608.000000
3594.000000
3554.000000
3574.000000
3674.000000
3564.000000
3612.000000
3592.000000
3570.000000
3594.000000
3598.000000
3592.000000
3620.000000
3556.000000
3584.000000
3606.000000
3610.000000
3602.000000
3612.000000
3582.000000
3598.000000
3578.000000
3584.000000
3606.000000
3602.000000
3580.000000
3598.000000
3602.000000
3586.000000
3576.000000
3618.000000
3598.000000
3612.000000
3566.000000
3602.000000
3610.000000
3598.000000
3560.000000
3592.000000
3602.000000
3596.000000
3574.000000
3600.000000
3608.000000
3602.000000
3552.000000
3588.000000
3612.000000
3610.000000
3604.000000
3592.000000
3606.000000
3614.000000
3572.000000
3592.000000
3614.000000
3578.000000
3560.000000
3612.000000
3588.000000
3618.000000
3580.000000
3568.000000
3596.000000
3618.000000
3572.000000
3598.000000
3604.000000
3590.000000
3570.000000
3594.000000
3604.000000
3596.000000
3572.000000
3602.000000
3620.000000
3576.000000
3554.000000
3574.000000
3604.000000
3610.000000
3572.000000
3580.000000
3610.000000
3600.000000
3572.000000
3600.000000
3570.000000
3604.000000
3590.000000
3602.000000
3592.000000
3590.000000
3610.000000
3594.000000
3590.000000
3610.000000
3596.000000
3614.000000
3606.000000
3606.000000
3580.000000
3590.000000
3598.000000
3606.000000
3582.000000
3594.000000
3616.000000
3604.000000
3572.000000
3612.000000
3614.000000
3598.000000
3578.000000
3602.000000
3598.000000
3600.000000
3554.000000
3620.000000
3596.000000
3588.000000
3568.000000
3606.000000
3610.000000
3598.000000
3592.000000
3608.000000
3612.000000
3600.000000
3562.000000
3598.000000
3608.000000
3620.000000
3524.000000
3628.000000
3584.000000
3620.000000
3532.000000
3606.000000
3588.000000
3624.000000
3568.000000
3612.000000
3590.000000
3610.000000
3580.000000
3616.000000
3594.000000
3604.000000
3582.000000
3588.000000
3618.000000
3590.000000
3574.000000
3600.000000
3602.000000
3608.000000
3590.000000
3606.000000
3588.000000
3600.000000
3556.000000
3600.000000
3600.000000
3594.000000
3550.000000
3570.000000
3600.000000
3602.000000
3590.000000
3602.000000
3608.000000
3602.000000
3596.000000
3610.000000
3578.000000
3592.000000
3576.000000
3580.000000
3596.000000
3594.000000
3606.000000
3608.000000
3614.000000
3562.000000
3594.000000
3588.000000
3618.000000
3600.000000
3588.000000
3596.000000
3640.000000
3606.000000
3570.000000
3598.000000
3614.000000
3594.000000
3584.000000
3590.000000
3592.000000
3598.000000
3592.000000
3606.000000
3622.000000
3596.000000
3586.000000
3612.000000
3602.000000
3588.000000
3546.000000
3590.000000
3604.000000
3612.000000
3554.000000
3596.000000
3594.000000
3618.000000
3584.000000
3614.000000
3600.000000
3608.000000
3582.000000
3618.000000
3604.000000
3602.000000
3570.000000
3578.000000
3606.000000
3626.000000
3590.000000
3606.000000
3584.000000
3622.000000
3590.000000
3594.000000
3626.000000
3590.000000
3594.000000
3604.000000
3612.000000
3576.000000
3586.000000
3622.000000
3582.000000
3570.000000
3588.000000
3616.000000
3598.000000
3602.000000
3600.000000
3628.000000
3606.000000
3604.000000
3534.000000
3596.000000
3622.000000
3568.000000
3580.000000
3620.000000
3574.000000
3622.000000
3580.000000
3600.000000
3612.000000
3612.000000
3600.000000
3602.000000
3574.000000
3560.000000
3606.000000
3576.000000
3620.000000
3586.000000
3568.000000
3584.000000
3608.000000
3600.000000
3574.000000
3602.000000
3606.000000
3592.000000
3582.000000
3618.000000
3608.000000
3612.000000
3588.000000
3632.000000
3594.000000
3602.000000
3592.000000
3602.000000
3596.000000
3602.000000
3598.000000
3618.000000
3588.000000
3620.000000
3562.000000
3618.000000
3606.000000
3634.000000
3556.000000
3628.000000
3618.000000
3626.000000
3586.000000
3600.000000
3610.000000
3614.000000
3534.000000
3584.000000
3588.000000
3640.000000
3554.000000
3614.000000
3618.000000
3616.000000
3572.000000
3606.000000
3614.000000
3604.000000
3582.000000
3600.000000
3588.000000
3598.000000
3574.000000
3582.000000
3618.000000
3564.000000
3564.000000
3612.000000
3614.000000
3590.000000
3582.000000
3606.000000
3610.000000
3620.000000
3586.000000
3608.000000
3614.000000
3580.000000
3590.000000
3606.000000
3600.000000
3580.000000
3596.000000
3632.000000
3602.000000
3554.000000
3596.000000
3596.000000
3618.000000
3610.000000
3570.000000
3598.000000
3606.000000
3626.000000
3588.000000
3624.000000
3600.000000
3596.000000
3600.000000
3604.000000
3592.000000
3592.000000
3558.000000
3578.000000
3598.000000
3592.000000
3566.000000
3594.000000
3576.000000
3622.000000
3598.000000
3596.000000
3596.000000
3590.000000
3572.000000
3584.000000
3592.000000
3614.000000
3590.000000
3622.000000
3578.000000
3598.000000
3596.000000
3602.000000
3620.000000
3576.000000
3558.000000
3608.000000
3600.000000
3614.000000
3586.000000
3600.000000
3612.000000
3610.000000
3606.000000
3604.000000
3604.000000
3604.000000
3582.000000
3610.000000
3580.000000
3588.000000
3586.000000
3580.000000
3626.000000
3628.000000
3574.000000
3586.000000
3620.000000
3620.000000
3562.000000
3588.000000
3586.000000
3600.000000
3574.000000
3582.000000
3654.000000
3596.000000
3586.000000
3640.000000
3590.000000
3592.000000
3508.000000
3600.000000
3624.000000
3578.000000
3554.000000
3562.000000
3622.000000
3588.000000
3520.000000
3570.000000
3546.000000
3578.000000
3574.000000
3562.000000
3574.000000
3588.000000
3546.000000
3582.000000
3564.000000
3578.000000
3566.000000
3588.000000
3558.000000
3596.000000
3570.000000
3528.000000
3550.000000
3594.000000
3566.000000
3610.000000
3578.000000
3626.000000
3578.000000
3598.000000
3670.000000
3584.000000
3522.000000
3600.000000
3752.000000
3718.000000
3552.000000
3594.000000
3558.000000
3530.000000
3656.000000
3634.000000
3598.000000
3584.000000
3622.000000
3652.000000
3580.000000
3576.000000
3590.000000
3614.000000
3574.000000
3590.000000
3582.000000
3624.000000
3594.000000
3626.000000
3674.000000
3608.000000
3614.000000
3604.000000
3548.000000
3564.000000
3626.000000
3620.000000
3572.000000
3604.000000
3624.000000
3610.000000
3584.000000
3610.000000
3630.000000
3592.000000
3586.000000
3560.000000
3632.000000
3616.000000
3560.000000
3600.000000
3618.000000
3600.000000
3580.000000
3604.000000
3626.000000
3652.000000
3554.000000
3626.000000
3634.000000
3600.000000
3598.000000
3612.000000
3632.000000
3628.000000
3572.000000
3622.000000
3634.000000
3618.000000
3584.000000
3670.000000
3628.000000
3630.000000
3648.000000
3614.000000
3626.000000
3642.000000
3614.000000
3614.000000
3638.000000
3592.000000
3596.000000
3628.000000
3638.000000
3600.000000
3610.000000
3604.000000
3644.000000
3568.000000
3590.000000
3618.000000
3618.000000
3614.000000
3600.000000
3632.000000
3620.000000
3634.000000
3596.000000
3590.000000
3626.000000
3618.000000
3592.000000
3606.000000
3578.000000
3618.000000
3572.000000
3602.000000
3630.000000
3628.000000
3604.000000
3622.000000
3620.000000
3628.000000
3550.000000
3630.000000
3594.000000
3600.000000
3582.000000
3610.000000
3610.000000
3620.000000
3590.000000
3624.000000
3618.000000
3614.000000
3610.000000
3646.000000
3618.000000
3634.000000
3586.000000
3646.000000
3628.000000
3602.000000
3566.000000
3606.000000
3628.000000
3658.000000
3660.000000
3532.000000
3568.000000
3602.000000
3588.000000
3694.000000
3604.000000
3586.000000
3576.000000
3598.000000
3594.000000
3596.000000
3578.000000
3596.000000
3610.000000
3596.000000
3590.000000
3614.000000
3550.000000
3578.000000
3524.000000
3594.000000
3614.000000
3594.000000
3558.000000
3588.000000
3598.000000
3588.000000
3566.000000
3574.000000
3606.000000
3574.000000
3556.000000
3600.000000
3604.000000
3604.000000
3582.000000
3608.000000
3610.000000
3592.000000
3582.000000
3584.000000
3588.000000
3606.000000
3570.000000
3576.000000
3572.000000
3606.000000
3574.000000
3612.000000
3608.000000
3604.000000
3582.000000
3604.000000
3594.000000
3598.000000
3562.000000
3598.000000
3574.000000
3604.000000
3572.000000
3574.000000
3586.000000
3578.000000
3602.000000
3626.000000
3572.000000
3582.000000
3568.000000
3600.000000
3610.000000
3598.000000
3558.000000
3606.000000
3600.000000
3594.000000
3570.000000
3604.000000
3616.000000
3608.000000
3588.000000
3598.000000
3564.000000
3618.000000
3540.000000
3600.000000
3590.000000
3580.000000
3578.000000
3618.000000
3590.000000
3606.000000
3584.000000
3618.000000
3644.000000
3588.000000
3572.000000
3586.000000
3598.000000
3610.000000
3594.000000
3592.000000
3620.000000
3596.000000
3550.000000
3636.000000
3600.000000
3604.000000
3568.000000
3596.000000
3614.000000
3636.000000
3592.000000
3604.000000
3618.000000
3624.000000
3590.000000
3604.000000
3622.000000
3602.000000
3596.000000
3600.000000
3604.000000
3622.000000
3572.000000
3582.000000
3614.000000
3636.000000
3604.000000
3620.000000
3604.000000
3624.000000
3616.000000
3584.000000
3620.000000
3592.000000
3594.000000
3602.000000
3600.000000
3612.000000
3614.000000
3638.000000
3604.000000
3620.000000
3606.000000
3642.000000
3586.000000
3586.000000
3592.000000
3602.000000
3592.000000
3614.000000
3582.000000
3592.000000
3606.000000
3600.000000
3582.000000
3616.000000
3588.000000
3608.000000
3612.000000
3628.000000
3600.000000
3600.000000
3586.000000
3610.000000
3606.000000
3596.000000
3570.000000
3606.000000
3622.000000
3624.000000
3582.000000
3634.000000
3596.000000
3606.000000
3582.000000
3604.000000
3598.000000
3606.000000
3596.000000
3620.000000
3610.000000
3598.000000
3606.000000
3624.000000
3606.000000
3580.000000
3558.000000
3636.000000
3620.000000
3614.000000
3592.000000
3584.000000
3578.000000
3628.000000
3594.000000
3590.000000
3608.000000
3616.000000
3598.000000
3628.000000
3606.000000
3582.000000
3614.000000
3618.000000
3590.000000
3600.000000
3556.000000
3570.000000
3602.000000
3602.000000
3576.000000
3602.000000
3618.000000
3632.000000
3582.000000
3608.000000
3592.000000
3590.000000
3598.000000
3594.000000
3566.000000
3602.000000
3568.000000
3612.000000
3618.000000
3620.000000
3612.000000
3618.000000
3584.000000
3620.000000
3590.000000
3598.000000
3622.000000
3588.000000
3562.000000
3610.000000
3606.000000
3624.000000
3588.000000
3596.000000
3610.000000
3602.000000
3630.000000
3590.000000
3624.000000
3648.000000
3564.000000
3574.000000
3628.000000
3644.000000
3544.000000
3624.000000
3602.000000
3610.000000
3588.000000
3612.000000
3610.000000
3582.000000
3566.000000
3624.000000
3618.000000
3594.000000
3594.000000
3628.000000
3600.000000
3614.000000
3592.000000
3620.000000
3618.000000
3604.000000
3590.000000
3630.000000
3632.000000
3614.000000
3586.000000
3598.000000
3636.000000
3606.000000
3596.000000
3594.000000
3612.000000
3628.000000
3572.000000
3590.000000
3626.000000
3622.000000
3578.000000
3598.000000
3624.000000
3616.000000
3556.000000
3626.000000
3638.000000
3608.000000
3602.000000
3602.000000
3604.000000
3596.000000
3604.000000
3608.000000
3598.000000
3598.000000
3608.000000
3608.000000
3610.000000
3600.000000
3606.000000
3620.000000
3618.000000
3622.000000
3596.000000
3628.000000
3614.000000
3638.000000
3590.000000
3542.000000
3606.000000
3576.000000
3580.000000
3626.000000
3588.000000
3602.000000
3590.000000
3598.000000
3562.000000
3598.000000
3532.000000
3574.000000
3584.000000
3614.000000
3570.000000
3594.000000
3596.000000
3594.000000
3580.000000
3626.000000
3624.000000
3624.000000
3608.000000
3614.000000
3618.000000
3596.000000
3568.000000
3592.000000
3608.000000
3584.000000
3564.000000
3624.000000
3594.000000
3586.000000
3570.000000
3604.000000
3594.000000
3610.000000
3572.000000
3722.000000
3582.000000
3606.000000
3554.000000
3586.000000
3598.000000
3624.000000
3598.000000
3612.000000
3572.000000
3614.000000
3588.000000
3618.000000
3594.000000
3588.000000
3594.000000
3622.000000
3610.000000
3622.000000
3558.000000
3594.000000
3608.000000
3616.000000
3554.000000
3604.000000
3610.000000
3590.000000
3556.000000
3570.000000
3606.000000
3596.000000
3588.000000
3610.000000
3592.000000
3610.000000
3612.000000
3618.000000
3596.000000
3586.000000
3618.000000
3644.000000
3566.000000
3574.000000
3546.000000
3550.000000
3596.000000
3518.000000
3598.000000
3628.000000
3584.000000
3606.000000
3632.000000
3852.000000
3694.000000
3514.000000
3220.000000
3498.000000
3500.000000
3428.000000
3488.000000
3536.000000
3566.000000
3666.000000
3598.000000
3596.000000
3572.000000
3586.000000
3572.000000
3630.000000
3606.000000
3594.000000
3588.000000
3582.000000
3608.000000
3590.000000
3660.000000
3594.000000
3600.000000
3608.000000
3584.000000
3612.000000
3604.000000
3588.000000
3616.000000
3630.000000
3610.000000
3642.000000
3574.000000
3644.000000
3614.000000
3608.000000
3558.000000
3620.000000
3622.000000
3572.000000
3582.000000
3632.000000
3648.000000
3642.000000
3622.000000
3628.000000
3610.000000
3596.000000
3588.000000
3638.000000
3604.000000
3600.000000
3542.000000
3666.000000
3622.000000
3604.000000
3564.000000
3608.000000
3606.000000
3624.000000
3594.000000
3590.000000
3594.000000
3630.000000
3558.000000
3596.000000
3602.000000
3598.000000
3638.000000
3638.000000
3622.000000
3616.000000
3580.000000
3610.000000
3626.000000
3628.000000
3606.000000
3636.000000
3636.000000
3640.000000
3578.000000
3606.000000
3658.000000
3596.000000
3594.000000
3630.000000
3640.000000
3598.000000
3596.000000
3646.000000
3632.000000
3624.000000
3574.000000
3638.000000
3622.000000
3620.000000
3582.000000
3624.000000
3632.000000
3604.000000
3576.000000
3638.000000
3582.000000
3626.000000
3584.000000
3624.000000
3618.000000
3632.000000
3602.000000
3608.000000
3612.000000
3604.000000
3572.000000
3610.000000
3610.000000
3596.000000
3570.000000
3600.000000
3612.000000
3632.000000
3598.000000
3616.000000
3614.000000
3626.000000
3586.000000
3610.000000
3610.000000
3606.000000
3588.000000
3612.000000
3624.000000
3598.000000
3576.000000
3602.000000
3612.000000
3624.000000
3606.000000
3618.000000
3602.000000
3606.000000
3598.000000
3626.000000
3628.000000
3618.000000
3594.000000
3620.000000
3612.000000
3642.000000
3606.000000
3612.000000
3586.000000
3638.000000
3604.000000
3622.000000
3592.000000
3614.000000
3602.000000
3604.000000
3608.000000
3602.000000
3592.000000
3604.000000
3616.000000
3642.000000
3608.000000
3638.000000
3604.000000
3618.000000
3592.000000
3612.000000
3632.000000
3604.000000
3580.000000
3610.000000
3616.000000
3608.000000
3572.000000
3606.000000
3608.000000
3598.000000
3594.000000
3632.000000
3616.000000
3596.000000
3634.000000
3630.000000
3616.000000
3616.000000
3574.000000
3594.000000
3652.000000
3618.000000
3592.000000
3612.000000
3634.000000
3628.000000
3600.000000
3612.000000
3612.000000
3622.000000
3596.000000
3616.000000
3622.000000
3614.000000
3602.000000
3620.000000
3606.000000
3586.000000
3568.000000
3600.000000
3602.000000
3614.000000
3616.000000
3606.000000
3628.000000
3628.000000
3590.000000
3600.000000
3600.000000
3622.000000
3586.000000
3618.000000
3594.000000
3606.000000
3608.000000
3618.000000
3600.000000
3616.000000
3602.000000
3626.000000
3620.000000
3624.000000
3586.000000
3606.000000
3638.000000
3606.000000
3586.000000
3622.000000
3606.000000
3616.000000
3592.000000
3608.000000
3604.000000
3596.000000
3590.000000
3600.000000
3550.000000
3612.000000
3608.000000
3598.000000
3640.000000
3612.000000
3604.000000
3618.000000
3618.000000
3618.000000
3594.000000
3610.000000
3606.000000
3596.000000
3612.000000
3614.000000
3610.000000
3612.000000
3600.000000
3616.000000
3594.000000
3608.000000
3588.000000
3616.000000
3644.000000
3644.000000
3524.000000
3572.000000
3512.000000
3602.000000
3546.000000
3558.000000
3570.000000
3580.000000
3578.000000
3610.000000
3584.000000
3602.000000
3594.000000
3614.000000
3618.000000
3612.000000
3590.000000
3596.000000
3616.000000
3614.000000
3604.000000
3606.000000
3608.000000
3594.000000
3594.000000
3608.000000
3612.000000
3604.000000
3586.000000
3610.000000
3604.000000
3624.000000
3590.000000
3586.000000
3572.000000
3598.000000
3598.000000
3636.000000
3600.000000
3616.000000
3696.000000
3620.000000
3594.000000
3560.000000
3564.000000
3600.000000
3582.000000
3618.000000
3582.000000
3608.000000
3606.000000
3610.000000
3594.000000
3598.000000
3620.000000
3590.000000
3636.000000
3608.000000
3578.000000
3610.000000
3614.000000
3628.000000
3584.000000
3608.000000
3580.000000
3592.000000
3594.000000
3612.000000
3558.000000
3608.000000
3632.000000
3600.000000
3596.000000
3612.000000
3622.000000
3614.000000
3564.000000
3604.000000
3580.000000
3616.000000
3598.000000
3612.000000
3602.000000
3622.000000
3598.000000
3642.000000
3612.000000
3602.000000
3596.000000
3620.000000
3630.000000
3612.000000
3590.000000
3620.000000
3620.000000
3594.000000
3602.000000
3616.000000
3614.000000
3620.000000
3586.000000
3606.000000
3608.000000
3618.000000
3576.000000
3590.000000
3622.000000
3578.000000
3610.000000
3612.000000
3602.000000
3614.000000
3610.000000
3626.000000
3604.000000
3600.000000
3574.000000
3608.000000
3592.000000
3610.000000
3592.000000
3600.000000
3614.000000
3600.000000
3570.000000
3610.000000
3636.000000
3608.000000
3586.000000
3592.000000
3624.000000
3602.000000
3620.000000
3600.000000
3608.000000
3590.000000
3548.000000
3616.000000
3594.000000
3588.000000
3588.000000
3606.000000
3632.000000
3608.000000
3562.000000
3592.000000
3634.000000
3604.000000
3590.000000
3612.000000
3600.000000
3616.000000
3590.000000
3624.000000
3610.000000
3616.000000
3592.000000
3624.000000
3600.000000
3614.000000
3580.000000
3596.000000
3592.000000
3610.000000
3598.000000
3622.000000
3600.000000
3606.000000
3584.000000
3602.000000
3606.000000
3598.000000
3594.000000
3610.000000
3618.000000
3598.000000
3566.000000
3616.000000
3616.000000
3614.000000
3586.000000
3614.000000
3610.000000
3616.000000
3584.000000
3592.000000
3610.000000
3608.000000
3586.000000
3606.000000
3606.000000
3606.000000
3580.000000
3608.000000
3598.000000
3582.000000
3602.000000
3604.000000
3570.000000
3608.000000
3654.000000
3628.000000
3622.000000
3604.000000
3596.000000
3688.000000
3594.000000
3596.000000
3596.000000
3604.000000
3602.000000
3616.000000
3592.000000
3596.000000
3610.000000
3612.000000
3572.000000
3614.000000
3616.000000
3614.000000
3584.000000
3600.000000
3618.000000
3584.000000
3648.000000
3598.000000
3586.000000
3464.000000
3504.000000
3602.000000
3616.000000
3574.000000
3490.000000
3540.000000
3584.000000
3622.000000
3474.000000
3424.000000
3520.000000
3554.000000
3542.000000
3596.000000
3698.000000
3506.000000
3564.000000
3556.000000
3682.000000
3444.000000
3422.000000
3404.000000
3458.000000
3484.000000
3448.000000
3478.000000
3464.000000
3560.000000
3534.000000
3544.000000
3564.000000
3536.000000
3476.000000
3484.000000
3530.000000
3472.000000
3606.000000
3502.000000
3468.000000
3392.000000
3514.000000
3740.000000
3940.000000
3934.000000
3358.000000
3288.000000
3292.000000
3528.000000
3988.000000
3766.000000
3558.000000
3340.000000
3404.000000
3274.000000
3626.000000
3966.000000
3556.000000
3600.000000
3492.000000
3624.000000
3670.000000
3650.000000
3604.000000
3584.000000
3636.000000
3654.000000
3650.000000
3602.000000
3610.000000
3632.000000
3648.000000
3650.000000
3618.000000
3612.000000
3628.000000
3626.000000
3618.000000
3644.000000
3602.000000
3634.000000
3612.000000
3634.000000
3638.000000
3628.000000
3612.000000
3636.000000
3642.000000
3646.000000
3634.000000
3648.000000
3632.000000
3632.000000
3610.000000
3628.000000
3628.000000
3656.000000
3612.000000
3612.000000
3628.000000
3634.000000
3608.000000
3638.000000
3624.000000
3626.000000
3628.000000
3666.000000
3630.000000
3642.000000
3610.000000
3628.000000
3636.000000
3632.000000
3604.000000
3610.000000
3642.000000
3628.000000
3622.000000
3634.000000
3634.000000
3632.000000
3602.000000
3624.000000
3628.000000
3634.000000
3608.000000
3632.000000
3642.000000
3622.000000
3624.000000
3628.000000
3612.000000
3624.000000
3602.000000
3642.000000
3618.000000
3638.000000
3600.000000
3640.000000
3632.000000
3608.000000
3592.000000
3612.000000
3646.000000
3640.000000
3586.000000
3620.000000
3646.000000
3650.000000
3592.000000
3606.000000
3636.000000
3650.000000
3590.000000
3620.000000
3622.000000
3634.000000
3608.000000
3638.000000
3624.000000
3618.000000
3600.000000
3644.000000
3618.000000
3622.000000
3606.000000
3640.000000
3632.000000
3638.000000
3604.000000
3640.000000
3642.000000
3634.000000
3600.000000
3628.000000
3626.000000
3630.000000
3600.000000
3624.000000
3622.000000
3636.000000
3604.000000
3630.000000
3626.000000
3634.000000
3610.000000
3604.000000
3628.000000
3614.000000
3612.000000
3638.000000
3624.000000
3616.000000
3590.000000
3654.000000
3636.000000
3632.000000
3606.000000
3606.000000
3628.000000
3636.000000
3618.000000
3658.000000
3658.000000
3636.000000
3622.000000
3606.000000
3644.000000
3640.000000
3668.000000
3666.000000
3654.000000
3624.000000
3618.000000
3652.000000
3698.000000
3680.000000
3630.000000
3626.000000
3592.000000
3696.000000
3566.000000
3636.000000
3614.000000
3506.000000
3570.000000
3548.000000
3866.000000
3862.000000
3428.000000
3616.000000
3500.000000
3580.000000
3506.000000
3536.000000
3554.000000
3544.000000
3584.000000
3558.000000
3550.000000
3568.000000
3580.000000
3630.000000
3594.000000
3612.000000
3564.000000
3552.000000
3586.000000
3666.000000
3564.000000
3598.000000
3596.000000
3594.000000
3558.000000
3596.000000
3594.000000
3598.000000
3564.000000
3586.000000
3596.000000
3596.000000
3488.000000
3636.000000
3656.000000
3668.000000
3582.000000
3660.000000
3630.000000
3538.000000
3606.000000
3624.000000
3746.000000
3646.000000
3764.000000
3710.000000
3666.000000
3660.000000
3674.000000
3642.000000
3656.000000
3844.000000
3732.000000
3712.000000
3680.000000
3682.000000
3664.000000
3692.000000
3670.000000
3720.000000
3692.000000
3720.000000
3674.000000
3690.000000
3664.000000
3684.000000
3696.000000
3696.000000
3660.000000
3692.000000
3690.000000
3730.000000
3662.000000
3702.000000
3704.000000
3690.000000
3680.000000
3710.000000
3696.000000
3706.000000
3692.000000
3756.000000
3696.000000
3718.000000
3672.000000
3714.000000
3712.000000
3672.000000
3678.000000
3708.000000
3718.000000
3718.000000
3664.000000
3716.000000
3708.000000
3722.000000
3676.000000
3706.000000
3696.000000
3670.000000
3650.000000
3696.000000
3694.000000
3688.000000
3672.000000
3690.000000
3690.000000
3696.000000
3672.000000
3688.000000
3704.000000
3710.000000
3678.000000
3714.000000
3690.000000
3696.000000
3692.000000
3714.000000
3714.000000
3708.000000
3712.000000
3738.000000
3726.000000
3722.000000
3674.000000
3688.000000
3706.000000
3724.000000
3690.000000
3718.000000
3694.000000
3700.000000
3700.000000
3692.000000
3684.000000
3702.000000
3686.000000
3700.000000
3694.000000
3698.000000
3672.000000
3714.000000
3706.000000
3720.000000
3670.000000
3686.000000
3722.000000
3714.000000
3690.000000
3712.000000
3722.000000
3714.000000
3680.000000
3708.000000
3708.000000
3700.000000
3716.000000
3718.000000
3732.000000
3738.000000
3722.000000
3746.000000
3734.000000
3718.000000
3694.000000
3720.000000
3728.000000
3712.000000
3684.000000
3726.000000
3738.000000
3734.000000
3700.000000
3728.000000
3734.000000
3752.000000
3692.000000
3746.000000
3750.000000
3728.000000
3714.000000
3726.000000
3718.000000
3740.000000
3712.000000
3726.000000
3732.000000
3714.000000
3720.000000
3734.000000
3714.000000
3760.000000
3728.000000
3750.000000
3740.000000
3732.000000
3722.000000
3730.000000
3700.000000
3776.000000
3710.000000
3730.000000
3724.000000
3744.000000
3726.000000
3762.000000
3730.000000
3728.000000
3696.000000
3726.000000
3722.000000
3778.000000
3742.000000
3746.000000
3766.000000
3720.000000
3724.000000
3738.000000
3728.000000
3736.000000
3708.000000
3728.000000
3758.000000
3744.000000
3690.000000
3702.000000
3748.000000
3738.000000
3710.000000
3760.000000
3782.000000
3730.000000
3698.000000
3718.000000
3684.000000
3696.000000
3704.000000
3730.000000
3728.000000
3718.000000
3694.000000
3704.000000
3718.000000
3720.000000
3694.000000
3696.000000
3706.000000
3592.000000
3608.000000
3680.000000
3682.000000
3696.000000
3666.000000
3688.000000
3712.000000
3698.000000
3664.000000
3700.000000
3858.000000
3716.000000
3678.000000
3628.000000
3692.000000
3668.000000
3602.000000
3652.000000
3660.000000
3670.000000
3654.000000
3674.000000
3692.000000
3678.000000
3650.000000
3648.000000
3668.000000
3722.000000
3652.000000
3674.000000
3704.000000
3658.000000
3666.000000
3690.000000
3670.000000
3722.000000
3652.000000
3690.000000
3696.000000
3712.000000
3668.000000
3680.000000
3690.000000
3696.000000
3664.000000
3688.000000
3668.000000
3706.000000
3632.000000
3678.000000
3680.000000
3674.000000
3662.000000
3688.000000
3684.000000
3666.000000
3668.000000
3688.000000
3668.000000
3688.000000
3682.000000
3706.000000
3688.000000
3690.000000
3666.000000
3684.000000
3684.000000
3700.000000
3652.000000
3694.000000
3686.000000
3696.000000
3666.000000
3694.000000
3686.000000
3680.000000
3674.000000
3692.000000
3672.000000
3676.000000
3664.000000
3684.000000
3692.000000
3680.000000
3672.000000
3694.000000
3696.000000
3690.000000
3652.000000
3694.000000
3686.000000
3674.000000
3670.000000
3692.000000
3688.000000
3686.000000
3672.000000
3682.000000
3686.000000
3676.000000
3666.000000
3696.000000
3684.000000
3680.000000
3662.000000
3694.000000
3686.000000
3696.000000
3656.000000
3672.000000
3690.000000
3692.000000
3654.000000
3690.000000
3668.000000
3682.000000
3664.000000
3676.000000
3694.000000
3680.000000
3652.000000
3698.000000
3712.000000
3680.000000
3666.000000
3692.000000
3688.000000
3702.000000
3664.000000
3678.000000
3670.000000
3700.000000
3660.000000
3690.000000
3672.000000
3674.000000
3648.000000
3704.000000
3686.000000
3682.000000
3664.000000
3698.000000
3678.000000
3686.000000
3660.000000
3694.000000
3698.000000
3700.000000
3664.000000
3692.000000
3698.000000
3684.000000
3672.000000
3692.000000
3702.000000
3688.000000
3654.000000
3706.000000
3696.000000
3698.000000
3660.000000
3696.000000
3688.000000
3682.000000
3652.000000
3678.000000
3692.000000
3690.000000
3668.000000
3694.000000
3684.000000
3684.000000
3666.000000
3698.000000
3700.000000
3708.000000
3656.000000
3704.000000
3702.000000
3690.000000
3664.000000
3678.000000
3692.000000
3690.000000
3650.000000
3710.000000
3672.000000
3676.000000
3638.000000
3674.000000
3668.000000
3688.000000
3652.000000
3700.000000
3684.000000
3702.000000
3652.000000
3676.000000
3664.000000
3670.000000
3638.000000
3670.000000
3684.000000
3694.000000
3644.000000
3666.000000
3676.000000
3684.000000
3652.000000
3670.000000
3690.000000
3666.000000
3654.000000
3674.000000
3678.000000
3668.000000
3650.000000
3684.000000
3688.000000
3674.000000
3660.000000
3692.000000
3672.000000
3676.000000
3654.000000
3672.000000
3674.000000
3696.000000
3654.000000
3676.000000
3690.000000
3680.000000
3648.000000
3666.000000
3696.000000
3710.000000
3660.000000
3690.000000
3710.000000
3704.000000
3666.000000
3702.000000
3696.000000
3680.000000
3674.000000
3706.000000
3684.000000
3690.000000
3676.000000
3710.000000
3694.000000
3692.000000
3670.000000
3688.000000
3702.000000
3690.000000
3660.000000
3690.000000
3704.000000
3676.000000
3658.000000
3702.000000
3686.000000
3660.000000
3672.000000
3686.000000
3696.000000
3694.000000
3658.000000
3692.000000
3686.000000
3694.000000
3670.000000
3682.000000
3684.000000
3706.000000
3662.000000
3698.000000
3698.000000
3678.000000
3670.000000
