790.000000
772.000000
776.000000
824.000000
776.000000
790.000000
770.000000
820.000000
776.000000
788.000000
806.000000
818.000000
782.000000
778.000000
772.000000
816.000000
784.000000
786.000000
780.000000
830.000000
774.000000
776.000000
786.000000
822.000000
786.000000
772.000000
772.000000
816.000000
768.000000
788.000000
774.000000
816.000000
788.000000
800.000000
778.000000
816.000000
802.000000
774.000000
796.000000
810.000000
796.000000
770.000000
778.000000
804.000000
776.000000
786.000000
776.000000
786.000000
722.000000
668.000000
760.000000
888.000000
902.000000
902.000000
888.000000
818.000000
804.000000
778.000000
788.000000
740.000000
704.000000
762.000000
778.000000
712.000000
742.000000
754.000000
806.000000
734.000000
748.000000
778.000000
720.000000
746.000000
718.000000
742.000000
752.000000
746.000000
810.000000
752.000000
796.000000
826.000000
746.000000
812.000000
730.000000
750.000000
760.000000
742.000000
740.000000
780.000000
754.000000
750.000000
764.000000
726.000000
820.000000
716.000000
736.000000
724.000000
752.000000
720.000000
712.000000
798.000000
778.000000
802.000000
758.000000
664.000000
746.000000
746.000000
810.000000
790.000000
728.000000
734.000000
706.000000
806.000000
798.000000
872.000000
792.000000
706.000000
752.000000
740.000000
750.000000
656.000000
650.000000
740.000000
772.000000
830.000000
738.000000
730.000000
792.000000
776.000000
798.000000
780.000000
768.000000
746.000000
746.000000
730.000000
752.000000
766.000000
758.000000
686.000000
722.000000
748.000000
796.000000
716.000000
828.000000
786.000000
788.000000
788.000000
732.000000
744.000000
764.000000
710.000000
766.000000
724.000000
752.000000
714.000000
790.000000
808.000000
786.000000
802.000000
746.000000
826.000000
772.000000
818.000000
764.000000
762.000000
744.000000
708.000000
754.000000
716.000000
710.000000
704.000000
718.000000
750.000000
762.000000
752.000000
754.000000
742.000000
830.000000
752.000000
710.000000
730.000000
826.000000
762.000000
766.000000
762.000000
710.000000
706.000000
710.000000
736.000000
756.000000
704.000000
712.000000
808.000000
704.000000
766.000000
704.000000
760.000000
756.000000
754.000000
756.000000
746.000000
754.000000
766.000000
766.000000
738.000000
704.000000
730.000000
704.000000
758.000000
720.000000
740.000000
708.000000
742.000000
712.000000
746.000000
776.000000
754.000000
760.000000
820.000000
822.000000
790.000000
768.000000
760.000000
744.000000
752.000000
706.000000
766.000000
766.000000
790.000000
704.000000
706.000000
716.000000
748.000000
714.000000
766.000000
760.000000
760.000000
708.000000
764.000000
772.000000
750.000000
774.000000
706.000000
766.000000
750.000000
706.000000
708.000000
754.000000
752.000000
764.000000
760.000000
710.000000
706.000000
722.000000
704.000000
706.000000
714.000000
714.000000
750.000000
704.000000
754.000000
718.000000
762.000000
712.000000
742.000000
766.000000
766.000000
706.000000
748.000000
758.000000
712.000000
708.000000
728.000000
706.000000
720.000000
762.000000
748.000000
704.000000
774.000000
704.000000
794.000000
766.000000
766.000000
754.000000
748.000000
766.000000
706.000000
760.000000
804.000000
706.000000
764.000000
710.000000
730.000000
766.000000
712.000000
756.000000
756.000000
766.000000
762.000000
708.000000
722.000000
704.000000
762.000000
704.000000
742.000000
766.000000
828.000000
714.000000
766.000000
754.000000
708.000000
774.000000
802.000000
760.000000
710.000000
712.000000
748.000000
754.000000
818.000000
766.000000
748.000000
704.000000
708.000000
706.000000
740.000000
758.000000
704.000000
762.000000
710.000000
708.000000
752.000000
754.000000
744.000000
818.000000
712.000000
740.000000
744.000000
740.000000
834.000000
778.000000
720.000000
740.000000
732.000000
718.000000
704.000000
724.000000
704.000000
766.000000
762.000000
720.000000
790.000000
800.000000
718.000000
794.000000
804.000000
712.000000
758.000000
720.000000
716.000000
730.000000
784.000000
742.000000
718.000000
798.000000
760.000000
720.000000
784.000000
772.000000
748.000000
758.000000
764.000000
722.000000
704.000000
706.000000
720.000000
778.000000
754.000000
712.000000
770.000000
716.000000
756.000000
720.000000
764.000000
782.000000
704.000000
790.000000
714.000000
792.000000
758.000000
732.000000
712.000000
732.000000
752.000000
806.000000
726.000000
782.000000
818.000000
782.000000
740.000000
750.000000
756.000000
764.000000
718.000000
732.000000
754.000000
724.000000
730.000000
722.000000
708.000000
720.000000
716.000000
716.000000
758.000000
712.000000
728.000000
742.000000
760.000000
726.000000
724.000000
714.000000
716.000000
748.000000
722.000000
790.000000
764.000000
744.000000
714.000000
800.000000
778.000000
730.000000
718.000000
720.000000
708.000000
730.000000
726.000000
798.000000
710.000000
738.000000
726.000000
730.000000
718.000000
726.000000
742.000000
708.000000
752.000000
720.000000
784.000000
798.000000
706.000000
726.000000
736.000000
730.000000
756.000000
784.000000
784.000000
740.000000
770.000000
716.000000
716.000000
740.000000
720.000000
738.000000
788.000000
812.000000
764.000000
802.000000
742.000000
722.000000
768.000000
718.000000
792.000000
730.000000
766.000000
720.000000
738.000000
728.000000
756.000000
714.000000
720.000000
788.000000
766.000000
726.000000
708.000000
718.000000
762.000000
720.000000
704.000000
714.000000
752.000000
718.000000
720.000000
716.000000
754.000000
706.000000
712.000000
776.000000
812.000000
716.000000
720.000000
774.000000
758.000000
722.000000
712.000000
802.000000
750.000000
704.000000
792.000000
782.000000
742.000000
784.000000
782.000000
782.000000
740.000000
712.000000
720.000000
708.000000
738.000000
776.000000
724.000000
782.000000
766.000000
720.000000
720.000000
764.000000
706.000000
748.000000
800.000000
708.000000
706.000000
728.000000
730.000000
732.000000
746.000000
720.000000
720.000000
724.000000
818.000000
710.000000
724.000000
728.000000
710.000000
734.000000
728.000000
732.000000
820.000000
728.000000
728.000000
724.000000
748.000000
720.000000
732.000000
714.000000
770.000000
724.000000
708.000000
726.000000
714.000000
724.000000
720.000000
800.000000
704.000000
768.000000
726.000000
724.000000
780.000000
724.000000
742.000000
734.000000
762.000000
726.000000
732.000000
732.000000
766.000000
722.000000
716.000000
724.000000
712.000000
734.000000
722.000000
722.000000
712.000000
742.000000
724.000000
732.000000
714.000000
726.000000
728.000000
728.000000
710.000000
718.000000
726.000000
798.000000
766.000000
724.000000
728.000000
716.000000
722.000000
798.000000
820.000000
790.000000
718.000000
798.000000
722.000000
752.000000
706.000000
746.000000
728.000000
738.000000
786.000000
718.000000
732.000000
738.000000
726.000000
744.000000
740.000000
800.000000
760.000000
742.000000
742.000000
732.000000
716.000000
734.000000
738.000000
728.000000
728.000000
818.000000
740.000000
802.000000
758.000000
726.000000
792.000000
780.000000
774.000000
790.000000
760.000000
698.000000
682.000000
698.000000
758.000000
760.000000
682.000000
726.000000
710.000000
738.000000
802.000000
782.000000
840.000000
846.000000
758.000000
740.000000
664.000000
652.000000
782.000000
890.000000
884.000000
814.000000
748.000000
744.000000
712.000000
764.000000
760.000000
720.000000
776.000000
780.000000
774.000000
738.000000
722.000000
718.000000
760.000000
724.000000
808.000000
730.000000
732.000000
778.000000
742.000000
720.000000
758.000000
724.000000
764.000000
786.000000
766.000000
714.000000
704.000000
724.000000
764.000000
726.000000
738.000000
714.000000
812.000000
774.000000
722.000000
792.000000
704.000000
714.000000
722.000000
732.000000
824.000000
780.000000
794.000000
724.000000
758.000000
778.000000
724.000000
720.000000
764.000000
782.000000
780.000000
828.000000
756.000000
728.000000
722.000000
714.000000
760.000000
716.000000
792.000000
714.000000
712.000000
726.000000
734.000000
796.000000
704.000000
714.000000
724.000000
704.000000
828.000000
722.000000
718.000000
738.000000
758.000000
724.000000
724.000000
716.000000
706.000000
722.000000
728.000000
720.000000
710.000000
730.000000
730.000000
726.000000
764.000000
724.000000
724.000000
726.000000
830.000000
716.000000
732.000000
732.000000
756.000000
716.000000
798.000000
718.000000
764.000000
728.000000
778.000000
792.000000
762.000000
810.000000
724.000000
730.000000
766.000000
802.000000
736.000000
720.000000
710.000000
724.000000
790.000000
724.000000
708.000000
740.000000
726.000000
714.000000
830.000000
724.000000
780.000000
720.000000
710.000000
726.000000
716.000000
732.000000
766.000000
730.000000
720.000000
728.000000
770.000000
722.000000
716.000000
748.000000
746.000000
726.000000
724.000000
726.000000
768.000000
712.000000
730.000000
716.000000
762.000000
736.000000
794.000000
722.000000
818.000000
726.000000
720.000000
716.000000
830.000000
792.000000
784.000000
784.000000
750.000000
732.000000
726.000000
734.000000
756.000000
714.000000
714.000000
728.000000
706.000000
728.000000
722.000000
722.000000
762.000000
726.000000
716.000000
778.000000
774.000000
714.000000
728.000000
764.000000
710.000000
798.000000
730.000000
716.000000
750.000000
714.000000
780.000000
828.000000
758.000000
732.000000
708.000000
766.000000
776.000000
734.000000
774.000000
778.000000
816.000000
734.000000
756.000000
710.000000
818.000000
788.000000
778.000000
740.000000
810.000000
824.000000
706.000000
710.000000
742.000000
830.000000
768.000000
772.000000
762.000000
722.000000
704.000000
776.000000
828.000000
716.000000
758.000000
822.000000
758.000000
716.000000
724.000000
764.000000
828.000000
706.000000
714.000000
776.000000
764.000000
714.000000
770.000000
706.000000
752.000000
764.000000
708.000000
720.000000
820.000000
722.000000
722.000000
734.000000
814.000000
726.000000
714.000000
716.000000
826.000000
790.000000
780.000000
782.000000
706.000000
724.000000
704.000000
790.000000
756.000000
778.000000
726.000000
726.000000
826.000000
792.000000
730.000000
714.000000
748.000000
734.000000
710.000000
766.000000
772.000000
724.000000
730.000000
718.000000
828.000000
728.000000
726.000000
792.000000
754.000000
786.000000
712.000000
716.000000
810.000000
734.000000
776.000000
798.000000
764.000000
720.000000
728.000000
792.000000
770.000000
710.000000
720.000000
716.000000
704.000000
726.000000
716.000000
764.000000
820.000000
722.000000
728.000000
748.000000
750.000000
714.000000
722.000000
780.000000
828.000000
748.000000
718.000000
764.000000
772.000000
732.000000
716.000000
712.000000
768.000000
792.000000
730.000000
716.000000
820.000000
720.000000
788.000000
730.000000
748.000000
790.000000
734.000000
732.000000
756.000000
718.000000
734.000000
798.000000
764.000000
720.000000
720.000000
730.000000
712.000000
724.000000
730.000000
796.000000
766.000000
712.000000
728.000000
716.000000
712.000000
720.000000
714.000000
734.000000
766.000000
728.000000
764.000000
782.000000
708.000000
736.000000
716.000000
722.000000
766.000000
732.000000
740.000000
712.000000
780.000000
784.000000
794.000000
712.000000
774.000000
782.000000
714.000000
704.000000
706.000000
798.000000
816.000000
800.000000
710.000000
716.000000
720.000000
728.000000
764.000000
760.000000
772.000000
798.000000
812.000000
708.000000
710.000000
792.000000
728.000000
722.000000
744.000000
794.000000
820.000000
772.000000
724.000000
712.000000
720.000000
724.000000
724.000000
760.000000
790.000000
804.000000
812.000000
778.000000
706.000000
736.000000
778.000000
756.000000
714.000000
822.000000
722.000000
756.000000
754.000000
766.000000
730.000000
790.000000
756.000000
772.000000
798.000000
784.000000
714.000000
724.000000
718.000000
732.000000
754.000000
778.000000
740.000000
794.000000
808.000000
706.000000
738.000000
728.000000
800.000000
794.000000
732.000000
760.000000
706.000000
726.000000
754.000000
750.000000
706.000000
706.000000
746.000000
708.000000
780.000000
802.000000
716.000000
754.000000
724.000000
810.000000
742.000000
712.000000
714.000000
802.000000
720.000000
712.000000
764.000000
798.000000
830.000000
780.000000
704.000000
732.000000
744.000000
712.000000
802.000000
764.000000
752.000000
742.000000
830.000000
788.000000
704.000000
762.000000
822.000000
776.000000
782.000000
710.000000
760.000000
676.000000
686.000000
754.000000
798.000000
780.000000
808.000000
648.000000
798.000000
824.000000
838.000000
784.000000
780.000000
714.000000
708.000000
746.000000
808.000000
776.000000
772.000000
706.000000
810.000000
776.000000
824.000000
718.000000
714.000000
718.000000
798.000000
708.000000
718.000000
716.000000
776.000000
812.000000
720.000000
704.000000
720.000000
710.000000
792.000000
830.000000
744.000000
802.000000
822.000000
754.000000
792.000000
782.000000
724.000000
698.000000
812.000000
760.000000
786.000000
720.000000
816.000000
846.000000
764.000000
736.000000
720.000000
822.000000
780.000000
800.000000
772.000000
774.000000
760.000000
720.000000
760.000000
740.000000
706.000000
726.000000
648.000000
732.000000
752.000000
764.000000
668.000000
646.000000
882.000000
838.000000
880.000000
696.000000
748.000000
754.000000
830.000000
824.000000
726.000000
746.000000
740.000000
788.000000
706.000000
758.000000
720.000000
726.000000
746.000000
806.000000
734.000000
800.000000
728.000000
704.000000
818.000000
814.000000
748.000000
766.000000
714.000000
744.000000
752.000000
720.000000
736.000000
716.000000
792.000000
768.000000
708.000000
752.000000
722.000000
746.000000
752.000000
734.000000
798.000000
734.000000
722.000000
730.000000
816.000000
820.000000
744.000000
748.000000
722.000000
744.000000
764.000000
756.000000
758.000000
744.000000
762.000000
712.000000
714.000000
714.000000
712.000000
740.000000
748.000000
724.000000
748.000000
808.000000
752.000000
726.000000
730.000000
706.000000
704.000000
728.000000
744.000000
806.000000
746.000000
718.000000
752.000000
746.000000
746.000000
762.000000
722.000000
762.000000
740.000000
748.000000
712.000000
814.000000
796.000000
722.000000
752.000000
712.000000
740.000000
718.000000
724.000000
820.000000
728.000000
744.000000
778.000000
706.000000
756.000000
758.000000
742.000000
752.000000
736.000000
760.000000
744.000000
742.000000
730.000000
714.000000
738.000000
760.000000
758.000000
766.000000
736.000000
774.000000
812.000000
774.000000
766.000000
748.000000
736.000000
710.000000
704.000000
828.000000
736.000000
716.000000
806.000000
766.000000
742.000000
766.000000
762.000000
758.000000
734.000000
738.000000
718.000000
730.000000
734.000000
772.000000
740.000000
732.000000
732.000000
798.000000
740.000000
766.000000
706.000000
756.000000
732.000000
810.000000
718.000000
752.000000
748.000000
724.000000
740.000000
740.000000
778.000000
766.000000
732.000000
758.000000
742.000000
736.000000
742.000000
712.000000
760.000000
756.000000
748.000000
754.000000
760.000000
708.000000
738.000000
710.000000
726.000000
764.000000
742.000000
708.000000
754.000000
758.000000
754.000000
712.000000
744.000000
704.000000
742.000000
740.000000
720.000000
746.000000
708.000000
712.000000
740.000000
720.000000
776.000000
754.000000
820.000000
764.000000
716.000000
746.000000
762.000000
758.000000
718.000000
744.000000
800.000000
810.000000
724.000000
744.000000
744.000000
754.000000
724.000000
750.000000
732.000000
734.000000
772.000000
814.000000
758.000000
758.000000
744.000000
822.000000
762.000000
718.000000
704.000000
712.000000
762.000000
730.000000
726.000000
708.000000
752.000000
804.000000
748.000000
744.000000
706.000000
742.000000
710.000000
708.000000
738.000000
730.000000
742.000000
732.000000
744.000000
800.000000
730.000000
762.000000
732.000000
734.000000
760.000000
760.000000
734.000000
730.000000
724.000000
732.000000
724.000000
734.000000
764.000000
738.000000
752.000000
746.000000
738.000000
764.000000
790.000000
740.000000
712.000000
716.000000
708.000000
804.000000
734.000000
758.000000
710.000000
718.000000
790.000000
818.000000
754.000000
730.000000
744.000000
710.000000
728.000000
738.000000
766.000000
808.000000
788.000000
784.000000
706.000000
748.000000
726.000000
726.000000
820.000000
746.000000
730.000000
736.000000
822.000000
722.000000
738.000000
756.000000
826.000000
802.000000
730.000000
734.000000
816.000000
724.000000
740.000000
750.000000
752.000000
724.000000
806.000000
712.000000
674.000000
646.000000
728.000000
768.000000
744.000000
738.000000
758.000000
776.000000
734.000000
818.000000
766.000000
678.000000
704.000000
730.000000
716.000000
786.000000
752.000000
686.000000
750.000000
808.000000
714.000000
816.000000
750.000000
714.000000
754.000000
722.000000
748.000000
674.000000
724.000000
746.000000
718.000000
740.000000
736.000000
722.000000
742.000000
744.000000
790.000000
814.000000
744.000000
726.000000
764.000000
744.000000
738.000000
774.000000
730.000000
736.000000
762.000000
718.000000
728.000000
736.000000
742.000000
786.000000
776.000000
746.000000
738.000000
744.000000
736.000000
752.000000
750.000000
826.000000
774.000000
724.000000
738.000000
742.000000
716.000000
738.000000
734.000000
750.000000
760.000000
720.000000
718.000000
790.000000
724.000000
758.000000
720.000000
726.000000
728.000000
754.000000
718.000000
718.000000
716.000000
736.000000
760.000000
712.000000
726.000000
718.000000
764.000000
752.000000
810.000000
742.000000
744.000000
706.000000
718.000000
762.000000
752.000000
708.000000
756.000000
750.000000
764.000000
744.000000
810.000000
810.000000
744.000000
764.000000
730.000000
746.000000
736.000000
736.000000
738.000000
720.000000
704.000000
742.000000
740.000000
710.000000
708.000000
748.000000
738.000000
744.000000
738.000000
738.000000
738.000000
756.000000
820.000000
766.000000
750.000000
716.000000
742.000000
724.000000
704.000000
752.000000
742.000000
740.000000
712.000000
748.000000
760.000000
746.000000
716.000000
744.000000
766.000000
742.000000
768.000000
826.000000
716.000000
688.000000
722.000000
722.000000
734.000000
728.000000
730.000000
756.000000
782.000000
718.000000
746.000000
706.000000
724.000000
738.000000
720.000000
740.000000
750.000000
758.000000
650.000000
742.000000
746.000000
750.000000
728.000000
742.000000
762.000000
742.000000
740.000000
716.000000
740.000000
750.000000
722.000000
758.000000
718.000000
764.000000
720.000000
750.000000
766.000000
710.000000
758.000000
706.000000
788.000000
716.000000
730.000000
734.000000
754.000000
754.000000
742.000000
764.000000
762.000000
760.000000
726.000000
710.000000
742.000000
730.000000
728.000000
762.000000
734.000000
744.000000
738.000000
710.000000
750.000000
722.000000
766.000000
714.000000
754.000000
744.000000
738.000000
748.000000
732.000000
742.000000
752.000000
712.000000
730.000000
750.000000
718.000000
716.000000
734.000000
736.000000
712.000000
744.000000
714.000000
750.000000
824.000000
716.000000
710.000000
748.000000
742.000000
722.000000
756.000000
752.000000
746.000000
712.000000
722.000000
736.000000
800.000000
714.000000
704.000000
728.000000
758.000000
760.000000
760.000000
764.000000
724.000000
766.000000
754.000000
752.000000
742.000000
708.000000
746.000000
678.000000
754.000000
748.000000
824.000000
788.000000
728.000000
722.000000
756.000000
708.000000
742.000000
740.000000
740.000000
822.000000
736.000000
758.000000
726.000000
746.000000
788.000000
754.000000
750.000000
700.000000
726.000000
748.000000
828.000000
710.000000
794.000000
768.000000
712.000000
706.000000
762.000000
746.000000
702.000000
748.000000
710.000000
746.000000
814.000000
758.000000
740.000000
764.000000
760.000000
766.000000
716.000000
762.000000
746.000000
750.000000
744.000000
728.000000
760.000000
748.000000
740.000000
828.000000
726.000000
714.000000
720.000000
716.000000
766.000000
708.000000
736.000000
640.000000
758.000000
830.000000
786.000000
752.000000
776.000000
754.000000
726.000000
738.000000
752.000000
750.000000
732.000000
756.000000
760.000000
716.000000
732.000000
746.000000
762.000000
716.000000
762.000000
730.000000
710.000000
710.000000
826.000000
754.000000
756.000000
756.000000
714.000000
706.000000
760.000000
752.000000
788.000000
742.000000
754.000000
708.000000
734.000000
708.000000
706.000000
738.000000
748.000000
766.000000
752.000000
732.000000
730.000000
764.000000
798.000000
740.000000
722.000000
760.000000
748.000000
758.000000
742.000000
744.000000
704.000000
704.000000
792.000000
764.000000
710.000000
700.000000
744.000000
720.000000
706.000000
762.000000
722.000000
826.000000
726.000000
722.000000
710.000000
728.000000
798.000000
724.000000
744.000000
744.000000
740.000000
758.000000
798.000000
820.000000
734.000000
710.000000
708.000000
728.000000
752.000000
810.000000
830.000000
764.000000
762.000000
720.000000
734.000000
766.000000
742.000000
748.000000
798.000000
756.000000
750.000000
710.000000
720.000000
752.000000
704.000000
764.000000
794.000000
746.000000
708.000000
818.000000
730.000000
762.000000
704.000000
744.000000
728.000000
802.000000
766.000000
810.000000
756.000000
742.000000
754.000000
710.000000
806.000000
734.000000
716.000000
754.000000
718.000000
738.000000
724.000000
710.000000
740.000000
726.000000
822.000000
812.000000
754.000000
764.000000
746.000000
704.000000
740.000000
762.000000
740.000000
752.000000
746.000000
764.000000
748.000000
752.000000
740.000000
766.000000
746.000000
762.000000
722.000000
754.000000
806.000000
764.000000
724.000000
704.000000
758.000000
760.000000
756.000000
758.000000
728.000000
732.000000
704.000000
764.000000
652.000000
740.000000
742.000000
704.000000
766.000000
756.000000
688.000000
762.000000
704.000000
722.000000
760.000000
720.000000
710.000000
764.000000
704.000000
724.000000
722.000000
752.000000
752.000000
704.000000
708.000000
762.000000
758.000000
756.000000
756.000000
754.000000
764.000000
718.000000
760.000000
760.000000
752.000000
830.000000
830.000000
820.000000
730.000000
750.000000
762.000000
722.000000
718.000000
820.000000
778.000000
756.000000
752.000000
754.000000
682.000000
658.000000
738.000000
824.000000
808.000000
790.000000
726.000000
762.000000
740.000000
756.000000
788.000000
714.000000
642.000000
644.000000
828.000000
798.000000
822.000000
746.000000
768.000000
758.000000
752.000000
752.000000
756.000000
754.000000
766.000000
768.000000
724.000000
756.000000
768.000000
778.000000
720.000000
742.000000
758.000000
720.000000
750.000000
726.000000
748.000000
814.000000
726.000000
710.000000
698.000000
710.000000
750.000000
766.000000
760.000000
706.000000
752.000000
762.000000
714.000000
764.000000
736.000000
706.000000
756.000000
718.000000
758.000000
704.000000
734.000000
750.000000
728.000000
712.000000
764.000000
794.000000
718.000000
706.000000
710.000000
800.000000
762.000000
750.000000
732.000000
758.000000
762.000000
736.000000
746.000000
722.000000
818.000000
780.000000
754.000000
660.000000
798.000000
806.000000
726.000000
730.000000
716.000000
744.000000
732.000000
736.000000
752.000000
710.000000
724.000000
712.000000
736.000000
718.000000
702.000000
692.000000
816.000000
760.000000
718.000000
716.000000
744.000000
714.000000
720.000000
726.000000
754.000000
742.000000
704.000000
788.000000
758.000000
744.000000
722.000000
766.000000
752.000000
716.000000
724.000000
788.000000
750.000000
718.000000
732.000000
704.000000
706.000000
750.000000
786.000000
848.000000
1206.000000
474.000000
360.000000
912.000000
-58.000000
-86.000000
76.000000
-64.000000
-108.000000
-70.000000
-202.000000
-368.000000
-756.000000
-712.000000
-852.000000
-800.000000
-690.000000
-756.000000
-730.000000
-814.000000
-708.000000
-748.000000
-704.000000
-800.000000
-892.000000
-872.000000
-800.000000
-736.000000
-870.000000
-822.000000
-748.000000
-798.000000
-716.000000
-722.000000
-782.000000
-874.000000
-938.000000
-844.000000
-932.000000
-878.000000
-768.000000
-764.000000
-768.000000
-748.000000
-784.000000
-810.000000
-802.000000
-860.000000
-838.000000
-848.000000
-852.000000
-864.000000
-712.000000
-712.000000
-716.000000
-788.000000
-778.000000
-776.000000
-812.000000
-804.000000
-876.000000
-888.000000
-812.000000
-782.000000
-716.000000
-820.000000
-808.000000
-710.000000
-850.000000
-852.000000
-824.000000
-780.000000
-834.000000
-878.000000
-792.000000
-792.000000
-866.000000
-880.000000
-820.000000
-788.000000
-818.000000
-798.000000
-856.000000
-850.000000
-694.000000
-872.000000
-800.000000
-782.000000
-800.000000
-794.000000
-786.000000
-790.000000
-748.000000
-706.000000
-730.000000
-756.000000
-732.000000
-714.000000
-896.000000
-780.000000
-734.000000
-768.000000
-748.000000
-804.000000
-846.000000
-794.000000
-868.000000
-848.000000
-784.000000
-820.000000
-856.000000
-790.000000
-722.000000
-846.000000
-790.000000
-772.000000
-832.000000
-782.000000
-736.000000
-814.000000
-892.000000
-824.000000
-826.000000
-786.000000
-794.000000
-812.000000
-742.000000
-588.000000
-748.000000
-786.000000
-856.000000
-714.000000
-818.000000
-708.000000
-800.000000
-764.000000
-734.000000
-740.000000
-690.000000
-748.000000
-194.000000
-4.000000
306.000000
538.000000
750.000000
670.000000
546.000000
588.000000
904.000000
760.000000
462.000000
464.000000
710.000000
700.000000
646.000000
614.000000
686.000000
766.000000
774.000000
688.000000
646.000000
696.000000
660.000000
654.000000
592.000000
622.000000
724.000000
710.000000
656.000000
662.000000
700.000000
668.000000
722.000000
658.000000
604.000000
632.000000
704.000000
718.000000
664.000000
690.000000
702.000000
756.000000
700.000000
692.000000
652.000000
682.000000
594.000000
678.000000
756.000000
756.000000
668.000000
676.000000
720.000000
672.000000
690.000000
692.000000
666.000000
652.000000
662.000000
680.000000
680.000000
710.000000
664.000000
684.000000
724.000000
708.000000
698.000000
604.000000
654.000000
652.000000
680.000000
682.000000
686.000000
746.000000
674.000000
650.000000
690.000000
668.000000
694.000000
664.000000
754.000000
654.000000
666.000000
648.000000
648.000000
690.000000
692.000000
726.000000
676.000000
582.000000
640.000000
666.000000
710.000000
740.000000
746.000000
656.000000
674.000000
640.000000
696.000000
694.000000
732.000000
654.000000
650.000000
614.000000
684.000000
700.000000
716.000000
710.000000
696.000000
644.000000
692.000000
674.000000
670.000000
700.000000
646.000000
654.000000
646.000000
640.000000
694.000000
658.000000
702.000000
662.000000
654.000000
654.000000
688.000000
650.000000
640.000000
672.000000
692.000000
726.000000
694.000000
660.000000
674.000000
664.000000
712.000000
718.000000
684.000000
684.000000
670.000000
688.000000
676.000000
686.000000
686.000000
656.000000
690.000000
666.000000
664.000000
646.000000
684.000000
670.000000
702.000000
644.000000
674.000000
642.000000
698.000000
658.000000
700.000000
664.000000
644.000000
642.000000
668.000000
658.000000
658.000000
698.000000
678.000000
684.000000
656.000000
760.000000
698.000000
678.000000
664.000000
664.000000
652.000000
658.000000
688.000000
740.000000
682.000000
700.000000
592.000000
686.000000
686.000000
674.000000
650.000000
680.000000
726.000000
708.000000
724.000000
660.000000
682.000000
650.000000
640.000000
654.000000
672.000000
702.000000
684.000000
668.000000
698.000000
658.000000
694.000000
664.000000
644.000000
658.000000
690.000000
698.000000
766.000000
640.000000
700.000000
660.000000
694.000000
654.000000
648.000000
702.000000
752.000000
704.000000
730.000000
674.000000
676.000000
696.000000
670.000000
694.000000
658.000000
748.000000
706.000000
670.000000
674.000000
700.000000
644.000000
644.000000
684.000000
652.000000
660.000000
690.000000
652.000000
666.000000
680.000000
640.000000
684.000000
642.000000
700.000000
686.000000
694.000000
660.000000
728.000000
750.000000
680.000000
694.000000
678.000000
640.000000
704.000000
740.000000
742.000000
742.000000
660.000000
744.000000
740.000000
754.000000
676.000000
664.000000
604.000000
600.000000
652.000000
652.000000
748.000000
724.000000
748.000000
670.000000
582.000000
530.000000
694.000000
652.000000
722.000000
794.000000
738.000000
728.000000
664.000000
694.000000
800.000000
826.000000
716.000000
686.000000
652.000000
714.000000
728.000000
650.000000
648.000000
708.000000
724.000000
716.000000
700.000000
640.000000
672.000000
648.000000
716.000000
768.000000
714.000000
680.000000
658.000000
642.000000
688.000000
730.000000
740.000000
752.000000
702.000000
696.000000
714.000000
764.000000
686.000000
704.000000
716.000000
748.000000
656.000000
766.000000
758.000000
542.000000
736.000000
710.000000
710.000000
746.000000
668.000000
722.000000
732.000000
752.000000
730.000000
728.000000
712.000000
734.000000
682.000000
692.000000
648.000000
684.000000
678.000000
756.000000
714.000000
752.000000
646.000000
640.000000
674.000000
660.000000
664.000000
726.000000
680.000000
686.000000
690.000000
702.000000
700.000000
686.000000
758.000000
656.000000
764.000000
728.000000
666.000000
664.000000
740.000000
732.000000
674.000000
660.000000
658.000000
666.000000
676.000000
724.000000
700.000000
640.000000
674.000000
666.000000
728.000000
684.000000
752.000000
642.000000
668.000000
654.000000
702.000000
718.000000
764.000000
742.000000
724.000000
648.000000
692.000000
660.000000
646.000000
654.000000
680.000000
698.000000
732.000000
670.000000
644.000000
748.000000
732.000000
724.000000
748.000000
732.000000
660.000000
702.000000
698.000000
676.000000
792.000000
768.000000
652.000000
626.000000
640.000000
732.000000
752.000000
662.000000
608.000000
666.000000
742.000000
722.000000
716.000000
734.000000
708.000000
718.000000
666.000000
666.000000
648.000000
644.000000
668.000000
712.000000
642.000000
742.000000
676.000000
676.000000
704.000000
762.000000
640.000000
678.000000
714.000000
670.000000
650.000000
652.000000
742.000000
724.000000
658.000000
642.000000
752.000000
706.000000
764.000000
736.000000
654.000000
648.000000
640.000000
752.000000
660.000000
680.000000
680.000000
702.000000
654.000000
658.000000
746.000000
728.000000
750.000000
766.000000
682.000000
660.000000
694.000000
650.000000
652.000000
734.000000
700.000000
684.000000
662.000000
660.000000
766.000000
662.000000
728.000000
720.000000
704.000000
730.000000
682.000000
646.000000
670.000000
682.000000
676.000000
760.000000
708.000000
760.000000
744.000000
680.000000
678.000000
646.000000
766.000000
732.000000
702.000000
664.000000
640.000000
704.000000
726.000000
750.000000
674.000000
700.000000
754.000000
728.000000
724.000000
652.000000
690.000000
656.000000
730.000000
664.000000
702.000000
650.000000
660.000000
742.000000
752.000000
766.000000
674.000000
738.000000
678.000000
696.000000
672.000000
674.000000
662.000000
682.000000
732.000000
710.000000
826.000000
720.000000
718.000000
674.000000
686.000000
646.000000
734.000000
750.000000
758.000000
730.000000
668.000000
672.000000
728.000000
672.000000
666.000000
672.000000
716.000000
736.000000
660.000000
676.000000
708.000000
658.000000
670.000000
668.000000
704.000000
740.000000
694.000000
682.000000
652.000000
680.000000
756.000000
668.000000
710.000000
656.000000
668.000000
730.000000
662.000000
674.000000
734.000000
672.000000
722.000000
752.000000
674.000000
668.000000
692.000000
678.000000
668.000000
686.000000
722.000000
748.000000
678.000000
668.000000
696.000000
668.000000
682.000000
674.000000
706.000000
658.000000
728.000000
674.000000
666.000000
664.000000
738.000000
664.000000
720.000000
682.000000
674.000000
670.000000
668.000000
680.000000
738.000000
688.000000
718.000000
726.000000
686.000000
664.000000
702.000000
726.000000
690.000000
692.000000
694.000000
672.000000
672.000000
682.000000
652.000000
674.000000
660.000000
724.000000
712.000000
766.000000
688.000000
686.000000
716.000000
752.000000
738.000000
756.000000
650.000000
674.000000
752.000000
670.000000
662.000000
742.000000
676.000000
660.000000
726.000000
746.000000
738.000000
754.000000
652.000000
694.000000
662.000000
728.000000
708.000000
738.000000
730.000000
680.000000
718.000000
742.000000
670.000000
686.000000
690.000000
660.000000
750.000000
736.000000
670.000000
680.000000
678.000000
676.000000
712.000000
748.000000
752.000000
750.000000
656.000000
688.000000
690.000000
686.000000
666.000000
668.000000
674.000000
710.000000
724.000000
752.000000
742.000000
734.000000
730.000000
694.000000
672.000000
656.000000
648.000000
668.000000
666.000000
680.000000
678.000000
688.000000
646.000000
702.000000
698.000000
650.000000
652.000000
718.000000
692.000000
662.000000
670.000000
656.000000
690.000000
672.000000
664.000000
730.000000
644.000000
656.000000
660.000000
688.000000
644.000000
732.000000
658.000000
662.000000
664.000000
676.000000
646.000000
666.000000
650.000000
672.000000
726.000000
742.000000
720.000000
658.000000
680.000000
668.000000
676.000000
702.000000
720.000000
736.000000
650.000000
656.000000
666.000000
666.000000
700.000000
666.000000
652.000000
682.000000
662.000000
644.000000
642.000000
750.000000
680.000000
644.000000
644.000000
702.000000
692.000000
714.000000
646.000000
696.000000
710.000000
738.000000
698.000000
660.000000
654.000000
684.000000
716.000000
672.000000
608.000000
590.000000
648.000000
728.000000
742.000000
668.000000
684.000000
690.000000
690.000000
722.000000
660.000000
744.000000
740.000000
698.000000
710.000000
706.000000
682.000000
678.000000
698.000000
658.000000
694.000000
714.000000
668.000000
696.000000
682.000000
642.000000
730.000000
700.000000
676.000000
702.000000
766.000000
670.000000
736.000000
720.000000
654.000000
640.000000
682.000000
694.000000
640.000000
700.000000
680.000000
718.000000
646.000000
646.000000
696.000000
650.000000
652.000000
658.000000
702.000000
644.000000
660.000000
656.000000
696.000000
646.000000
654.000000
670.000000
678.000000
762.000000
666.000000
652.000000
690.000000
656.000000
652.000000
660.000000
704.000000
664.000000
648.000000
650.000000
704.000000
708.000000
658.000000
658.000000
682.000000
658.000000
662.000000
704.000000
744.000000
700.000000
662.000000
670.000000
686.000000
712.000000
766.000000
692.000000
672.000000
712.000000
654.000000
650.000000
676.000000
644.000000
704.000000
704.000000
746.000000
646.000000
642.000000
692.000000
730.000000
760.000000
648.000000
656.000000
712.000000
742.000000
744.000000
704.000000
672.000000
682.000000
762.000000
654.000000
738.000000
684.000000
656.000000
758.000000
758.000000
720.000000
700.000000
646.000000
686.000000
664.000000
698.000000
646.000000
688.000000
662.000000
766.000000
646.000000
672.000000
694.000000
646.000000
660.000000
762.000000
650.000000
644.000000
664.000000
690.000000
662.000000
664.000000
710.000000
700.000000
650.000000
656.000000
656.000000
698.000000
662.000000
716.000000
654.000000
678.000000
642.000000
706.000000
650.000000
686.000000
646.000000
652.000000
648.000000
752.000000
716.000000
666.000000
670.000000
766.000000
714.000000
666.000000
702.000000
700.000000
692.000000
640.000000
662.000000
642.000000
648.000000
650.000000
720.000000
706.000000
664.000000
662.000000
648.000000
682.000000
650.000000
714.000000
668.000000
692.000000
702.000000
764.000000
716.000000
650.000000
674.000000
712.000000
704.000000
640.000000
646.000000
756.000000
656.000000
756.000000
658.000000
650.000000
658.000000
750.000000
710.000000
652.000000
656.000000
686.000000
762.000000
766.000000
728.000000
668.000000
644.000000
644.000000
726.000000
718.000000
704.000000
610.000000
538.000000
650.000000
688.000000
726.000000
672.000000
688.000000
644.000000
758.000000
762.000000
694.000000
670.000000
670.000000
646.000000
728.000000
644.000000
642.000000
644.000000
652.000000
676.000000
642.000000
708.000000
694.000000
646.000000
700.000000
708.000000
684.000000
758.000000
700.000000
640.000000
682.000000
640.000000
702.000000
644.000000
742.000000
764.000000
660.000000
654.000000
718.000000
708.000000
704.000000
648.000000
644.000000
644.000000
640.000000
656.000000
750.000000
766.000000
758.000000
692.000000
682.000000
640.000000
702.000000
644.000000
748.000000
736.000000
708.000000
716.000000
694.000000
660.000000
650.000000
762.000000
754.000000
720.000000
724.000000
704.000000
654.000000
646.000000
684.000000
696.000000
746.000000
640.000000
688.000000
664.000000
662.000000
654.000000
676.000000
756.000000
646.000000
650.000000
682.000000
706.000000
734.000000
706.000000
698.000000
630.000000
620.000000
650.000000
718.000000
750.000000
686.000000
640.000000
710.000000
710.000000
642.000000
662.000000
680.000000
676.000000
682.000000
700.000000
756.000000
698.000000
648.000000
656.000000
692.000000
698.000000
644.000000
660.000000
712.000000
740.000000
656.000000
692.000000
676.000000
662.000000
670.000000
666.000000
690.000000
696.000000
646.000000
666.000000
672.000000
748.000000
714.000000
680.000000
662.000000
662.000000
694.000000
676.000000
690.000000
640.000000
644.000000
672.000000
732.000000
742.000000
712.000000
674.000000
670.000000
680.000000
702.000000
734.000000
682.000000
744.000000
644.000000
674.000000
666.000000
660.000000
658.000000
664.000000
660.000000
664.000000
642.000000
740.000000
684.000000
668.000000
642.000000
732.000000
664.000000
738.000000
642.000000
690.000000
660.000000
670.000000
642.000000
680.000000
678.000000
678.000000
648.000000
730.000000
680.000000
684.000000
644.000000
660.000000
676.000000
684.000000
642.000000
692.000000
668.000000
678.000000
662.000000
678.000000
688.000000
682.000000
654.000000
678.000000
684.000000
680.000000
656.000000
688.000000
688.000000
688.000000
654.000000
694.000000
698.000000
682.000000
688.000000
684.000000
692.000000
646.000000
678.000000
688.000000
688.000000
646.000000
676.000000
690.000000
692.000000
610.000000
696.000000
694.000000
652.000000
638.000000
682.000000
658.000000
648.000000
700.000000
652.000000
686.000000
696.000000
676.000000
596.000000
624.000000
692.000000
700.000000
682.000000
702.000000
652.000000
698.000000
640.000000
646.000000
646.000000
700.000000
664.000000
666.000000
650.000000
668.000000
692.000000
676.000000
670.000000
698.000000
662.000000
696.000000
700.000000
642.000000
654.000000
702.000000
696.000000
648.000000
676.000000
700.000000
694.000000
698.000000
672.000000
688.000000
692.000000
684.000000
668.000000
702.000000
702.000000
694.000000
664.000000
642.000000
750.000000
688.000000
672.000000
682.000000
680.000000
640.000000
740.000000
684.000000
698.000000
670.000000
652.000000
688.000000
694.000000
688.000000
718.000000
710.000000
700.000000
672.000000
652.000000
680.000000
690.000000
674.000000
676.000000
670.000000
692.000000
690.000000
720.000000
692.000000
686.000000
680.000000
674.000000
666.000000
684.000000
762.000000
658.000000
666.000000
740.000000
684.000000
642.000000
660.000000
682.000000
706.000000
658.000000
684.000000
686.000000
676.000000
668.000000
680.000000
686.000000
672.000000
658.000000
684.000000
680.000000
730.000000
656.000000
688.000000
686.000000
674.000000
650.000000
672.000000
750.000000
678.000000
652.000000
698.000000
754.000000
664.000000
730.000000
672.000000
668.000000
684.000000
654.000000
676.000000
652.000000
658.000000
642.000000
680.000000
696.000000
702.000000
650.000000
690.000000
684.000000
696.000000
660.000000
688.000000
672.000000
688.000000
674.000000
678.000000
676.000000
698.000000
666.000000
686.000000
682.000000
666.000000
728.000000
692.000000
678.000000
756.000000
652.000000
698.000000
672.000000
762.000000
666.000000
692.000000
698.000000
680.000000
646.000000
694.000000
674.000000
678.000000
644.000000
700.000000
686.000000
684.000000
714.000000
684.000000
690.000000
752.000000
664.000000
676.000000
682.000000
692.000000
674.000000
688.000000
684.000000
738.000000
708.000000
688.000000
684.000000
692.000000
650.000000
744.000000
676.000000
682.000000
660.000000
690.000000
688.000000
692.000000
664.000000
680.000000
688.000000
690.000000
674.000000
678.000000
690.000000
702.000000
656.000000
682.000000
684.000000
680.000000
652.000000
746.000000
696.000000
744.000000
652.000000
680.000000
704.000000
686.000000
654.000000
670.000000
678.000000
758.000000
668.000000
680.000000
692.000000
670.000000
656.000000
702.000000
668.000000
678.000000
674.000000
694.000000
696.000000
688.000000
660.000000
754.000000
684.000000
678.000000
670.000000
686.000000
696.000000
756.000000
658.000000
700.000000
684.000000
690.000000
658.000000
682.000000
702.000000
696.000000
664.000000
694.000000
698.000000
690.000000
658.000000
678.000000
690.000000
750.000000
672.000000
684.000000
684.000000
684.000000
664.000000
678.000000
678.000000
684.000000
730.000000
696.000000
758.000000
690.000000
658.000000
692.000000
698.000000
700.000000
650.000000
680.000000
700.000000
680.000000
660.000000
682.000000
688.000000
670.000000
734.000000
692.000000
668.000000
674.000000
658.000000
682.000000
682.000000
684.000000
646.000000
686.000000
696.000000
702.000000
642.000000
688.000000
696.000000
750.000000
650.000000
694.000000
690.000000
686.000000
686.000000
690.000000
672.000000
626.000000
704.000000
746.000000
704.000000
714.000000
674.000000
740.000000
666.000000
702.000000
694.000000
658.000000
720.000000
684.000000
714.000000
758.000000
766.000000
694.000000
662.000000
646.000000
706.000000
666.000000
720.000000
696.000000
690.000000
642.000000
664.000000
766.000000
712.000000
640.000000
710.000000
682.000000
702.000000
638.000000
656.000000
684.000000
744.000000
720.000000
668.000000
580.000000
642.000000
640.000000
648.000000
694.000000
700.000000
734.000000
756.000000
724.000000
722.000000
654.000000
688.000000
666.000000
686.000000
718.000000
694.000000
648.000000
648.000000
654.000000
640.000000
684.000000
754.000000
702.000000
684.000000
682.000000
666.000000
656.000000
742.000000
712.000000
750.000000
604.000000
638.000000
684.000000
716.000000
792.000000
604.000000
592.000000
674.000000
670.000000
734.000000
728.000000
732.000000
744.000000
712.000000
684.000000
698.000000
666.000000
696.000000
684.000000
684.000000
742.000000
754.000000
698.000000
640.000000
648.000000
662.000000
640.000000
686.000000
700.000000
702.000000
682.000000
696.000000
764.000000
660.000000
654.000000
648.000000
738.000000
660.000000
644.000000
762.000000
696.000000
676.000000
578.000000
702.000000
748.000000
650.000000
692.000000
694.000000
754.000000
658.000000
698.000000
688.000000
752.000000
740.000000
766.000000
652.000000
692.000000
648.000000
684.000000
672.000000
682.000000
668.000000
690.000000
640.000000
766.000000
654.000000
680.000000
676.000000
670.000000
704.000000
672.000000
676.000000
646.000000
762.000000
730.000000
684.000000
656.000000
732.000000
766.000000
648.000000
640.000000
702.000000
708.000000
760.000000
684.000000
650.000000
748.000000
670.000000
692.000000
738.000000
694.000000
630.000000
684.000000
756.000000
766.000000
704.000000
674.000000
702.000000
666.000000
692.000000
688.000000
692.000000
658.000000
682.000000
650.000000
646.000000
752.000000
726.000000
642.000000
656.000000
706.000000
736.000000
656.000000
704.000000
662.000000
710.000000
762.000000
690.000000
760.000000
650.000000
716.000000
700.000000
684.000000
664.000000
714.000000
652.000000
674.000000
684.000000
666.000000
668.000000
672.000000
672.000000
740.000000
710.000000
732.000000
718.000000
690.000000
648.000000
660.000000
766.000000
690.000000
748.000000
722.000000
714.000000
682.000000
664.000000
640.000000
694.000000
734.000000
766.000000
682.000000
734.000000
686.000000
642.000000
666.000000
664.000000
660.000000
674.000000
752.000000
722.000000
722.000000
712.000000
674.000000
640.000000
688.000000
734.000000
758.000000
708.000000
656.000000
690.000000
652.000000
724.000000
684.000000
652.000000
698.000000
690.000000
684.000000
754.000000
682.000000
756.000000
644.000000
648.000000
674.000000
696.000000
684.000000
674.000000
696.000000
698.000000
698.000000
652.000000
682.000000
688.000000
752.000000
646.000000
650.000000
698.000000
676.000000
650.000000
672.000000
650.000000
654.000000
674.000000
656.000000
662.000000
766.000000
748.000000
676.000000
656.000000
684.000000
694.000000
750.000000
704.000000
732.000000
602.000000
618.000000
654.000000
664.000000
650.000000
660.000000
658.000000
752.000000
642.000000
676.000000
642.000000
684.000000
656.000000
688.000000
662.000000
688.000000
706.000000
734.000000
654.000000
674.000000
646.000000
682.000000
656.000000
668.000000
652.000000
668.000000
684.000000
658.000000
652.000000
698.000000
678.000000
726.000000
690.000000
676.000000
642.000000
760.000000
748.000000
676.000000
678.000000
586.000000
736.000000
744.000000
730.000000
696.000000
654.000000
646.000000
764.000000
730.000000
682.000000
640.000000
652.000000
648.000000
644.000000
646.000000
734.000000
646.000000
724.000000
692.000000
686.000000
730.000000
726.000000
642.000000
656.000000
680.000000
672.000000
646.000000
716.000000
718.000000
766.000000
658.000000
654.000000
766.000000
690.000000
650.000000
712.000000
710.000000
710.000000
734.000000
714.000000
708.000000
650.000000
658.000000
706.000000
720.000000
758.000000
660.000000
766.000000
664.000000
714.000000
674.000000
694.000000
666.000000
748.000000
732.000000
648.000000
690.000000
714.000000
718.000000
648.000000
676.000000
676.000000
640.000000
662.000000
730.000000
722.000000
668.000000
702.000000
654.000000
698.000000
640.000000
662.000000
658.000000
764.000000
654.000000
658.000000
642.000000
696.000000
738.000000
718.000000
668.000000
686.000000
658.000000
666.000000
654.000000
680.000000
648.000000
658.000000
716.000000
694.000000
656.000000
664.000000
658.000000
672.000000
644.000000
668.000000
666.000000
724.000000
712.000000
726.000000
670.000000
692.000000
648.000000
670.000000
698.000000
744.000000
732.000000
644.000000
674.000000
764.000000
752.000000
716.000000
674.000000
692.000000
654.000000
660.000000
646.000000
690.000000
650.000000
660.000000
716.000000
756.000000
658.000000
676.000000
760.000000
674.000000
694.000000
660.000000
666.000000
756.000000
700.000000
666.000000
720.000000
756.000000
720.000000
690.000000
660.000000
710.000000
722.000000
712.000000
646.000000
666.000000
650.000000
646.000000
666.000000
652.000000
670.000000
662.000000
662.000000
764.000000
646.000000
718.000000
726.000000
702.000000
650.000000
736.000000
660.000000
692.000000
732.000000
670.000000
718.000000
762.000000
658.000000
654.000000
656.000000
674.000000
676.000000
652.000000
644.000000
752.000000
662.000000
666.000000
654.000000
648.000000
664.000000
668.000000
656.000000
682.000000
654.000000
664.000000
740.000000
644.000000
684.000000
640.000000
740.000000
652.000000
662.000000
644.000000
744.000000
752.000000
732.000000
646.000000
666.000000
700.000000
672.000000
650.000000
660.000000
702.000000
644.000000
738.000000
646.000000
694.000000
656.000000
722.000000
728.000000
646.000000
662.000000
644.000000
656.000000
740.000000
656.000000
656.000000
714.000000
670.000000
690.000000
656.000000
722.000000
646.000000
658.000000
728.000000
658.000000
652.000000
666.000000
762.000000
648.000000
696.000000
700.000000
716.000000
650.000000
662.000000
664.000000
734.000000
746.000000
650.000000
644.000000
738.000000
720.000000
644.000000
652.000000
696.000000
726.000000
690.000000
654.000000
734.000000
714.000000
640.000000
646.000000
648.000000
654.000000
648.000000
662.000000
742.000000
652.000000
706.000000
732.000000
722.000000
644.000000
666.000000
646.000000
724.000000
668.000000
738.000000
716.000000
714.000000
674.000000
640.000000
734.000000
656.000000
664.000000
702.000000
738.000000
724.000000
722.000000
754.000000
698.000000
662.000000
682.000000
710.000000
726.000000
640.000000
678.000000
710.000000
714.000000
682.000000
646.000000
650.000000
660.000000
732.000000
760.000000
706.000000
678.000000
766.000000
690.000000
644.000000
672.000000
654.000000
722.000000
656.000000
684.000000
726.000000
660.000000
654.000000
652.000000
742.000000
752.000000
764.000000
676.000000
694.000000
742.000000
700.000000
656.000000
668.000000
668.000000
720.000000
722.000000
694.000000
680.000000
662.000000
760.000000
676.000000
642.000000
752.000000
640.000000
664.000000
720.000000
694.000000
658.000000
662.000000
648.000000
702.000000
674.000000
664.000000
668.000000
644.000000
688.000000
650.000000
722.000000
648.000000
658.000000
652.000000
658.000000
654.000000
738.000000
708.000000
740.000000
682.000000
674.000000
726.000000
690.000000
676.000000
684.000000
738.000000
746.000000
642.000000
656.000000
730.000000
734.000000
590.000000
640.000000
644.000000
760.000000
674.000000
670.000000
674.000000
736.000000
692.000000
662.000000
670.000000
660.000000
766.000000
720.000000
644.000000
654.000000
694.000000
702.000000
738.000000
684.000000
748.000000
668.000000
734.000000
646.000000
702.000000
662.000000
666.000000
740.000000
642.000000
664.000000
670.000000
764.000000
646.000000
662.000000
656.000000
764.000000
716.000000
688.000000
658.000000
674.000000
652.000000
652.000000
738.000000
730.000000
754.000000
718.000000
726.000000
682.000000
644.000000
616.000000
656.000000
716.000000
720.000000
660.000000
648.000000
648.000000
678.000000
698.000000
654.000000
648.000000
686.000000
650.000000
696.000000
678.000000
654.000000
652.000000
716.000000
710.000000
756.000000
704.000000
648.000000
670.000000
646.000000
678.000000
698.000000
654.000000
652.000000
658.000000
740.000000
760.000000
678.000000
664.000000
656.000000
670.000000
642.000000
656.000000
732.000000
730.000000
662.000000
660.000000
660.000000
724.000000
702.000000
666.000000
700.000000
644.000000
642.000000
700.000000
746.000000
684.000000
694.000000
642.000000
676.000000
740.000000
746.000000
708.000000
706.000000
720.000000
630.000000
638.000000
582.000000
652.000000
706.000000
760.000000
646.000000
648.000000
756.000000
656.000000
680.000000
634.000000
738.000000
746.000000
742.000000
580.000000
576.000000
690.000000
730.000000
762.000000
758.000000
746.000000
694.000000
644.000000
666.000000
702.000000
684.000000
762.000000
750.000000
708.000000
742.000000
652.000000
690.000000
776.000000
734.000000
714.000000
686.000000
666.000000
698.000000
746.000000
698.000000
654.000000
662.000000
704.000000
642.000000
656.000000
680.000000
710.000000
736.000000
778.000000
678.000000
586.000000
648.000000
690.000000
654.000000
704.000000
678.000000
644.000000
764.000000
696.000000
646.000000
670.000000
694.000000
646.000000
766.000000
680.000000
714.000000
746.000000
666.000000
664.000000
734.000000
660.000000
668.000000
684.000000
682.000000
676.000000
756.000000
724.000000
744.000000
666.000000
640.000000
666.000000
750.000000
648.000000
642.000000
680.000000
688.000000
672.000000
744.000000
720.000000
674.000000
656.000000
700.000000
660.000000
682.000000
644.000000
674.000000
682.000000
690.000000
720.000000
654.000000
668.000000
688.000000
684.000000
692.000000
678.000000
690.000000
674.000000
640.000000
662.000000
684.000000
686.000000
704.000000
670.000000
682.000000
698.000000
670.000000
670.000000
694.000000
648.000000
652.000000
684.000000
694.000000
656.000000
666.000000
660.000000
764.000000
752.000000
646.000000
674.000000
674.000000
670.000000
656.000000
688.000000
676.000000
690.000000
716.000000
646.000000
682.000000
674.000000
648.000000
662.000000
762.000000
674.000000
692.000000
722.000000
686.000000
684.000000
660.000000
678.000000
676.000000
684.000000
734.000000
686.000000
650.000000
656.000000
702.000000
666.000000
666.000000
740.000000
646.000000
680.000000
674.000000
670.000000
666.000000
702.000000
674.000000
690.000000
706.000000
766.000000
748.000000
658.000000
622.000000
662.000000
684.000000
714.000000
652.000000
652.000000
688.000000
658.000000
644.000000
750.000000
660.000000
706.000000
760.000000
654.000000
714.000000
716.000000
762.000000
652.000000
730.000000
716.000000
646.000000
734.000000
734.000000
762.000000
708.000000
714.000000
670.000000
650.000000
678.000000
644.000000
654.000000
644.000000
686.000000
694.000000
662.000000
694.000000
740.000000
720.000000
724.000000
724.000000
702.000000
728.000000
730.000000
712.000000
702.000000
640.000000
708.000000
726.000000
690.000000
760.000000
756.000000
662.000000
694.000000
668.000000
728.000000
660.000000
766.000000
724.000000
714.000000
718.000000
682.000000
654.000000
694.000000
660.000000
756.000000
694.000000
642.000000
698.000000
658.000000
682.000000
756.000000
766.000000
752.000000
656.000000
666.000000
654.000000
678.000000
662.000000
656.000000
650.000000
690.000000
660.000000
672.000000
664.000000
644.000000
654.000000
684.000000
674.000000
724.000000
656.000000
646.000000
700.000000
698.000000
674.000000
646.000000
662.000000
704.000000
738.000000
764.000000
644.000000
692.000000
642.000000
718.000000
730.000000
650.000000
648.000000
676.000000
652.000000
670.000000
628.000000
656.000000
724.000000
752.000000
652.000000
670.000000
692.000000
648.000000
660.000000
674.000000
680.000000
710.000000
724.000000
678.000000
658.000000
652.000000
720.000000
660.000000
678.000000
692.000000
702.000000
670.000000
692.000000
660.000000
676.000000
660.000000
680.000000
736.000000
640.000000
740.000000
712.000000
650.000000
658.000000
656.000000
668.000000
670.000000
758.000000
724.000000
676.000000
662.000000
698.000000
706.000000
642.000000
648.000000
658.000000
648.000000
670.000000
766.000000
712.000000
662.000000
720.000000
702.000000
672.000000
644.000000
664.000000
732.000000
684.000000
656.000000
656.000000
706.000000
730.000000
662.000000
652.000000
690.000000
662.000000
678.000000
744.000000
702.000000
754.000000
716.000000
726.000000
702.000000
724.000000
654.000000
662.000000
652.000000
740.000000
666.000000
654.000000
662.000000
680.000000
662.000000
700.000000
678.000000
692.000000
676.000000
670.000000
712.000000
704.000000
762.000000
684.000000
650.000000
646.000000
728.000000
736.000000
654.000000
684.000000
662.000000
766.000000
734.000000
738.000000
646.000000
656.000000
740.000000
754.000000
786.000000
722.000000
696.000000
658.000000
674.000000
752.000000
766.000000
728.000000
712.000000
710.000000
718.000000
650.000000
686.000000
658.000000
752.000000
732.000000
738.000000
740.000000
668.000000
674.000000
640.000000
676.000000
710.000000
718.000000
678.000000
644.000000
746.000000
730.000000
662.000000
680.000000
644.000000
652.000000
666.000000
658.000000
686.000000
646.000000
680.000000
640.000000
748.000000
758.000000
684.000000
700.000000
664.000000
680.000000
658.000000
666.000000
644.000000
732.000000
730.000000
766.000000
686.000000
680.000000
674.000000
650.000000
650.000000
684.000000
656.000000
670.000000
648.000000
676.000000
738.000000
724.000000
646.000000
686.000000
688.000000
670.000000
642.000000
654.000000
692.000000
662.000000
652.000000
714.000000
668.000000
684.000000
692.000000
646.000000
682.000000
678.000000
762.000000
718.000000
680.000000
672.000000
676.000000
682.000000
694.000000
664.000000
722.000000
722.000000
724.000000
652.000000
660.000000
664.000000
718.000000
654.000000
664.000000
664.000000
666.000000
656.000000
662.000000
740.000000
674.000000
678.000000
652.000000
684.000000
670.000000
694.000000
646.000000
662.000000
726.000000
760.000000
700.000000
682.000000
644.000000
658.000000
710.000000
718.000000
682.000000
654.000000
652.000000
694.000000
640.000000
734.000000
690.000000
650.000000
652.000000
650.000000
700.000000
682.000000
744.000000
744.000000
664.000000
670.000000
674.000000
652.000000
688.000000
648.000000
728.000000
640.000000
684.000000
680.000000
650.000000
706.000000
754.000000
724.000000
714.000000
730.000000
692.000000
714.000000
702.000000
598.000000
674.000000
706.000000
718.000000
744.000000
654.000000
668.000000
692.000000
670.000000
708.000000
738.000000
714.000000
708.000000
650.000000
678.000000
666.000000
678.000000
678.000000
650.000000
664.000000
736.000000
738.000000
660.000000
666.000000
646.000000
676.000000
690.000000
662.000000
652.000000
644.000000
666.000000
648.000000
730.000000
732.000000
674.000000
652.000000
642.000000
674.000000
700.000000
686.000000
758.000000
666.000000
670.000000
716.000000
702.000000
654.000000
684.000000
704.000000
790.000000
816.000000
780.000000
558.000000
442.000000
660.000000
682.000000
620.000000
612.000000
672.000000
656.000000
750.000000
722.000000
654.000000
652.000000
692.000000
642.000000
756.000000
750.000000
726.000000
650.000000
644.000000
702.000000
664.000000
710.000000
716.000000
650.000000
656.000000
728.000000
704.000000
668.000000
660.000000
644.000000
736.000000
686.000000
730.000000
762.000000
694.000000
700.000000
670.000000
664.000000
742.000000
676.000000
678.000000
692.000000
702.000000
688.000000
704.000000
698.000000
678.000000
684.000000
666.000000
652.000000
644.000000
694.000000
660.000000
656.000000
662.000000
658.000000
678.000000
660.000000
684.000000
664.000000
662.000000
744.000000
714.000000
710.000000
650.000000
686.000000
678.000000
652.000000
658.000000
654.000000
758.000000
758.000000
678.000000
672.000000
700.000000
666.000000
682.000000
684.000000
662.000000
692.000000
692.000000
696.000000
762.000000
662.000000
650.000000
652.000000
650.000000
750.000000
696.000000
654.000000
652.000000
702.000000
688.000000
680.000000
694.000000
694.000000
742.000000
740.000000
702.000000
680.000000
688.000000
660.000000
696.000000
694.000000
702.000000
746.000000
640.000000
680.000000
738.000000
688.000000
658.000000
664.000000
668.000000
724.000000
756.000000
730.000000
666.000000
652.000000
754.000000
720.000000
668.000000
688.000000
654.000000
672.000000
670.000000
682.000000
642.000000
666.000000
666.000000
726.000000
708.000000
732.000000
680.000000
654.000000
696.000000
658.000000
668.000000
680.000000
726.000000
674.000000
722.000000
662.000000
654.000000
682.000000
748.000000
674.000000
650.000000
676.000000
668.000000
698.000000
726.000000
668.000000
642.000000
694.000000
660.000000
678.000000
648.000000
670.000000
658.000000
660.000000
664.000000
658.000000
712.000000
660.000000
672.000000
698.000000
664.000000
694.000000
660.000000
674.000000
648.000000
668.000000
688.000000
660.000000
700.000000
730.000000
672.000000
664.000000
692.000000
662.000000
664.000000
718.000000
714.000000
688.000000
672.000000
652.000000
754.000000
686.000000
736.000000
736.000000
694.000000
650.000000
644.000000
674.000000
648.000000
668.000000
754.000000
748.000000
720.000000
668.000000
668.000000
678.000000
652.000000
672.000000
678.000000
670.000000
658.000000
676.000000
726.000000
706.000000
688.000000
656.000000
658.000000
670.000000
672.000000
662.000000
684.000000
748.000000
710.000000
720.000000
656.000000
678.000000
642.000000
674.000000
650.000000
662.000000
728.000000
738.000000
720.000000
672.000000
658.000000
682.000000
740.000000
680.000000
706.000000
726.000000
694.000000
662.000000
706.000000
678.000000
662.000000
672.000000
648.000000
728.000000
724.000000
652.000000
646.000000
656.000000
734.000000
732.000000
664.000000
654.000000
760.000000
732.000000
724.000000
674.000000
674.000000
674.000000
650.000000
666.000000
726.000000
716.000000
668.000000
670.000000
666.000000
668.000000
720.000000
672.000000
714.000000
728.000000
644.000000
672.000000
764.000000
700.000000
644.000000
692.000000
760.000000
722.000000
730.000000
678.000000
754.000000
700.000000
762.000000
730.000000
704.000000
722.000000
650.000000
670.000000
674.000000
668.000000
646.000000
652.000000
736.000000
734.000000
724.000000
726.000000
728.000000
650.000000
650.000000
664.000000
668.000000
724.000000
642.000000
666.000000
660.000000
680.000000
710.000000
706.000000
692.000000
654.000000
718.000000
756.000000
720.000000
672.000000
752.000000
676.000000
714.000000
680.000000
684.000000
656.000000
702.000000
738.000000
766.000000
664.000000
662.000000
666.000000
714.000000
654.000000
740.000000
646.000000
692.000000
664.000000
762.000000
730.000000
734.000000
748.000000
640.000000
600.000000
764.000000
712.000000
714.000000
668.000000
742.000000
728.000000
688.000000
656.000000
652.000000
668.000000
678.000000
670.000000
748.000000
660.000000
700.000000
672.000000
654.000000
668.000000
658.000000
742.000000
654.000000
698.000000
732.000000
658.000000
652.000000
676.000000
686.000000
668.000000
710.000000
676.000000
740.000000
714.000000
658.000000
672.000000
670.000000
676.000000
642.000000
726.000000
728.000000
674.000000
696.000000
646.000000
742.000000
698.000000
666.000000
732.000000
722.000000
670.000000
730.000000
746.000000
660.000000
656.000000
758.000000
728.000000
712.000000
666.000000
648.000000
656.000000
734.000000
656.000000
754.000000
730.000000
692.000000
664.000000
706.000000
712.000000
680.000000
658.000000
676.000000
656.000000
664.000000
646.000000
668.000000
672.000000
650.000000
644.000000
708.000000
726.000000
752.000000
664.000000
682.000000
648.000000
690.000000
724.000000
646.000000
668.000000
656.000000
672.000000
710.000000
744.000000
666.000000
672.000000
712.000000
744.000000
656.000000
670.000000
700.000000
716.000000
712.000000
666.000000
718.000000
678.000000
656.000000
662.000000
704.000000
722.000000
726.000000
718.000000
714.000000
666.000000
674.000000
654.000000
750.000000
736.000000
672.000000
670.000000
706.000000
734.000000
730.000000
672.000000
640.000000
648.000000
730.000000
728.000000
642.000000
662.000000
726.000000
726.000000
700.000000
664.000000
654.000000
766.000000
658.000000
660.000000
690.000000
728.000000
646.000000
748.000000
678.000000
660.000000
716.000000
680.000000
650.000000
716.000000
716.000000
660.000000
722.000000
672.000000
712.000000
716.000000
730.000000
668.000000
756.000000
670.000000
736.000000
670.000000
704.000000
720.000000
738.000000
768.000000
640.000000
526.000000
578.000000
712.000000
752.000000
722.000000
672.000000
694.000000
738.000000
724.000000
640.000000
678.000000
722.000000
736.000000
640.000000
738.000000
662.000000
716.000000
754.000000
690.000000
620.000000
612.000000
546.000000
820.000000
862.000000
780.000000
770.000000
796.000000
760.000000
790.000000
648.000000
680.000000
590.000000
664.000000
748.000000
720.000000
724.000000
668.000000
778.000000
592.000000
598.000000
622.000000
652.000000
832.000000
890.000000
796.000000
548.000000
478.000000
670.000000
728.000000
924.000000
840.000000
532.000000
502.000000
614.000000
716.000000
844.000000
778.000000
746.000000
638.000000
676.000000
720.000000
740.000000
680.000000
598.000000
578.000000
724.000000
704.000000
692.000000
582.000000
642.000000
658.000000
666.000000
688.000000
640.000000
642.000000
738.000000
668.000000
684.000000
682.000000
738.000000
764.000000
722.000000
690.000000
668.000000
690.000000
694.000000
684.000000
732.000000
756.000000
762.000000
702.000000
690.000000
640.000000
752.000000
752.000000
666.000000
684.000000
748.000000
648.000000
668.000000
668.000000
684.000000
754.000000
728.000000
758.000000
680.000000
682.000000
748.000000
658.000000
686.000000
698.000000
730.000000
684.000000
692.000000
688.000000
660.000000
666.000000
698.000000
684.000000
678.000000
690.000000
690.000000
688.000000
658.000000
680.000000
684.000000
754.000000
664.000000
688.000000
698.000000
678.000000
744.000000
684.000000
668.000000
680.000000
658.000000
698.000000
674.000000
694.000000
656.000000
696.000000
688.000000
664.000000
712.000000
732.000000
766.000000
696.000000
642.000000
676.000000
702.000000
642.000000
712.000000
662.000000
692.000000
642.000000
646.000000
676.000000
678.000000
754.000000
664.000000
694.000000
680.000000
674.000000
656.000000
700.000000
674.000000
678.000000
662.000000
696.000000
688.000000
694.000000
724.000000
696.000000
698.000000
690.000000
656.000000
684.000000
682.000000
686.000000
656.000000
680.000000
678.000000
692.000000
660.000000
686.000000
682.000000
690.000000
730.000000
660.000000
748.000000
734.000000
668.000000
694.000000
680.000000
672.000000
710.000000
646.000000
692.000000
752.000000
662.000000
662.000000
684.000000
692.000000
738.000000
650.000000
714.000000
692.000000
678.000000
662.000000
700.000000
760.000000
660.000000
658.000000
646.000000
680.000000
674.000000
644.000000
690.000000
672.000000
686.000000
682.000000
648.000000
688.000000
686.000000
692.000000
734.000000
754.000000
754.000000
668.000000
666.000000
854.000000
740.000000
736.000000
684.000000
636.000000
690.000000
720.000000
802.000000
792.000000
704.000000
742.000000
734.000000
752.000000
764.000000
750.000000
714.000000
668.000000
748.000000
736.000000
706.000000
722.000000
684.000000
718.000000
652.000000
650.000000
614.000000
588.000000
586.000000
590.000000
684.000000
642.000000
652.000000
652.000000
672.000000
692.000000
648.000000
596.000000
702.000000
652.000000
750.000000
658.000000
598.000000
616.000000
674.000000
766.000000
756.000000
702.000000
594.000000
588.000000
730.000000
826.000000
776.000000
708.000000
660.000000
576.000000
672.000000
738.000000
656.000000
684.000000
598.000000
712.000000
684.000000
648.000000
602.000000
682.000000
656.000000
676.000000
688.000000
688.000000
652.000000
684.000000
682.000000
658.000000
654.000000
694.000000
696.000000
746.000000
672.000000
702.000000
688.000000
698.000000
684.000000
684.000000
688.000000
646.000000
664.000000
642.000000
640.000000
664.000000
670.000000
700.000000
646.000000
646.000000
656.000000
708.000000
764.000000
714.000000
604.000000
698.000000
688.000000
662.000000
642.000000
688.000000
686.000000
744.000000
664.000000
682.000000
682.000000
688.000000
664.000000
680.000000
696.000000
702.000000
670.000000
642.000000
682.000000
688.000000
684.000000
642.000000
706.000000
764.000000
640.000000
602.000000
654.000000
650.000000
730.000000
744.000000
762.000000
652.000000
682.000000
646.000000
686.000000
692.000000
756.000000
684.000000
740.000000
694.000000
678.000000
692.000000
686.000000
690.000000
664.000000
642.000000
698.000000
648.000000
662.000000
678.000000
650.000000
642.000000
682.000000
640.000000
650.000000
642.000000
672.000000
700.000000
700.000000
692.000000
644.000000
646.000000
660.000000
666.000000
650.000000
674.000000
662.000000
710.000000
686.000000
648.000000
656.000000
640.000000
612.000000
654.000000
666.000000
726.000000
692.000000
656.000000
598.000000
616.000000
748.000000
738.000000
678.000000
656.000000
642.000000
654.000000
646.000000
668.000000
640.000000
654.000000
660.000000
642.000000
648.000000
662.000000
642.000000
688.000000
656.000000
678.000000
668.000000
660.000000
650.000000
658.000000
756.000000
576.000000
638.000000
594.000000
652.000000
672.000000
654.000000
690.000000
658.000000
592.000000
688.000000
654.000000
650.000000
578.000000
670.000000
674.000000
694.000000
584.000000
588.000000
666.000000
656.000000
664.000000
700.000000
656.000000
686.000000
608.000000
682.000000
694.000000
676.000000
666.000000
702.000000
688.000000
582.000000
594.000000
690.000000
582.000000
676.000000
752.000000
696.000000
658.000000
656.000000
710.000000
686.000000
696.000000
646.000000
648.000000
686.000000
688.000000
698.000000
584.000000
664.000000
672.000000
674.000000
688.000000
658.000000
680.000000
640.000000
690.000000
656.000000
692.000000
658.000000
644.000000
670.000000
620.000000
684.000000
596.000000
594.000000
580.000000
652.000000
662.000000
646.000000
602.000000
620.000000
670.000000
642.000000
640.000000
660.000000
650.000000
708.000000
666.000000
696.000000
650.000000
658.000000
682.000000
726.000000
650.000000
708.000000
682.000000
752.000000
640.000000
660.000000
672.000000
682.000000
688.000000
656.000000
680.000000
660.000000
698.000000
688.000000
670.000000
672.000000
666.000000
654.000000
680.000000
676.000000
658.000000
660.000000
680.000000
724.000000
680.000000
674.000000
698.000000
680.000000
682.000000
658.000000
676.000000
676.000000
692.000000
644.000000
686.000000
678.000000
688.000000
658.000000
686.000000
678.000000
672.000000
666.000000
684.000000
664.000000
668.000000
656.000000
676.000000
684.000000
672.000000
664.000000
686.000000
688.000000
682.000000
644.000000
686.000000
678.000000
730.000000
662.000000
684.000000
680.000000
678.000000
664.000000
674.000000
678.000000
732.000000
658.000000
688.000000
676.000000
672.000000
654.000000
686.000000
678.000000
688.000000
648.000000
664.000000
682.000000
684.000000
646.000000
746.000000
660.000000
674.000000
656.000000
668.000000
686.000000
672.000000
644.000000
690.000000
640.000000
672.000000
658.000000
684.000000
680.000000
694.000000
656.000000
670.000000
662.000000
692.000000
652.000000
682.000000
664.000000
666.000000
640.000000
696.000000
678.000000
674.000000
656.000000
690.000000
670.000000
678.000000
652.000000
686.000000
690.000000
692.000000
656.000000
684.000000
690.000000
676.000000
664.000000
684.000000
694.000000
680.000000
646.000000
698.000000
688.000000
690.000000
652.000000
688.000000
680.000000
674.000000
644.000000
670.000000
684.000000
682.000000
660.000000
686.000000
676.000000
676.000000
658.000000
690.000000
692.000000
700.000000
648.000000
696.000000
694.000000
682.000000
656.000000
670.000000
684.000000
618.000000
706.000000
766.000000
664.000000
604.000000
758.000000
666.000000
724.000000
744.000000
644.000000
692.000000
676.000000
694.000000
708.000000
732.000000
656.000000
662.000000
694.000000
662.000000
676.000000
686.000000
764.000000
722.000000
668.000000
676.000000
644.000000
662.000000
682.000000
658.000000
646.000000
666.000000
670.000000
660.000000
642.000000
676.000000
680.000000
666.000000
652.000000
684.000000
664.000000
668.000000
646.000000
664.000000
666.000000
688.000000
646.000000
668.000000
682.000000
672.000000
640.000000
658.000000
688.000000
702.000000
652.000000
682.000000
702.000000
696.000000
658.000000
694.000000
688.000000
672.000000
666.000000
698.000000
676.000000
682.000000
668.000000
702.000000
686.000000
684.000000
662.000000
680.000000
694.000000
682.000000
652.000000
682.000000
696.000000
668.000000
650.000000
694.000000
678.000000
652.000000
664.000000
678.000000
688.000000
686.000000
650.000000
684.000000
678.000000
686.000000
726.000000
674.000000
676.000000
698.000000
654.000000
690.000000
690.000000
670.000000
662.000000
