-2.366747
-3.157213
-3.820476
-4.381867
-7.207579
-5.301806
-5.670838
-6.001418
-6.279310
-6.539602
-6.743123
-6.922482
-7.636527
-7.231450
-7.345165
-7.462927
-7.542585
-7.626035
-8.426402
-7.741508
-7.785894
-7.827815
-7.859116
-11.085971
-7.892206
-7.919301
-7.950181
-7.917968
-7.918262
-11.297214
-7.898206
-7.878577
-7.938457
-7.837652
-7.811750
-7.783543
-7.762067
-9.276513
-7.695378
-7.666186
-7.628620
-7.586092
-7.540649
-11.084639
-7.462367
-7.428956
-7.746391
-7.340621
-7.286287
-7.253893
-7.201752
-7.680495
-7.113022
-7.062598
-7.008692
-6.961002
-6.906161
-6.850811
-6.808572
-6.755619
-7.845542
-6.648225
-9.803185
-6.548037
-6.501719
-6.498667
353.608002
-6.339727
-6.282959
-6.232990
-6.171978
-6.118742
-6.071290
-6.026064
-7.943474
-5.914683
-7.875052
-5.787390
-5.731281
-5.676745
-5.619038
-5.558598
-5.511681
-5.443758
-5.402576
-5.345919
-5.277053
-5.226180
-8.257013
-5.116664
-5.937109
-5.178589
-4.958661
-4.898346
-4.839477
-4.779446
-4.713288
-3.279023
-3.193251
-1.353122
-2.373209
-10.711731
-3.815408
-4.379429
-5.127943
-7.165027
-5.665087
-5.985790
-6.269216
-6.520764
-6.733288
-6.920118
-7.079801
-7.229855
-7.345299
-10.304946
-7.547957
-7.622097
-7.694675
-10.278351
-7.792240
-7.834057
-7.861143
-7.870415
-7.884935
-7.910416
-7.904086
-7.913718
-7.905386
-9.115215
-7.892228
-7.869429
-7.863878
-11.268258
-7.809937
-7.785271
-8.012158
-7.733275
-7.702659
-7.676712
-11.402355
-7.589870
-7.553510
-7.824698
-7.470604
-7.431770
-7.382588
-7.339133
-7.294900
-7.260170
-7.768658
-7.155254
-7.115535
-7.076627
-9.669325
-6.977216
-6.916529
-6.872326
-6.814761
-6.771314
-6.716784
-6.667172
-6.606506
-6.551425
-7.922685
-6.458874
353.602356
-6.350628
-7.557377
-6.235312
-6.171186
-6.118469
-6.074241
-6.012744
-5.948184
-5.912183
-5.841404
-5.792636
-8.546794
-5.683288
-5.613833
-5.678263
-5.867656
-5.456777
-5.400849
-5.351287
-5.292654
-5.229615
-5.172425
-5.119294
-5.056882
-5.010819
-4.946216
-7.616475
-4.842202
-5.385291
-4.727512
-3.281946
-3.195546
-1.358285
-2.364507
-3.128691
-3.801529
-4.354997
-4.848643
-5.276275
-5.646878
-8.220403
-6.259530
-8.738342
-6.714457
-6.904607
-7.060752
-7.213626
-7.325799
-7.445207
-7.536824
-7.611700
-7.682168
-7.731483
-7.774278
-8.310947
-7.846585
-10.377831
-7.882747
-7.905223
-7.914824
-7.908979
-7.898744
-7.887163
-7.881132
-7.852189
-10.892897
-7.814019
-7.795651
-7.797016
-7.747055
-11.032526
-7.682223
-7.658168
-7.808342
-7.571592
-7.533668
-7.505763
-7.454259
-7.420398
-8.989253
-7.324386
-7.276958
-7.241326
-7.198631
-7.142481
-7.100837
-7.061724
-10.312387
-6.958844
-6.906434
-11.017390
-6.805144
-6.754935
-8.380155
-6.662050
-6.595428
-6.551138
-6.494985
-6.445678
353.617859
-6.334768
-8.631260
-6.223646
-6.170517
-10.262699
-6.063394
-6.017048
-8.768765
-5.904424
-5.852415
-5.871565
-5.737414
-5.685309
-5.611087
-5.561111
-6.869563
-5.446320
-5.396812
-9.394657
-5.280632
-5.221357
-5.163723
-5.120633
-5.055557
-4.995732
-4.937248
-4.893811
-7.536117
-4.768415
-4.697627
-3.276899
-3.179286
47.579597
-2.352664
-3.125535
-3.773020
-4.345497
-4.827531
-5.255750
-5.633914
-5.960362
-8.253741
-6.488908
-6.707142
-6.882436
-7.050431
-8.679750
-7.313525
-7.436337
-7.526739
-7.599227
-7.672358
-7.721418
-7.765136
-7.810389
-8.284678
-7.855310
-7.874110
-7.900508
-7.901109
-10.289583
-7.899490
-7.890578
-7.894642
-7.862311
-7.854346
-11.206510
-7.793886
-7.774688
-7.956990
-7.719492
-7.689060
-7.666146
-7.613969
-8.571703
-7.545922
-7.521739
-11.509322
-7.435370
-7.381590
-11.283615
-7.286041
-7.258907
-8.057043
-7.152577
-7.111150
-7.057024
-6.992546
-6.950606
-6.902144
-6.849772
-7.980496
-6.753938
-6.688467
-6.650083
-6.581126
-6.542860
-6.494383
-6.446115
353.613922
-6.345929
-6.302234
-6.243549
-7.379078
-6.140065
-8.227199
-6.028413
-5.972404
-5.935952
-5.864340
-5.812293
-5.760650
-5.705090
-5.635061
-5.584020
-5.524316
-5.468122
-5.694772
-5.361813
-8.018486
-5.239061
-5.182821
-5.190594
-5.067441
-5.025177
-4.959856
-4.908462
-4.858021
-7.336491
-4.724926
-3.293643
-3.228597
-1.341169
-2.349795
-3.124333
-3.784576
-5.089092
-4.829758
-5.247793
-5.630595
-5.958879
-6.242864
-8.218988
-6.709860
-6.891179
-7.054761
-7.201058
-7.316980
-7.431481
-7.522596
-11.064445
-7.676113
-7.719190
-12.519406
-7.818714
-7.839771
-10.319480
-7.875524
-7.904449
-7.908823
-7.905532
-7.903893
-7.885456
-7.881438
-9.947860
-7.851789
-7.822106
-12.148241
-7.780917
-7.755510
-11.102300
-7.689327
-7.657526
-7.857629
-7.581510
-7.539338
-7.509014
-7.448754
-11.094460
-7.593094
-7.329420
-7.749920
-7.252890
-7.206035
-7.148984
-7.110727
-7.062625
-6.995687
-6.962135
-6.908633
-9.740090
-6.815457
-6.760877
-6.703110
-6.658635
-7.458395
-6.550947
-6.500025
-6.448628
353.609711
-6.344672
-6.286388
-6.223619
-6.166555
-7.222145
-6.069036
-6.019124
-5.953102
-5.912620
-7.673289
-5.794261
-5.743534
-5.686307
-5.622903
-5.573788
-5.521153
-5.455663
-5.401934
-5.615718
-5.299791
-5.240297
-5.183578
-5.134245
-6.350117
-5.015163
-4.956311
-8.880894
-4.850501
-4.787273
-8.349284
-3.283336
-3.200897
32.990353
-2.339618
-3.111943
-3.768812
-4.349697
-4.835263
-5.258667
-5.643995
-11.695528
-6.251320
-6.499099
-12.376139
-6.904450
-7.071670
-8.832705
-7.332130
-7.438810
-7.536322
-7.606419
-7.686290
-7.729965
-7.773249
-9.718966
-7.846105
-7.866466
-7.883770
-7.910766
-7.910108
-7.911684
-7.913008
-7.904601
-7.898668
-7.880084
-7.870811
-8.726598
-7.818546
-10.625786
-7.772111
-7.730372
-7.705343
-7.675967
-7.628757
-7.605429
-7.557827
-7.529067
-10.970099
-7.446503
-7.394220
-7.494191
-7.302577
-10.496062
-7.218268
-7.177042
-7.318283
-7.078348
-7.014881
-6.984101
-6.933085
-6.870659
-8.962788
-6.772899
-6.709244
-6.663019
-6.604990
-6.551261
-6.505968
-6.451402
352.848755
-6.347131
-6.288723
-10.356253
-6.178030
-6.130435
-7.727803
-6.026104
-5.964699
-5.925830
-5.852825
-5.806515
-5.744367
-5.687413
-8.009823
-5.568857
-5.511681
-9.575511
-5.399620
-5.362018
-8.023486
-5.227259
-5.181386
-5.197090
-5.062038
-5.023851
-4.958497
-4.903359
-6.208902
-4.789063
-4.725214
-7.315798
-3.197957
-1.349747
-9.947247
-3.111383
-3.772091
-4.337348
-4.821555
-5.254602
-11.100819
-5.962766
-6.243015
-6.654889
-6.714150
-7.873148
-7.060581
-7.215727
-7.322848
-7.447351
-7.533091
-7.607024
-7.682907
-7.728827
-10.164265
-7.815044
-7.839251
-7.858620
-7.879967
-9.270618
-7.897540
-7.899747
-7.903702
-7.885563
-7.889122
-7.868653
-7.856081
-7.830722
-8.666429
-7.776184
-7.757966
-7.727743
-7.701757
-10.058235
-7.619618
-7.597800
-7.563462
-7.519614
-7.463842
-10.934394
-7.379057
-7.338408
-7.528131
-7.253088
-7.206575
-7.158916
-7.109538
-7.918940
-7.008461
-6.969785
-10.836006
-6.867230
-6.820047
-10.705844
-6.710323
-6.661489
-7.494786
-6.547232
-6.503509
-6.449202
353.606079
-6.351120
-6.290827
-6.230599
-9.387467
-6.126884
-6.074186
-10.144299
-5.964741
-5.915120
-7.699530
-5.803687
-5.755159
-5.702344
-5.629939
-5.579566
-7.474690
-5.457774
-7.669073
-5.365221
-5.297653
-5.247299
-5.180928
-5.127559
-5.075658
-5.025566
-4.966529
-4.912506
-4.856299
-4.792451
-5.476514
-3.293329
-5.993065
-1.340773
-2.350341
-3.293298
-3.783347
-4.346630
-4.827156
-5.259083
-5.635177
-11.376742
-6.241655
-6.494591
-6.936834
-6.892005
-7.069743
-7.216665
-7.329770
-8.148637
-7.537473
-7.616332
-7.685250
-7.734851
-7.779679
-10.382468
-7.852077
-7.872657
-7.891065
-7.914445
-7.913999
-7.915788
-7.906604
-10.543329
-7.889062
-7.870866
-12.258228
-7.835118
-7.812419
-10.571623
-7.767634
-7.730400
-7.754364
-7.676842
-7.634098
-7.599603
-7.558237
-9.038478
-7.477093
-7.440766
-11.583283
-7.350381
-7.300931
-10.838943
-7.216772
-7.161921
-7.512451
-7.075630
-7.015427
-6.971589
-6.920340
-7.596627
-6.822451
-6.777885
-7.228242
-6.663525
-6.608993
-6.562886
-6.515912
-6.461374
353.597839
-6.364794
-6.301073
-9.632499
-6.192469
-6.136131
-6.210544
-6.029465
-7.291218
-5.925078
-5.864354
-5.801761
-5.745350
-5.702139
-5.629269
-5.581164
-5.526167
-7.628497
-5.418744
-5.374107
-5.290967
-5.243194
-7.053356
-5.138992
-5.086088
-5.039513
-4.982464
-4.918277
-4.862583
-4.803734
-4.719302
-4.202007
-3.207287
-1.339734
-2.356529
-3.120604
-9.629798
-4.351930
-4.838125
-12.277232
-5.646952
-5.969637
-11.898973
-6.511571
-6.734517
-7.803801
-7.077328
-7.219954
-7.339175
-7.458228
-7.545218
-7.614825
-7.692715
-11.731886
-7.786134
-7.828074
-12.449300
-7.877634
-7.898597
-9.555107
-7.916243
-7.918528
-7.912995
-7.908670
-7.898383
-7.878840
-7.875070
-9.583261
-7.896865
-7.786716
-7.767627
-7.731486
-7.709189
-7.677067
-7.631222
-7.593599
-7.562362
-7.534559
-7.480228
-9.421336
-7.380771
-10.014449
-7.270448
-7.218882
-7.229709
-7.131759
-7.096001
-7.045017
-6.970252
-6.875556
-6.853472
-6.808013
-6.723045
-7.395538
-6.610329
-9.864465
-6.573885
-6.567107
-6.763342
-6.463505
353.609589
-6.315849
-6.237333
-6.132517
-9.424802
-5.980731
-5.920548
-6.132218
-5.955670
-5.845712
-5.747968
-5.594464
-6.218054
-5.410477
-5.321228
-5.255774
-5.161210
-5.091450
-7.437912
-5.010475
-4.960597
-4.913419
-4.851358
-4.804135
-4.740330
-4.670177
-6.370550
-4.435635
-4.281539
-8.317006
-4.163031
-2.682532
-5.895264
-1.349993
-2.364494
-3.314759
-3.809793
-4.365366
-4.842790
-5.244958
-7.374752
-5.935596
-6.210209
-12.195299
-6.685886
-6.877375
-12.159462
-7.216570
-7.345108
-8.388039
-7.578856
-7.664248
-7.720917
-7.762754
-12.189374
-8.709056
-7.816849
-8.611855
-7.758858
-7.765461
-7.756488
-7.755702
-7.760868
-7.743892
-7.728568
-7.694763
-11.133845
-7.618085
-7.575767
-7.684482
-7.483156
-8.839609
-7.398156
-7.356629
-7.284952
-7.259200
-7.221385
-7.183302
-7.126267
-7.076464
-8.981166
-6.982548
-6.935325
-6.899960
-6.837506
-8.900558
-6.727089
-6.663401
-6.617459
-6.564482
-6.515214
-6.459987
-6.410208
-6.346818
-7.088866
-6.221448
-6.146329
-6.076590
-6.030600
-6.864751
354.097046
-5.853117
-9.685364
-5.716614
-5.655330
-9.455727
-5.537456
-5.493719
-6.202636
-5.366765
-5.290413
-5.234063
-5.181546
-5.466757
-5.061776
-4.984753
-8.315808
-4.866095
-4.819203
-8.851712
-4.689507
-4.629638
-6.115688
-4.504495
-4.447158
-4.387852
-4.320933
-4.255277
-4.176907
-4.120681
-5.661479
-2.625565
-2.503989
-1.320583
-2.347896
-3.109812
-3.772364
-4.350373
-4.833514
-5.277921
-5.653093
-5.980006
-8.597866
-6.515532
-10.415442
-6.903596
-7.066356
-7.283666
-7.318104
-7.424805
-7.508356
-7.571681
-7.640620
-7.683309
-7.709414
-7.751705
-8.353872
-7.772869
-11.260142
-7.793560
-7.780759
-7.989441
-7.761497
-7.734652
-7.720404
-7.688019
-7.674529
-10.838404
-7.613565
-7.578743
-7.596807
-7.487628
-7.450960
-7.424172
-7.380315
-8.116716
-7.301845
-7.275865
-7.222867
-7.177926
-7.107939
-9.125767
-6.945324
-6.896463
-6.847369
-6.767409
-6.714467
-6.665354
-6.602911
-8.704230
-6.560826
-6.510394
-10.772816
-6.647305
-6.581465
-9.654902
-6.514845
-6.501770
-6.703743
-6.533132
353.491669
-6.456769
-6.387147
-7.438970
-6.261878
-6.230047
-10.187231
-6.189237
-6.182542
-9.926394
-6.138695
-6.095664
-6.675869
-5.998966
-5.945370
-5.893427
-5.848935
-9.588120
-6.317324
-5.710849
-6.363512
-5.571835
-5.531700
-5.484990
-5.438478
-5.387197
-5.324916
-5.271418
-5.232486
-8.268368
-5.141644
-3.723208
-3.794106
-1.331197
-4.420872
-3.200066
-3.887125
-4.478767
-4.996906
-5.446210
-5.841545
-6.185908
-6.483471
-9.405426
-6.985807
-7.178388
-7.359077
-7.504745
-10.247272
-7.761301
-7.853048
-7.940228
-8.006385
-8.061883
-8.110198
-8.158697
-8.181917
-8.971783
-8.214460
-8.247465
-8.244208
-8.250551
-9.199990
-8.230965
-8.228623
-12.379204
-8.197140
-8.168981
-12.203938
-8.128628
-8.099725
-8.868139
-8.044183
-8.017054
-7.966960
-7.931618
-8.231823
-7.872128
-7.819149
-11.281976
-7.731877
-7.701529
-11.839749
-7.610177
-7.559798
-9.051382
-7.468820
-7.423983
-7.366527
-7.336689
-7.289785
-7.227222
-7.175791
-8.751577
-7.103660
-7.033776
-6.966444
-6.923397
-6.872352
-6.827349
353.226746
-6.739881
-6.686473
-6.635192
-6.573225
-8.075673
-6.486989
-8.910931
-6.379279
-6.333866
-6.309614
-6.223060
-6.183603
-6.129750
-6.062658
-6.014144
-5.966708
-5.908129
-5.864974
-6.274148
-5.774886
-8.568648
-5.664724
-5.609196
-5.665117
-5.514451
-5.455250
-5.423288
-5.359514
-5.311743
-8.101567
-3.813267
-3.726593
0.117391
-2.405160
-11.135011
-3.903381
-4.503178
-5.776149
-5.479589
-5.862759
-6.221193
-6.526420
-6.783474
-9.057062
-7.214916
-7.394147
-7.549627
-7.671774
-7.796844
-7.894371
-7.968046
-11.259316
-8.085867
-8.134770
-12.897983
-8.207745
-8.234180
-10.783065
-8.274210
-8.277233
-8.290169
-8.270834
-8.266467
-8.253331
-8.227887
-10.265786
-8.177713
-8.161671
-12.481692
-8.118773
-8.090723
-11.262927
-8.014103
-7.967923
-8.076439
-7.896966
-7.870919
-7.830146
-7.793559
-10.964380
-7.937942
-7.667166
-7.818381
-7.597596
-7.558877
-7.521877
-7.478980
-7.425185
-7.396003
-7.355820
-7.315837
-9.651284
-7.244974
-10.970189
-7.152211
-7.109400
-7.679882
-7.020363
353.025543
353.085449
-6.875897
-6.810851
-6.756524
-6.712602
-6.664993
-7.615241
-6.581222
-6.537206
-6.513527
-6.475055
-7.308828
-6.407127
-6.367372
-6.313449
-6.276656
-6.227020
-9.628834
-6.132874
-6.106119
-6.251885
-5.987377
-5.931143
-5.881242
-5.815299
-7.460501
-5.697714
-5.626773
-9.659131
-5.488611
-5.415551
-7.030597
-3.923798
-1.401766
-2.649025
-3.274611
-3.979647
-4.580264
-5.102378
-7.011744
-5.954926
-6.303497
-12.582872
-6.855191
-7.085603
-12.331104
-7.454386
-7.613247
-8.502428
-7.868914
-7.963366
-8.045776
-8.120719
-8.598904
-8.215675
-8.259588
-12.167857
-8.315104
-8.340239
-12.857471
-8.367718
-8.368933
-8.371594
-8.354940
-8.356983
-8.335244
-8.330558
-8.296702
-9.165135
-8.252913
-9.869055
-8.190232
-8.161272
-8.134335
-8.091864
-8.062751
-8.015852
-7.986390
-7.923548
-11.437998
-7.817501
-7.769544
-7.926071
-7.712438
-9.812402
-7.629652
-7.605929
-7.567526
-7.485946
-7.424021
-7.380695
-7.326902
-7.270348
-9.605802
-7.162263
-7.120259
-7.062654
-7.003010
-10.067665
353.111328
353.176056
-6.939295
-6.717346
-6.690312
-6.655406
-6.631061
-6.603225
-7.555097
-6.501047
-6.469280
-6.399936
-6.353845
-6.304278
-6.263799
-6.202322
-9.274931
-6.101051
-6.037889
-10.103304
-5.947412
-5.886279
-7.797199
-5.781678
-5.728922
-5.680526
-5.639805
-5.570529
-5.515632
-5.471843
-7.588095
-5.353577
-3.925504
-7.944177
-1.347384
-2.407278
-9.498511
-3.899843
-4.502399
-5.245121
-5.465191
-5.862226
-11.484352
-6.513394
-11.315003
-7.157723
-7.214971
-7.628201
-7.541055
-7.673913
-7.798635
-7.885673
-7.972208
-8.046457
-8.105053
-8.148063
-10.684855
-8.221974
-8.245148
-8.256738
-8.284625
-8.809114
-8.284816
-8.285625
-8.271029
-8.266221
-8.242453
-8.235850
-8.203633
-8.176011
-9.112957
-8.126711
-8.082933
-8.061605
-8.034464
-9.330362
-7.955032
-7.911303
-7.879121
-7.825255
-7.801024
-11.338976
-7.719198
-7.678005
-7.797338
-7.599775
-7.559027
-7.517656
-7.483652
-8.836165
-7.373149
-7.325671
-11.393734
-7.233410
-7.191316
-10.746406
-7.098021
-7.036726
-7.420921
-6.944889
353.095398
353.148529
-6.813606
-7.365681
-6.716007
-6.648029
-10.233289
-6.552423
-6.517769
-10.503197
-6.416074
-6.364515
-7.486632
-6.269595
-6.208092
-6.155945
-6.102841
-6.063451
-5.997850
-5.948425
-7.251433
-5.838229
-5.782103
-5.747131
-5.697422
-5.652324
-5.600142
-5.537212
-5.490681
-5.442760
-5.391568
-5.319204
-4.741627
-3.821458
94.204979
-2.401786
-3.198277
-3.939485
-4.486300
-4.998962
-5.447364
-5.852179
-6.195594
-11.571745
-6.763530
-6.992514
-7.389454
-7.368398
-11.349653
-7.656697
-7.784151
-8.045967
-7.967196
-8.040030
-8.094133
-8.142830
-8.200963
-10.658905
-8.258527
-8.287165
-8.307066
-8.309938
-8.307778
-8.302553
-8.295570
-8.978535
-8.284171
-8.290564
-12.621985
-8.251272
-8.234865
-10.063448
-8.189651
-8.164449
-8.150297
-8.100545
-8.065449
-8.019848
-7.986048
-10.377526
-7.899604
-7.831646
-12.027005
-7.743664
-7.734022
-10.500823
-7.672572
-7.615423
-7.620078
-7.517105
-7.468854
-7.399519
-7.316452
-8.684088
-7.206848
-7.149491
-11.219506
-7.068446
-7.022572
-10.580354
353.058319
353.119324
-6.837238
-6.780880
-6.724518
-9.923283
-6.624217
-10.252473
-6.623459
-6.500951
-7.024684
-6.426943
-6.397094
-6.336571
-6.299795
-6.233577
-6.182399
-6.136417
-6.070066
-8.052766
-5.977370
-5.915089
-5.848314
-5.813548
-6.726683
-5.724669
-5.678737
-5.631147
-5.593769
-5.540329
-5.480709
-5.416760
-3.995012
-4.728422
-1.400878
-2.459133
-3.258246
-3.973732
-8.121785
-5.086573
-5.546976
-5.943137
-6.300990
-6.600548
-11.781205
-7.098833
-7.287043
-7.743388
-7.631603
-7.750981
-7.879497
-7.981070
-9.091360
-8.131980
-8.188647
-12.716444
-8.281651
-8.310954
-12.653747
-8.358143
-8.390259
-9.260076
-8.391940
-8.386110
-8.383445
-8.379868
-8.351548
-8.343959
-8.322277
-9.302197
-8.345415
-8.254425
-8.219035
-8.191967
-8.170399
-8.117197
-8.092837
-8.058371
-8.024140
-7.987732
-7.944465
-9.812893
-7.867973
-9.725648
-7.791081
-7.738339
-7.689525
-7.650954
-7.605448
-7.542036
-7.500355
-7.446115
-7.393319
-7.343295
-7.295914
-8.080665
-7.192686
-9.921839
-7.101816
-7.058324
352.960480
353.043488
-6.919433
-6.866667
-6.815974
-6.761957
-9.966598
-6.658932
-6.620468
-6.655560
-6.523102
-9.851109
-6.408158
-6.341216
-6.554028
-6.062822
-5.788024
-5.414282
-5.093916
-4.934210
-6.842304
-4.788422
-4.738832
-4.657531
-4.580481
-4.483815
-4.400843
-4.307163
-7.156120
-4.169182
-4.086721
-8.167045
-2.674968
-2.555871
91.250999
-2.346899
-3.131778
-3.826118
-4.413279
-4.911863
-5.366768
-5.766126
-8.854935
-6.365452
-6.604994
-12.600195
-6.959446
-7.078681
-11.065078
-7.338099
-7.414467
-7.685367
-7.550653
-7.579821
-7.550177
-7.532255
-8.737156
-7.578623
-7.537310
-11.991044
-7.456772
-7.385360
-7.337580
-7.269873
-7.201745
-7.150334
-7.048245
-6.991758
-10.260730
-6.923928
-6.874899
-6.913222
-6.770161
-7.474026
-6.671220
-6.617329
-6.528199
-6.471267
-6.411881
-6.332613
-6.289858
-6.232732
-8.130561
-6.137825
-6.112460
-6.023232
-5.960873
-7.138389
-5.809996
-5.734303
-5.677896
-5.608889
-5.540124
-5.481562
-5.428677
-5.368519
-6.062837
-5.220333
-5.168940
-5.111543
-5.062496
352.772675
-4.976203
-4.890461
-4.877265
-4.741642
-4.678732
-8.010382
-4.544322
-4.474530
-4.769519
-4.344309
-4.277358
-4.208817
-4.147274
-4.768528
-3.987927
-3.925267
-7.605582
-3.792079
-3.743140
-7.631768
-3.549764
-3.480887
-4.494229
-3.368439
-3.284428
-3.203070
-3.169250
-3.100886
-2.995517
-2.907352
-2.762254
-1.512768
-1.324640
-2.348074
-3.098911
-3.741150
-4.288239
-4.751470
-5.153120
-5.503225
-5.809196
-6.061618
-8.949648
-6.470899
-9.646409
-6.764520
-6.879148
-6.982613
-7.058446
-7.115446
-7.174093
-7.222137
-7.238208
-7.249828
-7.272021
-7.264604
-8.011777
-7.262009
-10.369624
-7.249445
-7.233732
-7.311694
-7.185537
-7.151709
-7.103827
-7.071429
-7.014075
-10.376299
-6.926747
-6.894008
-6.928912
-6.790576
-6.752198
-6.672749
-6.621936
-7.086449
-6.522140
-6.468097
-6.407112
-6.348238
-6.296988
-8.208363
-6.174723
-6.102523
-6.033246
-5.982489
-5.921177
-5.855552
-5.789364
-8.329189
-5.654708
-5.595626
-9.747214
-5.477706
-5.413819
-7.947258
-5.289971
-5.233722
-5.213320
354.913879
-5.046690
-4.970319
-4.899655
-6.388810
-4.803452
-4.724117
-8.758030
-4.590001
-4.550503
-7.952548
-4.384209
-4.319412
-4.659538
-4.151735
-4.080763
-4.018225
-3.949320
-7.506015
-4.312054
-3.747289
-4.152610
-3.603387
-3.546902
-3.477264
-3.407508
-3.355308
-3.296762
-3.226684
-3.152864
-6.069784
-1.638159
-1.551680
0.961889
-2.315726
-4.686206
-3.710209
-4.258575
-4.718671
-5.121994
-5.464935
-5.766412
-6.016382
-6.237503
-8.675657
-6.587201
-6.727988
-6.840714
-6.927055
-9.192424
-7.083443
-7.134610
-7.184227
-7.209507
-7.223717
-7.256832
-7.259983
-7.263506
-7.820161
-7.253041
-7.218791
-7.193541
-7.154699
-8.259368
-7.088632
-7.036706
-11.232373
-6.955444
-6.907173
-10.849790
-6.834371
-6.790371
-7.462919
-6.699517
-6.665857
-6.561605
-6.533148
-6.484076
-6.410989
-6.359314
-9.741926
-6.220135
-6.157434
-10.295362
-6.035068
-5.972142
-7.623278
-5.843710
-5.763685
-5.717498
-5.643463
-5.580341
-5.505222
-5.446530
-7.201100
-5.373070
-5.266546
-5.197668
-5.141637
-5.072974
354.981171
-4.971845
-4.910651
-4.822938
-4.747092
-4.685044
-6.160602
-4.566124
-7.331243
-4.433256
-4.361453
-4.393512
-4.241083
-4.175497
-4.100495
-4.042979
-3.981417
-3.912806
-3.857383
-3.781020
-4.202002
-3.632963
-6.906064
-3.497773
-3.424802
-3.685319
-3.311390
-3.248016
-3.173600
-3.105858
-3.001205
-4.612956
-1.465961
-1.341005
-2.386555
-3.073202
-3.706439
-4.252886
-4.706404
-6.854800
-5.451910
-5.758933
-12.297009
-6.234621
-6.430444
-9.735126
-6.718614
-6.844291
-6.953246
-7.032696
-7.094030
-7.130913
-7.177070
-9.166120
-7.218144
-7.237834
-11.889753
-7.237380
-7.227168
-10.835811
-7.201182
-7.188319
-7.438650
-7.128458
-7.121624
-7.077103
-7.034584
-7.857797
-6.951427
-6.906362
-10.932866
-6.816053
-6.774949
-10.812343
-6.653556
-6.595449
-6.553994
-6.509873
-6.436561
-6.386361
-6.328218
-6.268951
-6.730433
-6.151822
-7.082477
-6.032972
-5.973938
-5.928991
-5.847068
-5.783504
-5.723677
-5.656320
-5.584274
-8.563200
-5.447271
-5.383739
-5.358822
-5.254891
-6.746363
-5.135798
354.948425
-4.990219
-4.920924
-4.854275
-4.781734
-4.730341
-4.668410
-6.270133
-4.526972
-4.464060
-4.395262
-4.338065
-6.720797
-4.196793
-4.125726
-4.112032
-4.003561
-3.918604
-3.860306
-3.802378
-3.733649
-4.216999
-3.596311
-3.547428
-3.481199
-3.419461
-3.973754
-3.285930
-3.204937
-6.818155
-3.058190
-1.630352
-5.522721
-1.337617
-2.333826
-5.207158
-3.720851
-4.265385
-4.718221
-5.130396
-5.478561
-5.777941
-6.033751
-10.561510
-6.442110
-6.605233
-12.201969
-6.863046
-6.945770
-9.550524
-7.099193
-7.151658
-7.198250
-7.219096
-7.240051
-7.264251
-7.263783
-9.717053
-7.267494
-7.267975
-7.252830
-7.225124
-7.199930
-7.170826
-7.139464
-7.091238
-7.066710
-7.020218
-6.976459
-8.410889
-6.890273
-10.116524
-6.781950
-6.741489
-6.803424
-6.660746
-6.591901
-6.547446
-6.474551
-6.420356
-6.359630
-6.298983
-6.239520
-6.592834
-6.114483
-6.048682
-5.988622
-5.931942
-6.326684
-5.800265
-5.734687
-5.659626
-5.591460
-5.550090
-8.347998
-5.429091
-5.344765
-5.303467
-5.193409
-5.125115
354.945068
-5.003537
-7.492108
-4.874656
-4.800053
-8.898587
-4.667659
-4.614810
-7.176239
-4.490807
-4.405739
-4.376805
-4.273909
-4.222966
-4.127433
-4.063742
-5.495390
-3.933200
-3.869267
-7.880780
-3.754632
-3.661602
-7.117451
-3.549184
-3.473692
-3.818323
-3.325692
-3.278116
-3.216152
-3.148807
-3.680222
-1.612699
-1.518543
83.128967
-2.343457
-3.085455
-3.727667
-4.269374
-4.738049
-5.141119
-5.486314
-5.793385
-6.050109
-6.264960
-6.457812
-7.085033
-6.753905
-8.621847
-6.968583
-7.056151
-7.111020
-7.160740
-7.209910
-7.227971
-7.248518
-7.272910
-10.361118
-7.262677
-7.262017
-7.272676
-7.233403
-9.347703
-7.190151
-7.146039
-7.120546
-7.068483
-7.031575
-6.979353
-6.940635
-6.891514
-8.298982
-6.813683
-6.754957
-6.709339
-6.654532
-9.618279
-6.533722
-6.482361
-6.518127
-6.352026
-6.294034
-10.178046
-6.195431
-6.174225
-6.839931
-6.036483
-5.979634
-5.912613
-5.844651
-5.768655
-5.695578
-5.624054
-9.042769
-5.494915
-5.424895
-9.499705
-5.273909
-5.226163
-6.711897
-5.092385
354.981842
-4.946533
-4.884191
-4.813567
-4.742844
-4.690207
-7.261724
-4.556644
-4.485390
-8.567050
-4.358775
-4.292821
-6.615940
-4.169240
-4.083638
-4.012216
-3.946037
-3.859947
-6.046411
-3.755523
-6.274480
-3.604939
-3.564209
-3.558172
-3.453277
-3.385631
-3.314662
-3.219103
-3.154079
-3.076550
-2.999450
-1.546952
-2.401260
-1.315774
-8.579829
-3.075524
-3.708693
-4.536803
-4.709498
-5.115581
-5.469047
-5.771316
-6.027433
-11.228431
-6.441714
-6.596285
-6.940526
-6.858890
-6.945921
-7.035917
-7.090061
-7.953648
-7.200419
-7.216990
-7.234384
-7.254871
-7.249019
-9.775599
-7.246812
-7.238417
-7.214193
-7.200758
-7.168641
-7.144494
-7.121632
-9.452285
-7.054821
-7.003491
-11.335934
-6.916642
-6.860267
-9.846191
-6.757067
-6.714435
-6.788295
-6.594123
-6.545060
-6.498323
-6.431315
-7.604321
-6.304169
-6.242115
-10.288395
-6.135095
-6.078911
-9.801173
-5.959021
-5.898747
-6.419398
-5.768328
-5.696766
-5.629560
-5.565696
-9.316406
-6.095155
-5.359956
-5.985683
-5.225125
-5.171635
-5.095759
354.982758
-4.972870
-4.901580
-4.831885
-4.765274
-7.937416
-4.624355
-4.577804
-4.570986
-4.433515
-5.485483
-4.297302
-4.233597
-4.164158
-4.079649
-4.021873
-3.948619
-3.880519
-3.811723
-5.613000
-3.659972
-3.607841
-3.543486
-3.483710
-5.515754
-3.344472
-3.277533
-3.225271
-3.147338
-3.083797
-2.998394
-1.559294
-1.457300
44.434242
-2.329045
-3.065675
-3.707737
-4.257872
-5.966663
-5.105076
-5.459655
-11.884922
-6.021252
-6.236744
-11.881086
-6.584981
-6.717517
-7.956057
-6.927592
-7.019914
-7.078371
-7.124132
-7.176064
-7.197515
-7.219636
-10.941758
-7.237484
-7.236286
-11.801244
-7.235469
-7.203511
-9.128931
-7.161732
-7.127276
-7.100257
-7.048658
-7.018939
-6.973998
-6.932752
-8.847998
-6.867671
-6.792236
-6.741877
-6.713840
-6.643639
-6.608891
-6.541331
-6.505352
-6.448357
-6.377954
-6.293535
-7.749238
-6.162380
-9.025877
-6.055531
-6.006320
-6.020123
-5.866645
-5.796143
-5.756170
-5.705004
-5.622128
-5.556298
-5.484056
-5.419458
-5.782553
-5.285521
-8.522358
-5.168274
-5.104242
354.770538
-4.956081
-4.885748
-4.830260
-4.755206
-4.702406
-7.451959
-4.586478
-4.491032
-4.444088
-4.368105
-4.294666
-4.225292
-4.155129
-4.791546
-4.016573
-3.956398
-7.998461
-3.823095
-3.755338
-5.603817
-3.607281
-3.555261
-3.508291
-3.421345
-3.359355
-3.298426
-3.251950
-5.340703
-3.098673
-3.001229
-5.673148
-1.447157
-1.296199
-8.040559
-3.052630
-3.687151
-4.405575
-4.677663
-5.074730
-5.421338
-5.727589
-7.665498
-6.206931
-6.413874
-12.054098
-6.720939
-6.844444
-11.562937
-7.070659
-7.158301
-7.240351
-7.324146
-7.402717
-11.557071
-7.585276
-11.800467
-7.831725
-7.580462
-8.251127
-7.605206
-7.649863
-7.603280
-7.596009
-7.585986
-7.581058
-7.569927
-7.510913
-9.932940
-7.468955
-7.435792
-7.384379
-7.369243
-8.574937
-7.282589
-7.316375
-7.297576
-7.264144
-7.223262
-7.145865
-7.108649
-7.096551
-8.211293
-6.989606
-6.882749
-6.733531
-6.673417
-8.825647
-6.559211
-6.538896
-6.514381
-6.441109
-6.310884
-6.223355
-6.150234
-6.166847
-6.400439
-6.126437
-6.081089
-5.962306
354.162750
353.220062
-5.645757
-5.708445
-9.438052
-5.627309
-5.551882
-9.494529
-5.558385
-5.653947
-6.602520
-5.665512
-5.647447
-5.594291
-5.540395
-5.489012
-5.454908
-5.369835
-6.162640
-5.534336
-5.205924
-5.150174
-5.095367
-5.061306
-4.977092
-4.923557
-4.881104
-4.877132
-4.842707
-4.798051
-7.271788
-3.252874
-4.798851
-0.855897
-2.439339
-3.242646
-3.928352
-4.523361
-5.032095
-5.464651
-5.850479
-6.188244
-6.488157
-6.746017
-8.731077
-7.147550
-10.819531
-7.464332
-7.580582
-7.764063
-7.783182
-7.847570
-7.913301
-7.951175
-7.986801
-12.287125
-8.048508
-8.072499
-8.495669
-8.099375
-11.571017
-8.083910
-8.078398
-8.272482
-8.041548
-8.008614
-7.989209
-7.941856
-7.906911
-10.779213
-7.858735
-7.825234
-7.802203
-7.767321
-7.728327
-7.697800
-7.667171
-8.349858
-7.590515
-7.550090
-11.740788
-7.448730
-7.385427
-9.462108
-7.312320
-7.265684
-7.218972
-7.164982
-7.097308
-7.050095
-7.003668
-9.042496
-6.898280
-6.847717
-10.976131
-6.735242
-6.676461
-9.632195
-6.576701
-6.520455
353.415649
-6.401172
-6.349089
-6.302822
-6.234024
-7.375770
-6.137843
-6.080296
-10.030930
-5.966606
-5.914515
-9.503505
-5.789282
-5.732179
-5.668147
-5.611915
-5.573869
-9.128004
-5.462170
-8.983084
-5.608276
-5.274811
-5.687640
-5.184604
-5.128087
-5.071888
-5.008514
-4.952571
-4.890320
-4.822859
-4.760744
-5.848691
-3.233562
-1.346565
-2.418329
-3.194875
-5.243587
-4.474457
-4.975091
-5.431027
-5.810912
-6.154271
-6.446507
-6.699647
-6.916132
-8.687075
-7.270531
-7.425427
-7.535427
-7.657212
-9.581049
-7.816035
-7.891584
-7.932082
-7.970966
-8.012666
-12.115488
-8.042950
-8.059903
-8.367264
-8.070720
-8.068013
-8.052560
-8.050657
-9.331902
-8.002675
-7.996107
-12.236130
-7.935448
-7.913043
-11.682862
-7.838727
-7.806334
-8.263835
-7.716012
-7.679209
-7.639584
-7.604596
-8.172201
-7.511090
-7.464332
-11.219165
-7.362915
-7.327188
-11.339994
-7.218228
-7.172581
-8.196655
-7.060561
-7.022282
-6.974654
-6.908635
-6.853542
-6.802460
-6.745321
-7.625228
-6.637926
-6.581573
-6.529245
-6.471018
353.575623
-6.382252
-6.323134
-6.275638
-6.211238
-6.168848
-6.117421
-6.820141
-5.997430
-7.694248
-5.886484
-5.828385
-5.770868
-5.718231
-5.651754
-5.601943
-5.542143
-5.489452
-8.701005
-5.393566
-5.328109
-5.371724
-5.209533
-7.379322
-5.100390
-5.047989
-4.994601
-4.928194
-4.866982
-4.822223
-4.735182
-3.308441
-5.193613
-1.369009
-2.396281
-3.199001
-3.891988
-10.493091
-4.988778
-5.421683
-6.062365
-6.148821
-6.446500
-6.706341
-6.929055
-7.110448
-8.600184
-7.433982
-7.537917
-7.650061
-7.729367
-7.806222
-7.870129
-7.920317
-11.515237
-8.000005
-8.020494
-12.658822
-8.048361
-8.071764
-10.156592
-8.063168
-8.055232
-8.046298
-8.034522
-8.009809
-7.990664
-7.967586
-10.315203
-7.898219
-7.869209
-12.158258
-7.801363
-7.769343
-10.623248
-7.679564
-7.638273
-7.604056
-7.549008
-7.515823
-10.466098
-7.430036
-10.123869
-7.372343
-7.276495
-7.289645
-7.175259
-7.123837
-7.049646
-7.011040
-6.949450
-6.895958
-6.846056
-6.785671
-8.562111
-6.677608
-9.969691
-6.567913
-6.520666
-6.611474
353.584808
-6.377539
-6.312192
-6.257046
-6.205242
-6.159122
-6.112039
-6.051922
-6.491048
-5.941689
-5.876102
-5.831991
-5.779242
-6.280370
-5.650593
-5.600139
-5.546801
-5.500251
-5.464991
-8.383496
-5.383379
-5.308689
-5.300894
-5.214514
-5.148181
-5.119993
-5.025337
-7.362761
-4.933214
-4.870199
-8.909417
-3.371439
-3.298689
97.026566
-2.363086
-3.159659
-3.970918
-4.441720
-4.949006
-5.393501
-5.778161
-8.293779
-6.408654
-6.663727
-12.610051
-7.081597
-7.238354
-11.839816
-7.507058
-7.632565
-8.138940
-7.798903
-7.865213
-7.912197
-7.956037
-8.711769
-8.021303
-8.036365
-12.195786
-8.076564
-8.072147
-8.068923
-8.063734
-8.048618
-8.041291
-8.018224
-8.007858
-11.939925
-7.938976
-7.918453
-8.241779
-7.853975
-8.860813
-7.795045
-7.750792
-7.709897
-7.671263
-7.635420
-7.579088
-7.538574
-7.489958
-10.288305
-7.381828
-7.356046
-7.310278
-7.244784
-8.727337
-7.144232
-7.091734
-7.043893
-6.993532
-6.931516
-6.890944
-6.842867
-6.786466
-8.263577
-6.674494
-6.626448
-6.572725
-6.511985
351.155823
-6.413070
-6.350031
-6.316509
-6.232521
-6.190800
-6.133541
-6.082126
-6.026240
-6.458394
-5.917739
-5.863178
-5.811535
-5.760893
-6.285610
-5.638265
-5.579962
-9.172864
-5.472791
-5.427519
-9.361861
-5.291374
-5.238630
-6.411573
-5.146255
-5.096607
-5.030815
-4.973533
-4.918543
-4.860582
-4.797194
-6.223982
-3.271511
-1.319148
-12.512298
-3.197225
-3.879188
-8.599339
-4.959476
-5.404669
-5.805891
-6.128596
-6.424049
-10.731903
-6.903913
-9.995773
-7.284786
-7.403690
-7.533266
-7.642155
-7.729469
-7.795119
-7.868488
-7.909081
-7.960597
-8.004901
-8.017720
-9.710834
-8.055278
-11.470790
-8.063169
-8.064374
-8.167238
-8.044751
-8.036895
-8.011227
-7.998484
-7.964014
-7.942504
-7.909492
-7.880588
-8.362045
-7.813397
-11.447290
-7.742104
-7.699057
-8.073103
-7.620844
-7.567033
-7.530309
-7.476073
-7.432898
-10.432675
-7.344434
-7.295620
-7.284221
-7.193358
-7.154382
-7.081202
-7.041571
-8.134133
-6.942499
-6.885508
-11.031932
-6.783803
-6.737728
-9.290620
-6.629398
-6.577602
-6.567461
353.540771
-6.419845
-6.354840
-6.297604
-7.770380
-6.196428
-6.147924
-10.178218
-6.024559
-5.986167
-9.347572
-5.871456
-5.820237
-6.140965
-5.694662
-5.643401
-5.596033
-5.533186
-6.140456
-5.447163
-5.380503
-9.070278
-5.289802
-5.246984
-5.189613
-5.151583
-5.089384
-5.037908
-4.974667
-4.908864
-4.842645
-3.434052
-3.340308
32.859013
-2.409518
-5.189769
-3.896428
-4.488001
-4.994652
-5.430330
-5.823745
-6.154298
-6.450939
-6.715008
-10.971563
-7.126889
-7.312909
-7.490119
-7.587900
-9.561541
-7.817913
-7.900314
-7.967437
-8.017027
-8.072060
-8.114121
-8.138769
-8.165386
-9.894292
-8.226585
-8.231743
-8.245082
-8.243628
-10.952756
-8.241634
-8.216333
-8.247124
-8.165457
-8.137260
-8.115671
-8.102754
-8.072750
-8.526592
-8.034928
-7.990046
-7.966084
-7.945686
-8.707234
-7.877199
-7.865153
-11.727238
-7.792589
-7.740242
-11.700108
-7.637573
-7.581485
-8.416987
-7.462301
-7.392194
-7.363519
-7.317489
-7.257276
-7.213207
-7.178079
-10.334846
-7.203123
-7.197713
-11.308652
-7.096833
352.962891
351.165466
-6.934773
-6.882841
-6.852543
-6.793676
-6.754222
-6.714134
-6.662050
-8.447884
-6.580312
-6.508536
-6.437446
-6.383345
-6.344355
-6.258207
-6.208361
-6.152004
-6.096137
-6.044047
-6.013522
-7.227222
-5.919983
-8.567508
-5.826622
-5.765213
-5.752530
-5.646761
-5.596173
-5.536613
-5.452834
-5.365253
-7.487431
-3.864372
-1.342234
-2.765589
-3.200572
-10.074538
-4.476540
-4.999228
-5.679966
-5.845773
-6.194023
-6.494038
-6.763168
-6.992610
-10.294997
-7.361335
-7.515018
-7.640721
-7.765686
-7.849957
-7.925789
-8.002641
-8.679824
-8.105115
-8.149955
-8.174600
-8.196712
-8.212625
-9.668813
-8.210945
-8.214692
-8.204794
-8.191425
-8.185096
-8.172064
-8.170632
-11.061130
-8.117688
-8.086848
-12.400599
-8.028961
-7.998440
-10.652359
-7.930446
-7.903744
-7.887198
-7.845230
-7.788133
-7.759715
-7.710751
-9.397458
-7.646136
-7.615736
-11.776634
-7.522458
-7.490035
-10.745408
-7.402330
-7.360882
-7.531738
-7.252358
-7.211977
-10.565170
-7.104248
-10.605062
-7.121571
-6.961045
-7.277136
353.126007
353.186066
-6.780288
-6.725405
-6.682198
-6.625148
-6.576815
-6.516222
-8.896082
-6.390275
-6.327199
-6.259562
-6.201176
-6.726329
-6.100189
-6.032264
-5.975226
-5.936641
-5.871758
-5.827018
-5.790059
-5.736486
-6.606042
-5.626092
-5.578665
-5.514027
-5.470061
-6.921992
-5.395195
-5.360169
-5.319086
-5.260266
-3.831729
-7.217387
-1.344556
-2.415324
-3.528120
-3.924035
-4.521032
-5.031986
-5.478947
-7.880725
-6.207847
-6.500021
-12.652539
-6.989693
-7.183046
-12.028598
-7.520008
-7.637859
-8.285121
-7.848875
-7.927453
-8.001966
-8.048121
-8.699499
-8.147046
-8.176237
-12.332328
-8.173156
-8.146428
-12.433048
-7.950227
-7.806678
-8.823150
-7.705974
-7.672442
-7.661728
-7.647175
-7.616441
-7.603806
-7.562489
-8.713766
-7.464128
-7.396435
-7.313680
-7.249481
-7.243645
-7.240560
-7.198647
-7.143392
-7.107031
-7.066874
-7.000847
-7.636316
-6.955436
-8.788359
-6.796074
-6.730897
-6.627800
-6.611105
