536.993896
532.299255
527.414612
522.760742
535.530579
513.754272
509.472137
505.193298
501.213562
497.378967
493.524170
489.708038
487.178040
482.722992
479.583374
476.519501
473.744385
471.026917
469.103973
465.794617
463.409515
461.091553
458.874573
458.225494
454.699310
452.625580
450.794556
448.816467
447.069061
445.998077
443.748657
441.989441
440.325714
438.617218
437.006927
435.523560
434.021515
432.800690
431.381805
430.045929
428.841675
427.656250
426.449371
424.867371
424.284546
423.089539
422.063599
421.058105
420.042419
419.079651
418.158844
417.163727
416.280518
415.350616
414.280762
413.210632
412.297668
411.417175
410.572205
409.863586
408.868134
408.356079
406.565826
406.841187
406.113098
405.489624
404.740356
404.057617
403.568237
402.832245
402.254486
401.637024
400.977356
400.401581
399.075592
399.199280
397.779022
397.773071
397.104492
396.510529
396.103363
395.491455
395.102905
394.524292
394.012024
393.445526
393.036804
392.666779
390.542877
391.757050
390.935486
390.776062
390.323669
390.020508
389.615082
389.220490
388.867218
387.841034
387.424225
543.035339
537.415161
683.714355
527.375977
522.720764
520.112061
525.039063
509.431610
505.089355
501.103394
497.334717
493.623871
490.100403
486.713562
483.523834
480.493866
480.974976
474.647217
471.909454
469.175720
468.746460
464.286530
461.748901
459.286194
456.994141
454.888092
452.762543
450.904877
449.016113
447.242157
445.777710
443.767822
442.030792
440.446136
439.274414
437.511047
436.147064
434.773438
433.330322
432.026276
430.679993
429.044006
428.268402
427.050446
425.710907
424.428955
423.103516
421.879913
420.877289
419.917847
418.922668
417.963165
416.932861
416.052917
415.073792
413.659119
413.341614
412.548981
411.744873
410.965179
410.190948
409.404144
408.627655
407.869141
407.205719
406.100006
405.669464
404.766602
403.944153
402.933960
402.619263
402.009796
401.363312
400.796234
400.144592
399.538788
399.013519
398.491913
397.905640
395.997040
396.843018
396.351410
395.661285
395.154266
394.727875
394.245117
393.785126
393.343994
392.664673
392.097626
391.596130
391.046295
390.552032
390.051849
388.169220
389.304779
388.521057
388.340942
387.424530
387.041473
542.231567
536.959167
532.199707
527.507813
522.815552
518.259644
513.859497
509.573364
514.385071
501.308380
503.742218
493.319397
489.661469
486.151062
482.895050
479.738525
476.814148
473.893951
471.231873
468.533997
466.114624
463.775787
461.818970
459.230194
458.423401
455.035614
453.009460
451.172729
449.123199
447.219513
445.273346
443.687225
441.880249
440.773499
438.938538
437.493774
436.049286
434.472443
433.159729
431.870209
430.614044
429.311646
428.088776
426.939697
425.624298
424.417175
423.139648
421.948395
421.041687
420.057098
419.090881
418.158936
417.119720
416.233093
415.228516
413.335632
413.428436
412.673553
410.518311
411.044830
410.309570
409.170258
408.654236
407.889526
406.953308
406.032623
405.254272
404.483459
403.791534
402.216400
402.571564
401.957245
399.423370
400.612122
400.008392
398.360321
398.941193
398.377899
397.826965
397.257019
396.778687
396.358124
395.723267
394.696899
394.726166
394.224304
391.373230
393.011963
392.320679
391.817444
391.289429
390.828278
390.377350
389.852386
389.465088
387.542999
388.536194
388.205261
387.266479
386.905731
560.166809
536.682861
531.800598
527.122498
522.412537
517.895752
513.427734
509.258179
505.102966
507.733551
496.879333
493.077850
489.383484
486.012939
485.248871
479.755219
476.718811
473.821381
471.088715
468.350494
465.870789
463.471008
461.188995
459.307037
456.808807
454.796478
452.664795
450.758240
449.667664
447.050262
445.223450
443.424103
441.488892
439.724640
438.519623
436.774231
435.356842
433.956818
432.565552
431.215118
429.819244
428.408966
427.862976
426.085693
424.919678
423.188232
422.798950
421.673584
419.969147
419.714294
418.726868
417.658264
416.530365
415.544800
414.553070
413.577515
412.837372
412.032257
411.264008
410.189392
409.664673
408.806061
408.063354
407.323029
406.631317
405.822784
404.907166
403.783173
402.952820
402.404388
401.728729
400.484070
399.983673
398.561584
398.647552
398.190643
397.758728
397.099701
396.516937
396.101227
395.861725
395.600800
395.151001
394.797485
394.322235
393.513794
392.895203
391.128174
391.854706
391.335297
390.826904
390.368439
389.967987
389.452667
389.223541
388.768738
386.878937
387.892456
386.894836
386.427460
541.167542
536.005676
531.212891
526.296204
528.394897
516.601563
512.124146
507.880005
503.747406
499.849304
501.012970
492.303345
488.737854
485.477356
482.329376
479.390747
476.345551
473.239410
473.608429
467.302399
464.557343
464.770477
459.700592
457.504578
456.693329
453.397003
451.366150
449.415833
447.478760
445.657654
443.900085
442.424927
441.475189
439.211761
437.706299
436.282776
434.872345
433.396912
432.050140
430.799927
429.460693
428.054169
426.649811
425.380859
424.134735
423.137268
421.419922
420.923096
419.950043
418.932556
417.911591
417.011658
416.037720
415.207306
414.279633
413.424286
412.631561
411.800629
410.253387
410.172882
409.441925
408.615295
407.839417
406.881012
405.964844
405.104370
404.391205
403.682404
403.035339
402.442352
401.776306
401.081360
400.155914
399.800568
399.250793
398.646973
398.098541
396.883362
396.986847
396.366974
395.903473
395.448944
394.845764
394.379639
393.908325
393.336578
392.811066
392.489258
391.948608
391.361481
390.694916
389.519440
389.589355
389.177490
386.260681
388.445618
387.991547
385.321381
386.552338
386.169220
609.630188
535.737854
530.914490
526.368408
521.766541
517.281189
512.849976
508.599854
525.693420
500.493774
496.723663
505.562592
489.396118
485.840057
485.062500
479.149994
476.061157
473.229309
470.684479
467.943573
465.505615
463.032501
461.948486
458.412292
456.291901
454.181854
452.193878
450.339722
448.420563
446.722717
444.865967
443.339539
441.608032
439.981781
438.716858
436.988770
435.525421
433.621948
432.214691
430.879150
429.535309
428.268311
427.125732
425.971771
424.676086
423.240540
422.501526
421.438416
420.476044
419.384033
417.838379
417.464905
416.517761
415.672058
414.722260
413.862000
413.031036
412.175751
411.227051
409.772339
409.385468
408.557373
407.744904
407.123627
406.441345
405.718323
405.006622
404.126892
403.677185
403.142639
400.694153
401.952606
401.391846
400.174927
400.071716
399.567139
399.037231
398.474701
397.877686
397.281555
396.644257
394.892395
395.483063
395.102905
392.300964
394.202209
393.791687
391.981079
392.821747
392.325775
391.945618
391.641571
391.151215
390.772675
390.368195
389.228241
389.487274
389.131805
385.519989
387.786682
543.164978
852.048462
532.373901
527.400146
522.766541
518.221008
513.860168
534.516724
505.252960
501.214905
497.803528
493.650360
492.271301
486.686707
483.475372
480.418915
477.353577
474.528412
471.748993
469.027222
466.385742
465.528107
461.284058
458.940796
456.815338
454.735016
453.348358
450.800293
448.821808
446.989441
445.188690
443.641418
441.932953
440.347687
438.881470
437.631897
435.991760
434.535156
433.155365
431.900665
430.602997
429.090668
427.748505
426.520111
425.279877
424.241608
422.572388
422.063507
421.070587
420.048737
419.048767
418.103973
417.150452
416.325165
415.788971
414.605194
413.710602
411.719391
412.082916
411.264374
409.209442
409.662048
408.685028
407.676422
406.999115
406.188141
405.544495
404.839630
404.249603
403.614014
402.891754
400.731354
401.662262
401.029633
398.510803
399.933868
399.363678
398.129974
398.247437
397.689880
397.149658
396.795654
396.134399
394.675049
394.821533
393.164581
393.674194
393.250946
392.745819
392.306702
391.927673
391.375488
390.915344
390.393402
390.033447
389.647797
389.162781
388.493988
387.795837
385.776733
542.627075
537.425293
535.552246
527.876221
523.060364
518.224487
513.590637
509.210632
525.397461
500.975281
497.207275
494.095673
489.897217
486.484863
483.290161
480.198273
478.162140
474.375305
471.653625
469.007751
466.445740
464.036041
463.380920
459.424377
457.321411
455.219788
452.975616
450.854248
448.805420
446.937622
445.840973
443.555023
441.827759
440.551300
438.700897
437.241974
436.015381
434.367310
433.012299
431.731659
430.390259
429.174774
427.957397
426.825012
425.934540
424.580750
423.393280
421.484894
421.261688
420.116852
418.159973
417.864075
416.845062
415.908264
414.914948
414.109528
413.267761
412.391357
411.904663
410.744202
410.006500
409.181183
408.550629
407.783630
407.084106
406.306488
405.684662
404.926025
404.320038
403.667297
401.645599
402.280792
401.506134
400.720856
400.114868
399.115845
398.866608
398.287811
397.788849
397.159546
396.648895
396.185455
395.559052
395.181213
393.637360
394.097687
393.640594
393.115448
392.729401
391.379974
391.843597
391.364929
390.818542
390.206726
389.690643
389.187805
388.648804
388.250549
386.783142
386.846130
541.944519
536.474670
531.529785
603.789734
522.277161
517.675537
552.002197
509.036316
504.822144
518.414795
496.990326
493.224091
491.663391
486.195435
482.760468
479.472198
476.310120
473.388763
470.647675
467.913696
468.145935
463.064453
460.630829
460.371948
456.273560
454.210999
452.938751
450.315155
448.458191
446.683838
444.953308
443.284790
441.376434
439.714050
438.559601
436.762238
435.290863
433.869629
432.588470
431.337769
430.052612
428.736359
427.528381
426.180267
424.755371
423.387878
421.845245
420.444702
418.454529
416.854309
414.946838
413.313110
411.861572
410.605408
408.935974
406.913696
404.085754
401.637024
399.641388
397.141174
394.406464
391.915100
388.588776
387.078766
384.708740
382.541687
380.629089
378.789032
377.347412
376.243805
375.959045
374.432312
376.323792
377.146271
377.979919
379.185730
380.168793
380.701813
380.104126
378.661316
377.491974
375.791077
373.921082
372.312866
370.573975
367.394226
366.664764
364.927704
363.641815
362.686249
362.156647
361.646057
361.438690
360.456696
361.889740
362.430786
360.178497
362.513397
361.289490
358.712280
508.553345
503.972412
503.809998
497.948273
495.629059
493.056854
490.508575
497.963104
483.582794
479.652740
490.294922
472.198517
467.633881
471.137573
458.854492
454.829315
451.705261
446.891266
443.741272
441.092651
438.769775
439.388428
435.937469
433.955994
433.438873
431.997864
430.923615
429.990692
428.525024
427.027649
425.566040
424.418427
423.478546
423.159424
422.044769
421.431549
420.577301
419.304230
418.287903
417.041748
416.001648
415.241913
414.494629
413.430450
412.224396
411.089844
409.676392
408.237640
407.051300
405.776337
404.204773
402.506866
400.832550
400.060486
399.087982
398.281952
397.451202
396.414673
395.569885
394.969177
394.527893
393.924255
393.342255
392.498596
391.790894
391.219147
390.755585
390.247192
389.629395
387.230896
388.214233
387.718109
385.651642
386.741455
386.071106
385.182434
384.819183
384.264832
383.676361
383.191711
382.936218
382.113434
381.635895
379.482208
381.004242
380.506134
377.691681
379.483398
379.058624
378.111633
378.471222
378.048462
377.459839
376.960144
376.480377
376.156555
375.763214
374.735901
374.699829
374.441254
524.111389
519.230225
514.513977
509.796844
505.225037
500.914276
496.715973
492.280975
487.942688
491.235352
479.928680
484.754364
472.861877
469.651825
466.485596
463.295074
460.170502
457.351837
454.706818
452.024414
449.586365
447.106781
444.634369
442.588928
439.924011
439.280762
435.964722
434.285950
432.476959
430.659729
428.913330
427.398010
425.852997
424.379913
423.387634
421.622772
420.273071
418.875610
417.494934
416.332672
414.971588
413.659851
412.541168
411.220337
409.661682
408.170898
406.310089
404.759064
403.347870
402.012115
400.373932
398.575409
396.650848
394.977142
393.689545
392.824371
391.754272
391.599945
391.161041
389.198303
389.617035
388.921906
387.281708
387.691528
387.096252
386.190308
385.140717
384.036835
383.184662
382.726166
382.058594
381.745880
381.088165
378.338867
378.915924
377.702393
374.930878
375.837311
375.159637
374.260895
373.907623
373.502777
372.892181
372.527283
370.139435
371.407379
371.203552
370.582794
370.419495
369.973145
369.647217
369.278259
368.856628
368.556793
368.168579
368.008301
365.975494
367.311584
366.517426
366.367554
516.306335
589.485657
506.748535
502.119415
497.662720
493.314362
488.937653
484.755219
480.540253
476.298401
479.635803
468.710358
465.239594
461.979706
458.890961
459.450562
452.888031
450.128357
447.452423
444.891571
442.423340
440.028778
437.638153
435.510376
433.738953
431.029816
428.905151
427.005920
425.215393
424.914032
421.919983
420.421509
418.994232
417.114319
415.731018
414.398285
412.965881
411.580627
410.322357
408.779846
407.210968
405.967987
404.819763
404.640717
402.643372
401.682007
400.017578
399.546753
398.645233
396.829559
396.794922
395.959259
394.889038
394.223633
393.350128
392.425934
391.674469
390.820984
389.841095
388.979736
387.918427
387.555634
386.865021
386.355072
385.715271
385.070587
384.485016
383.838257
383.276489
382.732056
382.109436
381.620392
380.619751
380.567566
379.134583
379.464050
378.940552
378.306488
377.635315
376.951904
376.370789
375.965424
375.417542
375.029083
374.597961
374.065948
373.452789
373.194977
371.329254
372.230408
371.917145
371.408112
370.982819
370.487396
370.074921
369.793793
369.353943
367.329010
367.839905
367.308350
526.180176
513.218384
659.245667
504.113129
499.597717
500.764465
490.806580
486.607574
482.477997
478.471130
474.685883
475.831665
467.400543
463.953918
460.716614
457.651093
454.621185
451.785889
449.054932
448.946991
443.552063
441.132355
441.067078
436.732788
434.696381
433.810394
430.570984
428.623322
426.699371
424.971466
423.233582
421.720764
420.155701
419.305786
417.184570
415.813568
414.309753
412.956482
411.604584
410.177490
408.816284
407.525879
406.551453
405.455292
404.347260
403.408356
402.184875
400.750153
400.285614
399.361053
398.476990
397.597900
396.745789
395.938507
395.073364
394.335815
393.468292
392.675140
391.695099
390.287415
390.096863
388.196655
388.639130
388.008179
387.179962
386.536285
385.979614
385.350006
384.766052
384.170166
383.547882
382.865234
382.327179
381.439331
381.201385
380.662933
380.238129
379.649506
378.951172
378.896545
378.584167
378.237091
377.750885
377.454773
375.328674
376.694824
376.286682
375.664337
375.390076
375.013611
374.654175
374.225311
373.080597
373.295624
372.990326
369.947662
371.948914
371.577179
368.972626
370.434235
525.443542
528.948059
515.170715
510.190948
505.325256
500.461304
507.395416
491.390381
487.069855
500.456879
478.341766
474.078217
479.634308
466.492584
463.201599
461.290497
457.113617
454.218445
451.486145
448.786560
448.645996
443.820068
441.473206
441.041748
437.111023
435.115479
434.300842
431.207367
429.154663
427.279968
425.457550
424.021057
422.485748
421.025177
419.639404
418.433075
416.877777
415.770691
414.292755
413.181885
411.969879
410.830414
409.703125
408.598511
407.518799
406.541412
404.921326
404.167847
403.069794
402.133484
401.337616
400.290222
400.013123
399.523621
398.814850
398.050201
397.294037
396.555206
395.759125
394.869415
393.504883
393.164063
392.368011
391.589355
390.721802
388.801117
388.921783
388.018921
387.212433
386.510590
385.813416
385.088898
384.387299
383.670898
382.787109
382.481384
381.883392
381.371521
380.795807
380.312073
379.862946
379.448181
377.216675
378.494049
378.000244
375.104614
376.696503
376.299713
375.020416
375.493134
375.117157
374.695129
374.263794
373.726044
373.387939
373.082428
371.244690
372.239899
371.286926
368.295319
523.618286
518.571289
637.727783
509.052368
504.247406
501.188080
495.031799
490.799927
505.946777
482.724945
490.703827
475.533142
471.589355
468.534241
464.845032
461.798737
458.755432
455.905670
453.154175
450.465393
447.945557
445.551117
444.598572
440.554565
438.295502
436.212524
434.163605
432.564575
430.388062
428.532928
426.697723
425.119110
423.340393
421.714050
420.215179
418.754425
417.500275
415.937225
414.582397
413.335571
412.024689
410.898987
409.569183
408.273132
406.946014
405.930969
404.841827
403.275085
402.852783
401.871307
400.939056
399.977325
399.018646
398.260925
397.298889
396.464630
395.600769
394.856140
392.720673
393.276642
392.575287
390.694153
391.011169
390.122131
389.245453
388.560699
387.862732
387.235199
386.676941
386.238190
385.444153
384.808228
382.603973
383.576294
382.973999
380.631775
381.904510
381.355804
380.378265
380.267059
379.740234
379.261993
378.627197
378.035919
377.446594
376.880829
375.965912
376.031586
375.596649
375.200531
374.801636
374.363434
373.844604
373.459534
373.018188
372.804840
372.332916
371.994873
370.649994
370.709869
218.010712
517.762085
512.797058
508.548096
503.407104
498.911407
494.518738
490.271088
486.124512
497.517853
478.154114
474.407867
471.283844
467.423065
469.732300
460.974884
457.833618
455.152222
452.135315
449.285065
446.549408
443.911957
441.360382
440.501678
436.943665
434.780090
432.536621
430.467468
428.373535
426.358887
424.329437
422.899658
420.758942
418.812164
417.234344
415.334320
413.575195
411.967285
410.021301
408.423340
406.751007
405.317810
404.080475
402.920624
401.608368
400.320770
399.065491
397.728027
395.574005
395.180969
393.673248
391.737030
390.717377
389.774506
388.897949
388.322723
387.803955
387.388275
386.870758
386.159851
385.780273
385.348450
383.382782
384.049591
383.188995
381.317383
381.982269
381.214722
380.765350
380.242035
379.511597
377.577637
378.241608
376.232330
377.400482
376.869019
376.214874
375.799377
375.278290
374.723358
374.244446
373.772247
373.168732
372.816528
372.363586
370.965088
371.423981
370.992554
370.494629
369.977386
369.187500
369.193848
368.835938
368.427979
368.058228
367.695862
367.302948
366.915619
365.976013
365.182312
517.991333
512.910889
508.070770
503.511566
531.792053
494.352386
489.929199
485.696991
481.428284
477.229675
485.708740
469.177704
465.602905
462.719543
458.907257
455.874725
452.771606
449.901733
449.882233
444.473450
441.936554
441.958008
437.188293
434.964905
434.442444
430.805695
428.676086
427.145874
424.875336
423.041748
421.154205
419.388184
417.596863
415.978271
414.452209
413.274231
411.646210
410.232147
408.925476
407.654785
406.326965
405.052155
403.986206
402.810974
401.646271
400.635956
399.525787
398.380585
397.481720
396.315887
395.429291
394.373108
393.316711
392.438049
391.515137
390.616028
389.902466
389.052429
388.193420
387.412598
386.716370
385.878906
385.249023
383.644104
383.723633
382.970428
382.309265
381.558899
380.790771
380.207733
379.406250
378.658112
376.734833
377.289856
376.749512
376.232361
375.690094
373.626373
374.496552
373.851746
373.191895
373.015381
373.350281
373.819916
373.579193
373.114380
371.945862
372.649780
372.956818
373.192657
373.156250
372.919708
372.385071
371.729492
369.205383
370.376984
369.004181
365.092621
365.527374
363.832581
241.459595
505.153961
500.814178
496.984985
494.132050
492.074524
490.508209
488.679138
497.188660
483.431854
481.790619
491.036377
475.998901
474.255585
478.337280
470.287537
467.676086
465.501862
461.715057
457.437988
452.825195
448.850403
447.514069
442.682159
440.115570
439.570923
436.436493
434.945435
433.403046
432.561096
431.704681
430.896973
429.838501
428.622314
427.854126
426.304291
425.023254
423.751587
422.304016
421.111969
419.742065
418.456604
417.446167
416.206665
415.053192
413.865021
412.569427
411.440063
410.264404
409.320221
408.321594
407.531464
406.593567
405.570862
404.801880
404.059113
403.312775
402.747284
402.069824
401.413696
400.676361
399.929443
399.131256
398.833649
398.326782
397.817078
397.217743
395.709259
395.548096
395.202332
394.583252
394.288330
393.850677
391.829193
392.753571
392.201569
391.686981
391.197144
390.624664
390.063690
389.443024
388.885529
388.231781
387.817902
385.312256
386.945892
386.527130
384.011780
385.801758
385.249054
384.119293
383.893890
383.348572
382.867981
382.584320
382.382843
382.120422
381.901367
380.476501
380.833038
526.669128
521.421997
516.591187
512.063660
507.504669
502.985260
498.500061
494.046692
489.754272
485.716217
489.406769
478.506042
481.201752
471.778229
468.494293
465.492920
462.557739
459.843475
457.227417
454.567200
452.088043
449.581177
447.250641
445.073090
443.503265
441.078705
440.201050
437.171997
435.325439
433.654510
431.914154
430.543762
428.907532
427.363770
425.882904
424.473846
422.998199
421.629089
420.455933
419.331390
418.062469
416.723206
415.642181
414.676697
413.542419
412.555511
411.495941
410.545197
409.581970
408.348358
407.281891
406.257263
405.262421
404.596985
403.786285
403.055206
402.159943
400.471558
400.434296
399.624420
397.385956
398.044373
397.325745
395.891632
395.801819
395.021851
394.464691
393.745972
393.092102
392.492584
391.864014
390.600311
390.284149
389.684540
387.440826
388.843231
388.289581
386.112701
387.071777
386.511353
386.074554
386.075897
385.744720
385.512207
385.130707
382.675171
383.890045
383.801392
383.216125
383.238434
383.041107
382.705688
382.181152
381.587921
381.010956
380.743286
380.337189
378.285553
379.110565
378.724731
533.422852
518.285706
545.102234
508.840240
504.399017
500.150360
496.124603
492.254761
488.295837
484.588165
480.983398
482.754517
473.969910
470.722382
467.502869
464.211853
463.643005
457.979767
455.161072
452.515930
450.223724
447.752411
445.401367
443.462433
441.531921
440.017059
438.046478
436.533173
434.741302
433.191223
432.739624
430.202881
428.645233
427.266541
425.803772
424.523376
423.381653
422.144867
421.101776
420.051300
418.587402
417.376251
416.306824
415.088318
414.136108
413.364655
412.424133
410.865540
410.579437
409.687744
407.709778
407.639160
406.628601
405.571381
405.044769
404.276611
403.542572
402.683319
401.906342
401.128906
400.365997
399.193390
398.768890
397.964874
397.073517
396.221222
395.567902
394.823914
394.262299
393.828583
393.338898
392.778168
392.304230
391.236420
391.186401
389.490112
390.153625
389.646332
389.001404
388.550781
388.062103
387.627319
387.103119
386.717499
386.244812
385.622009
385.101685
384.544067
384.354309
382.259644
383.703705
383.328522
382.814636
382.535187
382.291779
382.042603
381.672119
381.461731
378.737335
380.276031
525.271118
523.206909
515.164429
510.400482
505.752319
501.221924
506.622101
492.231781
488.254669
503.010620
480.856476
477.376099
480.219635
470.734894
467.533997
464.674927
461.768829
459.078857
456.549072
453.922028
453.734558
449.184143
446.965393
446.725250
442.618286
440.453644
439.571930
436.569092
434.792389
433.248260
431.449524
429.862976
428.229980
426.738678
426.323578
424.017059
422.666229
421.128174
419.960266
418.669495
416.989868
416.129517
414.602600
413.501923
412.335144
411.489624
410.465363
409.534973
408.629333
407.729156
406.871155
405.978455
405.122284
404.376007
403.534180
402.688477
401.953583
401.118530
400.170471
399.334167
397.807770
397.929810
397.307281
396.635590
395.925598
394.946320
394.770081
394.146942
393.623383
393.095490
392.505829
391.950409
391.359253
390.617126
389.513885
389.525635
389.072144
388.616211
388.111145
386.530212
387.138733
386.761017
386.295807
385.957703
385.549164
385.105835
384.658081
384.200500
383.475128
383.264404
383.001099
382.692139
382.347443
381.926788
381.750549
381.524414
378.779724
380.999329
380.151123
377.323669
524.866272
519.477112
557.577271
510.017548
505.585968
501.193512
496.975739
492.794037
488.820984
484.946716
492.639008
477.783630
474.292725
479.569733
467.794708
464.624207
464.589233
458.785797
456.261932
453.664429
451.317810
448.913696
446.648987
444.546509
443.769745
440.603943
438.576965
436.702881
434.813263
433.137512
431.464661
429.948120
428.224182
426.704773
425.229553
423.647614
422.216400
420.508698
419.139679
418.024963
416.748352
415.731567
414.658081
413.507904
412.304688
411.401794
410.329895
409.394165
408.501831
407.551880
406.686737
405.837280
405.013733
404.271515
403.393982
402.606842
401.670898
400.721649
400.003418
399.339600
398.698120
397.276398
397.353210
396.721222
396.230927
395.722443
395.108795
394.521881
393.908966
392.244751
392.789185
392.223297
389.859161
391.179932
390.607025
389.047638
389.522491
388.853363
388.178558
387.629517
387.188293
386.894928
386.330994
385.276398
385.481140
385.054626
382.361145
384.243988
383.918610
381.587463
383.131805
382.720642
382.092163
381.818146
381.443542
381.103424
380.622620
380.014252
379.127167
378.816528
103.295700
518.801697
514.148621
509.432129
504.871155
500.407928
496.022247
491.912415
487.884979
483.972839
480.247559
476.692596
474.286285
469.937744
469.449341
463.401733
460.319641
457.566895
455.016479
452.539154
450.149139
447.930145
445.694153
445.191132
441.513031
439.585602
437.619720
435.848267
434.730896
432.394501
430.640228
428.957123
427.296051
425.683472
424.310974
422.982025
421.759033
420.624207
419.178833
418.038177
416.927063
415.618652
414.600433
413.567688
412.393250
411.330200
410.076019
409.083954
407.352234
407.152679
406.187073
405.312988
404.459015
403.699554
402.770966
401.985535
401.351135
400.765808
400.024902
398.139557
398.590088
397.915924
395.854492
396.905151
396.393402
395.478516
395.409943
394.915009
394.525848
394.012115
393.502594
393.005432
392.398621
390.402466
390.941132
390.415405
387.907654
389.383301
388.894714
387.286896
387.903107
387.489197
386.935760
386.524872
386.053436
384.581848
385.057129
383.289124
384.072418
383.573425
383.249084
382.820953
382.391937
381.980408
381.729462
381.464447
381.066254
380.760742
379.835602
379.093597
524.647583
763.125366
514.349426
509.562103
507.428528
500.139893
495.787689
491.706360
487.696808
483.798401
492.856201
476.503967
473.023346
470.170349
466.688385
463.766510
460.947144
458.239471
456.501648
453.090240
450.679871
448.400360
446.248016
444.120087
443.411469
440.007324
437.804199
435.899872
434.058777
432.426788
430.748352
429.231140
428.198059
426.085022
424.743683
423.365387
422.075958
420.801605
419.629547
418.445831
417.153900
416.096161
414.919830
413.866943
412.791992
411.883514
410.894409
409.442596
408.462494
406.669861
406.718597
405.841461
404.071655
404.188385
403.368500
402.559418
401.789673
401.076996
400.349091
399.572235
397.715607
398.151459
397.533539
396.849792
396.272064
395.554382
394.835541
394.031952
393.460999
392.917969
392.376831
391.780823
390.012238
390.716187
390.226257
389.661652
389.244629
388.360962
388.232971
387.779663
387.265564
386.867950
386.262573
385.797577
385.112274
384.535645
383.311462
383.847046
383.413208
382.974670
382.675964
381.286377
381.860718
381.445374
381.123535
380.908051
380.509796
380.258728
379.344330
379.011658
568.432129
518.375671
513.499756
508.902557
504.460968
512.896423
495.775787
491.717529
509.526123
483.870667
480.276398
488.390503
473.346283
470.142548
468.884460
464.007599
460.951538
458.115570
455.555481
453.044800
450.794159
448.557526
448.304749
444.259735
442.270874
441.768127
438.446320
436.670166
435.522766
433.149994
431.282806
429.672455
428.021454
426.509064
425.146362
423.804626
422.691772
421.045898
419.789398
418.636841
417.409973
416.356262
415.174255
413.948212
412.679352
411.529144
410.415253
409.488800
408.670197
407.872742
406.539032
406.072723
405.109558
404.377960
403.540863
402.743408
401.982666
401.147583
400.290588
399.430206
398.672516
397.975006
397.226410
396.721344
395.058472
395.434662
394.952850
394.346222
393.882050
393.379120
392.817810
392.301117
391.768951
390.091156
390.530090
389.961090
389.517151
389.074493
388.546082
388.106842
387.656342
386.993164
386.654846
386.235626
383.514069
385.216492
384.810455
383.607849
383.943390
383.325775
382.859650
382.434906
382.032715
381.542511
381.247650
379.582886
380.626373
380.273346
376.725433
379.085083
523.197937
747.820251
513.200928
508.534241
505.415833
498.961487
494.598541
490.381866
486.342346
489.895569
478.711823
475.103699
481.754059
468.520569
465.457001
468.084503
459.665771
457.104980
454.371826
451.656342
448.882324
448.597260
443.697357
443.384155
438.451172
435.147034
432.288452
429.206757
426.189514
424.082184
421.716339
419.879333
417.913788
415.948883
413.754639
411.413513
408.292542
406.031036
403.587646
401.374420
399.990967
399.134186
398.616180
397.490173
396.116730
394.805969
393.488800
392.159485
390.917236
389.739410
388.998596
388.604950
388.560059
388.695892
388.233856
387.958893
386.807251
384.828003
382.938751
381.143921
379.384338
377.805817
376.337036
375.291504
374.886932
375.239258
376.294189
377.614166
378.841370
379.964996
379.518158
376.712402
377.627808
377.299866
375.076141
375.493378
373.652313
372.026611
371.287506
370.544403
370.101837
369.763947
369.167664
368.510254
367.947815
367.068970
366.647583
366.273773
365.597351
365.037415
364.602051
364.237183
363.830231
363.391449
362.963074
362.741760
362.359100
360.776886
361.283295
360.436890
512.056152
505.078217
500.044830
495.318390
490.793396
486.395325
482.140991
477.959320
473.840546
469.835297
466.029755
466.663544
458.991333
461.472626
452.624542
449.695831
446.882965
444.000885
441.224670
438.419708
436.011444
433.737030
433.613678
429.380737
427.327667
425.680908
423.379639
422.598175
419.756317
418.090149
416.515656
414.833649
413.181152
411.779175
410.582489
409.524139
408.848022
407.455414
406.035889
404.844543
403.485168
402.245941
401.194794
400.034637
398.904480
397.892395
396.665131
394.840363
394.786499
393.958344
392.840607
392.143097
391.198853
390.415985
389.564697
388.608063
387.678040
386.792236
385.506287
385.413879
384.755493
382.625305
383.313171
382.653290
381.200958
381.386627
380.778900
380.223267
379.750916
379.233185
378.619873
377.992157
377.003662
376.499115
375.990540
373.639832
374.988190
374.388428
372.187225
373.331451
372.793030
372.346863
371.823975
371.354614
369.086334
370.409698
368.199860
369.476837
368.983459
368.266418
368.134399
367.772583
367.361420
367.090210
366.830109
366.528076
366.201263
365.910217
363.739227
364.774292
513.978394
509.016602
504.195404
517.060913
494.799744
490.254211
485.917603
481.737122
477.698883
473.822662
470.086365
466.381592
466.229767
459.601715
456.439209
453.433136
450.506866
449.719116
445.063354
442.407043
439.811584
437.280060
434.899872
434.588135
430.675659
428.782257
426.961609
425.005859
423.155731
421.454315
419.756378
419.299713
416.638397
415.127136
413.883179
412.342377
411.005859
409.631042
408.302002
406.917725
405.620911
404.361450
403.272888
402.220795
401.077759
400.808258
398.943848
397.934662
396.187775
395.942780
394.997375
393.187714
393.205292
392.412628
391.421997
390.563660
389.748749
388.811768
387.887329
387.129028
386.436615
385.774170
384.940643
384.498871
383.843109
383.206787
382.618408
381.875488
381.244476
380.718536
380.120300
379.467255
378.842804
378.230804
377.595123
377.155762
375.999634
375.825134
375.210236
374.617249
374.249390
373.826569
373.253143
372.802094
372.320282
370.303925
371.382446
371.060059
370.483093
370.064453
368.678375
369.305939
368.826660
368.410706
368.039093
367.747864
367.168915
366.847229
365.800659
364.469482
514.265869
509.333466
504.722992
499.999481
549.264343
490.925903
486.600342
483.573822
478.322601
474.365601
470.574066
466.929138
463.479309
462.548340
456.876923
453.842285
450.742035
447.882141
445.286591
442.720001
440.338806
440.282562
435.771301
433.640381
433.184296
429.609711
427.647614
426.572205
423.948334
422.311371
420.571533
418.990448
417.284149
415.737091
414.143036
412.946625
411.206390
409.833344
408.261292
407.312286
406.053986
404.700043
403.605927
402.456451
401.329132
400.215454
399.060059
397.644897
396.963226
395.478699
394.911652
394.089874
393.206299
392.263763
391.258362
390.334412
389.610870
388.848938
388.109558
387.316711
386.605255
385.510803
385.106659
383.462646
383.758118
383.013977
382.288025
381.575317
380.878967
380.274933
379.586700
378.914368
378.236084
377.419220
376.862000
376.195648
375.842194
375.355011
374.826660
374.366425
373.823029
373.590851
373.121674
372.750244
372.302979
371.893707
370.053436
371.069885
370.670746
370.058777
369.422729
368.712585
368.182190
367.721619
365.769531
366.720581
366.219238
363.196686
364.605408
364.064728
189.707169
506.762787
501.997559
498.772491
492.967102
488.459412
484.082855
479.726837
485.585785
471.763184
468.066223
476.516144
461.178894
457.951508
461.094574
451.877258
448.977325
446.806824
443.674591
441.132263
438.733582
436.416992
436.228149
431.957916
429.775208
428.981781
425.540802
423.694000
421.814362
420.191223
418.467499
416.988739
415.261810
413.748779
412.504486
410.944061
409.585388
408.251526
406.914673
405.847412
404.437744
403.249390
402.144440
401.083221
399.977570
398.839447
397.647400
396.591553
395.399017
394.739868
393.958771
393.182922
392.326385
391.401184
390.799164
390.013245
389.336578
388.620422
387.937653
387.286469
386.664246
386.076843
385.103271
384.814545
384.266632
383.471191
382.743103
381.306946
381.298035
380.804749
380.175812
379.593140
379.005249
378.363129
377.771484
377.267395
376.603363
376.148315
375.562775
375.016296
374.616486
374.231506
373.535461
373.112305
370.686859
371.998505
371.442017
368.894470
370.544159
370.080261
369.229248
369.390381
368.936920
368.402527
368.087463
367.840576
367.376038
367.041748
364.341034
365.798981
514.594910
884.611633
504.873260
500.367615
533.165955
491.229248
486.619354
482.475037
478.282135
474.441528
481.313995
467.146423
469.508667
460.461578
457.163666
454.225708
451.297119
448.524323
445.914001
443.280640
440.815674
438.499878
436.180389
433.995758
432.754181
429.675446
428.671844
425.635529
423.779236
422.159241
420.410645
418.874969
417.225128
415.715912
414.342621
412.945526
411.629272
410.289124
409.036346
407.779724
406.310577
405.288116
404.169006
403.037628
401.757355
400.648621
399.425446
398.383942
397.430298
396.034454
395.532471
394.610596
393.654816
392.897614
391.959534
391.103546
390.325897
389.423828
388.784912
388.015015
385.939056
386.578613
385.793823
384.430939
384.267822
383.607666
382.988159
382.201813
381.589661
381.162415
380.614807
379.457825
379.379242
378.715393
376.332855
377.672821
377.071472
375.021820
375.881287
375.295410
374.737915
374.391602
373.803772
373.255920
372.832092
372.441742
372.097137
371.737427
369.131561
370.734650
370.371674
369.890594
369.321381
368.825867
368.444275
368.132324
367.703918
367.304932
366.359619
365.943756
572.327271
510.178925
541.465942
500.141541
495.393829
490.819824
486.484589
482.167847
477.919281
473.835022
469.976929
475.119568
462.302429
458.916168
455.625885
452.374878
451.531738
446.364471
443.592346
440.870575
438.141968
435.538361
433.050598
430.864532
428.631165
427.376617
424.317871
422.117157
419.974121
418.135620
416.936066
414.652924
412.952332
411.308105
409.829132
408.315735
406.819244
405.305328
403.870636
402.446289
400.909088
399.529205
398.297119
397.001312
396.424866
394.634857
393.428284
391.485931
391.158569
390.068848
388.280823
388.153687
387.176331
386.273865
385.483856
384.668640
383.843109
383.028198
382.054840
381.208832
380.443634
378.695282
378.860291
378.099213
375.953644
376.731110
376.136230
374.971283
374.844055
374.272583
373.609222
372.970978
372.470093
371.839600
371.333405
370.236450
370.201080
369.529358
368.994263
368.581482
368.260834
367.939850
367.431335
367.044342
366.642639
366.182251
365.768860
365.009491
365.039703
363.272247
364.243011
363.796722
363.421143
362.992523
362.582367
362.208130
361.593872
361.210205
358.173615
359.889496
507.818787
514.099426
498.650818
569.820862
490.026917
485.573914
482.762695
477.427307
473.401001
469.599670
465.991638
462.498962
465.140808
455.722687
452.516266
449.498230
446.327881
443.533203
440.963318
438.357574
436.483063
433.569183
431.402069
429.355255
427.313965
425.307556
423.848236
421.172516
419.191895
417.434601
415.683044
413.937408
412.068817
410.448242
409.161224
407.162323
405.371582
403.594757
402.286835
401.021027
399.725037
398.623505
397.510986
396.396606
395.341858
394.399841
393.312683
392.341339
391.362854
390.333923
389.373108
387.477997
387.493225
386.618011
384.895142
384.488678
383.500427
382.703247
381.938873
381.237823
379.678101
379.927307
378.148041
378.533264
377.782166
377.091827
376.439301
375.747101
375.164093
374.582703
373.979797
373.455383
372.870361
372.130859
370.840118
371.367493
371.036591
370.604004
370.264435
369.557678
369.513062
369.154816
368.693420
368.314209
367.873535
367.437836
366.966400
366.563202
365.776733
365.604553
365.128082
364.440704
363.932251
362.820282
362.952911
362.482361
362.024597
361.646088
360.590668
358.322296
508.868805
504.014252
505.339874
494.834503
490.326935
485.810089
481.357056
488.355469
473.010590
469.094299
479.892822
461.972412
458.593781
462.766510
452.280884
449.400757
447.240356
443.994232
441.422424
438.950745
436.660797
436.704315
432.167542
430.044250
429.684845
426.739594
425.566833
425.554230
423.542603
422.351532
421.368561
419.687775
417.856232
416.212280
414.378082
412.632233
410.952393
409.491455
408.367188
407.221710
406.275360
405.356384
404.460114
403.475647
402.552734
401.890961
401.243958
400.546021
399.862091
399.117584
398.409882
397.896393
397.386475
397.563446
397.655853
397.660126
396.828979
