0.000000
248.000000
248.000000
252.000000
256.000000
254.000000
242.000000
244.000000
234.000000
242.000000
234.000000
246.000000
248.000000
258.000000
246.000000
240.000000
232.000000
226.000000
222.000000
316.000000
230.000000
240.000000
238.000000
246.000000
234.000000
232.000000
244.000000
240.000000
224.000000
242.000000
242.000000
234.000000
228.000000
244.000000
264.000000
226.000000
240.000000
240.000000
240.000000
238.000000
238.000000
258.000000
246.000000
250.000000
248.000000
312.000000
254.000000
246.000000
234.000000
250.000000
298.000000
248.000000
228.000000
216.000000
240.000000
244.000000
252.000000
302.000000
240.000000
232.000000
242.000000
242.000000
234.000000
232.000000
254.000000
240.000000
250.000000
242.000000
240.000000
248.000000
228.000000
240.000000
258.000000
246.000000
230.000000
248.000000
246.000000
238.000000
228.000000
252.000000
192.000000
304.000000
244.000000
248.000000
238.000000
228.000000
248.000000
192.000000
246.000000
236.000000
238.000000
252.000000
238.000000
250.000000
230.000000
272.000000
232.000000
252.000000
234.000000
224.000000
226.000000
240.000000
254.000000
246.000000
232.000000
252.000000
234.000000
232.000000
258.000000
240.000000
224.000000
228.000000
194.000000
250.000000
240.000000
248.000000
234.000000
236.000000
258.000000
232.000000
242.000000
240.000000
248.000000
232.000000
242.000000
238.000000
250.000000
242.000000
242.000000
228.000000
248.000000
246.000000
212.000000
242.000000
236.000000
242.000000
242.000000
236.000000
244.000000
258.000000
226.000000
230.000000
234.000000
216.000000
248.000000
244.000000
230.000000
238.000000
234.000000
224.000000
230.000000
228.000000
236.000000
246.000000
248.000000
246.000000
222.000000
256.000000
250.000000
192.000000
244.000000
248.000000
248.000000
244.000000
236.000000
246.000000
246.000000
196.000000
232.000000
234.000000
234.000000
234.000000
232.000000
248.000000
228.000000
240.000000
258.000000
234.000000
236.000000
242.000000
244.000000
232.000000
252.000000
242.000000
244.000000
244.000000
250.000000
246.000000
232.000000
232.000000
246.000000
248.000000
250.000000
242.000000
244.000000
248.000000
232.000000
226.000000
234.000000
250.000000
234.000000
240.000000
232.000000
234.000000
244.000000
244.000000
244.000000
248.000000
248.000000
240.000000
242.000000
222.000000
246.000000
256.000000
266.000000
234.000000
242.000000
246.000000
288.000000
238.000000
242.000000
262.000000
252.000000
192.000000
238.000000
250.000000
234.000000
218.000000
238.000000
244.000000
242.000000
240.000000
250.000000
234.000000
250.000000
244.000000
230.000000
234.000000
232.000000
248.000000
234.000000
228.000000
242.000000
250.000000
216.000000
248.000000
246.000000
218.000000
232.000000
248.000000
240.000000
228.000000
240.000000
234.000000
232.000000
238.000000
250.000000
248.000000
248.000000
248.000000
238.000000
238.000000
244.000000
246.000000
230.000000
242.000000
232.000000
248.000000
224.000000
238.000000
252.000000
236.000000
250.000000
220.000000
210.000000
240.000000
238.000000
256.000000
244.000000
234.000000
248.000000
238.000000
240.000000
250.000000
240.000000
244.000000
246.000000
234.000000
236.000000
240.000000
240.000000
258.000000
244.000000
242.000000
234.000000
248.000000
222.000000
252.000000
226.000000
240.000000
250.000000
200.000000
260.000000
230.000000
234.000000
242.000000
254.000000
246.000000
258.000000
254.000000
240.000000
232.000000
240.000000
252.000000
232.000000
232.000000
222.000000
232.000000
234.000000
240.000000
234.000000
230.000000
246.000000
238.000000
242.000000
246.000000
228.000000
258.000000
252.000000
220.000000
232.000000
238.000000
236.000000
240.000000
244.000000
238.000000
240.000000
242.000000
246.000000
234.000000
234.000000
264.000000
240.000000
252.000000
240.000000
252.000000
246.000000
232.000000
252.000000
248.000000
264.000000
228.000000
226.000000
238.000000
234.000000
234.000000
256.000000
256.000000
248.000000
196.000000
238.000000
216.000000
226.000000
238.000000
252.000000
244.000000
244.000000
242.000000
240.000000
194.000000
222.000000
240.000000
246.000000
258.000000
250.000000
248.000000
244.000000
242.000000
266.000000
304.000000
224.000000
228.000000
232.000000
252.000000
270.000000
266.000000
244.000000
250.000000
236.000000
226.000000
252.000000
240.000000
226.000000
246.000000
238.000000
246.000000
314.000000
234.000000
222.000000
254.000000
226.000000
240.000000
268.000000
246.000000
250.000000
224.000000
258.000000
314.000000
222.000000
232.000000
234.000000
228.000000
236.000000
222.000000
240.000000
240.000000
196.000000
262.000000
244.000000
226.000000
248.000000
226.000000
242.000000
242.000000
238.000000
246.000000
310.000000
266.000000
240.000000
244.000000
224.000000
242.000000
238.000000
268.000000
248.000000
194.000000
232.000000
250.000000
262.000000
236.000000
258.000000
234.000000
236.000000
238.000000
194.000000
244.000000
250.000000
248.000000
238.000000
256.000000
268.000000
224.000000
234.000000
244.000000
226.000000
222.000000
236.000000
270.000000
252.000000
242.000000
232.000000
238.000000
234.000000
220.000000
228.000000
258.000000
238.000000
250.000000
244.000000
218.000000
252.000000
232.000000
248.000000
220.000000
252.000000
240.000000
222.000000
238.000000
258.000000
260.000000
296.000000
252.000000
244.000000
248.000000
264.000000
266.000000
250.000000
212.000000
250.000000
246.000000
266.000000
246.000000
236.000000
230.000000
254.000000
254.000000
232.000000
246.000000
254.000000
242.000000
250.000000
238.000000
196.000000
252.000000
250.000000
240.000000
244.000000
236.000000
238.000000
238.000000
244.000000
248.000000
254.000000
238.000000
244.000000
248.000000
238.000000
240.000000
242.000000
192.000000
274.000000
348.000000
234.000000
132.000000
210.000000
310.000000
366.000000
334.000000
232.000000
266.000000
304.000000
162.000000
222.000000
210.000000
312.000000
262.000000
278.000000
256.000000
70.000000
248.000000
316.000000
192.000000
264.000000
232.000000
254.000000
238.000000
218.000000
218.000000
246.000000
268.000000
264.000000
216.000000
284.000000
256.000000
276.000000
244.000000
194.000000
254.000000
246.000000
238.000000
238.000000
256.000000
242.000000
222.000000
218.000000
230.000000
246.000000
276.000000
270.000000
234.000000
182.000000
230.000000
264.000000
236.000000
216.000000
214.000000
258.000000
232.000000
236.000000
228.000000
238.000000
252.000000
254.000000
238.000000
230.000000
256.000000
234.000000
238.000000
228.000000
230.000000
244.000000
238.000000
252.000000
198.000000
258.000000
258.000000
248.000000
182.000000
250.000000
262.000000
236.000000
220.000000
216.000000
220.000000
246.000000
244.000000
246.000000
238.000000
206.000000
232.000000
214.000000
206.000000
226.000000
236.000000
260.000000
250.000000
234.000000
228.000000
218.000000
212.000000
224.000000
248.000000
232.000000
234.000000
244.000000
236.000000
228.000000
236.000000
224.000000
250.000000
258.000000
260.000000
228.000000
238.000000
234.000000
222.000000
222.000000
228.000000
230.000000
250.000000
246.000000
252.000000
226.000000
232.000000
240.000000
254.000000
236.000000
260.000000
250.000000
236.000000
250.000000
226.000000
232.000000
238.000000
222.000000
236.000000
224.000000
216.000000
232.000000
228.000000
228.000000
258.000000
232.000000
236.000000
226.000000
222.000000
240.000000
226.000000
248.000000
228.000000
240.000000
246.000000
220.000000
232.000000
230.000000
224.000000
224.000000
246.000000
238.000000
228.000000
220.000000
250.000000
238.000000
242.000000
230.000000
254.000000
242.000000
234.000000
236.000000
212.000000
216.000000
240.000000
240.000000
232.000000
250.000000
246.000000
216.000000
224.000000
244.000000
236.000000
216.000000
242.000000
252.000000
232.000000
244.000000
234.000000
248.000000
244.000000
250.000000
226.000000
228.000000
222.000000
240.000000
238.000000
238.000000
248.000000
232.000000
228.000000
230.000000
228.000000
250.000000
232.000000
236.000000
240.000000
218.000000
248.000000
240.000000
232.000000
240.000000
228.000000
238.000000
230.000000
246.000000
236.000000
244.000000
240.000000
224.000000
218.000000
228.000000
256.000000
202.000000
248.000000
222.000000
236.000000
216.000000
238.000000
236.000000
236.000000
234.000000
238.000000
238.000000
224.000000
232.000000
228.000000
220.000000
230.000000
220.000000
242.000000
244.000000
258.000000
238.000000
242.000000
224.000000
222.000000
224.000000
244.000000
220.000000
228.000000
256.000000
242.000000
232.000000
248.000000
238.000000
260.000000
246.000000
248.000000
234.000000
246.000000
232.000000
230.000000
234.000000
238.000000
238.000000
248.000000
232.000000
252.000000
236.000000
244.000000
238.000000
236.000000
232.000000
234.000000
220.000000
208.000000
248.000000
212.000000
244.000000
236.000000
224.000000
234.000000
228.000000
240.000000
232.000000
246.000000
226.000000
196.000000
224.000000
236.000000
228.000000
228.000000
232.000000
232.000000
200.000000
242.000000
230.000000
232.000000
236.000000
234.000000
244.000000
230.000000
246.000000
236.000000
254.000000
232.000000
230.000000
242.000000
230.000000
242.000000
234.000000
252.000000
232.000000
212.000000
232.000000
250.000000
230.000000
246.000000
242.000000
246.000000
246.000000
228.000000
228.000000
234.000000
234.000000
232.000000
232.000000
222.000000
220.000000
234.000000
236.000000
232.000000
238.000000
236.000000
232.000000
240.000000
240.000000
242.000000
234.000000
240.000000
224.000000
236.000000
234.000000
234.000000
242.000000
240.000000
234.000000
240.000000
242.000000
226.000000
230.000000
230.000000
240.000000
232.000000
238.000000
238.000000
244.000000
236.000000
238.000000
260.000000
244.000000
222.000000
234.000000
234.000000
234.000000
238.000000
246.000000
232.000000
238.000000
228.000000
232.000000
236.000000
242.000000
238.000000
232.000000
238.000000
240.000000
242.000000
232.000000
240.000000
240.000000
248.000000
234.000000
236.000000
228.000000
232.000000
220.000000
242.000000
230.000000
226.000000
218.000000
234.000000
236.000000
230.000000
212.000000
222.000000
254.000000
234.000000
254.000000
224.000000
230.000000
236.000000
232.000000
252.000000
234.000000
212.000000
226.000000
228.000000
228.000000
228.000000
240.000000
220.000000
252.000000
232.000000
248.000000
242.000000
240.000000
230.000000
222.000000
242.000000
238.000000
234.000000
262.000000
240.000000
224.000000
238.000000
250.000000
240.000000
232.000000
234.000000
194.000000
232.000000
232.000000
252.000000
240.000000
218.000000
234.000000
234.000000
234.000000
240.000000
242.000000
192.000000
236.000000
240.000000
234.000000
244.000000
234.000000
246.000000
250.000000
232.000000
234.000000
242.000000
232.000000
248.000000
228.000000
218.000000
254.000000
238.000000
228.000000
234.000000
240.000000
254.000000
238.000000
244.000000
270.000000
236.000000
224.000000
240.000000
242.000000
234.000000
230.000000
222.000000
234.000000
240.000000
224.000000
232.000000
240.000000
250.000000
236.000000
228.000000
232.000000
236.000000
236.000000
224.000000
252.000000
230.000000
246.000000
236.000000
230.000000
230.000000
230.000000
242.000000
264.000000
266.000000
224.000000
226.000000
252.000000
246.000000
228.000000
252.000000
232.000000
244.000000
240.000000
244.000000
236.000000
228.000000
232.000000
242.000000
240.000000
246.000000
246.000000
250.000000
256.000000
230.000000
238.000000
242.000000
214.000000
226.000000
240.000000
240.000000
242.000000
224.000000
242.000000
246.000000
250.000000
238.000000
244.000000
228.000000
236.000000
238.000000
214.000000
242.000000
244.000000
236.000000
252.000000
238.000000
242.000000
238.000000
232.000000
242.000000
234.000000
240.000000
252.000000
232.000000
236.000000
240.000000
234.000000
238.000000
244.000000
232.000000
248.000000
234.000000
246.000000
238.000000
236.000000
228.000000
194.000000
234.000000
246.000000
244.000000
236.000000
242.000000
234.000000
234.000000
240.000000
230.000000
230.000000
238.000000
220.000000
240.000000
226.000000
236.000000
238.000000
242.000000
248.000000
240.000000
238.000000
228.000000
222.000000
230.000000
246.000000
236.000000
252.000000
232.000000
238.000000
220.000000
236.000000
222.000000
242.000000
240.000000
250.000000
222.000000
230.000000
290.000000
222.000000
232.000000
310.000000
236.000000
236.000000
244.000000
244.000000
238.000000
234.000000
234.000000
248.000000
214.000000
224.000000
238.000000
238.000000
238.000000
256.000000
248.000000
228.000000
242.000000
238.000000
238.000000
214.000000
232.000000
246.000000
246.000000
222.000000
228.000000
236.000000
216.000000
236.000000
230.000000
244.000000
252.000000
244.000000
246.000000
232.000000
224.000000
200.000000
226.000000
236.000000
248.000000
222.000000
242.000000
246.000000
230.000000
244.000000
254.000000
258.000000
246.000000
232.000000
242.000000
242.000000
250.000000
244.000000
238.000000
240.000000
248.000000
196.000000
248.000000
244.000000
240.000000
236.000000
248.000000
232.000000
258.000000
240.000000
250.000000
246.000000
238.000000
232.000000
256.000000
244.000000
254.000000
248.000000
214.000000
228.000000
232.000000
230.000000
220.000000
308.000000
298.000000
244.000000
204.000000
278.000000
272.000000
230.000000
194.000000
304.000000
294.000000
184.000000
242.000000
158.000000
192.000000
340.000000
186.000000
338.000000
356.000000
122.000000
374.000000
174.000000
104.000000
338.000000
208.000000
248.000000
272.000000
244.000000
72.000000
-94.000000
-72.000000
-96.000000
-144.000000
-314.000000
-374.000000
-450.000000
-446.000000
-372.000000
-460.000000
-508.000000
-450.000000
-492.000000
-664.000000
-650.000000
-634.000000
-394.000000
-258.000000
-112.000000
-330.000000
-112.000000
-224.000000
-396.000000
120.000000
150.000000
388.000000
428.000000
724.000000
774.000000
872.000000
694.000000
824.000000
790.000000
666.000000
808.000000
1286.000000
1012.000000
1416.000000
1488.000000
1432.000000
1524.000000
1656.000000
1848.000000
1754.000000
1768.000000
1512.000000
1556.000000
1784.000000
2022.000000
1954.000000
2182.000000
2252.000000
2344.000000
2426.000000
2428.000000
2536.000000
2698.000000
2578.000000
2746.000000
2972.000000
2704.000000
2424.000000
2476.000000
2614.000000
2134.000000
1974.000000
1874.000000
1780.000000
1644.000000
1166.000000
1056.000000
938.000000
658.000000
710.000000
1170.000000
1302.000000
1712.000000
1834.000000
2102.000000
1956.000000
1904.000000
1886.000000
1832.000000
1728.000000
1848.000000
1712.000000
1622.000000
1470.000000
1360.000000
1380.000000
1460.000000
1466.000000
1560.000000
1580.000000
1626.000000
1540.000000
1574.000000
1606.000000
1528.000000
1436.000000
1510.000000
1546.000000
1716.000000
1704.000000
1710.000000
1740.000000
1850.000000
1898.000000
1856.000000
1892.000000
1870.000000
1890.000000
1846.000000
1804.000000
1874.000000
1806.000000
1756.000000
1758.000000
1758.000000
1686.000000
1802.000000
1864.000000
1814.000000
1836.000000
1798.000000
1668.000000
1792.000000
1736.000000
1634.000000
1726.000000
1690.000000
1594.000000
1748.000000
1780.000000
1824.000000
1782.000000
1704.000000
1630.000000
1544.000000
1502.000000
1632.000000
1680.000000
1792.000000
1804.000000
1712.000000
1640.000000
1660.000000
1700.000000
1728.000000
1850.000000
1866.000000
1914.000000
1788.000000
1708.000000
1684.000000
1622.000000
1766.000000
1794.000000
1858.000000
1948.000000
1840.000000
1736.000000
1714.000000
1688.000000
1746.000000
1800.000000
1860.000000
1944.000000
1902.000000
1826.000000
1756.000000
1716.000000
1800.000000
1812.000000
1848.000000
1890.000000
1932.000000
1852.000000
1814.000000
1748.000000
1750.000000
1794.000000
1848.000000
1906.000000
1898.000000
1894.000000
1828.000000
1772.000000
1788.000000
1788.000000
1844.000000
1866.000000
1904.000000
1930.000000
1904.000000
1856.000000
1804.000000
1808.000000
1784.000000
1762.000000
1804.000000
1818.000000
1896.000000
1900.000000
1860.000000
1842.000000
1778.000000
1850.000000
1828.000000
1818.000000
1792.000000
1790.000000
1862.000000
1902.000000
1876.000000
1906.000000
1872.000000
1852.000000
1762.000000
1742.000000
1782.000000
1814.000000
1840.000000
1914.000000
1840.000000
1850.000000
1798.000000
1814.000000
1778.000000
1750.000000
1786.000000
1834.000000
1860.000000
1872.000000
1884.000000
1824.000000
1804.000000
1812.000000
1798.000000
1774.000000
1812.000000
1824.000000
1842.000000
1910.000000
1832.000000
1776.000000
1784.000000
1730.000000
1852.000000
1786.000000
1820.000000
1868.000000
1888.000000
1874.000000
1860.000000
1812.000000
1810.000000
1858.000000
1808.000000
1818.000000
1814.000000
1800.000000
1804.000000
1784.000000
1830.000000
1880.000000
1902.000000
1880.000000
1810.000000
1882.000000
1836.000000
1690.000000
1830.000000
1904.000000
1890.000000
1776.000000
1784.000000
1790.000000
1850.000000
1802.000000
1744.000000
1768.000000
1782.000000
1766.000000
1802.000000
1796.000000
1752.000000
1784.000000
1718.000000
1718.000000
2028.000000
1828.000000
1884.000000
1748.000000
1832.000000
1846.000000
1724.000000
1810.000000
1442.000000
1896.000000
1868.000000
1854.000000
1788.000000
2118.000000
1964.000000
1938.000000
1890.000000
1878.000000
1808.000000
1996.000000
2004.000000
1988.000000
1914.000000
1836.000000
1854.000000
1896.000000
1910.000000
1918.000000
1872.000000
1934.000000
1930.000000
1898.000000
1932.000000
1928.000000
1942.000000
1916.000000
1900.000000
1918.000000
1914.000000
1922.000000
1926.000000
1922.000000
1934.000000
1906.000000
1910.000000
1904.000000
1952.000000
1988.000000
1940.000000
1928.000000
1866.000000
1866.000000
1888.000000
1914.000000
1868.000000
1878.000000
1920.000000
1922.000000
1886.000000
1910.000000
1906.000000
1928.000000
1868.000000
1870.000000
1864.000000
1874.000000
1868.000000
1866.000000
1912.000000
1894.000000
1922.000000
1868.000000
1856.000000
1870.000000
1910.000000
1904.000000
1894.000000
1880.000000
1896.000000
1908.000000
1916.000000
1876.000000
1906.000000
1900.000000
1910.000000
1906.000000
1892.000000
1894.000000
1914.000000
1914.000000
1898.000000
1892.000000
1926.000000
1900.000000
1878.000000
1900.000000
1908.000000
1900.000000
1878.000000
1896.000000
1872.000000
1886.000000
1922.000000
1900.000000
1882.000000
1906.000000
1882.000000
1912.000000
1918.000000
1898.000000
1878.000000
1904.000000
1904.000000
1934.000000
1880.000000
1888.000000
1900.000000
1908.000000
1920.000000
1924.000000
1908.000000
1904.000000
1894.000000
1882.000000
1894.000000
1912.000000
1886.000000
1894.000000
1884.000000
1910.000000
1906.000000
1886.000000
1888.000000
1892.000000
1898.000000
1898.000000
1904.000000
1902.000000
1912.000000
1906.000000
1912.000000
1900.000000
1896.000000
1916.000000
1860.000000
1916.000000
1920.000000
1916.000000
1902.000000
1890.000000
1872.000000
1886.000000
1904.000000
1894.000000
1912.000000
1922.000000
1924.000000
1916.000000
1914.000000
1910.000000
1978.000000
1908.000000
1908.000000
1910.000000
1896.000000
1888.000000
1926.000000
1920.000000
1978.000000
1974.000000
1906.000000
1914.000000
1906.000000
1902.000000
1932.000000
1940.000000
1898.000000
1888.000000
1980.000000
1902.000000
1888.000000
1900.000000
1908.000000
1910.000000
1902.000000
1904.000000
1908.000000
1912.000000
1894.000000
1896.000000
1942.000000
1898.000000
1906.000000
1894.000000
1926.000000
1904.000000
1906.000000
1910.000000
1896.000000
1892.000000
1908.000000
1892.000000
1902.000000
1980.000000
1930.000000
1902.000000
1924.000000
1914.000000
1918.000000
1888.000000
1900.000000
1904.000000
1916.000000
1914.000000
1894.000000
1916.000000
1924.000000
1902.000000
1880.000000
1904.000000
1912.000000
1952.000000
1910.000000
1892.000000
1904.000000
1882.000000
1914.000000
1916.000000
1938.000000
1944.000000
1904.000000
1876.000000
1894.000000
1908.000000
1916.000000
1908.000000
1912.000000
1924.000000
1910.000000
1908.000000
1894.000000
1894.000000
1936.000000
1938.000000
1922.000000
1920.000000
1954.000000
1944.000000
1938.000000
1958.000000
1950.000000
1942.000000
1930.000000
1940.000000
1930.000000
1948.000000
1962.000000
1948.000000
1946.000000
1942.000000
1958.000000
1954.000000
1946.000000
1942.000000
1954.000000
1940.000000
1956.000000
1946.000000
1938.000000
1952.000000
1952.000000
1948.000000
1954.000000
1950.000000
1950.000000
1962.000000
1934.000000
1924.000000
1958.000000
1968.000000
1948.000000
1942.000000
1940.000000
1938.000000
1948.000000
1944.000000
1944.000000
1954.000000
1966.000000
1936.000000
1982.000000
1938.000000
1932.000000
1956.000000
1952.000000
1980.000000
1936.000000
1936.000000
1956.000000
1932.000000
1958.000000
1926.000000
1890.000000
1982.000000
1972.000000
1950.000000
1938.000000
1934.000000
1940.000000
1980.000000
1918.000000
1912.000000
1914.000000
1916.000000
1928.000000
1864.000000
1902.000000
1904.000000
1890.000000
1896.000000
1890.000000
1894.000000
1882.000000
1878.000000
1864.000000
1870.000000
1878.000000
1874.000000
1892.000000
1892.000000
1908.000000
1866.000000
1874.000000
1868.000000
1898.000000
1866.000000
1872.000000
1878.000000
1864.000000
1892.000000
1886.000000
1910.000000
1868.000000
1868.000000
1862.000000
1848.000000
1818.000000
1848.000000
1870.000000
1882.000000
1874.000000
1910.000000
1920.000000
1902.000000
1930.000000
1974.000000
1908.000000
1898.000000
1932.000000
1906.000000
1916.000000
1904.000000
1862.000000
1926.000000
1932.000000
1932.000000
1910.000000
1928.000000
1936.000000
1928.000000
1896.000000
1906.000000
1862.000000
1928.000000
1928.000000
1910.000000
1892.000000
1904.000000
1922.000000
1930.000000
1926.000000
1926.000000
1874.000000
1898.000000
1888.000000
1892.000000
1940.000000
1946.000000
1932.000000
1926.000000
1914.000000
1938.000000
1930.000000
1892.000000
1896.000000
1912.000000
1898.000000
1906.000000
1880.000000
1898.000000
1920.000000
1876.000000
1870.000000
1880.000000
1902.000000
1914.000000
1900.000000
1898.000000
1926.000000
1906.000000
1858.000000
1918.000000
1840.000000
1682.000000
1914.000000
1924.000000
1902.000000
1864.000000
1896.000000
1862.000000
1886.000000
1908.000000
1886.000000
1856.000000
1850.000000
1856.000000
1854.000000
1904.000000
1892.000000
1912.000000
1866.000000
1876.000000
1864.000000
1876.000000
1894.000000
1874.000000
1888.000000
1924.000000
1876.000000
1898.000000
1880.000000
1864.000000
1894.000000
1922.000000
1924.000000
1910.000000
1896.000000
1866.000000
1896.000000
1912.000000
1940.000000
1944.000000
1956.000000
1908.000000
1900.000000
1910.000000
1904.000000
1922.000000
1940.000000
1910.000000
1890.000000
1888.000000
1908.000000
1900.000000
1920.000000
1904.000000
1908.000000
1912.000000
1924.000000
1920.000000
1910.000000
1910.000000
1916.000000
1916.000000
1900.000000
1906.000000
1892.000000
1906.000000
1924.000000
1920.000000
1910.000000
1910.000000
1930.000000
1910.000000
1982.000000
1932.000000
1882.000000
1908.000000
1882.000000
1894.000000
1892.000000
1930.000000
1924.000000
1922.000000
1900.000000
1896.000000
1896.000000
1898.000000
1916.000000
1908.000000
1890.000000
1906.000000
1914.000000
1918.000000
1900.000000
1912.000000
1908.000000
1916.000000
1886.000000
1892.000000
1910.000000
1920.000000
1920.000000
1914.000000
1904.000000
1898.000000
1932.000000
1902.000000
1916.000000
1918.000000
1916.000000
1898.000000
1908.000000
1904.000000
1912.000000
1972.000000
1906.000000
1908.000000
1906.000000
1904.000000
1908.000000
1980.000000
1898.000000
1896.000000
1900.000000
1906.000000
1974.000000
1900.000000
1896.000000
1896.000000
1920.000000
1884.000000
1908.000000
1920.000000
1926.000000
1908.000000
1904.000000
1914.000000
1896.000000
1902.000000
1906.000000
1922.000000
1902.000000
1886.000000
1858.000000
1912.000000
1914.000000
1924.000000
1890.000000
1918.000000
1902.000000
1910.000000
1966.000000
1924.000000
1914.000000
1916.000000
1892.000000
1912.000000
1906.000000
1912.000000
1914.000000
1906.000000
1908.000000
1898.000000
1906.000000
1880.000000
1894.000000
1924.000000
1910.000000
1908.000000
1908.000000
1892.000000
1900.000000
1912.000000
1908.000000
1916.000000
1876.000000
1904.000000
1924.000000
1910.000000
1922.000000
1904.000000
1890.000000
1922.000000
1902.000000
1894.000000
1888.000000
1900.000000
1906.000000
1912.000000
1914.000000
1918.000000
1874.000000
1900.000000
1918.000000
1902.000000
1924.000000
1932.000000
1860.000000
1966.000000
1858.000000
1900.000000
1916.000000
1910.000000
1898.000000
1910.000000
1892.000000
1902.000000
1858.000000
1910.000000
1914.000000
1896.000000
1896.000000
1896.000000
1898.000000
1922.000000
1924.000000
1930.000000
1970.000000
1924.000000
1898.000000
1922.000000
1912.000000
1914.000000
1912.000000
1964.000000
1928.000000
1886.000000
1922.000000
1914.000000
1890.000000
1912.000000
1910.000000
1938.000000
1920.000000
1950.000000
1930.000000
1930.000000
1948.000000
1920.000000
1918.000000
1904.000000
1912.000000
1936.000000
1926.000000
1908.000000
1924.000000
1936.000000
1934.000000
1966.000000
1964.000000
1948.000000
1958.000000
1988.000000
1962.000000
1958.000000
1936.000000
1976.000000
1904.000000
1902.000000
1876.000000
1952.000000
1934.000000
1866.000000
1780.000000
1842.000000
1784.000000
1792.000000
1798.000000
1734.000000
1710.000000
1800.000000
1706.000000
1644.000000
1676.000000
1640.000000
1596.000000
1646.000000
1644.000000
1572.000000
1602.000000
1568.000000
1558.000000
1434.000000
1316.000000
1250.000000
1326.000000
1332.000000
1172.000000
1174.000000
998.000000
894.000000
758.000000
838.000000
842.000000
1114.000000
1008.000000
1196.000000
1300.000000
1272.000000
1370.000000
1370.000000
1394.000000
1316.000000
1522.000000
1606.000000
1548.000000
1548.000000
1438.000000
1502.000000
1606.000000
1640.000000
1546.000000
1644.000000
1536.000000
1584.000000
1696.000000
1656.000000
1760.000000
1670.000000
1832.000000
1826.000000
1816.000000
1868.000000
1862.000000
1854.000000
1866.000000
1858.000000
1854.000000
1840.000000
1878.000000
1878.000000
1818.000000
1854.000000
1838.000000
1858.000000
1892.000000
1860.000000
1840.000000
1846.000000
1894.000000
1848.000000
1862.000000
1866.000000
1840.000000
1864.000000
1868.000000
1864.000000
1806.000000
1864.000000
1854.000000
1848.000000
1832.000000
1862.000000
1848.000000
1848.000000
1852.000000
1854.000000
1858.000000
1908.000000
1864.000000
1862.000000
1860.000000
1868.000000
1846.000000
1906.000000
1852.000000
1870.000000
1896.000000
1860.000000
1862.000000
1810.000000
1832.000000
1840.000000
1822.000000
1836.000000
1874.000000
1870.000000
1856.000000
1874.000000
1840.000000
1844.000000
1856.000000
1872.000000
1844.000000
1850.000000
1860.000000
1866.000000
1914.000000
1842.000000
1836.000000
1864.000000
1862.000000
1848.000000
1840.000000
1878.000000
1872.000000
1834.000000
1862.000000
1860.000000
1860.000000
1880.000000
1882.000000
1868.000000
1844.000000
1858.000000
1802.000000
1858.000000
1880.000000
1872.000000
1918.000000
1860.000000
1858.000000
1860.000000
1856.000000
1874.000000
1852.000000
1880.000000
1850.000000
1860.000000
1868.000000
1864.000000
1874.000000
1860.000000
1858.000000
1850.000000
1856.000000
1856.000000
1860.000000
1884.000000
1852.000000
1864.000000
1916.000000
1858.000000
1852.000000
1842.000000
1860.000000
1882.000000
1858.000000
1860.000000
1832.000000
1856.000000
1896.000000
1884.000000
1868.000000
1872.000000
1848.000000
1880.000000
1838.000000
1836.000000
1852.000000
1834.000000
1882.000000
1888.000000
1874.000000
1888.000000
1838.000000
1850.000000
1852.000000
1850.000000
1878.000000
1862.000000
1886.000000
1880.000000
1886.000000
1882.000000
1882.000000
1870.000000
1868.000000
1872.000000
1860.000000
1884.000000
1884.000000
1902.000000
1852.000000
1868.000000
1822.000000
1874.000000
1708.000000
1672.000000
1796.000000
1820.000000
1824.000000
1850.000000
2196.000000
1866.000000
1952.000000
1890.000000
1860.000000
1810.000000
1844.000000
1852.000000
1958.000000
1920.000000
1914.000000
1974.000000
1972.000000
1744.000000
1706.000000
1856.000000
1674.000000
1872.000000
2054.000000
2318.000000
2234.000000
2384.000000
2548.000000
2554.000000
2640.000000
3190.000000
3102.000000
2960.000000
1790.000000
2584.000000
2878.000000
2734.000000
3326.000000
3446.000000
3462.000000
3730.000000
4052.000000
4172.000000
3692.000000
3152.000000
3482.000000
3204.000000
3682.000000
3704.000000
3702.000000
3726.000000
3948.000000
4226.000000
4012.000000
4424.000000
4740.000000
4496.000000
3660.000000
3776.000000
4090.000000
4286.000000
4276.000000
4342.000000
4306.000000
4100.000000
4368.000000
4330.000000
4084.000000
4334.000000
4192.000000
4044.000000
4172.000000
3878.000000
4230.000000
4196.000000
3966.000000
4092.000000
3972.000000
4080.000000
3940.000000
3872.000000
4040.000000
4002.000000
4056.000000
4134.000000
4024.000000
4010.000000
4022.000000
4076.000000
3990.000000
4058.000000
4028.000000
4032.000000
3974.000000
4026.000000
4022.000000
3998.000000
3982.000000
4070.000000
4064.000000
4066.000000
4000.000000
4020.000000
4030.000000
4020.000000
4150.000000
4094.000000
4088.000000
4048.000000
4020.000000
4006.000000
4030.000000
4042.000000
4116.000000
4100.000000
4070.000000
4076.000000
4036.000000
3942.000000
4008.000000
4034.000000
4060.000000
4064.000000
4082.000000
4074.000000
4044.000000
4046.000000
4034.000000
4048.000000
4048.000000
4070.000000
4082.000000
4060.000000
4062.000000
4046.000000
4058.000000
4074.000000
4040.000000
4042.000000
4006.000000
4088.000000
4064.000000
4062.000000
4058.000000
4094.000000
4060.000000
4068.000000
4050.000000
4068.000000
4040.000000
4058.000000
4066.000000
3986.000000
4018.000000
4042.000000
4048.000000
4058.000000
4042.000000
4062.000000
4046.000000
4036.000000
4056.000000
4044.000000
4070.000000
4054.000000
4062.000000
4032.000000
4040.000000
4058.000000
4044.000000
4060.000000
4030.000000
4090.000000
4046.000000
4058.000000
4042.000000
4052.000000
4054.000000
4074.000000
4032.000000
4016.000000
4026.000000
4028.000000
4042.000000
4030.000000
4042.000000
4060.000000
4006.000000
4014.000000
4038.000000
4056.000000
4056.000000
4064.000000
4022.000000
4030.000000
4048.000000
3970.000000
4030.000000
4072.000000
4090.000000
4064.000000
4052.000000
4030.000000
3970.000000
3980.000000
4078.000000
4058.000000
4082.000000
4046.000000
4034.000000
4044.000000
4024.000000
4034.000000
4052.000000
3946.000000
4080.000000
4030.000000
4038.000000
4052.000000
4058.000000
4068.000000
4024.000000
4022.000000
4030.000000
4040.000000
4000.000000
4020.000000
4038.000000
4076.000000
4062.000000
4044.000000
4014.000000
4032.000000
3998.000000
4038.000000
4080.000000
4126.000000
3972.000000
4006.000000
3982.000000
4060.000000
4042.000000
4066.000000
4072.000000
4036.000000
3992.000000
4016.000000
4030.000000
4032.000000
4082.000000
4010.000000
4006.000000
4012.000000
4014.000000
3992.000000
4078.000000
3992.000000
4074.000000
4024.000000
4052.000000
4070.000000
3946.000000
4048.000000
4006.000000
4032.000000
4096.000000
3942.000000
3986.000000
4066.000000
3926.000000
4044.000000
4066.000000
4084.000000
4066.000000
3982.000000
3944.000000
3932.000000
4048.000000
4046.000000
4024.000000
4026.000000
4038.000000
4062.000000
4068.000000
4054.000000
3976.000000
4050.000000
4030.000000
3906.000000
4022.000000
4004.000000
4044.000000
4064.000000
4060.000000
4072.000000
4064.000000
4038.000000
3946.000000
3968.000000
4018.000000
4014.000000
4054.000000
4052.000000
4074.000000
4038.000000
4042.000000
4024.000000
4024.000000
3994.000000
3992.000000
4008.000000
4046.000000
4066.000000
4048.000000
4044.000000
4022.000000
3990.000000
4020.000000
4094.000000
4082.000000
4058.000000
4036.000000
4066.000000
4072.000000
4066.000000
4066.000000
4016.000000
4004.000000
4044.000000
4006.000000
4016.000000
4046.000000
4014.000000
4086.000000
4050.000000
4076.000000
4030.000000
4094.000000
4006.000000
4082.000000
3980.000000
4022.000000
4026.000000
4046.000000
4022.000000
4042.000000
4042.000000
4054.000000
4072.000000
4076.000000
4106.000000
4090.000000
4072.000000
4040.000000
4032.000000
4072.000000
4068.000000
4048.000000
4068.000000
4070.000000
4070.000000
4002.000000
3986.000000
4078.000000
4118.000000
4112.000000
4040.000000
4068.000000
4086.000000
4024.000000
4068.000000
3974.000000
4028.000000
4068.000000
4070.000000
4058.000000
4112.000000
4032.000000
4026.000000
4076.000000
4056.000000
4058.000000
4040.000000
4082.000000
4036.000000
4062.000000
3984.000000
4028.000000
3988.000000
4042.000000
4024.000000
4006.000000
4024.000000
4050.000000
4056.000000
4050.000000
4078.000000
4042.000000
4028.000000
4050.000000
4056.000000
3976.000000
4070.000000
4030.000000
4026.000000
4072.000000
4064.000000
4028.000000
4078.000000
4040.000000
4074.000000
4050.000000
4062.000000
4060.000000
4078.000000
4132.000000
4060.000000
4032.000000
4054.000000
4008.000000
3998.000000
4018.000000
4070.000000
4078.000000
4042.000000
4082.000000
4076.000000
4060.000000
4062.000000
4052.000000
4046.000000
4016.000000
4092.000000
4028.000000
4042.000000
4044.000000
4026.000000
4068.000000
3974.000000
4034.000000
4064.000000
4092.000000
4118.000000
4126.000000
4082.000000
4044.000000
4016.000000
3992.000000
3978.000000
4062.000000
4018.000000
3970.000000
4020.000000
4030.000000
4032.000000
4062.000000
4002.000000
4064.000000
4054.000000
4036.000000
3986.000000
4018.000000
3972.000000
4008.000000
3994.000000
4100.000000
3984.000000
4024.000000
3990.000000
3976.000000
3982.000000
4004.000000
3968.000000
3968.000000
3998.000000
3966.000000
3980.000000
4014.000000
4026.000000
3974.000000
3992.000000
3988.000000
3984.000000
4008.000000
4008.000000
4012.000000
3974.000000
4002.000000
4024.000000
3980.000000
3976.000000
4028.000000
4008.000000
3998.000000
4024.000000
4020.000000
3980.000000
4048.000000
4040.000000
4030.000000
4058.000000
4064.000000
4026.000000
4016.000000
4082.000000
3990.000000
3968.000000
4028.000000
4030.000000
4036.000000
4066.000000
4068.000000
4042.000000
4036.000000
4040.000000
4022.000000
4052.000000
4054.000000
3980.000000
4048.000000
4058.000000
4032.000000
4026.000000
4010.000000
4032.000000
4030.000000
4030.000000
4034.000000
4030.000000
4058.000000
4076.000000
4042.000000
4006.000000
3992.000000
4090.000000
4034.000000
4050.000000
4024.000000
4012.000000
4018.000000
3980.000000
4036.000000
4044.000000
4018.000000
4042.000000
4018.000000
4012.000000
4004.000000
4018.000000
4008.000000
4028.000000
4022.000000
3982.000000
4016.000000
4020.000000
4016.000000
4002.000000
3972.000000
4012.000000
4016.000000
3970.000000
3972.000000
4002.000000
4014.000000
3966.000000
4014.000000
4024.000000
4012.000000
3992.000000
4014.000000
3982.000000
4008.000000
4022.000000
4016.000000
3996.000000
4006.000000
4008.000000
4012.000000
4002.000000
4020.000000
4000.000000
3978.000000
3984.000000
4020.000000
4010.000000
4022.000000
4010.000000
4020.000000
4012.000000
4018.000000
3998.000000
4024.000000
4008.000000
3998.000000
4002.000000
4008.000000
4018.000000
4024.000000
4044.000000
4026.000000
4002.000000
4002.000000
4010.000000
3994.000000
4010.000000
4008.000000
4014.000000
4016.000000
4020.000000
4042.000000
4008.000000
4008.000000
4034.000000
4030.000000
4004.000000
3988.000000
4008.000000
4004.000000
4018.000000
4002.000000
4014.000000
3998.000000
4004.000000
4004.000000
4008.000000
4018.000000
4022.000000
4028.000000
4012.000000
3974.000000
3990.000000
4006.000000
4006.000000
4000.000000
4022.000000
4042.000000
4018.000000
4010.000000
4092.000000
4086.000000
4040.000000
4084.000000
3994.000000
4004.000000
4018.000000
4048.000000
4030.000000
4062.000000
3960.000000
4022.000000
4056.000000
4050.000000
4026.000000
4072.000000
4054.000000
4082.000000
4034.000000
4022.000000
4000.000000
4000.000000
4034.000000
4012.000000
4034.000000
4040.000000
4028.000000
4004.000000
3998.000000
4002.000000
4018.000000
4086.000000
4078.000000
4030.000000
4024.000000
4020.000000
4014.000000
4014.000000
4028.000000
3974.000000
4034.000000
4020.000000
4014.000000
3992.000000
3966.000000
4012.000000
4022.000000
4052.000000
4042.000000
3974.000000
3992.000000
4002.000000
4046.000000
4016.000000
4038.000000
4028.000000
4026.000000
4052.000000
4042.000000
4026.000000
4010.000000
3994.000000
3986.000000
4038.000000
4042.000000
4050.000000
4042.000000
4014.000000
4058.000000
4064.000000
4032.000000
4042.000000
4036.000000
4028.000000
4036.000000
4084.000000
4052.000000
4066.000000
4090.000000
4034.000000
4050.000000
4042.000000
4016.000000
3992.000000
4022.000000
4002.000000
4040.000000
4022.000000
4036.000000
3984.000000
4034.000000
4040.000000
4032.000000
4012.000000
4028.000000
4046.000000
4032.000000
4014.000000
4028.000000
4024.000000
4016.000000
4024.000000
4036.000000
4020.000000
4042.000000
4042.000000
4010.000000
4060.000000
4040.000000
4032.000000
4044.000000
4016.000000
4028.000000
4062.000000
4006.000000
4042.000000
3976.000000
4004.000000
4048.000000
4034.000000
4058.000000
4044.000000
4030.000000
4090.000000
4022.000000
3990.000000
4012.000000
4030.000000
4014.000000
4014.000000
4010.000000
4028.000000
4014.000000
4022.000000
4028.000000
4036.000000
3982.000000
4006.000000
4020.000000
4010.000000
3990.000000
4022.000000
3996.000000
4060.000000
4056.000000
4062.000000
4032.000000
4020.000000
4014.000000
4020.000000
4030.000000
4046.000000
4030.000000
4022.000000
4030.000000
4046.000000
4052.000000
4092.000000
3970.000000
4040.000000
4018.000000
4014.000000
4014.000000
4062.000000
4082.000000
4054.000000
4084.000000
4036.000000
4014.000000
3994.000000
4030.000000
4052.000000
4048.000000
4038.000000
4082.000000
4040.000000
4062.000000
4042.000000
4034.000000
4034.000000
4036.000000
4042.000000
4022.000000
4054.000000
4052.000000
4042.000000
4028.000000
4050.000000
4030.000000
4014.000000
4040.000000
4058.000000
4030.000000
4042.000000
4046.000000
4042.000000
4088.000000
4036.000000
4026.000000
3968.000000
4018.000000
4054.000000
4034.000000
4044.000000
4016.000000
4026.000000
3992.000000
4030.000000
4036.000000
4048.000000
4030.000000
4038.000000
4026.000000
4028.000000
4024.000000
4022.000000
4036.000000
4032.000000
3976.000000
4058.000000
4030.000000
3972.000000
4026.000000
4040.000000
3974.000000
4018.000000
4042.000000
4038.000000
4028.000000
4044.000000
4018.000000
4022.000000
4016.000000
4036.000000
4048.000000
4022.000000
4040.000000
4028.000000
4036.000000
4010.000000
4026.000000
4030.000000
4022.000000
4022.000000
4084.000000
4020.000000
4094.000000
4048.000000
4016.000000
4006.000000
4008.000000
4010.000000
4052.000000
4078.000000
4068.000000
4022.000000
3986.000000
4004.000000
4018.000000
4042.000000
4044.000000
4032.000000
4052.000000
3998.000000
3990.000000
4010.000000
4040.000000
4036.000000
4056.000000
4020.000000
4010.000000
4040.000000
4028.000000
4086.000000
4024.000000
4022.000000
4026.000000
4026.000000
4014.000000
4026.000000
3972.000000
4092.000000
4040.000000
4020.000000
4034.000000
4028.000000
4018.000000
4024.000000
3980.000000
4026.000000
4014.000000
4004.000000
3986.000000
4016.000000
4006.000000
3976.000000
4008.000000
4024.000000
4008.000000
4002.000000
4018.000000
4026.000000
4024.000000
4000.000000
4028.000000
4016.000000
3996.000000
4012.000000
4032.000000
4024.000000
4030.000000
4006.000000
4018.000000
4008.000000
4010.000000
4018.000000
4014.000000
4020.000000
4020.000000
4008.000000
3992.000000
4016.000000
4026.000000
4012.000000
4024.000000
4004.000000
4010.000000
4020.000000
4008.000000
4010.000000
4016.000000
4014.000000
4036.000000
4022.000000
4018.000000
4022.000000
3996.000000
4018.000000
4042.000000
4008.000000
3992.000000
3968.000000
4006.000000
4002.000000
4024.000000
4024.000000
4020.000000
4010.000000
3994.000000
4000.000000
3998.000000
4004.000000
4016.000000
4028.000000
4022.000000
3976.000000
4026.000000
4012.000000
4008.000000
4026.000000
4002.000000
4006.000000
4034.000000
4008.000000
4016.000000
4044.000000
4024.000000
4004.000000
4022.000000
4024.000000
4028.000000
4016.000000
4038.000000
4032.000000
4022.000000
4036.000000
4048.000000
4032.000000
4004.000000
4012.000000
4006.000000
4022.000000
4032.000000
4006.000000
4024.000000
4004.000000
3990.000000
4014.000000
4022.000000
4010.000000
3968.000000
4010.000000
4036.000000
4016.000000
4024.000000
4012.000000
4006.000000
4028.000000
4016.000000
4004.000000
4008.000000
4012.000000
4016.000000
4020.000000
3992.000000
4006.000000
4020.000000
4012.000000
4020.000000
4004.000000
3996.000000
4016.000000
4006.000000
4012.000000
4022.000000
3992.000000
4030.000000
4014.000000
4012.000000
4010.000000
4026.000000
4030.000000
4028.000000
4034.000000
4014.000000
4014.000000
4004.000000
4004.000000
3982.000000
4024.000000
3982.000000
4008.000000
4016.000000
4086.000000
4028.000000
4016.000000
3998.000000
3990.000000
3994.000000
4044.000000
4034.000000
4028.000000
3982.000000
3974.000000
4006.000000
4042.000000
4034.000000
4056.000000
4042.000000
4022.000000
4026.000000
4014.000000
4022.000000
3984.000000
3966.000000
4060.000000
4028.000000
3996.000000
4018.000000
4060.000000
4088.000000
4008.000000
4014.000000
4010.000000
4014.000000
4034.000000
4016.000000
4014.000000
4020.000000
4054.000000
4004.000000
3872.000000
4000.000000
3906.000000
4028.000000
3986.000000
3968.000000
4026.000000
4006.000000
4030.000000
4012.000000
4024.000000
4014.000000
4020.000000
4016.000000
4022.000000
4042.000000
4002.000000
4006.000000
4022.000000
4012.000000
4036.000000
4008.000000
3978.000000
4026.000000
3970.000000
4004.000000
4020.000000
4002.000000
4008.000000
4022.000000
4020.000000
4036.000000
4028.000000
4050.000000
4032.000000
4012.000000
3978.000000
4028.000000
3972.000000
4016.000000
4092.000000
4042.000000
4022.000000
4008.000000
4002.000000
4030.000000
4022.000000
4032.000000
4012.000000
4024.000000
4012.000000
4030.000000
4006.000000
4002.000000
3996.000000
3966.000000
3998.000000
3990.000000
4016.000000
3970.000000
3982.000000
4054.000000
4066.000000
4148.000000
4040.000000
4040.000000
3970.000000
4030.000000
4092.000000
4062.000000
4070.000000
4070.000000
4110.000000
4198.000000
4176.000000
4258.000000
4268.000000
4292.000000
4288.000000
4376.000000
4526.000000
4476.000000
4342.000000
4220.000000
4392.000000
4546.000000
4022.000000
4226.000000
3940.000000
4032.000000
3808.000000
3588.000000
3126.000000
3002.000000
3138.000000
3056.000000
3046.000000
3146.000000
3432.000000
3836.000000
3758.000000
3680.000000
3634.000000
3548.000000
2876.000000
3666.000000
3576.000000
3412.000000
3368.000000
3982.000000
3830.000000
3006.000000
2200.000000
2062.000000
2260.000000
2230.000000
2236.000000
2608.000000
2648.000000
2538.000000
2496.000000
2496.000000
2298.000000
2196.000000
2084.000000
2146.000000
2186.000000
2306.000000
2580.000000
2878.000000
2798.000000
2650.000000
2280.000000
2072.000000
1986.000000
1818.000000
1394.000000
1306.000000
1388.000000
1124.000000
1188.000000
1376.000000
1064.000000
772.000000
554.000000
518.000000
506.000000
750.000000
1256.000000
1990.000000
2146.000000
2218.000000
2340.000000
2154.000000
1752.000000
1864.000000
1924.000000
2096.000000
2164.000000
2206.000000
2120.000000
1938.000000
1878.000000
1880.000000
1810.000000
1866.000000
1994.000000
2014.000000
1966.000000
2002.000000
1990.000000
1916.000000
1274.000000
1918.000000
1920.000000
1956.000000
1970.000000
1996.000000
2038.000000
2014.000000
1996.000000
2018.000000
2000.000000
2092.000000
2056.000000
2092.000000
2014.000000
2098.000000
1994.000000
2014.000000
2122.000000
2064.000000
2022.000000
2068.000000
2078.000000
1986.000000
2110.000000
2082.000000
2020.000000
2008.000000
2030.000000
2010.000000
2040.000000
2052.000000
2084.000000
2048.000000
2064.000000
2070.000000
2012.000000
2024.000000
2090.000000
2086.000000
1992.000000
2018.000000
2168.000000
2010.000000
1986.000000
2068.000000
2052.000000
2002.000000
2112.000000
1982.000000
1960.000000
2048.000000
2080.000000
2108.000000
2050.000000
2076.000000
2020.000000
2040.000000
2056.000000
2040.000000
2060.000000
2092.000000
2090.000000
2042.000000
2038.000000
2026.000000
2022.000000
2016.000000
2046.000000
2100.000000
2112.000000
1908.000000
2020.000000
2042.000000
1944.000000
1998.000000
2138.000000
2036.000000
2018.000000
2062.000000
2012.000000
1982.000000
1988.000000
2026.000000
2010.000000
1990.000000
2020.000000
2068.000000
1986.000000
2006.000000
2016.000000
2022.000000
2018.000000
2108.000000
2050.000000
2006.000000
1968.000000
2010.000000
2026.000000
2028.000000
2054.000000
2064.000000
2042.000000
1990.000000
2046.000000
1980.000000
2010.000000
2034.000000
2008.000000
1998.000000
2000.000000
2004.000000
2006.000000
2032.000000
2032.000000
1986.000000
2022.000000
2014.000000
2004.000000
1998.000000
2036.000000
1984.000000
1992.000000
2012.000000
2024.000000
1988.000000
1990.000000
2026.000000
2016.000000
2040.000000
2098.000000
2038.000000
2014.000000
2032.000000
2024.000000
2030.000000
2040.000000
2048.000000
2010.000000
2018.000000
2046.000000
2024.000000
2026.000000
2032.000000
2024.000000
2028.000000
2012.000000
2036.000000
2022.000000
2032.000000
2018.000000
2014.000000
1992.000000
2022.000000
2002.000000
2030.000000
2010.000000
2018.000000
2018.000000
1994.000000
2038.000000
2030.000000
2030.000000
2008.000000
1994.000000
2002.000000
2002.000000
1988.000000
2000.000000
2010.000000
2008.000000
2010.000000
2004.000000
1998.000000
2002.000000
2022.000000
1992.000000
2008.000000
2030.000000
1992.000000
2004.000000
2004.000000
2036.000000
2032.000000
2008.000000
1994.000000
2008.000000
2004.000000
1984.000000
2022.000000
2014.000000
2020.000000
1992.000000
2022.000000
1996.000000
2008.000000
1998.000000
2022.000000
2022.000000
1982.000000
2004.000000
2012.000000
2016.000000
2016.000000
1982.000000
2024.000000
2020.000000
1998.000000
1998.000000
2018.000000
2028.000000
2000.000000
1996.000000
2006.000000
2028.000000
1988.000000
1998.000000
1994.000000
2014.000000
2008.000000
2010.000000
2008.000000
2002.000000
2026.000000
2014.000000
2028.000000
2008.000000
2002.000000
2004.000000
2004.000000
1996.000000
2002.000000
2018.000000
1992.000000
2000.000000
2008.000000
2008.000000
2000.000000
2026.000000
2002.000000
2016.000000
2010.000000
2002.000000
2000.000000
2020.000000
1994.000000
2006.000000
1994.000000
2024.000000
2014.000000
2028.000000
2002.000000
2012.000000
1948.000000
2022.000000
1982.000000
1992.000000
2002.000000
2010.000000
2008.000000
1976.000000
1972.000000
2010.000000
2000.000000
2016.000000
2016.000000
2002.000000
2002.000000
1970.000000
1982.000000
2016.000000
2000.000000
2032.000000
2028.000000
2016.000000
1998.000000
1998.000000
1976.000000
2040.000000
1998.000000
1992.000000
1996.000000
2008.000000
2002.000000
2016.000000
2010.000000
1982.000000
1946.000000
1996.000000
2012.000000
2008.000000
2020.000000
2028.000000
2016.000000
1998.000000
2024.000000
2002.000000
2000.000000
2016.000000
1986.000000
2016.000000
1986.000000
1972.000000
1974.000000
1990.000000
1950.000000
2026.000000
2008.000000
1990.000000
2038.000000
2040.000000
1978.000000
1996.000000
1996.000000
2000.000000
1974.000000
2004.000000
2016.000000
2014.000000
1970.000000
2004.000000
2002.000000
2004.000000
2000.000000
2004.000000
2008.000000
1982.000000
2004.000000
1990.000000
2004.000000
2010.000000
1992.000000
2004.000000
2002.000000
2006.000000
2000.000000
1998.000000
1998.000000
2010.000000
1984.000000
2004.000000
2042.000000
1990.000000
1986.000000
2006.000000
2004.000000
2004.000000
2020.000000
1974.000000
2002.000000
2008.000000
2016.000000
2008.000000
1994.000000
1992.000000
2030.000000
1996.000000
1986.000000
2000.000000
1998.000000
2014.000000
1996.000000
2002.000000
2006.000000
1990.000000
1978.000000
2006.000000
1988.000000
2014.000000
2016.000000
2012.000000
1982.000000
2016.000000
2018.000000
2012.000000
2014.000000
1966.000000
1974.000000
2022.000000
1994.000000
1990.000000
1966.000000
2046.000000
2012.000000
1994.000000
1978.000000
1968.000000
1940.000000
1988.000000
1990.000000
1984.000000
2022.000000
1988.000000
2004.000000
1972.000000
2046.000000
2018.000000
1988.000000
1978.000000
1980.000000
2022.000000
2006.000000
2016.000000
2038.000000
2020.000000
2030.000000
2026.000000
2094.000000
2022.000000
2032.000000
2056.000000
2044.000000
2016.000000
2040.000000
2024.000000
2032.000000
2052.000000
2030.000000
2036.000000
2040.000000
2000.000000
2032.000000
2038.000000
2034.000000
2046.000000
2042.000000
2022.000000
2022.000000
2036.000000
2048.000000
2058.000000
2042.000000
1996.000000
1988.000000
1982.000000
1964.000000
1944.000000
1986.000000
2012.000000
2028.000000
2028.000000
1994.000000
2012.000000
2006.000000
2032.000000
1998.000000
1998.000000
2038.000000
2058.000000
2094.000000
2066.000000
2022.000000
2022.000000
2022.000000
2014.000000
2024.000000
2022.000000
2028.000000
2030.000000
2016.000000
2028.000000
2018.000000
2036.000000
2016.000000
2020.000000
2012.000000
2046.000000
2032.000000
2012.000000
2016.000000
2004.000000
2010.000000
2002.000000
2004.000000
2006.000000
2014.000000
2004.000000
2002.000000
2004.000000
1970.000000
2020.000000
1942.000000
2014.000000
1998.000000
2018.000000
2006.000000
2020.000000
2008.000000
2012.000000
2032.000000
2020.000000
2020.000000
1992.000000
2000.000000
2014.000000
2004.000000
2002.000000
2006.000000
2012.000000
2012.000000
2008.000000
2024.000000
2010.000000
2004.000000
2008.000000
2020.000000
1984.000000
2006.000000
2000.000000
2016.000000
2012.000000
1994.000000
2036.000000
2020.000000
2040.000000
2022.000000
2010.000000
2004.000000
2014.000000
2018.000000
2028.000000
2016.000000
2006.000000
2016.000000
2004.000000
1994.000000
2014.000000
2026.000000
2024.000000
2010.000000
2012.000000
2004.000000
2002.000000
2012.000000
2016.000000
1994.000000
2028.000000
2030.000000
2024.000000
2006.000000
2020.000000
2014.000000
2030.000000
2028.000000
2006.000000
2040.000000
2058.000000
2034.000000
2038.000000
2030.000000
2020.000000
2030.000000
2030.000000
2034.000000
2028.000000
2032.000000
2032.000000
2048.000000
2042.000000
2030.000000
2060.000000
2090.000000
2024.000000
2038.000000
2054.000000
2034.000000
2026.000000
2036.000000
2034.000000
2026.000000
2032.000000
2038.000000
2054.000000
2038.000000
2032.000000
2030.000000
2048.000000
2032.000000
2022.000000
1998.000000
2026.000000
2104.000000
2052.000000
2024.000000
2018.000000
2046.000000
2042.000000
2018.000000
2032.000000
1990.000000
2034.000000
2006.000000
2034.000000
2036.000000
2016.000000
2020.000000
2030.000000
2046.000000
2040.000000
2022.000000
2012.000000
2024.000000
2042.000000
2046.000000
2010.000000
2018.000000
2066.000000
2022.000000
2010.000000
2012.000000
2032.000000
2032.000000
2024.000000
2004.000000
2030.000000
2028.000000
2008.000000
2018.000000
2012.000000
2016.000000
2020.000000
2026.000000
2024.000000
2032.000000
2022.000000
2004.000000
2022.000000
2042.000000
2010.000000
2014.000000
2016.000000
2022.000000
2026.000000
2022.000000
2024.000000
2012.000000
2020.000000
2018.000000
2012.000000
2004.000000
2034.000000
2020.000000
2008.000000
2012.000000
2022.000000
2014.000000
1988.000000
2016.000000
2010.000000
2032.000000
2026.000000
2012.000000
2026.000000
2034.000000
2008.000000
1996.000000
2024.000000
2006.000000
2028.000000
2010.000000
2028.000000
2018.000000
2020.000000
2002.000000
2016.000000
2012.000000
2014.000000
2002.000000
2020.000000
2040.000000
2026.000000
2012.000000
2020.000000
2034.000000
2024.000000
2010.000000
2030.000000
2010.000000
2006.000000
2014.000000
2020.000000
2024.000000
2014.000000
2006.000000
2022.000000
2022.000000
2032.000000
2002.000000
2002.000000
1990.000000
1998.000000
2010.000000
2002.000000
2006.000000
2012.000000
2002.000000
2006.000000
2002.000000
1994.000000
2000.000000
2020.000000
2018.000000
2030.000000
1998.000000
2008.000000
2018.000000
2014.000000
2004.000000
2018.000000
2000.000000
2012.000000
2026.000000
2002.000000
2012.000000
2008.000000
2026.000000
1976.000000
1978.000000
1974.000000
1964.000000
1984.000000
1948.000000
1954.000000
2014.000000
2038.000000
1980.000000
1978.000000
1998.000000
2004.000000
2012.000000
2014.000000
2016.000000
1998.000000
2006.000000
2034.000000
2022.000000
2024.000000
2030.000000
2018.000000
1996.000000
2024.000000
2012.000000
2028.000000
2038.000000
2070.000000
2086.000000
2066.000000
2064.000000
2102.000000
2082.000000
2090.000000
2102.000000
2070.000000
2088.000000
2068.000000
2052.000000
2096.000000
2116.000000
2090.000000
2118.000000
2110.000000
2090.000000
2104.000000
2110.000000
2074.000000
2050.000000
2098.000000
2062.000000
2106.000000
2078.000000
2066.000000
2088.000000
2022.000000
2030.000000
2014.000000
2040.000000
2128.000000
2140.000000
2134.000000
2130.000000
2130.000000
2136.000000
2158.000000
2148.000000
2146.000000
2136.000000
2170.000000
2140.000000
2148.000000
2194.000000
2228.000000
2148.000000
2136.000000
2130.000000
2146.000000
2144.000000
2132.000000
2124.000000
2130.000000
2156.000000
2168.000000
2154.000000
2162.000000
2152.000000
2152.000000
2150.000000
2158.000000
2142.000000
2176.000000
2162.000000
2164.000000
2166.000000
2130.000000
2174.000000
2166.000000
2146.000000
2150.000000
2138.000000
2154.000000
2146.000000
2166.000000
2152.000000
2170.000000
2158.000000
2156.000000
2156.000000
2154.000000
2148.000000
2152.000000
2156.000000
2136.000000
2142.000000
2162.000000
2172.000000
2180.000000
2150.000000
2152.000000
2140.000000
2160.000000
2158.000000
2176.000000
2158.000000
2150.000000
2148.000000
2230.000000
2162.000000
2140.000000
2144.000000
2186.000000
2184.000000
2168.000000
2142.000000
2186.000000
2152.000000
2158.000000
2156.000000
2142.000000
2146.000000
2142.000000
2184.000000
2154.000000
2140.000000
2152.000000
2144.000000
2152.000000
2170.000000
2160.000000
2154.000000
2146.000000
2104.000000
2238.000000
2124.000000
2136.000000
2172.000000
2178.000000
2162.000000
2150.000000
2152.000000
2152.000000
2150.000000
2144.000000
2140.000000
2134.000000
2072.000000
2124.000000
2128.000000
2142.000000
2144.000000
2512.000000
2126.000000
2150.000000
2154.000000
2212.000000
2124.000000
2134.000000
2130.000000
2104.000000
2132.000000
2144.000000
2130.000000
2156.000000
2100.000000
2132.000000
2168.000000
2134.000000
2114.000000
2120.000000
2114.000000
2146.000000
2122.000000
2142.000000
2154.000000
2122.000000
2142.000000
2192.000000
2138.000000
2078.000000
2128.000000
2072.000000
2116.000000
2092.000000
2066.000000
2052.000000
2128.000000
2126.000000
2144.000000
2106.000000
2080.000000
2102.000000
2114.000000
2114.000000
2102.000000
2120.000000
2084.000000
2090.000000
2100.000000
2096.000000
2090.000000
2080.000000
2084.000000
2108.000000
2118.000000
2116.000000
2094.000000
2098.000000
2092.000000
2092.000000
2104.000000
2130.000000
2146.000000
2108.000000
2140.000000
2126.000000
2152.000000
2148.000000
2118.000000
2130.000000
2116.000000
2118.000000
2090.000000
2104.000000
2078.000000
2092.000000
2088.000000
2070.000000
2058.000000
2056.000000
2056.000000
2078.000000
2080.000000
1992.000000
2036.000000
2036.000000
2110.000000
2048.000000
2078.000000
2054.000000
2090.000000
2032.000000
2070.000000
2004.000000
2012.000000
2030.000000
2112.000000
2022.000000
2004.000000
2006.000000
1930.000000
1454.000000
1906.000000
1810.000000
2186.000000
1718.000000
2056.000000
1610.000000
1734.000000
1584.000000
1688.000000
2088.000000
1512.000000
1820.000000
1642.000000
2062.000000
1408.000000
1048.000000
1196.000000
1228.000000
1306.000000
1382.000000
1302.000000
1298.000000
1456.000000
1466.000000
1406.000000
1536.000000
1598.000000
1542.000000
1592.000000
1704.000000
1668.000000
1730.000000
1788.000000
1736.000000
1754.000000
1756.000000
1780.000000
1790.000000
1732.000000
1730.000000
1772.000000
1790.000000
1742.000000
1804.000000
1796.000000
1792.000000
1798.000000
1788.000000
1852.000000
1792.000000
1820.000000
1794.000000
1784.000000
1952.000000
1834.000000
1550.000000
1722.000000
1894.000000
1848.000000
1820.000000
1798.000000
1792.000000
1858.000000
1912.000000
1908.000000
1778.000000
2238.000000
1992.000000
2032.000000
2064.000000
2062.000000
2190.000000
2100.000000
2042.000000
2022.000000
1994.000000
2020.000000
2132.000000
2006.000000
1816.000000
1766.000000
1664.000000
1464.000000
1386.000000
1426.000000
1482.000000
1752.000000
1724.000000
1870.000000
2110.000000
2298.000000
2540.000000
2802.000000
2542.000000
2606.000000
2198.000000
2184.000000
2354.000000
2112.000000
2274.000000
2254.000000
2188.000000
2106.000000
2164.000000
2114.000000
2040.000000
2154.000000
2118.000000
2094.000000
2096.000000
NaN
