-532.000000
-576.000000
-506.000000
-570.000000
-562.000000
-518.000000
-402.000000
-688.000000
-636.000000
-456.000000
-506.000000
-552.000000
-520.000000
-564.000000
-548.000000
-536.000000
-628.000000
-554.000000
-514.000000
-530.000000
-518.000000
-522.000000
-562.000000
-544.000000
-540.000000
-568.000000
-564.000000
-552.000000
-596.000000
-540.000000
-522.000000
-562.000000
-568.000000
-556.000000
-452.000000
-550.000000
-568.000000
-522.000000
-574.000000
-502.000000
-348.000000
-356.000000
-572.000000
-572.000000
-640.000000
-804.000000
-504.000000
-492.000000
-562.000000
-566.000000
-548.000000
-652.000000
-692.000000
-678.000000
-716.000000
-594.000000
-636.000000
-676.000000
-662.000000
-644.000000
-676.000000
-614.000000
-612.000000
-578.000000
-656.000000
-580.000000
-598.000000
-650.000000
-666.000000
-598.000000
-624.000000
-628.000000
-700.000000
-604.000000
-650.000000
-612.000000
-592.000000
-642.000000
-660.000000
-698.000000
-654.000000
-592.000000
-646.000000
-600.000000
-596.000000
-640.000000
-658.000000
-670.000000
-694.000000
-642.000000
-654.000000
-634.000000
-648.000000
-588.000000
-590.000000
-668.000000
-580.000000
-596.000000
-704.000000
-606.000000
-652.000000
-650.000000
-640.000000
-618.000000
-702.000000
-582.000000
-666.000000
-674.000000
-648.000000
-590.000000
-668.000000
-606.000000
-596.000000
-640.000000
-658.000000
-636.000000
-592.000000
-642.000000
-642.000000
-614.000000
-590.000000
-578.000000
-606.000000
-676.000000
-580.000000
-642.000000
-590.000000
-682.000000
-656.000000
-660.000000
-580.000000
-582.000000
-658.000000
-596.000000
-668.000000
-694.000000
-654.000000
-658.000000
-582.000000
-698.000000
-670.000000
-666.000000
-586.000000
-624.000000
-652.000000
-582.000000
-670.000000
-616.000000
-596.000000
-666.000000
-648.000000
-614.000000
-594.000000
-596.000000
-630.000000
-690.000000
-652.000000
-646.000000
-658.000000
-640.000000
-674.000000
-616.000000
-638.000000
-704.000000
-656.000000
-652.000000
-612.000000
-690.000000
-660.000000
-614.000000
-656.000000
-668.000000
-580.000000
-656.000000
-598.000000
-620.000000
-682.000000
-654.000000
-596.000000
-640.000000
-598.000000
-648.000000
-648.000000
-594.000000
-596.000000
-616.000000
-602.000000
-690.000000
-662.000000
-652.000000
-656.000000
-642.000000
-674.000000
-606.000000
-662.000000
-624.000000
-672.000000
-612.000000
-600.000000
-624.000000
-668.000000
-654.000000
-662.000000
-628.000000
-666.000000
-660.000000
-670.000000
-644.000000
-676.000000
-588.000000
-580.000000
-688.000000
-650.000000
-660.000000
-594.000000
-622.000000
-600.000000
-618.000000
-582.000000
-636.000000
-670.000000
-598.000000
-676.000000
-682.000000
-590.000000
-652.000000
-672.000000
-634.000000
-596.000000
-658.000000
-594.000000
-630.000000
-704.000000
-658.000000
-656.000000
-702.000000
-598.000000
-598.000000
-660.000000
-690.000000
-602.000000
-680.000000
-668.000000
-666.000000
-648.000000
-592.000000
-654.000000
-638.000000
-660.000000
-656.000000
-648.000000
-618.000000
-656.000000
-656.000000
-602.000000
-698.000000
-668.000000
-662.000000
-658.000000
-626.000000
-672.000000
-640.000000
-658.000000
-688.000000
-584.000000
-668.000000
-654.000000
-630.000000
-590.000000
-602.000000
-656.000000
-636.000000
-592.000000
-600.000000
-658.000000
-668.000000
-694.000000
-594.000000
-668.000000
-632.000000
-646.000000
-650.000000
-704.000000
-616.000000
-672.000000
-658.000000
-662.000000
-680.000000
-658.000000
-596.000000
-674.000000
-632.000000
-590.000000
-594.000000
-674.000000
-694.000000
-590.000000
-660.000000
-650.000000
-694.000000
-666.000000
-658.000000
-598.000000
-590.000000
-662.000000
-650.000000
-672.000000
-672.000000
-654.000000
-586.000000
-662.000000
-638.000000
-674.000000
-644.000000
-654.000000
-640.000000
-668.000000
-662.000000
-600.000000
-622.000000
-666.000000
-680.000000
-656.000000
-588.000000
-668.000000
-656.000000
-654.000000
-686.000000
-606.000000
-660.000000
-660.000000
-620.000000
-592.000000
-608.000000
-648.000000
-684.000000
-658.000000
-604.000000
-608.000000
-664.000000
-652.000000
-586.000000
-618.000000
-626.000000
-660.000000
-654.000000
-644.000000
-612.000000
-614.000000
-612.000000
-664.000000
-612.000000
-698.000000
-688.000000
-664.000000
-624.000000
-590.000000
-670.000000
-602.000000
-680.000000
-656.000000
-666.000000
-594.000000
-644.000000
-660.000000
-586.000000
-654.000000
-628.000000
-578.000000
-670.000000
-666.000000
-680.000000
-654.000000
-598.000000
-652.000000
-690.000000
-684.000000
-654.000000
-672.000000
-620.000000
-616.000000
-680.000000
-668.000000
-700.000000
-620.000000
-622.000000
-610.000000
-626.000000
-592.000000
-676.000000
-646.000000
-684.000000
-602.000000
-600.000000
-672.000000
-666.000000
-700.000000
-582.000000
-594.000000
-586.000000
-618.000000
-638.000000
-700.000000
-634.000000
-612.000000
-586.000000
-600.000000
-638.000000
-644.000000
-650.000000
-580.000000
-634.000000
-610.000000
-590.000000
-580.000000
-690.000000
-598.000000
-612.000000
-596.000000
-582.000000
-586.000000
-668.000000
-678.000000
-588.000000
-594.000000
-592.000000
-622.000000
-640.000000
-602.000000
-662.000000
-698.000000
-584.000000
-632.000000
-670.000000
-644.000000
-620.000000
-598.000000
-630.000000
-672.000000
-614.000000
-668.000000
-662.000000
-658.000000
-694.000000
-668.000000
-652.000000
-588.000000
-594.000000
-664.000000
-658.000000
-654.000000
-614.000000
-610.000000
-680.000000
-660.000000
-662.000000
-578.000000
-596.000000
-664.000000
-680.000000
-658.000000
-598.000000
-662.000000
-674.000000
-702.000000
-686.000000
-652.000000
-652.000000
-660.000000
-686.000000
-686.000000
-618.000000
-678.000000
-684.000000
-652.000000
-586.000000
-670.000000
-660.000000
-602.000000
-624.000000
-670.000000
-602.000000
-652.000000
-604.000000
-590.000000
-694.000000
-628.000000
-666.000000
-674.000000
-606.000000
-648.000000
-684.000000
-686.000000
-594.000000
-644.000000
-636.000000
-660.000000
-662.000000
-658.000000
-612.000000
-650.000000
-702.000000
-620.000000
-638.000000
-664.000000
-700.000000
-642.000000
-596.000000
-684.000000
-662.000000
-652.000000
-654.000000
-644.000000
-688.000000
-626.000000
-646.000000
-646.000000
-704.000000
-682.000000
-614.000000
-656.000000
-684.000000
-692.000000
-686.000000
-688.000000
-588.000000
-690.000000
-618.000000
-594.000000
-624.000000
-650.000000
-696.000000
-594.000000
-660.000000
-670.000000
-602.000000
-700.000000
-666.000000
-666.000000
-624.000000
-602.000000
-688.000000
-598.000000
-590.000000
-646.000000
-672.000000
-700.000000
-686.000000
-692.000000
-646.000000
-668.000000
-618.000000
-596.000000
-662.000000
-658.000000
-630.000000
-600.000000
-662.000000
-704.000000
-682.000000
-660.000000
-682.000000
-602.000000
-694.000000
-666.000000
-656.000000
-654.000000
-668.000000
-654.000000
-582.000000
-674.000000
-692.000000
-702.000000
-664.000000
-684.000000
-690.000000
-658.000000
-580.000000
-652.000000
-698.000000
-638.000000
-660.000000
-578.000000
-690.000000
-598.000000
-658.000000
-666.000000
-626.000000
-664.000000
-698.000000
-610.000000
-690.000000
-682.000000
-662.000000
-690.000000
-694.000000
-652.000000
-674.000000
-644.000000
-690.000000
-662.000000
-640.000000
-658.000000
-666.000000
-662.000000
-578.000000
-646.000000
-688.000000
-592.000000
-666.000000
-592.000000
-692.000000
-650.000000
-652.000000
-654.000000
-696.000000
-580.000000
-688.000000
-600.000000
-674.000000
-654.000000
-644.000000
-704.000000
-582.000000
-694.000000
-696.000000
-618.000000
-616.000000
-656.000000
-642.000000
-702.000000
-692.000000
-686.000000
-598.000000
-680.000000
-646.000000
-668.000000
-620.000000
-616.000000
-598.000000
-646.000000
-702.000000
-704.000000
-582.000000
-680.000000
-674.000000
-644.000000
-682.000000
-696.000000
-586.000000
-590.000000
-662.000000
-598.000000
-642.000000
-560.000000
-608.000000
-612.000000
-692.000000
-650.000000
-700.000000
-648.000000
-624.000000
-518.000000
-632.000000
-700.000000
-632.000000
-652.000000
-702.000000
-648.000000
-674.000000
-580.000000
-618.000000
-580.000000
-688.000000
-750.000000
-674.000000
-616.000000
-620.000000
-530.000000
-630.000000
-580.000000
-612.000000
-588.000000
-664.000000
-674.000000
-632.000000
-592.000000
-594.000000
-686.000000
-618.000000
-606.000000
-694.000000
-696.000000
-626.000000
-626.000000
-702.000000
-596.000000
-700.000000
-588.000000
-674.000000
-642.000000
-592.000000
-626.000000
-620.000000
-702.000000
-698.000000
-672.000000
-704.000000
-658.000000
-664.000000
-692.000000
-634.000000
-700.000000
-600.000000
-692.000000
-636.000000
-634.000000
-590.000000
-518.000000
-696.000000
-742.000000
-672.000000
-630.000000
-684.000000
-680.000000
-686.000000
-678.000000
-562.000000
-518.000000
-648.000000
-692.000000
-698.000000
-610.000000
-600.000000
-592.000000
-588.000000
-578.000000
-632.000000
-692.000000
-638.000000
-658.000000
-656.000000
-696.000000
-628.000000
-602.000000
-620.000000
-578.000000
-604.000000
-636.000000
-670.000000
-640.000000
-634.000000
-646.000000
-660.000000
-626.000000
-700.000000
-662.000000
-654.000000
-650.000000
-646.000000
-654.000000
-594.000000
-588.000000
-628.000000
-662.000000
-664.000000
-600.000000
-692.000000
-620.000000
-670.000000
-648.000000
-688.000000
-656.000000
-670.000000
-654.000000
-622.000000
-598.000000
-664.000000
-694.000000
-690.000000
-662.000000
-650.000000
-600.000000
-630.000000
-670.000000
-582.000000
-650.000000
-622.000000
-658.000000
-662.000000
-666.000000
-608.000000
-660.000000
-606.000000
-660.000000
-602.000000
-588.000000
-578.000000
-678.000000
-652.000000
-614.000000
-694.000000
-600.000000
-690.000000
-670.000000
-668.000000
-658.000000
-604.000000
-598.000000
-588.000000
-594.000000
-702.000000
-652.000000
-704.000000
-654.000000
-646.000000
-654.000000
-596.000000
-650.000000
-688.000000
-660.000000
-590.000000
-584.000000
-686.000000
-590.000000
-660.000000
-678.000000
-680.000000
-656.000000
-652.000000
-684.000000
-700.000000
-660.000000
-656.000000
-578.000000
-646.000000
-668.000000
-646.000000
-694.000000
-628.000000
-648.000000
-666.000000
-606.000000
-678.000000
-656.000000
-658.000000
-650.000000
-692.000000
-650.000000
-658.000000
-648.000000
-586.000000
-682.000000
-658.000000
-656.000000
-692.000000
-664.000000
-656.000000
-646.000000
-692.000000
-656.000000
-608.000000
-582.000000
-620.000000
-608.000000
-702.000000
-644.000000
-626.000000
-674.000000
-582.000000
-662.000000
-686.000000
-658.000000
-654.000000
-578.000000
-700.000000
-684.000000
-598.000000
-582.000000
-662.000000
-660.000000
-600.000000
-604.000000
-670.000000
-642.000000
-644.000000
-654.000000
-614.000000
-632.000000
-656.000000
-644.000000
-672.000000
-582.000000
-662.000000
-594.000000
-614.000000
-588.000000
-656.000000
-656.000000
-594.000000
-634.000000
-644.000000
-620.000000
-596.000000
-682.000000
-640.000000
-594.000000
-630.000000
-648.000000
-650.000000
-600.000000
-598.000000
-654.000000
-662.000000
-666.000000
-606.000000
-578.000000
-592.000000
-670.000000
-620.000000
-580.000000
-640.000000
-654.000000
-596.000000
-584.000000
-580.000000
-648.000000
-622.000000
-580.000000
-656.000000
-652.000000
-624.000000
-662.000000
-652.000000
-678.000000
-606.000000
-662.000000
-646.000000
-644.000000
-620.000000
-682.000000
-656.000000
-702.000000
-682.000000
-592.000000
-646.000000
-662.000000
-672.000000
-646.000000
-642.000000
-648.000000
-620.000000
-652.000000
-634.000000
-626.000000
-596.000000
-640.000000
-626.000000
-590.000000
-592.000000
-588.000000
-628.000000
-612.000000
-704.000000
-616.000000
-600.000000
-580.000000
-630.000000
-680.000000
-636.000000
-626.000000
-658.000000
-704.000000
-592.000000
-654.000000
-620.000000
-592.000000
-578.000000
-606.000000
-604.000000
-692.000000
-578.000000
-626.000000
-608.000000
-586.000000
-578.000000
-598.000000
-582.000000
-578.000000
-584.000000
-696.000000
-578.000000
-600.000000
-580.000000
-596.000000
-624.000000
-582.000000
-584.000000
-580.000000
-634.000000
-642.000000
-658.000000
-578.000000
-640.000000
-590.000000
-580.000000
-644.000000
-598.000000
-594.000000
-594.000000
-578.000000
-608.000000
-658.000000
-584.000000
-588.000000
-618.000000
-588.000000
-602.000000
-638.000000
-598.000000
-638.000000
-622.000000
-704.000000
-612.000000
-592.000000
-654.000000
-600.000000
-622.000000
-596.000000
-594.000000
-588.000000
-614.000000
-594.000000
-596.000000
-586.000000
-626.000000
-578.000000
-584.000000
-586.000000
-608.000000
-590.000000
-578.000000
-652.000000
-622.000000
-590.000000
-580.000000
-586.000000
-608.000000
-612.000000
-592.000000
-638.000000
-604.000000
-588.000000
-614.000000
-588.000000
-608.000000
-586.000000
-590.000000
-618.000000
-674.000000
-588.000000
-590.000000
-650.000000
-612.000000
-658.000000
-582.000000
-594.000000
-636.000000
-582.000000
-588.000000
-582.000000
-602.000000
-636.000000
-598.000000
-594.000000
-614.000000
-582.000000
-650.000000
-594.000000
-606.000000
-640.000000
-584.000000
-616.000000
-622.000000
-596.000000
-588.000000
-584.000000
-584.000000
-620.000000
-586.000000
-580.000000
-626.000000
-588.000000
-596.000000
-582.000000
-622.000000
-596.000000
-598.000000
-580.000000
-628.000000
-582.000000
-604.000000
-594.000000
-616.000000
-604.000000
-608.000000
-586.000000
-624.000000
-594.000000
-590.000000
-596.000000
-578.000000
-618.000000
-594.000000
-582.000000
-604.000000
-594.000000
-602.000000
-600.000000
-616.000000
-584.000000
-598.000000
-582.000000
-614.000000
-606.000000
-608.000000
-598.000000
-608.000000
-590.000000
-580.000000
-596.000000
-620.000000
-590.000000
-592.000000
-594.000000
-628.000000
-594.000000
-586.000000
-696.000000
-624.000000
-588.000000
-582.000000
-590.000000
-630.000000
-646.000000
-586.000000
-596.000000
-640.000000
-592.000000
-596.000000
-638.000000
-578.000000
-614.000000
-610.000000
-588.000000
-610.000000
-592.000000
-590.000000
-612.000000
-612.000000
-586.000000
-600.000000
-592.000000
-606.000000
-586.000000
-594.000000
-596.000000
-626.000000
-590.000000
-580.000000
-594.000000
-616.000000
-596.000000
-592.000000
-616.000000
-632.000000
-598.000000
-658.000000
-588.000000
-640.000000
-610.000000
-584.000000
-578.000000
-640.000000
-612.000000
-654.000000
-592.000000
-626.000000
-602.000000
-614.000000
-640.000000
-636.000000
-596.000000
-588.000000
-590.000000
-594.000000
-582.000000
-600.000000
-578.000000
-638.000000
-608.000000
-590.000000
-596.000000
-618.000000
-592.000000
-606.000000
-598.000000
-640.000000
-606.000000
-580.000000
-586.000000
-634.000000
-600.000000
-600.000000
-580.000000
-630.000000
-610.000000
-586.000000
-616.000000
-624.000000
-598.000000
-606.000000
-588.000000
-616.000000
-594.000000
-600.000000
-582.000000
-620.000000
-658.000000
-598.000000
-596.000000
-632.000000
-592.000000
-604.000000
-582.000000
-576.000000
-602.000000
-640.000000
-610.000000
-606.000000
-588.000000
-604.000000
-606.000000
-606.000000
-590.000000
-598.000000
-586.000000
-586.000000
-616.000000
-598.000000
-616.000000
-618.000000
-598.000000
-610.000000
-602.000000
-626.000000
-602.000000
-616.000000
-600.000000
-582.000000
-618.000000
-600.000000
-600.000000
-636.000000
-606.000000
-608.000000
-660.000000
-638.000000
-604.000000
-626.000000
-632.000000
-586.000000
-624.000000
-602.000000
-652.000000
-602.000000
-694.000000
-618.000000
-646.000000
-664.000000
-700.000000
-592.000000
-678.000000
-674.000000
-688.000000
-674.000000
-620.000000
-684.000000
-642.000000
-642.000000
-648.000000
-624.000000
-662.000000
-676.000000
-686.000000
-684.000000
-680.000000
-602.000000
-682.000000
-578.000000
-680.000000
-682.000000
-652.000000
-690.000000
-656.000000
-672.000000
-690.000000
-686.000000
-588.000000
-668.000000
-682.000000
-642.000000
-660.000000
-680.000000
-642.000000
-614.000000
-682.000000
-692.000000
-656.000000
-594.000000
-694.000000
-668.000000
-602.000000
-590.000000
-630.000000
-590.000000
-684.000000
-594.000000
-608.000000
-704.000000
-598.000000
-642.000000
-630.000000
-520.000000
-710.000000
-406.000000
-568.000000
-360.000000
-272.000000
-422.000000
-428.000000
-342.000000
-554.000000
-390.000000
-628.000000
-552.000000
-560.000000
-942.000000
-940.000000
-978.000000
-1184.000000
-1326.000000
-1154.000000
-1652.000000
-432.000000
-486.000000
-980.000000
-1200.000000
-972.000000
-1102.000000
-968.000000
-992.000000
-468.000000
-978.000000
-994.000000
-932.000000
-708.000000
-1146.000000
-1270.000000
-832.000000
-810.000000
158.000000
-146.000000
-376.000000
-232.000000
-214.000000
-670.000000
-1000.000000
-1116.000000
-1120.000000
-908.000000
-1108.000000
-1492.000000
-2108.000000
-2162.000000
-2262.000000
-2384.000000
-1968.000000
-1798.000000
-1452.000000
-1420.000000
-1740.000000
-1836.000000
-2282.000000
-2262.000000
-2350.000000
-2340.000000
-2244.000000
-2334.000000
-2776.000000
-2844.000000
-2832.000000
-3038.000000
-2798.000000
-2918.000000
-3014.000000
-3134.000000
-3294.000000
-3480.000000
-3868.000000
-3870.000000
-4156.000000
-4074.000000
-3618.000000
-3280.000000
-3246.000000
-3158.000000
-3452.000000
-3252.000000
-2728.000000
-2598.000000
-2502.000000
-2446.000000
-2716.000000
-2890.000000
-2792.000000
-3070.000000
-2756.000000
-2710.000000
-2564.000000
-2490.000000
-1622.000000
-3428.000000
-3264.000000
-3466.000000
-3392.000000
-3616.000000
-3562.000000
-3348.000000
-2724.000000
-2282.000000
-2630.000000
-2816.000000
-2712.000000
-2866.000000
-2968.000000
-2994.000000
-2648.000000
-2668.000000
-2712.000000
-2698.000000
-2784.000000
-2900.000000
-2876.000000
-2592.000000
-2904.000000
-2954.000000
-2922.000000
-2910.000000
-3032.000000
-2896.000000
-3006.000000
-2982.000000
-3104.000000
-3110.000000
-3132.000000
-3136.000000
-3174.000000
-3164.000000
-3192.000000
-3340.000000
-3408.000000
-3312.000000
-3196.000000
-3254.000000
-3200.000000
-3136.000000
-3024.000000
-3134.000000
-3074.000000
-3016.000000
-3030.000000
-3012.000000
-3044.000000
-3052.000000
-3014.000000
-3016.000000
-2912.000000
-2980.000000
-3072.000000
-3012.000000
-2922.000000
-2902.000000
-2936.000000
-2936.000000
-2890.000000
-2898.000000
-2970.000000
-2956.000000
-2944.000000
-2934.000000
-2912.000000
-2950.000000
-2916.000000
-2912.000000
-2938.000000
-2958.000000
-2930.000000
-2882.000000
-2912.000000
-2934.000000
-2886.000000
-2910.000000
-2914.000000
-2910.000000
-2888.000000
-2858.000000
-2914.000000
-2910.000000
-2880.000000
-2900.000000
-2894.000000
-3136.000000
-2894.000000
-2930.000000
-2852.000000
-2888.000000
-2836.000000
-2932.000000
-2888.000000
-2914.000000
-2896.000000
-2912.000000
-2914.000000
-2920.000000
-2878.000000
-2922.000000
-2888.000000
-2904.000000
-2906.000000
-3006.000000
-2926.000000
-2934.000000
-2926.000000
-2884.000000
-2924.000000
-2934.000000
-2908.000000
-2954.000000
-2962.000000
-2938.000000
-2884.000000
-2888.000000
-2984.000000
-2890.000000
-2988.000000
-3006.000000
-2998.000000
-2964.000000
-2930.000000
-3002.000000
-2890.000000
-2950.000000
-2986.000000
-2974.000000
-2966.000000
-2988.000000
-2928.000000
-2968.000000
-2992.000000
-2946.000000
-2922.000000
-2980.000000
-2980.000000
-2980.000000
-2912.000000
-2958.000000
-2994.000000
-2958.000000
-2884.000000
-2956.000000
-2908.000000
-2912.000000
-2882.000000
-2998.000000
-2900.000000
-2992.000000
-2934.000000
-2968.000000
-2952.000000
-2964.000000
-2910.000000
-2996.000000
-2948.000000
-2928.000000
-2944.000000
-2954.000000
-2976.000000
-2914.000000
-2900.000000
-2970.000000
-2998.000000
-2958.000000
-2914.000000
-3008.000000
-3006.000000
-3068.000000
-2960.000000
-3042.000000
-3046.000000
-3014.000000
-3014.000000
-3084.000000
-2976.000000
-3096.000000
-3106.000000
-3082.000000
-3144.000000
-3154.000000
-3136.000000
-3066.000000
-3004.000000
-3104.000000
-3090.000000
-3322.000000
-3568.000000
-3212.000000
-3072.000000
-3066.000000
-3020.000000
-2936.000000
-2594.000000
-2438.000000
-2216.000000
-2014.000000
-1842.000000
-1900.000000
-1956.000000
-2076.000000
-2018.000000
-2072.000000
-2144.000000
-2090.000000
-2492.000000
-2834.000000
-2490.000000
-2540.000000
-2406.000000
-2418.000000
-2486.000000
-2472.000000
-2584.000000
-2684.000000
-2928.000000
-2776.000000
-2776.000000
-2694.000000
-2552.000000
-2530.000000
-2614.000000
-2568.000000
-2548.000000
-2744.000000
-2956.000000
-2950.000000
-2862.000000
-2592.000000
-2478.000000
-2434.000000
-2476.000000
-2540.000000
-2514.000000
-2504.000000
-2538.000000
-2600.000000
-2548.000000
-2554.000000
-2606.000000
-2590.000000
-2574.000000
-2590.000000
-2560.000000
-2544.000000
-2526.000000
-2598.000000
-2530.000000
-2622.000000
-2540.000000
-2612.000000
-2540.000000
-2562.000000
-2634.000000
-2734.000000
-2574.000000
-2548.000000
-2492.000000
-2476.000000
-2590.000000
-2602.000000
-2508.000000
-2524.000000
-2570.000000
-2600.000000
-2512.000000
-2528.000000
-2576.000000
-2568.000000
-2508.000000
-2516.000000
-2510.000000
-2550.000000
-2546.000000
-2538.000000
-2516.000000
-2562.000000
-2566.000000
-2604.000000
-2560.000000
-2512.000000
-2534.000000
-2590.000000
-2558.000000
-2584.000000
-2514.000000
-2594.000000
-2620.000000
-2524.000000
-2522.000000
-2576.000000
-2606.000000
-2564.000000
-2516.000000
-2568.000000
-2582.000000
-2592.000000
-2550.000000
-2540.000000
-2620.000000
-2594.000000
-2532.000000
-2564.000000
-2588.000000
-2596.000000
-2592.000000
-2600.000000
-2602.000000
-2570.000000
-2612.000000
-2546.000000
-2540.000000
-2530.000000
-2526.000000
-2534.000000
-2580.000000
-2544.000000
-2550.000000
-2516.000000
-2590.000000
-2594.000000
-2560.000000
-2610.000000
-2576.000000
-2562.000000
-2612.000000
-2596.000000
-2624.000000
-2548.000000
-2540.000000
-2582.000000
-2554.000000
-2616.000000
-2598.000000
-2612.000000
-2572.000000
-2600.000000
-2536.000000
-2524.000000
-2528.000000
-2610.000000
-2544.000000
-2562.000000
-2582.000000
-2578.000000
-2502.000000
-2612.000000
-2612.000000
-2572.000000
-2502.000000
-2588.000000
-2600.000000
-2584.000000
-2554.000000
-2592.000000
-2546.000000
-2600.000000
-2534.000000
-2596.000000
-2588.000000
-2586.000000
-2558.000000
-2606.000000
-2582.000000
-2610.000000
-2514.000000
-2602.000000
-2660.000000
-2580.000000
-2528.000000
-2590.000000
-2594.000000
-2612.000000
-2520.000000
-2596.000000
-2610.000000
-2570.000000
-2520.000000
-2614.000000
-2598.000000
-2562.000000
-2624.000000
-2570.000000
-2594.000000
-2572.000000
-2606.000000
-2570.000000
-2616.000000
-2610.000000
-2576.000000
-2602.000000
-2510.000000
-2614.000000
-2536.000000
-2540.000000
-2608.000000
-2552.000000
-2514.000000
-2576.000000
-2570.000000
-2502.000000
-2556.000000
-2590.000000
-2548.000000
-2586.000000
-2500.000000
-2518.000000
-2504.000000
-2530.000000
-2538.000000
-2590.000000
-2618.000000
-2504.000000
-2542.000000
-2508.000000
-2568.000000
-2608.000000
-2588.000000
-2608.000000
-2554.000000
-2604.000000
-2556.000000
-2566.000000
-2562.000000
-2622.000000
-2560.000000
-2624.000000
-2548.000000
-2584.000000
-2578.000000
-2582.000000
-2530.000000
-2548.000000
-2542.000000
-2558.000000
-2530.000000
-2596.000000
-2502.000000
-2544.000000
-2514.000000
-2534.000000
-2522.000000
-2538.000000
-2622.000000
-2558.000000
-2548.000000
-2554.000000
-2534.000000
-2518.000000
-2556.000000
-2560.000000
-2514.000000
-2622.000000
-2506.000000
-2620.000000
-2602.000000
-2606.000000
-2608.000000
-2604.000000
-2620.000000
-2514.000000
-2624.000000
-2616.000000
-2606.000000
-2572.000000
-2518.000000
-2554.000000
-2600.000000
-2606.000000
-2598.000000
-2584.000000
-2564.000000
-2584.000000
-2512.000000
-2564.000000
-2616.000000
-2602.000000
-2590.000000
-2594.000000
-2568.000000
-2592.000000
-2570.000000
-2566.000000
-2616.000000
-2612.000000
-2584.000000
-2590.000000
-2614.000000
-2614.000000
-2620.000000
-2586.000000
-2564.000000
-2616.000000
-2532.000000
-2608.000000
-2620.000000
-2616.000000
-2560.000000
-2570.000000
-2578.000000
-2588.000000
-2498.000000
-2570.000000
-2590.000000
-2548.000000
-2572.000000
-2562.000000
-2600.000000
-2608.000000
-2554.000000
-2552.000000
-2614.000000
-2616.000000
-2524.000000
-2590.000000
-2518.000000
-2564.000000
-2506.000000
-2526.000000
-2604.000000
-2514.000000
-2532.000000
-2612.000000
-2608.000000
-2560.000000
-2502.000000
-2542.000000
-2516.000000
-2508.000000
-2520.000000
-2524.000000
-2600.000000
-2528.000000
-2560.000000
-2546.000000
-2556.000000
-2542.000000
-2552.000000
-2564.000000
-2526.000000
-2568.000000
-2518.000000
-2578.000000
-2590.000000
-2512.000000
-2548.000000
-2508.000000
-2596.000000
-2564.000000
-2516.000000
-2542.000000
-2552.000000
-2498.000000
-2488.000000
-2518.000000
-2554.000000
-2520.000000
-2502.000000
-2560.000000
-2548.000000
-2498.000000
-2552.000000
-2540.000000
-2592.000000
-2548.000000
-2608.000000
-2566.000000
-2542.000000
-2600.000000
-2502.000000
-2578.000000
-2596.000000
-2610.000000
-2528.000000
-2550.000000
-2614.000000
-2616.000000
-2542.000000
-2608.000000
-2556.000000
-2582.000000
-2588.000000
-2614.000000
-2550.000000
-2556.000000
-2588.000000
-2604.000000
-2572.000000
-2592.000000
-2538.000000
-2520.000000
-2556.000000
-2616.000000
-2570.000000
-2596.000000
-2564.000000
-2572.000000
-2606.000000
-2568.000000
-2610.000000
-2568.000000
-2514.000000
-2604.000000
-2622.000000
-2590.000000
-2560.000000
-2536.000000
-2548.000000
-2570.000000
-2498.000000
-2524.000000
-2528.000000
-2558.000000
-2560.000000
-2606.000000
-2598.000000
-2570.000000
-2504.000000
-2624.000000
-2506.000000
-2510.000000
-2476.000000
-2646.000000
-2628.000000
-2590.000000
-2522.000000
-2602.000000
-2506.000000
-2620.000000
-2540.000000
-2536.000000
-2504.000000
-2524.000000
-2510.000000
-2536.000000
-2578.000000
-2610.000000
-2592.000000
-2566.000000
-2576.000000
-2566.000000
-2558.000000
-2498.000000
-2622.000000
-2564.000000
-2590.000000
-2612.000000
-2608.000000
-2620.000000
-2524.000000
-2616.000000
-2604.000000
-2610.000000
-2614.000000
-2588.000000
-2624.000000
-2622.000000
-2582.000000
-2578.000000
-2682.000000
-2634.000000
-2620.000000
-2616.000000
-2594.000000
-2574.000000
-2566.000000
-2644.000000
-2584.000000
-2594.000000
-2544.000000
-2570.000000
-2596.000000
-2594.000000
-2612.000000
-2572.000000
-2622.000000
-2596.000000
-2600.000000
-2586.000000
-2582.000000
-2616.000000
-2564.000000
-2592.000000
-2608.000000
-2582.000000
-2610.000000
-2614.000000
-2606.000000
-2594.000000
-2566.000000
-2570.000000
-2620.000000
-2610.000000
-2612.000000
-2582.000000
-2624.000000
-2618.000000
-2528.000000
-2576.000000
-2614.000000
-2580.000000
-2572.000000
-2590.000000
-2610.000000
-2624.000000
-2616.000000
-2622.000000
-2618.000000
-2620.000000
-2506.000000
-2580.000000
-2606.000000
-2602.000000
-2582.000000
-2586.000000
-2612.000000
-2620.000000
-2618.000000
-2594.000000
-2564.000000
-2568.000000
-2564.000000
-2624.000000
-2592.000000
-2604.000000
-2612.000000
-2600.000000
-2582.000000
-2604.000000
-2614.000000
-2622.000000
-2594.000000
-2624.000000
-2570.000000
-2606.000000
-2574.000000
-2616.000000
-2552.000000
-2564.000000
-2586.000000
-2616.000000
-2558.000000
-2594.000000
-2588.000000
-2598.000000
-2622.000000
-2610.000000
-2612.000000
-2614.000000
-2514.000000
-2576.000000
-2584.000000
-2608.000000
-2578.000000
-2584.000000
-2582.000000
-2576.000000
-2604.000000
-2564.000000
-2608.000000
-2592.000000
-2624.000000
-2594.000000
-2570.000000
-2562.000000
-2596.000000
-2618.000000
-2610.000000
-2606.000000
-2572.000000
-2566.000000
-2612.000000
-2588.000000
-2616.000000
-2596.000000
-2550.000000
-2610.000000
-2592.000000
-2624.000000
-2594.000000
-2566.000000
-2612.000000
-2610.000000
-2590.000000
-2616.000000
-2568.000000
-2584.000000
-2610.000000
-2610.000000
-2552.000000
-2586.000000
-2576.000000
-2616.000000
-2534.000000
-2596.000000
-2508.000000
-2576.000000
-2588.000000
-2594.000000
-2586.000000
-2572.000000
-2616.000000
-2594.000000
-2580.000000
-2586.000000
-2536.000000
-2624.000000
-2614.000000
-2614.000000
-2582.000000
-2622.000000
-2590.000000
-2588.000000
-2526.000000
-2562.000000
-2606.000000
-2588.000000
-2614.000000
-2602.000000
-2562.000000
-2562.000000
-2578.000000
-2570.000000
-2622.000000
-2614.000000
-2624.000000
-2596.000000
-2620.000000
-2616.000000
-2518.000000
-2546.000000
-2528.000000
-2600.000000
-2588.000000
-2598.000000
-2586.000000
-2568.000000
-2564.000000
-2618.000000
-2556.000000
-2612.000000
-2580.000000
-2576.000000
-2582.000000
-2562.000000
-2590.000000
-2570.000000
-2608.000000
-2572.000000
-2616.000000
-2576.000000
-2584.000000
-2570.000000
-2564.000000
-2596.000000
-2628.000000
-2654.000000
-2598.000000
-2566.000000
-2598.000000
-2598.000000
-2618.000000
-2602.000000
-2620.000000
-2592.000000
-2624.000000
-2618.000000
-2610.000000
-2606.000000
-2544.000000
-2518.000000
-2600.000000
-2660.000000
-2674.000000
-2572.000000
-2588.000000
-2600.000000
-2590.000000
-2564.000000
-2508.000000
-2570.000000
-2512.000000
-2534.000000
-2548.000000
-2556.000000
-2440.000000
-2556.000000
-2438.000000
-2452.000000
-2472.000000
-2478.000000
-2412.000000
-2416.000000
-2472.000000
-2472.000000
-2416.000000
-2378.000000
-2396.000000
-2336.000000
-2340.000000
-2376.000000
-2358.000000
-2348.000000
-2314.000000
-2138.000000
-2234.000000
-2282.000000
-2232.000000
-2060.000000
-1898.000000
-1800.000000
-1846.000000
-1644.000000
-1886.000000
-1822.000000
-1842.000000
-2094.000000
-2228.000000
-2250.000000
-2352.000000
-2292.000000
-2192.000000
-2304.000000
-2426.000000
-2446.000000
-2474.000000
-2406.000000
-2420.000000
-2320.000000
-2432.000000
-2410.000000
-2334.000000
-2476.000000
-2402.000000
-2408.000000
-2472.000000
-2438.000000
-2396.000000
-2408.000000
-2536.000000
-2552.000000
-2538.000000
-2572.000000
-2622.000000
-2604.000000
-2570.000000
-2606.000000
-2546.000000
-2526.000000
-2510.000000
-2604.000000
-2510.000000
-2556.000000
-2558.000000
-2562.000000
-2596.000000
-2580.000000
-2546.000000
-2558.000000
-2600.000000
-2580.000000
-2522.000000
-2498.000000
-2510.000000
-2546.000000
-2522.000000
-2508.000000
-2522.000000
-2540.000000
-2526.000000
-2540.000000
-2544.000000
-2500.000000
-2506.000000
-2514.000000
-2528.000000
-2534.000000
-2544.000000
-2552.000000
-2550.000000
-2502.000000
-2550.000000
-2506.000000
-2568.000000
-2518.000000
-2502.000000
-2594.000000
-2550.000000
-2538.000000
-2454.000000
-2532.000000
-2440.000000
-2560.000000
-2468.000000
-2516.000000
-2522.000000
-2512.000000
-2534.000000
-2502.000000
-2534.000000
-2508.000000
-2556.000000
-2524.000000
-2514.000000
-2534.000000
-2542.000000
-2584.000000
-2542.000000
-2528.000000
-2542.000000
-2516.000000
-2570.000000
-2498.000000
-2536.000000
-2504.000000
-2564.000000
-2556.000000
-2506.000000
-2548.000000
-2534.000000
-2532.000000
-2518.000000
-2540.000000
-2512.000000
-2514.000000
-2512.000000
-2546.000000
-2520.000000
-2558.000000
-2526.000000
-2512.000000
-2522.000000
-2532.000000
-2528.000000
-2552.000000
-2512.000000
-2512.000000
-2536.000000
-2520.000000
-2526.000000
-2538.000000
-2518.000000
-2540.000000
-2540.000000
-2540.000000
-2510.000000
-2502.000000
-2504.000000
-2530.000000
-2520.000000
-2550.000000
-2524.000000
-2538.000000
-2554.000000
-2502.000000
-2516.000000
-2550.000000
-2460.000000
-2534.000000
-2516.000000
-2520.000000
-2516.000000
-2514.000000
-2522.000000
-2540.000000
-2580.000000
-2570.000000
-2540.000000
-2534.000000
-2476.000000
-2454.000000
-2506.000000
-2618.000000
-2586.000000
-2570.000000
-2552.000000
-2440.000000
-2498.000000
-2542.000000
-2500.000000
-2544.000000
-2554.000000
-2618.000000
-2592.000000
-2606.000000
-2524.000000
-2540.000000
-2546.000000
-2510.000000
-2502.000000
-2578.000000
-2564.000000
-2572.000000
-2698.000000
-2670.000000
-2930.000000
-2856.000000
-2662.000000
-2620.000000
-2618.000000
-2440.000000
-2362.000000
-2396.000000
-2486.000000
-2728.000000
-2714.000000
-2734.000000
-2832.000000
-2956.000000
-3032.000000
-3114.000000
-2988.000000
-2992.000000
-3506.000000
-3350.000000
-3182.000000
-3376.000000
-3678.000000
-3406.000000
-3108.000000
-3248.000000
-3392.000000
-3310.000000
-3014.000000
-3112.000000
-3688.000000
-3428.000000
-2484.000000
-3156.000000
-4330.000000
-4476.000000
-3016.000000
-3290.000000
-4004.000000
-3758.000000
-2894.000000
-3116.000000
-3932.000000
-4214.000000
-4160.000000
-4354.000000
-3916.000000
-3322.000000
-3468.000000
-4044.000000
-3810.000000
-3684.000000
-3604.000000
-3516.000000
-3514.000000
-3578.000000
-3620.000000
-3744.000000
-4020.000000
-3928.000000
-3872.000000
-3716.000000
-3510.000000
-3504.000000
-3334.000000
-3406.000000
-3530.000000
-3554.000000
-3420.000000
-3572.000000
-4012.000000
-4014.000000
-3866.000000
-3830.000000
-3784.000000
-3760.000000
-3788.000000
-3944.000000
-3728.000000
-3824.000000
-3886.000000
-3896.000000
-3754.000000
-3728.000000
-3730.000000
-3850.000000
-3966.000000
-3952.000000
-3844.000000
-3828.000000
-3764.000000
-3730.000000
-3764.000000
-3708.000000
-3778.000000
-3792.000000
-3756.000000
-3690.000000
-3692.000000
-3724.000000
-3864.000000
-3782.000000
-3504.000000
-3758.000000
-3702.000000
-3748.000000
-3808.000000
-3888.000000
-3802.000000
-3778.000000
-3684.000000
-3686.000000
-3822.000000
-3834.000000
-3766.000000
-3790.000000
-3824.000000
-3804.000000
-3798.000000
-3848.000000
-3736.000000
-3832.000000
-3716.000000
-3726.000000
-3812.000000
-3814.000000
-3634.000000
-3794.000000
-3784.000000
-3714.000000
-3682.000000
-3740.000000
-3700.000000
-3710.000000
-3742.000000
-3766.000000
-3788.000000
-3818.000000
-3654.000000
-3758.000000
-3760.000000
-3742.000000
-3634.000000
-3668.000000
-3680.000000
-3654.000000
-3654.000000
-3740.000000
-3762.000000
-3714.000000
-3988.000000
-3918.000000
-3756.000000
-3548.000000
-3234.000000
-3252.000000
-3238.000000
-3210.000000
-3344.000000
-3442.000000
-3584.000000
-3640.000000
-3618.000000
-3696.000000
-3590.000000
-3602.000000
-3490.000000
-3570.000000
-3488.000000
-3538.000000
-3588.000000
-3588.000000
-3696.000000
-3648.000000
-3568.000000
-3566.000000
-3600.000000
-3594.000000
-3536.000000
-3576.000000
-3600.000000
-3522.000000
-3636.000000
-3596.000000
-3640.000000
-3552.000000
-3654.000000
-3734.000000
-3674.000000
-3560.000000
-3586.000000
-3640.000000
-3696.000000
-3682.000000
-3702.000000
-3688.000000
-3540.000000
-3522.000000
-3538.000000
-3598.000000
-3642.000000
-3618.000000
-3642.000000
-3702.000000
-3598.000000
-3656.000000
-3650.000000
-3718.000000
-3716.000000
-3726.000000
-3664.000000
-3678.000000
-3610.000000
-3644.000000
-3534.000000
-3548.000000
-3550.000000
-3546.000000
-3778.000000
-3892.000000
-3802.000000
-3818.000000
-3848.000000
-3894.000000
-3790.000000
-3742.000000
-3630.000000
-3586.000000
-3460.000000
-3664.000000
-3868.000000
-3808.000000
-3660.000000
-3770.000000
-3684.000000
-3616.000000
-3712.000000
-3856.000000
-3680.000000
-3672.000000
-3746.000000
-3770.000000
-3720.000000
-3828.000000
-3806.000000
-3680.000000
-3590.000000
-3596.000000
-3680.000000
-4026.000000
-3650.000000
-3762.000000
-3838.000000
-3686.000000
-3844.000000
-3866.000000
-3804.000000
-3722.000000
-3612.000000
-3834.000000
-4024.000000
-3814.000000
-3592.000000
-3650.000000
-3758.000000
-3848.000000
-3602.000000
-3554.000000
-3558.000000
-3762.000000
-4174.000000
-4320.000000
-3740.000000
-3338.000000
-3836.000000
-3914.000000
-4060.000000
-3852.000000
-3558.000000
-3620.000000
-3870.000000
-3972.000000
-3800.000000
-3840.000000
-3822.000000
-3808.000000
-3630.000000
-3600.000000
-3718.000000
-3798.000000
-4004.000000
-4018.000000
-3826.000000
-3754.000000
-3824.000000
-3780.000000
-3734.000000
-3660.000000
-3582.000000
-3578.000000
-3554.000000
-3882.000000
-4066.000000
-3972.000000
-3828.000000
-3714.000000
-3810.000000
-3820.000000
-3900.000000
-3798.000000
-3882.000000
-3864.000000
-3880.000000
-3748.000000
-3718.000000
-3808.000000
-3806.000000
-3858.000000
-3814.000000
-3808.000000
-3678.000000
-3668.000000
-3824.000000
-3812.000000
-3818.000000
-3782.000000
-3720.000000
-3738.000000
-3818.000000
-3864.000000
-3716.000000
-3772.000000
-3742.000000
-3716.000000
-3818.000000
-3798.000000
-3832.000000
-3888.000000
-3744.000000
-3696.000000
-3602.000000
-3716.000000
-3950.000000
-3924.000000
-3780.000000
-3764.000000
-3830.000000
-3822.000000
-3848.000000
-3836.000000
-3902.000000
-3886.000000
-3836.000000
-3714.000000
-3730.000000
-3786.000000
-3820.000000
-3804.000000
-3724.000000
-3820.000000
-3822.000000
-3856.000000
-3838.000000
-3848.000000
-3854.000000
-3880.000000
-3830.000000
-3872.000000
-3896.000000
-3786.000000
-3868.000000
-3914.000000
-3900.000000
-3794.000000
-3836.000000
-3802.000000
-3848.000000
-3840.000000
-3798.000000
-3834.000000
-3756.000000
-3742.000000
-3724.000000
-3808.000000
-3820.000000
-3832.000000
-3802.000000
-3874.000000
-3890.000000
-3780.000000
-3772.000000
-3716.000000
-3746.000000
-3706.000000
-3672.000000
-3754.000000
-3760.000000
-3746.000000
-3876.000000
-3940.000000
-3784.000000
-3802.000000
-3726.000000
-3810.000000
-3700.000000
-3642.000000
-3772.000000
-3888.000000
-3964.000000
-3868.000000
-3784.000000
-3806.000000
-3800.000000
-3760.000000
-3670.000000
-3732.000000
-3814.000000
-3804.000000
-3746.000000
-3812.000000
-3744.000000
-3744.000000
-3682.000000
-3694.000000
-3720.000000
-3762.000000
-3776.000000
-3700.000000
-3722.000000
-3652.000000
-3672.000000
-3696.000000
-3804.000000
-3832.000000
-3702.000000
-3684.000000
-3776.000000
-3734.000000
-3764.000000
-3814.000000
-3878.000000
-3826.000000
-3700.000000
-3694.000000
-3700.000000
-3652.000000
-3716.000000
-3758.000000
-3754.000000
-3748.000000
-3760.000000
-3728.000000
-3764.000000
-3780.000000
-3770.000000
-3788.000000
-3816.000000
-3804.000000
-3812.000000
-3784.000000
-3732.000000
-3826.000000
-3718.000000
-3812.000000
-3920.000000
-3910.000000
-3800.000000
-3872.000000
-3800.000000
-3784.000000
-3798.000000
-3810.000000
-3770.000000
-3826.000000
-3828.000000
-3840.000000
-3776.000000
-3812.000000
-3780.000000
-3800.000000
-3816.000000
-3778.000000
-3676.000000
-3668.000000
-3820.000000
-3818.000000
-3720.000000
-3780.000000
-3796.000000
-3784.000000
-3744.000000
-3718.000000
-3866.000000
-3882.000000
-3840.000000
-3792.000000
-3902.000000
-3814.000000
-3744.000000
-3736.000000
-3746.000000
-3828.000000
-3796.000000
-3782.000000
-3858.000000
-3902.000000
-3732.000000
-3800.000000
-3824.000000
-3824.000000
-3802.000000
-3802.000000
-3750.000000
-3804.000000
-3778.000000
-3796.000000
-3818.000000
-3830.000000
-3778.000000
-3826.000000
-3872.000000
-3814.000000
-3796.000000
-3812.000000
-3770.000000
-3654.000000
-3718.000000
-3778.000000
-3836.000000
-3788.000000
-3840.000000
-3788.000000
-3738.000000
-3748.000000
-3776.000000
-3818.000000
-3758.000000
-3810.000000
-3756.000000
-3772.000000
-3750.000000
-3806.000000
-3750.000000
-3788.000000
-3818.000000
-3790.000000
-3828.000000
-3832.000000
-3770.000000
-3780.000000
-3788.000000
-3784.000000
-3780.000000
-3812.000000
-3720.000000
-3718.000000
-3738.000000
-3822.000000
-3820.000000
-3780.000000
-3820.000000
-3788.000000
-3756.000000
-3820.000000
-3750.000000
-3824.000000
-3754.000000
-3778.000000
-3856.000000
-3870.000000
-3822.000000
-3810.000000
-3822.000000
-3756.000000
-3734.000000
-3716.000000
-3786.000000
-3838.000000
-3788.000000
-3824.000000
-3718.000000
-3784.000000
-3744.000000
-3746.000000
-3750.000000
-3836.000000
-3744.000000
-3794.000000
-3740.000000
-3820.000000
-3776.000000
-3816.000000
-3788.000000
-3836.000000
-3770.000000
-3760.000000
-3782.000000
-3796.000000
-3804.000000
-3812.000000
-3810.000000
-3806.000000
-3776.000000
-3836.000000
-3802.000000
-3822.000000
-3760.000000
-3750.000000
-3824.000000
-3782.000000
-3800.000000
-3800.000000
-3802.000000
-3754.000000
-3764.000000
-3822.000000
-3750.000000
-3824.000000
-3730.000000
-3834.000000
-3790.000000
-3830.000000
-3716.000000
-3836.000000
-3810.000000
-3818.000000
-3774.000000
-3828.000000
-3814.000000
-3876.000000
-3798.000000
-3828.000000
-3754.000000
-3754.000000
-3738.000000
-3762.000000
-3760.000000
-3824.000000
-3762.000000
-3740.000000
-3714.000000
-3824.000000
-3730.000000
-3748.000000
-3888.000000
-3816.000000
-3818.000000
-3820.000000
-3862.000000
-3860.000000
-3834.000000
-3878.000000
-3798.000000
-3822.000000
-3838.000000
-3894.000000
-3852.000000
-3888.000000
-3868.000000
-3946.000000
-3874.000000
-3876.000000
-3828.000000
-3898.000000
-3818.000000
-3808.000000
-3854.000000
-3938.000000
-3952.000000
-3914.000000
-3796.000000
-3816.000000
-3828.000000
-3824.000000
-3770.000000
-3748.000000
-3790.000000
-3778.000000
-3714.000000
-3816.000000
-3852.000000
-3860.000000
-3820.000000
-3760.000000
-3786.000000
-3794.000000
-3788.000000
-3834.000000
-3808.000000
-3822.000000
-3748.000000
-3766.000000
-3750.000000
-3810.000000
-3742.000000
-3826.000000
-3790.000000
-3814.000000
-3772.000000
-3770.000000
-3798.000000
-3750.000000
-3816.000000
-3824.000000
-3882.000000
-3934.000000
-3810.000000
-3776.000000
-3612.000000
-3758.000000
-3882.000000
-3932.000000
-3798.000000
-3750.000000
-3780.000000
-3830.000000
-3800.000000
-3810.000000
-3830.000000
-3828.000000
-3860.000000
-3814.000000
-3756.000000
-3782.000000
-3822.000000
-3832.000000
-3834.000000
-3830.000000
-3758.000000
-3834.000000
-3828.000000
-3820.000000
-3832.000000
-3806.000000
-3820.000000
-3818.000000
-3890.000000
-3838.000000
-3780.000000
-3830.000000
-3810.000000
-3868.000000
-3816.000000
-3788.000000
-3800.000000
-3788.000000
-3808.000000
-3830.000000
-3830.000000
-3830.000000
-3792.000000
-3814.000000
-3836.000000
-3870.000000
-3842.000000
-3844.000000
-3842.000000
-3888.000000
-3746.000000
-3840.000000
-3954.000000
-3798.000000
-3784.000000
-3796.000000
-3824.000000
-3830.000000
-3782.000000
-3854.000000
-3826.000000
-3848.000000
-3810.000000
-3806.000000
-3760.000000
-3686.000000
-3738.000000
-3772.000000
-3764.000000
-3762.000000
-3798.000000
-3814.000000
-3822.000000
-3834.000000
-3836.000000
-3874.000000
-3778.000000
-3718.000000
-3706.000000
-3708.000000
-3726.000000
-3820.000000
-3874.000000
-3888.000000
-3922.000000
-3932.000000
-3848.000000
-3962.000000
-3946.000000
-3904.000000
-3826.000000
-3846.000000
-3782.000000
-3762.000000
-3676.000000
-3766.000000
-3724.000000
-3680.000000
-3752.000000
-3732.000000
-3768.000000
-3786.000000
-3764.000000
-3722.000000
-3746.000000
-3810.000000
-3738.000000
-3732.000000
-3798.000000
-3856.000000
-3718.000000
-3764.000000
-3716.000000
-3722.000000
-3746.000000
-3820.000000
-3822.000000
-3816.000000
-3744.000000
-3810.000000
-3814.000000
-3804.000000
-3800.000000
-3794.000000
-3794.000000
-3824.000000
-3750.000000
-3810.000000
-3848.000000
-3834.000000
-3886.000000
-3826.000000
-3778.000000
-3806.000000
-3798.000000
-3792.000000
-3844.000000
-3888.000000
-3834.000000
-3788.000000
-3802.000000
-3784.000000
-3834.000000
-3818.000000
-3866.000000
-3784.000000
-3832.000000
-3812.000000
-3826.000000
-3774.000000
-3744.000000
-3752.000000
-3754.000000
-3828.000000
-3812.000000
-3842.000000
-3804.000000
-3784.000000
-3820.000000
-3790.000000
-3840.000000
-3788.000000
-3802.000000
-3780.000000
-3800.000000
-3820.000000
-3756.000000
-3790.000000
-3822.000000
-3818.000000
-3840.000000
-3836.000000
-3782.000000
-3830.000000
-3896.000000
-3868.000000
-3804.000000
-3746.000000
-3822.000000
-3782.000000
-3800.000000
-3790.000000
-3812.000000
-3780.000000
-3770.000000
-3830.000000
-3814.000000
-3850.000000
-3810.000000
-3860.000000
-3776.000000
-3740.000000
-3694.000000
-3748.000000
-3866.000000
-3912.000000
-3800.000000
-3802.000000
-3650.000000
-3774.000000
-3818.000000
-3800.000000
-3800.000000
-3808.000000
-3802.000000
-3798.000000
-3760.000000
-3802.000000
-3794.000000
-3798.000000
-3740.000000
-3782.000000
-3838.000000
-3810.000000
-3716.000000
-3834.000000
-3796.000000
-3786.000000
-3834.000000
-3794.000000
-3840.000000
-3758.000000
-3736.000000
-3882.000000
-3854.000000
-3816.000000
-3732.000000
-3832.000000
-3824.000000
-3810.000000
-3818.000000
-3894.000000
-3856.000000
-3828.000000
-3758.000000
-3870.000000
-3880.000000
-3816.000000
-3738.000000
-3714.000000
-3872.000000
-3888.000000
-3836.000000
-3834.000000
-3828.000000
-3804.000000
-3754.000000
-3786.000000
-3840.000000
-3792.000000
-3828.000000
-3840.000000
-3826.000000
-3880.000000
-3816.000000
-3804.000000
-3832.000000
-3786.000000
-3778.000000
-3894.000000
-3868.000000
-3822.000000
-3778.000000
-3780.000000
-3814.000000
-3794.000000
-3802.000000
-3846.000000
-3782.000000
-3816.000000
-3752.000000
-3800.000000
-3882.000000
-3904.000000
-3746.000000
-3834.000000
-3802.000000
-3826.000000
-3724.000000
-3838.000000
-3848.000000
-3904.000000
-3792.000000
-3790.000000
-3832.000000
-3832.000000
-3808.000000
-3756.000000
-3778.000000
-3846.000000
-3822.000000
-3826.000000
-3832.000000
-3834.000000
-3734.000000
-3798.000000
-3812.000000
-3830.000000
-3814.000000
-3792.000000
-3822.000000
-3800.000000
-3758.000000
-3778.000000
-3892.000000
-3828.000000
-3892.000000
-3870.000000
-3782.000000
-3800.000000
-3812.000000
-3780.000000
-3836.000000
-3780.000000
-3782.000000
-3818.000000
-3826.000000
-3850.000000
-3800.000000
-3788.000000
-3814.000000
-3802.000000
-3778.000000
-3798.000000
-3792.000000
-3828.000000
-3822.000000
-3816.000000
-3816.000000
-3816.000000
-3818.000000
-3820.000000
-3820.000000
-3840.000000
-3804.000000
-3784.000000
-3810.000000
-3796.000000
-3836.000000
-3878.000000
-3804.000000
-3800.000000
-3790.000000
-3782.000000
-3828.000000
-3828.000000
-3788.000000
-3834.000000
-3792.000000
-3812.000000
-3810.000000
-3830.000000
-3822.000000
-3828.000000
-3826.000000
-3840.000000
-3794.000000
-3824.000000
-3794.000000
-3830.000000
-3902.000000
-3840.000000
-3734.000000
-3812.000000
-3784.000000
-3828.000000
-3826.000000
-3870.000000
-3850.000000
-3806.000000
-3712.000000
-3744.000000
-3756.000000
-3894.000000
-3916.000000
-3932.000000
-3824.000000
-3756.000000
-3678.000000
-3794.000000
-3830.000000
-3886.000000
-3822.000000
-3872.000000
-3868.000000
-3862.000000
-3816.000000
-3814.000000
-3740.000000
-3794.000000
-3862.000000
-3936.000000
-3892.000000
-3824.000000
-3794.000000
-3798.000000
-3820.000000
-3808.000000
-3766.000000
-3790.000000
-3780.000000
-3802.000000
-3762.000000
-3828.000000
-3808.000000
-3824.000000
-3838.000000
-3836.000000
-3824.000000
-3792.000000
-3792.000000
-3822.000000
-3784.000000
-3804.000000
-3786.000000
-3778.000000
-3780.000000
-3778.000000
-3828.000000
-3830.000000
-3836.000000
-3824.000000
-3816.000000
-3782.000000
-3786.000000
-3788.000000
-3778.000000
-3822.000000
-3786.000000
-3840.000000
-3810.000000
-3838.000000
-3806.000000
-3778.000000
-3828.000000
-3802.000000
-3800.000000
-3820.000000
-3834.000000
-3818.000000
-3880.000000
-3882.000000
-3696.000000
-3738.000000
-3874.000000
-3854.000000
-3776.000000
-3830.000000
-3766.000000
-3816.000000
-3714.000000
-3804.000000
-3838.000000
-3838.000000
-3786.000000
-3806.000000
-3850.000000
-3802.000000
-3786.000000
-3792.000000
-3788.000000
-3874.000000
-3802.000000
-3798.000000
-3798.000000
-3808.000000
-3808.000000
-3826.000000
-3806.000000
-3810.000000
-3852.000000
-3892.000000
-3844.000000
-3870.000000
-3894.000000
-3844.000000
-3972.000000
-4020.000000
-3956.000000
-4088.000000
-4078.000000
-4062.000000
-3970.000000
-4068.000000
-4082.000000
-3970.000000
-4080.000000
-4224.000000
-4200.000000
-4240.000000
-3948.000000
-4072.000000
-3980.000000
-3860.000000
-3864.000000
-3772.000000
-3686.000000
-3700.000000
-3650.000000
-3736.000000
-3840.000000
-3690.000000
-3538.000000
-3632.000000
-3590.000000
-3576.000000
-3446.000000
-3402.000000
-3550.000000
-3700.000000
-3462.000000
-3462.000000
-3544.000000
-3392.000000
-3416.000000
-3456.000000
-3488.000000
-3690.000000
-3696.000000
-4242.000000
-4018.000000
-3794.000000
-3138.000000
-3116.000000
-2890.000000
-2846.000000
-2924.000000
-2986.000000
-3022.000000
-3328.000000
-3534.000000
-3586.000000
-3548.000000
-3378.000000
-3094.000000
-2962.000000
-2922.000000
-2782.000000
-3328.000000
-3336.000000
-3440.000000
-3260.000000
-2518.000000
-2402.000000
-2158.000000
-2166.000000
-1730.000000
-1674.000000
-1676.000000
-1722.000000
-1636.000000
-1672.000000
-1728.000000
-1636.000000
-1718.000000
-1836.000000
-2170.000000
-2540.000000
-2926.000000
-2908.000000
-3058.000000
-2792.000000
-2448.000000
-2602.000000
-2760.000000
-3038.000000
-3350.000000
-3520.000000
-3038.000000
-2634.000000
-2338.000000
-2360.000000
-2354.000000
-2528.000000
-2674.000000
-2684.000000
-2600.000000
-2538.000000
-2514.000000
-2534.000000
-2582.000000
-2510.000000
-2588.000000
-2676.000000
-2664.000000
-2628.000000
-2602.000000
-2614.000000
-2604.000000
-2580.000000
-2620.000000
-2664.000000
-2738.000000
-2640.000000
-2642.000000
-2740.000000
-2656.000000
-2632.000000
-2696.000000
-2728.000000
-2592.000000
-2686.000000
-2580.000000
-2650.000000
-2706.000000
-2704.000000
-2678.000000
-2642.000000
-2666.000000
-2662.000000
-2640.000000
-2712.000000
-2708.000000
-2746.000000
-2652.000000
-2676.000000
-2626.000000
-2562.000000
-2662.000000
-2686.000000
-2682.000000
-2622.000000
-2680.000000
-2642.000000
-2580.000000
-2642.000000
-2666.000000
-2672.000000
-2650.000000
-2684.000000
-2640.000000
-2688.000000
-2740.000000
-2746.000000
-2682.000000
-2728.000000
-2638.000000
-2652.000000
-2626.000000
-2664.000000
-2664.000000
-2654.000000
-2662.000000
-2682.000000
-2616.000000
-2670.000000
-2660.000000
-2648.000000
-2608.000000
-2702.000000
-2258.000000
-2420.000000
-2596.000000
-2820.000000
-2936.000000
-2996.000000
-3114.000000
-2872.000000
-2716.000000
-2810.000000
-2740.000000
-2710.000000
-2684.000000
-2726.000000
-2722.000000
-2718.000000
-2712.000000
-2788.000000
-2816.000000
-2742.000000
-2710.000000
-2692.000000
-2738.000000
-2726.000000
-2772.000000
-2768.000000
-2760.000000
-2738.000000
-2712.000000
-2698.000000
-2762.000000
-2808.000000
-2748.000000
-2702.000000
-2746.000000
-2750.000000
-2700.000000
-2710.000000
-2692.000000
-2694.000000
-2734.000000
-2726.000000
-2702.000000
-2724.000000
-2720.000000
-2714.000000
-2734.000000
-2722.000000
-2712.000000
-2696.000000
-2808.000000
-2702.000000
-2700.000000
-2730.000000
-2798.000000
-2784.000000
-2708.000000
-2808.000000
-2802.000000
-2726.000000
-2720.000000
-2760.000000
-2702.000000
-2798.000000
-2702.000000
-2738.000000
-2762.000000
-2754.000000
-2692.000000
-2690.000000
-2722.000000
-2804.000000
-2702.000000
-2730.000000
-2696.000000
-2718.000000
-2698.000000
-2724.000000
-2800.000000
-2742.000000
-2698.000000
-2724.000000
-2784.000000
-2756.000000
-2732.000000
-2798.000000
-2690.000000
-2810.000000
-2740.000000
-2704.000000
-2710.000000
-2766.000000
-2752.000000
-2752.000000
-2762.000000
-2738.000000
-2742.000000
-2752.000000
-2696.000000
-2722.000000
-2750.000000
-2784.000000
-2798.000000
-2790.000000
-2766.000000
-2780.000000
-2798.000000
-2730.000000
-2730.000000
-2772.000000
-2734.000000
-2740.000000
-2732.000000
-2804.000000
-2808.000000
-2720.000000
-2712.000000
-2736.000000
-2742.000000
-2736.000000
-2710.000000
-2770.000000
-2728.000000
-2786.000000
-2716.000000
-2748.000000
-2736.000000
-2736.000000
-2732.000000
-2806.000000
-2730.000000
-2730.000000
-2738.000000
-2804.000000
-2698.000000
-2734.000000
-2694.000000
-2720.000000
-2810.000000
-2802.000000
-2732.000000
-2698.000000
-2796.000000
-2732.000000
-2738.000000
-2804.000000
-2802.000000
-2742.000000
-2796.000000
-2782.000000
-2796.000000
-2708.000000
-2690.000000
-2722.000000
-2748.000000
-2800.000000
-2736.000000
-2808.000000
-2746.000000
-2788.000000
-2728.000000
-2788.000000
-2724.000000
-2756.000000
-2742.000000
-2726.000000
-2772.000000
-2724.000000
-2792.000000
-2784.000000
-2744.000000
-2760.000000
-2716.000000
-2728.000000
-2718.000000
-2716.000000
-2750.000000
-2714.000000
-2726.000000
-2736.000000
-2784.000000
-2778.000000
-2694.000000
-2754.000000
-2712.000000
-2720.000000
-2708.000000
-2714.000000
-2724.000000
-2716.000000
-2798.000000
-2710.000000
-2716.000000
-2722.000000
-2792.000000
-2746.000000
-2724.000000
-2720.000000
-2752.000000
-2718.000000
-2700.000000
-2784.000000
-2696.000000
-2702.000000
-2736.000000
-2704.000000
-2698.000000
-2734.000000
-2720.000000
-2716.000000
-2716.000000
-2696.000000
-2710.000000
-2780.000000
-2786.000000
-2814.000000
-2728.000000
-2730.000000
-2672.000000
-2706.000000
-2726.000000
-2804.000000
-2798.000000
-2700.000000
-2712.000000
-2752.000000
-2696.000000
-2790.000000
-2762.000000
-2764.000000
-2784.000000
-2786.000000
-2710.000000
-2738.000000
-2742.000000
-2718.000000
-2816.000000
-2808.000000
-2770.000000
-2798.000000
-2758.000000
-2784.000000
-2722.000000
-2740.000000
-2690.000000
-2694.000000
-2814.000000
-2810.000000
-2812.000000
-2800.000000
-2736.000000
-2802.000000
-2706.000000
-2784.000000
-2742.000000
-2812.000000
-2706.000000
-2746.000000
-2732.000000
-2792.000000
-2708.000000
-2804.000000
-2706.000000
-2736.000000
-2690.000000
-2696.000000
-2706.000000
-2800.000000
-2700.000000
-2722.000000
-2776.000000
-2794.000000
-2742.000000
-2732.000000
-2690.000000
-2796.000000
-2792.000000
-2772.000000
-2806.000000
-2760.000000
-2694.000000
-2744.000000
-2784.000000
-2786.000000
-2738.000000
-2750.000000
-2792.000000
-2742.000000
-2716.000000
-2754.000000
-2698.000000
-2754.000000
-2698.000000
-2796.000000
-2810.000000
-2814.000000
-2736.000000
-2806.000000
-2724.000000
-2790.000000
-2696.000000
-2716.000000
-2716.000000
-2802.000000
-2720.000000
-2806.000000
-2726.000000
-2744.000000
-2694.000000
-2770.000000
-2726.000000
-2704.000000
-2802.000000
-2770.000000
-2780.000000
-2798.000000
-2716.000000
-2740.000000
-2744.000000
-2704.000000
-2738.000000
-2710.000000
-2766.000000
-2764.000000
-2688.000000
-2724.000000
-2784.000000
-2776.000000
-2736.000000
-2670.000000
-2714.000000
-2724.000000
-2760.000000
-2774.000000
-2776.000000
-2750.000000
-2806.000000
-2806.000000
-2766.000000
-2782.000000
-2764.000000
-2774.000000
-2816.000000
-2746.000000
-2800.000000
-2766.000000
-2876.000000
-2772.000000
-2768.000000
-2798.000000
-2778.000000
-2700.000000
-2798.000000
-2784.000000
-2786.000000
-2784.000000
-2758.000000
-2758.000000
-2756.000000
-2876.000000
-2788.000000
-2820.000000
-2812.000000
-2746.000000
-2696.000000
-2698.000000
-2634.000000
-2724.000000
-2744.000000
-2764.000000
-2852.000000
-2776.000000
-2702.000000
-2806.000000
-2766.000000
-2772.000000
-2752.000000
-2720.000000
-2794.000000
-2760.000000
-2690.000000
-2764.000000
-2768.000000
-2702.000000
-2742.000000
-2734.000000
-2776.000000
-2690.000000
-2752.000000
-2748.000000
-2718.000000
-2750.000000
-2710.000000
-2710.000000
-2690.000000
-2748.000000
-2718.000000
-2714.000000
-2726.000000
-2726.000000
-2704.000000
-2732.000000
-2732.000000
-2692.000000
-2724.000000
-2790.000000
-2704.000000
-2742.000000
-2710.000000
-2728.000000
-2750.000000
-2692.000000
-2736.000000
-2714.000000
-2738.000000
-2738.000000
-2752.000000
-2734.000000
-2714.000000
-2710.000000
-2702.000000
-2704.000000
-2748.000000
-2730.000000
-2712.000000
-2698.000000
-2814.000000
-2762.000000
-2728.000000
-2782.000000
-2742.000000
-2714.000000
-2792.000000
-2776.000000
-2710.000000
-2738.000000
-2724.000000
-2718.000000
-2744.000000
-2732.000000
-2746.000000
-2804.000000
-2712.000000
-2738.000000
-2748.000000
-2780.000000
-2792.000000
-2782.000000
-2698.000000
-2754.000000
-2762.000000
-2754.000000
-2726.000000
-2770.000000
-2732.000000
-2796.000000
-2708.000000
-2724.000000
-2802.000000
-2814.000000
-2790.000000
-2788.000000
-2816.000000
-2792.000000
-2736.000000
-2770.000000
-2784.000000
-2776.000000
-2702.000000
-2786.000000
-2786.000000
-2796.000000
-2732.000000
-2776.000000
-2780.000000
-2798.000000
-2724.000000
-2788.000000
-2796.000000
-2778.000000
-2786.000000
-2756.000000
-2790.000000
-2780.000000
-2806.000000
-2776.000000
-2794.000000
-2812.000000
-2796.000000
-2796.000000
-2808.000000
-2766.000000
-2768.000000
-2776.000000
-2804.000000
-2766.000000
-2788.000000
-2770.000000
-2776.000000
-2756.000000
-2772.000000
-2780.000000
-2776.000000
-2786.000000
-2806.000000
-2796.000000
-2804.000000
-2874.000000
-2766.000000
-2764.000000
-2814.000000
-2804.000000
-2776.000000
-2814.000000
-2794.000000
-2754.000000
-2776.000000
-2768.000000
-2756.000000
-2766.000000
-2808.000000
-2802.000000
-2768.000000
-2764.000000
-2768.000000
-2802.000000
-2774.000000
-2790.000000
-2784.000000
-2758.000000
-2814.000000
-2796.000000
-2796.000000
-2766.000000
-2858.000000
-2790.000000
-2692.000000
-2770.000000
-2816.000000
-2764.000000
-2706.000000
-2800.000000
-2764.000000
-2790.000000
-2754.000000
-2810.000000
-2756.000000
-2768.000000
-2784.000000
-2816.000000
-2792.000000
-2768.000000
-2778.000000
-2776.000000
-2808.000000
-2760.000000
-2798.000000
-2770.000000
-2798.000000
-2764.000000
-2764.000000
-2814.000000
-2768.000000
-2762.000000
-2798.000000
-2810.000000
-2802.000000
-2772.000000
-2778.000000
-2768.000000
-2798.000000
-2774.000000
-2810.000000
-2784.000000
-2804.000000
-2758.000000
-2782.000000
-2768.000000
-2758.000000
-2808.000000
-2786.000000
-2756.000000
-2808.000000
-2798.000000
-2780.000000
-2806.000000
-2774.000000
-2816.000000
-2808.000000
-2760.000000
-2788.000000
-2808.000000
-2802.000000
-2770.000000
-2854.000000
-2776.000000
-2754.000000
-2800.000000
-2774.000000
-2806.000000
-2790.000000
-2798.000000
-2814.000000
-2778.000000
-2792.000000
-2770.000000
-2762.000000
-2760.000000
-2786.000000
-2762.000000
-2806.000000
-2812.000000
-2816.000000
-2802.000000
-2768.000000
-2798.000000
-2714.000000
-2690.000000
-2700.000000
-2828.000000
-2696.000000
-2762.000000
-2724.000000
-2746.000000
-2784.000000
-2758.000000
-2814.000000
-2808.000000
-2738.000000
-2816.000000
-2794.000000
-2812.000000
-2782.000000
-2806.000000
-2806.000000
-2788.000000
-2780.000000
-2816.000000
-2782.000000
-2756.000000
-2680.000000
-2752.000000
-2804.000000
-2780.000000
-2830.000000
-2914.000000
-2906.000000
-2850.000000
-2756.000000
-2814.000000
-2740.000000
-2772.000000
-2714.000000
-2708.000000
-2772.000000
-2814.000000
-2810.000000
-2780.000000
-2756.000000
-2792.000000
-2798.000000
-2776.000000
-2880.000000
-2792.000000
-2800.000000
-2808.000000
-2812.000000
-2794.000000
-2812.000000
-2812.000000
-2816.000000
-2778.000000
-2788.000000
-2804.000000
-2764.000000
-2802.000000
-2778.000000
-2828.000000
-2768.000000
-2854.000000
-2790.000000
-2756.000000
-2754.000000
-2850.000000
-2774.000000
-2768.000000
-2762.000000
-2754.000000
-2812.000000
-2836.000000
-2866.000000
-2872.000000
-2802.000000
-2804.000000
-2844.000000
-2794.000000
-2786.000000
-2772.000000
-2822.000000
-2852.000000
-2772.000000
-2796.000000
-2756.000000
-2762.000000
-2706.000000
-2716.000000
-2750.000000
-2694.000000
-2794.000000
-2754.000000
-2768.000000
-2782.000000
-2770.000000
-2840.000000
-2804.000000
-2794.000000
-2792.000000
-2772.000000
-2860.000000
-2756.000000
-2848.000000
-2852.000000
-2848.000000
-2772.000000
-2800.000000
-2784.000000
-2814.000000
-2768.000000
-2812.000000
-2790.000000
-2760.000000
-2844.000000
-2802.000000
-2856.000000
-2770.000000
-2782.000000
-2754.000000
-2852.000000
-2760.000000
-2780.000000
-2810.000000
-2790.000000
-2778.000000
-2822.000000
-2776.000000
-2774.000000
-2864.000000
-2790.000000
-2758.000000
-2768.000000
-2776.000000
-2840.000000
-2786.000000
-2840.000000
-2874.000000
-2864.000000
-2776.000000
-2796.000000
-2836.000000
-2852.000000
-2790.000000
-2758.000000
-2842.000000
-2874.000000
-2772.000000
-2796.000000
-2836.000000
-2754.000000
-2772.000000
-2800.000000
-2878.000000
-2858.000000
-2810.000000
-2880.000000
-2856.000000
-2854.000000
-2790.000000
-2878.000000
-2790.000000
-2846.000000
-2862.000000
-2792.000000
-2842.000000
-2836.000000
-2780.000000
-2840.000000
-2770.000000
-2826.000000
-2800.000000
-2830.000000
-2830.000000
-2844.000000
-2794.000000
-2820.000000
-2778.000000
-2788.000000
-2790.000000
-2786.000000
-2770.000000
-2848.000000
-2878.000000
-2794.000000
-2904.000000
-2816.000000
-2774.000000
-2788.000000
-2760.000000
-2780.000000
-2776.000000
-2826.000000
-2792.000000
-2788.000000
-2754.000000
-2794.000000
-2780.000000
-2790.000000
-2794.000000
-2778.000000
-2808.000000
-2818.000000
-2796.000000
-2758.000000
-2868.000000
-2806.000000
-2828.000000
-2798.000000
-2756.000000
-2820.000000
-2788.000000
-2844.000000
-2938.000000
-2782.000000
-2780.000000
-2782.000000
-2790.000000
-2778.000000
-2808.000000
-2800.000000
-2770.000000
-2754.000000
-2782.000000
-2792.000000
-2876.000000
-2794.000000
-2798.000000
-2792.000000
-2772.000000
-2644.000000
-2564.000000
-2666.000000
-2648.000000
-2692.000000
-2728.000000
-2644.000000
-2628.000000
-2690.000000
-2686.000000
-2662.000000
-2740.000000
-2708.000000
-2596.000000
-2562.000000
-2632.000000
-2650.000000
-2676.000000
-2668.000000
-2628.000000
-2634.000000
-2714.000000
-2654.000000
-2626.000000
-2672.000000
-2632.000000
-2672.000000
-2672.000000
-2654.000000
-2584.000000
-2570.000000
-2632.000000
-2668.000000
-2642.000000
-2630.000000
-2684.000000
-2708.000000
-2736.000000
-2702.000000
-2730.000000
-2730.000000
-2642.000000
-2654.000000
-2700.000000
-2646.000000
-2664.000000
-2632.000000
-2638.000000
-2686.000000
-2664.000000
-2640.000000
-2658.000000
-2626.000000
-2642.000000
-2678.000000
-2674.000000
-2648.000000
-2566.000000
-2572.000000
-2638.000000
-2678.000000
-2578.000000
-2660.000000
-2670.000000
-2688.000000
-2610.000000
-2646.000000
-2668.000000
-2650.000000
-2674.000000
-2628.000000
-2658.000000
-2666.000000
-2626.000000
-2628.000000
-2688.000000
-2650.000000
-2676.000000
-2734.000000
-2666.000000
-2668.000000
-2568.000000
-2646.000000
-2668.000000
-2702.000000
-2578.000000
-2644.000000
-2688.000000
-2648.000000
-2646.000000
-2636.000000
-2688.000000
-2704.000000
-2654.000000
-2616.000000
-2516.000000
-2626.000000
-2606.000000
-2654.000000
-2600.000000
-2576.000000
-2564.000000
-2598.000000
-2644.000000
-2592.000000
-2642.000000
-2580.000000
-2674.000000
-2678.000000
-2586.000000
-2622.000000
-2674.000000
-2624.000000
-2562.000000
-2574.000000
-2638.000000
-2678.000000
-2654.000000
-2694.000000
-2630.000000
-2616.000000
-2704.000000
-2706.000000
-2630.000000
-2746.000000
-2684.000000
-2630.000000
-2638.000000
-2748.000000
-2664.000000
-2626.000000
-2732.000000
-2816.000000
-2640.000000
-2708.000000
-2784.000000
-2724.000000
-2662.000000
-2632.000000
-2642.000000
-2708.000000
-2758.000000
-2906.000000
-3100.000000
-3366.000000
-3018.000000
-3144.000000
-3216.000000
-3292.000000
-3040.000000
-3030.000000
-2958.000000
-2450.000000
-2690.000000
-2840.000000
-2674.000000
-2654.000000
-2770.000000
-2724.000000
-2706.000000
-2928.000000
-3068.000000
-3052.000000
-3052.000000
-3022.000000
-3174.000000
-3206.000000
-3332.000000
-3516.000000
-3600.000000
-3732.000000
-3732.000000
-3622.000000
-3602.000000
-3684.000000
-3480.000000
-3524.000000
-3338.000000
-3342.000000
-3078.000000
-3110.000000
-3150.000000
-3230.000000
-3256.000000
-3176.000000
-3180.000000
-3222.000000
-2958.000000
-3040.000000
-2854.000000
-2958.000000
-3202.000000
