0.000000
682.000000
690.000000
760.000000
696.000000
706.000000
680.000000
696.000000
688.000000
688.000000
698.000000
690.000000
694.000000
690.000000
686.000000
692.000000
694.000000
700.000000
642.000000
690.000000
692.000000
698.000000
682.000000
696.000000
700.000000
696.000000
704.000000
704.000000
688.000000
698.000000
694.000000
672.000000
694.000000
648.000000
712.000000
696.000000
678.000000
702.000000
698.000000
690.000000
694.000000
696.000000
702.000000
692.000000
690.000000
682.000000
704.000000
692.000000
704.000000
696.000000
696.000000
698.000000
680.000000
680.000000
702.000000
696.000000
698.000000
688.000000
690.000000
688.000000
686.000000
686.000000
680.000000
694.000000
700.000000
700.000000
694.000000
690.000000
698.000000
706.000000
690.000000
694.000000
758.000000
682.000000
686.000000
692.000000
700.000000
696.000000
696.000000
682.000000
710.000000
752.000000
702.000000
682.000000
680.000000
682.000000
694.000000
698.000000
702.000000
708.000000
698.000000
680.000000
682.000000
692.000000
676.000000
704.000000
646.000000
688.000000
682.000000
704.000000
680.000000
686.000000
710.000000
704.000000
760.000000
692.000000
670.000000
696.000000
704.000000
710.000000
698.000000
696.000000
684.000000
692.000000
696.000000
714.000000
704.000000
702.000000
702.000000
696.000000
700.000000
686.000000
690.000000
710.000000
698.000000
710.000000
748.000000
684.000000
704.000000
710.000000
696.000000
698.000000
690.000000
690.000000
680.000000
650.000000
712.000000
684.000000
696.000000
702.000000
704.000000
764.000000
704.000000
696.000000
696.000000
684.000000
696.000000
692.000000
706.000000
720.000000
686.000000
696.000000
698.000000
702.000000
688.000000
704.000000
690.000000
710.000000
690.000000
692.000000
644.000000
710.000000
752.000000
700.000000
754.000000
700.000000
694.000000
700.000000
708.000000
690.000000
682.000000
690.000000
690.000000
700.000000
696.000000
700.000000
694.000000
684.000000
694.000000
692.000000
692.000000
760.000000
696.000000
696.000000
686.000000
684.000000
694.000000
698.000000
704.000000
688.000000
738.000000
698.000000
698.000000
692.000000
692.000000
696.000000
712.000000
692.000000
722.000000
718.000000
706.000000
698.000000
694.000000
698.000000
650.000000
696.000000
694.000000
706.000000
688.000000
696.000000
694.000000
646.000000
690.000000
684.000000
702.000000
710.000000
706.000000
702.000000
676.000000
692.000000
698.000000
686.000000
692.000000
702.000000
702.000000
700.000000
698.000000
698.000000
686.000000
696.000000
706.000000
762.000000
706.000000
710.000000
704.000000
686.000000
692.000000
690.000000
692.000000
720.000000
708.000000
696.000000
690.000000
676.000000
678.000000
694.000000
712.000000
708.000000
690.000000
694.000000
692.000000
678.000000
694.000000
698.000000
706.000000
700.000000
690.000000
682.000000
752.000000
694.000000
702.000000
702.000000
722.000000
702.000000
696.000000
702.000000
698.000000
698.000000
690.000000
646.000000
704.000000
700.000000
690.000000
690.000000
696.000000
694.000000
700.000000
692.000000
706.000000
702.000000
700.000000
702.000000
686.000000
680.000000
688.000000
738.000000
718.000000
712.000000
678.000000
678.000000
678.000000
682.000000
714.000000
762.000000
704.000000
712.000000
688.000000
716.000000
692.000000
694.000000
704.000000
710.000000
706.000000
706.000000
702.000000
644.000000
642.000000
690.000000
690.000000
700.000000
694.000000
766.000000
708.000000
706.000000
714.000000
666.000000
700.000000
694.000000
704.000000
728.000000
700.000000
686.000000
690.000000
686.000000
644.000000
722.000000
750.000000
716.000000
676.000000
636.000000
650.000000
670.000000
736.000000
722.000000
746.000000
724.000000
656.000000
648.000000
670.000000
732.000000
748.000000
732.000000
716.000000
674.000000
646.000000
656.000000
678.000000
680.000000
678.000000
682.000000
688.000000
694.000000
694.000000
694.000000
686.000000
698.000000
720.000000
742.000000
726.000000
696.000000
686.000000
666.000000
656.000000
688.000000
708.000000
692.000000
686.000000
734.000000
664.000000
688.000000
686.000000
686.000000
660.000000
666.000000
764.000000
680.000000
698.000000
674.000000
688.000000
660.000000
702.000000
682.000000
724.000000
708.000000
690.000000
716.000000
762.000000
700.000000
686.000000
690.000000
706.000000
678.000000
680.000000
678.000000
692.000000
678.000000
674.000000
686.000000
706.000000
672.000000
654.000000
686.000000
688.000000
666.000000
720.000000
630.000000
710.000000
674.000000
720.000000
682.000000
704.000000
662.000000
752.000000
728.000000
708.000000
670.000000
776.000000
800.000000
672.000000
574.000000
686.000000
670.000000
692.000000
674.000000
664.000000
690.000000
672.000000
674.000000
720.000000
712.000000
736.000000
694.000000
664.000000
664.000000
668.000000
690.000000
688.000000
640.000000
700.000000
694.000000
696.000000
696.000000
690.000000
736.000000
712.000000
688.000000
652.000000
684.000000
678.000000
680.000000
714.000000
724.000000
710.000000
674.000000
684.000000
658.000000
676.000000
688.000000
696.000000
704.000000
642.000000
684.000000
684.000000
678.000000
698.000000
682.000000
696.000000
688.000000
708.000000
674.000000
684.000000
684.000000
686.000000
700.000000
702.000000
686.000000
692.000000
682.000000
668.000000
682.000000
696.000000
754.000000
690.000000
694.000000
690.000000
688.000000
678.000000
694.000000
752.000000
708.000000
700.000000
686.000000
684.000000
696.000000
692.000000
690.000000
686.000000
684.000000
694.000000
690.000000
644.000000
688.000000
698.000000
694.000000
670.000000
688.000000
686.000000
698.000000
684.000000
696.000000
690.000000
666.000000
686.000000
690.000000
684.000000
766.000000
696.000000
760.000000
694.000000
672.000000
684.000000
690.000000
696.000000
678.000000
682.000000
688.000000
686.000000
690.000000
682.000000
694.000000
640.000000
692.000000
684.000000
690.000000
686.000000
682.000000
686.000000
698.000000
688.000000
682.000000
686.000000
698.000000
700.000000
694.000000
690.000000
686.000000
686.000000
682.000000
642.000000
762.000000
700.000000
686.000000
678.000000
678.000000
694.000000
696.000000
688.000000
692.000000
678.000000
688.000000
684.000000
694.000000
694.000000
706.000000
696.000000
686.000000
696.000000
686.000000
684.000000
686.000000
686.000000
676.000000
702.000000
676.000000
700.000000
674.000000
694.000000
702.000000
686.000000
686.000000
686.000000
686.000000
696.000000
686.000000
748.000000
692.000000
686.000000
682.000000
694.000000
682.000000
686.000000
752.000000
702.000000
744.000000
684.000000
682.000000
692.000000
684.000000
692.000000
672.000000
698.000000
726.000000
712.000000
704.000000
672.000000
648.000000
642.000000
664.000000
730.000000
730.000000
728.000000
696.000000
684.000000
668.000000
664.000000
682.000000
690.000000
696.000000
694.000000
704.000000
696.000000
700.000000
684.000000
688.000000
684.000000
692.000000
702.000000
694.000000
686.000000
680.000000
678.000000
676.000000
702.000000
694.000000
688.000000
688.000000
684.000000
704.000000
678.000000
686.000000
684.000000
708.000000
692.000000
752.000000
698.000000
686.000000
686.000000
676.000000
706.000000
698.000000
684.000000
684.000000
688.000000
690.000000
704.000000
682.000000
690.000000
698.000000
700.000000
684.000000
694.000000
678.000000
686.000000
682.000000
688.000000
706.000000
688.000000
692.000000
702.000000
688.000000
690.000000
692.000000
696.000000
700.000000
678.000000
696.000000
698.000000
688.000000
678.000000
692.000000
708.000000
696.000000
688.000000
672.000000
686.000000
694.000000
692.000000
764.000000
712.000000
690.000000
696.000000
680.000000
688.000000
696.000000
680.000000
692.000000
696.000000
698.000000
680.000000
698.000000
690.000000
688.000000
692.000000
684.000000
686.000000
690.000000
674.000000
698.000000
696.000000
690.000000
690.000000
682.000000
698.000000
680.000000
692.000000
716.000000
690.000000
696.000000
696.000000
684.000000
690.000000
692.000000
700.000000
696.000000
686.000000
686.000000
684.000000
692.000000
712.000000
688.000000
688.000000
698.000000
666.000000
688.000000
686.000000
696.000000
700.000000
688.000000
680.000000
680.000000
694.000000
702.000000
684.000000
706.000000
700.000000
684.000000
690.000000
666.000000
726.000000
694.000000
702.000000
686.000000
666.000000
690.000000
644.000000
706.000000
730.000000
748.000000
694.000000
678.000000
582.000000
670.000000
762.000000
766.000000
628.000000
624.000000
610.000000
576.000000
744.000000
702.000000
766.000000
690.000000
692.000000
668.000000
692.000000
686.000000
682.000000
694.000000
686.000000
694.000000
688.000000
688.000000
686.000000
686.000000
698.000000
684.000000
676.000000
688.000000
676.000000
700.000000
690.000000
672.000000
686.000000
688.000000
718.000000
702.000000
628.000000
692.000000
720.000000
774.000000
730.000000
690.000000
672.000000
636.000000
682.000000
674.000000
722.000000
748.000000
638.000000
582.000000
618.000000
682.000000
816.000000
832.000000
696.000000
618.000000
636.000000
666.000000
736.000000
764.000000
698.000000
652.000000
656.000000
692.000000
644.000000
692.000000
640.000000
678.000000
698.000000
696.000000
694.000000
680.000000
700.000000
698.000000
646.000000
692.000000
686.000000
688.000000
682.000000
716.000000
698.000000
676.000000
656.000000
692.000000
714.000000
684.000000
668.000000
686.000000
726.000000
712.000000
642.000000
698.000000
678.000000
678.000000
684.000000
704.000000
680.000000
694.000000
704.000000
718.000000
684.000000
676.000000
680.000000
684.000000
672.000000
684.000000
682.000000
684.000000
684.000000
696.000000
710.000000
698.000000
690.000000
670.000000
654.000000
682.000000
698.000000
692.000000
690.000000
682.000000
670.000000
670.000000
674.000000
688.000000
682.000000
702.000000
684.000000
708.000000
692.000000
690.000000
674.000000
664.000000
690.000000
666.000000
680.000000
702.000000
702.000000
692.000000
666.000000
654.000000
676.000000
684.000000
696.000000
692.000000
664.000000
686.000000
688.000000
672.000000
672.000000
694.000000
700.000000
694.000000
668.000000
670.000000
666.000000
684.000000
694.000000
696.000000
688.000000
678.000000
668.000000
678.000000
688.000000
692.000000
692.000000
706.000000
662.000000
670.000000
654.000000
664.000000
688.000000
696.000000
688.000000
684.000000
676.000000
674.000000
672.000000
672.000000
662.000000
666.000000
668.000000
692.000000
726.000000
726.000000
674.000000
680.000000
668.000000
586.000000
676.000000
684.000000
686.000000
764.000000
712.000000
698.000000
660.000000
652.000000
692.000000
680.000000
680.000000
678.000000
666.000000
658.000000
652.000000
674.000000
712.000000
696.000000
650.000000
686.000000
678.000000
678.000000
674.000000
686.000000
760.000000
678.000000
690.000000
670.000000
672.000000
668.000000
666.000000
664.000000
702.000000
680.000000
684.000000
678.000000
686.000000
660.000000
664.000000
646.000000
660.000000
656.000000
664.000000
686.000000
700.000000
696.000000
646.000000
690.000000
664.000000
656.000000
658.000000
648.000000
682.000000
718.000000
716.000000
732.000000
676.000000
648.000000
648.000000
638.000000
696.000000
704.000000
688.000000
682.000000
672.000000
682.000000
690.000000
682.000000
680.000000
716.000000
710.000000
658.000000
620.000000
616.000000
618.000000
694.000000
660.000000
666.000000
704.000000
688.000000
642.000000
648.000000
626.000000
692.000000
690.000000
696.000000
670.000000
662.000000
610.000000
694.000000
636.000000
586.000000
684.000000
700.000000
690.000000
676.000000
666.000000
670.000000
658.000000
672.000000
652.000000
682.000000
668.000000
692.000000
670.000000
674.000000
644.000000
632.000000
666.000000
680.000000
694.000000
662.000000
700.000000
680.000000
672.000000
646.000000
664.000000
684.000000
680.000000
688.000000
704.000000
750.000000
690.000000
684.000000
674.000000
650.000000
576.000000
682.000000
680.000000
686.000000
708.000000
700.000000
668.000000
680.000000
660.000000
652.000000
656.000000
668.000000
686.000000
664.000000
688.000000
680.000000
668.000000
670.000000
694.000000
760.000000
694.000000
688.000000
668.000000
660.000000
670.000000
668.000000
688.000000
688.000000
676.000000
678.000000
648.000000
660.000000
668.000000
672.000000
680.000000
680.000000
678.000000
690.000000
678.000000
680.000000
686.000000
672.000000
686.000000
676.000000
682.000000
670.000000
630.000000
632.000000
678.000000
692.000000
696.000000
668.000000
638.000000
576.000000
676.000000
640.000000
652.000000
694.000000
690.000000
630.000000
672.000000
664.000000
672.000000
666.000000
678.000000
722.000000
604.000000
666.000000
690.000000
700.000000
666.000000
700.000000
690.000000
660.000000
672.000000
662.000000
636.000000
644.000000
674.000000
686.000000
688.000000
678.000000
658.000000
648.000000
674.000000
684.000000
686.000000
704.000000
680.000000
656.000000
646.000000
646.000000
674.000000
690.000000
682.000000
672.000000
668.000000
670.000000
650.000000
662.000000
664.000000
698.000000
668.000000
692.000000
694.000000
672.000000
674.000000
684.000000
660.000000
674.000000
694.000000
676.000000
678.000000
678.000000
658.000000
670.000000
682.000000
678.000000
666.000000
660.000000
670.000000
694.000000
666.000000
662.000000
682.000000
668.000000
662.000000
664.000000
652.000000
672.000000
676.000000
676.000000
656.000000
674.000000
682.000000
666.000000
664.000000
656.000000
688.000000
674.000000
674.000000
694.000000
668.000000
678.000000
658.000000
654.000000
678.000000
660.000000
678.000000
692.000000
658.000000
660.000000
672.000000
690.000000
674.000000
694.000000
672.000000
660.000000
666.000000
660.000000
666.000000
670.000000
676.000000
670.000000
670.000000
670.000000
676.000000
672.000000
668.000000
672.000000
684.000000
680.000000
680.000000
676.000000
644.000000
654.000000
652.000000
678.000000
674.000000
700.000000
676.000000
676.000000
668.000000
682.000000
656.000000
664.000000
684.000000
682.000000
668.000000
680.000000
684.000000
672.000000
684.000000
698.000000
658.000000
670.000000
672.000000
666.000000
682.000000
686.000000
686.000000
696.000000
674.000000
670.000000
668.000000
670.000000
682.000000
666.000000
686.000000
684.000000
672.000000
666.000000
666.000000
680.000000
672.000000
684.000000
684.000000
644.000000
686.000000
656.000000
682.000000
686.000000
678.000000
658.000000
680.000000
662.000000
688.000000
654.000000
684.000000
670.000000
672.000000
672.000000
672.000000
658.000000
672.000000
672.000000
678.000000
684.000000
682.000000
674.000000
670.000000
672.000000
674.000000
672.000000
676.000000
666.000000
674.000000
688.000000
666.000000
680.000000
674.000000
658.000000
666.000000
682.000000
688.000000
660.000000
662.000000
698.000000
650.000000
646.000000
664.000000
680.000000
684.000000
662.000000
656.000000
662.000000
660.000000
692.000000
674.000000
674.000000
676.000000
672.000000
688.000000
646.000000
662.000000
676.000000
664.000000
670.000000
664.000000
676.000000
668.000000
662.000000
676.000000
662.000000
662.000000
676.000000
654.000000
660.000000
682.000000
656.000000
688.000000
684.000000
686.000000
668.000000
656.000000
660.000000
680.000000
662.000000
664.000000
678.000000
690.000000
690.000000
664.000000
656.000000
686.000000
668.000000
672.000000
662.000000
668.000000
678.000000
658.000000
662.000000
670.000000
664.000000
656.000000
654.000000
686.000000
676.000000
650.000000
688.000000
678.000000
660.000000
682.000000
660.000000
634.000000
696.000000
688.000000
690.000000
674.000000
694.000000
666.000000
670.000000
636.000000
668.000000
698.000000
680.000000
686.000000
652.000000
664.000000
670.000000
652.000000
668.000000
672.000000
678.000000
678.000000
680.000000
656.000000
666.000000
672.000000
678.000000
678.000000
662.000000
680.000000
658.000000
682.000000
666.000000
694.000000
682.000000
688.000000
684.000000
680.000000
680.000000
650.000000
678.000000
664.000000
656.000000
662.000000
666.000000
682.000000
690.000000
656.000000
670.000000
676.000000
670.000000
670.000000
672.000000
670.000000
670.000000
674.000000
632.000000
670.000000
668.000000
680.000000
670.000000
668.000000
664.000000
636.000000
650.000000
660.000000
666.000000
674.000000
696.000000
672.000000
670.000000
652.000000
658.000000
666.000000
666.000000
654.000000
666.000000
660.000000
662.000000
672.000000
674.000000
684.000000
658.000000
668.000000
678.000000
690.000000
672.000000
682.000000
670.000000
674.000000
688.000000
664.000000
664.000000
650.000000
660.000000
672.000000
674.000000
654.000000
670.000000
672.000000
688.000000
702.000000
702.000000
668.000000
660.000000
656.000000
648.000000
670.000000
676.000000
674.000000
688.000000
676.000000
678.000000
666.000000
670.000000
668.000000
668.000000
640.000000
658.000000
664.000000
688.000000
676.000000
678.000000
660.000000
656.000000
676.000000
666.000000
676.000000
666.000000
650.000000
678.000000
674.000000
678.000000
678.000000
648.000000
664.000000
658.000000
648.000000
670.000000
670.000000
674.000000
688.000000
660.000000
666.000000
664.000000
670.000000
662.000000
664.000000
658.000000
686.000000
678.000000
668.000000
668.000000
688.000000
680.000000
672.000000
686.000000
670.000000
668.000000
662.000000
644.000000
646.000000
658.000000
678.000000
676.000000
686.000000
658.000000
668.000000
672.000000
652.000000
668.000000
670.000000
674.000000
676.000000
668.000000
676.000000
670.000000
680.000000
676.000000
690.000000
666.000000
664.000000
658.000000
674.000000
650.000000
660.000000
658.000000
664.000000
674.000000
686.000000
678.000000
688.000000
662.000000
674.000000
672.000000
650.000000
676.000000
670.000000
674.000000
672.000000
660.000000
670.000000
662.000000
670.000000
662.000000
668.000000
662.000000
682.000000
674.000000
654.000000
682.000000
674.000000
682.000000
678.000000
652.000000
692.000000
682.000000
650.000000
684.000000
654.000000
660.000000
650.000000
668.000000
680.000000
688.000000
688.000000
696.000000
646.000000
644.000000
654.000000
670.000000
686.000000
678.000000
688.000000
676.000000
676.000000
668.000000
654.000000
660.000000
672.000000
678.000000
668.000000
670.000000
668.000000
658.000000
654.000000
652.000000
672.000000
670.000000
682.000000
678.000000
676.000000
676.000000
674.000000
662.000000
660.000000
664.000000
656.000000
664.000000
680.000000
666.000000
678.000000
680.000000
670.000000
672.000000
670.000000
676.000000
664.000000
654.000000
654.000000
668.000000
686.000000
672.000000
672.000000
658.000000
678.000000
668.000000
660.000000
676.000000
660.000000
660.000000
656.000000
660.000000
670.000000
686.000000
694.000000
646.000000
604.000000
656.000000
688.000000
722.000000
692.000000
680.000000
646.000000
644.000000
644.000000
662.000000
668.000000
660.000000
700.000000
676.000000
698.000000
670.000000
652.000000
640.000000
646.000000
686.000000
714.000000
764.000000
662.000000
616.000000
684.000000
696.000000
704.000000
678.000000
644.000000
662.000000
660.000000
664.000000
676.000000
684.000000
656.000000
690.000000
674.000000
632.000000
636.000000
658.000000
664.000000
684.000000
662.000000
666.000000
678.000000
646.000000
650.000000
666.000000
658.000000
682.000000
680.000000
698.000000
696.000000
666.000000
662.000000
658.000000
670.000000
670.000000
674.000000
690.000000
700.000000
680.000000
694.000000
676.000000
660.000000
656.000000
652.000000
660.000000
664.000000
678.000000
694.000000
678.000000
682.000000
654.000000
666.000000
688.000000
656.000000
668.000000
684.000000
660.000000
680.000000
690.000000
652.000000
642.000000
696.000000
660.000000
664.000000
662.000000
676.000000
656.000000
666.000000
666.000000
674.000000
656.000000
658.000000
678.000000
680.000000
686.000000
668.000000
662.000000
656.000000
676.000000
646.000000
678.000000
666.000000
684.000000
668.000000
662.000000
654.000000
648.000000
686.000000
674.000000
666.000000
650.000000
646.000000
674.000000
672.000000
696.000000
686.000000
668.000000
666.000000
658.000000
650.000000
658.000000
670.000000
668.000000
684.000000
680.000000
680.000000
662.000000
660.000000
676.000000
658.000000
646.000000
652.000000
678.000000
668.000000
664.000000
650.000000
656.000000
668.000000
680.000000
668.000000
672.000000
672.000000
656.000000
648.000000
676.000000
652.000000
674.000000
670.000000
654.000000
668.000000
650.000000
676.000000
650.000000
656.000000
658.000000
656.000000
684.000000
654.000000
656.000000
676.000000
680.000000
678.000000
666.000000
666.000000
668.000000
664.000000
672.000000
660.000000
680.000000
666.000000
662.000000
642.000000
702.000000
672.000000
680.000000
676.000000
686.000000
646.000000
660.000000
662.000000
650.000000
654.000000
684.000000
670.000000
656.000000
676.000000
660.000000
674.000000
674.000000
656.000000
670.000000
666.000000
660.000000
660.000000
674.000000
676.000000
666.000000
680.000000
670.000000
658.000000
674.000000
674.000000
688.000000
682.000000
662.000000
666.000000
664.000000
674.000000
686.000000
692.000000
660.000000
676.000000
664.000000
654.000000
662.000000
658.000000
672.000000
674.000000
694.000000
676.000000
664.000000
654.000000
678.000000
668.000000
664.000000
672.000000
666.000000
666.000000
652.000000
678.000000
682.000000
670.000000
664.000000
654.000000
658.000000
664.000000
660.000000
646.000000
678.000000
650.000000
654.000000
664.000000
672.000000
656.000000
670.000000
650.000000
676.000000
678.000000
684.000000
674.000000
640.000000
660.000000
640.000000
654.000000
686.000000
686.000000
668.000000
670.000000
644.000000
654.000000
656.000000
646.000000
674.000000
678.000000
662.000000
662.000000
654.000000
670.000000
664.000000
678.000000
668.000000
662.000000
670.000000
656.000000
652.000000
654.000000
642.000000
672.000000
680.000000
664.000000
670.000000
678.000000
672.000000
680.000000
658.000000
670.000000
666.000000
674.000000
660.000000
672.000000
648.000000
648.000000
672.000000
684.000000
656.000000
662.000000
664.000000
662.000000
660.000000
666.000000
660.000000
678.000000
680.000000
666.000000
656.000000
646.000000
674.000000
660.000000
670.000000
672.000000
652.000000
642.000000
676.000000
664.000000
668.000000
662.000000
664.000000
652.000000
658.000000
658.000000
642.000000
678.000000
636.000000
666.000000
666.000000
678.000000
676.000000
666.000000
666.000000
656.000000
656.000000
640.000000
692.000000
646.000000
660.000000
672.000000
678.000000
662.000000
670.000000
658.000000
702.000000
656.000000
656.000000
668.000000
662.000000
676.000000
646.000000
648.000000
656.000000
660.000000
664.000000
656.000000
650.000000
638.000000
680.000000
678.000000
676.000000
640.000000
652.000000
646.000000
666.000000
664.000000
660.000000
656.000000
666.000000
656.000000
662.000000
666.000000
634.000000
666.000000
672.000000
674.000000
674.000000
654.000000
656.000000
652.000000
644.000000
662.000000
646.000000
642.000000
666.000000
672.000000
656.000000
640.000000
640.000000
650.000000
648.000000
688.000000
652.000000
690.000000
676.000000
668.000000
658.000000
642.000000
652.000000
668.000000
714.000000
688.000000
676.000000
650.000000
580.000000
656.000000
672.000000
676.000000
676.000000
654.000000
674.000000
674.000000
650.000000
652.000000
644.000000
672.000000
680.000000
650.000000
664.000000
676.000000
646.000000
634.000000
624.000000
568.000000
664.000000
666.000000
658.000000
672.000000
662.000000
672.000000
666.000000
654.000000
636.000000
682.000000
660.000000
670.000000
602.000000
656.000000
650.000000
646.000000
678.000000
674.000000
660.000000
680.000000
670.000000
660.000000
648.000000
658.000000
646.000000
670.000000
666.000000
660.000000
680.000000
634.000000
638.000000
640.000000
640.000000
684.000000
676.000000
678.000000
650.000000
640.000000
664.000000
670.000000
676.000000
654.000000
668.000000
652.000000
674.000000
662.000000
658.000000
662.000000
646.000000
672.000000
670.000000
654.000000
656.000000
660.000000
656.000000
686.000000
678.000000
664.000000
658.000000
642.000000
666.000000
652.000000
670.000000
688.000000
666.000000
612.000000
644.000000
676.000000
728.000000
578.000000
646.000000
698.000000
622.000000
648.000000
644.000000
672.000000
684.000000
680.000000
666.000000
654.000000
660.000000
664.000000
672.000000
672.000000
666.000000
684.000000
666.000000
668.000000
670.000000
616.000000
634.000000
622.000000
658.000000
754.000000
692.000000
692.000000
676.000000
648.000000
662.000000
664.000000
670.000000
686.000000
642.000000
668.000000
660.000000
662.000000
648.000000
652.000000
662.000000
652.000000
654.000000
656.000000
652.000000
640.000000
658.000000
672.000000
664.000000
666.000000
674.000000
642.000000
680.000000
652.000000
648.000000
684.000000
642.000000
674.000000
666.000000
656.000000
654.000000
656.000000
656.000000
660.000000
640.000000
670.000000
672.000000
694.000000
680.000000
666.000000
648.000000
640.000000
666.000000
674.000000
652.000000
648.000000
666.000000
656.000000
660.000000
648.000000
644.000000
658.000000
660.000000
664.000000
656.000000
672.000000
680.000000
684.000000
644.000000
666.000000
656.000000
674.000000
684.000000
648.000000
634.000000
640.000000
666.000000
666.000000
646.000000
668.000000
692.000000
670.000000
652.000000
656.000000
664.000000
658.000000
658.000000
646.000000
646.000000
654.000000
670.000000
684.000000
662.000000
664.000000
652.000000
662.000000
660.000000
654.000000
670.000000
666.000000
646.000000
652.000000
646.000000
650.000000
668.000000
654.000000
648.000000
650.000000
664.000000
660.000000
656.000000
672.000000
674.000000
672.000000
678.000000
660.000000
648.000000
664.000000
652.000000
670.000000
660.000000
688.000000
656.000000
644.000000
694.000000
650.000000
662.000000
648.000000
682.000000
646.000000
682.000000
670.000000
682.000000
694.000000
648.000000
658.000000
662.000000
658.000000
648.000000
660.000000
662.000000
668.000000
676.000000
674.000000
660.000000
638.000000
640.000000
654.000000
696.000000
678.000000
670.000000
660.000000
686.000000
668.000000
688.000000
672.000000
664.000000
658.000000
654.000000
644.000000
646.000000
670.000000
672.000000
670.000000
670.000000
638.000000
650.000000
626.000000
644.000000
690.000000
672.000000
658.000000
658.000000
666.000000
646.000000
640.000000
654.000000
672.000000
684.000000
658.000000
684.000000
664.000000
666.000000
666.000000
660.000000
672.000000
658.000000
658.000000
660.000000
678.000000
664.000000
682.000000
664.000000
684.000000
656.000000
674.000000
668.000000
672.000000
666.000000
666.000000
646.000000
648.000000
670.000000
676.000000
670.000000
672.000000
640.000000
646.000000
684.000000
666.000000
670.000000
658.000000
650.000000
670.000000
660.000000
672.000000
652.000000
654.000000
652.000000
654.000000
682.000000
660.000000
664.000000
654.000000
668.000000
662.000000
658.000000
658.000000
666.000000
666.000000
658.000000
660.000000
654.000000
658.000000
666.000000
648.000000
664.000000
660.000000
656.000000
670.000000
688.000000
646.000000
658.000000
660.000000
678.000000
648.000000
638.000000
660.000000
648.000000
664.000000
654.000000
668.000000
648.000000
680.000000
656.000000
666.000000
654.000000
666.000000
670.000000
654.000000
658.000000
664.000000
652.000000
656.000000
658.000000
658.000000
690.000000
664.000000
650.000000
670.000000
670.000000
662.000000
650.000000
654.000000
682.000000
690.000000
660.000000
646.000000
686.000000
664.000000
650.000000
672.000000
676.000000
678.000000
656.000000
666.000000
698.000000
652.000000
640.000000
658.000000
652.000000
686.000000
666.000000
660.000000
648.000000
700.000000
656.000000
672.000000
698.000000
680.000000
670.000000
662.000000
654.000000
644.000000
652.000000
670.000000
680.000000
684.000000
680.000000
702.000000
662.000000
662.000000
656.000000
672.000000
668.000000
654.000000
662.000000
658.000000
670.000000
658.000000
680.000000
658.000000
662.000000
662.000000
640.000000
666.000000
694.000000
658.000000
672.000000
696.000000
656.000000
658.000000
654.000000
666.000000
658.000000
686.000000
658.000000
660.000000
656.000000
644.000000
680.000000
656.000000
660.000000
664.000000
656.000000
670.000000
670.000000
664.000000
662.000000
662.000000
672.000000
676.000000
674.000000
656.000000
666.000000
668.000000
654.000000
674.000000
670.000000
662.000000
680.000000
654.000000
662.000000
654.000000
660.000000
678.000000
680.000000
682.000000
632.000000
654.000000
656.000000
654.000000
682.000000
656.000000
664.000000
654.000000
666.000000
670.000000
660.000000
680.000000
672.000000
650.000000
662.000000
638.000000
660.000000
672.000000
682.000000
672.000000
670.000000
662.000000
660.000000
662.000000
658.000000
666.000000
678.000000
682.000000
650.000000
672.000000
642.000000
668.000000
658.000000
660.000000
654.000000
664.000000
658.000000
666.000000
654.000000
670.000000
652.000000
674.000000
682.000000
674.000000
678.000000
658.000000
648.000000
668.000000
674.000000
672.000000
646.000000
656.000000
668.000000
680.000000
662.000000
674.000000
674.000000
682.000000
676.000000
660.000000
666.000000
640.000000
666.000000
668.000000
656.000000
672.000000
662.000000
650.000000
654.000000
646.000000
666.000000
672.000000
650.000000
670.000000
656.000000
636.000000
662.000000
634.000000
664.000000
670.000000
672.000000
666.000000
674.000000
660.000000
652.000000
656.000000
664.000000
672.000000
652.000000
654.000000
664.000000
652.000000
650.000000
662.000000
670.000000
678.000000
682.000000
664.000000
654.000000
652.000000
658.000000
658.000000
674.000000
672.000000
660.000000
678.000000
666.000000
656.000000
684.000000
664.000000
664.000000
668.000000
652.000000
662.000000
676.000000
674.000000
678.000000
672.000000
660.000000
654.000000
632.000000
672.000000
660.000000
652.000000
666.000000
672.000000
680.000000
662.000000
680.000000
666.000000
662.000000
644.000000
644.000000
656.000000
660.000000
666.000000
682.000000
678.000000
648.000000
672.000000
652.000000
666.000000
652.000000
658.000000
668.000000
686.000000
680.000000
688.000000
664.000000
656.000000
654.000000
678.000000
660.000000
656.000000
644.000000
652.000000
656.000000
676.000000
662.000000
672.000000
676.000000
656.000000
664.000000
664.000000
678.000000
650.000000
652.000000
670.000000
690.000000
666.000000
656.000000
656.000000
668.000000
662.000000
656.000000
660.000000
686.000000
686.000000
676.000000
656.000000
642.000000
672.000000
670.000000
672.000000
666.000000
672.000000
668.000000
664.000000
650.000000
654.000000
670.000000
644.000000
672.000000
656.000000
666.000000
660.000000
658.000000
670.000000
652.000000
668.000000
662.000000
660.000000
674.000000
690.000000
700.000000
658.000000
646.000000
698.000000
858.000000
488.000000
390.000000
474.000000
632.000000
724.000000
776.000000
792.000000
768.000000
618.000000
564.000000
550.000000
602.000000
680.000000
712.000000
672.000000
672.000000
700.000000
628.000000
582.000000
578.000000
652.000000
802.000000
758.000000
648.000000
666.000000
644.000000
662.000000
686.000000
666.000000
746.000000
730.000000
696.000000
714.000000
668.000000
638.000000
666.000000
734.000000
802.000000
786.000000
756.000000
662.000000
674.000000
650.000000
686.000000
718.000000
752.000000
756.000000
712.000000
748.000000
726.000000
744.000000
714.000000
684.000000
674.000000
688.000000
708.000000
726.000000
736.000000
728.000000
696.000000
704.000000
646.000000
696.000000
710.000000
714.000000
706.000000
642.000000
694.000000
690.000000
642.000000
700.000000
710.000000
692.000000
682.000000
696.000000
710.000000
690.000000
696.000000
664.000000
692.000000
680.000000
682.000000
670.000000
662.000000
672.000000
694.000000
692.000000
682.000000
680.000000
662.000000
676.000000
670.000000
690.000000
680.000000
678.000000
670.000000
686.000000
674.000000
670.000000
680.000000
664.000000
674.000000
686.000000
684.000000
678.000000
676.000000
678.000000
680.000000
676.000000
666.000000
670.000000
690.000000
670.000000
694.000000
678.000000
678.000000
688.000000
690.000000
678.000000
668.000000
674.000000
666.000000
678.000000
670.000000
678.000000
680.000000
672.000000
670.000000
674.000000
678.000000
672.000000
672.000000
670.000000
668.000000
678.000000
666.000000
666.000000
676.000000
676.000000
676.000000
666.000000
672.000000
672.000000
670.000000
672.000000
684.000000
678.000000
678.000000
680.000000
678.000000
672.000000
672.000000
682.000000
680.000000
686.000000
682.000000
678.000000
682.000000
684.000000
660.000000
686.000000
670.000000
676.000000
660.000000
676.000000
684.000000
664.000000
674.000000
670.000000
676.000000
688.000000
684.000000
678.000000
654.000000
652.000000
656.000000
668.000000
688.000000
688.000000
700.000000
688.000000
650.000000
662.000000
656.000000
678.000000
694.000000
676.000000
682.000000
676.000000
668.000000
666.000000
662.000000
676.000000
688.000000
674.000000
676.000000
678.000000
654.000000
668.000000
680.000000
680.000000
688.000000
684.000000
662.000000
666.000000
666.000000
672.000000
684.000000
678.000000
678.000000
686.000000
666.000000
674.000000
670.000000
672.000000
674.000000
684.000000
668.000000
684.000000
686.000000
674.000000
682.000000
680.000000
680.000000
674.000000
676.000000
680.000000
682.000000
660.000000
674.000000
680.000000
674.000000
686.000000
662.000000
676.000000
668.000000
676.000000
690.000000
672.000000
676.000000
680.000000
664.000000
682.000000
668.000000
666.000000
676.000000
684.000000
684.000000
670.000000
684.000000
672.000000
676.000000
676.000000
684.000000
680.000000
668.000000
664.000000
682.000000
672.000000
686.000000
656.000000
660.000000
666.000000
672.000000
680.000000
674.000000
680.000000
662.000000
688.000000
672.000000
676.000000
682.000000
674.000000
682.000000
678.000000
676.000000
680.000000
660.000000
672.000000
666.000000
674.000000
674.000000
680.000000
678.000000
662.000000
692.000000
674.000000
678.000000
666.000000
680.000000
696.000000
682.000000
678.000000
678.000000
686.000000
680.000000
668.000000
684.000000
680.000000
686.000000
662.000000
676.000000
670.000000
672.000000
682.000000
666.000000
694.000000
676.000000
674.000000
684.000000
684.000000
682.000000
686.000000
688.000000
678.000000
656.000000
680.000000
678.000000
696.000000
678.000000
666.000000
680.000000
672.000000
670.000000
662.000000
678.000000
672.000000
676.000000
668.000000
672.000000
674.000000
678.000000
688.000000
656.000000
674.000000
664.000000
666.000000
676.000000
658.000000
660.000000
694.000000
684.000000
682.000000
676.000000
674.000000
664.000000
670.000000
690.000000
678.000000
672.000000
682.000000
678.000000
664.000000
670.000000
664.000000
670.000000
678.000000
684.000000
690.000000
674.000000
682.000000
674.000000
682.000000
674.000000
668.000000
680.000000
682.000000
676.000000
660.000000
664.000000
678.000000
666.000000
674.000000
668.000000
662.000000
686.000000
668.000000
666.000000
678.000000
686.000000
682.000000
690.000000
664.000000
668.000000
668.000000
672.000000
676.000000
666.000000
684.000000
664.000000
666.000000
674.000000
666.000000
680.000000
662.000000
674.000000
660.000000
672.000000
664.000000
684.000000
686.000000
672.000000
674.000000
662.000000
680.000000
672.000000
688.000000
688.000000
678.000000
670.000000
678.000000
680.000000
664.000000
670.000000
674.000000
666.000000
666.000000
674.000000
674.000000
682.000000
668.000000
674.000000
678.000000
668.000000
674.000000
674.000000
678.000000
670.000000
680.000000
664.000000
654.000000
672.000000
674.000000
678.000000
670.000000
688.000000
672.000000
666.000000
658.000000
674.000000
688.000000
678.000000
668.000000
688.000000
660.000000
670.000000
678.000000
668.000000
686.000000
684.000000
682.000000
672.000000
680.000000
678.000000
680.000000
700.000000
674.000000
654.000000
670.000000
668.000000
688.000000
692.000000
668.000000
682.000000
678.000000
686.000000
682.000000
684.000000
672.000000
682.000000
684.000000
674.000000
680.000000
686.000000
684.000000
668.000000
690.000000
674.000000
688.000000
674.000000
668.000000
674.000000
656.000000
678.000000
678.000000
670.000000
682.000000
668.000000
668.000000
660.000000
680.000000
682.000000
680.000000
674.000000
680.000000
678.000000
674.000000
684.000000
674.000000
674.000000
668.000000
694.000000
690.000000
660.000000
664.000000
672.000000
654.000000
676.000000
684.000000
680.000000
680.000000
674.000000
668.000000
660.000000
668.000000
680.000000
690.000000
676.000000
670.000000
670.000000
662.000000
680.000000
660.000000
674.000000
676.000000
660.000000
678.000000
672.000000
668.000000
674.000000
668.000000
666.000000
686.000000
680.000000
680.000000
660.000000
666.000000
672.000000
676.000000
676.000000
662.000000
668.000000
674.000000
676.000000
674.000000
664.000000
670.000000
672.000000
686.000000
686.000000
662.000000
680.000000
676.000000
668.000000
658.000000
664.000000
686.000000
676.000000
680.000000
666.000000
676.000000
690.000000
660.000000
682.000000
676.000000
676.000000
666.000000
650.000000
650.000000
672.000000
680.000000
678.000000
676.000000
676.000000
668.000000
672.000000
670.000000
682.000000
682.000000
668.000000
676.000000
664.000000
672.000000
676.000000
674.000000
676.000000
688.000000
662.000000
672.000000
682.000000
652.000000
682.000000
666.000000
674.000000
658.000000
662.000000
690.000000
666.000000
672.000000
676.000000
664.000000
674.000000
690.000000
676.000000
682.000000
694.000000
674.000000
664.000000
676.000000
674.000000
678.000000
678.000000
668.000000
642.000000
680.000000
678.000000
672.000000
672.000000
686.000000
672.000000
682.000000
662.000000
678.000000
678.000000
668.000000
666.000000
672.000000
680.000000
680.000000
672.000000
664.000000
652.000000
684.000000
678.000000
692.000000
670.000000
670.000000
676.000000
672.000000
684.000000
670.000000
690.000000
668.000000
682.000000
676.000000
662.000000
668.000000
678.000000
672.000000
676.000000
668.000000
674.000000
666.000000
666.000000
684.000000
658.000000
658.000000
672.000000
682.000000
682.000000
668.000000
648.000000
654.000000
668.000000
682.000000
686.000000
688.000000
660.000000
674.000000
670.000000
664.000000
664.000000
676.000000
686.000000
666.000000
672.000000
678.000000
680.000000
672.000000
674.000000
668.000000
670.000000
678.000000
662.000000
660.000000
686.000000
684.000000
680.000000
682.000000
676.000000
672.000000
682.000000
686.000000
686.000000
668.000000
684.000000
652.000000
662.000000
674.000000
676.000000
666.000000
688.000000
676.000000
678.000000
668.000000
670.000000
664.000000
688.000000
662.000000
664.000000
678.000000
676.000000
672.000000
666.000000
678.000000
672.000000
670.000000
674.000000
672.000000
662.000000
670.000000
684.000000
668.000000
666.000000
680.000000
682.000000
656.000000
676.000000
676.000000
658.000000
680.000000
664.000000
660.000000
684.000000
676.000000
676.000000
674.000000
666.000000
670.000000
674.000000
686.000000
668.000000
680.000000
680.000000
690.000000
680.000000
670.000000
674.000000
662.000000
672.000000
674.000000
674.000000
672.000000
682.000000
664.000000
670.000000
666.000000
672.000000
688.000000
668.000000
654.000000
662.000000
664.000000
664.000000
678.000000
696.000000
700.000000
658.000000
584.000000
666.000000
658.000000
662.000000
674.000000
658.000000
662.000000
670.000000
660.000000
656.000000
668.000000
682.000000
692.000000
692.000000
680.000000
658.000000
674.000000
672.000000
676.000000
644.000000
670.000000
642.000000
664.000000
668.000000
690.000000
674.000000
660.000000
652.000000
646.000000
652.000000
664.000000
658.000000
666.000000
650.000000
664.000000
656.000000
672.000000
658.000000
660.000000
644.000000
648.000000
580.000000
576.000000
636.000000
688.000000
688.000000
676.000000
694.000000
668.000000
662.000000
654.000000
660.000000
714.000000
630.000000
630.000000
602.000000
632.000000
694.000000
648.000000
650.000000
650.000000
656.000000
656.000000
652.000000
624.000000
588.000000
630.000000
644.000000
670.000000
678.000000
650.000000
670.000000
582.000000
658.000000
660.000000
648.000000
702.000000
668.000000
564.000000
654.000000
660.000000
682.000000
684.000000
652.000000
630.000000
696.000000
636.000000
640.000000
642.000000
656.000000
658.000000
646.000000
640.000000
650.000000
652.000000
650.000000
654.000000
662.000000
658.000000
660.000000
644.000000
648.000000
636.000000
660.000000
658.000000
670.000000
672.000000
674.000000
636.000000
700.000000
646.000000
666.000000
664.000000
658.000000
676.000000
674.000000
654.000000
646.000000
652.000000
654.000000
652.000000
660.000000
596.000000
646.000000
664.000000
646.000000
642.000000
658.000000
644.000000
662.000000
644.000000
648.000000
656.000000
642.000000
658.000000
580.000000
660.000000
646.000000
656.000000
636.000000
678.000000
638.000000
644.000000
674.000000
650.000000
656.000000
648.000000
644.000000
640.000000
652.000000
646.000000
628.000000
652.000000
652.000000
626.000000
630.000000
660.000000
638.000000
648.000000
648.000000
654.000000
654.000000
624.000000
620.000000
608.000000
678.000000
702.000000
644.000000
700.000000
578.000000
648.000000
588.000000
638.000000
646.000000
646.000000
652.000000
644.000000
642.000000
590.000000
580.000000
644.000000
648.000000
658.000000
654.000000
652.000000
652.000000
640.000000
642.000000
622.000000
640.000000
654.000000
662.000000
648.000000
642.000000
644.000000
638.000000
652.000000
630.000000
644.000000
648.000000
676.000000
698.000000
650.000000
642.000000
638.000000
652.000000
632.000000
700.000000
654.000000
596.000000
700.000000
640.000000
642.000000
644.000000
652.000000
702.000000
644.000000
658.000000
652.000000
654.000000
634.000000
646.000000
638.000000
628.000000
662.000000
660.000000
654.000000
682.000000
670.000000
646.000000
636.000000
648.000000
656.000000
634.000000
648.000000
646.000000
648.000000
672.000000
666.000000
652.000000
656.000000
658.000000
650.000000
682.000000
660.000000
640.000000
640.000000
648.000000
642.000000
654.000000
648.000000
650.000000
658.000000
700.000000
646.000000
660.000000
648.000000
648.000000
634.000000
658.000000
634.000000
638.000000
632.000000
646.000000
640.000000
638.000000
662.000000
628.000000
672.000000
680.000000
640.000000
690.000000
640.000000
638.000000
614.000000
648.000000
666.000000
698.000000
674.000000
682.000000
606.000000
606.000000
624.000000
670.000000
656.000000
686.000000
688.000000
664.000000
620.000000
620.000000
626.000000
626.000000
684.000000
658.000000
656.000000
658.000000
660.000000
610.000000
596.000000
634.000000
650.000000
666.000000
688.000000
694.000000
620.000000
608.000000
616.000000
616.000000
614.000000
622.000000
684.000000
648.000000
618.000000
608.000000
600.000000
696.000000
636.000000
700.000000
652.000000
622.000000
610.000000
624.000000
632.000000
666.000000
680.000000
672.000000
656.000000
668.000000
612.000000
610.000000
616.000000
632.000000
676.000000
660.000000
632.000000
644.000000
650.000000
638.000000
648.000000
656.000000
636.000000
630.000000
636.000000
638.000000
644.000000
646.000000
660.000000
658.000000
624.000000
626.000000
638.000000
668.000000
642.000000
624.000000
622.000000
594.000000
638.000000
636.000000
662.000000
672.000000
648.000000
644.000000
648.000000
644.000000
648.000000
632.000000
638.000000
644.000000
670.000000
674.000000
652.000000
690.000000
614.000000
622.000000
658.000000
674.000000
628.000000
646.000000
632.000000
656.000000
624.000000
634.000000
650.000000
656.000000
686.000000
668.000000
674.000000
640.000000
626.000000
632.000000
624.000000
630.000000
638.000000
646.000000
668.000000
644.000000
588.000000
646.000000
642.000000
634.000000
632.000000
636.000000
702.000000
646.000000
660.000000
654.000000
658.000000
664.000000
638.000000
634.000000
664.000000
632.000000
642.000000
638.000000
654.000000
580.000000
636.000000
700.000000
646.000000
658.000000
626.000000
634.000000
640.000000
658.000000
636.000000
644.000000
672.000000
634.000000
664.000000
654.000000
648.000000
652.000000
656.000000
656.000000
648.000000
652.000000
662.000000
650.000000
610.000000
642.000000
646.000000
664.000000
648.000000
644.000000
638.000000
638.000000
690.000000
650.000000
650.000000
646.000000
576.000000
664.000000
626.000000
626.000000
636.000000
652.000000
654.000000
648.000000
580.000000
640.000000
640.000000
640.000000
650.000000
592.000000
632.000000
628.000000
636.000000
648.000000
656.000000
656.000000
646.000000
648.000000
638.000000
690.000000
656.000000
644.000000
660.000000
622.000000
638.000000
648.000000
700.000000
642.000000
638.000000
580.000000
630.000000
660.000000
650.000000
652.000000
654.000000
604.000000
606.000000
644.000000
662.000000
658.000000
680.000000
652.000000
622.000000
634.000000
622.000000
654.000000
646.000000
640.000000
630.000000
592.000000
642.000000
696.000000
634.000000
626.000000
674.000000
664.000000
636.000000
678.000000
622.000000
646.000000
622.000000
642.000000
620.000000
652.000000
672.000000
634.000000
620.000000
640.000000
636.000000
642.000000
642.000000
652.000000
654.000000
650.000000
632.000000
636.000000
632.000000
624.000000
660.000000
656.000000
660.000000
646.000000
646.000000
650.000000
652.000000
672.000000
632.000000
636.000000
628.000000
578.000000
678.000000
670.000000
648.000000
636.000000
684.000000
604.000000
628.000000
680.000000
628.000000
656.000000
632.000000
638.000000
638.000000
640.000000
652.000000
630.000000
644.000000
700.000000
642.000000
640.000000
640.000000
636.000000
644.000000
652.000000
636.000000
638.000000
622.000000
632.000000
636.000000
660.000000
644.000000
646.000000
658.000000
640.000000
656.000000
646.000000
646.000000
630.000000
636.000000
648.000000
648.000000
650.000000
624.000000
652.000000
588.000000
628.000000
634.000000
582.000000
642.000000
698.000000
640.000000
652.000000
648.000000
676.000000
634.000000
644.000000
640.000000
578.000000
702.000000
638.000000
644.000000
640.000000
646.000000
644.000000
622.000000
664.000000
674.000000
650.000000
656.000000
654.000000
634.000000
640.000000
634.000000
632.000000
642.000000
648.000000
642.000000
656.000000
636.000000
640.000000
642.000000
634.000000
656.000000
644.000000
634.000000
638.000000
634.000000
650.000000
640.000000
628.000000
652.000000
642.000000
656.000000
636.000000
642.000000
648.000000
642.000000
656.000000
660.000000
666.000000
640.000000
598.000000
646.000000
640.000000
658.000000
646.000000
620.000000
642.000000
598.000000
638.000000
632.000000
582.000000
630.000000
658.000000
648.000000
652.000000
694.000000
656.000000
658.000000
638.000000
652.000000
634.000000
684.000000
654.000000
632.000000
648.000000
636.000000
660.000000
636.000000
614.000000
628.000000
636.000000
658.000000
660.000000
672.000000
654.000000
640.000000
622.000000
638.000000
640.000000
634.000000
646.000000
650.000000
648.000000
642.000000
636.000000
644.000000
646.000000
640.000000
656.000000
642.000000
644.000000
656.000000
632.000000
646.000000
640.000000
640.000000
646.000000
660.000000
636.000000
640.000000
642.000000
656.000000
658.000000
642.000000
644.000000
638.000000
630.000000
638.000000
582.000000
664.000000
646.000000
584.000000
650.000000
644.000000
642.000000
666.000000
660.000000
660.000000
650.000000
650.000000
644.000000
644.000000
702.000000
654.000000
656.000000
642.000000
654.000000
636.000000
644.000000
656.000000
662.000000
636.000000
618.000000
634.000000
646.000000
634.000000
650.000000
702.000000
646.000000
660.000000
642.000000
640.000000
620.000000
658.000000
632.000000
576.000000
644.000000
698.000000
646.000000
642.000000
622.000000
636.000000
626.000000
642.000000
660.000000
670.000000
656.000000
632.000000
692.000000
638.000000
670.000000
658.000000
628.000000
628.000000
652.000000
650.000000
692.000000
664.000000
626.000000
630.000000
620.000000
626.000000
652.000000
652.000000
656.000000
646.000000
628.000000
630.000000
630.000000
628.000000
640.000000
650.000000
664.000000
656.000000
658.000000
642.000000
616.000000
642.000000
626.000000
646.000000
640.000000
668.000000
644.000000
636.000000
652.000000
622.000000
702.000000
642.000000
648.000000
644.000000
648.000000
638.000000
638.000000
642.000000
646.000000
640.000000
602.000000
634.000000
590.000000
664.000000
660.000000
578.000000
630.000000
642.000000
642.000000
658.000000
646.000000
594.000000
652.000000
644.000000
660.000000
650.000000
648.000000
648.000000
692.000000
650.000000
634.000000
638.000000
656.000000
648.000000
580.000000
662.000000
652.000000
650.000000
648.000000
642.000000
650.000000
642.000000
688.000000
648.000000
586.000000
652.000000
640.000000
634.000000
636.000000
656.000000
632.000000
638.000000
622.000000
640.000000
638.000000
656.000000
666.000000
620.000000
650.000000
650.000000
582.000000
630.000000
644.000000
648.000000
652.000000
626.000000
652.000000
650.000000
596.000000
650.000000
650.000000
652.000000
652.000000
656.000000
662.000000
640.000000
642.000000
646.000000
686.000000
630.000000
656.000000
654.000000
650.000000
642.000000
692.000000
642.000000
652.000000
622.000000
638.000000
630.000000
640.000000
648.000000
642.000000
636.000000
644.000000
648.000000
634.000000
624.000000
634.000000
648.000000
638.000000
634.000000
648.000000
646.000000
646.000000
654.000000
652.000000
652.000000
584.000000
664.000000
654.000000
580.000000
630.000000
644.000000
698.000000
640.000000
576.000000
642.000000
632.000000
638.000000
652.000000
646.000000
648.000000
650.000000
660.000000
656.000000
632.000000
624.000000
664.000000
644.000000
648.000000
650.000000
662.000000
642.000000
654.000000
628.000000
612.000000
646.000000
628.000000
672.000000
702.000000
638.000000
650.000000
644.000000
640.000000
626.000000
634.000000
670.000000
664.000000
664.000000
642.000000
636.000000
626.000000
690.000000
614.000000
636.000000
638.000000
642.000000
654.000000
642.000000
644.000000
616.000000
626.000000
614.000000
636.000000
654.000000
654.000000
638.000000
650.000000
590.000000
636.000000
642.000000
668.000000
644.000000
642.000000
642.000000
646.000000
636.000000
626.000000
630.000000
644.000000
626.000000
648.000000
654.000000
658.000000
636.000000
626.000000
632.000000
650.000000
646.000000
640.000000
618.000000
648.000000
638.000000
652.000000
628.000000
640.000000
586.000000
656.000000
584.000000
634.000000
640.000000
702.000000
636.000000
654.000000
648.000000
658.000000
652.000000
644.000000
642.000000
584.000000
642.000000
642.000000
640.000000
648.000000
640.000000
632.000000
620.000000
624.000000
662.000000
662.000000
652.000000
684.000000
632.000000
622.000000
636.000000
618.000000
624.000000
658.000000
636.000000
650.000000
646.000000
624.000000
612.000000
622.000000
648.000000
642.000000
650.000000
630.000000
658.000000
632.000000
642.000000
660.000000
676.000000
654.000000
628.000000
578.000000
632.000000
630.000000
656.000000
658.000000
672.000000
630.000000
634.000000
622.000000
578.000000
624.000000
638.000000
650.000000
642.000000
648.000000
632.000000
630.000000
692.000000
650.000000
650.000000
656.000000
632.000000
684.000000
690.000000
636.000000
648.000000
652.000000
644.000000
624.000000
650.000000
630.000000
642.000000
654.000000
630.000000
638.000000
628.000000
646.000000
650.000000
666.000000
638.000000
636.000000
620.000000
614.000000
578.000000
644.000000
642.000000
698.000000
632.000000
640.000000
644.000000
634.000000
582.000000
626.000000
628.000000
634.000000
626.000000
636.000000
654.000000
636.000000
642.000000
638.000000
630.000000
632.000000
630.000000
642.000000
642.000000
636.000000
652.000000
640.000000
632.000000
614.000000
618.000000
638.000000
650.000000
650.000000
640.000000
588.000000
638.000000
640.000000
622.000000
650.000000
646.000000
650.000000
622.000000
626.000000
624.000000
638.000000
636.000000
696.000000
660.000000
650.000000
692.000000
636.000000
640.000000
650.000000
674.000000
640.000000
642.000000
634.000000
642.000000
626.000000
650.000000
650.000000
646.000000
644.000000
632.000000
698.000000
646.000000
698.000000
660.000000
622.000000
628.000000
640.000000
632.000000
640.000000
642.000000
652.000000
642.000000
636.000000
628.000000
658.000000
660.000000
658.000000
662.000000
662.000000
638.000000
582.000000
642.000000
636.000000
668.000000
696.000000
688.000000
572.000000
692.000000
656.000000
610.000000
684.000000
596.000000
586.000000
658.000000
716.000000
598.000000
624.000000
660.000000
610.000000
692.000000
638.000000
650.000000
644.000000
660.000000
614.000000
624.000000
630.000000
584.000000
640.000000
660.000000
682.000000
644.000000
584.000000
634.000000
692.000000
630.000000
582.000000
618.000000
686.000000
682.000000
644.000000
584.000000
506.000000
626.000000
662.000000
636.000000
634.000000
724.000000
806.000000
684.000000
532.000000
550.000000
644.000000
894.000000
632.000000
528.000000
552.000000
566.000000
748.000000
708.000000
604.000000
510.000000
412.000000
506.000000
746.000000
1014.000000
904.000000
364.000000
270.000000
404.000000
482.000000
1084.000000
774.000000
562.000000
430.000000
520.000000
520.000000
1070.000000
690.000000
434.000000
438.000000
546.000000
558.000000
704.000000
614.000000
544.000000
510.000000
496.000000
686.000000
718.000000
806.000000
720.000000
594.000000
558.000000
562.000000
614.000000
620.000000
666.000000
688.000000
662.000000
654.000000
660.000000
672.000000
626.000000
598.000000
586.000000
592.000000
658.000000
686.000000
668.000000
682.000000
630.000000
652.000000
656.000000
652.000000
632.000000
630.000000
618.000000
644.000000
644.000000
648.000000
662.000000
626.000000
580.000000
662.000000
634.000000
578.000000
620.000000
580.000000
642.000000
630.000000
654.000000
660.000000
678.000000
654.000000
626.000000
624.000000
648.000000
632.000000
634.000000
650.000000
662.000000
642.000000
700.000000
648.000000
634.000000
622.000000
622.000000
624.000000
636.000000
656.000000
634.000000
654.000000
626.000000
622.000000
630.000000
632.000000
638.000000
634.000000
654.000000
648.000000
650.000000
650.000000
578.000000
626.000000
638.000000
634.000000
666.000000
632.000000
650.000000
630.000000
630.000000
620.000000
608.000000
654.000000
646.000000
634.000000
640.000000
634.000000
624.000000
602.000000
628.000000
652.000000
616.000000
648.000000
674.000000
680.000000
620.000000
650.000000
596.000000
584.000000
678.000000
714.000000
698.000000
666.000000
554.000000
598.000000
620.000000
654.000000
662.000000
664.000000
628.000000
694.000000
736.000000
742.000000
706.000000
758.000000
774.000000
778.000000
724.000000
764.000000
814.000000
804.000000
824.000000
816.000000
804.000000
806.000000
828.000000
798.000000
806.000000
774.000000
786.000000
786.000000
774.000000
812.000000
814.000000
856.000000
754.000000
748.000000
776.000000
818.000000
756.000000
744.000000
722.000000
708.000000
748.000000
784.000000
788.000000
762.000000
752.000000
738.000000
730.000000
750.000000
766.000000
752.000000
780.000000
754.000000
746.000000
756.000000
754.000000
730.000000
756.000000
824.000000
768.000000
750.000000
744.000000
738.000000
742.000000
732.000000
748.000000
764.000000
790.000000
780.000000
776.000000
744.000000
740.000000
762.000000
738.000000
738.000000
762.000000
732.000000
716.000000
752.000000
758.000000
750.000000
730.000000
746.000000
752.000000
726.000000
718.000000
798.000000
732.000000
750.000000
768.000000
770.000000
790.000000
752.000000
740.000000
718.000000
750.000000
732.000000
746.000000
752.000000
726.000000
746.000000
732.000000
742.000000
724.000000
740.000000
738.000000
746.000000
742.000000
760.000000
746.000000
748.000000
746.000000
730.000000
748.000000
740.000000
680.000000
740.000000
726.000000
776.000000
760.000000
740.000000
726.000000
752.000000
746.000000
720.000000
746.000000
730.000000
750.000000
784.000000
764.000000
752.000000
736.000000
754.000000
736.000000
750.000000
756.000000
760.000000
736.000000
750.000000
742.000000
746.000000
772.000000
770.000000
768.000000
768.000000
716.000000
710.000000
746.000000
742.000000
752.000000
790.000000
788.000000
752.000000
748.000000
746.000000
748.000000
746.000000
762.000000
760.000000
748.000000
722.000000
736.000000
724.000000
756.000000
754.000000
764.000000
752.000000
730.000000
744.000000
750.000000
772.000000
724.000000
740.000000
764.000000
752.000000
744.000000
740.000000
734.000000
668.000000
724.000000
742.000000
758.000000
752.000000
768.000000
738.000000
740.000000
736.000000
750.000000
746.000000
750.000000
764.000000
760.000000
752.000000
726.000000
734.000000
750.000000
752.000000
750.000000
740.000000
744.000000
766.000000
742.000000
746.000000
754.000000
758.000000
748.000000
756.000000
830.000000
730.000000
710.000000
748.000000
702.000000
738.000000
738.000000
742.000000
822.000000
750.000000
928.000000
706.000000
746.000000
728.000000
738.000000
742.000000
730.000000
740.000000
776.000000
772.000000
764.000000
736.000000
726.000000
732.000000
746.000000
748.000000
758.000000
752.000000
762.000000
772.000000
730.000000
708.000000
724.000000
740.000000
762.000000
750.000000
740.000000
770.000000
752.000000
722.000000
716.000000
748.000000
758.000000
750.000000
744.000000
734.000000
736.000000
916.000000
850.000000
608.000000
646.000000
674.000000
758.000000
786.000000
782.000000
766.000000
742.000000
700.000000
740.000000
750.000000
712.000000
744.000000
708.000000
702.000000
722.000000
718.000000
736.000000
720.000000
742.000000
726.000000
596.000000
710.000000
726.000000
748.000000
746.000000
730.000000
694.000000
752.000000
706.000000
708.000000
720.000000
730.000000
734.000000
710.000000
720.000000
746.000000
742.000000
698.000000
716.000000
730.000000
744.000000
810.000000
826.000000
762.000000
770.000000
706.000000
730.000000
712.000000
732.000000
750.000000
764.000000
744.000000
712.000000
706.000000
662.000000
726.000000
746.000000
742.000000
750.000000
744.000000
722.000000
718.000000
716.000000
738.000000
722.000000
742.000000
748.000000
744.000000
740.000000
736.000000
736.000000
726.000000
742.000000
746.000000
740.000000
712.000000
744.000000
746.000000
712.000000
734.000000
736.000000
736.000000
748.000000
764.000000
754.000000
726.000000
736.000000
732.000000
710.000000
696.000000
740.000000
734.000000
822.000000
748.000000
748.000000
726.000000
736.000000
736.000000
750.000000
762.000000
734.000000
728.000000
724.000000
722.000000
748.000000
732.000000
744.000000
746.000000
730.000000
726.000000
718.000000
818.000000
732.000000
742.000000
768.000000
754.000000
730.000000
732.000000
758.000000
692.000000
748.000000
732.000000
738.000000
762.000000
728.000000
724.000000
714.000000
716.000000
730.000000
744.000000
752.000000
750.000000
744.000000
744.000000
746.000000
688.000000
732.000000
738.000000
724.000000
754.000000
750.000000
762.000000
738.000000
726.000000
738.000000
734.000000
728.000000
730.000000
750.000000
736.000000
746.000000
744.000000
722.000000
742.000000
714.000000
732.000000
752.000000
716.000000
768.000000
742.000000
738.000000
706.000000
718.000000
722.000000
758.000000
762.000000
764.000000
750.000000
698.000000
534.000000
734.000000
716.000000
712.000000
734.000000
730.000000
756.000000
740.000000
738.000000
742.000000
740.000000
750.000000
756.000000
732.000000
744.000000
730.000000
726.000000
724.000000
720.000000
746.000000
756.000000
772.000000
754.000000
726.000000
676.000000
684.000000
718.000000
740.000000
736.000000
752.000000
706.000000
740.000000
744.000000
706.000000
742.000000
732.000000
724.000000
720.000000
506.000000
646.000000
656.000000
708.000000
774.000000
750.000000
756.000000
700.000000
722.000000
736.000000
716.000000
748.000000
744.000000
712.000000
740.000000
806.000000
802.000000
672.000000
664.000000
674.000000
726.000000
774.000000
762.000000
746.000000
682.000000
680.000000
666.000000
666.000000
678.000000
720.000000
688.000000
682.000000
694.000000
692.000000
690.000000
684.000000
642.000000
654.000000
662.000000
668.000000
678.000000
648.000000
656.000000
658.000000
658.000000
670.000000
664.000000
648.000000
662.000000
670.000000
658.000000
676.000000
668.000000
664.000000
636.000000
620.000000
632.000000
654.000000
690.000000
670.000000
744.000000
670.000000
618.000000
626.000000
620.000000
622.000000
660.000000
694.000000
708.000000
682.000000
638.000000
654.000000
638.000000
652.000000
656.000000
656.000000
668.000000
678.000000
652.000000
604.000000
672.000000
648.000000
638.000000
670.000000
654.000000
672.000000
658.000000
660.000000
646.000000
674.000000
650.000000
668.000000
658.000000
640.000000
668.000000
668.000000
678.000000
670.000000
652.000000
634.000000
652.000000
658.000000
648.000000
702.000000
640.000000
674.000000
660.000000
648.000000
662.000000
644.000000
636.000000
580.000000
646.000000
646.000000
646.000000
648.000000
584.000000
642.000000
650.000000
582.000000
646.000000
662.000000
648.000000
646.000000
648.000000
634.000000
666.000000
648.000000
648.000000
584.000000
652.000000
660.000000
592.000000
634.000000
648.000000
648.000000
650.000000
642.000000
648.000000
644.000000
626.000000
644.000000
640.000000
642.000000
654.000000
642.000000
638.000000
642.000000
700.000000
648.000000
628.000000
638.000000
642.000000
634.000000
664.000000
638.000000
638.000000
646.000000
640.000000
636.000000
630.000000
646.000000
652.000000
582.000000
628.000000
648.000000
642.000000
584.000000
640.000000
646.000000
640.000000
576.000000
638.000000
584.000000
628.000000
626.000000
646.000000
638.000000
644.000000
634.000000
632.000000
646.000000
644.000000
648.000000
626.000000
648.000000
642.000000
640.000000
644.000000
640.000000
634.000000
632.000000
644.000000
636.000000
578.000000
638.000000
652.000000
640.000000
636.000000
632.000000
648.000000
630.000000
624.000000
630.000000
638.000000
646.000000
638.000000
638.000000
640.000000
578.000000
692.000000
624.000000
654.000000
646.000000
650.000000
640.000000
640.000000
702.000000
642.000000
634.000000
614.000000
650.000000
644.000000
644.000000
638.000000
638.000000
634.000000
646.000000
644.000000
636.000000
634.000000
646.000000
650.000000
638.000000
628.000000
634.000000
644.000000
636.000000
640.000000
632.000000
636.000000
630.000000
646.000000
648.000000
650.000000
644.000000
576.000000
638.000000
644.000000
636.000000
650.000000
656.000000
650.000000
694.000000
626.000000
632.000000
692.000000
636.000000
628.000000
632.000000
626.000000
648.000000
628.000000
632.000000
620.000000
628.000000
648.000000
644.000000
644.000000
626.000000
636.000000
636.000000
642.000000
646.000000
632.000000
642.000000
634.000000
638.000000
624.000000
626.000000
626.000000
630.000000
638.000000
634.000000
692.000000
634.000000
636.000000
648.000000
644.000000
644.000000
646.000000
634.000000
654.000000
624.000000
636.000000
650.000000
622.000000
646.000000
642.000000
674.000000
656.000000
578.000000
634.000000
652.000000
578.000000
640.000000
660.000000
650.000000
662.000000
662.000000
636.000000
674.000000
654.000000
614.000000
638.000000
642.000000
670.000000
690.000000
698.000000
680.000000
624.000000
596.000000
594.000000
618.000000
650.000000
688.000000
680.000000
678.000000
638.000000
608.000000
626.000000
620.000000
580.000000
684.000000
676.000000
678.000000
642.000000
612.000000
630.000000
628.000000
638.000000
662.000000
666.000000
674.000000
662.000000
660.000000
650.000000
658.000000
644.000000
666.000000
654.000000
660.000000
644.000000
630.000000
654.000000
578.000000
644.000000
654.000000
662.000000
652.000000
650.000000
654.000000
648.000000
650.000000
656.000000
668.000000
648.000000
664.000000
654.000000
666.000000
654.000000
650.000000
640.000000
650.000000
648.000000
684.000000
666.000000
648.000000
636.000000
644.000000
646.000000
648.000000
662.000000
652.000000
668.000000
656.000000
650.000000
638.000000
700.000000
656.000000
630.000000
656.000000
638.000000
646.000000
644.000000
654.000000
588.000000
644.000000
644.000000
652.000000
634.000000
646.000000
648.000000
658.000000
652.000000
636.000000
650.000000
632.000000
638.000000
658.000000
666.000000
650.000000
628.000000
652.000000
658.000000
648.000000
644.000000
662.000000
646.000000
650.000000
654.000000
640.000000
642.000000
644.000000
642.000000
642.000000
642.000000
650.000000
648.000000
578.000000
650.000000
636.000000
578.000000
642.000000
666.000000
654.000000
642.000000
632.000000
652.000000
652.000000
650.000000
654.000000
664.000000
642.000000
654.000000
650.000000
646.000000
642.000000
636.000000
642.000000
650.000000
648.000000
664.000000
648.000000
656.000000
644.000000
648.000000
700.000000
654.000000
654.000000
600.000000
638.000000
654.000000
650.000000
646.000000
650.000000
692.000000
644.000000
656.000000
680.000000
646.000000
660.000000
654.000000
654.000000
662.000000
654.000000
650.000000
656.000000
632.000000
592.000000
652.000000
644.000000
652.000000
632.000000
634.000000
650.000000
662.000000
670.000000
632.000000
652.000000
646.000000
632.000000
632.000000
664.000000
642.000000
646.000000
648.000000
650.000000
620.000000
600.000000
634.000000
636.000000
676.000000
674.000000
676.000000
636.000000
612.000000
604.000000
656.000000
664.000000
658.000000
670.000000
656.000000
646.000000
630.000000
650.000000
696.000000
646.000000
652.000000
654.000000
668.000000
630.000000
600.000000
620.000000
628.000000
650.000000
656.000000
644.000000
642.000000
640.000000
660.000000
700.000000
640.000000
636.000000
654.000000
660.000000
690.000000
618.000000
628.000000
582.000000
652.000000
650.000000
660.000000
654.000000
584.000000
650.000000
588.000000
634.000000
658.000000
660.000000
658.000000
632.000000
646.000000
666.000000
642.000000
638.000000
628.000000
580.000000
624.000000
656.000000
654.000000
648.000000
644.000000
642.000000
648.000000
640.000000
648.000000
650.000000
646.000000
586.000000
638.000000
648.000000
658.000000
644.000000
648.000000
626.000000
644.000000
642.000000
664.000000
648.000000
592.000000
672.000000
634.000000
646.000000
594.000000
642.000000
660.000000
664.000000
650.000000
648.000000
652.000000
656.000000
644.000000
658.000000
644.000000
578.000000
644.000000
656.000000
654.000000
638.000000
700.000000
656.000000
646.000000
648.000000
652.000000
650.000000
650.000000
660.000000
658.000000
628.000000
696.000000
646.000000
650.000000
644.000000
652.000000
578.000000
638.000000
586.000000
654.000000
638.000000
646.000000
640.000000
646.000000
662.000000
656.000000
648.000000
636.000000
648.000000
652.000000
644.000000
636.000000
648.000000
650.000000
632.000000
642.000000
650.000000
660.000000
650.000000
628.000000
636.000000
644.000000
652.000000
640.000000
698.000000
654.000000
582.000000
642.000000
634.000000
702.000000
638.000000
654.000000
702.000000
662.000000
650.000000
656.000000
626.000000
636.000000
648.000000
644.000000
656.000000
654.000000
654.000000
654.000000
650.000000
642.000000
644.000000
666.000000
650.000000
652.000000
624.000000
650.000000
656.000000
650.000000
646.000000
652.000000
654.000000
696.000000
648.000000
628.000000
658.000000
652.000000
660.000000
648.000000
650.000000
606.000000
644.000000
644.000000
648.000000
652.000000
658.000000
646.000000
696.000000
638.000000
660.000000
650.000000
634.000000
696.000000
662.000000
662.000000
646.000000
640.000000
640.000000
640.000000
658.000000
658.000000
642.000000
646.000000
656.000000
648.000000
676.000000
646.000000
668.000000
694.000000
640.000000
650.000000
640.000000
658.000000
654.000000
630.000000
642.000000
644.000000
640.000000
626.000000
636.000000
648.000000
644.000000
648.000000
592.000000
638.000000
652.000000
638.000000
644.000000
700.000000
650.000000
642.000000
660.000000
640.000000
666.000000
632.000000
652.000000
632.000000
652.000000
628.000000
644.000000
654.000000
648.000000
640.000000
656.000000
644.000000
698.000000
630.000000
658.000000
648.000000
652.000000
634.000000
644.000000
638.000000
658.000000
652.000000
658.000000
644.000000
648.000000
646.000000
636.000000
640.000000
654.000000
640.000000
660.000000
648.000000
640.000000
648.000000
642.000000
652.000000
650.000000
642.000000
652.000000
642.000000
594.000000
620.000000
650.000000
648.000000
648.000000
644.000000
578.000000
642.000000
644.000000
658.000000
662.000000
702.000000
650.000000
662.000000
644.000000
632.000000
660.000000
650.000000
644.000000
654.000000
642.000000
640.000000
636.000000
654.000000
652.000000
648.000000
588.000000
642.000000
640.000000
588.000000
644.000000
660.000000
658.000000
644.000000
646.000000
668.000000
660.000000
654.000000
630.000000
640.000000
