0.000000
596.000000
610.000000
598.000000
600.000000
626.000000
612.000000
616.000000
616.000000
614.000000
602.000000
582.000000
606.000000
588.000000
600.000000
612.000000
618.000000
622.000000
612.000000
600.000000
602.000000
622.000000
620.000000
622.000000
618.000000
618.000000
602.000000
596.000000
596.000000
600.000000
624.000000
626.000000
612.000000
598.000000
610.000000
610.000000
596.000000
608.000000
616.000000
604.000000
614.000000
592.000000
610.000000
600.000000
584.000000
666.000000
680.000000
660.000000
584.000000
622.000000
610.000000
596.000000
618.000000
600.000000
614.000000
602.000000
596.000000
616.000000
634.000000
614.000000
586.000000
620.000000
612.000000
634.000000
618.000000
590.000000
594.000000
596.000000
604.000000
608.000000
620.000000
622.000000
608.000000
612.000000
604.000000
610.000000
622.000000
610.000000
632.000000
624.000000
582.000000
606.000000
608.000000
616.000000
628.000000
578.000000
630.000000
616.000000
598.000000
596.000000
598.000000
604.000000
622.000000
690.000000
688.000000
618.000000
600.000000
606.000000
606.000000
618.000000
626.000000
628.000000
644.000000
622.000000
610.000000
596.000000
580.000000
628.000000
624.000000
618.000000
610.000000
618.000000
624.000000
616.000000
628.000000
632.000000
598.000000
608.000000
588.000000
620.000000
632.000000
616.000000
642.000000
614.000000
596.000000
610.000000
626.000000
622.000000
638.000000
612.000000
620.000000
594.000000
610.000000
602.000000
620.000000
622.000000
626.000000
622.000000
630.000000
598.000000
632.000000
626.000000
606.000000
600.000000
622.000000
614.000000
624.000000
638.000000
606.000000
612.000000
614.000000
606.000000
622.000000
612.000000
600.000000
616.000000
612.000000
642.000000
606.000000
632.000000
612.000000
602.000000
608.000000
612.000000
614.000000
618.000000
622.000000
616.000000
614.000000
602.000000
618.000000
624.000000
612.000000
610.000000
612.000000
620.000000
602.000000
630.000000
618.000000
594.000000
608.000000
622.000000
614.000000
620.000000
612.000000
612.000000
620.000000
608.000000
622.000000
630.000000
632.000000
620.000000
596.000000
606.000000
604.000000
624.000000
632.000000
624.000000
614.000000
604.000000
614.000000
600.000000
606.000000
614.000000
630.000000
638.000000
604.000000
616.000000
614.000000
604.000000
606.000000
578.000000
610.000000
608.000000
622.000000
588.000000
622.000000
610.000000
608.000000
630.000000
628.000000
620.000000
628.000000
608.000000
612.000000
628.000000
612.000000
602.000000
614.000000
608.000000
614.000000
596.000000
608.000000
626.000000
610.000000
612.000000
614.000000
618.000000
622.000000
626.000000
626.000000
626.000000
600.000000
602.000000
606.000000
636.000000
628.000000
628.000000
618.000000
602.000000
606.000000
636.000000
622.000000
618.000000
620.000000
616.000000
600.000000
610.000000
614.000000
612.000000
614.000000
622.000000
608.000000
610.000000
602.000000
624.000000
624.000000
620.000000
610.000000
614.000000
618.000000
628.000000
606.000000
612.000000
628.000000
642.000000
642.000000
624.000000
612.000000
606.000000
612.000000
606.000000
612.000000
606.000000
628.000000
628.000000
652.000000
620.000000
588.000000
594.000000
608.000000
616.000000
632.000000
626.000000
646.000000
620.000000
606.000000
588.000000
604.000000
622.000000
630.000000
618.000000
600.000000
620.000000
624.000000
624.000000
612.000000
612.000000
616.000000
620.000000
614.000000
612.000000
610.000000
628.000000
618.000000
620.000000
600.000000
598.000000
616.000000
626.000000
626.000000
614.000000
622.000000
590.000000
622.000000
614.000000
638.000000
600.000000
598.000000
582.000000
564.000000
582.000000
684.000000
670.000000
652.000000
620.000000
512.000000
594.000000
588.000000
662.000000
656.000000
642.000000
568.000000
550.000000
598.000000
618.000000
622.000000
652.000000
672.000000
632.000000
608.000000
616.000000
598.000000
596.000000
606.000000
616.000000
660.000000
620.000000
624.000000
590.000000
560.000000
574.000000
616.000000
626.000000
644.000000
648.000000
640.000000
600.000000
602.000000
576.000000
566.000000
624.000000
626.000000
602.000000
602.000000
628.000000
594.000000
590.000000
590.000000
602.000000
604.000000
598.000000
636.000000
620.000000
632.000000
596.000000
600.000000
628.000000
588.000000
576.000000
584.000000
610.000000
648.000000
606.000000
610.000000
568.000000
602.000000
634.000000
584.000000
618.000000
596.000000
658.000000
586.000000
508.000000
606.000000
618.000000
582.000000
544.000000
630.000000
572.000000
590.000000
548.000000
608.000000
610.000000
598.000000
606.000000
564.000000
556.000000
560.000000
568.000000
518.000000
538.000000
644.000000
668.000000
558.000000
556.000000
550.000000
618.000000
600.000000
594.000000
626.000000
654.000000
582.000000
598.000000
618.000000
640.000000
652.000000
680.000000
640.000000
610.000000
628.000000
616.000000
636.000000
634.000000
638.000000
634.000000
584.000000
608.000000
642.000000
654.000000
662.000000
654.000000
606.000000
598.000000
588.000000
624.000000
650.000000
652.000000
650.000000
672.000000
630.000000
632.000000
614.000000
616.000000
630.000000
578.000000
644.000000
640.000000
636.000000
630.000000
636.000000
636.000000
632.000000
690.000000
630.000000
644.000000
644.000000
638.000000
630.000000
620.000000
638.000000
688.000000
652.000000
638.000000
634.000000
640.000000
636.000000
586.000000
654.000000
626.000000
664.000000
634.000000
616.000000
626.000000
636.000000
636.000000
648.000000
646.000000
634.000000
636.000000
640.000000
650.000000
690.000000
700.000000
618.000000
636.000000
624.000000
634.000000
642.000000
640.000000
698.000000
642.000000
628.000000
636.000000
620.000000
624.000000
642.000000
652.000000
628.000000
636.000000
634.000000
642.000000
634.000000
636.000000
644.000000
628.000000
612.000000
620.000000
626.000000
642.000000
644.000000
638.000000
632.000000
638.000000
624.000000
650.000000
658.000000
642.000000
698.000000
632.000000
614.000000
628.000000
640.000000
654.000000
624.000000
644.000000
624.000000
630.000000
630.000000
630.000000
642.000000
640.000000
630.000000
626.000000
638.000000
646.000000
636.000000
638.000000
650.000000
632.000000
638.000000
634.000000
642.000000
626.000000
650.000000
634.000000
624.000000
634.000000
628.000000
684.000000
630.000000
636.000000
642.000000
660.000000
634.000000
636.000000
644.000000
644.000000
632.000000
626.000000
648.000000
658.000000
648.000000
634.000000
624.000000
624.000000
638.000000
632.000000
630.000000
620.000000
650.000000
698.000000
656.000000
636.000000
622.000000
640.000000
630.000000
638.000000
642.000000
636.000000
638.000000
642.000000
642.000000
634.000000
628.000000
614.000000
612.000000
622.000000
686.000000
680.000000
696.000000
638.000000
542.000000
590.000000
612.000000
644.000000
654.000000
658.000000
650.000000
654.000000
634.000000
628.000000
618.000000
628.000000
640.000000
630.000000
648.000000
698.000000
636.000000
624.000000
620.000000
656.000000
646.000000
646.000000
640.000000
612.000000
636.000000
636.000000
642.000000
652.000000
638.000000
660.000000
588.000000
628.000000
632.000000
644.000000
632.000000
650.000000
640.000000
692.000000
654.000000
626.000000
634.000000
638.000000
648.000000
640.000000
636.000000
636.000000
636.000000
582.000000
632.000000
646.000000
626.000000
622.000000
638.000000
642.000000
634.000000
644.000000
634.000000
634.000000
686.000000
690.000000
632.000000
634.000000
636.000000
634.000000
636.000000
636.000000
634.000000
690.000000
648.000000
642.000000
640.000000
628.000000
622.000000
632.000000
644.000000
652.000000
628.000000
650.000000
636.000000
628.000000
636.000000
580.000000
634.000000
642.000000
642.000000
630.000000
648.000000
656.000000
648.000000
632.000000
624.000000
632.000000
628.000000
636.000000
656.000000
700.000000
650.000000
650.000000
640.000000
642.000000
648.000000
648.000000
576.000000
678.000000
638.000000
640.000000
618.000000
616.000000
644.000000
652.000000
702.000000
644.000000
634.000000
628.000000
630.000000
636.000000
636.000000
644.000000
652.000000
634.000000
636.000000
638.000000
638.000000
656.000000
650.000000
656.000000
630.000000
618.000000
634.000000
670.000000
666.000000
578.000000
624.000000
642.000000
614.000000
654.000000
690.000000
656.000000
656.000000
584.000000
620.000000
622.000000
654.000000
672.000000
648.000000
644.000000
624.000000
614.000000
602.000000
642.000000
670.000000
668.000000
678.000000
620.000000
566.000000
644.000000
674.000000
668.000000
684.000000
610.000000
602.000000
616.000000
650.000000
622.000000
656.000000
642.000000
650.000000
632.000000
624.000000
582.000000
638.000000
648.000000
642.000000
642.000000
652.000000
648.000000
644.000000
586.000000
628.000000
642.000000
620.000000
628.000000
634.000000
698.000000
638.000000
648.000000
610.000000
698.000000
664.000000
632.000000
548.000000
524.000000
630.000000
644.000000
680.000000
688.000000
642.000000
626.000000
620.000000
528.000000
732.000000
724.000000
680.000000
626.000000
514.000000
556.000000
658.000000
722.000000
656.000000
644.000000
584.000000
566.000000
664.000000
684.000000
680.000000
636.000000
622.000000
620.000000
654.000000
656.000000
626.000000
694.000000
654.000000
632.000000
628.000000
624.000000
626.000000
648.000000
632.000000
652.000000
602.000000
664.000000
666.000000
646.000000
636.000000
620.000000
646.000000
664.000000
650.000000
610.000000
620.000000
618.000000
698.000000
658.000000
648.000000
646.000000
640.000000
646.000000
652.000000
694.000000
604.000000
634.000000
630.000000
646.000000
654.000000
638.000000
654.000000
628.000000
576.000000
638.000000
624.000000
622.000000
612.000000
622.000000
640.000000
664.000000
664.000000
620.000000
600.000000
604.000000
628.000000
642.000000
596.000000
646.000000
614.000000
638.000000
646.000000
642.000000
634.000000
638.000000
648.000000
636.000000
650.000000
656.000000
646.000000
632.000000
576.000000
626.000000
638.000000
636.000000
634.000000
656.000000
626.000000
626.000000
610.000000
622.000000
688.000000
642.000000
626.000000
620.000000
620.000000
642.000000
630.000000
606.000000
654.000000
626.000000
660.000000
638.000000
604.000000
620.000000
632.000000
644.000000
652.000000
630.000000
636.000000
630.000000
632.000000
664.000000
664.000000
638.000000
582.000000
626.000000
596.000000
618.000000
654.000000
642.000000
652.000000
610.000000
648.000000
654.000000
646.000000
702.000000
602.000000
612.000000
588.000000
620.000000
646.000000
668.000000
654.000000
656.000000
636.000000
622.000000
618.000000
610.000000
626.000000
666.000000
688.000000
606.000000
620.000000
610.000000
610.000000
660.000000
642.000000
652.000000
646.000000
632.000000
596.000000
592.000000
592.000000
624.000000
634.000000
632.000000
624.000000
604.000000
610.000000
626.000000
632.000000
698.000000
626.000000
656.000000
642.000000
632.000000
628.000000
632.000000
610.000000
616.000000
632.000000
628.000000
644.000000
646.000000
636.000000
612.000000
622.000000
600.000000
616.000000
628.000000
608.000000
604.000000
632.000000
576.000000
666.000000
656.000000
578.000000
598.000000
592.000000
608.000000
640.000000
616.000000
670.000000
664.000000
602.000000
608.000000
612.000000
628.000000
620.000000
632.000000
604.000000
664.000000
594.000000
586.000000
568.000000
664.000000
680.000000
644.000000
582.000000
634.000000
576.000000
566.000000
616.000000
622.000000
640.000000
614.000000
606.000000
574.000000
594.000000
618.000000
614.000000
642.000000
660.000000
662.000000
638.000000
596.000000
600.000000
608.000000
616.000000
636.000000
634.000000
626.000000
624.000000
620.000000
628.000000
628.000000
606.000000
606.000000
626.000000
618.000000
658.000000
634.000000
594.000000
582.000000
604.000000
618.000000
614.000000
586.000000
622.000000
692.000000
632.000000
632.000000
624.000000
628.000000
618.000000
618.000000
628.000000
576.000000
644.000000
630.000000
642.000000
630.000000
628.000000
600.000000
598.000000
610.000000
626.000000
630.000000
660.000000
642.000000
624.000000
624.000000
620.000000
618.000000
632.000000
600.000000
622.000000
626.000000
596.000000
588.000000
610.000000
616.000000
618.000000
618.000000
626.000000
620.000000
606.000000
614.000000
608.000000
624.000000
628.000000
628.000000
616.000000
652.000000
646.000000
646.000000
610.000000
604.000000
612.000000
622.000000
628.000000
620.000000
624.000000
634.000000
602.000000
636.000000
594.000000
590.000000
598.000000
580.000000
648.000000
626.000000
662.000000
604.000000
580.000000
516.000000
582.000000
578.000000
616.000000
628.000000
642.000000
626.000000
604.000000
608.000000
630.000000
678.000000
620.000000
624.000000
598.000000
606.000000
620.000000
616.000000
622.000000
610.000000
620.000000
648.000000
632.000000
604.000000
600.000000
588.000000
614.000000
620.000000
658.000000
632.000000
608.000000
602.000000
604.000000
598.000000
608.000000
622.000000
638.000000
620.000000
596.000000
616.000000
620.000000
634.000000
614.000000
616.000000
610.000000
624.000000
630.000000
614.000000
620.000000
592.000000
612.000000
654.000000
634.000000
618.000000
628.000000
620.000000
612.000000
616.000000
618.000000
624.000000
622.000000
614.000000
610.000000
612.000000
632.000000
616.000000
628.000000
622.000000
628.000000
610.000000
616.000000
608.000000
628.000000
618.000000
622.000000
614.000000
614.000000
616.000000
624.000000
602.000000
624.000000
624.000000
618.000000
630.000000
630.000000
614.000000
616.000000
596.000000
624.000000
576.000000
612.000000
622.000000
628.000000
614.000000
612.000000
622.000000
616.000000
614.000000
632.000000
612.000000
610.000000
614.000000
632.000000
630.000000
624.000000
628.000000
628.000000
608.000000
624.000000
626.000000
624.000000
616.000000
640.000000
630.000000
618.000000
606.000000
606.000000
610.000000
634.000000
622.000000
616.000000
640.000000
614.000000
604.000000
612.000000
610.000000
624.000000
624.000000
638.000000
624.000000
626.000000
606.000000
618.000000
618.000000
626.000000
616.000000
616.000000
622.000000
600.000000
618.000000
618.000000
588.000000
624.000000
620.000000
610.000000
614.000000
606.000000
624.000000
638.000000
626.000000
638.000000
630.000000
624.000000
622.000000
602.000000
618.000000
624.000000
624.000000
624.000000
622.000000
594.000000
632.000000
624.000000
684.000000
630.000000
628.000000
610.000000
612.000000
616.000000
626.000000
620.000000
610.000000
614.000000
616.000000
614.000000
620.000000
600.000000
604.000000
618.000000
624.000000
616.000000
604.000000
612.000000
612.000000
630.000000
616.000000
622.000000
632.000000
630.000000
624.000000
610.000000
614.000000
608.000000
600.000000
616.000000
628.000000
632.000000
626.000000
620.000000
612.000000
610.000000
622.000000
614.000000
626.000000
622.000000
632.000000
614.000000
608.000000
598.000000
624.000000
624.000000
622.000000
612.000000
616.000000
610.000000
612.000000
602.000000
606.000000
640.000000
634.000000
620.000000
628.000000
614.000000
610.000000
616.000000
634.000000
624.000000
640.000000
622.000000
622.000000
618.000000
614.000000
618.000000
622.000000
638.000000
630.000000
598.000000
614.000000
618.000000
618.000000
624.000000
638.000000
636.000000
604.000000
626.000000
602.000000
628.000000
634.000000
622.000000
626.000000
618.000000
614.000000
622.000000
598.000000
616.000000
608.000000
608.000000
616.000000
626.000000
620.000000
638.000000
614.000000
612.000000
604.000000
614.000000
622.000000
620.000000
608.000000
634.000000
628.000000
636.000000
614.000000
616.000000
602.000000
616.000000
620.000000
594.000000
660.000000
610.000000
598.000000
604.000000
626.000000
640.000000
602.000000
630.000000
636.000000
620.000000
612.000000
618.000000
596.000000
606.000000
620.000000
626.000000
626.000000
604.000000
596.000000
630.000000
630.000000
618.000000
612.000000
600.000000
604.000000
606.000000
620.000000
620.000000
630.000000
616.000000
598.000000
634.000000
622.000000
682.000000
618.000000
620.000000
610.000000
622.000000
622.000000
612.000000
620.000000
624.000000
618.000000
620.000000
618.000000
618.000000
620.000000
638.000000
634.000000
626.000000
612.000000
610.000000
628.000000
600.000000
618.000000
624.000000
632.000000
622.000000
608.000000
598.000000
618.000000
612.000000
632.000000
638.000000
634.000000
630.000000
604.000000
634.000000
636.000000
618.000000
616.000000
616.000000
620.000000
618.000000
630.000000
624.000000
616.000000
608.000000
624.000000
636.000000
604.000000
620.000000
622.000000
622.000000
628.000000
692.000000
620.000000
628.000000
624.000000
616.000000
624.000000
600.000000
584.000000
592.000000
618.000000
684.000000
630.000000
612.000000
606.000000
622.000000
614.000000
618.000000
604.000000
606.000000
618.000000
626.000000
632.000000
630.000000
644.000000
630.000000
624.000000
622.000000
598.000000
602.000000
632.000000
624.000000
644.000000
622.000000
596.000000
616.000000
626.000000
616.000000
610.000000
624.000000
616.000000
622.000000
640.000000
626.000000
628.000000
620.000000
618.000000
594.000000
622.000000
612.000000
616.000000
638.000000
620.000000
612.000000
632.000000
610.000000
618.000000
612.000000
610.000000
614.000000
610.000000
628.000000
624.000000
622.000000
624.000000
618.000000
636.000000
638.000000
626.000000
632.000000
596.000000
620.000000
612.000000
628.000000
624.000000
644.000000
626.000000
622.000000
618.000000
590.000000
622.000000
622.000000
606.000000
606.000000
628.000000
616.000000
614.000000
604.000000
610.000000
606.000000
628.000000
616.000000
622.000000
632.000000
626.000000
614.000000
616.000000
614.000000
620.000000
618.000000
640.000000
622.000000
626.000000
626.000000
612.000000
610.000000
610.000000
616.000000
632.000000
618.000000
654.000000
610.000000
614.000000
604.000000
620.000000
636.000000
632.000000
624.000000
614.000000
606.000000
602.000000
620.000000
608.000000
616.000000
614.000000
618.000000
628.000000
686.000000
632.000000
632.000000
626.000000
612.000000
602.000000
598.000000
630.000000
656.000000
654.000000
642.000000
600.000000
600.000000
616.000000
614.000000
610.000000
618.000000
612.000000
632.000000
612.000000
604.000000
628.000000
620.000000
618.000000
610.000000
610.000000
636.000000
624.000000
604.000000
616.000000
614.000000
620.000000
620.000000
628.000000
576.000000
594.000000
628.000000
636.000000
636.000000
640.000000
616.000000
618.000000
616.000000
620.000000
624.000000
622.000000
604.000000
612.000000
618.000000
614.000000
610.000000
620.000000
624.000000
616.000000
638.000000
618.000000
598.000000
614.000000
630.000000
618.000000
612.000000
622.000000
628.000000
612.000000
606.000000
602.000000
616.000000
654.000000
698.000000
590.000000
600.000000
560.000000
618.000000
640.000000
662.000000
648.000000
632.000000
628.000000
618.000000
582.000000
594.000000
582.000000
622.000000
648.000000
652.000000
638.000000
600.000000
596.000000
608.000000
616.000000
634.000000
608.000000
568.000000
564.000000
610.000000
628.000000
622.000000
612.000000
630.000000
626.000000
608.000000
604.000000
604.000000
604.000000
644.000000
618.000000
638.000000
634.000000
604.000000
606.000000
614.000000
618.000000
612.000000
622.000000
624.000000
640.000000
602.000000
610.000000
606.000000
606.000000
612.000000
628.000000
626.000000
616.000000
622.000000
616.000000
604.000000
614.000000
608.000000
610.000000
598.000000
604.000000
652.000000
648.000000
622.000000
618.000000
606.000000
616.000000
624.000000
628.000000
616.000000
636.000000
610.000000
618.000000
640.000000
616.000000
614.000000
624.000000
614.000000
588.000000
612.000000
620.000000
620.000000
616.000000
602.000000
604.000000
622.000000
632.000000
600.000000
614.000000
616.000000
618.000000
612.000000
600.000000
612.000000
626.000000
616.000000
630.000000
612.000000
610.000000
596.000000
620.000000
620.000000
622.000000
620.000000
638.000000
610.000000
608.000000
598.000000
626.000000
632.000000
648.000000
618.000000
606.000000
602.000000
588.000000
606.000000
640.000000
636.000000
636.000000
606.000000
620.000000
610.000000
604.000000
592.000000
614.000000
632.000000
612.000000
620.000000
624.000000
602.000000
628.000000
594.000000
620.000000
630.000000
592.000000
614.000000
612.000000
632.000000
590.000000
620.000000
616.000000
612.000000
632.000000
626.000000
614.000000
608.000000
616.000000
630.000000
612.000000
626.000000
620.000000
606.000000
614.000000
610.000000
616.000000
634.000000
600.000000
616.000000
622.000000
618.000000
610.000000
628.000000
612.000000
610.000000
594.000000
614.000000
614.000000
604.000000
594.000000
632.000000
632.000000
702.000000
606.000000
598.000000
604.000000
618.000000
608.000000
630.000000
634.000000
614.000000
626.000000
608.000000
600.000000
614.000000
620.000000
628.000000
622.000000
620.000000
614.000000
622.000000
616.000000
618.000000
614.000000
612.000000
608.000000
614.000000
612.000000
636.000000
630.000000
614.000000
598.000000
612.000000
604.000000
622.000000
642.000000
598.000000
614.000000
598.000000
616.000000
600.000000
616.000000
582.000000
624.000000
610.000000
618.000000
610.000000
610.000000
610.000000
596.000000
612.000000
630.000000
624.000000
618.000000
614.000000
626.000000
626.000000
610.000000
622.000000
606.000000
620.000000
612.000000
616.000000
616.000000
634.000000
614.000000
628.000000
620.000000
602.000000
614.000000
628.000000
618.000000
614.000000
612.000000
608.000000
616.000000
616.000000
630.000000
610.000000
620.000000
622.000000
612.000000
618.000000
626.000000
626.000000
616.000000
604.000000
602.000000
678.000000
628.000000
624.000000
616.000000
612.000000
614.000000
604.000000
608.000000
624.000000
600.000000
602.000000
618.000000
616.000000
624.000000
626.000000
620.000000
618.000000
640.000000
624.000000
614.000000
614.000000
608.000000
602.000000
598.000000
618.000000
628.000000
608.000000
618.000000
616.000000
616.000000
610.000000
626.000000
640.000000
608.000000
622.000000
614.000000
604.000000
618.000000
610.000000
620.000000
632.000000
632.000000
616.000000
602.000000
606.000000
616.000000
608.000000
624.000000
642.000000
638.000000
624.000000
624.000000
614.000000
630.000000
612.000000
596.000000
592.000000
608.000000
608.000000
632.000000
606.000000
608.000000
618.000000
600.000000
606.000000
600.000000
624.000000
630.000000
610.000000
610.000000
624.000000
602.000000
616.000000
638.000000
614.000000
610.000000
624.000000
622.000000
612.000000
622.000000
606.000000
600.000000
642.000000
638.000000
610.000000
606.000000
612.000000
606.000000
646.000000
666.000000
620.000000
686.000000
594.000000
596.000000
606.000000
580.000000
616.000000
612.000000
616.000000
602.000000
626.000000
622.000000
610.000000
616.000000
616.000000
628.000000
618.000000
614.000000
606.000000
604.000000
626.000000
612.000000
598.000000
608.000000
606.000000
624.000000
610.000000
638.000000
588.000000
614.000000
600.000000
600.000000
632.000000
604.000000
612.000000
644.000000
632.000000
612.000000
606.000000
590.000000
602.000000
602.000000
630.000000
626.000000
638.000000
632.000000
620.000000
578.000000
582.000000
614.000000
620.000000
630.000000
654.000000
614.000000
600.000000
602.000000
610.000000
624.000000
610.000000
610.000000
616.000000
622.000000
618.000000
606.000000
604.000000
628.000000
604.000000
606.000000
610.000000
618.000000
616.000000
626.000000
632.000000
606.000000
614.000000
608.000000
612.000000
628.000000
614.000000
618.000000
632.000000
634.000000
606.000000
596.000000
614.000000
636.000000
626.000000
630.000000
594.000000
598.000000
592.000000
606.000000
614.000000
612.000000
618.000000
608.000000
614.000000
608.000000
614.000000
610.000000
598.000000
598.000000
658.000000
576.000000
696.000000
624.000000
598.000000
626.000000
612.000000
626.000000
616.000000
624.000000
618.000000
602.000000
624.000000
616.000000
610.000000
600.000000
606.000000
612.000000
614.000000
618.000000
622.000000
624.000000
602.000000
608.000000
616.000000
610.000000
612.000000
626.000000
626.000000
622.000000
596.000000
618.000000
608.000000
590.000000
640.000000
632.000000
596.000000
588.000000
606.000000
628.000000
598.000000
596.000000
628.000000
644.000000
584.000000
582.000000
594.000000
630.000000
608.000000
620.000000
626.000000
626.000000
592.000000
612.000000
612.000000
608.000000
594.000000
598.000000
618.000000
624.000000
648.000000
646.000000
624.000000
572.000000
566.000000
580.000000
616.000000
616.000000
624.000000
616.000000
606.000000
602.000000
622.000000
616.000000
612.000000
602.000000
618.000000
618.000000
624.000000
598.000000
592.000000
612.000000
618.000000
608.000000
626.000000
614.000000
610.000000
620.000000
608.000000
614.000000
622.000000
598.000000
604.000000
616.000000
612.000000
618.000000
612.000000
614.000000
612.000000
610.000000
618.000000
630.000000
628.000000
606.000000
596.000000
634.000000
594.000000
588.000000
624.000000
618.000000
618.000000
608.000000
598.000000
610.000000
610.000000
616.000000
618.000000
614.000000
616.000000
606.000000
616.000000
626.000000
618.000000
612.000000
614.000000
594.000000
636.000000
614.000000
630.000000
614.000000
596.000000
584.000000
632.000000
686.000000
606.000000
598.000000
598.000000
586.000000
612.000000
628.000000
616.000000
628.000000
626.000000
616.000000
604.000000
592.000000
616.000000
600.000000
598.000000
618.000000
618.000000
612.000000
618.000000
602.000000
610.000000
618.000000
628.000000
624.000000
616.000000
624.000000
624.000000
620.000000
618.000000
600.000000
606.000000
618.000000
626.000000
608.000000
604.000000
612.000000
612.000000
622.000000
606.000000
624.000000
622.000000
614.000000
616.000000
638.000000
616.000000
608.000000
604.000000
612.000000
636.000000
632.000000
614.000000
594.000000
594.000000
606.000000
596.000000
608.000000
614.000000
608.000000
620.000000
612.000000
652.000000
626.000000
610.000000
612.000000
618.000000
612.000000
598.000000
606.000000
610.000000
638.000000
634.000000
616.000000
602.000000
622.000000
628.000000
624.000000
608.000000
616.000000
614.000000
614.000000
604.000000
624.000000
632.000000
624.000000
618.000000
612.000000
588.000000
588.000000
592.000000
644.000000
658.000000
644.000000
610.000000
622.000000
616.000000
630.000000
600.000000
606.000000
632.000000
682.000000
618.000000
620.000000
610.000000
596.000000
602.000000
616.000000
626.000000
622.000000
630.000000
626.000000
634.000000
630.000000
598.000000
618.000000
616.000000
600.000000
598.000000
606.000000
600.000000
604.000000
614.000000
622.000000
624.000000
626.000000
628.000000
608.000000
590.000000
594.000000
600.000000
610.000000
616.000000
628.000000
612.000000
618.000000
608.000000
626.000000
618.000000
618.000000
598.000000
606.000000
624.000000
612.000000
626.000000
614.000000
602.000000
596.000000
624.000000
620.000000
608.000000
620.000000
612.000000
614.000000
614.000000
606.000000
606.000000
612.000000
624.000000
624.000000
600.000000
614.000000
612.000000
614.000000
596.000000
612.000000
616.000000
602.000000
624.000000
610.000000
616.000000
600.000000
628.000000
634.000000
618.000000
628.000000
610.000000
622.000000
622.000000
624.000000
612.000000
618.000000
620.000000
620.000000
614.000000
606.000000
618.000000
604.000000
622.000000
620.000000
602.000000
592.000000
598.000000
610.000000
618.000000
622.000000
614.000000
612.000000
600.000000
628.000000
614.000000
606.000000
608.000000
598.000000
616.000000
604.000000
624.000000
624.000000
594.000000
590.000000
608.000000
616.000000
630.000000
624.000000
622.000000
632.000000
582.000000
596.000000
608.000000
618.000000
626.000000
628.000000
628.000000
616.000000
582.000000
596.000000
614.000000
618.000000
630.000000
628.000000
618.000000
624.000000
604.000000
596.000000
598.000000
590.000000
614.000000
614.000000
624.000000
632.000000
606.000000
606.000000
628.000000
618.000000
602.000000
614.000000
620.000000
616.000000
612.000000
600.000000
612.000000
610.000000
612.000000
602.000000
612.000000
626.000000
622.000000
616.000000
610.000000
616.000000
606.000000
624.000000
600.000000
614.000000
614.000000
640.000000
624.000000
610.000000
624.000000
620.000000
608.000000
608.000000
594.000000
610.000000
610.000000
590.000000
608.000000
608.000000
608.000000
612.000000
612.000000
616.000000
622.000000
610.000000
618.000000
616.000000
594.000000
610.000000
614.000000
608.000000
616.000000
614.000000
616.000000
608.000000
624.000000
624.000000
616.000000
606.000000
598.000000
606.000000
624.000000
616.000000
634.000000
626.000000
608.000000
602.000000
596.000000
620.000000
610.000000
622.000000
620.000000
592.000000
614.000000
588.000000
624.000000
614.000000
622.000000
624.000000
612.000000
606.000000
616.000000
612.000000
618.000000
614.000000
630.000000
612.000000
614.000000
618.000000
624.000000
624.000000
612.000000
600.000000
608.000000
632.000000
624.000000
624.000000
600.000000
612.000000
604.000000
612.000000
626.000000
608.000000
624.000000
620.000000
620.000000
614.000000
634.000000
608.000000
596.000000
612.000000
590.000000
596.000000
610.000000
616.000000
612.000000
632.000000
620.000000
616.000000
610.000000
602.000000
612.000000
634.000000
624.000000
620.000000
616.000000
614.000000
608.000000
608.000000
630.000000
630.000000
602.000000
626.000000
606.000000
610.000000
612.000000
604.000000
618.000000
608.000000
612.000000
606.000000
604.000000
618.000000
614.000000
624.000000
618.000000
612.000000
622.000000
628.000000
618.000000
606.000000
606.000000
606.000000
624.000000
616.000000
618.000000
640.000000
616.000000
606.000000
602.000000
594.000000
612.000000
620.000000
600.000000
610.000000
632.000000
606.000000
622.000000
618.000000
620.000000
608.000000
612.000000
600.000000
626.000000
608.000000
622.000000
614.000000
612.000000
608.000000
606.000000
624.000000
586.000000
598.000000
588.000000
598.000000
612.000000
626.000000
632.000000
586.000000
620.000000
612.000000
608.000000
590.000000
626.000000
608.000000
622.000000
620.000000
614.000000
616.000000
624.000000
606.000000
604.000000
600.000000
608.000000
636.000000
616.000000
626.000000
600.000000
608.000000
618.000000
632.000000
632.000000
624.000000
614.000000
610.000000
610.000000
626.000000
630.000000
606.000000
612.000000
616.000000
612.000000
616.000000
614.000000
632.000000
622.000000
638.000000
624.000000
626.000000
602.000000
618.000000
612.000000
606.000000
622.000000
658.000000
636.000000
622.000000
610.000000
610.000000
602.000000
582.000000
608.000000
608.000000
638.000000
634.000000
630.000000
622.000000
622.000000
612.000000
614.000000
630.000000
636.000000
636.000000
624.000000
608.000000
626.000000
636.000000
614.000000
594.000000
568.000000
572.000000
632.000000
606.000000
474.000000
578.000000
798.000000
776.000000
638.000000
574.000000
544.000000
496.000000
482.000000
550.000000
716.000000
696.000000
822.000000
676.000000
560.000000
596.000000
580.000000
552.000000
594.000000
618.000000
754.000000
666.000000
542.000000
544.000000
604.000000
648.000000
646.000000
632.000000
566.000000
658.000000
594.000000
598.000000
670.000000
686.000000
644.000000
632.000000
732.000000
658.000000
592.000000
592.000000
996.000000
542.000000
766.000000
698.000000
696.000000
626.000000
614.000000
622.000000
662.000000
656.000000
602.000000
608.000000
654.000000
698.000000
698.000000
672.000000
648.000000
630.000000
632.000000
632.000000
658.000000
654.000000
662.000000
654.000000
660.000000
670.000000
660.000000
656.000000
652.000000
658.000000
652.000000
648.000000
592.000000
664.000000
652.000000
668.000000
646.000000
606.000000
666.000000
682.000000
640.000000
634.000000
628.000000
630.000000
630.000000
700.000000
624.000000
604.000000
618.000000
632.000000
628.000000
646.000000
620.000000
612.000000
630.000000
622.000000
628.000000
632.000000
630.000000
618.000000
628.000000
624.000000
630.000000
626.000000
624.000000
622.000000
630.000000
624.000000
648.000000
638.000000
646.000000
644.000000
620.000000
618.000000
626.000000
638.000000
576.000000
644.000000
616.000000
614.000000
628.000000
630.000000
642.000000
694.000000
620.000000
626.000000
624.000000
630.000000
640.000000
632.000000
636.000000
634.000000
638.000000
616.000000
618.000000
624.000000
628.000000
632.000000
590.000000
576.000000
628.000000
614.000000
626.000000
620.000000
588.000000
642.000000
632.000000
622.000000
630.000000
630.000000
610.000000
684.000000
688.000000
624.000000
638.000000
630.000000
636.000000
624.000000
630.000000
618.000000
636.000000
630.000000
626.000000
630.000000
620.000000
626.000000
630.000000
640.000000
626.000000
636.000000
618.000000
632.000000
614.000000
620.000000
652.000000
662.000000
632.000000
630.000000
616.000000
602.000000
612.000000
614.000000
638.000000
638.000000
652.000000
654.000000
630.000000
632.000000
618.000000
580.000000
628.000000
648.000000
626.000000
620.000000
620.000000
616.000000
630.000000
640.000000
630.000000
628.000000
618.000000
650.000000
616.000000
628.000000
614.000000
626.000000
648.000000
634.000000
636.000000
624.000000
628.000000
626.000000
636.000000
622.000000
578.000000
640.000000
638.000000
626.000000
632.000000
616.000000
632.000000
622.000000
624.000000
640.000000
630.000000
638.000000
686.000000
632.000000
622.000000
638.000000
636.000000
624.000000
622.000000
624.000000
638.000000
618.000000
700.000000
622.000000
620.000000
638.000000
632.000000
624.000000
622.000000
624.000000
640.000000
636.000000
640.000000
622.000000
620.000000
626.000000
580.000000
626.000000
638.000000
622.000000
620.000000
634.000000
612.000000
652.000000
628.000000
620.000000
576.000000
638.000000
644.000000
638.000000
626.000000
612.000000
618.000000
630.000000
638.000000
576.000000
634.000000
652.000000
624.000000
622.000000
628.000000
628.000000
638.000000
690.000000
626.000000
632.000000
630.000000
636.000000
626.000000
638.000000
630.000000
638.000000
610.000000
622.000000
630.000000
640.000000
644.000000
630.000000
628.000000
614.000000
630.000000
624.000000
614.000000
624.000000
630.000000
578.000000
614.000000
626.000000
636.000000
624.000000
630.000000
626.000000
630.000000
578.000000
628.000000
626.000000
622.000000
632.000000
644.000000
618.000000
588.000000
616.000000
634.000000
634.000000
648.000000
632.000000
624.000000
642.000000
616.000000
624.000000
624.000000
630.000000
626.000000
624.000000
620.000000
626.000000
630.000000
638.000000
628.000000
640.000000
626.000000
624.000000
634.000000
632.000000
620.000000
628.000000
632.000000
630.000000
610.000000
624.000000
630.000000
630.000000
632.000000
640.000000
622.000000
614.000000
624.000000
624.000000
630.000000
648.000000
638.000000
636.000000
628.000000
620.000000
624.000000
624.000000
636.000000
642.000000
638.000000
622.000000
636.000000
630.000000
620.000000
642.000000
620.000000
652.000000
606.000000
616.000000
614.000000
642.000000
586.000000
640.000000
628.000000
620.000000
624.000000
632.000000
620.000000
608.000000
626.000000
616.000000
634.000000
638.000000
616.000000
620.000000
614.000000
600.000000
634.000000
632.000000
636.000000
616.000000
618.000000
608.000000
624.000000
626.000000
624.000000
646.000000
646.000000
618.000000
616.000000
624.000000
648.000000
624.000000
622.000000
622.000000
622.000000
624.000000
632.000000
620.000000
622.000000
630.000000
612.000000
628.000000
636.000000
582.000000
620.000000
616.000000
620.000000
622.000000
630.000000
616.000000
612.000000
624.000000
622.000000
578.000000
622.000000
620.000000
622.000000
636.000000
586.000000
650.000000
610.000000
600.000000
602.000000
624.000000
612.000000
638.000000
638.000000
620.000000
634.000000
610.000000
628.000000
608.000000
626.000000
618.000000
618.000000
618.000000
626.000000
622.000000
610.000000
608.000000
616.000000
628.000000
638.000000
630.000000
622.000000
614.000000
614.000000
616.000000
632.000000
622.000000
626.000000
616.000000
610.000000
614.000000
612.000000
632.000000
622.000000
616.000000
624.000000
618.000000
634.000000
662.000000
620.000000
610.000000
622.000000
614.000000
622.000000
642.000000
622.000000
576.000000
612.000000
608.000000
622.000000
610.000000
620.000000
628.000000
634.000000
616.000000
620.000000
626.000000
612.000000
628.000000
626.000000
624.000000
626.000000
616.000000
608.000000
614.000000
618.000000
620.000000
602.000000
618.000000
618.000000
638.000000
620.000000
616.000000
608.000000
608.000000
616.000000
624.000000
616.000000
636.000000
624.000000
612.000000
606.000000
612.000000
626.000000
622.000000
622.000000
616.000000
612.000000
622.000000
606.000000
600.000000
608.000000
606.000000
614.000000
630.000000
624.000000
616.000000
622.000000
634.000000
628.000000
626.000000
624.000000
618.000000
596.000000
628.000000
620.000000
624.000000
620.000000
608.000000
622.000000
614.000000
626.000000
618.000000
628.000000
632.000000
606.000000
612.000000
618.000000
610.000000
618.000000
616.000000
612.000000
626.000000
608.000000
614.000000
620.000000
614.000000
614.000000
608.000000
602.000000
618.000000
632.000000
640.000000
620.000000
598.000000
602.000000
596.000000
618.000000
616.000000
618.000000
612.000000
608.000000
632.000000
602.000000
606.000000
624.000000
620.000000
630.000000
618.000000
620.000000
620.000000
614.000000
618.000000
622.000000
610.000000
620.000000
600.000000
620.000000
616.000000
620.000000
620.000000
608.000000
620.000000
624.000000
632.000000
612.000000
610.000000
616.000000
622.000000
624.000000
608.000000
612.000000
624.000000
614.000000
624.000000
618.000000
622.000000
612.000000
636.000000
608.000000
620.000000
614.000000
626.000000
624.000000
610.000000
610.000000
624.000000
618.000000
628.000000
610.000000
614.000000
612.000000
614.000000
622.000000
620.000000
622.000000
620.000000
602.000000
614.000000
612.000000
628.000000
616.000000
628.000000
620.000000
598.000000
608.000000
614.000000
616.000000
614.000000
620.000000
636.000000
612.000000
614.000000
628.000000
616.000000
634.000000
616.000000
616.000000
616.000000
614.000000
626.000000
612.000000
606.000000
602.000000
612.000000
616.000000
618.000000
626.000000
610.000000
606.000000
590.000000
620.000000
618.000000
620.000000
616.000000
608.000000
622.000000
614.000000
620.000000
596.000000
618.000000
628.000000
604.000000
618.000000
614.000000
610.000000
618.000000
618.000000
596.000000
616.000000
608.000000
604.000000
612.000000
624.000000
630.000000
624.000000
616.000000
600.000000
606.000000
604.000000
600.000000
620.000000
618.000000
622.000000
614.000000
612.000000
606.000000
604.000000
620.000000
614.000000
614.000000
620.000000
604.000000
604.000000
596.000000
614.000000
616.000000
606.000000
604.000000
616.000000
622.000000
614.000000
612.000000
602.000000
600.000000
608.000000
612.000000
610.000000
616.000000
598.000000
608.000000
604.000000
620.000000
618.000000
606.000000
618.000000
602.000000
610.000000
612.000000
608.000000
626.000000
610.000000
624.000000
616.000000
602.000000
606.000000
608.000000
606.000000
622.000000
596.000000
594.000000
612.000000
598.000000
604.000000
616.000000
618.000000
610.000000
616.000000
614.000000
622.000000
616.000000
614.000000
606.000000
604.000000
606.000000
636.000000
618.000000
608.000000
626.000000
608.000000
594.000000
592.000000
608.000000
634.000000
610.000000
606.000000
600.000000
610.000000
614.000000
622.000000
602.000000
616.000000
608.000000
594.000000
576.000000
596.000000
592.000000
620.000000
610.000000
600.000000
594.000000
606.000000
610.000000
598.000000
624.000000
610.000000
590.000000
594.000000
582.000000
590.000000
584.000000
610.000000
622.000000
612.000000
596.000000
618.000000
610.000000
616.000000
606.000000
584.000000
596.000000
592.000000
620.000000
594.000000
596.000000
606.000000
584.000000
578.000000
598.000000
572.000000
582.000000
588.000000
612.000000
606.000000
572.000000
590.000000
652.000000
618.000000
588.000000
606.000000
638.000000
616.000000
620.000000
626.000000
610.000000
582.000000
614.000000
618.000000
618.000000
608.000000
596.000000
602.000000
588.000000
606.000000
602.000000
604.000000
598.000000
616.000000
610.000000
580.000000
604.000000
588.000000
586.000000
592.000000
526.000000
598.000000
600.000000
628.000000
626.000000
624.000000
612.000000
610.000000
592.000000
592.000000
596.000000
610.000000
602.000000
596.000000
594.000000
608.000000
622.000000
598.000000
594.000000
594.000000
612.000000
604.000000
596.000000
580.000000
580.000000
616.000000
612.000000
608.000000
604.000000
606.000000
588.000000
602.000000
596.000000
594.000000
610.000000
592.000000
598.000000
594.000000
596.000000
602.000000
598.000000
602.000000
612.000000
598.000000
610.000000
604.000000
600.000000
610.000000
608.000000
606.000000
616.000000
604.000000
602.000000
598.000000
620.000000
614.000000
614.000000
630.000000
598.000000
608.000000
638.000000
620.000000
606.000000
604.000000
582.000000
624.000000
602.000000
598.000000
600.000000
568.000000
582.000000
602.000000
590.000000
608.000000
602.000000
578.000000
576.000000
588.000000
592.000000
612.000000
598.000000
616.000000
602.000000
596.000000
592.000000
594.000000
664.000000
618.000000
520.000000
608.000000
590.000000
604.000000
616.000000
606.000000
604.000000
598.000000
612.000000
610.000000
608.000000
592.000000
594.000000
606.000000
602.000000
618.000000
608.000000
620.000000
610.000000
622.000000
628.000000
586.000000
584.000000
600.000000
624.000000
608.000000
600.000000
610.000000
614.000000
588.000000
584.000000
592.000000
578.000000
598.000000
610.000000
616.000000
610.000000
600.000000
596.000000
604.000000
612.000000
586.000000
586.000000
596.000000
614.000000
610.000000
594.000000
590.000000
576.000000
590.000000
610.000000
608.000000
594.000000
608.000000
630.000000
594.000000
604.000000
576.000000
590.000000
586.000000
610.000000
608.000000
612.000000
618.000000
606.000000
608.000000
616.000000
620.000000
596.000000
588.000000
586.000000
600.000000
604.000000
610.000000
612.000000
604.000000
580.000000
596.000000
600.000000
616.000000
614.000000
594.000000
622.000000
594.000000
590.000000
588.000000
614.000000
610.000000
604.000000
594.000000
612.000000
614.000000
598.000000
600.000000
614.000000
600.000000
598.000000
610.000000
592.000000
590.000000
586.000000
566.000000
600.000000
608.000000
592.000000
590.000000
612.000000
598.000000
596.000000
570.000000
614.000000
614.000000
600.000000
596.000000
564.000000
556.000000
556.000000
592.000000
606.000000
638.000000
626.000000
614.000000
580.000000
574.000000
562.000000
578.000000
602.000000
620.000000
624.000000
632.000000
608.000000
594.000000
512.000000
546.000000
572.000000
642.000000
628.000000
654.000000
616.000000
598.000000
612.000000
520.000000
548.000000
598.000000
612.000000
596.000000
566.000000
568.000000
582.000000
610.000000
614.000000
602.000000
604.000000
582.000000
548.000000
572.000000
562.000000
566.000000
596.000000
626.000000
610.000000
590.000000
564.000000
586.000000
570.000000
582.000000
588.000000
612.000000
580.000000
592.000000
596.000000
626.000000
600.000000
604.000000
600.000000
638.000000
574.000000
518.000000
612.000000
612.000000
610.000000
572.000000
562.000000
584.000000
610.000000
610.000000
594.000000
584.000000
592.000000
590.000000
586.000000
606.000000
604.000000
596.000000
596.000000
590.000000
594.000000
582.000000
602.000000
582.000000
586.000000
600.000000
628.000000
604.000000
606.000000
572.000000
612.000000
596.000000
578.000000
596.000000
614.000000
614.000000
598.000000
576.000000
544.000000
574.000000
578.000000
588.000000
576.000000
578.000000
580.000000
592.000000
582.000000
580.000000
568.000000
596.000000
588.000000
596.000000
586.000000
590.000000
614.000000
606.000000
606.000000
588.000000
586.000000
586.000000
586.000000
592.000000
590.000000
610.000000
596.000000
592.000000
590.000000
582.000000
512.000000
590.000000
580.000000
568.000000
586.000000
590.000000
582.000000
580.000000
608.000000
580.000000
572.000000
638.000000
610.000000
594.000000
602.000000
578.000000
580.000000
588.000000
600.000000
594.000000
592.000000
606.000000
586.000000
576.000000
588.000000
604.000000
604.000000
580.000000
590.000000
590.000000
592.000000
616.000000
606.000000
604.000000
590.000000
590.000000
598.000000
592.000000
576.000000
600.000000
594.000000
596.000000
586.000000
602.000000
612.000000
600.000000
588.000000
568.000000
590.000000
584.000000
592.000000
598.000000
600.000000
590.000000
580.000000
592.000000
582.000000
580.000000
588.000000
606.000000
600.000000
588.000000
576.000000
614.000000
610.000000
586.000000
592.000000
590.000000
588.000000
604.000000
590.000000
602.000000
592.000000
586.000000
586.000000
618.000000
562.000000
608.000000
610.000000
560.000000
564.000000
518.000000
598.000000
606.000000
610.000000
606.000000
592.000000
598.000000
588.000000
580.000000
584.000000
596.000000
604.000000
608.000000
610.000000
574.000000
626.000000
584.000000
590.000000
626.000000
620.000000
600.000000
560.000000
568.000000
572.000000
598.000000
578.000000
610.000000
612.000000
582.000000
516.000000
560.000000
576.000000
598.000000
614.000000
614.000000
602.000000
610.000000
586.000000
638.000000
588.000000
594.000000
638.000000
604.000000
590.000000
630.000000
574.000000
608.000000
616.000000
588.000000
590.000000
572.000000
562.000000
514.000000
598.000000
612.000000
602.000000
570.000000
564.000000
586.000000
592.000000
596.000000
526.000000
590.000000
574.000000
576.000000
600.000000
572.000000
582.000000
602.000000
580.000000
572.000000
572.000000
574.000000
600.000000
594.000000
616.000000
596.000000
584.000000
594.000000
602.000000
594.000000
638.000000
578.000000
512.000000
566.000000
580.000000
588.000000
590.000000
578.000000
566.000000
516.000000
586.000000
584.000000
588.000000
582.000000
580.000000
588.000000
586.000000
584.000000
588.000000
594.000000
574.000000
588.000000
592.000000
604.000000
604.000000
580.000000
586.000000
602.000000
632.000000
580.000000
562.000000
600.000000
606.000000
576.000000
576.000000
572.000000
588.000000
590.000000
588.000000
586.000000
596.000000
588.000000
590.000000
584.000000
580.000000
602.000000
610.000000
576.000000
592.000000
512.000000
574.000000
632.000000
586.000000
594.000000
588.000000
582.000000
576.000000
586.000000
598.000000
610.000000
588.000000
580.000000
590.000000
590.000000
592.000000
574.000000
584.000000
584.000000
592.000000
608.000000
596.000000
582.000000
594.000000
608.000000
594.000000
598.000000
602.000000
598.000000
592.000000
584.000000
594.000000
600.000000
588.000000
590.000000
596.000000
584.000000
582.000000
584.000000
584.000000
592.000000
598.000000
596.000000
586.000000
590.000000
588.000000
626.000000
584.000000
592.000000
598.000000
604.000000
594.000000
580.000000
580.000000
590.000000
582.000000
598.000000
606.000000
596.000000
592.000000
586.000000
526.000000
584.000000
576.000000
598.000000
600.000000
584.000000
596.000000
588.000000
578.000000
588.000000
592.000000
594.000000
596.000000
522.000000
522.000000
584.000000
594.000000
592.000000
576.000000
594.000000
586.000000
584.000000
580.000000
598.000000
586.000000
600.000000
598.000000
566.000000
588.000000
578.000000
602.000000
600.000000
586.000000
584.000000
584.000000
588.000000
584.000000
578.000000
582.000000
606.000000
580.000000
590.000000
590.000000
594.000000
570.000000
582.000000
586.000000
588.000000
578.000000
592.000000
584.000000
598.000000
604.000000
578.000000
596.000000
586.000000
586.000000
578.000000
588.000000
596.000000
586.000000
574.000000
590.000000
590.000000
584.000000
586.000000
566.000000
596.000000
594.000000
592.000000
596.000000
580.000000
580.000000
564.000000
568.000000
578.000000
606.000000
598.000000
588.000000
578.000000
584.000000
606.000000
604.000000
528.000000
584.000000
560.000000
578.000000
612.000000
604.000000
606.000000
604.000000
584.000000
594.000000
574.000000
564.000000
598.000000
590.000000
610.000000
614.000000
586.000000
582.000000
564.000000
586.000000
582.000000
586.000000
608.000000
608.000000
586.000000
590.000000
574.000000
592.000000
586.000000
592.000000
590.000000
596.000000
602.000000
606.000000
584.000000
590.000000
580.000000
596.000000
584.000000
584.000000
610.000000
604.000000
610.000000
612.000000
594.000000
586.000000
580.000000
578.000000
606.000000
606.000000
602.000000
588.000000
580.000000
586.000000
566.000000
598.000000
604.000000
602.000000
572.000000
584.000000
596.000000
608.000000
582.000000
588.000000
578.000000
586.000000
582.000000
598.000000
564.000000
588.000000
598.000000
594.000000
594.000000
588.000000
590.000000
602.000000
600.000000
590.000000
582.000000
592.000000
576.000000
570.000000
584.000000
588.000000
598.000000
600.000000
588.000000
582.000000
592.000000
576.000000
586.000000
614.000000
594.000000
588.000000
606.000000
572.000000
568.000000
574.000000
600.000000
602.000000
594.000000
580.000000
592.000000
602.000000
578.000000
572.000000
562.000000
586.000000
568.000000
600.000000
596.000000
594.000000
576.000000
582.000000
584.000000
594.000000
588.000000
590.000000
592.000000
590.000000
596.000000
590.000000
638.000000
638.000000
606.000000
588.000000
604.000000
562.000000
586.000000
580.000000
598.000000
596.000000
590.000000
590.000000
594.000000
596.000000
518.000000
570.000000
624.000000
586.000000
582.000000
574.000000
580.000000
590.000000
586.000000
582.000000
590.000000
578.000000
582.000000
584.000000
584.000000
590.000000
588.000000
580.000000
590.000000
604.000000
518.000000
564.000000
572.000000
524.000000
620.000000
594.000000
580.000000
582.000000
638.000000
520.000000
576.000000
580.000000
612.000000
610.000000
590.000000
572.000000
576.000000
582.000000
576.000000
586.000000
590.000000
602.000000
598.000000
564.000000
570.000000
638.000000
580.000000
586.000000
638.000000
576.000000
588.000000
582.000000
576.000000
584.000000
576.000000
588.000000
596.000000
598.000000
594.000000
588.000000
580.000000
586.000000
580.000000
604.000000
594.000000
602.000000
522.000000
592.000000
586.000000
572.000000
574.000000
588.000000
576.000000
608.000000
598.000000
580.000000
594.000000
590.000000
586.000000
562.000000
574.000000
582.000000
594.000000
592.000000
622.000000
580.000000
576.000000
586.000000
590.000000
594.000000
524.000000
576.000000
576.000000
582.000000
580.000000
576.000000
602.000000
594.000000
582.000000
594.000000
580.000000
578.000000
582.000000
592.000000
576.000000
572.000000
596.000000
586.000000
636.000000
594.000000
582.000000
512.000000
584.000000
602.000000
610.000000
606.000000
558.000000
558.000000
554.000000
560.000000
594.000000
600.000000
596.000000
622.000000
526.000000
574.000000
620.000000
516.000000
592.000000
618.000000
594.000000
592.000000
588.000000
512.000000
518.000000
574.000000
602.000000
604.000000
588.000000
568.000000
566.000000
612.000000
602.000000
610.000000
606.000000
588.000000
570.000000
588.000000
598.000000
606.000000
594.000000
612.000000
578.000000
580.000000
622.000000
570.000000
586.000000
566.000000
580.000000
588.000000
574.000000
564.000000
556.000000
576.000000
514.000000
574.000000
588.000000
584.000000
568.000000
638.000000
588.000000
586.000000
582.000000
574.000000
578.000000
580.000000
578.000000
516.000000
570.000000
570.000000
586.000000
568.000000
588.000000
586.000000
582.000000
594.000000
564.000000
554.000000
560.000000
586.000000
568.000000
578.000000
568.000000
576.000000
582.000000
568.000000
566.000000
572.000000
564.000000
578.000000
558.000000
562.000000
574.000000
584.000000
598.000000
580.000000
582.000000
512.000000
578.000000
576.000000
562.000000
576.000000
592.000000
606.000000
582.000000
568.000000
584.000000
596.000000
590.000000
590.000000
590.000000
594.000000
636.000000
586.000000
582.000000
584.000000
600.000000
570.000000
586.000000
594.000000
586.000000
578.000000
582.000000
576.000000
576.000000
574.000000
576.000000
572.000000
570.000000
604.000000
590.000000
590.000000
600.000000
586.000000
578.000000
582.000000
586.000000
568.000000
588.000000
592.000000
638.000000
576.000000
590.000000
598.000000
604.000000
568.000000
588.000000
578.000000
592.000000
580.000000
588.000000
584.000000
584.000000
568.000000
576.000000
584.000000
588.000000
596.000000
596.000000
600.000000
574.000000
568.000000
530.000000
542.000000
618.000000
636.000000
556.000000
542.000000
548.000000
548.000000
830.000000
666.000000
556.000000
584.000000
614.000000
578.000000
616.000000
606.000000
588.000000
566.000000
566.000000
604.000000
596.000000
602.000000
634.000000
582.000000
594.000000
592.000000
596.000000
568.000000
584.000000
602.000000
562.000000
598.000000
640.000000
630.000000
596.000000
518.000000
550.000000
518.000000
622.000000
482.000000
688.000000
628.000000
610.000000
582.000000
482.000000
504.000000
594.000000
698.000000
584.000000
562.000000
472.000000
606.000000
700.000000
692.000000
696.000000
422.000000
610.000000
632.000000
730.000000
774.000000
542.000000
270.000000
410.000000
868.000000
854.000000
752.000000
472.000000
324.000000
588.000000
688.000000
720.000000
752.000000
384.000000
332.000000
454.000000
756.000000
724.000000
734.000000
586.000000
490.000000
662.000000
708.000000
680.000000
718.000000
636.000000
528.000000
482.000000
488.000000
632.000000
658.000000
720.000000
706.000000
594.000000
586.000000
566.000000
604.000000
610.000000
618.000000
594.000000
574.000000
664.000000
680.000000
696.000000
690.000000
580.000000
576.000000
580.000000
602.000000
626.000000
618.000000
604.000000
644.000000
644.000000
650.000000
620.000000
604.000000
606.000000
624.000000
604.000000
626.000000
610.000000
604.000000
604.000000
618.000000
584.000000
588.000000
636.000000
606.000000
614.000000
596.000000
604.000000
618.000000
628.000000
686.000000
606.000000
632.000000
608.000000
634.000000
630.000000
600.000000
612.000000
608.000000
638.000000
644.000000
634.000000
618.000000
630.000000
614.000000
636.000000
610.000000
632.000000
622.000000
616.000000
612.000000
620.000000
606.000000
600.000000
610.000000
594.000000
622.000000
628.000000
620.000000
620.000000
614.000000
620.000000
606.000000
616.000000
640.000000
620.000000
620.000000
628.000000
600.000000
622.000000
630.000000
636.000000
628.000000
588.000000
644.000000
618.000000
642.000000
626.000000
594.000000
564.000000
622.000000
642.000000
640.000000
666.000000
614.000000
558.000000
534.000000
590.000000
590.000000
674.000000
638.000000
604.000000
568.000000
586.000000
624.000000
596.000000
664.000000
516.000000
496.000000
564.000000
660.000000
608.000000
630.000000
576.000000
614.000000
586.000000
560.000000
618.000000
596.000000
614.000000
694.000000
690.000000
674.000000
694.000000
674.000000
668.000000
686.000000
652.000000
650.000000
642.000000
616.000000
662.000000
674.000000
656.000000
688.000000
678.000000
688.000000
698.000000
668.000000
642.000000
628.000000
612.000000
660.000000
748.000000
700.000000
706.000000
692.000000
666.000000
694.000000
670.000000
680.000000
670.000000
670.000000
686.000000
674.000000
652.000000
640.000000
652.000000
648.000000
694.000000
698.000000
666.000000
678.000000
676.000000
660.000000
666.000000
660.000000
674.000000
676.000000
674.000000
670.000000
670.000000
676.000000
666.000000
654.000000
680.000000
676.000000
686.000000
666.000000
660.000000
674.000000
694.000000
698.000000
692.000000
686.000000
682.000000
660.000000
662.000000
658.000000
664.000000
692.000000
694.000000
688.000000
688.000000
674.000000
674.000000
686.000000
676.000000
672.000000
680.000000
680.000000
680.000000
694.000000
676.000000
680.000000
676.000000
688.000000
664.000000
664.000000
684.000000
682.000000
692.000000
668.000000
688.000000
676.000000
660.000000
658.000000
680.000000
692.000000
700.000000
692.000000
706.000000
698.000000
688.000000
696.000000
672.000000
666.000000
684.000000
686.000000
690.000000
692.000000
700.000000
682.000000
688.000000
680.000000
696.000000
682.000000
688.000000
676.000000
648.000000
674.000000
666.000000
688.000000
644.000000
640.000000
694.000000
650.000000
652.000000
652.000000
648.000000
664.000000
694.000000
710.000000
756.000000
668.000000
674.000000
694.000000
704.000000
698.000000
678.000000
690.000000
668.000000
680.000000
700.000000
702.000000
692.000000
688.000000
682.000000
684.000000
688.000000
672.000000
686.000000
672.000000
706.000000
708.000000
692.000000
692.000000
664.000000
668.000000
682.000000
668.000000
686.000000
700.000000
690.000000
684.000000
682.000000
676.000000
688.000000
682.000000
682.000000
694.000000
706.000000
702.000000
676.000000
682.000000
698.000000
692.000000
680.000000
688.000000
680.000000
684.000000
680.000000
686.000000
684.000000
676.000000
700.000000
688.000000
700.000000
710.000000
706.000000
686.000000
692.000000
664.000000
662.000000
690.000000
702.000000
690.000000
678.000000
692.000000
688.000000
700.000000
698.000000
686.000000
674.000000
692.000000
688.000000
700.000000
700.000000
698.000000
702.000000
682.000000
666.000000
668.000000
672.000000
684.000000
708.000000
718.000000
712.000000
708.000000
698.000000
646.000000
688.000000
688.000000
706.000000
698.000000
702.000000
692.000000
692.000000
690.000000
642.000000
660.000000
548.000000
556.000000
712.000000
790.000000
682.000000
672.000000
664.000000
618.000000
578.000000
650.000000
708.000000
732.000000
678.000000
686.000000
682.000000
692.000000
708.000000
694.000000
676.000000
656.000000
686.000000
674.000000
686.000000
710.000000
710.000000
690.000000
678.000000
674.000000
686.000000
688.000000
684.000000
694.000000
676.000000
684.000000
690.000000
676.000000
672.000000
684.000000
672.000000
686.000000
714.000000
708.000000
760.000000
690.000000
672.000000
648.000000
674.000000
692.000000
692.000000
690.000000
682.000000
680.000000
640.000000
664.000000
684.000000
706.000000
714.000000
708.000000
692.000000
682.000000
654.000000
648.000000
666.000000
688.000000
702.000000
712.000000
690.000000
674.000000
680.000000
678.000000
700.000000
700.000000
690.000000
696.000000
694.000000
694.000000
678.000000
686.000000
672.000000
672.000000
692.000000
696.000000
698.000000
696.000000
686.000000
684.000000
672.000000
672.000000
684.000000
700.000000
692.000000
696.000000
698.000000
682.000000
688.000000
688.000000
674.000000
684.000000
684.000000
688.000000
678.000000
676.000000
672.000000
686.000000
700.000000
712.000000
700.000000
690.000000
684.000000
690.000000
690.000000
694.000000
686.000000
692.000000
754.000000
676.000000
664.000000
678.000000
684.000000
688.000000
672.000000
684.000000
682.000000
682.000000
686.000000
688.000000
696.000000
700.000000
702.000000
766.000000
694.000000
684.000000
686.000000
678.000000
686.000000
678.000000
680.000000
684.000000
698.000000
688.000000
704.000000
702.000000
678.000000
666.000000
712.000000
688.000000
692.000000
698.000000
702.000000
694.000000
702.000000
698.000000
666.000000
672.000000
694.000000
700.000000
700.000000
700.000000
758.000000
686.000000
704.000000
678.000000
690.000000
700.000000
688.000000
696.000000
664.000000
654.000000
696.000000
670.000000
688.000000
714.000000
762.000000
702.000000
760.000000
696.000000
710.000000
700.000000
696.000000
694.000000
696.000000
678.000000
714.000000
710.000000
688.000000
688.000000
664.000000
682.000000
694.000000
688.000000
690.000000
694.000000
688.000000
666.000000
668.000000
668.000000
726.000000
726.000000
702.000000
684.000000
694.000000
680.000000
694.000000
684.000000
700.000000
688.000000
690.000000
718.000000
762.000000
696.000000
642.000000
760.000000
714.000000
684.000000
2620.000000
610.000000
730.000000
698.000000
682.000000
704.000000
660.000000
684.000000
696.000000
700.000000
604.000000
620.000000
646.000000
768.000000
748.000000
742.000000
682.000000
690.000000
684.000000
650.000000
736.000000
668.000000
698.000000
802.000000
712.000000
678.000000
560.000000
746.000000
680.000000
696.000000
640.000000
736.000000
710.000000
648.000000
682.000000
674.000000
682.000000
712.000000
724.000000
760.000000
646.000000
678.000000
700.000000
720.000000
694.000000
682.000000
696.000000
690.000000
682.000000
678.000000
710.000000
708.000000
764.000000
732.000000
620.000000
732.000000
646.000000
588.000000
618.000000
694.000000
706.000000
694.000000
660.000000
676.000000
656.000000
644.000000
684.000000
682.000000
692.000000
680.000000
652.000000
664.000000
656.000000
670.000000
658.000000
662.000000
660.000000
658.000000
662.000000
648.000000
670.000000
654.000000
662.000000
658.000000
654.000000
648.000000
672.000000
642.000000
668.000000
660.000000
690.000000
668.000000
674.000000
660.000000
634.000000
658.000000
676.000000
688.000000
650.000000
660.000000
672.000000
668.000000
686.000000
672.000000
684.000000
694.000000
664.000000
676.000000
658.000000
658.000000
660.000000
672.000000
688.000000
664.000000
680.000000
684.000000
678.000000
668.000000
676.000000
666.000000
688.000000
696.000000
672.000000
688.000000
674.000000
670.000000
680.000000
674.000000
674.000000
690.000000
680.000000
690.000000
682.000000
680.000000
674.000000
688.000000
672.000000
666.000000
682.000000
688.000000
676.000000
696.000000
680.000000
676.000000
684.000000
678.000000
684.000000
694.000000
682.000000
708.000000
678.000000
684.000000
682.000000
682.000000
686.000000
670.000000
696.000000
682.000000
664.000000
698.000000
694.000000
696.000000
704.000000
684.000000
688.000000
702.000000
688.000000
690.000000
698.000000
676.000000
694.000000
688.000000
700.000000
684.000000
684.000000
698.000000
692.000000
704.000000
688.000000
682.000000
676.000000
692.000000
688.000000
680.000000
690.000000
688.000000
680.000000
692.000000
690.000000
684.000000
694.000000
646.000000
692.000000
698.000000
686.000000
706.000000
690.000000
692.000000
696.000000
698.000000
690.000000
668.000000
682.000000
680.000000
682.000000
698.000000
692.000000
702.000000
670.000000
676.000000
690.000000
680.000000
688.000000
696.000000
684.000000
682.000000
678.000000
680.000000
684.000000
706.000000
694.000000
702.000000
678.000000
680.000000
694.000000
692.000000
684.000000
696.000000
694.000000
692.000000
682.000000
700.000000
686.000000
682.000000
686.000000
690.000000
696.000000
690.000000
680.000000
666.000000
688.000000
690.000000
692.000000
696.000000
698.000000
686.000000
690.000000
698.000000
684.000000
678.000000
684.000000
692.000000
694.000000
688.000000
694.000000
666.000000
678.000000
696.000000
682.000000
694.000000
686.000000
706.000000
684.000000
684.000000
694.000000
690.000000
696.000000
702.000000
688.000000
686.000000
690.000000
686.000000
696.000000
686.000000
704.000000
696.000000
682.000000
698.000000
676.000000
688.000000
692.000000
688.000000
704.000000
694.000000
670.000000
696.000000
690.000000
698.000000
672.000000
686.000000
698.000000
706.000000
690.000000
686.000000
660.000000
660.000000
688.000000
690.000000
680.000000
686.000000
670.000000
678.000000
672.000000
670.000000
672.000000
676.000000
674.000000
674.000000
688.000000
728.000000
656.000000
652.000000
646.000000
674.000000
630.000000
624.000000
682.000000
710.000000
704.000000
700.000000
666.000000
646.000000
636.000000
640.000000
668.000000
682.000000
704.000000
698.000000
680.000000
638.000000
624.000000
634.000000
676.000000
666.000000
662.000000
684.000000
672.000000
658.000000
648.000000
646.000000
666.000000
672.000000
664.000000
654.000000
662.000000
662.000000
672.000000
664.000000
674.000000
684.000000
674.000000
674.000000
668.000000
668.000000
668.000000
668.000000
662.000000
664.000000
676.000000
664.000000
654.000000
662.000000
650.000000
668.000000
630.000000
646.000000
664.000000
656.000000
678.000000
688.000000
676.000000
670.000000
686.000000
636.000000
642.000000
648.000000
668.000000
660.000000
668.000000
650.000000
648.000000
626.000000
656.000000
654.000000
668.000000
688.000000
668.000000
672.000000
666.000000
670.000000
664.000000
652.000000
668.000000
634.000000
656.000000
666.000000
664.000000
644.000000
668.000000
632.000000
664.000000
626.000000
696.000000
624.000000
660.000000
684.000000
668.000000
662.000000
682.000000
672.000000
672.000000
674.000000
672.000000
662.000000
652.000000
652.000000
672.000000
638.000000
660.000000
648.000000
666.000000
636.000000
664.000000
658.000000
654.000000
656.000000
664.000000
662.000000
644.000000
666.000000
654.000000
660.000000
652.000000
652.000000
684.000000
660.000000
676.000000
678.000000
668.000000
674.000000
646.000000
650.000000
656.000000
682.000000
672.000000
670.000000
688.000000
674.000000
646.000000
674.000000
654.000000
668.000000
676.000000
664.000000
668.000000
658.000000
670.000000
674.000000
664.000000
676.000000
674.000000
666.000000
668.000000
680.000000
674.000000
658.000000
636.000000
664.000000
684.000000
664.000000
680.000000
672.000000
662.000000
656.000000
656.000000
636.000000
664.000000
640.000000
662.000000
678.000000
668.000000
668.000000
628.000000
632.000000
650.000000
686.000000
666.000000
646.000000
650.000000
658.000000
698.000000
664.000000
674.000000
662.000000
672.000000
676.000000
688.000000
668.000000
618.000000
606.000000
652.000000
688.000000
712.000000
686.000000
674.000000
636.000000
654.000000
652.000000
662.000000
700.000000
662.000000
654.000000
670.000000
658.000000
636.000000
658.000000
614.000000
630.000000
702.000000
698.000000
694.000000
652.000000
638.000000
640.000000
658.000000
650.000000
648.000000
668.000000
646.000000
666.000000
640.000000
648.000000
660.000000
680.000000
662.000000
670.000000
670.000000
656.000000
654.000000
666.000000
672.000000
678.000000
656.000000
670.000000
652.000000
666.000000
668.000000
664.000000
662.000000
654.000000
646.000000
654.000000
670.000000
676.000000
702.000000
666.000000
646.000000
654.000000
666.000000
656.000000
658.000000
662.000000
672.000000
676.000000
666.000000
670.000000
654.000000
666.000000
654.000000
678.000000
668.000000
660.000000
670.000000
676.000000
674.000000
680.000000
666.000000
668.000000
666.000000
662.000000
682.000000
686.000000
664.000000
668.000000
644.000000
666.000000
676.000000
676.000000
666.000000
672.000000
670.000000
672.000000
664.000000
664.000000
662.000000
670.000000
672.000000
646.000000
668.000000
672.000000
682.000000
678.000000
674.000000
668.000000
656.000000
682.000000
664.000000
684.000000
668.000000
668.000000
666.000000
672.000000
658.000000
672.000000
682.000000
676.000000
704.000000
672.000000
666.000000
666.000000
662.000000
668.000000
672.000000
644.000000
660.000000
662.000000
652.000000
648.000000
634.000000
650.000000
696.000000
680.000000
654.000000
680.000000
688.000000
674.000000
680.000000
682.000000
678.000000
668.000000
668.000000
668.000000
668.000000
674.000000
674.000000
678.000000
676.000000
688.000000
664.000000
674.000000
674.000000
672.000000
672.000000
680.000000
676.000000
672.000000
664.000000
680.000000
656.000000
666.000000
676.000000
674.000000
654.000000
656.000000
666.000000
678.000000
662.000000
694.000000
682.000000
678.000000
666.000000
684.000000
674.000000
660.000000
688.000000
668.000000
678.000000
656.000000
682.000000
676.000000
682.000000
656.000000
678.000000
664.000000
644.000000
674.000000
672.000000
668.000000
670.000000
680.000000
670.000000
686.000000
658.000000
682.000000
646.000000
674.000000
662.000000
680.000000
660.000000
664.000000
652.000000
672.000000
668.000000
674.000000
676.000000
668.000000
652.000000
668.000000
656.000000
660.000000
676.000000
672.000000
656.000000
672.000000
660.000000
666.000000
684.000000
666.000000
676.000000
680.000000
682.000000
660.000000
682.000000
688.000000
672.000000
670.000000
680.000000
676.000000
670.000000
680.000000
674.000000
678.000000
668.000000
678.000000
678.000000
670.000000
684.000000
672.000000
690.000000
688.000000
682.000000
668.000000
676.000000
676.000000
658.000000
660.000000
684.000000
678.000000
668.000000
680.000000
684.000000
686.000000
666.000000
676.000000
666.000000
676.000000
674.000000
660.000000
674.000000
668.000000
680.000000
686.000000
658.000000
664.000000
674.000000
670.000000
682.000000
676.000000
674.000000
678.000000
684.000000
674.000000
672.000000
676.000000
696.000000
676.000000
662.000000
672.000000
690.000000
684.000000
668.000000
684.000000
676.000000
664.000000
668.000000
658.000000
670.000000
672.000000
684.000000
672.000000
672.000000
688.000000
666.000000
680.000000
656.000000
684.000000
676.000000
698.000000
680.000000
682.000000
676.000000
678.000000
684.000000
682.000000
664.000000
676.000000
682.000000
686.000000
656.000000
652.000000
672.000000
666.000000
702.000000
702.000000
