-2.616577
-3.336430
-3.974828
-4.506682
-7.299072
-5.390906
-5.742743
-6.063846
-6.336477
-6.577317
-6.789536
-6.967371
-7.970737
-7.261964
-7.368973
-7.490811
-7.577307
-7.643479
-8.706218
-7.771914
-7.813002
-7.861212
-7.889666
-11.716177
-7.924266
-7.934731
-8.122007
-7.953974
-7.951019
-7.949698
-7.941190
-7.916167
-9.109269
-7.877081
-7.855299
-7.839383
-7.811917
-10.446925
-7.749701
-7.736791
-7.701606
-7.663893
-7.625785
-7.591426
-7.553358
-7.500165
-10.188115
-7.428144
-7.377818
-7.415096
-7.299953
-8.821356
-7.208683
-7.164408
-7.110708
-7.072101
-7.015221
-6.969070
-6.913766
-6.868645
-6.817713
-6.766726
-6.724899
-7.377977
-6.612330
-7.426630
353.477234
-6.470797
-6.410687
-6.360392
-6.316170
-6.256567
-6.203461
-6.170335
-6.110487
-6.063181
-5.987098
-8.307245
-5.896995
-6.158748
-5.824904
-5.740787
-5.681941
-5.611465
-5.578722
-5.523190
-5.472088
-5.414669
-5.371377
-5.313982
-8.151818
-5.214269
-5.149893
-5.144977
-5.773658
-4.992552
-4.928097
-3.493688
-3.413099
-1.760487
-2.626877
-3.359503
-3.976153
-4.515083
-8.641484
-5.379950
-5.747962
-6.066571
-9.712134
-6.579107
-6.779168
-6.986571
-7.121300
-7.264461
-7.376821
-7.490999
-7.579131
-7.647204
-9.135595
-7.773481
-7.822778
-7.856137
-11.924888
-7.913496
-7.938483
-8.462277
-7.947052
-7.945914
-7.943271
-7.939547
-7.939878
-7.923575
-8.216153
-7.884414
-7.855142
-7.843092
-7.816793
-7.783032
-7.755977
-9.384730
-7.683397
-7.658791
-7.622760
-10.762676
-7.555667
-7.506797
-7.543356
-7.431847
-7.381322
-7.341781
-7.292617
-7.243876
-7.197236
-10.314259
-7.105463
-7.061952
-7.243376
-9.351071
-6.922755
-6.867088
-6.816648
-6.784060
-6.722495
-6.671489
-6.615582
-6.577200
353.478027
-6.481562
-6.422558
-6.368888
-7.837185
-7.646237
-6.214007
-6.171196
-6.109626
-6.059985
-5.986565
-5.952865
-5.904535
-5.844641
-5.792419
-5.747986
-5.696572
-5.621265
-8.598684
-6.055937
-5.475531
-5.594242
-5.388972
-5.317240
-5.267607
-5.223894
-5.156649
-5.119527
-5.063339
-4.993502
-8.180100
-3.494996
-3.415681
5.156924
-2.596223
-5.247421
-3.947657
-4.495084
-4.956952
-5.361905
-5.736220
-6.054448
-6.317482
-6.563882
-10.246897
-6.959141
-7.115443
-7.255332
-7.371961
-10.444093
-7.573930
-7.641587
-7.746412
-7.761250
-7.814315
-7.849137
-7.885185
-7.899956
-9.439171
-7.927797
-7.934017
-7.948144
-7.943321
-7.936193
-7.932872
-7.913336
-11.742170
-7.879885
-7.847894
-12.138645
-7.813877
-7.781099
-9.307708
-7.735862
-7.684975
-7.669432
-7.623695
-7.592191
-7.551363
-7.500261
-9.753619
-7.425542
-7.371882
-11.567298
-7.293184
-7.243862
-10.233160
-7.163370
-7.114697
-7.204908
-7.024305
-6.967185
-6.922482
-6.875544
-7.842529
-6.777572
-6.722290
-10.607099
-6.623081
-6.576162
353.469238
-6.477887
-6.413569
-6.369093
-6.318178
-6.266963
-9.612231
-6.172329
-6.113150
-6.193105
-5.991278
-7.305516
-5.907145
-5.846936
-5.792802
-5.748013
-5.690247
-5.624449
-5.583838
-5.521120
-7.930499
-5.415796
-5.378754
-5.318511
-5.251147
-7.787967
-5.152912
-5.110034
-5.104737
-4.992422
-4.919532
-3.494064
-3.404954
-1.725762
-4.379764
-3.319887
-3.929475
-4.469853
-4.934173
-5.352787
-5.711980
-6.034394
-11.393598
-6.557564
-6.767973
-12.679404
-7.110054
-7.241972
-9.653599
-7.477137
-7.566713
-7.637741
-7.703533
-7.760045
-7.800574
-7.850908
-10.148985
-7.904805
-7.923413
-12.512494
-7.934966
-7.942733
-11.403712
-7.940266
-7.930521
-8.150286
-7.907060
-7.874330
-7.847291
-7.834301
-9.781364
-7.764959
-7.746401
-12.029831
-7.681293
-7.655717
-11.730429
-7.585333
-7.545203
-7.498437
-7.453689
-7.426184
-10.853333
-7.338618
-7.299495
-7.485187
-7.203588
-8.565293
-7.116719
-7.070558
-7.012352
-6.971993
-6.919709
-6.869752
-6.821101
-6.774034
-9.154548
-6.674508
-6.618177
-6.576695
353.480927
350.706177
-6.426082
-6.366074
-6.430398
-6.264025
-6.209034
-6.171428
-6.113710
-6.056023
-7.390347
-5.952100
-5.900779
-5.847934
-5.783007
-5.743436
-5.686203
-5.617522
-8.646605
-5.523893
-5.461795
-9.529742
-5.375052
-5.319173
-7.428741
-5.219058
-5.152625
-5.121706
-5.056379
-4.979814
-4.924409
-3.499176
-5.105210
-1.709301
-2.599871
-12.692505
-3.923396
-4.461835
-11.685289
-5.343402
-5.702650
-6.661501
-6.298378
