494.532135
489.518616
485.055176
480.722107
493.289551
472.280945
468.289642
464.367249
460.651642
457.053436
453.493469
449.963715
448.366089
443.771240
440.888336
438.094666
435.512726
433.016022
431.432434
428.178711
426.014374
423.899170
421.848297
421.439453
417.991150
416.152466
414.477905
412.676331
411.048370
409.284393
407.903473
406.310181
405.086700
403.184082
401.668793
400.300140
398.938202
397.785767
396.508881
395.285980
394.131165
392.987335
391.952057
390.789734
389.938446
388.945496
387.659882
387.016052
386.092285
385.188568
384.328094
383.288147
382.561371
381.744537
380.912018
380.129822
379.201904
378.326355
377.554230
376.782349
376.045959
375.368408
374.711365
373.989685
373.370728
372.589081
372.173615
371.585968
371.033600
370.438232
369.915100
369.360901
368.749603
368.306976
367.693390
367.230133
366.678589
365.320221
365.599060
364.829102
364.410034
363.788116
363.255310
362.789124
362.302612
361.967804
361.406372
360.958313
360.458435
360.138641
358.285828
359.342072
358.832367
358.523804
357.745361
357.792236
357.419281
356.473633
356.069641
500.644684
494.595642
489.514343
484.686157
480.135895
502.069366
471.491089
467.539612
463.732422
470.663483
456.362061
452.997070
449.765961
446.645081
443.711761
440.873779
438.159485
435.463165
433.032227
431.898926
428.363831
426.123383
423.969147
423.669403
419.962006
417.979340
416.233551
414.073639
412.257629
410.634094
408.842590
407.478882
405.973602
404.607361
403.071167
401.688751
400.439758
399.155334
397.923706
396.820740
395.656342
394.446320
393.361969
392.333130
390.937225
390.292755
389.287323
388.281494
387.316528
386.277527
385.185638
384.263062
383.305267
382.439545
380.946899
380.749084
380.061523
379.212982
377.918243
377.701141
376.985443
376.282959
375.580383
374.882050
374.269623
373.546844
372.983521
372.332642
371.713165
371.067291
370.473969
369.480133
368.871063
368.484283
367.900970
367.233063
366.728119
366.132477
365.634369
365.155365
364.635406
364.149506
363.594452
363.143463
362.699280
360.873077
361.738098
361.361877
360.912659
360.482117
360.161224
359.674316
359.283966
358.843781
358.589905
358.031372
357.685822
355.393616
356.116974
355.697632
526.929810
493.630981
529.515625
484.268585
479.915405
475.607330
471.478119
467.610077
463.787323
460.104797
456.574707
461.150269
449.956390
446.920166
443.976166
441.150909
441.836456
435.819672
433.270142
430.820618
428.322449
426.018921
423.742462
421.619202
419.672546
418.536591
416.004974
414.222412
412.457062
410.833801
409.146729
407.748932
406.174957
404.918793
403.321777
401.936096
400.555176
399.259033
398.058624
397.073425
395.627258
394.403320
393.345856
392.047485
390.764954
389.821564
388.733673
387.411041
386.740967
385.839661
383.932526
383.988312
383.110291
381.685699
381.444458
380.596191
379.857452
379.098511
378.311523
377.655090
376.867981
376.252594
375.450409
374.799866
372.706696
373.423279
372.665710
371.913055
371.227814
370.607025
369.973175
369.427917
368.879944
366.992859
367.761871
367.127380
366.712982
366.218414
365.305603
365.274658
364.806091
364.321686
363.835938
363.391357
362.964294
362.520966
362.145294
360.554016
361.134735
360.483612
360.093811
359.498047
357.809021
358.550262
358.245483
357.715302
357.468353
357.073090
356.117615
355.735687
499.259033
583.159973
488.827850
484.347198
480.006195
475.791870
471.631042
467.678162
463.886444
475.502197
456.659515
453.070770
460.013336
446.384949
443.290833
443.590912
437.696716
435.062317
432.610535
430.165375
427.897644
425.716522
423.613525
423.209686
419.675293
417.852295
417.181915
414.278717
412.582367
411.712311
409.303070
407.853271
406.412903
404.841248
403.282715
401.739349
400.275543
399.208160
397.581635
396.450500
394.763916
393.998901
393.015564
391.367126
390.743774
389.835510
388.825745
387.755341
386.893066
385.401123
385.014008
384.158752
383.244934
382.376373
381.392212
380.661926
379.949921
378.962463
378.050964
377.280151
376.452057
375.698700
374.958862
373.743896
373.723022
372.989136
372.367615
371.712280
370.262085
370.601379
369.969696
369.406311
368.873627
368.311768
367.805573
367.231537
366.792969
365.888062
365.723633
365.091309
364.517914
363.966553
363.396179
362.938721
362.570923
360.460449
361.765686
361.218140
358.571167
360.326324
360.007751
358.615936
359.211517
358.768951
358.473206
357.964447
357.695770
357.321106
356.387329
355.135681
499.201874
493.462921
675.944153
483.904938
479.487823
521.978455
471.086395
467.242035
465.875854
459.633759
