1614.000000
1614.000000
1620.000000
1600.000000
1638.000000
1636.000000
1624.000000
1600.000000
1634.000000
1630.000000
1570.000000
1598.000000
1396.000000
1708.000000
1760.000000
1644.000000
1684.000000
1650.000000
1674.000000
1678.000000
1698.000000
1648.000000
1680.000000
1648.000000
1680.000000
1684.000000
1676.000000
1638.000000
1656.000000
1664.000000
1662.000000
1646.000000
1660.000000
1662.000000
1658.000000
1632.000000
1658.000000
1678.000000
1652.000000
1640.000000
1662.000000
1660.000000
1652.000000
1640.000000
1674.000000
1678.000000
1648.000000
1626.000000
1656.000000
1672.000000
1666.000000
1620.000000
1662.000000
1656.000000
1656.000000
1640.000000
1656.000000
1660.000000
1670.000000
1638.000000
1650.000000
1632.000000
1652.000000
1644.000000
1678.000000
1654.000000
1656.000000
1640.000000
1660.000000
1642.000000
1650.000000
1638.000000
1660.000000
1662.000000
1650.000000
1602.000000
1656.000000
1658.000000
1662.000000
1632.000000
1660.000000
1672.000000
1648.000000
1644.000000
1658.000000
1660.000000
1648.000000
1618.000000
1650.000000
1662.000000
1672.000000
1614.000000
1652.000000
1676.000000
1656.000000
1626.000000
1646.000000
1654.000000
1652.000000
1642.000000
1650.000000
1648.000000
1664.000000
1630.000000
1656.000000
1664.000000
1652.000000
1630.000000
1650.000000
1656.000000
1656.000000
1626.000000
1652.000000
1662.000000
1636.000000
1636.000000
1658.000000
1658.000000
1660.000000
1628.000000
1646.000000
1644.000000
1664.000000
1622.000000
1662.000000
1646.000000
1650.000000
1630.000000
1662.000000
1660.000000
1654.000000
1628.000000
1654.000000
1664.000000
1642.000000
1616.000000
1658.000000
1666.000000
1652.000000
1626.000000
1652.000000
1646.000000
1656.000000
1626.000000
1656.000000
1658.000000
1658.000000
1634.000000
1646.000000
1664.000000
1662.000000
1612.000000
1652.000000
1676.000000
1670.000000
1598.000000
1660.000000
1662.000000
1650.000000
1632.000000
1654.000000
1666.000000
1666.000000
1612.000000
1662.000000
1668.000000
1650.000000
1624.000000
1670.000000
1644.000000
1646.000000
1616.000000
1656.000000
1664.000000
1656.000000
1634.000000
1662.000000
1666.000000
1666.000000
1628.000000
1630.000000
1652.000000
1648.000000
1634.000000
1648.000000
1648.000000
1648.000000
1618.000000
1656.000000
1662.000000
1644.000000
1628.000000
1656.000000
1660.000000
1676.000000
1614.000000
1648.000000
1656.000000
1650.000000
1624.000000
1652.000000
1640.000000
1662.000000
1626.000000
1666.000000
1658.000000
1660.000000
1634.000000
1642.000000
1650.000000
1650.000000
1638.000000
1654.000000
1648.000000
1670.000000
1626.000000
1656.000000
1654.000000
1638.000000
1614.000000
1646.000000
1660.000000
1630.000000
1616.000000
1650.000000
1654.000000
1660.000000
1622.000000
1650.000000
1640.000000
1640.000000
1636.000000
1660.000000
1666.000000
1654.000000
1622.000000
1642.000000
1672.000000
1656.000000
1626.000000
1648.000000
1648.000000
1656.000000
1624.000000
1646.000000
1640.000000
1652.000000
1626.000000
1672.000000
1676.000000
1664.000000
1614.000000
1654.000000
1658.000000
1646.000000
1630.000000
1652.000000
1648.000000
1672.000000
1642.000000
1648.000000
1644.000000
1662.000000
1624.000000
1656.000000
1646.000000
1648.000000
1628.000000
1656.000000
1658.000000
1656.000000
1624.000000
1662.000000
1652.000000
1672.000000
1638.000000
1668.000000
1636.000000
1654.000000
1626.000000
1642.000000
1658.000000
1656.000000
1640.000000
1644.000000
1658.000000
1650.000000
1644.000000
1644.000000
1644.000000
1650.000000
1622.000000
1658.000000
1646.000000
1650.000000
1634.000000
1664.000000
1652.000000
1654.000000
1634.000000
1664.000000
1654.000000
1636.000000
1622.000000
1664.000000
1652.000000
1646.000000
1632.000000
1666.000000
1648.000000
1642.000000
1636.000000
1668.000000
1664.000000
1658.000000
1618.000000
1666.000000
1668.000000
1638.000000
1622.000000
1658.000000
1660.000000
1644.000000
1624.000000
1662.000000
1674.000000
1648.000000
1620.000000
1656.000000
1656.000000
1642.000000
1616.000000
1668.000000
1654.000000
1664.000000
1632.000000
1658.000000
1656.000000
1664.000000
1622.000000
1654.000000
1658.000000
1650.000000
1632.000000
1650.000000
1662.000000
1660.000000
1632.000000
1678.000000
1652.000000
1644.000000
1632.000000
1654.000000
1666.000000
1664.000000
1602.000000
1654.000000
1652.000000
1658.000000
1624.000000
1636.000000
1652.000000
1654.000000
1616.000000
1660.000000
1656.000000
1650.000000
1634.000000
1656.000000
1648.000000
1650.000000
1624.000000
1656.000000
1660.000000
1660.000000
1634.000000
1672.000000
1652.000000
1650.000000
1634.000000
1654.000000
1650.000000
1664.000000
1646.000000
1662.000000
1648.000000
1654.000000
1636.000000
1652.000000
1650.000000
1646.000000
1618.000000
1670.000000
1656.000000
1648.000000
1634.000000
1658.000000
1666.000000
1666.000000
1634.000000
1678.000000
1656.000000
1656.000000
1614.000000
1674.000000
1670.000000
1656.000000
1632.000000
1662.000000
1654.000000
1664.000000
1632.000000
1660.000000
1682.000000
1668.000000
1642.000000
1672.000000
1652.000000
1666.000000
1612.000000
1668.000000
1666.000000
1670.000000
1636.000000
1666.000000
1658.000000
1656.000000
1632.000000
1648.000000
1664.000000
1650.000000
1612.000000
1644.000000
1644.000000
1658.000000
1626.000000
1656.000000
1656.000000
1674.000000
1632.000000
1660.000000
1646.000000
1664.000000
1652.000000
1644.000000
1662.000000
1674.000000
1628.000000
1670.000000
1660.000000
1656.000000
1634.000000
1656.000000
1664.000000
1664.000000
1624.000000
1654.000000
1668.000000
1660.000000
1644.000000
1654.000000
1654.000000
1670.000000
1624.000000
1666.000000
1684.000000
1666.000000
1642.000000
1680.000000
1664.000000
1660.000000
1638.000000
1668.000000
1670.000000
1654.000000
1648.000000
1686.000000
1662.000000
1652.000000
1634.000000
1668.000000
1678.000000
1668.000000
1652.000000
1676.000000
1670.000000
1658.000000
1634.000000
1686.000000
1658.000000
1658.000000
1644.000000
1668.000000
1656.000000
1644.000000
1626.000000
1670.000000
1668.000000
1648.000000
1616.000000
1660.000000
1656.000000
1656.000000
1632.000000
1670.000000
1674.000000
1672.000000
1632.000000
1654.000000
1668.000000
1654.000000
1642.000000
1670.000000
1666.000000
1656.000000
1636.000000
1658.000000
1668.000000
1656.000000
1630.000000
1668.000000
1678.000000
1670.000000
1630.000000
1670.000000
1664.000000
1654.000000
1628.000000
1684.000000
1670.000000
1682.000000
1630.000000
1672.000000
1666.000000
1656.000000
1650.000000
1682.000000
1652.000000
1668.000000
1638.000000
1658.000000
1660.000000
1656.000000
1644.000000
1672.000000
1656.000000
1680.000000
1650.000000
1664.000000
1668.000000
1672.000000
1630.000000
1670.000000
1682.000000
1676.000000
1650.000000
1672.000000
1684.000000
1670.000000
1626.000000
1656.000000
1662.000000
1680.000000
1644.000000
1658.000000
1664.000000
1670.000000
1632.000000
1680.000000
1660.000000
1676.000000
1642.000000
1664.000000
1684.000000
1652.000000
1634.000000
1680.000000
1686.000000
1680.000000
1656.000000
1682.000000
1682.000000
1660.000000
1634.000000
1666.000000
1656.000000
1672.000000
1616.000000
1672.000000
1680.000000
1662.000000
1642.000000
1660.000000
1646.000000
1670.000000
1636.000000
1662.000000
1664.000000
1662.000000
1650.000000
1658.000000
1664.000000
1666.000000
1640.000000
1662.000000
1678.000000
1672.000000
1644.000000
1672.000000
1668.000000
1670.000000
1646.000000
1694.000000
1660.000000
1674.000000
1636.000000
1654.000000
1662.000000
1678.000000
1640.000000
1658.000000
1678.000000
1674.000000
1638.000000
1668.000000
1664.000000
1662.000000
1638.000000
1664.000000
1690.000000
1666.000000
1640.000000
1660.000000
1648.000000
1646.000000
1640.000000
1654.000000
1668.000000
1682.000000
1642.000000
1660.000000
1662.000000
1666.000000
1656.000000
1672.000000
1674.000000
1660.000000
1638.000000
1666.000000
1666.000000
1684.000000
1644.000000
1652.000000
1666.000000
1686.000000
1640.000000
1662.000000
1650.000000
1666.000000
1638.000000
1670.000000
1664.000000
1688.000000
1650.000000
1664.000000
1662.000000
1640.000000
1642.000000
16
