-17.876581
-11.363494
-9.259591
-8.106628
-7.471071
-7.079759
-6.827422
-6.664461
-7.692710
-6.366630
-6.268489
-6.158172
-6.083505
-10.473569
-5.897475
-5.804965
-5.898459
-5.657177
-5.546032
-9.960748
-5.371941
-5.271268
-5.527696
-5.082842
-4.976384
-4.871551
-4.770473
-7.415289
-4.573695
-4.470980
-4.359004
-4.265276
-4.144646
-4.046648
-3.928624
-3.812994
-5.204700
-3.593876
-3.498632
-3.382601
-3.251787
-4.583505
-3.045037
-2.931071
-2.814603
-2.700175
-2.586865
-2.467431
-2.361844
-2.237355
-5.086755
-2.024301
-1.907971
-1.857383
-1.648714
-2.117259
-1.451923
-1.335994
-1.219523
-1.102058
-0.998658
-0.887252
-0.768263
-0.664389
-0.548240
-0.430836
-3.608356
-0.856468
-0.129834
-0.096031
0.089640
0.217219
0.326922
0.448504
0.550719
0.654005
0.775592
0.919691
1.010195
1.107713
-1.226590
-1.272500
1.426825
1.535919
1.576797
1.753470
1.868272
1.955994
2.066672
2.159836
2.283456
2.399220
2.488160
2.595353
1.407481
-0.946246
2.925467
3.053551
3.783765
4.663397
-17.882515
-11.385760
-9.187793
-8.105686
-7.476099
-7.088147
-6.833693
-6.625303
-7.276369
-6.364151
-6.269637
-6.163957
-9.090065
-5.989531
-5.905569
-5.851820
-5.744189
-5.661075
-5.538953
-9.430971
-5.368157
-5.266533
-5.347130
-5.083337
-4.979164
-4.873626
-8.486842
-4.673542
-4.574920
-4.782436
-4.355206
-4.265276
-4.144436
-6.549809
-3.932207
-3.815450
-3.710518
-3.607834
-3.478477
-3.370010
-3.243482
-3.136221
-3.032933
-4.377076
-2.803914
-2.697019
-2.577419
-3.771423
-2.336921
-2.224063
-2.115677
-2.022771
-1.907254
-1.810842
-1.701252
-1.584736
-1.468479
-4.776619
-1.230588
-1.119011
-1.328324
-1.389953
-0.759684
-0.653898
-0.554333
-0.437707
-0.339755
-0.212217
-0.097186
-0.010422
0.105787
0.236399
-2.886723
0.428027
-0.952961
0.567740
0.742917
0.876142
1.024688
1.079710
1.196488
1.305650
1.397414
1.529581
1.642599
1.743887
-0.358937
1.961636
-0.885582
2.180115
2.278101
2.200721
2.501690
2.617913
2.718228
2.831279
2.914819
3.062614
4.527129
4.661894
65.022240
-11.273390
-9.077526
-8.040594
-7.421757
-8.162275
-6.790970
-6.599969
-6.457628
-6.333497
-6.235499
-6.139764
-6.059721
-5.966731
-6.475999
-5.797554
-5.726164
-5.643309
-5.554864
-8.216464
-5.369915
-5.273173
-5.211634
-5.103358
-4.986551
-8.737699
-4.788519
-4.690227
-4.944152
-4.467587
-4.384190
-4.276475
-4.156583
-4.059546
-3.938046
-3.837610
-7.632161
-3.595512
-3.512846
-7.754889
-3.287164
-3.181792
-4.652877
-2.966137
-2.856022
-2.749031
-2.625073
-2.514600
-2.404328
-2.291306
-4.608894
-2.071108
-1.953037
-6.129605
-1.725130
-1.617644
-4.655282
-1.396823
-1.271843
-1.171426
-1.051796
-0.922550
-3.283726
-0.730833
-4.338503
-0.500449
-0.400940
-0.875893
-0.160666
-0.057823
0.028087
0.153084
0.275272
0.374369
0.488182
0.619472
-0.714687
0.848849
0.946674
1.042881
1.144442
-0.247439
1.364452
1.454135
1.592780
1.685844
1.783489
1.895923
2.006921
2.116991
1.622157
2.295845
2.410726
2.534837
2.638383
-0.199331
2.835404
2.987284
0.493403
4.600461
-17.701160
-16.560995
-9.069207
-8.008369
-8.495340
-7.017837
-6.771251
-6.572376
-6.442636
-6.326776
-6.223410
-6.131486
-10.515923
-5.971553
-5.877640
-11.223009
-5.730680
-5.647066
-8.078770
-5.455128
-5.371801
-5.283061
-5.177241
-5.086993
-4.985727
-4.890653
-6.875736
-4.696892
-4.590734
-9.093446
-4.388443
-4.291105
-4.169810
-4.071051
-3.965309
-3.850164
-3.749549
-3.630933
-6.232197
-3.402972
-3.287728
-3.192325
-3.080915
-3.851193
-2.853405
-2.743390
-2.631220
-2.513288
-2.402989
-2.286826
-2.178529
-2.065651
-3.458356
-1.838176
-1.738271
-1.624023
-1.489338
-3.306777
-1.273455
-1.152602
-1.052206
-0.932577
-0.818274
-0.707488
-0.601434
-0.492895
-0.966220
-0.270766
-0.161363
-0.050023
0.053686
-0.846788
0.274125
0.377210
-3.434737
0.591085
0.684792
-3.137127
0.925063
1.022828
0.109436
1.274409
1.354575
1.462317
1.588477
1.664507
1.805981
1.904358
-0.915334
2.112633
2.211042
-1.842034
2.435383
2.524462
0.224738
2.733286
2.838805
2.932991
4.431179
4.600925
-17.662407
-11.301311
-13.384985
-8.006143
-7.397988
-7.304841
-6.752270
-6.583844
-6.429672
-6.320117
-6.227877
-6.142804
-6.054667
-5.957394
-9.042012
-5.796964
-5.725082
-5.644385
-5.550059
-6.344562
-5.356579
-5.275466
-5.171123
-5.090205
-4.980358
-4.876993
-4.780664
-4.675220
-6.082708
-4.475319
-4.388675
-4.279499
-4.153083
-6.329055
-3.950781
-3.846681
-3.739601
-3.635762
-3.528303
-3.412788
-3.290586
-3.173753
-3.583372
-2.957818
-2.857278
-2.747877
-2.616249
-3.341053
-2.402020
-2.274197
-6.102281
-2.057619
-1.953556
-6.003697
-1.750484
-1.620786
-2.701150
-1.397178
-1.288344
-1.175456
-1.031292
-0.954693
-0.838833
-0.729645
-3.323551
-0.503386
-0.397416
-4.488203
-0.164873
-0.040748
-2.681081
0.151991
0.284083
0.286396
0.483442
0.595498
0.699531
0.826733
-2.442493
0.997652
1.136997
0.925018
1.352048
1.459476
1.570950
1.671344
1.825781
1.891367
2.011354
2.111588
-0.047367
2.298823
2.421880
2.530999
2.632571
1.708820
2.849973
2.968310
4.480178
4.598405
-17.668989
-11.271204
-9.058811
-7.999135
-9.246278
-7.012782
-6.758554
-6.537125
-6.433613
-10.028268
-6.227870
-6.125885
-6.119623
-5.965051
-5.903397
-5.804678
-5.720796
-5.638149
-6.148732
-5.457535
-5.365784
-5.270370
-5.172219
-5.085075
-4.992894
-4.889312
-8.767570
-4.692461
-4.591466
-9.087269
-4.387801
-4.281840
-6.012071
-4.061384
-3.955177
-3.839178
-3.737801
-3.617768
-3.501180
-3.403826
-5.609381
-3.165038
-3.056996
-7.338593
-2.835428
-2.737092
-5.867030
-2.513992
-2.402265
-2.474868
-2.173317
-2.046403
-5.295411
-1.825575
-5.483660
-1.722829
-1.479312
-1.946408
-1.259699
-1.161522
-1.052643
-0.963354
-0.836647
-0.726407
-0.609807
-0.489930
-2.628088
-0.279932
-0.149533
-0.042114
0.045763
-1.034030
0.286692
0.399244
0.501023
0.587766
0.721456
0.855925
0.963340
1.063495
-0.039626
1.285064
1.385256
1.487275
1.612505
-0.864706
1.839414
1.920416
1.967566
2.133882
2.240309
2.353458
2.452930
2.549229
2.187693
2.743682
2.858244
2.978111
4.464885
4.619940
-17.730120
-11.260877
-15.775632
-8.003233
-7.384027
-13.859664
-6.753076
-6.572021
-8.829842
-6.312323
-6.210685
-6.117908
-6.031793
-5.953835
-5.887640
-5.754197
-8.648950
-5.615411
-5.509607
-10.531237
-5.347625
-5.244444
-8.737535
-5.055487
-4.951285
-5.048267
-4.755814
-4.658029
-8.070711
-4.444507
-8.365240
-4.324117
-4.130142
-4.608537
-3.931602
-3.818667
-3.719541
-3.616320
-3.502768
-3.396112
-3.270229
-3.150626
-5.282245
-2.945803
-2.842873
-2.700428
-2.577105
-3.815731
-2.355834
-2.233311
-2.140778
-2.034607
-1.922902
-1.815370
-1.709653
-1.586211
-2.508867
-1.362945
-1.264179
-1.149337
-1.037330
-3.634395
-0.824639
-0.707515
-0.670432
-0.489261
-0.368825
-0.257105
-0.147962
-0.023454
-0.439536
0.187207
0.294000
0.397865
0.515503
0.617559
0.722890
0.842428
-2.601213
1.046173
1.162405
-2.837296
1.365804
1.479707
-0.010238
1.682163
1.819416
1.921932
2.029522
2.128848
2.271482
2.328398
0.023616
2.548423
2.646682
-1.391588
2.853935
2.983801
1.604798
4.601219
-17.634935
-11.351869
-9.060915
-8.001279
-11.942454
-7.013042
-12.428929
-6.594000
-6.428804
-6.950700
-6.211013
-6.122067
-6.047858
-5.949689
-5.868741
-5.781528
-5.712101
-5.632853
-7.663190
-5.443578
-5.354442
-5.267738
-5.169581
-6.525139
-4.982629
-4.867870
-4.770414
-4.670797
-4.577031
-4.448017
-4.373952
-4.267845
-4.965925
-4.047523
-3.946174
-3.826119
-3.723731
-6.495129
-3.508389
-3.381519
-3.354169
-3.149998
-3.027729
-6.881645
-2.836890
-2.715379
-3.318071
-2.480859
-2.373258
-2.248358
-2.154712
-2.034519
-1.930422
-1.820097
-5.120936
-1.592126
-1.465870
-5.620271
-1.250655
-1.130499
-3.011173
-0.913657
-0.801540
-0.687858
-0.576790
-0.468907
-0.367131
-0.254687
-2.152718
-0.032333
0.056951
-4.029520
0.294724
0.388015
0.507443
0.601071
0.726524
0.840243
0.966058
1.062197
-1.291108
1.279573
-2.282064
1.475363
1.606700
1.115776
1.836874
1.913934
2.007550
2.125002
2.223657
2.368860
2.434406
2.566154
1.411299
2.763572
2.851161
2.988281
4.449613
3.279765
-17.665888
-11.239826
-9.050082
-7.994012
-7.385148
-6.987674
-6.760015
-6.561966
-7.035892
-6.303915
-6.214060
-6.112492
-6.028986
-9.572879
-5.852990
-5.772204
-10.876138
-5.620845
-5.516144
-10.012665
-5.348059
-5.251952
-5.971618
-5.059795
-4.983739
-4.871892
-4.769563
-4.672508
-4.561161
-4.457891
-8.017730
-4.266542
-4.145768
-8.590217
-3.936435
-3.839895
-5.855987
-3.626856
-3.509468
-3.376854
-3.218330
-3.077666
-2.932400
-2.753725
-5.350762
-2.559849
-2.376174
-2.319550
-2.151160
-2.051949
-1.947429
-1.954046
-1.917657
-1.842575
-1.741181
-1.611606
-3.613937
-1.385786
-5.200895
-1.107222
-0.874430
-1.406879
-0.677326
-0.450454
-0.331013
-0.217597
-0.120998
0.039462
-0.005935
0.083944
-0.875479
0.323552
0.435563
0.559508
0.653650
-0.570402
0.875682
0.984824
1.117743
1.176439
1.359183
1.431244
1.499484
1.636747
1.403570
1.961975
2.106120
2.260894
2.516959
1.939399
2.942883
3.062247
-0.602774
3.343402
3.478681
-0.391266
3.673865
3.843380
4.395491
5.352615
-18.772749
-11.844421
-9.496640
-8.318911
-7.652563
-7.220843
-11.747549
-6.736246
-6.601478
-12.650685
-6.312271
-6.179325
-9.598538
-5.969156
-5.880277
-5.861082
-5.692372
-5.605005
-9.464755
-5.394581
-8.744914
-5.269815
-5.087976
-5.120864
-4.877358
-4.752613
-4.640193
-4.494771
-4.390575
-4.250493
-4.131923
-4.043632
-6.436980
-3.851906
-3.727748
-3.614243
-3.492877
-4.031862
-3.238183
-3.103520
-2.990355
-2.962448
-2.742336
-2.650070
-2.480566
-2.352211
-3.491756
-2.121229
-1.934623
-2.702156
-2.892447
-4.634737
-2.629738
-2.980792
-2.830978
-2.685230
-2.469443
-2.576807
-2.628496
-2.391762
-2.455059
-1.789028
-1.550306
-1.445640
-1.390648
-1.756944
-1.019236
-0.778699
-4.103133
-0.503343
-0.307043
-4.276595
-0.069694
-0.172675
-1.922670
-0.113872
-0.291365
-0.749552
-1.029273
-1.133709
-1.076039
-0.980154
-3.042810
-0.763245
-0.605339
-4.623345
-0.284979
-0.200419
-3.196754
0.038905
0.168091
0.301341
0.384018
0.558980
-2.575838
0.786949
-2.373250
1.086886
2.744812
2.412201
-19.369242
-12.631559
-10.340250
-9.259796
-8.711433
-8.446480
-8.251565
-8.152930
-11.226732
-7.977032
-7.934406
-7.913380
-7.897179
-9.087792
-7.830739
-7.658091
-7.560200
-7.440827
-7.182645
-7.185505
-7.173168
-7.024097
-8.279091
-7.079155
-7.038882
-6.968528
-6.904574
-9.423750
-6.739830
-6.632410
-6.573257
-6.440844
-6.324763
-10.291328
-6.098166
-5.972216
-6.554950
-5.716372
-5.599711
-5.481122
-5.366646
-5.671260
-5.068651
-4.960149
-8.363436
-4.682849
-4.549124
-8.761095
-4.286374
-4.163994
-5.943746
-3.908675
-3.823136
-3.812566
-3.694943
-3.543989
-3.399510
-3.299987
-5.213641
-3.261887
-2.814778
-2.678209
-2.589943
-2.620651
-2.469750
-2.282596
-2.117599
-1.996317
-1.883950
-1.687479
-4.344054
-1.387793
-4.533072
-1.114831
-0.933331
-1.039254
-0.650087
-0.454529
-0.301775
-0.149984
-0.016759
0.141376
0.262701
0.382983
-1.090856
0.646576
0.772676
0.897855
0.977578
0.308288
1.235479
1.419689
1.550313
1.681822
1.814881
1.957227
2.087970
2.275613
3.169861
3.970994
-19.554409
-13.078883
-10.955076
-13.043339
-9.474462
-9.191278
-9.000236
-8.888288
-8.788826
-13.882113
-8.655087
-8.595682
-9.117557
-8.437039
-8.362265
-8.240676
-8.178000
-8.760450
-7.965218
-7.876485
-12.092912
-7.640399
-7.511241
-12.170715
-7.263888
-7.135167
-8.742414
-6.876983
-6.743394
-6.593422
-6.450195
-6.316574
-6.161393
-6.025476
-7.646689
-5.864302
-5.579353
-5.434233
-5.295778
-5.155613
-4.974631
-4.801135
-4.603604
-4.536513
-4.403183
-4.254002
-6.535664
-3.941236
-6.890144
-3.629067
-3.487582
-3.505052
-3.190005
-3.047762
-2.918828
-2.769282
-2.605022
-2.485911
-2.332120
-2.173947
-3.252811
-1.902259
-5.482965
-1.588992
-1.433351
-1.903944
-1.162261
-1.019805
-0.884447
-0.753382
-0.589486
-0.478026
-0.309993
-0.179819
-0.475558
0.112193
0.241444
0.383576
0.471320
-1.157437
0.782305
0.933911
1.033666
1.188235
1.315911
-2.011604
1.600754
1.718509
1.474631
1.959172
2.135719
2.236518
2.360087
1.870212
2.625037
2.758838
-0.728862
3.031544
4.535141
0.582875
-19.776459
-13.577049
-13.708914
-10.611778
-10.115406
-9.795312
-9.618320
-9.466771
-9.332420
-9.216015
-11.599014
-9.120439
-8.857456
-8.734057
-8.604019
-8.481389
-8.342342
-8.207727
-8.045325
-7.931571
-7.776113
-7.618807
-10.054160
-7.318443
-10.835311
-7.014815
-6.858787
-6.947068
-6.557891
-6.395973
-6.246520
-6.090146
-5.909785
-5.777683
-5.618140
-5.453070
-6.512661
-5.157836
-4.977973
-4.831664
-4.674229
-5.218145
-4.310029
-4.225466
-4.079097
-3.937191
-3.767334
-7.509675
-3.456054
-3.313649
-3.527293
-3.000779
-2.850401
-2.706956
-2.546187
-4.448730
-2.257188
-2.123651
-6.203977
-1.835662
-1.677264
-5.144181
-1.399810
-1.263984
-1.542552
-0.977292
-0.849151
-0.690768
-0.559508
-1.046630
-0.275269
-0.150163
-3.641063
0.131474
0.277498
-3.693479
0.539636
0.678709
-0.632288
0.947026
1.080279
1.227527
1.352062
1.465350
1.614746
1.724674
0.213563
1.913408
2.110897
2.249667
2.336369
2.453705
2.611616
2.777200
2.883006
2.987383
3.111160
3.249468
2.744251
4.916630
80.165848
-13.789618
-11.779194
-11.088839
-10.375268
-10.055809
-9.847671
-9.669894
-9.497868
-9.354879
-9.213872
-9.067669
-10.211446
-8.780004
-8.622112
-8.460256
-8.320687
-8.972829
-7.999642
-7.834626
-7.676593
-7.515306
-7.370456
-11.426184
-7.053689
-6.888766
-7.027036
-6.565091
-6.402124
-6.229772
-6.084482
-8.103582
-5.751155
-5.606791
-9.928058
-5.266780
-5.118527
-8.767119
-4.782602
-4.674614
-4.961148
-4.314682
-4.126529
-4.028272
-3.873870
-4.330091
-3.586286
-3.407135
-6.952818
-3.097514
-2.945948
-7.051040
-2.638795
-2.488062
-4.003613
-2.205040
-2.053225
-1.912134
-1.756991
-1.599638
-1.485350
-1.330408
-3.038932
-1.076837
-0.900241
-0.765761
-0.621952
-0.491586
-0.343018
-0.211653
-0.080664
0.033228
0.182436
0.311627
-1.308827
0.573259
-2.544085
0.835653
0.975607
0.874941
1.220571
1.340512
1.468872
1.614029
1.767469
1.898632
2.048514
2.141427
1.451777
2.387787
2.503443
2.610915
2.806768
2.086107
3.043741
3.144567
3.272386
3.404117
4.904128
1.618495
-20.177814
-13.925949
-12.176560
-11.087706
-10.538277
-10.231256
-9.960574
-12.360326
-9.625504
-9.450960
-15.207819
-9.123553
-8.976069
-13.657962
-8.616936
-8.441121
-8.976119
-8.152318
-7.961659
-7.789260
-7.602650
-8.058445
-7.268025
-7.088578
-10.976229
-6.751360
-6.587139
-11.097387
-6.249065
-6.101439
-7.811204
-5.781780
-5.603670
-5.454605
-5.295277
-5.139213
-7.559648
-4.819796
-6.624718
-4.480268
-4.327904
-4.151864
-3.869413
-3.856807
-3.714542
-3.557268
-3.383873
-3.254760
-3.094286
-2.940919
-4.075368
-2.650438
-5.769835
-2.338392
-2.211753
-2.163444
-1.909873
-1.783671
-1.625865
-1.480137
-1.311562
-5.035827
-1.033575
-0.901451
-1.161659
-0.627613
-0.487410
-0.331418
-0.237355
-0.889768
0.036037
0.202411
0.329326
0.462396
0.607314
-2.218253
0.857431
1.014508
1.130310
1.280572
1.414234
1.524299
1.664775
0.222023
1.944015
2.053233
-1.904008
2.307018
2.444463
-1.011639
2.683377
2.790911
2.488576
3.076895
3.200617
3.346330
3.432650
3.018184
5.088291
5.252484
50.281246
-14.205331
-12.211312
-18.331013
-10.806403
-10.450212
-12.560158
-9.892374
-9.701202
-9.503279
-9.312807
-9.113608
-11.354470
-8.742130
-10.772195
-8.371611
-8.193222
-8.026386
-7.817668
-7.660104
-7.476752
-7.292190
-7.123369
-6.927506
-6.768008
-6.601544
-7.608730
-6.264422
-9.080254
-5.919311
-5.759264
-5.654867
-5.435775
-5.287328
-5.115793
-4.956177
-4.791245
-8.271200
-4.501010
-4.328269
-4.288730
-3.952805
-7.542833
-3.701447
-3.541397
-3.896073
-3.240091
-3.080023
-2.936837
-2.766093
-2.633440
-4.965094
-2.338560
-2.199596
-2.055315
-1.903392
-1.736509
-1.611961
-1.467446
-3.467449
-1.179944
-1.030686
-5.136169
-0.753346
-0.615681
-3.700406
-0.357787
-0.215564
-0.274252
0.067880
0.225220
0.307036
0.460684
-0.328745
0.748098
0.895261
-2.863273
1.148639
1.256341
-2.527109
1.525457
1.666476
0.724408
1.908643
2.051714
2.154156
2.307303
2.426185
1.294628
2.660011
1.671273
2.937808
3.049451
3.186349
3.310405
3.438224
3.563352
3.693580
5.171933
1.607697
-20.350510
-14.321731
-12.805116
-11.472983
-14.186322
-10.555491
-10.261074
-10.011219
-9.750257
-9.536194
-9.320778
-9.114551
-8.911613
-12.641710
-8.516265
-8.316870
-8.179490
-7.958436
-11.975649
-7.573808
-7.403219
-7.633665
-7.039847
-6.861225
-6.689514
-6.516080
-6.331876
-8.176967
-6.003852
-5.830501
-5.688365
-5.515616
-5.334877
-5.180717
-5.013504
-7.353273
-4.688372
-4.528895
-8.848006
-4.228189
-4.042819
-7.078450
-3.650431
-3.596208
-3.650113
-3.297810
-3.153006
-2.977605
-2.831529
-3.681851
-2.527265
-2.385427
-6.239827
-2.078572
-1.940855
-5.898561
-1.658235
-1.522704
-1.356742
-1.221969
-1.080634
-0.942808
-0.811566
-0.660291
-1.365950
-0.389936
-1.513086
-0.127577
0.021755
0.152765
0.283905
0.443285
0.578341
0.730864
0.885808
-2.506679
1.178177
1.328984
1.260740
1.119420
-1.779494
0.439555
0.932306
1.877784
2.127187
2.188396
2.329562
2.403727
2.526979
0.119870
2.735348
2.837664
2.954348
3.083794
-0.136812
3.364382
3.468132
3.218506
5.055669
5.219750
-18.851637
-12.034122
-9.635853
-10.436502
-7.669870
-7.211240
-6.855863
-6.563571
-6.386771
-6.189660
-6.044104
-9.574379
-5.749563
-5.656435
-11.095597
-5.433687
-5.335567
-8.434791
-5.113856
-5.014536
-4.968837
-4.783031
-4.652266
-4.532083
-4.408350
-6.511356
-4.202495
-4.100617
-8.654794
-3.787920
-3.610050
-7.216201
-3.184610
-3.051814
-3.282054
-2.647317
-2.516256
-6.355995
-2.253454
-2.142116
-2.378606
-1.985368
-2.844126
-1.675122
-1.534257
-1.395561
-1.249432
-1.150133
-1.397428
-1.402036
-1.343811
-3.853268
-1.159185
-1.068243
-0.969328
-0.836516
-2.330845
-0.635243
-0.472465
-0.305221
-0.113875
-0.029967
0.143608
0.269871
0.341802
-0.946706
0.484567
0.642854
0.715729
-359.163544
-1.982229
1.073343
1.151312
0.992323
1.125616
1.182689
1.302418
1.410604
1.498417
0.857920
1.646884
1.837080
1.920156
1.960334
2.188714
2.259286
2.355353
-0.404007
2.748857
2.845861
-1.154206
3.089875
3.081212
0.888489
3.246584
3.335388
3.431973
3.501283
4.985824
5.262084
-18.688204
-17.299269
-9.233527
-8.007508
-14.401309
-6.855141
-6.617012
-10.883025
-6.237696
-6.031897
-6.291842
-5.816696
-5.729182
-9.481560
-5.536342
-10.127652
-5.375868
-5.234826
-5.776814
-5.058526
-4.986851
-4.909847
-4.825158
-4.729849
-4.643957
-4.533446
-4.415123
-6.055324
-4.086035
-3.994751
-3.864464
-3.740833
-4.876337
-3.360424
-3.190650
-3.024460
-2.912728
-2.865214
-2.805163
-2.694648
-2.570060
-3.292817
-2.529296
-2.456482
-2.191977
-1.955186
-4.418708
-1.600475
-1.519696
-1.401278
-1.280987
-1.193326
-4.859269
-0.925431
-0.713770
-1.202013
-0.535366
-0.475595
-0.381473
-0.300044
-0.641958
-0.095318
0.070416
-3.382231
0.326079
0.446912
-3.649419
0.653906
0.847142
-0.796385
1.013287
1.133489
1.258273
1.401397
1.495485
1.584536
1.746586
-0.627060
1.941054
2.005118
-2.125033
2.205173
2.337986
-0.425834
2.616557
2.843793
2.964258
2.927759
2.925022
0.859990
3.144729
-0.110533
3.229857
3.310501
2.980521
3.287966
3.301496
3.380764
4.938436
5.143034
-17.640467
-11.281396
-8.962328
-9.616810
-7.188466
-6.756418
-6.473946
-6.243181
-7.216305
-5.921220
-5.786169
-5.662710
-5.558987
-5.445232
-5.348957
-5.221018
-5.144502
-5.483039
-4.949211
-4.843570
-4.754099
-4.623971
-6.957482
-4.395339
-4.300343
-8.945589
-4.095916
-3.980852
-7.710852
-3.753763
-3.664301
-3.913600
-3.394035
-3.295655
-3.178191
-3.080925
-3.708807
-2.857886
-2.763134
-6.616539
-2.525168
-2.479929
-6.691914
-2.167435
-2.064799
-3.300426
-1.815580
-1.701971
-1.588387
-1.481000
-1.382586
-1.269531
-1.174628
-2.667628
-0.948619
-0.802078
-0.681819
-0.555030
-0.459064
-0.362636
-0.253402
-0.131300
-0.025002
0.103679
0.216850
-1.344305
0.429051
-2.434283
0.655938
-359.224731
0.751759
0.962994
1.088024
1.206750
1.323678
1.447550
1.536530
1.658363
1.770313
1.352849
1.982315
-1.543235
2.192776
2.293428
1.894756
2.522768
2.622154
2.738420
2.842943
2.952548
-0.158788
3.201187
3.276849
3.310570
3.485450
3.565552
3.666474
3.799845
3.638289
5.443429
-17.575565
-17.694601
-8.869260
-7.731678
-12.058663
-6.646643
-6.346830
-6.410630
-5.966585
-5.833130
-5.712621
-5.592099
-6.791071
-5.387415
-5.296398
-10.246497
-5.089901
-5.004574
-9.817217
-4.796964
-4.692780
-5.791918
-4.475980
-4.385754
-4.281992
-4.168180
-4.065505
-3.959806
-3.844689
-5.242042
-3.637296
-3.529843
-3.397609
-3.306323
-3.194591
-3.080136
-2.965505
-2.871970
-2.750682
-2.619277
-2.506528
-3.320466
-2.282712
-5.094232
-2.051924
-1.945746
-1.882515
-1.703214
-1.600531
-1.465987
-1.357635
-1.247497
-4.830083
-1.004067
-0.938715
-1.026013
-0.673131
-4.176779
-0.450444
-0.343347
-0.696531
-0.127912
-0.011137
0.104840
0.215990
0.346085
-2.133445
0.555141
0.683354
-359.222626
0.920861
1.003033
1.117844
1.218416
-0.959449
1.420052
1.539713
-2.511509
1.759712
1.870031
-1.164804
2.105903
2.198322
2.140364
2.428563
2.517126
2.666667
2.734855
1.911627
2.951394
3.050363
-0.684686
3.241885
3.313732
-0.484106
3.568147
3.670627
2.753336
5.303121
5.408209
-17.413950
-11.035467
-8.763515
-9.719441
-7.029732
-8.702393
-6.301354
-6.095103
-5.935453
-5.799547
-5.678136
-5.578466
-5.461800
-5.365907
-5.262970
-5.168750
-5.085851
-5.816489
-4.882951
-7.806629
-4.693836
-4.578822
-4.507818
-4.373453
-4.285353
-4.169856
-4.066801
-3.958524
-7.251709
-3.730401
-3.639709
-3.586064
-3.411317
-7.132851
-3.196138
-3.086440
-3.417178
-2.848453
-2.774089
-2.634799
-2.499784
-2.380440
-4.255142
-2.173022
-2.073405
-1.952167
-1.825982
-1.727953
-1.616104
-1.491819
-3.857280
-1.267789
-1.117001
-5.332665
-0.894469
-0.827924
-3.688195
-0.587145
-0.473544
-0.482628
-0.246490
-0.144386
-0.010358
0.103461
-0.886553
0.340088
0.434283
-3.470805
0.631527
-359.240143
-3.030076
0.981927
1.092108
0.368181
1.324948
1.416350
1.520274
1.656355
1.751885
1.092086
1.967644
0.940126
2.169472
2.272378
2.396707
2.494026
2.621533
2.716837
2.809168
2.923862
-0.535801
3.140999
3.234864
3.142000
3.452658
1.532683
3.656625
3.788903
5.255193
5.417809
-17.538725
-11.000469
-8.839385
-7.728427
-10.910235
-6.650140
-6.359479
-6.124739
-5.984992
-10.602107
-5.742162
-5.626708
-5.859324
-5.431872
-5.336423
-5.285438
-5.143795
-5.041033
-6.432079
-4.811577
-4.710454
-4.584352
-4.495754
-4.406284
-4.281473
-4.178630
-7.154119
-3.962825
-3.851701
-8.383243
-3.626175
-3.523802
-6.259904
-3.305469
-3.187822
-3.133845
-2.943764
-2.845632
-2.723129
-2.618033
-3.963131
-2.420322
-2.198599
-6.407002
-2.034965
-1.920338
-5.661994
-1.680811
-1.568204
-2.083238
-1.337821
-1.224841
-1.118791
-1.009067
-4.895636
-1.136443
-0.660809
-1.427395
-0.414490
-0.319920
-0.189799
-0.087587
0.033560
0.139101
0.264580
0.367695
-2.385875
0.587625
0.713612
-359.206909
0.893226
-0.729049
1.146804
1.251188
1.373415
1.481906
1.567798
1.709821
1.831744
1.925273
0.390362
2.154411
2.260559
2.362113
2.479844
-0.526919
2.678811
2.777106
2.722671
2.988543
3.145938
-0.738508
3.322310
3.411383
2.411819
3.645479
3.717277
3.870646
5.352830
5.479947
-17.374062
-10.950800
-14.418514
-7.668144
-7.006947
-13.532772
-6.297884
-6.080492
-9.617662
-5.790783
-5.668177
-5.608348
-5.461424
-5.368536
-5.253334
-5.164959
-6.927523
-4.979203
-4.857147
-9.770664
-4.674315
-4.569601
-4.462769
-4.357449
-4.269067
-4.152195
-4.056303
-3.946828
-7.525389
-3.725318
-7.915336
-3.628107
-3.384254
-4.216826
-3.172847
-3.069915
-2.942163
-2.841097
-2.710104
-2.611490
-2.487961
-2.302897
-4.612955
-2.147566
-2.029357
-1.918255
-1.807021
-3.446818
-1.574016
-1.459225
-1.347964
-1.242989
-1.124835
-1.001225
-0.923785
-0.785003
-1.735840
-0.538309
-0.429325
-0.299006
-0.190346
-3.177373
0.034872
0.145808
-3.672260
0.390672
0.488910
-3.414210
0.709104
-359.181122
-0.045980
1.031351
1.161858
1.257895
1.362378
1.470855
1.593794
1.704535
-1.046198
1.922022
2.041314
-2.017196
2.239549
2.348616
-0.006332
2.545874
2.664651
2.698573
2.863571
2.962732
3.089357
3.182657
1.832038
3.423383
3.516110
3.506157
3.736620
3.849042
5.321890
5.473670
-17.298246
-11.005373
-8.792762
-7.698360
-11.755895
-6.603176
-12.572480
-6.164026
-5.942994
-7.010888
-5.680915
-5.579019
-5.477154
-5.378959
-5.278619
-5.195815
-5.100762
-5.008648
-7.166311
-4.811980
-4.702852
-4.600183
-4.508958
-6.517808
-4.292552
-4.184258
-4.071786
-3.964601
-3.854716
-3.732087
-3.636704
-3.513162
-4.304322
-3.283639
-3.172983
-3.056377
-2.943686
-3.646540
-2.736933
-2.631575
-6.487317
-2.379238
-2.309295
-6.372830
-2.032868
-1.926021
-3.153928
-1.684786
-1.565622
-1.440415
-1.336435
-1.212027
-1.103382
-0.984130
-3.486875
-0.751467
-0.630524
-4.801973
-0.408466
-0.324414
-3.089652
-0.076194
0.017796
0.025077
0.255127
0.357396
0.468270
0.575918
-2.592118
-359.450012
0.945121
0.768962
1.165833
1.261119
1.361422
1.481824
1.578467
1.692883
1.807961
1.903594
-0.793255
2.133046
2.218184
2.290450
2.434587
1.403341
2.639312
2.756670
2.887934
3.020884
3.145740
3.252236
3.382962
3.479774
1.850289
3.713016
3.822531
3.957260
5.419719
3.042163
-17.449289
-10.973655
-8.815315
-7.646492
-6.982262
-6.580649
-6.309202
-6.063854
-6.922784
-6.013530
-5.903976
-5.758216
-5.700119
-6.118320
-5.379849
-5.257205
-9.530819
-5.027246
-4.897697
-9.863906
-4.632996
-4.513880
-6.840891
-4.318339
-4.243276
-4.149258
-4.081456
-4.024225
-3.949950
-3.852842
-5.855216
-3.674814
-3.518645
-7.906303
-3.217451
-3.071140
-6.605961
-2.829633
-2.727039
-2.915031
-2.635080
-2.680490
-6.623517
-2.842681
-6.605939
-3.056219
-2.617765
-2.981231
-2.367028
-2.174790
-1.895322
-1.472838
-1.511848
-1.285641
-1.122010
-1.143970
-3.664863
-0.900036
-0.679010
-0.757216
-0.712049
-1.890620
-0.254018
-0.134052
-0.044036
0.094952
0.288841
0.400615
0.489063
-359.360779
-0.593952
0.996640
1.091958
1.055748
1.094389
-1.763486
1.231781
1.273768
1.212327
1.472282
1.620465
-2.294488
1.770930
0.938688
0.481399
2.024580
1.549213
1.263516
2.024325
2.422717
2.721688
2.844064
0.164953
2.933235
3.095487
-0.944839
3.316632
3.473955
2.508712
5.173818
-19.536514
-12.402093
-9.853586
-8.562229
-7.842306
-7.353813
-9.608410
-6.766100
-6.622509
-12.488086
-6.300045
-6.169564
-6.056601
-5.954423
-5.816510
-5.746014
-5.625809
-5.517579
-9.306007
-5.302739
-9.901633
-5.164297
-4.963174
-5.876735
-4.731084
-4.613487
-4.507724
-4.399274
-4.290121
-4.175140
-4.066359
-3.959057
-6.055789
-3.733127
-3.617912
-3.495411
-3.388461
-5.181622
-3.159243
-3.035805
-2.932162
-2.811391
-2.700030
-2.592853
-2.473319
-2.345825
-3.219402
-2.114569
-1.980153
-1.844468
-1.731288
-4.868276
-1.477014
-1.364045
-5.195296
-1.159912
-1.046633
-5.046917
-0.828058
-0.728556
-1.786083
-0.516331
-0.378642
-0.252078
-0.142718
-0.026297
0.084358
0.205790
-2.468040
0.418733
0.556074
-3.550696
0.777564
0.877863
-1.634095
1.091164
1.215743
1.291377
1.455673
1.553643
1.641174
1.771319
0.587408
1.963858
2.061454
1.984528
2.284251
2.370546
2.473075
2.582017
2.695391
2.814011
2.904119
3.019310
0.472414
3.240414
3.335073
3.438493
4.958920
4.161628
-19.711313
-12.473850
-9.952064
-8.665734
-7.885295
-7.387213
-7.044165
-6.802840
-8.768616
-6.406935
-6.266891
-6.139703
-6.018065
-8.721319
-5.790050
-5.721941
-5.603832
-5.491119
-5.369336
-5.261553
-5.155468
-5.030343
-5.633653
-4.799135
-4.705150
-4.594837
-4.485385
-5.016284
-4.261182
-4.136183
-8.002668
-3.931545
-3.813550
-8.215778
-3.600827
-3.482434
-5.093279
-3.236647
-3.147458
-3.017227
-2.902915
-2.758710
-2.654274
-2.537932
-4.841831
-2.315464
-2.192237
-6.422711
-1.958959
-1.843041
-4.848593
-1.622529
-1.498338
-1.579954
-1.283135
-1.177657
-4.403986
-0.947246
-4.342149
-0.808128
-0.601018
-0.866201
-0.372071
-0.260916
-0.150641
-0.029576
0.079919
0.207457
0.312694
0.449428
-1.707888
0.668640
0.764232
0.864544
0.988439
-0.094638
1.185991
1.327085
1.449608
1.520995
1.631148
1.742810
1.820039
2.022475
0.905649
2.147544
2.308908
2.394684
2.505976
-0.097063
2.701122
2.804667
2.831759
3.047887
3.137110
-0.552028
3.352367
3.474133
4.172649
5.098569
-19.517088
-12.460203
-9.958552
-8.665297
-7.900622
-7.389856
-12.197120
-6.779952
-6.576828
-12.588667
-6.262875
-6.139279
-9.090625
-5.908401
-5.790979
-5.709394
-5.588789
-5.491567
-5.358603
-5.258456
-7.135150
-5.048735
-4.942412
-9.638739
-4.726408
-4.606802
-4.510178
-4.393744
-4.278290
-4.164907
-4.046719
-3.947821
-7.145432
-3.720220
-7.811177
-3.547307
-3.366632
-4.176491
-3.176848
-3.049807
-2.917552
-2.801829
-2.759234
-2.558661
-2.438547
-2.323934
-4.236049
-2.081327
-1.982270
-1.849290
-1.747127
-3.616397
-1.505106
-1.411891
-1.310551
-1.182479
-1.061728
-0.943900
-0.834560
-0.715593
-1.527697
-0.484639
-0.375076
-0.251299
-0.140628
-0.703087
0.073580
0.200941
-3.383737
0.423432
0.564598
-3.495768
0.733673
0.862468
-0.488262
1.073502
1.171238
1.302086
1.419555
1.522128
1.615247
1.743438
-0.592862
1.916211
2.052370
-2.005839
2.294209
2.369979
-0.491221
2.572783
2.700739
2.693970
2.900164
3.040196
3.115410
3.226174
0.004584
3.188522
4.928307
4.740380
-19.465275
-12.491377
-9.916287
-8.628222
-7.886729
-7.384385
-7.030518
-6.773046
-10.640614
-6.393145
-6.260655
-6.148254
-6.019219
-7.142015
-5.778595
-5.664482
-5.571256
-5.478671
-5.350027
-5.267560
-5.139390
-5.030548
-6.693527
-4.821705
-4.722423
-4.595551
-4.492375
-6.911339
-4.277104
-4.159962
-4.081187
-3.944201
-3.817158
-3.719975
-3.596575
-3.484517
-3.925676
-3.247172
-3.130072
-3.005671
-2.904602
-3.359555
-2.601976
-2.556906
-6.180767
-2.323531
-2.203432
-6.374771
-1.975338
-1.857705
-3.474960
-1.631866
-1.529449
-1.407697
-1.312040
-1.186236
-1.055744
-0.940635
-3.126102
-0.690034
-0.594543
-4.731624
-0.369107
-0.250890
-3.293239
-0.019221
0.093798
0.188565
0.305836
0.426997
-2.634758
0.624872
-2.742770
0.773443
0.971322
0.671299
1.166675
1.307400
1.429077
1.521664
1.633019
1.735802
1.837934
1.943203
0.079811
2.184380
2.283691
2.374938
2.472324
1.499739
2.692372
2.796812
2.882016
2.969804
3.122425
3.211106
3.302029
3.432312
4.002571
5.094099
-19.558111
-12.405003
-9.917420
-12.621970
-7.864503
-7.359906
-7.065646
-6.729545
-6.560190
-11.909807
-6.249487
-6.120694
-6.881080
-5.896605
-5.771069
-5.654575
-5.569760
-5.472121
-5.345113
-5.243672
-9.133852
-5.044903
-4.923406
-9.680268
-4.717397
-4.600444
-6.830781
-4.384698
-4.275819
-4.169341
-4.059846
-3.940499
-3.818146
-3.716793
-5.492946
-3.483899
-3.365481
-7.673534
-3.129874
-3.007051
-2.907389
-2.744182
-2.741838
-2.559556
-2.450971
-2.330423
-5.155208
-2.091087
-5.904329
-1.892075
-1.747209
-2.376076
-1.514662
-1.387876
-1.322627
-1.169638
-1.057643
-0.929037
-0.820845
-0.700238
-2.424774
-0.474940
-0.367044
-0.237379
-0.134536
-1.629575
0.077883
0.188742
0.297121
0.404567
0.539927
0.627536
0.734425
0.857782
0.182067
1.056221
1.185117
1.309559
1.426549
-1.453526
1.637937
1.773450
-2.039141
1.956550
2.064432
-1.790825
2.245975
2.373729
1.469522
2.590610
2.693547
2.788213
2.901175
2.948515
3.107883
3.218872
0.380457
3.436260
4.924195
0.931972
-19.331648
-12.398240
-13.379316
-8.630613
-7.861799
-7.390512
-7.004113
-6.757426
-6.546988
-6.392271
-10.200315
-6.318415
-5.996140
-6.000868
-5.792714
-5.640375
-5.560990
-5.464563
-5.340786
-5.230165
-5.131262
-5.021283
-7.744217
-4.813534
-9.133106
-4.592747
-4.487942
-5.190010
-4.277143
-4.154700
-4.046196
-3.937106
-3.817867
-3.710154
-3.586012
-3.468599
-4.675579
-3.243740
-3.145221
-3.016012
-2.890457
-4.615197
-2.626482
-2.550772
-2.440186
-2.322903
-2.205850
-2.086046
-1.966827
-1.839844
-2.172006
-1.617222
-1.506711
-1.388764
-1.288886
-1.995681
-1.032768
-0.919639
-4.700243
-0.695334
-0.593081
-4.572753
-0.363356
-0.253772
-1.352823
-0.012951
0.087773
0.200080
0.322761
0.406534
0.578654
0.648478
-1.980057
0.853247
0.970830
-3.106000
1.190239
1.327344
-1.207172
1.531281
1.634836
1.703045
1.826774
1.946291
-1.023005
2.141991
-0.768768
2.316321
2.488962
2.455310
2.689326
2.811757
2.904371
2.997180
3.117849
3.232437
3.334302
3.453383
2.669509
5.084140
-19.441410
-12.418430
-9.872396
-9.448187
-7.852524
-7.358409
-7.003224
-6.742065
-6.538538
-6.384737
-6.244044
-6.107286
-7.145824
-5.873758
-5.744287
-5.654875
-5.558490
-7.675940
-5.333010
-5.244519
-5.133018
-5.022799
-4.906077
-8.904469
-4.707228
-4.587176
-4.720505
-4.370019
-4.269671
-4.148176
-4.042610
-4.909950
-3.813253
-3.710572
-7.771931
-3.464392
-3.341295
-7.503350
-3.106887
-2.990422
-4.019863
-2.753109
-2.735875
-2.532953
-2.427038
-2.313791
-2.193658
-2.073766
-3.423939
-2.054975
-1.723645
-1.606266
-1.466939
-1.383006
-1.273559
-1.159652
-1.037740
-0.929802
-0.807444
-0.704569
-3.095239
-0.469995
-3.199565
-0.255097
-0.130396
-0.097809
0.083388
0.204138
0.310863
0.414607
0.536676
0.662056
0.760011
0.869134
-0.369840
1.094429
-2.337390
1.324530
1.415676
1.185660
1.635205
1.755938
1.841759
1.975101
2.060197
2.181566
2.295678
2.386290
2.028915
2.605657
2.743428
2.824796
2.891517
1.546625
3.134740
3.222710
3.322684
3.469038
4.927808
2.054965
-19.363792
-12.387094
-9.969809
-8.618428
-7.834328
-7.357024
-7.006824
-8.760188
-6.530752
-6.364424
-12.030833
-6.097110
-5.977821
-10.976968
-5.755981
-5.633057
-6.480955
-5.448888
-5.323345
-5.224066
-5.139257
-5.018286
-4.911325
-4.799049
-5.871440
-4.642446
-4.481955
-4.366001
-4.258334
-4.138449
-4.048552
-3.931335
-3.804087
-3.699779
-3.585001
-3.471707
-5.397182
-3.236521
-5.552976
-2.993971
-2.880590
-2.827401
-2.592564
-2.525193
-2.412988
-2.285692
-2.131708
-2.030408
-1.921468
-1.815256
-2.604815
-1.554561
-4.616100
-1.190313
-1.053558
-1.133766
-0.826373
-0.761397
-0.757079
-0.718297
-0.642067
-4.284246
-0.497665
-0.395703
-0.567652
-0.215644
-0.169957
-0.070942
0.031058
-0.945297
0.214947
0.290794
0.398994
0.440430
0.467842
-2.321417
0.427130
0.442316
0.407786
0.523951
0.710834
1.021433
1.211811
-0.254191
1.935437
2.297303
-1.766195
2.543247
2.939837
-0.440724
3.367919
3.685816
3.617457
4.262268
4.287246
4.347820
4.871395
4.121055
6.293061
7.022708
49.961452
-13.681715
-10.673113
-16.544987
-8.636042
-7.987655
-9.362645
-7.012561
-6.678584
-6.418929
-6.221757
-6.057153
-7.538554
-5.747769
-7.986495
-5.488714
-5.348076
-5.164605
-5.023537
-4.913917
-4.792717
-4.669136
-4.580689
-4.442793
-4.266011
-4.193814
-4.736925
-4.286783
-7.263492
-4.097416
-4.067705
-4.029435
-3.898340
-3.837634
-3.658678
-3.556859
-3.466660
-6.545310
-3.243101
-3.173366
-3.162411
-3.056643
-2.976188
-2.869353
-2.772782
-3.352779
-2.544013
-2.464944
-2.382710
-2.266198
-2.183993
-4.027506
-1.952593
-1.815787
-1.740074
-1.597713
-1.485117
-1.416849
-1.331375
-3.606143
-1.159468
-1.039865
-5.153245
-0.790611
-0.653370
-3.749597
-0.370860
-0.211357
-0.357471
0.017022
0.152560
0.276068
0.359147
-0.302435
0.638569
0.750871
-2.962079
0.969238
1.066257
-2.821449
1.255829
1.399333
0.209316
1.539075
1.657530
1.754207
1.907614
1.981485
1.085993
2.136887
0.508153
2.296474
2.368877
2.535910
2.695190
2.833608
2.862288
3.108807
4.637225
4.779797
-17.813858
-11.268813
-9.424705
-8.012071
-11.522152
-6.980886
-6.726213
-6.602442
-6.402515
-6.264908
-6.158407
-6.045371
-5.952515
-9.534439
-5.790767
-5.737227
-5.666903
-5.561388
-5.464627
-5.382102
-5.292956
-5.894390
-5.097486
-4.998099
-4.901219
-4.784379
-4.673735
-6.543357
-4.487156
-4.388056
-4.290854
-4.180048
-4.044182
-3.948270
-3.853608
-6.157676
-3.659271
-3.552294
-7.885478
-3.328271
-3.199878
-6.211316
-2.978866
-2.859627
-2.918477
-2.667889
-2.566607
-2.428881
-2.317598
-3.314127
-2.097379
-1.984378
-5.976626
-1.758058
-1.637075
-5.512887
-1.426419
-1.330803
-2.032630
-1.101539
-1.041018
-0.903070
-0.775995
-0.686519
-1.266476
-0.463525
-1.643830
-0.248130
-0.125750
-0.002704
0.108095
0.213859
0.332195
0.458093
0.565022
-2.740872
0.775729
0.887917
0.814086
1.086936
-0.983585
1.325403
1.413083
1.495075
1.623556
1.728020
1.852563
1.935736
2.042964
-0.221202
2.284562
2.353103
2.417508
2.569022
-0.711176
2.771898
2.874985
2.689242
4.484591
4.674312
-17.766798
-11.275248
-9.033881
-9.719140
-7.297749
-6.902379
-6.657665
-6.435151
-6.307931
-6.190104
-6.106784
-9.849165
-5.929170
-5.834977
-11.284411
-5.670390
-5.603699
-8.733399
-5.436961
-5.341091
-5.333815
-5.169160
-5.079989
-4.969767
-4.895190
-6.339919
-4.691948
-4.583174
-9.027186
-4.373873
-4.280569
-8.288627
-4.068813
-3.993501
-4.526563
-3.781378
-3.665394
-3.580496
-3.473818
-3.332656
-3.736229
-3.122909
-4.009698
-2.896196
-2.792269
-2.666215
-2.527456
-2.435452
-2.318445
-2.201879
-2.098513
-5.166099
-1.885254
-1.780202
-1.731987
-1.560188
-3.259218
-1.332100
-1.220002
-1.107905
-1.039762
-0.908152
-0.789519
-0.669239
-0.563977
-2.433638
-0.347446
-0.241177
-0.130900
-0.012689
-2.988822
0.208873
0.339326
0.251166
0.539244
0.645112
0.762219
0.882918
0.997832
0.240416
1.202909
1.308355
1.421238
1.516754
1.627791
1.700713
1.794001
-1.102619
2.027228
2.127892
-1.901333
2.306500
2.444030
0.241103
2.642474
2.768954
2.841599
3.003041
4.473676
4.623775
-17.732496
-19.098888
-9.012298
-7.952389
-14.334947
-6.933661
-6.652502
-12.029595
-6.334643
-6.213607
-6.797159
-6.029306
-5.936171
-10.704205
-5.801313
-10.739964
-5.920750
-5.544852
-6.476550
-5.356281
-5.271944
-5.176516
-5.076750
-4.987825
-4.887003
-4.795502
-4.700256
-7.626124
-4.492423
-4.404034
-4.309448
-4.209580
-6.054672
-3.987159
-3.884395
-3.789898
-3.683324
-3.572959
-3.459321
-3.361554
-3.241037
-4.760571
-3.026725
-2.909740
-2.808640
-2.691255
-5.929143
-2.462882
-2.339134
-2.499934
-2.123006
-2.014807
-6.035284
-1.788623
-1.661869
-2.767820
-1.461676
-1.357577
-1.226572
-1.131237
-1.020255
-0.939325
-0.810624
-3.415152
-0.579973
-0.468402
-4.589144
-0.243445
-0.153931
357.270294
0.076130
0.190554
0.231791
0.409735
0.523904
0.623269
0.733081
-0.379779
0.989185
1.066432
-2.912049
1.282455
1.386896
1.472918
1.606987
1.697906
1.820447
1.917916
1.998500
-1.195986
2.228227
2.318064
2.306572
2.524401
1.372770
2.726975
2.835479
2.970536
4.454381
4.612676
-17.685299
-11.281313
-9.033402
-11.515139
-7.329454
-6.926025
-6.654202
-6.509292
-9.627335
-6.229951
-6.137480
-6.061019
-5.961770
-5.879277
-5.777516
-5.730124
-5.644803
-7.085189
-5.463900
-5.376386
-5.290354
-5.192685
-9.272511
-5.009771
-4.916160
-8.968270
-4.721484
-4.611564
-9.120377
-4.402828
-4.316995
-5.882666
-4.111620
-4.016181
-3.905217
-3.808364
-3.701516
-3.588607
-3.485423
-5.899397
-3.261500
-3.139241
-7.451622
-2.933748
-2.822820
-5.812303
-2.578976
-2.476214
-2.524779
-2.234513
-2.129727
-2.011248
-1.900841
-2.837618
-1.697672
-1.564136
-1.844577
-1.350597
-1.233484
-1.128136
-1.028833
-0.936265
-0.798534
-0.722733
-0.617129
-3.610603
-0.410666
-0.303769
-0.303280
-0.064257
-1.301901
0.147032
0.245165
0.357607
0.467459
0.589801
0.664233
0.806720
0.901472
-0.901824
1.115796
1.233237
1.325151
1.426336
-1.045600
1.659220
1.752446
1.796496
1.971172
2.060389
2.208563
2.247856
2.357027
1.566699
2.579616
2.709511
2.783659
2.918360
4.399569
4.531643
-17.690477
-17.121794
-9.016068
-7.929084
-14.365710
-6.930233
-6.660820
-9.324348
-6.342628
-6.212992
-6.136325
-6.027708
-5.966545
-5.878663
-5.799189
-8.247677
-5.651742
-5.569997
-10.622531
-5.390258
-5.306381
-9.228788
-5.119150
-5.032249
-5.306349
-4.824174
-4.737106
-4.638848
-4.536507
-8.590309
-4.645281
-4.241183
-4.836083
-4.035790
-3.929605
-3.824323
-3.715374
-3.624503
-3.515295
-3.395934
-3.287659
-6.052002
-3.078163
-2.951725
-2.861800
-2.736409
-4.048075
-2.510235
-2.394028
-2.274156
-2.170244
-2.049914
-1.953310
-1.835588
-1.745566
-3.181306
-1.516086
-1.412423
-1.299928
-1.184977
-3.894234
-0.979910
-0.867601
-0.832262
-0.645010
-0.534955
-0.428889
-0.299780
-0.192057
-0.775034
-0.008537
0.132361
0.272663
0.334877
0.470888
0.554435
0.668549
-2.494775
0.912605
1.000329
-3.128634
1.237977
1.308799
-0.537248
1.533630
1.607440
1.739106
1.836439
1.946228
2.065518
2.168449
0.299989
2.366678
2.454371
-1.557860
2.688733
2.784758
-0.296821
4.419560
4.533658
-17.651531
-11.230510
-8.997066
-12.855850
-7.313252
-12.804113
-6.725482
-6.490093
-7.032887
-6.230047
-6.130820
-6.046300
-5.982281
-5.880111
-5.805424
-5.718399
-5.650257
-7.879568
-5.466072
-5.402744
-5.306135
-5.211353
-6.423255
-5.033009
-4.937747
-4.827902
-4.736293
-4.646709
-4.545949
-4.441642
-4.341726
-5.047499
-4.125899
-4.030585
-3.925236
-3.810194
-6.306236
-3.603667
-3.495972
-3.412374
-3.280058
-3.171130
-6.802509
-2.956752
-2.855769
-3.182065
-2.628331
-2.524101
-2.394875
-2.283335
-2.808627
-2.059114
-1.941904
-5.606153
-1.679286
-1.642574
-5.689660
-1.409527
-1.279438
-2.593621
-1.077737
-0.985087
-0.836128
-0.743087
-0.633139
-0.517224
-0.419614
-2.182303
-0.237943
-0.077385
0.035340
0.139314
0.253374
0.361856
0.454782
0.565144
0.668795
0.800505
0.891650
-0.943529
1.100346
-1.973278
1.329768
1.422142
1.314422
1.622979
1.765327
1.853617
1.955825
2.067936
2.181693
2.270519
2.366589
1.586636
2.594185
2.687422
2.795741
2.911647
3.624882
4.536834
-17.682240
-11.250454
-9.033553
-7.957621
-13.210247
-6.930205
-6.670663
-6.769140
-6.333578
-6.235183
-6.133962
-6.064605
-8.851575
-5.888546
-5.812917
-11.144841
-5.653959
-5.577961
-9.631937
-5.395326
-5.296614
-5.577199
-5.111756
-5.018049
-4.932409
-4.831214
-5.532221
-4.645341
-4.550931
-8.578242
-4.358576
-4.242315
-8.595651
-4.035692
-3.927706
-5.247663
-3.724991
-3.613998
-3.512511
-3.402788
-3.279351
-3.179853
-3.056580
-4.903424
-2.850455
-2.725556
-2.629991
-2.501889
-2.395545
-2.278732
-2.177941
-2.064285
-1.941187
-1.852506
-1.749363
-2.773066
-1.515061
-4.639142
-1.295926
-1.188761
-1.180245
-0.966687
-0.852247
-0.746488
-0.622621
-0.524218
-0.411527
-0.312157
-0.193328
-0.364157
0.045066
0.146636
0.245246
0.350354
-0.305787
0.579078
0.692838
0.799972
0.933178
0.997419
-1.523061
1.335772
1.425555
1.596366
1.830006
1.990006
2.165658
2.310830
0.488994
2.570501
2.703622
-1.545897
2.534557
2.606691
-0.473123
2.726470
2.798835
2.659264
4.441929
4.512484
-17.490215
-11.052188
-12.642830
-7.904714
-7.292025
-13.304521
-6.704172
-6.522386
-12.553524
-6.280276
-6.186875
-7.673121
-6.119964
-6.086137
-5.964725
-5.829998
-5.778801
-7.454153
-5.562258
-7.478620
-5.357208
-5.224710
-5.117173
-5.000212
-4.903884
-4.812701
-4.801406
-4.754844
-9.159400
-4.636596
-4.505890
-5.133836
-4.345190
-7.113943
-4.071252
-3.937803
-3.884698
-3.651810
-3.479156
-3.285661
-3.112756
-2.846013
-5.963720
-2.589008
-2.423780
-2.328121
-2.083664
-5.808124
-1.834779
-1.723977
-2.206710
-1.486601
-1.348476
-1.228124
-1.220789
-1.045315
-2.891344
-0.820068
-0.721562
-0.603905
-0.432312
-0.338173
-0.138547
-0.000467
-1.826578
0.762357
1.167804
-2.663231
1.696599
-358.084686
-0.917321
2.148797
2.254210
2.128471
2.514194
2.664089
2.827026
3.043744
2.256267
3.284386
3.418403
-0.235650
3.749390
3.898782
0.102145
4.176240
4.240356
3.193946
4.503895
4.587245
4.678516
4.787785
4.858830
4.371038
5.038785
3.594478
5.222515
5.295847
6.816151
7.038746
-19.338221
-12.428170
-9.866303
-8.535195
-12.901085
-7.216280
-6.797602
-6.631785
-6.284981
-9.677011
-5.912329
-5.738279
-5.645976
-5.451359
-5.293809
-5.136891
-5.053671
-4.918998
-7.254338
-4.630973
-4.497663
-4.353717
-4.205976
-8.331862
-3.949346
-3.831239
-4.341223
-3.574114
-3.448139
-7.906402
-3.187310
-3.063732
-4.706323
-2.789567
-2.645723
-2.494597
-2.347455
-2.200418
-2.063066
-1.922727
-4.263803
-1.593234
-1.603539
-5.778105
-1.265660
-1.130072
-4.173703
-0.877513
-0.736321
-0.793678
-0.493712
-0.365173
-0.220471
-0.087230
-1.029707
0.128330
0.215627
-3.762651
0.366214
0.440622
0.565387
0.716149
0.856953
0.978545
1.109542
1.232302
1.340403
1.466275
1.573929
-358.424561
1.838428
0.398984
2.045985
2.118840
2.209403
2.343152
2.522714
2.741248
2.931910
3.098167
0.810692
3.315557
3.418112
3.568666
3.713485
1.253042
3.940271
4.055062
4.134184
4.292877
4.429194
4.543975
4.679216
4.782790
3.492368
5.003109
5.097727
5.240072
6.750854
3.230765
-20.425177
-13.126544
-17.018099
-8.870913
-7.977011
-14.237361
-6.977571
-6.671755
-8.926017
-6.250373
-6.098130
-5.953798
-5.775757
-5.594472
-5.410210
-5.329956
-7.997319
-5.039725
-4.876070
-9.871805
-4.626371
-4.496012
-8.053904
-4.239228
-4.108923
-4.170014
-3.832099
-3.699641
-3.556762
-3.418691
-4.273406
-3.165538
-3.007284
-3.469655
-2.748504
-2.606872
-2.478027
-2.329847
-2.189172
-2.052088
-1.914850
-1.826690
-5.170927
-1.491697
-1.357574
-1.339239
-1.094817
-2.812922
-0.804267
-0.659451
-0.531073
-0.397862
-0.277188
-0.132159
-0.015069
0.121923
-2.013405
0.406224
0.534497
0.661524
0.783913
-1.929088
1.017066
1.132374
1.168610
1.387047
1.508631
1.634611
1.773931
-358.106140
0.948113
2.143907
2.280916
2.402307
2.536528
2.656822
2.772316
2.931906
-0.290068
3.167029
3.277169
-0.741371
3.490088
3.603131
1.837983
3.833488
3.973589
4.101801
4.233256
4.356767
4.506600
4.621033
2.649202
4.844609
4.964609
0.944398
5.193623
5.339512
3.608011
6.946859
-19.587318
-12.635657
-9.975518
-8.623701
-7.807431
-7.255800
-12.690784
-6.989372
-6.325457
-6.878211
-5.940394
-5.780818
-5.636018
-5.479479
-5.353314
-5.213120
-5.083720
-4.962896
-8.143301
-4.701519
-4.559729
-4.488325
-4.296999
-5.726263
-4.035720
-3.900729
-3.768832
-3.633305
-3.498337
-3.356761
-3.248056
-3.106601
-4.608760
-2.837268
-2.695642
-2.562677
-2.430219
-4.947575
-2.188520
-2.057449
-1.940951
-1.742262
-1.511966
-1.494907
-1.373720
-1.228699
-1.658369
-0.946784
-0.824874
-0.669997
-0.543354
-1.080594
-0.301962
-0.169896
-3.785477
0.101788
0.243727
-3.819942
0.510126
0.616786
-0.754683
0.873981
1.001275
1.130134
1.261801
1.402442
1.509805
1.642589
-0.720864
-358.088623
2.057377
-2.052740
2.305901
2.394752
-0.354172
2.653639
2.760841
2.777148
3.027997
3.126144
3.239944
3.377793
0.035829
3.537124
3.753565
3.473967
4.015848
4.101876
4.241596
4.352430
4.460695
4.543886
4.682290
4.837014
2.561195
5.025764
5.139726
5.277440
6.788571
5.903913
-19.431002
-12.501908
-9.898870
-8.596981
-7.768826
-7.228984
-6.826309
-6.540124
-7.602682
-6.086858
-5.927560
-5.760723
-5.615548
-8.743524
-5.339496
-5.169577
-5.122447
-4.947214
-4.792062
-4.670926
-4.544381
-4.404324
-4.762951
-4.152011
-4.026452
-3.888269
-3.758861
-4.301385
-3.482641
-3.343707
-7.233459
-3.082105
-2.940111
-7.299796
-2.684519
-2.552176
-4.057970
-2.283562
-2.166172
-2.018784
-1.871553
-1.731408
-1.677817
-1.459602
-3.892790
-1.190887
-1.040695
-5.264174
-0.803270
-0.683172
-3.599099
-0.443617
-0.338332
-0.245936
-0.033907
0.109246
-2.355625
0.389326
-3.017475
0.665362
0.786098
0.510957
1.028842
1.130380
1.246980
1.354877
1.462404
1.616416
1.752593
-358.096344
0.588777
2.141584
2.280110
2.385258
2.507910
1.574441
2.744053
2.879860
2.963492
3.083919
3.243127
3.397792
3.500183
3.639426
3.194159
3.849238
3.972769
4.068620
4.193518
1.866992
4.450737
4.541229
4.607670
4.764949
4.897229
1.546131
5.128531
5.308182
6.405383
6.953416
-19.380157
-12.503780
-9.905686
-10.671501
-7.745071
-7.205503
-12.744989
-6.525726
-6.280200
-12.188519
-5.923455
-5.759616
-7.677910
-5.471986
-5.322557
-5.227237
-5.077771
-4.958477
-4.794210
-4.675124
-7.200628
-4.521866
-4.296548
-4.168296
-4.033493
-3.901732
-3.772844
-3.644956
-3.502552
-3.368195
-3.251673
-3.112533
-5.298480
-2.845770
-6.477361
-2.582867
-2.451086
-2.720176
-2.181686
-2.050831
-1.916776
-1.787122
-1.719734
-1.518765
-1.388835
-1.247619
-2.210617
-0.965629
-0.832435
-0.701764
-0.563961
-1.588521
-0.320383
-0.190899
-0.062621
0.071694
0.212704
0.355981
0.470170
0.605790
0.387161
0.851564
0.994049
1.107143
1.233934
-1.245418
1.491787
1.611566
-2.396952
-358.115295
2.007421
-1.461778
2.231261
2.347173
1.993761
2.614447
2.733479
2.871254
3.005676
2.576013
3.219344
3.356893
-0.018689
3.580496
3.707871
-0.299275
3.946289
4.065553
2.498832
4.293793
4.393888
4.548975
4.646452
4.761527
4.894183
4.986313
2.719728
5.220366
6.731330
6.834472
-19.402437
-12.438266
-9.853764
-8.530619
-7.731971
-7.189711
-6.803421
-6.464698
-8.807664
-6.062147
-11.126516
-5.732890
-5.584935
-6.151051
-5.316984
-5.166172
-5.056963
-4.926638
-4.778798
-4.657744
-4.530328
-4.393672
-5.125663
-4.111867
-4.008725
-3.871988
-3.744866
-5.084305
-3.479979
-3.344632
-3.205632
-3.083533
-2.923942
-6.530559
-2.669124
-2.532163
-2.565140
-2.278044
-2.129374
-2.044588
-1.863490
-3.241102
-1.517349
-1.469957
-5.617474
-1.215005
-1.093588
-4.814489
-0.818508
-0.676745
-1.195179
-0.436726
-0.290514
-0.162943
-0.035068
0.096092
0.218619
0.366226
-2.924858
0.623575
0.731771
-3.342172
1.022053
1.135680
-0.678997
1.411991
1.522291
1.652616
1.749738
-358.116699
2.001096
2.142977
-0.369361
2.389206
2.535599
2.587591
2.783408
2.936441
3.042641
3.146484
3.260435
3.372111
3.481113
3.607420
2.298871
3.872686
0.341554
4.099424
4.217341
3.960971
4.463393
4.555969
4.690780
4.860974
4.918662
5.039930
5.145873
5.283560
6.367332
6.934606
-19.353205
-12.406067
-9.827631
-10.809649
-7.721999
-7.161612
-6.773573
-6.477136
-6.244553
-10.486457
-5.881886
-5.721859
-5.698214
-5.438190
-5.294390
-5.163337
-5.030803
-6.433286
-4.767801
-4.649497
-9.347694
-4.390003
-4.253668
-8.620479
-3.998804
-3.872074
-4.660265
-3.609823
-3.474367
-3.341653
-3.215166
-3.088271
-2.945519
-2.822199
-4.128417
-2.610653
-2.420688
-2.287497
-2.151705
-2.034510
-1.880238
-1.742057
-1.659997
-1.485509
-1.345669
-1.234136
-3.187109
-0.965205
-3.716722
-0.672961
-0.559200
-0.526809
-0.299421
-0.175988
-0.091895
0.087895
0.215764
0.344342
0.472246
0.615652
-0.172492
0.833751
-2.634968
1.116555
1.242909
0.899275
1.500940
1.625063
1.770393
-358.113220
1.988160
2.136475
2.245618
2.366981
2.274331
2.633968
2.721335
2.866760
2.990595
1.611672
3.238619
3.344544
3.480390
3.591014
3.707625
1.063539
3.944288
4.051470
4.099302
4.302201
4.439405
4.532760
4.639895
3.510550
4.914892
4.987099
1.129756
5.233938
6.722762
3.084210
-19.314150
-12.362218
-10.763737
-8.508066
-7.695347
-7.148020
-6.776674
-6.479329
-6.244553
-6.066170
-7.638380
-5.790673
-5.682785
-5.525487
-5.425304
-5.317286
-5.157029
-5.038435
-4.861200
-4.739071
-4.616764
-4.504601
-5.911483
-4.248688
-7.054867
-3.876320
-3.747061
-3.652821
-3.442576
-3.301847
-3.153406
-3.017181
-2.885609
-2.763326
-2.644986
-2.521584
-3.030074
-2.246215
-5.717751
-2.027420
-1.853706
-2.081401
-1.696491
-1.608193
-1.525835
-1.376600
-1.346147
-4.729746
-1.120942
-0.938129
-1.009064
-0.824995
-0.895355
-0.830143
-0.804789
-2.353283
-1.105058
-1.188721
-1.246667
-1.222188
-1.130576
-3.984961
-0.984862
-0.940301
-1.051393
-0.765993
-0.329865
0.254203
0.714937
-0.509490
0.923019
0.783046
-3.403208
0.783292
0.847942
-2.942035
0.761618
0.708925
0.178715
1.233211
1.308694
1.327029
1.537815
1.703519
1.802398
1.930037
1.230633
2.323411
2.346546
2.409958
2.579674
2.664614
2.773443
2.982516
3.069348
3.186838
3.277331
3.389391
3.645966
4.881011
77.103096
-11.233803
-9.022461
-7.995255
-7.303021
-6.879962
-6.533677
-6.378419
-6.205601
-6.087877
-5.987134
-5.907490
-6.302535
-5.713174
-9.815565
-5.536495
-5.468315
-5.698101
-5.345365
-5.302869
-5.200018
-5.100827
-5.005750
-8.136191
-4.683779
-4.580964
-4.535206
-4.467941
-4.288887
-4.107224
-4.016801
-6.655573
-3.818089
-3.769515
-8.180487
-3.506903
-3.353343
-6.220360
-3.166378
-3.106109
-3.088898
-2.858246
-2.766057
-2.672220
-2.546108
-3.802444
-2.238792
-2.152292
-6.240982
-1.895866
-1.759995
-5.527567
-1.497306
-1.351027
-1.909422
-1.158491
-1.037945
-0.899476
-0.763663
-0.688163
-0.616741
-0.540073
-1.462443
-0.287035
-0.258531
-0.104298
0.034853
0.158580
0.251208
0.356155
0.511937
0.589014
0.700683
0.842045
0.398078
1.159699
-1.257946
1.369405
1.487215
1.678430
1.687237
1.826466
1.857687
1.969759
2.053052
-1.011145
2.294974
2.368278
2.419403
2.605329
-0.600660
2.853995
2.884898
2.644653
3.088138
3.190445
3.310075
3.450084
5.054112
3.197352
-18.275196
-11.569684
-9.243869
-8.112461
-7.428847
-6.981445
-6.698885
-11.222192
-6.352115
-6.210724
-12.153641
-5.994813
-5.893509
-9.070704
-5.721529
-5.613778
-5.575815
-5.437163
-5.335001
-5.237720
-5.151585
-6.826931
-4.937170
-4.824730
-9.443721
-4.607980
-4.503790
-8.518714
-4.315751
-4.207200
-4.675456
-4.013526
-3.895533
-3.787432
-3.679456
-3.562552
-3.458819
-3.341357
-4.335723
-3.089143
-2.943616
-2.855992
-2.757841
-2.630433
-2.528275
-2.436455
-2.322796
-2.201190
-2.087011
-1.956483
-2.313541
-1.710891
-3.973086
-1.484031
-1.333295
-1.281694
-1.132051
-1.041025
-0.934527
-0.808592
-0.704440
-3.498542
-0.479537
-0.345201
-0.266536
-0.130061
-3.534317
0.075798
0.219912
-0.056553
0.439455
0.540137
0.651602
0.766558
0.890480
-0.762563
1.123058
1.248565
1.341486
1.472090
1.561398
1.685272
1.774891
-0.777520
2.025117
2.147695
-1.912798
2.285230
2.394432
-0.111557
2.633114
2.729631
2.765076
2.957046
3.071110
3.161444
3.279039
2.104810
4.903104
5.068732
77.842278
-11.510110
-9.187082
-14.330763
-7.425623
-7.000788
-7.681285
-6.533054
-6.357531
-6.232458
-6.108799
-6.019368
-6.958151
-5.822491
-7.317205
-5.661972
-5.538481
-5.453116
-5.340519
-5.256028
-5.166892
-5.053045
-4.956384
-9.061654
-4.756136
-4.642493
-4.733284
-4.443214
-6.702463
-4.223638
-4.098767
-4.037300
-3.907819
-3.815535
-3.688693
-3.571855
-3.453911
-5.959987
-3.268653
-3.182494
-3.049600
-2.888805
-6.352242
-2.667733
-2.576318
-2.805305
-2.336334
-2.236154
-2.103281
-1.991830
-1.868513
-3.111735
-1.652638
-1.538044
-1.443029
-1.330393
-1.212934
-1.081979
-0.965932
-3.681630
-0.676150
-0.577776
-4.752791
-0.440004
-0.354727
-2.837863
-0.135984
-0.017871
0.039185
0.224550
0.369992
0.457164
0.598572
-0.714213
0.842040
0.955626
-3.028031
1.202174
1.293743
-2.230214
1.450831
1.593953
1.117977
1.822992
1.903075
2.009848
2.147647
2.212140
1.856951
2.496401
1.456443
2.707466
2.821521
2.872105
2.988608
3.107171
3.196352
3.355179
4.838114
1.908615
-18.122801
-11.531503
-9.310163
-8.087011
-10.623476
-6.984833
-6.703366
-6.481691
-6.350312
-6.206326
-6.104462
-6.011718
-5.913023
-8.540018
-5.709542
-5.630481
-5.555120
-5.467398
-9.495638
-5.267031
-5.169248
-5.435227
-4.971565
-4.888175
-4.770200
-4.652069
-4.560010
-5.643150
-4.321312
-4.217070
-4.097240
-4.024424
-3.895962
-3.812590
-3.681696
-6.697312
-3.457617
-3.341426
-7.690060
-3.116026
-2.991534
-5.496367
-2.765217
-2.659748
-2.587192
-2.443852
-2.325139
-2.197276
-2.095747
-3.541183
-1.850686
-1.740083
-5.853020
-1.499092
-1.402376
-4.988916
-1.145985
-1.044140
-1.469385
-0.808961
-0.688786
-0.577065
-0.472188
-0.358042
-0.586571
-0.133709
-1.040273
0.104335
0.206703
0.336347
0.524997
0.574329
0.671601
0.776325
0.898267
-1.911837
1.149258
1.268345
1.333522
1.492718
-0.320524
1.734368
1.808974
1.931415
2.054651
2.138645
2.268221
2.366523
2.475063
0.875016
2.699749
2.775455
2.900656
3.002576
-0.081371
3.239929
3.341364
3.260334
4.933532
5.112475
-18.305454
-11.620896
-9.286311
-9.415416
-7.476099
-7.035185
-6.736219
-6.520214
-6.364279
-6.229063
-6.117706
-10.329526
-5.917599
-5.819615
-11.243868
-5.648226
-5.551141
-8.262230
-5.348831
-5.242483
-5.179138
-5.052087
-4.954912
-4.869342
-4.752064
-6.567019
-4.537584
-4.442567
-8.962120
-4.201466
-4.116350
-7.862339
-3.891502
-3.775997
-4.140808
-3.552518
-3.432792
-7.055194
-3.207062
-3.103090
-3.169333
-2.866340
-3.761141
-2.650404
-2.543841
-2.409947
-2.302340
-2.168576
-2.059171
-1.939866
-1.817061
-4.285490
-1.602416
-1.460754
-1.370233
-1.242598
-3.031855
-0.993214
-0.888273
-0.786176
-0.658241
-0.560618
-0.439103
-0.333221
-0.233013
-1.499528
-0.004284
0.115550
0.233682
0.354024
-2.816400
0.560464
0.688553
0.546394
0.919563
1.022057
-2.790313
1.284205
1.407630
0.536464
1.598376
1.719983
1.827661
1.923123
2.043668
2.133276
2.285043
-0.544825
2.467058
2.553303
-1.481324
2.784627
2.906304
0.600425
3.112139
3.222765
3.305799
3.464243
4.949549
5.077836
-18.286959
-19.370634
-9.302417
-8.144003
-14.474871
-7.009995
-6.719048
-12.070986
-6.355688
-6.222110
-6.113089
-6.015188
-5.905660
-10.204480
-5.718798
-5.633333
-5.661565
-5.453529
-6.578184
-5.250198
-5.146319
-5.053532
-4.955347
-4.853509
-4.758974
-4.640368
-4.547467
-6.901279
-4.332037
-4.223715
-4.114020
-4.011194
-5.938928
-3.793100
-3.672168
-3.573241
-3.456575
-3.329227
-3.232767
-3.124987
-2.990447
-4.045654
-2.772198
-2.651190
-2.547420
-2.426360
-5.682963
-2.192584
-2.070345
-2.207131
-1.842244
-1.713985
-5.689826
-1.495506
-1.381845
-2.304051
-1.148539
-1.028471
-0.910498
-0.793826
-0.652094
-0.571847
-0.456820
-3.290133
-0.221033
-0.112754
-4.225683
0.106657
0.236032
357.914154
0.472418
0.564316
0.662571
0.781161
0.896436
1.007522
1.137005
-0.297039
1.387440
1.472090
-2.582287
1.692144
1.799945
1.921538
2.033819
2.127327
2.206326
2.360096
2.456341
-0.323846
2.683377
2.771998
2.864606
3.013798
2.120183
3.212028
3.310977
3.452399
4.921887
5.079834
-18.305454
-11.614148
-9.305763
-10.878688
-7.464623
-7.042849
-6.742851
-6.534270
-9.121018
-6.233551
-6.111948
-6.007265
-5.911849
-5.812901
-5.742996
-5.645364
-5.541531
-6.436499
-5.342169
-5.246947
-5.155246
-5.061170
-8.786896
-4.845361
-4.752550
-9.119959
-4.549140
-4.437627
-8.755826
-4.213054
-4.119153
-5.077740
-3.890553
-3.797466
-3.677103
-3.559345
-3.449198
-3.340647
-3.233498
-6.304561
-2.979068
-2.877685
-7.166783
-2.652959
-2.539326
-4.825716
-2.299819
-2.193021
-2.088200
-1.945139
-1.840516
-1.717257
-1.594916
-3.166819
-1.365370
-1.277719
-5.358654
-1.042487
-0.913217
-0.797691
-0.695028
-0.576205
-0.448897
-0.349599
-0.231811
-2.659076
-0.006428
0.104103
0.222781
0.336033
-0.460135
0.558059
0.676327
0.779741
0.900247
0.958850
1.115216
1.235752
1.370187
0.127991
1.576793
1.692622
1.753267
1.903438
0.176991
2.123796
2.250797
2.335931
2.462816
2.566431
2.668555
2.764929
2.870398
2.483126
3.103498
3.186900
3.313237
3.420134
3.861322
5.055396
-18.310850
-18.322077
-9.283319
-8.136559
-14.067859
-7.035254
-6.737919
-7.887093
-6.366301
-6.220505
-6.106457
-6.014915
-5.909068
-5.820544
-5.715854
-9.532142
-5.548378
-5.448584
-10.524673
-5.251489
-5.161164
-7.848655
-4.959325
-4.863992
-4.784969
-4.650619
-4.546926
-4.441947
-4.327052
-5.988565
-4.118398
-4.020244
-4.101161
-3.805426
-3.684189
-3.576663
-3.461226
-3.356602
-3.249969
-3.131083
-3.008612
-5.286563
-2.782423
-2.667022
-2.556928
-2.444617
