640.919434
607.976257
595.940125
584.854614
577.875122
572.211975
567.105774
562.665710
566.701172
554.815796
551.202087
547.579468
544.192871
555.726990
538.146484
535.529175
533.388062
530.588928
528.379456
533.617004
524.067505
521.982666
520.653931
518.549072
516.581116
514.875000
513.276001
514.127075
510.368195
508.905396
507.359680
506.097046
504.663300
503.173859
501.920319
500.635651
500.233398
498.417206
497.404724
496.569427
495.568909
494.930389
493.549683
492.782593
491.970398
491.206116
490.458649
489.721100
488.890289
488.132629
487.323395
486.819916
486.271423
485.546600
484.775879
483.870331
483.333893
482.613983
482.175201
481.601471
481.132446
480.767609
480.073181
479.572876
479.310486
478.818207
477.412811
477.912018
477.758942
477.187958
476.603668
476.543640
476.009521
475.535126
475.098572
474.362671
474.258087
473.864838
473.591919
473.422760
472.260834
471.592407
472.428070
472.384918
472.133118
471.865784
471.633759
471.423248
471.240814
470.947357
470.815765
470.642303
470.397156
470.127167
469.201660
466.995758
469.104858
469.162201
467.921204
468.127106
640.370972
608.153931
593.632813
584.387878
577.508911
571.714722
566.702271
562.248840
563.701050
554.477966
550.934753
547.534363
555.882690
541.509705
538.704163
535.884460
533.467346
530.865112
528.369385
532.713501
523.940369
521.821960
520.229736
518.212341
516.535339
514.752319
516.371277
511.607666
510.254547
509.138794
507.311493
506.097046
504.759430
504.751495
502.364044
501.060089
500.048187
499.040100
497.775635
496.805298
495.543274
494.409241
493.560272
492.933197
491.704041
491.002289
490.228333
489.563354
488.555756
487.977386
487.308197
486.612427
485.978912
485.401215
484.678009
484.099335
483.605560
482.326874
482.487946
482.005005
481.475281
480.756653
480.222107
479.655731
479.202179
478.713806
478.347443
477.924072
477.532715
477.068420
476.656372
476.357819
474.722870
475.716858
474.996735
475.068573
474.822937
474.493011
474.322479
473.860687
473.671112
473.275055
473.031494
472.592926
472.366974
471.590271
470.353088
471.021027
469.154724
470.569061
470.346741
470.193359
470.115753
469.949066
469.881317
469.673096
469.533386
469.317505
468.675995
468.468079
316.251007
607.669678
593.616943
584.388550
577.444458
585.636841
566.881592
562.075134
557.701782
553.997314
550.278870
546.826843
543.886353
541.021301
540.059021
535.556824
533.109924
530.647949
528.443298
531.369568
524.305847
522.322815
520.376404
518.784180
516.848145
518.857239
513.562805
511.901093
510.620392
508.558136
506.952148
505.736237
504.349518
503.123383
502.086212
500.788452
500.628510
498.607605
497.425323
497.276245
495.576996
494.584381
494.124847
492.732269
491.965637
490.972443
490.266815
489.409271
488.596527
487.797729
486.554352
485.979004
485.375885
483.702332
483.828857
483.364563
482.223511
482.226959
481.754272
481.071808
480.539520
480.172302
479.244995
479.250854
477.764191
478.465607
478.143280
477.638947
477.375641
476.912872
476.311493
476.206757
475.609985
475.164886
474.671661
474.398743
473.449341
473.582245
473.346039
473.094482
472.853180
471.975250
472.278381
471.962952
471.925751
471.552734
471.624542
471.342896
471.117767
471.030273
470.458191
470.557709
470.291321
469.964996
469.777985
467.549713
469.022949
468.988251
465.039612
468.038544
638.630737
1004.538025
593.028687
584.212463
594.187073
571.561707
566.676270
562.220093
558.181580
554.476318
550.951477
547.516479
560.555298
541.578735
538.550964
549.235046
532.932556
530.453918
533.104431
525.771973
523.845520
521.852600
519.911011
518.053833
516.248108
514.665955
515.242310
511.437408
510.128540
511.306274
507.280151
505.919067
504.659210
503.435852
502.282410
501.100006
499.898773
498.699341
498.381073
496.375702
495.390656
494.322418
493.391846
492.798004
491.787231
490.935242
490.107452
489.331085
488.626801
488.011047
487.261993
486.580872
485.957123
485.291138
484.774872
484.155792
483.408569
482.596893
482.161255
481.397705
480.675171
480.118927
479.621246
479.251831
478.851044
478.366089
477.824890
477.473267
477.114655
476.682709
476.232422
475.279175
475.563690
475.243225
472.837769
474.463257
474.154785
471.777222
473.037201
472.904053
472.300964
472.227325
471.899750
471.678925
471.395874
471.026917
471.068695
470.706085
468.582916
470.376282
469.939148
467.187683
469.793610
469.611481
468.052094
469.463257
469.163727
469.208557
468.545227
468.269073
639.134949
607.147278
678.701843
583.512268
576.501892
574.516357
566.122864
561.855652
557.702209
553.956604
550.454041
547.167175
544.052124
541.265503
547.764465
535.742981
533.359863
530.928284
528.700134
528.093811
524.436157
522.368774
520.337708
518.551758
516.391907
514.647278
512.899170
511.281952
511.264008
508.474640
507.088593
505.766357
504.352539
504.386261
502.069550
500.898041
499.877594
498.711060
497.612701
496.432159
495.740112
494.797241
493.773651
492.775696
491.757141
490.708496
490.102081
489.446686
488.157379
487.481506
486.198273
486.140839
485.458466
484.135986
484.031250
483.525360
483.038513
482.390869
481.879883
481.350220
480.958862
480.411163
479.871429
479.391144
477.921753
478.505676
477.999603
475.531036
476.837616
476.373169
474.854279
475.626007
475.244690
474.906830
474.576202
474.186188
473.988983
473.677002
471.791504
473.147278
472.982849
472.338226
472.415192
472.227936
472.030121
471.730713
471.849213
471.206238
470.865540
470.521820
468.921356
469.808289
469.861053
469.225586
469.476593
468.759216
469.046661
469.010986
468.172974
468.148926
637.854065
607.157288
593.103210
584.109680
605.341431
571.661682
566.776611
562.253540
558.064575
575.390625
550.401123
546.920532
544.013184
540.667786
537.921753
535.295471
532.816345
530.217529
529.219604
525.858093
523.779724
521.645813
519.715576
518.027588
516.204712
514.638367
516.106140
511.331482
509.986847
511.178314
507.163757
505.610992
505.224091
502.719482
501.657562
500.485657
499.514801
498.661469
497.678589
496.659973
496.143829
494.672180
493.843475
493.047180
492.176575
491.296722
490.636383
489.701385
488.923248
488.160645
487.320557
486.364502
485.370148
484.893738
483.339600
483.700562
483.082611
482.592987
481.965485
481.332703
480.866760
480.547455
479.932739
479.330231
479.042206
478.563629
477.553162
477.682861
477.528046
476.660034
475.859253
475.249908
475.135712
474.699280
474.376038
474.105164
473.787872
473.459900
473.134369
472.713013
472.132446
472.224640
472.141022
471.835571
471.692963
470.091827
471.348389
470.960358
470.628021
470.249207
469.860840
469.420288
469.309723
469.035767
468.372803
468.559845
468.239563
468.210358
467.273163
467.103027
636.987366
606.025391
793.076599
582.922241
576.350647
649.270569
565.740906
561.530579
573.654663
554.156616
550.744202
547.150696
543.944275
541.060486
538.292297
535.731506
540.101990
530.891846
528.577332
534.552673
524.419739
522.332581
525.128723
518.752747
516.830688
515.456848
513.561768
512.007141
513.039124
508.906555
509.417847
505.789093
504.415558
503.550720
502.051025
500.796326
499.697540
498.522614
497.520721
496.624695
495.643311
494.629761
493.998138
492.788849
491.960510
491.300598
490.420227
489.427094
488.273682
487.500214
486.472412
485.733093
485.201233
484.459595
483.833740
483.184143
482.598572
482.185638
481.583466
481.012482
480.602539
479.547821
479.770966
479.168976
478.679382
478.131531
477.403320
476.860962
476.369080
476.075134
475.297119
475.345642
474.743927
474.389130
474.008026
473.672607
473.473358
473.083984
470.771423
472.428711
472.301056
469.742188
471.644440
471.431702
470.463379
470.717804
470.284119
469.985535
469.811035
469.474640
469.175293
469.044647
467.153656
468.720764
468.563873
465.572296
468.237732
468.036438
465.440430
467.147736
636.976196
611.216309
591.749512
582.706055
645.194458
569.790527
617.372375
560.642761
556.147827
556.155945
548.956482
545.632690
542.612366
539.561890
536.918518
534.331421
531.739990
529.281128
531.243347
524.884033
522.849976
520.723389
518.835449
518.985107
514.955139
513.387756
511.735107
510.282684
509.124725
507.864288
506.458435
505.314056
504.628357
503.073639
502.051666
500.955658
500.056030
499.902130
498.171936
497.331726
496.178192
494.895477
494.035767
493.530334
492.627441
491.894684
491.435974
490.511017
489.790009
489.157104
488.458618
487.837738
487.150696
486.307220
484.668732
484.877441
483.981079
482.129578
482.773285
482.173889
481.281769
481.120819
480.474548
479.956207
479.337341
478.687347
478.334442
477.897888
476.508270
477.040466
476.955505
474.299194
475.574921
475.083282
474.812286
474.223083
473.946777
473.711334
473.417847
473.093475
471.908630
472.599762
470.293945
472.101685
471.982758
471.326355
471.593292
471.163086
470.858368
470.472748
470.067078
469.526886
469.611694
469.055084
468.561615
469.111450
468.839996
468.659515
467.586334
466.967133
637.121704
606.069946
592.202209
583.148621
576.436279
570.779602
565.989014
561.335571
561.406494
553.255554
549.725159
546.312683
543.197754
552.503235
537.600342
534.954773
543.802734
529.985596
527.761780
533.273987
523.732361
521.743042
521.244934
518.450256
516.481567
514.797791
512.890442
511.427338
510.150604
508.531860
509.062317
505.764069
504.592133
504.838379
502.091980
500.721558
500.207520
496.962982
494.768494
491.984161
489.083893
486.241241
483.378693
480.404724
478.525055
476.495728
474.227600
471.948761
469.782227
467.336182
464.421082
460.687958
458.201813
455.943756
455.056641
453.578827
452.415466
451.605774
450.151367
450.136932
450.321777
449.034149
448.601227
450.055603
449.893555
450.077087
449.597656
449.685059
447.657257
447.405884
447.346436
448.022186
448.757660
449.836365
450.985992
451.538116
452.780670
453.441833
453.887512
454.571198
456.252960
456.182800
455.071838
453.916138
453.130463
452.589294
451.427734
450.424072
450.329529
450.192627
450.247711
449.395569
446.011536
449.111298
449.399750
446.499481
448.565155
448.252625
446.503387
445.910522
609.942932
575.800720
560.900696
551.363525
543.858887
538.546692
575.596313
530.430908
526.489502
554.738037
519.660583
516.522278
526.353943
510.978455
508.884766
506.240204
503.388641
501.441467
507.054962
498.341736
502.085602
495.625732
494.669128
493.964966
493.045227
492.078064
491.918732
490.193085
490.346558
490.108002
487.919128
486.296021
486.416595
482.749603
480.566040
479.436584
478.745453
478.427185
477.031128
476.194641
475.734100
474.829895
473.432831
473.369263
472.505432
471.713379
471.846436
470.989807
470.412415
465.591370
464.116943
463.142487
460.728455
457.140533
457.946808
456.722748
456.046692
452.041748
450.033966
449.634705
450.011353
449.876038
449.941406
449.406189
449.083984
448.870392
448.967468
449.327057
447.921143
450.290161
451.757843
451.402679
453.236450
452.414032
451.146545
451.277191
448.922729
443.882782
439.001007
435.950073
435.067841
434.531525
432.720062
432.582336
432.040527
428.586090
430.697754
429.483215
426.326080
427.614563
425.656036
424.888641
424.604370
424.118866
421.433014
422.294067
419.455780
419.109314
417.103302
419.558441
620.729980
584.037537
567.483093
557.716370
549.324707
541.976685
535.562744
529.959473
545.274475
520.793091
516.490173
512.014282
508.124542
508.937103
501.227661
499.305786
497.259979
495.038422
494.879791
490.960358
487.713013
486.515503
483.572815
477.554291
474.727753
472.069672
469.449249
469.294678
465.022278
462.542542
460.339233
458.265808
456.398560
456.318268
453.361908
451.693573
450.076324
448.071106
446.497650
445.390533
444.725708
444.863464
442.663574
440.660583
439.318420
438.130798
437.410889
436.718628
436.655121
436.622040
435.630280
435.158722
435.641724
439.891205
442.071472
439.904144
437.682404
437.708435
436.512573
433.360931
432.044891
431.005890
430.770447
437.513336
436.590057
432.046600
429.660370
428.699371
427.904297
426.052185
423.590454
423.740814
421.544220
421.923218
421.146088
420.274811
419.727692
418.899445
418.148560
417.083923
416.609467
416.095490
415.663330
415.158234
413.875397
413.840424
413.916687
413.776062
414.386292
413.863678
413.324371
412.478363
412.004028
411.534424
411.339264
411.203217
410.615265
410.341064
409.096313
408.974396
624.081055
586.183105
568.539978
618.174500
547.881775
539.728821
532.684326
526.397522
520.666260
542.464661
510.404175
505.702332
503.705750
497.241455
493.330322
489.541901
486.204102
486.610260
479.489716
476.526459
479.444916
470.396057
467.924469
470.635620
463.247681
460.610138
460.013367
456.595673
454.815369
452.868134
450.856934
448.895355
447.115234
445.166138
444.440674
442.108826
440.584625
439.128418
437.866699
436.401611
435.108002
433.385345
433.259125
431.522705
430.447723
429.362915
428.505524
426.973267
426.003052
425.101532
424.313904
423.430328
422.651245
421.699371
420.872589
420.067444
419.166748
418.310181
417.675720
416.787781
415.741119
415.260681
413.479614
414.119354
413.614105
412.825623
412.383850
411.749390
411.296387
410.880829
410.405945
409.914215
409.368134
408.806549
408.282043
407.651947
407.731903
407.349609
406.953552
405.900818
406.382446
406.137817
405.795807
405.587555
405.331207
403.222961
404.711243
404.300446
403.956604
403.838287
403.851654
403.360626
403.278595
402.820526
402.929108
402.697357
400.336670
402.636749
401.861694
399.167847
622.244934
581.781006
631.104614
549.381836
539.155945
530.392090
522.530640
515.225037
508.944214
503.273834
509.480042
493.665283
488.671082
484.350464
480.560516
476.739777
473.310791
470.040863
466.908630
464.185699
461.540955
458.909576
459.706268
454.054016
455.540222
449.953003
447.892609
446.245789
444.246368
442.188416
440.192993
438.763306
437.235138
435.785583
434.480743
433.088318
432.286194
430.616089
429.555908
428.238647
427.149475
426.695160
424.714111
424.197784
423.162323
422.409424
421.731873
420.611115
419.906952
419.112488
418.278168
417.321228
416.411316
415.672363
415.092133
414.433075
413.976288
413.295746
411.668396
412.217743
411.643555
410.417969
410.736786
410.141388
409.829834
409.369232
409.053314
408.593292
408.326569
407.898346
407.761566
407.121155
404.998444
406.159973
405.700684
403.541168
404.901367
404.988403
404.385101
404.525085
404.304169
404.110870
403.908661
403.704590
403.544800
403.348114
402.920837
403.091705
402.921967
402.700165
402.423737
402.148468
402.259552
402.028381
401.678406
401.608276
401.357513
401.277954
399.522034
400.454193
120.170883
580.496338
560.392151
551.475342
535.810303
526.592834
518.469788
511.347046
504.756134
498.873474
493.324585
488.020569
488.171448
479.383331
475.594269
471.903046
468.597046
467.063904
462.485443
459.593658
457.007385
454.519867
452.140808
454.343872
447.824860
445.963196
444.300629
442.039703
440.146667
438.559448
436.983337
436.779388
434.051544
432.886566
432.926514
430.136963
428.892395
428.549683
426.462830
425.203644
424.231842
422.353455
422.033752
420.912872
420.012451
419.581451
418.053192
417.100281
415.953583
415.563171
414.923950
413.845093
414.069611
413.269806
412.949188
412.158997
411.630829
411.134827
410.571198
409.794373
409.035614
408.706543
408.118988
408.256409
408.074707
407.362854
406.753174
406.249084
405.884308
405.784882
405.554871
405.328583
404.835785
404.482758
403.773987
404.161041
402.750275
404.290466
404.243500
403.248718
402.525940
401.650970
401.402313
401.217499
401.024200
400.613586
400.524933
400.410126
400.079529
400.013336
399.628998
399.669250
399.415161
399.206390
399.575287
399.913574
399.879700
400.056549
399.565643
397.375519
622.217957
579.504517
565.803223
544.226868
532.873657
523.161499
515.022156
528.222168
501.690216
496.166656
516.713196
486.246552
481.859375
491.939117
473.259949
469.628967
467.660492
462.873688
460.015045
457.383392
454.829895
455.069580
450.293213
447.979889
449.482269
443.999146
442.381378
443.910004
439.391327
437.720520
437.208221
434.474457
432.985443
431.513397
430.442749
429.271881
429.102478
426.999084
426.397797
424.700134
423.509338
422.324982
420.788757
420.379211
419.585297
418.717834
417.604462
416.679047
415.939484
415.176147
414.731720
414.042358
413.210419
412.850952
412.231812
411.418121
410.926056
410.105682
409.491333
408.686066
408.334167
406.886292
407.220490
407.023773
406.529724
406.150421
405.798645
405.415070
405.137207
404.613647
404.368134
404.258484
403.802551
403.509369
403.242584
401.934021
402.661224
402.193848
401.736023
401.505554
401.281708
401.285980
400.835052
399.874237
400.673950
400.361206
398.068512
400.392334
400.249176
398.075287
399.866547
399.375519
399.384644
399.561798
399.285858
399.160767
399.027161
398.516724
397.808929
397.679138
103.337875
577.067566
556.083618
677.341187
528.882568
519.229309
531.624023
503.188049
496.560638
490.739655
485.549988
480.462067
484.539673
472.266998
474.748993
464.874054
461.673889
458.477356
455.479187
452.920227
450.568787
448.211426
446.174713
444.167877
442.105652
440.318207
439.700745
436.993774
437.595032
433.952911
432.560791
431.198547
429.863953
428.540588
427.425568
426.086182
424.791534
424.562958
422.538513
421.644928
420.828339
419.890686
419.737488
417.931702
417.186371
416.551575
415.744659
415.062958
414.404816
413.640350
412.980255
412.302246
411.773560
411.002899
410.366974
409.539948
408.979797
408.499603
408.097717
407.233734
407.138184
406.698669
405.118744
406.024078
405.662323
404.363007
404.849457
404.580414
404.300476
403.917816
403.109070
403.074524
402.587646
401.928864
401.922028
401.740204
399.645142
401.299591
401.067963
398.809326
400.614777
400.372101
399.962494
399.949463
399.934540
399.626251
399.625092
399.391724
398.767334
399.037415
398.419098
398.312958
398.333282
398.258270
398.118500
398.148010
397.962799
397.964630
397.166748
394.747040
618.862915
576.588013
568.942444
539.160156
572.802063
516.909607
508.301941
500.970856
494.157318
488.226624
482.807739
477.639465
473.006531
480.779602
465.447021
462.316010
459.102264
456.123230
460.376556
450.802765
448.383545
446.711578
444.030670
441.949951
440.125183
438.295135
436.600067
436.654327
433.559418
431.927094
430.506104
429.007660
427.477844
426.271759
425.168243
424.920258
423.034332
422.005127
421.703735
420.317322
419.261047
418.672058
417.486237
416.754456
416.063660
415.288208
414.591736
413.719330
412.974182
412.756012
411.844147
411.063812
409.479797
409.201691
408.941681
407.935791
408.214417
407.607971
407.020416
406.354340
405.976868
405.764740
405.387634
404.993195
404.556213
404.149384
403.636749
403.534058
403.235229
402.813934
402.352478
402.103882
401.395630
400.966278
400.471680
398.637665
399.442108
398.471985
398.125336
401.805206
413.217834
431.790161
441.575470
450.412201
450.422089
449.504059
450.262299
450.535889
451.407806
451.431976
453.950958
454.649628
456.269806
457.004364
455.987030
458.697662
458.366211
458.213074
457.397156
457.272125
626.601379
591.196838
575.156372
608.526855
559.088013
552.592285
546.343201
540.126404
534.575134
530.291565
525.854919
535.806763
516.769043
513.758728
526.650940
509.405975
506.417938
509.562317
500.858612
499.230438
497.519409
495.239532
493.645081
492.235992
490.252930
490.284180
485.563293
484.074280
485.387665
481.100586
479.975861
480.743317
477.452118
476.320709
476.831329
476.929474
477.009003
477.166870
474.788971
473.090363
470.702637
469.072113
467.122681
466.270111
465.256500
465.102264
465.392212
466.460266
466.654846
468.624664
469.159851
470.196411
469.817902
469.620819
469.843079
470.213196
469.551392
469.061890
468.592224
468.620422
468.423218
467.772491
468.069000
468.082855
467.370697
466.106506
465.118683
465.013580
464.020905
463.830841
463.362946
463.668793
463.149597
461.222839
459.948181
459.049377
458.318268
457.468445
456.541687
455.306335
455.752502
457.092773
457.347687
456.964294
457.235931
457.191559
456.239929
455.946808
458.386658
458.954712
456.311493
458.830811
457.467834
454.578461
454.775482
454.580902
455.526703
455.486450
455.592621
456.317169
617.015991
802.070923
565.801697
556.361328
651.663269
544.951233
541.416016
571.273132
533.645020
530.220093
528.521973
523.516968
521.031067
531.479797
518.369873
527.895752
514.129700
511.131134
509.067657
505.448151
503.918182
501.443420
500.015747
499.223267
498.779663
497.381836
495.417938
495.876343
492.477417
490.186707
488.285004
487.167206
487.866730
487.147217
486.681885
486.054810
484.994476
483.081757
481.409515
480.657837
479.417999
477.986053
476.265717
474.752930
475.038574
475.508514
475.449310
475.305054
474.626373
474.659302
473.839050
473.567200
473.384979
474.015808
475.114166
474.457367
473.274078
472.181061
470.994476
470.283325
470.887054
470.863495
470.622833
468.894257
469.754303
469.158356
467.078247
468.780029
468.795258
467.979706
467.761078
467.661530
467.537811
467.446869
467.095154
467.157043
466.786865
464.564026
465.600311
465.201080
462.887115
465.004791
464.628082
463.213135
464.695892
465.671997
465.495575
464.220154
463.476044
462.292297
463.232483
460.198792
461.621948
460.859802
459.985413
459.649902
458.709198
458.390503
458.096771
458.589844
611.307556
583.654968
570.443848
598.075317
555.777527
550.453918
545.871216
542.146790
545.824158
535.006409
532.157837
529.240356
526.201111
523.714355
521.249268
518.922791
515.982605
514.383484
511.165710
509.046387
507.568146
505.981476
507.400208
502.693054
500.944580
503.467041
498.098358
496.782196
498.196442
494.218689
492.872955
492.218384
491.142151
490.199188
489.079407
488.046326
487.747711
485.668060
484.338654
483.975189
482.400116
481.800537
481.473938
480.456116
479.796600
479.304169
478.476929
477.763611
477.261963
476.389038
475.823914
475.204926
474.599945
473.889954
473.182129
472.719482
472.314392
471.757324
471.362000
470.790588
470.238708
469.843384
469.534180
469.279205
468.959167
468.327698
468.384216
467.098145
467.662567
467.275543
466.817139
466.370117
465.823669
465.529327
465.336670
465.204102
464.904480
464.679626
464.752686
463.971649
464.107513
461.971588
463.679108
463.466583
463.187561
463.283295
462.976654
462.876099
462.745483
462.468445
460.029877
461.531860
461.807220
461.582977
461.497559
461.446777
461.174072
461.319763
459.705811
460.534668
611.549927
1035.483765
568.612915
560.770874
627.190369
549.335693
544.884705
543.403564
537.337402
534.009460
530.757080
527.556030
530.712036
522.390320
520.123535
529.971130
515.478882
513.392578
520.065735
509.755798
507.983978
508.043793
504.596252
503.128021
501.509369
500.129303
498.639954
497.243958
495.867767
495.420471
492.886902
491.718048
490.469543
489.569153
488.459717
487.390106
486.421631
485.536194
484.476532
483.997345
483.194061
482.306946
482.451691
481.059631
479.863800
479.252106
478.287933
477.260529
476.528687
475.834320
475.391541
474.788452
473.838470
473.583496
473.334229
472.786072
472.260712
471.083649
471.397827
470.938232
470.639465
470.091400
469.763214
469.344940
468.765320
468.141327
467.125000
467.493561
467.237122
466.934387
466.532074
466.327240
466.084045
465.785828
464.277557
465.296448
465.150574
462.644989
464.771210
464.378845
462.781464
464.230042
463.727783
463.351501
463.025513
462.699005
462.642090
462.731018
461.940216
462.388916
462.167938
459.239441
462.012939
462.113037
459.383881
462.115845
461.877747
461.373749
461.256531
461.075073
611.192627
582.374756
568.852234
600.200684
554.055969
573.313599
544.924500
541.268372
537.242249
534.126038
531.114563
528.173950
525.558228
523.030212
520.748291
518.610779
516.003967
515.674194
511.835693
515.145630
508.026306
505.708496
504.196350
502.292999
500.759003
499.369598
497.932465
496.507935
497.764252
494.044250
492.791199
491.710999
490.624939
491.090332
488.491791
487.443848
486.684845
485.482208
484.618225
483.769348
482.566498
481.319336
479.486237
479.998596
479.300964
478.560425
478.035278
477.313354
476.548889
476.046722
475.081848
474.914276
474.399780
472.956787
473.573639
472.786194
471.733215
471.762665
471.286804
470.565552
470.167633
469.635468
469.263672
468.989563
468.363464
468.255432
467.910919
465.954285
467.269165
466.865143
464.997620
466.475677
466.101746
465.632599
465.530151
465.194641
465.096832
464.850586
464.710602
464.159637
464.114899
463.361694
463.397614
463.398346
463.314209
462.919464
463.152039
462.865234
462.797485
462.732574
460.339020
462.602844
462.645569
462.247314
462.429138
461.276001
462.043457
462.130798
461.366211
461.430206
612.662903
581.888794
569.326721
560.913696
610.286133
549.622192
545.166382
541.143860
537.708496
560.466736
531.566284
528.636292
527.176270
523.334534
521.012146
518.234192
516.241455
514.005554
514.910156
509.974182
507.842407
505.800110
504.076019
502.509583
501.121429
499.644714
500.540924
496.599426
495.503479
496.793579
492.859711
491.790100
492.149078
489.565186
488.681213
487.779144
486.765930
485.790466
484.731506
483.952362
483.308655
481.982117
481.780762
480.331146
479.577301
478.862427
478.198792
477.513977
476.997498
476.638489
475.806122
475.290375
474.808746
474.067200
472.971985
473.152893
472.763611
472.117920
471.741608
471.191498
470.583282
470.012146
469.718353
469.372345
468.966797
468.557800
467.388855
468.000854
467.638763
467.456543
466.778107
466.341278
466.374268
466.196106
466.100464
465.626099
465.491974
465.265167
465.177734
464.989899
464.252197
464.275635
464.153656
463.979126
463.881287
462.022003
463.880585
463.598633
463.415619
463.606689
463.363373
460.708344
463.295776
463.040161
462.731995
462.979309
462.802734
462.734558
461.881958
461.629669
611.468994
582.004822
719.657227
560.954468
554.652771
626.219055
545.082397
541.314575
561.252930
534.381836
531.360901
528.532532
525.593567
523.029724
520.492065
518.399231
520.894043
513.830200
511.500977
517.209839
507.575897
505.859894
504.113678
502.429382
501.029175
499.659943
498.238251
496.877106
498.133606
494.481140
495.269623
492.072845
490.901733
490.346344
488.710754
487.656860
486.628326
485.366455
484.555206
483.538116
482.845551
482.172882
481.004822
480.371216
479.846405
478.966187
478.448242
477.990417
477.100952
476.498047
475.990265
475.311951
474.739105
474.323120
473.765747
472.976807
472.393280
471.879395
471.483063
471.129791
470.790863
469.563263
470.110840
469.650787
468.057587
469.248474
468.900482
466.993256
468.341431
468.034393
467.290497
467.559021
467.086151
466.733856
466.201660
465.950195
465.596130
465.427338
463.543060
464.955444
464.822113
462.270966
464.423309
464.268250
462.811798
463.712677
463.886017
463.640381
463.275391
463.065338
462.927460
462.859070
461.430298
462.323151
462.239227
462.082031
461.940948
461.950531
461.109924
460.916687
611.084290
581.764526
568.672058
560.428040
623.160339
549.311462
600.430786
541.586060
537.559692
541.243286
531.143433
528.093872
525.196289
522.322571
519.838928
517.576965
515.433594
513.297485
515.637024
509.537109
507.865356
506.014557
504.340210
505.380859
501.278809
499.836670
498.384125
497.031067
495.788147
494.588013
493.346619
492.024170
491.503235
489.589844
488.681305
487.677765
486.768402
486.603241
485.053528
484.147095
483.612946
483.283630
483.478729
481.354828
480.459259
479.796051
479.207153
478.539429
477.822235
477.221222
476.524506
475.759308
475.138855
474.405853
473.419983
473.667145
473.275879
471.751465
472.267914
471.691315
470.981537
470.860077
470.619385
470.067108
469.734894
469.265839
468.992920
468.602600
467.090240
467.961914
467.193024
467.142700
466.597504
466.385162
466.095978
465.796204
465.548248
465.245667
464.821381
464.841003
463.658630
464.416779
464.342529
464.187408
463.956085
463.237701
463.406219
463.297791
463.370514
463.402100
463.674377
464.012848
464.344666
463.640442
462.973358
464.043457
464.014313
463.953186
463.216583
460.616364
609.691345
581.565308
570.785217
560.275818
553.521790
548.059082
543.379761
539.060425
540.721680
532.690369
530.558838
528.949585
528.600647
530.835144
523.114014
519.811401
527.178772
515.849854
515.252930
522.768066
513.489197
511.424774
512.942200
508.019318
506.715454
504.928009
502.638214
500.571899
498.639008
497.164001
496.075928
493.432617
492.112305
492.660156
490.251373
489.867767
490.833588
488.027313
486.286560
485.283020
484.706055
484.349731
484.269440
481.199738
479.810608
476.784790
476.357483
477.130829
476.662933
478.033630
480.566498
482.492157
478.383636
476.558990
477.419189
473.676697
471.977844
471.008484
471.163239
467.215668
464.540131
463.090179
462.213684
460.410431
460.428650
459.680817
460.053955
459.158813
457.301178
456.329102
457.038483
458.291718
458.314880
457.697662
457.207458
456.569672
457.148224
455.789459
454.915375
454.828491
455.247314
452.657074
454.395386
451.064453
452.389923
454.243347
451.922424
449.848694
452.637024
453.505096
453.005676
451.859650
448.976959
450.699219
450.094482
446.774994
448.971069
448.487976
446.431732
447.880005
615.886230
577.877075
560.493774
550.691528
543.821594
538.262024
555.065674
528.816956
524.565430
551.919067
517.364990
514.236938
511.422852
508.682373
506.136749
503.508057
501.021912
498.721039
503.438354
494.449951
499.544495
491.257874
489.519897
489.521423
486.764130
485.482086
484.285858
483.028107
481.945251
480.767761
479.818878
478.839081
478.890228
476.262482
475.284576
474.285492
473.040436
472.599518
470.550964
469.691071
468.776459
468.531555
467.995178
466.277435
465.470795
464.754913
464.146545
463.123291
462.576508
462.098541
461.696533
460.987518
460.686279
459.864349
458.587006
458.838470
458.346436
456.656586
457.134888
456.624268
455.873016
455.368713
454.817932
454.417603
454.084442
453.708496
453.367004
453.008118
451.359039
452.188965
452.028137
450.051849
451.483795
451.199860
449.940186
450.260834
449.953400
449.685913
449.536652
449.292267
449.071350
448.881653
447.562958
448.513336
448.492493
447.961395
448.125916
447.888947
447.798889
447.822144
447.483398
447.051392
446.784119
446.553528
444.485840
446.354980
446.305450
446.146393
445.320007
444.916840
612.736267
574.103088
558.448303
548.733521
541.601196
535.799683
530.856140
526.413574
536.240967
518.898743
515.530884
512.471069
509.521759
515.891602
504.306183
502.088135
499.884918
497.763031
495.862976
493.933807
492.210663
490.288483
489.425354
486.985321
485.346771
483.988770
482.651276
482.781311
480.116516
478.786499
479.586121
476.561371
475.361755
475.772980
473.314087
472.172272
471.812927
470.170624
469.052765
468.310486
467.221588
467.210632
466.278961
465.117920
464.327209
463.595062
463.049683
462.088684
461.735016
461.093262
460.179260
459.651703
459.009552
458.239105
457.823700
457.451080
456.177551
456.263367
455.063904
455.264984
454.878021
454.461304
454.035767
453.739532
453.530701
453.002106
452.543976
451.980194
451.783203
451.351837
450.564911
450.909271
450.521942
450.308899
449.880981
449.304047
449.277802
449.148071
448.899750
448.646606
448.546539
448.128387
447.989319
447.630280
446.926483
446.975494
446.911407
446.778320
446.735199
445.178253
446.154053
446.203857
446.273346
446.210876
446.118378
443.586975
445.964752
445.891998
444.710632
445.091736
611.131714
573.596069
558.008362
548.445740
541.220032
535.547119
574.204895
526.144043
522.419006
550.952209
515.920959
512.743286
520.939514
507.415314
504.917542
502.627960
500.309784
498.091797
496.198792
494.276062
495.690094
490.547241
488.842621
492.061340
485.768127
484.348114
482.891541
481.334076
479.879852
478.445953
477.051361
476.030792
476.493103
473.860992
474.309296
471.840881
470.889038
470.523987
469.064819
468.357239
467.427582
466.809204
465.844147
465.008789
464.238892
463.566406
463.231171
462.220367
461.577911
460.919861
460.058167
459.323669
458.674438
458.109436
457.733124
457.186462
456.593109
456.059052
455.823608
455.168457
454.794342
454.429077
454.111450
453.757050
453.444275
452.914917
452.614166
452.322632
450.524292
451.778870
451.064941
449.179962
450.495331
450.210266
449.596161
449.410126
449.206635
448.978394
448.871796
448.764954
448.524231
448.350494
446.567719
447.959259
447.835724
445.040314
447.685211
447.359406
445.608643
447.189453
447.113922
446.770386
446.978516
446.671021
446.668518
446.526794
443.986572
446.050354
445.680908
445.273071
612.982910
573.743530
558.403931
548.581299
541.916809
536.426941
531.754089
527.691162
549.044189
520.359497
517.128479
514.074646
511.170624
512.691956
505.846771
503.718018
500.954254
498.681763
496.511780
494.638153
492.925690
490.982483
491.617615
487.641296
486.043396
484.591431
483.050476
483.787842
480.410797
479.166168
477.829132
476.762421
475.546875
474.406403
473.423706
472.325043
471.444763
469.986328
469.151337
468.234863
467.259399
467.010315
464.627838
464.741180
464.008545
463.319550
462.647614
461.844971
461.423035
460.713623
460.260803
459.531830
459.016632
458.660522
458.257233
457.476257
457.013458
456.298218
455.057404
455.120361
454.781769
453.117340
454.119720
453.708496
452.412201
452.930206
452.679138
452.214355
451.983368
451.572601
450.113525
451.108521
449.262604
450.417389
450.187683
449.943695
449.688019
449.376587
448.719086
448.564423
448.299957
448.305573
448.117859
447.985260
447.217255
447.476898
447.631348
447.499939
447.363922
446.889893
447.108917
447.205383
447.146515
447.023621
447.042267
447.078552
446.775421
446.779449
445.599030
445.713837
611.549927
574.159851
558.743591
627.079956
542.186218
536.412048
532.310608
527.232300
523.584351
549.063843
517.099548
513.825256
514.411804
508.316895
505.874298
503.338043
501.140411
498.646149
496.404449
494.373871
498.282257
490.799866
489.103943
492.299255
485.836700
484.370361
485.049500
481.499237
480.156616
478.889465
477.563873
476.501038
475.326752
474.194397
473.936890
471.922119
470.785980
470.559479
468.776886
468.156036
467.186462
465.669556
465.936035
464.670807
463.981689
463.203461
462.797058
461.931488
460.934631
460.577942
460.027527
459.460907
458.895416
458.191376
457.769714
457.230103
456.531921
455.936829
455.541260
455.049988
454.401337
454.277161
454.023193
453.620026
453.395325
452.547302
452.589111
452.436035
451.804901
451.686462
451.435608
451.151306
450.704590
450.502869
450.031433
449.893280
449.621002
449.224854
449.010071
447.350067
448.429810
448.315552
445.881836
447.999146
447.931244
445.512970
447.705475
447.516174
447.038757
447.309418
447.190735
447.081543
447.062561
446.765930
446.990265
446.853668
444.588989
446.626404
445.970764
442.579437
612.551453
573.906616
666.891235
548.771851
541.825623
536.683289
531.523987
527.708557
523.488586
520.123840
535.152344
514.765259
511.056488
508.793274
505.873901
503.185211
501.042358
498.544067
496.393036
494.367828
492.614258
490.780853
492.752991
487.352478
490.107880
484.504150
482.970825
482.363800
480.290741
478.996063
477.853027
476.702698
475.464081
474.345551
473.313995
471.979980
471.506866
469.938751
468.983612
468.202698
467.459473
466.847321
467.018066
464.943726
464.138336
463.486786
462.898987
462.200714
461.492859
460.846161
460.275330
459.717255
459.288696
458.474945
457.983734
457.592499
456.592926
456.093201
454.598633
455.144745
454.790222
453.244049
453.968567
453.681274
453.243927
452.863007
452.590149
452.338043
452.086426
451.684143
451.466492
451.303314
449.558777
450.729492
450.463318
448.170868
449.935486
449.447845
448.019348
449.064392
449.042633
448.771851
448.533234
448.533081
446.896881
448.274261
446.688934
448.093750
447.947662
447.978821
447.810974
447.523804
447.453278
447.341553
447.211823
447.104309
446.692047
446.544220
444.418335
445.637146
611.579590
573.899963
558.249146
565.855591
541.764099
536.096924
531.390930
527.241577
523.457092
520.087402
516.903320
513.625244
515.272949
508.099091
505.383575
502.981384
500.422272
502.892029
496.007477
494.269928
492.420227
490.560913
488.915405
491.705566
485.724762
484.214752
483.054626
481.454834
480.222046
478.869415
477.681244
477.635864
475.462219
474.236755
474.484528
472.163910
471.286682
471.215118
469.444641
469.007721
468.357697
466.784668
465.290222
465.476135
464.781036
463.967896
463.478729
462.666534
462.152466
461.485016
460.785278
459.910461
459.320923
458.685150
458.142609
457.663788
457.151886
456.746552
456.210571
455.648895
454.959503
454.869995
453.725281
454.000366
453.707489
453.165863
452.824127
452.438599
452.034912
451.607208
450.930145
450.933136
450.445190
450.141144
449.565491
449.630585
447.672699
449.148438
448.581024
448.466248
448.518066
448.324890
448.009430
448.108093
447.808868
447.863342
447.548279
447.351135
446.751587
446.720490
446.491913
446.454803
446.685150
445.529724
446.313171
446.341034
446.252472
446.238312
445.455750
443.564362
614.066895
573.916809
561.746033
548.707336
541.684753
536.113220
531.094910
541.616699
522.979736
519.639282
542.270813
513.511475
510.527466
523.493286
505.437195
503.115967
502.979340
498.630920
496.557526
494.484344
492.639465
490.867188
488.956696
487.221497
486.885010
484.108002
482.498993
481.134674
480.003448
478.628204
477.336853
476.289764
475.007904
473.964172
472.997650
471.902863
471.805237
470.144318
470.051727
468.695496
467.617767
467.264923
465.182098
465.430847
465.006165
464.429718
463.995575
463.362152
462.643402
461.665924
461.238159
460.824371
460.694000
460.957825
460.824402
461.360901
461.353363
460.835754
459.926941
459.368958
459.281281
457.865479
458.813843
458.657074
458.456787
458.011383
456.758331
455.064270
453.920349
451.989716
450.626862
448.815155
446.173523
443.635834
440.937592
437.457977
435.923767
433.742188
431.782562
431.273529
432.387909
435.775299
439.082184
442.715881
446.316254
451.585297
449.617615
452.682495
453.583374
450.043732
455.350647
456.748566
456.705902
458.109802
457.847382
459.426697
464.353333
459.600586
462.248413
466.728851
116.630394
606.327271
584.949036
724.142456
569.675537
563.932983
576.481812
552.895996
542.366455
538.647644
535.454895
532.908081
537.542419
527.552490
532.775452
525.026306
525.160400
525.758240
525.871521
526.052673
524.783691
524.002258
522.213318
522.509644
522.853882
519.941895
514.111694
509.953156
510.865753
506.475891
504.174927
503.679321
501.868896
501.442261
501.605316
500.174164
498.843536
499.477020
497.654938
495.832275
493.879852
492.302399
491.136902
490.005737
489.370087
489.377991
489.142120
488.598785
487.763092
487.191132
486.644440
486.528778
486.425262
486.302277
486.278717
485.359009
484.495239
483.480164
482.076813
480.290649
480.277740
479.441864
477.920380
478.988647
478.405243
477.157776
477.603210
476.986389
476.322388
475.369263
475.416168
474.744354
473.877380
473.553925
473.372284
472.523804
470.262939
471.898193
471.805359
469.084320
471.167297
471.144226
470.195313
470.341187
470.435577
470.466034
470.943604
470.895416
469.884155
470.017273
468.885620
468.972870
468.377899
468.179688
468.092529
467.774384
466.789703
467.305939
466.984436
466.443176
636.929199
603.476013
600.741333
580.828735
636.288208
568.140625
563.367554
559.232117
554.819946
551.153259
547.624939
544.159729
540.581360
550.370544
535.744385
533.060974
530.946594
528.492493
526.054260
523.437195
521.245789
520.258911
517.014404
515.391541
513.744690
512.205505
510.530182
510.749786
507.552521
506.271393
504.912720
503.792267
502.643890
501.414398
500.333801
499.931366
497.962219
496.602478
496.222534
494.526886
493.635162
492.855865
491.458313
490.715088
490.027466
489.475311
488.758820
487.999664
487.438782
486.942902
485.957611
485.114105
483.518494
483.736786
483.324982
482.147797
482.198517
481.437225
480.916260
480.378845
479.784119
479.639771
479.254730
478.807526
477.963776
477.508423
476.438904
476.398773
475.911011
475.258209
474.934296
474.719116
474.169891
473.825500
473.390991
471.369751
472.539520
472.222931
472.137360
471.554535
470.455963
470.729126
470.230621
469.765228
469.736786
469.221619
469.530426
469.155426
469.030731
467.591125
469.048309
468.415222
468.091492
468.286926
465.839966
467.979706
467.588379
467.207062
466.623993
466.416107
632.938843
602.224609
588.355713
616.762268
572.573730
567.044739
562.256592
558.600220
554.408508
550.783875
547.337036
559.738708
540.613403
537.748413
550.506531
532.295776
529.977600
534.573547
525.513062
523.244568
521.336670
519.193787
517.429443
515.827698
514.016602
514.416870
510.709778
508.915558
510.152985
505.855164
504.367523
505.038452
501.682770
500.490204
499.819855
498.148315
497.136566
496.095215
495.083313
493.994720
493.374268
492.294891
491.644989
490.364563
489.400421
488.479401
487.570831
486.861084
486.181091
485.454895
484.742401
483.799927
483.455231
482.777802
482.275421
481.701996
481.034088
480.688660
480.172394
479.663971
479.180939
478.402985
477.891052
477.415497
477.025299
476.136841
476.193237
475.971832
475.438873
475.031464
473.639679
474.501678
474.149109
473.804047
473.625763
473.301270
472.996643
472.674286
472.328125
471.360046
471.491577
471.077362
470.779510
470.554535
470.370636
469.870697
469.924347
467.589783
469.626434
469.408661
466.379028
469.041718
468.778809
467.491333
468.209015
468.064972
467.611664
467.354034
466.599274
466.594360
633.741699
797.598328
588.190002
579.306519
676.269165
567.170288
562.591431
600.671997
554.577637
550.740051
550.968262
544.187012
541.122864
553.918701
535.597900
545.549011
531.003906
527.587646
527.443237
523.108215
521.157043
519.185059
517.299377
515.508484
513.739868
512.166077
510.648499
511.644348
507.635040
506.330170
504.900940
503.639221
503.575897
501.112152
500.000702
498.822327
497.730011
496.564911
495.273163
494.207489
493.134064
492.605469
491.176178
490.412628
489.770416
488.797729
488.252716
487.389038
486.683411
486.097595
485.287476
484.651093
483.420044
483.448395
483.179474
482.249939
481.656128
481.065918
480.570984
479.672668
479.142792
478.422333
478.001312
476.363068
477.085999
476.644165
474.566162
475.717255
475.393677
474.154449
474.517120
474.440735
473.953400
473.433594
473.370819
473.231110
472.765442
471.952057
472.033020
471.796631
469.198212
471.016449
470.369019
470.541962
470.059631
469.502686
469.520203
469.552734
469.111420
466.880188
468.628387
468.602417
468.393097
468.231201
467.580292
468.063171
467.562347
467.709503
466.774139
466.699371
634.884766
602.954834
588.732178
655.038025
572.575012
567.011536
562.057495
557.782104
575.716309
550.395691
547.049866
543.687927
540.619751
537.878967
535.083252
532.603577
530.024719
531.086243
525.456848
523.356201
521.305969
519.121338
522.280945
515.326843
513.645325
515.429688
509.936493
508.174347
509.573761
505.193481
503.623505
503.612946
501.124634
499.840393
498.692383
497.441803
496.412079
495.352448
494.258270
493.740662
492.401093
491.308868
490.616791
489.565155
488.745575
488.064087
487.060699
486.037415
485.057434
484.389618
483.757263
483.149414
482.728027
482.330750
481.564575
481.151367
480.645325
480.212708
479.814819
479.417450
478.978333
478.268799
478.041016
477.472687
477.078552
475.710754
476.095184
475.457123
475.067352
474.825897
473.645020
474.136047
473.690918
473.337921
473.093689
472.712952
472.620605
472.189697
472.049805
470.720490
471.325470
471.136139
470.673309
470.421387
468.692871
469.450745
469.380432
469.053253
468.781952
468.764435
468.294708
468.206207
468.157440
467.430420
467.808441
467.637482
467.373749
467.394897
466.506256
466.266479
633.509033
969.511108
588.322876
579.321106
677.491516
567.078247
562.397461
580.936768
554.253784
550.684875
547.210083
544.017334
541.002991
538.296143
535.589355
540.225647
530.520142
528.113586
534.998535
523.738037
521.598267
524.886169
517.283203
515.541016
514.104187
512.014587
510.439972
508.877197
507.548553
508.588104
504.979156
503.419250
502.668182
500.879181
499.814178
498.628815
497.581635
496.449890
495.395691
494.724213
493.568329
493.037567
491.506805
490.641449
489.387390
488.468750
487.900299
486.831390
486.122559
485.440216
484.804718
484.047607
483.472260
482.920258
482.145386
481.731018
481.285065
480.636261
480.160339
479.620178
478.573181
478.683167
478.087219
477.735687
477.329620
476.616699
476.212128
475.461151
475.112305
474.473083
474.232330
473.888794
473.467102
472.979187
472.691498
472.261902
472.055206
469.953400
471.490631
471.308472
468.826813
470.785950
470.475006
469.488190
470.082550
469.628510
469.992218
469.248383
469.038666
468.465546
468.164886
466.730835
467.762726
467.165283
464.575623
467.463562
467.133667
464.832153
465.899292
465.961945
634.008911
602.675964
588.885193
682.172607
573.503540
636.192566
564.006348
558.550720
559.613464
551.307861
547.708191
544.113770
541.149231
538.252197
535.565552
532.707764
530.403870
533.125427
525.673279
523.476379
521.607727
519.546448
519.554504
515.893677
514.180969
512.576904
510.924774
509.393646
507.925323
506.478455
505.066925
503.935516
501.972290
500.729553
499.526764
498.353394
498.337311
496.260986
495.297302
494.267090
493.272980
492.368683
491.726837
490.682129
489.841339
489.227722
488.418335
487.576324
486.907623
486.166199
485.854187
484.566650
483.763336
482.360046
482.470551
481.981018
480.488525
480.965942
480.456512
479.761627
479.366486
479.087799
478.493896
478.134003
477.784271
477.254364
476.841522
476.027466
475.825012
475.434448
474.605896
474.486389
474.054779
473.605133
473.321136
473.342865
472.810120
472.480133
472.207886
471.049347
471.683380
469.825317
471.315765
471.130951
470.714111
470.434235
470.198822
469.771820
469.363617
469.176788
468.804443
468.638245
468.622040
467.956787
468.208710
468.061676
467.976898
467.760345
466.519592
466.703430
634.153931
603.297119
589.424194
580.002014
660.873169
567.839111
562.955505
561.207764
555.121582
551.360779
547.818909
544.517883
552.570740
538.811279
536.340820
547.122009
531.070068
528.797546
534.133789
524.177551
521.953613
520.302612
517.713806
515.891846
514.195740
512.608948
512.760498
509.431427
508.078186
508.882446
505.164185
503.923950
504.425385
501.413757
500.311401
499.808960
497.994629
496.955963
495.766479
494.933228
493.833618
492.492340
491.431976
491.025909
489.704620
488.813385
488.348328
487.405670
486.558350
485.948181
485.172180
484.522247
483.865448
483.308929
482.698212
481.929993
481.678131
480.352112
480.519135
479.913971
479.382690
478.845032
478.230804
477.570404
477.019592
476.561340
476.188049
475.816040
475.478668
474.979370
474.426361
474.155762
473.918152
473.757935
473.276520
473.200317
472.862671
472.437622
471.880768
472.042694
470.905975
471.800659
470.708130
470.598816
469.998322
468.873322
468.089417
467.535339
465.451172
466.515411
466.109131
461.404144
462.300079
461.583679
459.352600
460.735992
459.568939
457.358551
456.722443
454.684784
614.005676
581.982117
617.517578
554.593445
545.852417
608.376526
534.334229
528.958130
562.472473
519.693176
515.329712
517.230103
505.870361
502.782623
499.106689
496.525848
495.568390
498.054962
494.060120
497.354004
493.629730
492.984283
492.776306
491.524689
489.342377
488.868469
490.060242
489.935608
493.414429
489.124664
487.596558
485.793610
483.508270
483.230774
481.200928
479.954224
478.683350
478.266907
478.504974
478.659973
478.669495
479.641968
480.848175
481.823334
481.048004
480.285248
479.227386
477.835724
477.358032
476.640656
476.206787
474.935883
473.642761
472.044434
470.832672
470.629608
470.918152
471.689636
472.012543
471.996643
472.025879
472.063263
471.928802
471.662201
473.597015
477.690979
479.892792
480.137054
481.251617
481.476257
479.707031
481.510223
480.567993
480.455902
480.422638
480.225952
480.424713
480.867279
480.075500
479.747498
479.540161
477.467072
479.960663
480.559906
478.253326
480.294281
479.357452
477.943085
478.317963
478.509613
478.588715
478.814453
478.789612
478.188080
478.697418
477.557861
478.234406
478.063995
477.796814
478.165375
649.260681
606.613831
589.098328
578.515259
648.187500
564.860413
559.493774
556.260010
551.312378
568.290283
545.166931
542.072754
539.523621
536.601868
534.004211
531.480103
529.140320
527.114258
530.229736
523.478333
521.768555
519.824219
518.251709
521.092529
514.431458
512.352661
511.850708
510.035889
508.952637
510.132416
506.021515
504.726440
504.631104
502.180878
501.272827
500.167786
499.103973
497.982239
496.883423
496.115906
495.573303
494.757111
494.414917
493.186279
492.642120
491.955444
491.432007
490.645508
489.856995
489.157593
488.557098
487.965973
487.383911
486.608826
485.700836
485.140533
484.361664
482.434937
483.137268
482.552063
482.115387
481.643372
481.401642
481.327271
481.000092
480.652679
480.334229
480.106384
479.746674
479.031464
478.913940
478.174103
477.467346
476.987488
477.093109
476.411377
477.679779
478.459412
479.531097
480.589874
479.412476
480.369873
480.365417
480.162384
479.736816
478.101501
479.425934
479.740662
479.817474
479.848907
480.094940
480.143280
480.257843
480.131500
479.146240
480.031921
479.609222
479.616058
479.058868
476.558014
658.294189
611.098877
792.184509
580.536133
571.959167
644.212341
559.970215
555.655518
568.092529
548.915161
546.578796
543.462463
541.096802
537.982971
535.200439
532.696350
537.183105
528.114807
526.061646
532.293213
522.073792
520.078247
522.913818
516.439087
514.976990
513.727783
512.065430
510.641907
509.219879
507.902771
507.847046
505.542175
504.480621
503.703339
502.285736
501.064606
499.968811
499.003784
497.911194
496.853210
495.988281
494.651611
493.042450
492.675995
492.013092
491.256958
490.606903
489.992065
489.131470
488.534027
487.955841
487.358368
486.960083
486.273926
485.912292
485.534302
484.857758
484.496368
484.136414
483.751099
483.429138
482.568726
482.851196
482.229156
481.887024
481.463531
481.179443
481.036377
480.759277
480.587860
479.993378
479.989441
479.673859
479.231293
478.874207
478.791534
478.496704
478.532013
476.351776
478.081207
478.003448
475.328522
477.566528
477.487640
476.762024
477.278229
477.542633
477.462311
477.380920
477.348724
476.704590
476.821411
475.235626
477.286163
476.978149
473.956177
476.919250
476.965729
474.207184
476.366608
648.237854
619.352112
587.606689
576.917358
569.357971
563.505920
612.404175
557.233093
550.214844
550.834290
542.869995
539.664246
536.835083
534.408508
531.848938
529.482544
527.040588
524.804932
529.139282
520.993530
519.199768
517.404053
515.603210
516.166077
512.588135
511.112000
509.696411
508.357086
507.087433
505.853180
504.305542
503.097595
503.080658
501.021423
500.251862
499.123138
498.324860
498.355713
496.593811
495.802765
495.081024
494.579681
493.287506
492.670319
492.083374
491.423035
490.939728
490.047668
489.470673
488.573608
487.916595
487.598755
486.979187
486.439178
485.357666
485.484314
484.954254
483.438934
484.202515
483.848938
483.276642
482.906372
482.704071
482.400757
482.180023
481.758026
481.533081
481.271271
479.646362
480.336670
479.918152
477.956848
479.722107
479.498444
477.980713
479.070648
478.835510
478.643036
478.614319
478.418182
478.428680
478.499939
476.255341
478.004913
477.924225
477.505341
477.469604
477.710693
477.281281
477.184570
477.079681
477.079102
477.046051
477.357422
475.648743
477.044495
477.189453
477.149200
476.803925
475.934113
647.223450
604.902344
588.186096
577.714783
570.203674
564.510315
559.360535
555.210083
559.539124
547.300720
543.955994
540.853821
538.041321
546.344116
533.078857
531.010193
528.679565
526.434509
524.454163
522.530518
520.709412
518.925598
517.765747
515.370361
513.540466
511.799042
509.803009
509.489838
506.781128
505.320313
505.988312
502.753357
501.357239
501.698273
499.035858
497.841858
497.646027
495.939697
495.086060
494.316833
493.398376
493.169556
491.952942
491.158722
490.002472
489.182953
488.930145
489.018799
489.398712
489.533234
488.955597
488.474945
487.393372
485.337646
484.304077
484.314026
483.360016
482.908478
481.672638
482.032806
481.649780
481.494995
480.768127
480.306915
479.767853
479.310364
478.988800
478.983124
478.800781
478.757294
478.187897
478.410309
477.845428
477.673798
477.602783
477.115814
477.308502
477.154724
476.831970
476.780243
476.796509
476.957977
476.845184
476.903839
476.373077
476.362671
476.523499
476.503876
476.306458
474.677704
475.722107
475.819397
475.719421
475.805603
475.684906
473.423340
475.766846
475.981384
475.200134
475.175415
645.024292
602.549316
585.362671
599.519287
567.817139
561.690308
609.822937
552.359558
548.453369
577.986877
541.791687
538.707336
543.827820
533.512390
531.134033
528.945129
526.358276
524.197754
521.895630
519.751343
522.263245
516.235474
514.216431
512.828674
511.327972
509.866669
508.460724
507.094025
505.974335
504.943451
503.687042
502.659851
502.917572
500.437408
500.888733
498.420013
497.447845
496.518219
495.285126
494.502167
493.566589
492.439362
492.828033
491.159546
490.595337
489.994080
489.602936
488.802887
488.362000
487.713196
487.156311
486.670563
486.193848
485.553314
485.038300
484.381012
483.763763
483.334717
482.919159
482.654633
482.251831
481.872650
481.526367
481.280762
480.930298
479.964386
480.353119
480.173218
478.124878
479.833710
479.272369
477.633270
478.775604
478.559723
477.987793
477.924896
477.662140
477.564728
477.344147
477.231598
477.309570
477.367523
474.839386
477.047699
476.808838
474.021240
476.639191
476.457794
475.629883
476.295319
476.485870
476.286774
475.849640
475.401062
475.633514
475.552490
473.977753
475.597137
474.799622
474.833679
643.417358
602.478760
585.824829
575.713501
568.505493
562.719666
557.987244
553.702332
566.383118
545.969910
566.981506
539.161804
536.384277
536.311340
531.507568
529.135315
526.916504
524.732422
522.624573
520.899658
519.403625
517.628235
517.533508
514.777771
513.526611
512.329346
511.091003
511.087921
508.694672
507.773071
506.681183
505.840851
504.916168
505.496826
503.049255
501.963074
501.207306
500.276611
499.342468
498.726135
497.672638
497.277954
496.710602
494.928131
494.118042
493.436157
493.022522
492.006531
491.400574
490.665466
490.130737
489.543274
489.270172
488.759949
487.917480
487.731079
487.103058
486.284790
484.374847
484.720215
484.123047
482.430145
483.265228
482.784454
481.982361
481.976959
481.552979
481.189850
480.899994
480.532928
480.314972
480.046204
478.810394
479.240112
478.912323
478.698761
478.605927
478.453949
478.427826
478.105804
477.994415
477.913269
477.757019
477.714722
477.177826
477.524414
475.246796
477.532867
477.226654
476.781799
476.928284
476.707062
477.092682
476.851410
476.979156
477.080322
476.919128
477.011993
475.947083
476.579407
645.256287
603.255249
586.369080
624.353638
568.629883
562.822632
557.937317
553.403015
549.799072
570.841980
543.172363
540.072266
537.757996
534.649902
532.316589
529.158142
527.167053
528.785217
522.858765
520.921692
526.112549
517.252319
515.559204
518.829895
512.475281
511.040344
510.560028
508.113770
506.785187
505.313019
503.974854
502.909271
501.806976
500.821838
500.572693
498.749664
497.782898
496.845856
496.018738
495.262787
494.346619
492.901184
492.926239
491.571838
490.866425
490.286926
490.028809
489.103638
488.521423
487.944336
487.367188
486.905487
486.541931
485.850677
485.278595
484.753082
484.306244
483.784821
483.429230
482.995636
482.550232
482.270966
480.867218
481.614166
481.519653
481.035217
480.922119
480.770447
480.716339
480.074463
479.622406
479.484802
478.992310
478.897217
478.685699
478.718353
478.319733
478.334778
478.265198
477.437622
478.254089
478.008118
477.869995
477.881561
477.758270
476.108429
477.559692
477.328033
477.050934
476.951996
476.880890
477.039642
477.085266
475.957642
477.156494
477.021362
473.886230
476.979248
476.344757
473.596558
645.738159
603.682190
617.584351
576.749756
569.115967
563.155212
558.078064
553.747009
549.799072
546.106201
551.996155
540.382568
537.992859
535.140015
532.263733
528.994629
526.560974
523.930176
522.039490
520.301880
518.257874
515.673340
515.955383
512.778931
514.453613
508.669647
506.269318
503.673096
502.777893
502.064941
501.616943
501.166229
500.528137
499.980591
499.243195
498.225861
497.835693
497.062897
497.302216
495.463226
494.706360
493.219940
490.376038
489.260406
487.515015
485.886810
483.591431
481.639679
482.390808
482.431519
482.323425
481.388947
479.078369
476.955536
474.265839
470.426178
466.411011
462.710327
459.519287
458.372345
455.645050
453.633606
453.616211
452.837952
452.573792
451.976501
454.397339
459.372925
463.171265
460.409729
459.658386
455.889496
452.107483
453.940430
451.585968
446.833374
446.484802
445.665833
446.567352
446.171417
446.545563
445.635406
446.543884
447.296631
447.496307
447.761932
448.767609
449.547577
449.097137
448.778412
449.035217
449.829071
450.625397
451.925110
451.166412
450.457581
450.312592
450.159393
447.333008
446.922943
170.998276
576.211853
564.865479
557.937988
551.659851
546.043884
540.882080
537.887146
535.049194
531.481018
527.776978
524.313660
523.313965
518.922607
528.069763
513.962585
511.703339
510.456543
508.556396
508.019867
507.229553
506.821289
506.810455
511.862396
509.309113
508.827087
508.297577
507.050293
507.608276
507.799561
505.882538
506.261810
503.701538
501.547638
501.353760
499.605225
498.842163
498.190735
495.296143
492.924164
491.903473
492.411560
491.409668
490.671234
489.878998
489.989014
488.753204
487.691742
486.631165
486.808960
486.600494
486.045135
485.992218
485.683014
485.211548
484.478516
484.346985
484.057281
483.759399
482.841431
481.729187
480.934509
480.368958
480.022614
478.653229
478.452911
478.496643
478.137665
477.783661
477.299500
476.708069
476.818451
476.326965
476.501648
476.044342
476.216644
474.500977
474.901794
474.290100
474.366364
474.344482
474.032623
473.400421
473.088989
472.482758
470.229828
471.910339
472.149231
472.253143
472.296021
470.185333
472.024994
471.995605
471.469055
471.218628
470.970306
470.860168
470.634552
469.897766
469.490112
641.649536
606.537048
591.864502
583.024414
576.196350
570.331177
565.431458
596.652222
557.603882
554.047302
579.292236
547.448547
544.181274
552.263367
538.236938
535.551392
533.166443
530.741028
528.963379
527.294739
525.107971
526.197693
521.139709
519.203613
521.759583
515.339905
513.571228
515.403198
510.997864
509.760559
508.943756
507.361786
506.228333
505.054749
504.030457
502.678375
501.342804
500.068909
499.426361
498.099945
497.117340
496.160126
495.319611
494.312592
493.087677
492.245972
491.639404
490.663818
489.847198
489.067902
488.532928
487.659973
486.846497
486.212006
485.496063
484.881775
484.363312
483.765594
483.342926
482.694122
482.383698
481.291046
481.628357
481.229797
480.751221
480.199585
478.345184
478.890869
478.348206
477.952057
477.607666
477.248199
476.835297
476.550812
476.114655
475.170837
475.487000
475.116028
474.976746
474.807617
474.683136
474.647308
474.130768
472.161682
473.717987
473.357574
470.635895
472.717102
472.733704
471.162720
472.477142
472.352234
472.293091
472.146881
471.883179
471.854004
471.588470
470.328125
470.612549
470.514038
92.589737
606.426575
591.629578
713.197876
575.648682
570.046387
575.157410
561.200073
557.225220
553.652405
550.465881
547.288818
548.151917
540.950562
543.299072
535.798096
533.298035
530.907043
528.586182
526.432251
524.381409
521.918884
519.851990
522.764771
516.082886
514.508789
513.009460
511.089508
511.625244
508.260834
507.030487
505.528809
504.151550
502.856842
502.107727
501.284027
500.563293
500.395660
497.773773
496.509644
495.638550
494.879120
494.195526
492.928619
491.950073
490.987457
490.017975
489.332794
488.702972
487.997009
487.499237
486.937103
486.227722
485.614563
485.012299
484.520782
483.941162
483.482819
483.093567
481.601807
482.395844
481.963470
479.195892
479.813110
478.887329
477.758820
478.137329
477.764496
477.664246
477.511536
477.114685
476.595886
476.296326
475.276154
475.809509
475.463135
473.324249
475.037567
474.555237
471.883270
473.518951
473.686218
473.154327
473.379547
472.930725
472.307098
472.077911
471.859283
471.961151
472.103973
471.251038
471.842712
471.554230
471.283997
470.893982
470.652069
470.613525
470.586273
469.984009
467.671295
639.123779
605.509888
594.464478
582.185791
624.597107
569.753113
564.787537
560.250610
556.258179
552.860840
549.544312
546.488953
543.633667
549.970215
537.753723
535.205994
532.809265
530.516907
536.009766
526.309387
524.236267
522.717712
520.239929
518.648926
516.889893
515.230591
513.491211
512.929565
510.138916
508.401093
507.138123
505.763367
504.298645
503.085663
502.086823
501.914063
499.960052
499.013550
498.590210
497.046234
496.144897
495.716187
494.138611
493.357056
492.465637
491.551178
490.838562
489.813995
488.804108
488.061432
487.255798
486.527374
485.140259
485.251404
484.887238
483.508820
483.576630
483.179108
482.758514
482.209412
481.873169
481.190552
480.813202
480.300476
480.035828
479.654449
479.082275
478.881622
478.468842
477.784332
477.396484
477.000916
476.425598
476.000549
475.711365
474.249756
475.541443
475.351685
475.050079
474.792664
473.917694
474.491730
474.289154
474.153381
474.039581
473.626953
473.500061
473.364136
473.014252
471.748749
472.456726
472.182251
471.933044
471.912415
469.468903
471.618500
471.266846
471.175049
470.501770
470.347626
641.162781
606.388062
591.878235
609.942749
575.806274
570.104187
565.333191
561.076599
557.029297
553.477478
549.773621
563.991150
542.918457
540.079102
552.838501
534.821899
532.394348
536.180237
527.876160
525.742981
523.860535
521.981689
520.131042
518.468628
516.771667
517.492249
513.640930
512.061584
513.517151
509.137299
507.432556
508.342896
504.750702
503.526031
502.619598
501.337128
500.229248
500.154907
498.170105
497.359680
496.509460
495.485321
494.875061
493.744446
492.926636
492.248962
491.584412
490.642242
489.884766
489.099396
488.318146
487.467194
486.685181
485.895325
485.412231
484.724426
483.906158
483.694672
483.204346
482.478485
481.956635
481.635681
481.118134
480.762329
480.402283
479.534180
479.518524
479.020966
478.656952
478.229218
476.674255
477.695496
476.972443
476.401642
476.060364
475.825806
473.487732
475.019257
474.441559
474.180389
474.250336
474.183441
473.925537
473.771637
473.618958
473.486298
473.232880
471.014404
472.908875
472.764099
469.655365
472.396088
472.320526
470.553345
472.014801
471.653870
471.270782
471.132874
470.418823
470.343536
640.575012
793.760132
591.655273
582.231934
680.010254
569.961670
565.101807
603.204895
556.925659
553.486694
550.204834
546.767029
543.825989
555.209045
538.157776
535.294983
532.958862
530.178162
530.534424
525.784180
523.932373
521.929199
520.038147
518.183899
516.547852
514.936035
513.275574
514.016785
510.436218
509.013611
507.520416
506.426544
506.313324
503.792023
502.779510
501.529022
500.321686
499.127197
497.812927
497.108154
495.942017
495.439362
494.111603
493.286072
492.460205
491.596069
491.092560
490.170197
489.520782
488.786774
488.183929
487.541077
486.204651
486.088013
485.826782
485.126251
484.578003
484.039337
483.563141
482.788910
482.217346
481.721008
481.253296
479.602509
480.415497
480.011658
478.028748
479.401276
479.025085
477.928467
478.168365
477.795258
477.476868
476.885223
476.480988
476.339661
476.078552
474.979370
475.586395
474.951172
472.364655
474.204803
473.969849
473.722809
473.539703
473.096649
472.925751
472.941528
472.662933
470.834106
472.648621
472.424713
472.129913
471.378448
471.309845
471.677338
471.478943
471.377411
470.597870
470.446472
641.162781
606.765686
591.473511
640.408508
575.127502
569.527466
564.698364
560.146606
575.273254
553.132813
549.709900
546.594543
543.589417
540.847656
538.413086
535.813660
533.313171
533.319946
528.739990
526.608032
524.713257
522.634827
525.432617
518.719543
516.854675
519.048035
513.549072
511.872009
513.541504
509.315125
507.882019
507.357941
505.310577
503.947449
502.907745
501.825287
500.731293
499.650696
498.593414
498.280426
496.763611
495.614777
494.704559
493.441223
492.643860
492.050415
490.943573
490.354431
489.501556
488.720886
488.035736
487.400635
486.826813
485.869049
485.159302
485.030670
483.359863
483.851318
483.337372
482.775909
482.389771
481.632599
481.035889
480.359558
480.108032
478.891693
479.215607
478.872284
478.450195
478.129700
477.231476
477.455078
477.070129
476.731384
476.467865
476.295959
475.990845
475.607117
475.460327
474.539764
474.953827
474.774292
474.398071
473.926727
472.885345
473.324646
473.276489
473.137207
472.963715
472.848297
472.678131
472.652649
472.413452
472.107697
472.398102
472.134674
471.840668
471.799286
470.241577
470.834717
642.094116
1061.329224
592.216553
582.672546
674.469238
569.736145
564.798645
571.279114
556.717957
553.022278
549.604736
546.190063
543.321899
540.523193
537.889404
545.076660
532.861816
530.625305
537.597473
526.314148
524.333435
526.463867
520.475342
518.621338
516.935791
515.048828
513.283447
511.642090
510.052765
510.039459
506.765991
505.495636
504.266937
502.705566
501.560181
500.435150
499.280029
498.385895
497.315247
496.558716
495.555969
495.115723
493.757233
492.979767
492.274780
491.426147
