508.840515
501.756104
498.296692
537.313232
491.586761
488.535126
485.867035
482.542480
479.774414
476.920227
474.240295
477.702759
469.136230
466.888947
464.494354
462.200348
460.075012
457.866760
455.890839
453.931335
453.047119
450.098663
448.259308
446.524597
444.639648
443.687286
441.067078
439.520996
437.969696
436.696625
435.395844
434.065887
432.835785
431.505188
430.556732
429.139465
428.041016
426.999908
425.795746
424.858826
423.809448
422.685211
421.735931
420.879089
419.917572
418.944763
418.055664
417.214050
416.186920
415.128174
414.159698
413.075958
412.547882
411.792053
411.003082
410.353912
409.693695
408.932709
408.265869
407.663239
407.011200
406.406952
405.848602
405.169891
404.584076
403.986938
403.520355
402.867950
401.976624
401.796204
401.194885
400.664703
400.100494
399.465118
398.760742
398.082306
397.564178
397.030273
395.193604
396.310364
395.795776
395.383514
393.068848
394.520599
394.106964
393.414063
393.322906
392.871490
392.578064
392.246429
391.820313
391.448853
389.644012
390.747650
390.381073
390.011169
388.767090
388.723846
512.583801
732.669128
504.989960
501.382294
499.245575
494.765533
491.658295
488.526215
501.324860
482.552368
479.603516
476.788727
474.097229
471.561890
468.960205
466.678619
464.248352
461.945282
461.715576
457.660095
455.646851
453.658691
453.231873
449.867737
448.007904
446.209381
444.239471
442.468262
440.883148
439.385376
437.945770
436.624207
436.001770
433.881866
432.666351
431.512482
430.413574
429.131165
427.914612
426.831848
425.714905
424.684204
423.640472
422.633148
421.672607
420.815063
419.785553
418.868744
417.946289
416.776764
416.194824
415.241150
414.253174
413.281281
412.427307
411.728058
410.923126
410.256226
409.647125
408.901520
408.272217
407.603912
406.946320
406.383698
405.738159
405.145813
404.075989
403.969177
403.404022
402.891998
402.334259
401.817505
401.199463
400.648102
400.168182
398.120270
399.076874
398.475159
397.909271
397.180786
396.603760
396.220825
395.641724
395.122864
394.926239
394.562744
394.095367
393.623657
393.252625
391.310852
392.467712
392.157074
391.631104
391.296906
390.995422
390.611542
390.336334
388.988800
388.596313
388.611664
80.838486
508.712250
505.248230
618.798584
498.567993
495.288055
503.115326
488.356598
485.240601
482.206696
479.332062
476.512695
473.894745
471.351685
475.108093
466.357239
463.957184
468.004730
459.578247
457.480927
458.959259
453.524353
451.718597
450.104767
448.053009
446.407288
444.671326
443.093658
441.526611
440.164368
438.544983
437.657837
435.590179
434.012115
432.671478
431.307281
430.116791
429.020599
427.875427
426.892914
425.737823
424.669556
423.625275
422.634338
421.714020
420.550873
419.803192
418.910095
417.984100
417.213409
416.321594
415.464539
414.734039
413.887573
412.682068
412.365570
411.580841
410.740906
409.818817
408.902435
408.203552
407.558105
406.104034
406.288605
405.748840
403.501251
404.445740
403.887146
402.125549
402.774506
402.245422
401.648102
401.182465
400.645264
400.111359
399.605072
399.128448
398.596466
398.084778
395.920837
397.221375
396.774780
393.929932
395.606110
394.923553
393.381012
393.897003
393.502533
393.188263
392.735107
392.422272
392.053131
391.636688
389.040100
390.785278
390.528748
389.992371
389.864410
388.559509
388.564575
512.242371
508.426636
505.099762
501.818665
498.478790
536.663757
492.139862
489.112335
486.165222
482.904449
491.781891
476.767273
473.949890
471.399048
468.613983
466.371826
464.039124
461.817322
459.709473
460.314850
455.462341
453.522919
451.712708
449.876251
448.119019
446.471710
444.751343
443.991882
441.608429
440.152649
439.585083
437.268616
435.893494
435.125427
433.207153
431.723389
430.367737
429.046265
427.793915
426.735107
425.617767
424.587311
423.631134
422.549133
421.055450
420.670563
419.693054
418.104828
417.906769
417.086700
416.119629
415.392365
414.647430
413.852661
413.158539
412.368500
411.583313
410.891205
409.361145
409.408997
408.758362
407.914337
407.086761
406.230011
405.607758
404.966644
404.360870
403.808655
403.343048
402.755554
401.501038
401.622131
401.084106
400.597656
400.140289
399.032593
399.090668
398.582642
398.179382
397.648712
397.261230
396.809570
396.203918
395.824158
394.720428
395.008942
394.465912
393.868500
393.319397
392.666931
392.310150
391.958649
391.201172
391.204803
390.896271
387.959839
390.189819
389.800446
387.418427
388.560944
511.992645
509.495117
504.906860
501.595337
498.490814
495.276123
508.571991
489.069275
486.046173
506.724884
480.202271
477.367554
487.755127
471.830750
469.014709
469.171143
463.998993
461.769897
459.556580
457.476837
455.519684
453.561859
451.599243
451.719421
447.989624
446.334076
444.729309
443.090912
441.553253
440.063843
438.528320
437.226807
435.863098
434.463013
433.286804
432.336365
430.759644
429.528748
428.229706
426.832672
425.651428
424.479889
423.379883
422.411682
421.506226
420.672089
419.673706
418.727234
417.774170
416.944366
416.162628
415.337158
414.569214
413.780029
412.373901
412.236359
411.489655
410.732178
410.150787
409.413422
407.418701
408.092865
407.359161
406.560364
406.134216
405.350800
404.448029
403.746674
403.160919
402.587677
402.055634
400.457214
401.013275
400.521027
398.055634
399.379974
398.920990
397.018616
398.043457
397.474945
396.984070
396.701569
396.107971
395.753265
395.271851
394.949310
394.487335
393.975128
393.115509
393.106110
392.729553
392.210663
391.585205
391.010193
390.650696
390.283569
389.940216
389.618286
388.459747
388.372253
344.633942
507.844635
647.634705
501.268372
498.172760
497.991577
491.838196
488.848999
485.822968
482.825409
479.935028
477.068817
474.401489
471.830750
470.434479
466.922913
464.504883
462.107605
459.696991
459.812317
455.176636
453.204041
451.356262
449.487518
447.781891
446.216278
444.473389
442.835144
441.474884
439.876465
438.432861
437.111542
435.744934
434.376556
433.169891
431.892639
430.853333
429.575500
428.371674
427.073608
426.079956
424.933777
423.762451
422.456024
421.410004
420.479370
419.555176
418.578186
417.764709
417.002930
415.919098
415.171906
414.376770
412.547729
412.944916
412.187469
410.439819
410.645111
410.023438
409.282410
408.653931
407.974060
407.314178
406.626770
406.069427
405.378265
404.748138
403.582397
403.299683
402.566223
401.939148
401.415527
400.844177
400.329620
399.910583
399.374969
397.551025
398.277771
397.840912
397.286346
396.917969
394.893860
396.014526
395.621948
394.957245
394.786652
394.321655
393.920868
393.548462
393.012024
391.502380
392.363953
391.899872
391.327606
391.015564
390.496674
389.951447
389.471344
386.988464
388.187927
511.616150
924.203979
504.438019
501.081635
574.043518
494.777740
491.711334
494.394470
485.662048
482.676178
479.797180
477.017029
474.329895
471.738220
469.152679
473.192963
464.425598
462.142822
465.407410
457.774933
455.710938
456.321991
451.515411
449.373657
447.647095
445.858704
444.204834
444.081604
441.208435
440.818054
438.148956
436.810028
435.796478
434.177704
432.920715
431.649994
430.483521
429.421936
428.253876
427.207825
426.046417
425.099701
424.005890
422.969330
421.944427
421.096436
419.985046
419.227661
418.283783
417.349823
416.390381
415.336090
414.452362
413.620300
412.857025
411.882080
411.461761
410.795044
410.073914
409.348969
408.699402
408.106445
407.455017
405.687714
406.295837
405.634521
403.371613
404.484497
403.964478
402.437988
402.840607
402.277405
401.717865
401.178711
400.596558
399.947784
399.250336
398.431244
398.150391
397.589752
395.264709
396.929810
396.303070
393.746277
395.424164
395.102020
394.002563
394.311005
393.896210
393.378693
393.020416
392.651825
392.240356
391.875732
389.844025
391.111450
390.708130
390.182953
388.915100
388.636963
511.775726
507.844635
504.378662
501.227112
498.079071
494.875519
515.631897
488.573486
485.588135
482.671539
479.784180
483.641296
474.260132
471.649292
469.090851
466.723938
464.397522
462.125244
459.949646
457.837524
457.659973
453.802979
451.927826
450.047668
448.328339
448.484711
444.625488
442.801147
441.522675
439.680206
438.252625
437.681763
435.590179
434.154785
433.378235
431.529846
430.373901
429.102112
427.962891
426.848145
425.602875
424.581116
423.834961
422.584351
421.574249
420.089935
419.737640
418.768585
417.174835
416.835144
415.711609
414.643066
413.890442
413.149933
412.381927
411.673157
410.892334
410.188385
409.490509
408.396423
408.182983
407.495270
406.737946
509.731964
506.297089
503.157440
499.868652
550.031677
493.609131
490.607330
489.355957
484.636993
481.844025
478.955505
476.186462
481.435303
470.808502
468.401672
466.102234
463.922302
461.951630
459.789948
457.917664
455.816010
454.689331
452.116760
450.447174
448.773682
447.071136
446.487732
443.975067
442.483582
440.937744
439.570251
438.195923
436.694275
435.254150
433.797943
432.766602
431.295441
430.035339
429.069061
428.036774
427.033081
425.866119
424.946045
423.937103
423.025757
422.173187
421.232147
420.384430
419.477600
418.652435
417.872467
417.099182
416.172333
415.361237
414.483948
413.742920
412.718597
411.876526
411.083282
410.485138
409.755585
409.194519
408.562836
407.973297
407.313202
406.747345
405.076996
405.471161
404.919098
404.323792
403.795288
403.167450
402.729675
402.324066
401.698914
401.158752
400.636627
400.175140
399.554932
398.895660
398.237122
397.654114
397.089478
395.729767
396.338379
395.993652
395.530487
395.138794
394.690765
394.329651
393.994934
393.524567
393.117340
391.144501
392.489014
392.066528
391.552643
390.410736
390.240509
515.001831
590.143921
506.914215
503.240875
499.698761
496.382690
493.079620
490.026978
504.425323
483.998535
481.103729
478.166199
475.364929
472.791351
470.239197
473.989838
465.485931
463.170959
461.207520
458.911407
456.932831
454.932190
454.721375
451.203003
449.412689
447.619171
445.724365
443.921967
442.336792
440.866455
439.333008
438.085480
437.275787
435.329163
433.987183
432.666809
431.748169
430.388855
429.108124
428.052856
426.956116
425.858826
424.832733
423.834381
422.788879
421.775482
420.049652
419.425873
418.524719
417.585815
416.780670
415.999542
415.252289
414.403809
413.619476
412.803528
412.137939
411.442810
410.778534
410.088135
409.435883
408.746185
408.176056
406.610962
406.850128
406.208191
405.537445
404.791534
403.943024
403.406952
402.858673
402.302856
401.695587
401.271301
400.775330
399.022858
399.714661
399.231812
398.853973
398.322968
397.424774
397.560120
396.954895
396.505707
396.184723
395.705078
395.338684
394.849731
394.575439
392.845795
393.703461
393.204224
392.609772
392.075745
390.067627
391.369232
391.033661
390.596954
389.600067
389.488312
513.792725
510.035370
506.575195
557.722412
500.075623
496.808594
493.637787
490.625183
487.567230
484.557617
481.589935
489.151154
476.072784
473.422394
480.686127
468.084290
465.430511
468.022858
460.713074
458.533478
456.999481
454.704987
452.862610
450.884735
449.107147
447.434509
445.824341
444.174072
443.768524
441.059265
439.465332
438.876190
436.769562
435.425903
434.586914
432.860077
431.534454
430.411469
429.079376
427.838135
426.508575
425.292511
424.094055
423.298126
422.330780
421.448792
420.510773
419.518494
418.643585
417.823547
416.990540
416.156952
415.393707
414.539551
413.570282
413.011261
412.323822
411.637054
410.895325
409.994965
409.584991
408.819641
408.108551
407.295593
406.525330
405.765594
405.174561
404.549896
403.626801
403.472137
402.937897
402.343048
401.707489
399.941315
400.805969
400.269379
399.662506
399.247620
398.830231
396.287323
397.946045
397.521088
396.514374
396.446320
396.092926
395.605835
395.216888
394.825073
394.329529
393.762238
391.855865
392.688904
392.159241
389.187775
391.468933
391.238678
388.924622
390.419434
389.238251
389.004974
513.541992
509.520691
506.147156
502.886719
499.653290
496.531982
493.359802
502.123291
487.159668
484.213196
481.230652
478.281799
475.518097
472.893890
470.333038
467.731384
465.074371
462.540436
460.242188
459.440826
456.070862
457.185181
452.285553
450.393829
448.774200
446.916199
445.305054
443.770081
442.210114
440.721222
439.197052
437.923737
436.547180
435.395142
433.898956
432.705261
431.375183
430.289520
429.384552
427.935944
426.721558
425.367279
424.288513
423.288605
422.259277
421.343597
420.458221
419.572052
418.741425
417.872772
416.981415
416.256042
415.483063
414.706360
413.880432
412.139679
412.537659
411.794800
409.840088
410.422638
409.723877
408.746735
408.420380
407.662140
406.999817
406.187744
405.462952
404.675476
404.100739
402.698853
403.040924
402.508667
400.017639
401.417480
400.915466
398.817230
399.839600
399.336426
398.839508
398.468536
398.030792
397.613983
397.084534
396.618530
396.136810
395.792908
394.795563
394.902130
394.598145
394.013611
393.477386
392.905548
392.365814
391.950439
391.598877
389.364746
391.008484
390.621674
389.356598
389.294861
115.407959
509.598480
506.249084
510.382111
499.741150
496.570557
493.342773
490.347931
487.247253
502.049438
481.446503
478.585968
475.998169
473.240051
470.692139
468.142792
465.420410
466.434540
460.725525
458.450928
460.637878
454.539581
452.724213
453.302277
449.106934
447.394470
446.017120
444.125732
442.662567
441.253021
439.647980
438.355194
436.975677
435.662018
434.652435
433.111328
431.792175
430.643829
429.408661
428.239899
427.124603
425.681854
424.488129
423.521210
422.525726
421.577728
420.658661
419.743805
418.982666
417.933990
417.077087
416.283020
415.471313
414.607239
413.871094
413.174225
412.496796
411.771851
411.098297
410.340118
408.853058
408.979828
408.318451
407.660828
407.023376
405.818817
405.399414
404.718781
404.079041
403.488739
402.946259
402.449707
401.878876
401.373718
400.109589
400.294891
399.775024
399.296722
398.956055
398.408997
397.995575
397.595673
396.784210
396.578796
396.167938
395.718903
395.349487
394.902771
393.825958
393.968964
393.404266
392.866211
392.286224
391.857178
391.522797
391.337250
389.643036
390.534515
389.423309
386.691162
513.473511
509.505615
671.967468
502.823944
499.701477
504.250122
493.320557
490.307556
487.300812
484.375305
481.416260
478.542511
475.776703
482.395020
470.579468
467.977142
472.595764
462.908539
460.639862
461.548676
456.588074
454.626709
452.811035
450.880432
449.125488
448.761353
445.806763
445.709808
442.742950
441.248138
439.927551
438.373627
437.073395
435.673157
434.380646
433.178223
431.823029
430.639160
429.339935
428.283447
426.771759
425.601990
424.571014
423.578949
422.631561
421.734161
420.795135
419.764191
418.890686
418.056030
417.210541
416.468414
415.666779
414.796356
413.992706
413.358612
412.646515
411.869476
411.130920
410.434143
409.753418
407.639587
408.262268
407.350677
405.038055
405.914185
405.342072
404.269562
404.166626
403.731567
403.120178
402.556427
401.892090
401.446198
401.014679
399.695251
399.927795
399.432098
396.990448
398.549316
398.129913
395.923309
397.166382
396.634216
396.082397
395.758240
395.255219
394.662292
394.168701
393.579620
393.218994
392.861053
391.635406
391.946960
391.733917
391.390594
390.946381
390.583069
389.472412
389.382385
513.451050
509.505615
506.204529
503.062500
511.865448
496.647064
533.499512
490.293640
487.305145
486.714600
481.342957
478.433563
475.423340
472.614471
469.967743
467.502075
465.137146
462.873138
461.189850
458.579926
456.588074
454.496155
452.653320
452.558441
449.094238
447.419830
445.751709
444.156403
442.610504
442.257385
439.578033
438.176697
437.046051
435.473999
434.161285
432.866333
431.446045
430.035126
428.715790
427.603638
426.365204
425.447144
424.489777
423.124237
422.571259
421.539459
420.545868
419.665466
418.879150
417.962036
417.225555
416.379120
415.605164
414.745514
413.812561
413.289001
412.502441
410.525330
411.048859
410.334167
408.457245
408.818329
407.998291
407.150208
406.584473
405.909760
405.378204
404.779541
404.177673
403.707825
403.105743
401.882660
402.001587
401.542023
510.208405
506.777435
503.662933
500.232117
527.433716
493.679352
490.542297
487.450256
484.491028
481.584839
478.769135
475.981903
476.860565
470.693085
468.267426
465.798279
463.480072
461.279022
461.258606
456.829102
454.543335
452.451599
450.492859
448.716431
447.156677
445.421021
444.309265
442.285095
440.764648
439.241211
437.913300
436.495178
435.742615
433.938110
432.711761
431.533173
430.289398
429.175720
428.045288
426.919403
425.977783
424.860107
423.741730
422.531281
421.383209
420.381531
419.398590
418.581940
417.769989
416.754272
416.127197
414.770630
414.454407
413.640686
412.921661
412.266205
411.558868
410.839233
410.176666
409.512115
408.858551
408.241547
407.649963
406.000061
406.286896
405.084686
405.052124
404.472260
403.629791
402.980865
402.382141
401.732239
401.271210
400.910614
400.308502
399.784210
399.283356
398.743286
398.354584
397.216064
396.434662
396.973846
396.601349
396.110382
395.724731
395.320129
394.909119
394.477234
394.058197
393.666565
393.214844
392.755310
392.109039
391.108063
391.262238
390.798340
390.485168
388.932281
389.204163
514.460693
510.130707
506.676575
503.289124
500.126495
496.776886
493.638214
490.445801
492.074036
484.278381
481.487030
478.616699
485.305878
473.238007
470.606293
468.415894
465.690857
463.272156
460.757111
458.474762
456.401703
454.390381
452.919556
450.677368
448.969788
447.317169
445.478546
443.904510
442.346680
441.287659
439.374512
438.095032
436.708923
435.978516
434.110077
432.900208
431.674805
430.435852
429.318665
428.191620
427.022614
425.895416
424.656738
423.420410
422.317291
421.416626
420.518616
419.478943
418.817535
417.924896
417.006104
416.240417
415.372528
414.651886
413.883820
413.178558
412.482269
411.700928
410.962158
410.276642
409.386108
408.717529
408.345367
407.714020
407.082336
406.356964
405.653229
404.823486
404.179230
403.453430
402.958557
402.490021
401.986267
401.439545
399.651154
400.238129
399.903717
399.328064
398.970886
398.666565
398.269806
397.886780
397.406189
397.054199
396.637054
396.103302
395.730072
395.147217
394.866699
394.218658
393.961792
392.452911
392.889984
392.295074
391.948181
391.534241
391.219238
390.864563
389.732635
389.517792
112.029411
510.401947
506.936096
507.017639
500.387604
550.353333
493.828949
490.759369
490.671692
484.565918
481.649475
478.797791
476.000305
473.334961
477.463898
467.967163
465.378845
462.956940
460.702942
458.598907
456.642090
454.714386
454.918396
450.880554
449.037476
449.426727
445.716827
444.143402
443.840607
441.100128
439.622833
438.416016
436.816315
435.527893
434.244934
433.010376
431.746155
430.532532
429.335724
427.930237
426.729706
425.570465
424.029449
423.389771
422.430298
421.635773
420.711334
419.817047
418.873444
418.020081
417.091156
416.358917
415.548615
414.555511
414.024994
413.212799
412.610474
411.791077
411.135773
410.400604
409.744141
409.016815
408.390808
407.727753
406.887817
405.531891
405.341309
404.719391
404.203033
403.606140
402.915375
402.669464
402.095459
401.479279
401.035004
400.525238
400.011871
399.598389
399.158508
398.279053
398.281891
397.789642
397.295898
396.891541
395.092987
396.029053
395.663208
395.074188
394.667511
393.995636
393.502350
393.068024
392.634979
391.832703
391.973999
391.578125
391.274445
390.887268
389.676910
389.480774
514.357361
769.124634
506.828094
503.599762
590.479736
497.207428
494.061218
517.897339
487.975616
484.971893
482.959839
479.248993
476.409088
473.478699
470.618011
471.289703
465.497345
463.215912
465.976898
458.937317
457.042358
458.494476
453.022278
450.989319
450.473236
447.597504
445.797394
444.217926
442.663513
441.159943
440.142090
438.332672
437.613464
435.599152
434.267731
432.995453
431.602570
430.182190
428.859467
427.648529
426.505310
425.469269
424.457214
423.415741
422.526459
421.520294
420.541626
419.569122
418.719696
417.933624
417.002716
416.197174
415.360779
414.621246
413.840057
412.992462
412.290497
411.528381
410.793427
410.089966
409.359436
408.518616
407.730408
406.152466
406.257568
405.657959
403.448456
404.514160
404.063904
401.774170
402.832306
402.280579
401.537292
401.198425
400.745117
400.201050
399.646606
399.192688
398.732361
398.352417
396.324585
397.399628
396.859558
394.273773
396.081848
395.511566
393.698547
394.406982
393.868591
393.376923
393.117065
392.771088
392.452057
392.019836
391.294769
391.328796
390.924072
390.408783
389.554840
389.363983
513.707275
509.778717
506.459869
503.230774
500.027649
496.824066
534.632935
490.546783
487.418243
485.007416
481.140198
486.814331
475.385406
472.743103
470.186859
467.914154
465.480164
463.147552
460.918732
458.788391
459.861938
454.839081
452.975464
451.054260
449.352692
447.707245
445.900970
444.325989
443.244049
441.253876
439.637329
438.141571
436.465912
434.985962
434.175507
432.416473
431.171295
430.124115
428.850006
427.774811
426.586395
425.561859
424.775238
423.436188
422.496582
420.930176
420.622131
419.722870
418.271881
418.108856
417.136169
416.366821
415.528564
414.717926
413.856567
412.899933
411.984314
411.183929
410.459625
408.746765
409.102753
408.491425
406.378754
407.227570
