0.000000
826.000000
818.000000
824.000000
824.000000
816.000000
860.000000
836.000000
828.000000
826.000000
838.000000
836.000000
840.000000
892.000000
838.000000
836.000000
830.000000
820.000000
822.000000
826.000000
828.000000
836.000000
838.000000
768.000000
780.000000
834.000000
832.000000
830.000000
836.000000
770.000000
822.000000
834.000000
836.000000
842.000000
842.000000
832.000000
838.000000
840.000000
838.000000
828.000000
824.000000
830.000000
846.000000
892.000000
886.000000
826.000000
826.000000
832.000000
828.000000
894.000000
830.000000
836.000000
804.000000
852.000000
826.000000
824.000000
824.000000
822.000000
836.000000
828.000000
824.000000
850.000000
830.000000
778.000000
770.000000
828.000000
838.000000
834.000000
828.000000
842.000000
842.000000
846.000000
846.000000
836.000000
824.000000
834.000000
830.000000
818.000000
852.000000
836.000000
840.000000
828.000000
832.000000
882.000000
772.000000
836.000000
830.000000
826.000000
828.000000
838.000000
824.000000
822.000000
850.000000
830.000000
832.000000
830.000000
834.000000
838.000000
828.000000
828.000000
832.000000
828.000000
836.000000
832.000000
828.000000
842.000000
838.000000
840.000000
832.000000
820.000000
842.000000
824.000000
842.000000
830.000000
828.000000
832.000000
832.000000
894.000000
840.000000
824.000000
828.000000
846.000000
832.000000
828.000000
840.000000
822.000000
838.000000
882.000000
830.000000
826.000000
820.000000
824.000000
828.000000
830.000000
768.000000
836.000000
830.000000
836.000000
842.000000
888.000000
848.000000
828.000000
824.000000
832.000000
834.000000
828.000000
770.000000
826.000000
828.000000
786.000000
846.000000
840.000000
810.000000
832.000000
826.000000
828.000000
826.000000
776.000000
834.000000
834.000000
840.000000
846.000000
832.000000
812.000000
834.000000
822.000000
842.000000
850.000000
832.000000
844.000000
842.000000
830.000000
774.000000
836.000000
842.000000
836.000000
836.000000
840.000000
824.000000
816.000000
832.000000
832.000000
780.000000
894.000000
830.000000
838.000000
836.000000
832.000000
838.000000
840.000000
830.000000
834.000000
828.000000
776.000000
836.000000
836.000000
818.000000
834.000000
776.000000
844.000000
890.000000
852.000000
832.000000
840.000000
838.000000
832.000000
828.000000
836.000000
880.000000
840.000000
832.000000
892.000000
836.000000
834.000000
832.000000
842.000000
816.000000
836.000000
770.000000
846.000000
834.000000
838.000000
836.000000
828.000000
826.000000
824.000000
770.000000
834.000000
888.000000
824.000000
842.000000
828.000000
842.000000
834.000000
826.000000
828.000000
894.000000
840.000000
834.000000
884.000000
834.000000
830.000000
838.000000
822.000000
832.000000
832.000000
828.000000
828.000000
832.000000
834.000000
828.000000
830.000000
828.000000
834.000000
772.000000
820.000000
826.000000
834.000000
826.000000
832.000000
838.000000
816.000000
820.000000
828.000000
894.000000
886.000000
832.000000
894.000000
834.000000
786.000000
834.000000
834.000000
820.000000
830.000000
828.000000
826.000000
824.000000
874.000000
822.000000
840.000000
834.000000
826.000000
830.000000
832.000000
776.000000
824.000000
846.000000
830.000000
828.000000
836.000000
838.000000
844.000000
856.000000
820.000000
834.000000
892.000000
840.000000
844.000000
836.000000
836.000000
776.000000
828.000000
768.000000
828.000000
840.000000
826.000000
890.000000
828.000000
828.000000
844.000000
838.000000
834.000000
774.000000
832.000000
824.000000
836.000000
830.000000
834.000000
812.000000
828.000000
890.000000
830.000000
836.000000
824.000000
832.000000
892.000000
834.000000
830.000000
824.000000
830.000000
854.000000
832.000000
818.000000
878.000000
820.000000
850.000000
854.000000
834.000000
892.000000
818.000000
838.000000
838.000000
830.000000
842.000000
894.000000
838.000000
852.000000
824.000000
820.000000
832.000000
828.000000
884.000000
826.000000
778.000000
836.000000
848.000000
832.000000
826.000000
828.000000
894.000000
836.000000
888.000000
828.000000
838.000000
844.000000
840.000000
814.000000
840.000000
818.000000
828.000000
836.000000
844.000000
840.000000
830.000000
828.000000
840.000000
852.000000
852.000000
836.000000
820.000000
844.000000
832.000000
840.000000
836.000000
886.000000
840.000000
834.000000
840.000000
830.000000
822.000000
824.000000
828.000000
844.000000
828.000000
822.000000
840.000000
826.000000
836.000000
844.000000
826.000000
818.000000
828.000000
888.000000
826.000000
884.000000
818.000000
830.000000
836.000000
864.000000
830.000000
854.000000
820.000000
840.000000
834.000000
824.000000
890.000000
838.000000
840.000000
844.000000
836.000000
822.000000
842.000000
882.000000
836.000000
840.000000
830.000000
834.000000
828.000000
828.000000
808.000000
824.000000
830.000000
818.000000
814.000000
838.000000
838.000000
814.000000
832.000000
834.000000
860.000000
838.000000
826.000000
840.000000
828.000000
818.000000
834.000000
848.000000
830.000000
832.000000
830.000000
772.000000
828.000000
836.000000
844.000000
834.000000
778.000000
892.000000
836.000000
832.000000
840.000000
876.000000
838.000000
844.000000
830.000000
818.000000
892.000000
826.000000
838.000000
834.000000
826.000000
820.000000
838.000000
778.000000
836.000000
832.000000
894.000000
830.000000
820.000000
828.000000
826.000000
776.000000
838.000000
842.000000
842.000000
824.000000
774.000000
822.000000
824.000000
834.000000
830.000000
894.000000
828.000000
834.000000
834.000000
840.000000
830.000000
830.000000
840.000000
828.000000
830.000000
832.000000
840.000000
834.000000
892.000000
848.000000
888.000000
824.000000
832.000000
838.000000
832.000000
826.000000
818.000000
844.000000
844.000000
822.000000
836.000000
824.000000
838.000000
834.000000
838.000000
842.000000
816.000000
826.000000
834.000000
890.000000
886.000000
826.000000
834.000000
834.000000
846.000000
882.000000
842.000000
826.000000
818.000000
838.000000
832.000000
830.000000
846.000000
836.000000
838.000000
844.000000
838.000000
850.000000
774.000000
826.000000
828.000000
834.000000
830.000000
840.000000
834.000000
828.000000
828.000000
876.000000
774.000000
844.000000
840.000000
836.000000
834.000000
778.000000
832.000000
844.000000
842.000000
842.000000
830.000000
832.000000
828.000000
842.000000
828.000000
836.000000
820.000000
834.000000
832.000000
828.000000
826.000000
828.000000
842.000000
838.000000
822.000000
892.000000
850.000000
846.000000
824.000000
830.000000
836.000000
828.000000
840.000000
832.000000
826.000000
770.000000
818.000000
834.000000
840.000000
852.000000
836.000000
822.000000
820.000000
828.000000
830.000000
830.000000
776.000000
836.000000
828.000000
848.000000
830.000000
814.000000
832.000000
828.000000
826.000000
828.000000
834.000000
826.000000
834.000000
892.000000
820.000000
838.000000
892.000000
892.000000
834.000000
830.000000
824.000000
836.000000
894.000000
836.000000
828.000000
826.000000
828.000000
772.000000
842.000000
884.000000
772.000000
836.000000
828.000000
774.000000
846.000000
770.000000
832.000000
858.000000
834.000000
834.000000
836.000000
836.000000
830.000000
852.000000
844.000000
892.000000
828.000000
832.000000
788.000000
818.000000
828.000000
834.000000
832.000000
818.000000
828.000000
822.000000
830.000000
824.000000
768.000000
824.000000
832.000000
770.000000
832.000000
830.000000
838.000000
812.000000
894.000000
832.000000
834.000000
832.000000
842.000000
824.000000
828.000000
828.000000
842.000000
824.000000
828.000000
834.000000
828.000000
774.000000
834.000000
778.000000
828.000000
834.000000
830.000000
840.000000
824.000000
836.000000
834.000000
846.000000
830.000000
828.000000
782.000000
830.000000
820.000000
848.000000
830.000000
842.000000
824.000000
812.000000
814.000000
828.000000
836.000000
834.000000
830.000000
840.000000
826.000000
772.000000
844.000000
834.000000
768.000000
832.000000
818.000000
838.000000
842.000000
888.000000
828.000000
850.000000
832.000000
832.000000
832.000000
860.000000
828.000000
894.000000
832.000000
830.000000
830.000000
818.000000
832.000000
834.000000
824.000000
846.000000
834.000000
826.000000
840.000000
836.000000
890.000000
810.000000
826.000000
830.000000
856.000000
844.000000
834.000000
848.000000
844.000000
816.000000
842.000000
836.000000
836.000000
892.000000
822.000000
776.000000
832.000000
822.000000
846.000000
834.000000
826.000000
840.000000
838.000000
840.000000
824.000000
834.000000
832.000000
838.000000
830.000000
828.000000
830.000000
842.000000
836.000000
840.000000
824.000000
830.000000
834.000000
834.000000
828.000000
846.000000
826.000000
840.000000
820.000000
834.000000
884.000000
828.000000
844.000000
844.000000
832.000000
818.000000
830.000000
830.000000
768.000000
828.000000
828.000000
832.000000
834.000000
768.000000
824.000000
886.000000
842.000000
840.000000
770.000000
832.000000
832.000000
828.000000
828.000000
836.000000
834.000000
846.000000
894.000000
840.000000
830.000000
820.000000
834.000000
842.000000
832.000000
840.000000
842.000000
828.000000
836.000000
826.000000
828.000000
852.000000
832.000000
832.000000
828.000000
828.000000
888.000000
828.000000
774.000000
822.000000
840.000000
840.000000
828.000000
880.000000
830.000000
838.000000
840.000000
832.000000
828.000000
828.000000
834.000000
778.000000
830.000000
832.000000
842.000000
832.000000
886.000000
834.000000
818.000000
844.000000
832.000000
838.000000
830.000000
836.000000
820.000000
836.000000
830.000000
822.000000
822.000000
838.000000
832.000000
824.000000
834.000000
828.000000
774.000000
826.000000
846.000000
836.000000
842.000000
854.000000
832.000000
826.000000
882.000000
826.000000
828.000000
826.000000
824.000000
828.000000
828.000000
776.000000
834.000000
834.000000
832.000000
824.000000
832.000000
890.000000
822.000000
828.000000
820.000000
822.000000
774.000000
844.000000
828.000000
838.000000
830.000000
840.000000
836.000000
826.000000
810.000000
832.000000
894.000000
826.000000
822.000000
882.000000
818.000000
836.000000
828.000000
840.000000
894.000000
832.000000
830.000000
894.000000
830.000000
886.000000
824.000000
818.000000
822.000000
834.000000
834.000000
830.000000
828.000000
826.000000
828.000000
834.000000
838.000000
836.000000
820.000000
826.000000
840.000000
840.000000
838.000000
814.000000
822.000000
846.000000
894.000000
850.000000
828.000000
828.000000
842.000000
784.000000
844.000000
834.000000
890.000000
838.000000
844.000000
838.000000
822.000000
832.000000
840.000000
826.000000
778.000000
828.000000
836.000000
826.000000
838.000000
846.000000
832.000000
844.000000
838.000000
842.000000
860.000000
824.000000
876.000000
826.000000
828.000000
844.000000
832.000000
840.000000
818.000000
848.000000
784.000000
820.000000
770.000000
826.000000
834.000000
862.000000
826.000000
830.000000
782.000000
848.000000
820.000000
826.000000
842.000000
856.000000
832.000000
774.000000
816.000000
824.000000
890.000000
836.000000
828.000000
826.000000
832.000000
832.000000
818.000000
822.000000
836.000000
834.000000
828.000000
816.000000
832.000000
826.000000
832.000000
770.000000
822.000000
838.000000
824.000000
826.000000
824.000000
842.000000
836.000000
836.000000
830.000000
826.000000
832.000000
834.000000
834.000000
830.000000
824.000000
814.000000
826.000000
768.000000
840.000000
838.000000
780.000000
830.000000
828.000000
828.000000
834.000000
836.000000
834.000000
854.000000
822.000000
832.000000
822.000000
868.000000
838.000000
842.000000
838.000000
844.000000
836.000000
840.000000
820.000000
844.000000
838.000000
832.000000
834.000000
796.000000
810.000000
824.000000
836.000000
874.000000
882.000000
828.000000
834.000000
826.000000
812.000000
890.000000
838.000000
850.000000
838.000000
832.000000
834.000000
802.000000
840.000000
894.000000
828.000000
836.000000
840.000000
856.000000
830.000000
824.000000
836.000000
836.000000
858.000000
836.000000
822.000000
822.000000
840.000000
838.000000
840.000000
892.000000
0.000000
840.000000
886.000000
838.000000
830.000000
844.000000
828.000000
840.000000
778.000000
856.000000
844.000000
894.000000
830.000000
818.000000
844.000000
838.000000
844.000000
838.000000
828.000000
842.000000
776.000000
838.000000
828.000000
824.000000
840.000000
844.000000
842.000000
822.000000
818.000000
820.000000
842.000000
770.000000
880.000000
884.000000
860.000000
822.000000
796.000000
790.000000
824.000000
874.000000
882.000000
868.000000
814.000000
820.000000
814.000000
824.000000
848.000000
854.000000
846.000000
852.000000
844.000000
828.000000
830.000000
832.000000
856.000000
852.000000
836.000000
826.000000
814.000000
824.000000
846.000000
838.000000
772.000000
810.000000
822.000000
844.000000
838.000000
842.000000
830.000000
836.000000
878.000000
838.000000
830.000000
830.000000
848.000000
836.000000
834.000000
830.000000
770.000000
768.000000
866.000000
844.000000
832.000000
840.000000
820.000000
808.000000
812.000000
868.000000
840.000000
850.000000
838.000000
882.000000
768.000000
826.000000
820.000000
816.000000
834.000000
846.000000
836.000000
812.000000
770.000000
828.000000
830.000000
872.000000
838.000000
832.000000
838.000000
776.000000
822.000000
842.000000
830.000000
822.000000
836.000000
830.000000
846.000000
856.000000
882.000000
778.000000
832.000000
838.000000
892.000000
844.000000
892.000000
844.000000
842.000000
832.000000
836.000000
850.000000
774.000000
834.000000
894.000000
870.000000
838.000000
844.000000
850.000000
816.000000
844.000000
828.000000
852.000000
846.000000
894.000000
832.000000
842.000000
768.000000
836.000000
836.000000
836.000000
840.000000
824.000000
826.000000
834.000000
832.000000
846.000000
840.000000
850.000000
822.000000
832.000000
838.000000
828.000000
774.000000
834.000000
846.000000
780.000000
848.000000
828.000000
836.000000
840.000000
822.000000
830.000000
838.000000
838.000000
840.000000
894.000000
822.000000
842.000000
838.000000
840.000000
848.000000
848.000000
850.000000
830.000000
830.000000
836.000000
828.000000
780.000000
878.000000
846.000000
846.000000
828.000000
834.000000
878.000000
830.000000
842.000000
838.000000
842.000000
840.000000
828.000000
824.000000
820.000000
824.000000
840.000000
836.000000
768.000000
884.000000
828.000000
830.000000
832.000000
828.000000
830.000000
826.000000
818.000000
826.000000
828.000000
830.000000
842.000000
834.000000
828.000000
822.000000
844.000000
836.000000
830.000000
832.000000
838.000000
832.000000
828.000000
830.000000
820.000000
876.000000
826.000000
816.000000
834.000000
836.000000
838.000000
830.000000
826.000000
822.000000
830.000000
830.000000
846.000000
828.000000
820.000000
816.000000
832.000000
816.000000
844.000000
832.000000
828.000000
836.000000
822.000000
822.000000
834.000000
824.000000
824.000000
830.000000
808.000000
834.000000
854.000000
840.000000
832.000000
822.000000
848.000000
834.000000
890.000000
828.000000
818.000000
842.000000
830.000000
768.000000
836.000000
826.000000
840.000000
836.000000
836.000000
832.000000
840.000000
784.000000
832.000000
832.000000
850.000000
840.000000
828.000000
824.000000
832.000000
834.000000
832.000000
842.000000
836.000000
828.000000
844.000000
836.000000
840.000000
772.000000
842.000000
822.000000
830.000000
838.000000
842.000000
838.000000
836.000000
836.000000
838.000000
832.000000
832.000000
840.000000
772.000000
842.000000
830.000000
814.000000
824.000000
832.000000
826.000000
838.000000
802.000000
830.000000
824.000000
838.000000
836.000000
772.000000
838.000000
828.000000
838.000000
782.000000
842.000000
826.000000
832.000000
892.000000
838.000000
832.000000
776.000000
834.000000
840.000000
834.000000
834.000000
894.000000
838.000000
826.000000
844.000000
842.000000
836.000000
834.000000
828.000000
836.000000
830.000000
820.000000
776.000000
830.000000
846.000000
840.000000
836.000000
768.000000
830.000000
832.000000
826.000000
824.000000
844.000000
848.000000
832.000000
836.000000
822.000000
826.000000
828.000000
828.000000
856.000000
846.000000
846.000000
842.000000
832.000000
842.000000
848.000000
822.000000
848.000000
840.000000
844.000000
842.000000
830.000000
830.000000
828.000000
826.000000
828.000000
844.000000
838.000000
826.000000
832.000000
828.000000
836.000000
840.000000
828.000000
830.000000
834.000000
828.000000
822.000000
774.000000
836.000000
842.000000
844.000000
844.000000
834.000000
822.000000
810.000000
824.000000
844.000000
828.000000
892.000000
834.000000
834.000000
840.000000
836.000000
824.000000
832.000000
790.000000
834.000000
838.000000
834.000000
772.000000
834.000000
820.000000
794.000000
854.000000
892.000000
850.000000
832.000000
836.000000
832.000000
828.000000
824.000000
846.000000
780.000000
820.000000
842.000000
836.000000
826.000000
842.000000
832.000000
850.000000
844.000000
824.000000
842.000000
836.000000
838.000000
828.000000
818.000000
830.000000
882.000000
846.000000
844.000000
844.000000
832.000000
828.000000
836.000000
832.000000
822.000000
842.000000
818.000000
780.000000
850.000000
832.000000
844.000000
882.000000
842.000000
832.000000
828.000000
834.000000
838.000000
838.000000
834.000000
826.000000
828.000000
842.000000
848.000000
830.000000
840.000000
830.000000
834.000000
834.000000
776.000000
850.000000
836.000000
850.000000
842.000000
822.000000
776.000000
826.000000
886.000000
830.000000
828.000000
820.000000
836.000000
880.000000
826.000000
772.000000
844.000000
836.000000
836.000000
816.000000
828.000000
854.000000
832.000000
824.000000
798.000000
840.000000
846.000000
822.000000
844.000000
832.000000
834.000000
840.000000
838.000000
830.000000
838.000000
826.000000
836.000000
830.000000
838.000000
836.000000
772.000000
832.000000
842.000000
820.000000
832.000000
834.000000
828.000000
830.000000
840.000000
826.000000
832.000000
842.000000
850.000000
836.000000
832.000000
832.000000
836.000000
828.000000
834.000000
840.000000
838.000000
834.000000
822.000000
774.000000
832.000000
838.000000
842.000000
840.000000
832.000000
814.000000
832.000000
828.000000
842.000000
832.000000
828.000000
832.000000
836.000000
888.000000
824.000000
826.000000
846.000000
836.000000
838.000000
822.000000
838.000000
772.000000
828.000000
846.000000
832.000000
826.000000
836.000000
842.000000
828.000000
882.000000
838.000000
836.000000
828.000000
826.000000
832.000000
830.000000
826.000000
816.000000
828.000000
834.000000
784.000000
828.000000
842.000000
822.000000
836.000000
844.000000
830.000000
842.000000
822.000000
836.000000
830.000000
844.000000
842.000000
856.000000
836.000000
834.000000
848.000000
832.000000
840.000000
838.000000
842.000000
842.000000
830.000000
846.000000
828.000000
826.000000
882.000000
838.000000
834.000000
836.000000
822.000000
834.000000
826.000000
834.000000
832.000000
832.000000
770.000000
844.000000
832.000000
840.000000
832.000000
838.000000
780.000000
838.000000
816.000000
832.000000
842.000000
872.000000
834.000000
854.000000
822.000000
838.000000
892.000000
838.000000
828.000000
824.000000
822.000000
840.000000
830.000000
826.000000
888.000000
840.000000
828.000000
812.000000
828.000000
836.000000
864.000000
852.000000
834.000000
830.000000
822.000000
822.000000
822.000000
856.000000
836.000000
844.000000
774.000000
828.000000
828.000000
892.000000
822.000000
834.000000
844.000000
834.000000
830.000000
824.000000
826.000000
830.000000
892.000000
836.000000
830.000000
774.000000
840.000000
838.000000
888.000000
832.000000
836.000000
828.000000
842.000000
826.000000
822.000000
828.000000
848.000000
838.000000
832.000000
818.000000
814.000000
856.000000
824.000000
840.000000
776.000000
834.000000
826.000000
824.000000
844.000000
824.000000
822.000000
834.000000
832.000000
830.000000
830.000000
810.000000
842.000000
840.000000
840.000000
832.000000
840.000000
838.000000
830.000000
834.000000
830.000000
836.000000
840.000000
828.000000
888.000000
830.000000
844.000000
826.000000
832.000000
846.000000
820.000000
824.000000
828.000000
836.000000
842.000000
838.000000
842.000000
830.000000
818.000000
824.000000
782.000000
828.000000
820.000000
834.000000
826.000000
778.000000
822.000000
830.000000
778.000000
828.000000
836.000000
854.000000
826.000000
830.000000
828.000000
838.000000
834.000000
826.000000
838.000000
840.000000
832.000000
828.000000
834.000000
834.000000
836.000000
836.000000
826.000000
832.000000
830.000000
822.000000
834.000000
838.000000
776.000000
836.000000
840.000000
832.000000
840.000000
830.000000
824.000000
826.000000
822.000000
790.000000
832.000000
832.000000
834.000000
834.000000
834.000000
830.000000
782.000000
842.000000
782.000000
830.000000
830.000000
882.000000
828.000000
830.000000
854.000000
854.000000
782.000000
832.000000
840.000000
838.000000
836.000000
834.000000
842.000000
826.000000
838.000000
832.000000
830.000000
834.000000
838.000000
852.000000
828.000000
822.000000
828.000000
838.000000
838.000000
852.000000
830.000000
826.000000
894.000000
822.000000
770.000000
826.000000
824.000000
834.000000
830.000000
834.000000
834.000000
830.000000
840.000000
830.000000
838.000000
822.000000
840.000000
842.000000
844.000000
830.000000
816.000000
840.000000
844.000000
830.000000
842.000000
844.000000
832.000000
842.000000
820.000000
820.000000
794.000000
828.000000
836.000000
894.000000
848.000000
828.000000
836.000000
830.000000
834.000000
848.000000
816.000000
892.000000
834.000000
886.000000
824.000000
834.000000
832.000000
830.000000
844.000000
824.000000
830.000000
830.000000
836.000000
828.000000
826.000000
832.000000
830.000000
850.000000
826.000000
768.000000
830.000000
830.000000
892.000000
832.000000
834.000000
836.000000
836.000000
832.000000
836.000000
830.000000
822.000000
828.000000
826.000000
854.000000
890.000000
838.000000
828.000000
836.000000
772.000000
854.000000
822.000000
890.000000
846.000000
846.000000
832.000000
828.000000
856.000000
830.000000
772.000000
834.000000
838.000000
892.000000
840.000000
844.000000
770.000000
830.000000
772.000000
852.000000
828.000000
810.000000
830.000000
834.000000
890.000000
842.000000
848.000000
838.000000
834.000000
772.000000
842.000000
830.000000
840.000000
830.000000
834.000000
828.000000
824.000000
894.000000
842.000000
836.000000
840.000000
842.000000
828.000000
818.000000
834.000000
888.000000
826.000000
830.000000
838.000000
822.000000
890.000000
834.000000
832.000000
824.000000
836.000000
854.000000
822.000000
824.000000
812.000000
822.000000
834.000000
840.000000
842.000000
830.000000
832.000000
830.000000
838.000000
816.000000
838.000000
834.000000
890.000000
836.000000
0.000000
856.000000
830.000000
842.000000
818.000000
822.000000
836.000000
848.000000
826.000000
838.000000
812.000000
822.000000
884.000000
848.000000
832.000000
862.000000
824.000000
834.000000
808.000000
814.000000
828.000000
830.000000
818.000000
770.000000
830.000000
856.000000
880.000000
826.000000
844.000000
836.000000
828.000000
776.000000
838.000000
838.000000
826.000000
828.000000
828.000000
832.000000
842.000000
772.000000
826.000000
842.000000
848.000000
836.000000
828.000000
894.000000
838.000000
826.000000
840.000000
830.000000
894.000000
824.000000
894.000000
882.000000
834.000000
842.000000
832.000000
834.000000
838.000000
834.000000
842.000000
846.000000
826.000000
830.000000
836.000000
834.000000
832.000000
830.000000
832.000000
822.000000
836.000000
844.000000
840.000000
840.000000
822.000000
830.000000
892.000000
774.000000
840.000000
832.000000
834.000000
838.000000
840.000000
836.000000
892.000000
890.000000
814.000000
840.000000
822.000000
832.000000
838.000000
828.000000
842.000000
826.000000
814.000000
832.000000
832.000000
826.000000
824.000000
826.000000
820.000000
824.000000
824.000000
840.000000
832.000000
842.000000
822.000000
830.000000
820.000000
826.000000
844.000000
836.000000
826.000000
822.000000
812.000000
828.000000
838.000000
832.000000
892.000000
878.000000
834.000000
830.000000
836.000000
830.000000
828.000000
836.000000
778.000000
838.000000
822.000000
814.000000
842.000000
852.000000
828.000000
838.000000
890.000000
828.000000
830.000000
832.000000
820.000000
844.000000
778.000000
838.000000
820.000000
834.000000
826.000000
886.000000
822.000000
836.000000
836.000000
824.000000
840.000000
834.000000
824.000000
840.000000
820.000000
826.000000
774.000000
836.000000
842.000000
830.000000
832.000000
890.000000
830.000000
830.000000
834.000000
836.000000
828.000000
834.000000
844.000000
836.000000
830.000000
820.000000
830.000000
842.000000
844.000000
834.000000
830.000000
840.000000
840.000000
832.000000
836.000000
818.000000
828.000000
828.000000
832.000000
826.000000
836.000000
830.000000
834.000000
828.000000
832.000000
784.000000
890.000000
832.000000
842.000000
840.000000
832.000000
838.000000
834.000000
776.000000
770.000000
824.000000
828.000000
836.000000
826.000000
768.000000
830.000000
772.000000
836.000000
836.000000
830.000000
828.000000
838.000000
840.000000
836.000000
830.000000
840.000000
846.000000
834.000000
836.000000
830.000000
826.000000
834.000000
828.000000
842.000000
844.000000
772.000000
824.000000
822.000000
828.000000
836.000000
832.000000
772.000000
840.000000
834.000000
836.000000
830.000000
834.000000
834.000000
840.000000
894.000000
836.000000
834.000000
840.000000
842.000000
840.000000
826.000000
826.000000
776.000000
832.000000
834.000000
838.000000
818.000000
832.000000
828.000000
840.000000
826.000000
818.000000
834.000000
838.000000
858.000000
770.000000
822.000000
838.000000
828.000000
826.000000
836.000000
826.000000
848.000000
838.000000
828.000000
824.000000
842.000000
838.000000
820.000000
834.000000
838.000000
814.000000
844.000000
850.000000
850.000000
826.000000
840.000000
826.000000
840.000000
820.000000
832.000000
842.000000
824.000000
818.000000
830.000000
838.000000
824.000000
830.000000
830.000000
772.000000
826.000000
832.000000
780.000000
828.000000
830.000000
816.000000
838.000000
820.000000
832.000000
842.000000
840.000000
830.000000
828.000000
838.000000
832.000000
782.000000
832.000000
836.000000
852.000000
818.000000
824.000000
828.000000
836.000000
850.000000
828.000000
834.000000
888.000000
828.000000
830.000000
834.000000
844.000000
776.000000
824.000000
826.000000
772.000000
836.000000
838.000000
828.000000
832.000000
844.000000
840.000000
832.000000
828.000000
838.000000
834.000000
814.000000
828.000000
892.000000
836.000000
828.000000
822.000000
832.000000
840.000000
826.000000
836.000000
768.000000
880.000000
822.000000
816.000000
830.000000
818.000000
828.000000
828.000000
830.000000
844.000000
826.000000
830.000000
832.000000
848.000000
838.000000
828.000000
784.000000
892.000000
824.000000
770.000000
842.000000
826.000000
834.000000
838.000000
826.000000
784.000000
892.000000
828.000000
832.000000
834.000000
824.000000
834.000000
846.000000
824.000000
820.000000
824.000000
834.000000
822.000000
842.000000
834.000000
828.000000
830.000000
830.000000
830.000000
836.000000
834.000000
820.000000
832.000000
836.000000
768.000000
838.000000
772.000000
828.000000
826.000000
880.000000
836.000000
820.000000
838.000000
846.000000
892.000000
838.000000
822.000000
808.000000
822.000000
834.000000
840.000000
848.000000
846.000000
826.000000
844.000000
822.000000
828.000000
828.000000
844.000000
814.000000
834.000000
830.000000
832.000000
848.000000
822.000000
830.000000
894.000000
828.000000
824.000000
830.000000
830.000000
822.000000
832.000000
826.000000
832.000000
830.000000
842.000000
820.000000
846.000000
840.000000
830.000000
838.000000
814.000000
830.000000
820.000000
856.000000
848.000000
834.000000
840.000000
838.000000
768.000000
828.000000
832.000000
822.000000
856.000000
826.000000
798.000000
862.000000
830.000000
822.000000
830.000000
820.000000
852.000000
888.000000
822.000000
850.000000
820.000000
830.000000
826.000000
824.000000
834.000000
846.000000
828.000000
836.000000
816.000000
772.000000
830.000000
846.000000
822.000000
834.000000
824.000000
832.000000
840.000000
838.000000
838.000000
842.000000
822.000000
828.000000
828.000000
840.000000
826.000000
828.000000
842.000000
894.000000
838.000000
884.000000
826.000000
824.000000
824.000000
832.000000
842.000000
828.000000
840.000000
814.000000
812.000000
832.000000
836.000000
840.000000
844.000000
776.000000
828.000000
840.000000
824.000000
774.000000
846.000000
840.000000
822.000000
770.000000
820.000000
838.000000
812.000000
830.000000
828.000000
826.000000
826.000000
824.000000
830.000000
824.000000
836.000000
820.000000
834.000000
768.000000
822.000000
824.000000
772.000000
832.000000
884.000000
830.000000
832.000000
822.000000
832.000000
772.000000
838.000000
834.000000
888.000000
826.000000
842.000000
826.000000
830.000000
846.000000
828.000000
832.000000
830.000000
840.000000
828.000000
836.000000
828.000000
826.000000
836.000000
842.000000
822.000000
814.000000
826.000000
822.000000
844.000000
838.000000
828.000000
832.000000
882.000000
832.000000
828.000000
824.000000
818.000000
830.000000
846.000000
846.000000
824.000000
832.000000
832.000000
830.000000
834.000000
850.000000
828.000000
838.000000
882.000000
822.000000
834.000000
828.000000
828.000000
894.000000
840.000000
828.000000
834.000000
840.000000
824.000000
826.000000
820.000000
820.000000
846.000000
888.000000
834.000000
822.000000
822.000000
836.000000
840.000000
844.000000
840.000000
840.000000
838.000000
818.000000
824.000000
828.000000
842.000000
888.000000
822.000000
830.000000
834.000000
844.000000
838.000000
768.000000
828.000000
830.000000
828.000000
836.000000
838.000000
770.000000
826.000000
820.000000
830.000000
850.000000
838.000000
834.000000
834.000000
840.000000
828.000000
834.000000
840.000000
768.000000
842.000000
780.000000
846.000000
828.000000
824.000000
820.000000
826.000000
828.000000
840.000000
894.000000
812.000000
834.000000
