474.658569
470.656708
468.553009
464.055450
460.917511
457.747559
454.721222
451.842743
452.435455
446.263092
443.602814
440.955017
438.490417
443.126740
433.805542
431.569977
429.568451
427.276306
425.364166
426.472015
421.603210
419.779816
418.227417
416.388428
414.787384
413.181458
411.585754
411.064178
408.728119
407.126465
405.621338
404.329498
402.961182
401.643005
400.469727
399.294861
398.450684
397.199036
396.038025
395.075409
394.016022
393.153015
392.035614
391.237335
390.270691
389.544067
388.672485
387.845245
387.041199
386.254608
385.209778
384.733795
383.989349
383.245087
382.536713
381.827576
381.170380
380.298370
379.557465
378.770325
378.191498
377.499329
376.866333
376.400330
375.890045
375.402863
373.864258
374.215240
373.824982
373.329163
372.893860
372.417236
371.917847
371.542725
371.095459
370.624084
370.182312
369.646240
369.272156
368.797913
367.511627
367.006592
367.463867
367.014496
366.471832
365.907806
365.537415
365.093231
364.684082
364.232422
363.964600
363.588684
363.265717
362.878510
362.046082
360.266418
361.967377
361.706879
360.582031
360.552460
474.131012
470.466461
467.414001
464.072784
461.083649
457.996063
454.955475
452.105316
452.578583
446.368011
443.480255
440.670135
443.549438
435.625092
433.219116
431.054993
428.903442
426.791992
424.780975
425.791840
420.977570
419.189667
417.604248
415.841034
414.299255
412.694733
412.262878
409.741028
408.341858
407.115631
405.685486
404.507477
403.191742
402.357056
400.877869
399.627686
398.573120
397.524139
396.477814
395.420227
394.386169
393.071442
392.024841
391.143555
390.092621
389.218719
388.365662
387.485931
386.698975
385.918671
385.135223
384.390778
383.662170
382.962219
382.217072
381.625458
380.974396
379.620667
379.817383
379.110535
378.580719
377.950256
377.314880
376.764801
376.183899
375.615356
375.109772
374.470734
373.958496
373.308807
372.595917
372.011749
370.151764
370.847229
370.101044
369.930542
369.563324
369.088013
368.596130
368.195099
367.754578
367.376434
366.937164
366.488312
366.125641
365.817993
364.459717
365.103973
363.458282
364.278625
363.933868
363.476776
363.227600
362.827667
362.534912
362.150177
361.663696
361.204712
360.287781
359.945831
319.170319
469.397034
466.269440
463.154388
460.078522
463.465210
454.117188
451.129150
448.409271
445.682617
443.146515
440.546295
438.181915
435.839905
434.660828
431.458191
429.325592
427.217316
425.252411
425.184143
421.588745
419.744019
417.845581
416.040863
414.358368
414.064819
411.125732
409.739624
408.380615
406.970642
405.593018
404.364441
403.093323
402.607941
400.731049
399.543304
398.377136
397.449249
396.384827
395.169189
394.425598
393.502686
392.656982
391.618896
390.642487
389.768066
388.674103
387.725403
386.787292
385.992035
384.607758
384.442352
383.721222
381.958221
382.292999
381.574280
380.351959
380.335785
379.675262
378.980499
378.489197
377.880096
376.518860
376.706940
375.045380
375.600342
375.129669
374.469971
373.993164
373.469421
372.985229
372.408325
371.859650
371.410278
371.015350
370.512878
369.427032
369.277374
368.744965
368.158936
367.730743
366.800385
366.801422
366.417358
366.058472
365.641266
365.218597
364.849030
364.546387
364.029785
363.435486
363.362091
363.079895
362.797882
362.440613
360.581757
361.771118
361.535431
360.602173
360.388000
473.200928
795.045349
466.735077
463.703156
473.476013
457.639587
454.750824
451.904327
448.869812
445.854218
443.080627
440.382446
445.719788
435.451508
433.148193
437.269592
428.841888
426.642517
427.214783
422.772919
420.946228
419.114563
417.394043
415.732330
414.208466
412.662964
412.237579
409.755096
408.335297
407.644440
405.637604
404.435364
403.456940
401.635254
400.389709
399.077484
398.020721
396.835114
395.770294
394.740631
393.795319
392.779724
391.815796
390.939667
389.996124
389.199280
388.272095
387.463684
386.674438
385.872589
385.098755
384.385132
383.238159
382.897125
381.949585
381.177795
380.466156
379.164154
379.088287
378.397766
377.917328
377.280792
376.614166
376.062531
375.539734
375.007019
374.090668
373.884491
373.442688
372.929749
372.441406
371.953125
371.504730
371.058594
368.997803
369.910767
369.412964
366.907959
368.386200
367.954803
366.941101
367.190216
366.831177
366.398132
366.085815
365.712280
365.371674
364.990509
363.588745
364.232422
363.993805
361.261292
363.274200
362.970490
360.906219
362.330078
362.003510
361.584320
360.830414
360.495911
473.359863
469.874176
466.638885
463.637054
460.657806
467.756256
454.388794
451.304474
448.378265
445.519928
442.815643
440.181732
437.760620
435.416992
433.101257
430.882263
428.718140
427.272003
424.678558
424.841858
420.882324
419.090698
417.394043
415.736694
414.187897
412.639343
411.055328
409.684204
409.110321
406.833130
405.486481
404.301819
402.977234
401.984314
400.371948
398.998474
397.934784
396.714264
395.612335
394.571777
393.618286
392.561096
391.662201
390.777283
389.864685
389.105530
388.176666
387.324493
386.525238
385.836426
384.431305
384.341858
383.637146
381.885406
382.274597
381.634033
380.489868
380.299561
379.753540
378.993591
378.459137
377.865997
377.250763
376.719360
375.790497
375.349121
374.703186
372.468903
373.483215
372.929749
371.026581
371.997284
371.531952
370.904175
370.566956
370.123383
369.669312
369.219116
368.805389
368.418152
368.017639
367.136749
367.187378
366.768921
366.451172
365.971405
365.597809
365.281586
364.901367
364.414307
364.086914
363.680420
363.420044
362.719879
362.342529
360.578308
361.554962
361.183472
360.275696
359.943176
472.716766
469.303680
465.893097
462.946045
517.403381
456.989746
454.131989
451.975983
448.407043
445.738373
443.118927
440.563354
440.898315
435.688507
433.413605
431.251007
429.059113
426.916626
427.555359
422.956696
421.131805
419.340271
417.623505
415.773224
413.999023
412.297729
411.699707
409.224487
407.783783
407.170227
405.173859
403.961212
403.015015
401.365295
400.260101
399.231171
398.086334
397.094971
396.047150
395.034851
394.097534
393.072632
392.249664
390.842865
390.454651
389.653320
387.985199
387.860840
387.061035
386.197083
385.574524
384.781097
383.858795
383.084137
382.202667
381.269928
380.849701
379.580597
379.662781
378.956573
378.411682
377.812531
377.168884
376.638611
376.086975
375.581696
375.065643
374.568359
374.023346
373.272797
373.021240
372.491364
371.954987
371.439178
370.837097
370.473816
370.076263
369.534424
369.154236
368.781067
368.368744
368.058594
367.664276
367.071014
366.606232
365.953491
365.419434
365.025574
363.773346
364.248871
363.985931
363.589783
363.313263
362.947876
360.714752
362.206757
361.937195
361.489197
360.747192
360.409729
473.268799
470.173798
467.135681
463.996643
460.800232
504.173553
454.643402
451.559967
471.746002
445.794464
443.188019
444.931244
438.052338
435.569275
433.169403
431.019958
428.791565
426.575775
424.514587
424.968262
420.724487
418.837036
419.292572
415.359344
413.772766
413.473206
410.551666
409.108521
407.753265
406.345642
405.016388
404.393799
402.589203
401.589874
400.291077
399.134705
398.147064
396.780273
395.618439
394.575806
393.643066
392.704742
391.697571
390.958435
390.029419
389.264130
388.319763
387.543701
386.722900
386.027283
385.086365
384.489197
383.695099
382.949219
382.195740
381.576843
380.960602
380.268127
379.715088
378.921265
378.449188
377.847351
377.058533
376.436249
374.750763
375.271454
374.696655
372.601868
373.683502
373.177551
371.219086
372.338013
371.868683
371.203674
371.205475
370.753418
370.467743
369.891266
369.440308
369.014832
368.712891
366.782196
367.829956
367.330475
364.615936
366.199982
365.671570
364.216461
364.893707
364.317230
364.026337
363.631683
363.212982
362.755554
362.395416
361.494873
361.793213
361.422943
358.168518
360.341034
472.180206
469.048065
465.900146
462.906311
459.924286
457.042358
454.218658
475.709137
448.503326
445.490173
443.356232
440.096436
441.386230
435.179565
432.904175
430.819885
428.570892
426.525238
424.440674
422.524506
420.695496
420.419525
417.003052
415.317657
413.718323
411.978760
411.432434
408.863495
407.430420
405.949646
404.587891
403.420471
402.152008
400.951721
399.878815
398.926056
397.655151
396.567627
395.531036
394.543060
393.443420
392.238556
391.390289
390.163757
389.547516
388.831940
387.217651
387.209503
386.417969
385.449829
384.871185
384.165253
383.457611
382.851074
382.049408
381.403320
380.754425
379.743134
379.515320
378.699707
376.830048
377.408691
376.662109
374.848572
375.395447
374.788971
374.126709
373.616760
373.008240
372.276794
371.620941
371.059387
370.342407
370.021179
369.339874
369.126465
368.723785
368.198364
367.820679
367.450470
367.119720
366.739594
366.356018
364.374939
365.731476
365.390472
365.018402
364.848663
363.735931
364.019318
363.652069
363.354645
362.992249
362.697754
362.284454
361.727173
361.314392
359.598480
359.946564
359.521362
473.550110
467.543335
602.877747
461.094971
457.909698
459.030884
452.127686
449.040497
446.146149
443.466339
440.896851
444.549561
436.042664
433.754303
431.519073
429.285706
427.094299
424.914368
422.957306
423.358154
419.282623
417.502106
417.942261
414.270447
412.716949
412.338623
409.464966
408.042664
406.567719
404.936249
403.568115
402.099396
400.467224
399.714386
397.907227
396.694305
395.346161
394.278778
393.280792
391.770691
391.144562
390.242462
389.368683
388.368591
387.507507
386.678894
385.900116
385.085754
384.345337
383.667358
382.732727
382.191223
381.493561
380.791046
379.967834
379.140869
378.480988
377.882355
377.220093
376.622650
376.210907
375.603668
374.907745
374.423950
373.238556
373.473755
373.060608
372.502228
372.046783
371.566467
371.140228
370.651855
370.180511
368.598877
368.906494
368.229706
367.720306
367.183624
366.762238
366.350800
365.942566
365.155731
364.919250
364.381744
364.051331
363.600922
363.131317
361.798462
362.411621
361.763214
361.553436
361.192383
360.859528
360.500488
360.294769
359.196777
359.871094
359.565155
356.273132
358.409607
470.719574
744.357971
464.340668
461.170715
462.519775
454.921356
451.825592
448.938416
446.060059
448.450470
440.819397
438.212219
445.128876
433.237549
430.956360
435.019653
426.739868
424.600769
424.429626
420.450409
418.535309
416.709290
415.022186
413.313812
412.629456
410.195709
409.443298
407.029053
405.573883
404.305664
402.977997
401.820007
400.597137
399.402863
398.422607
397.260651
396.341309
395.385895
394.566040
393.489410
392.425507
391.592804
390.590179
389.733765
388.812592
387.963654
387.125671
386.191895
385.088287
383.757416
383.402130
382.663910
381.963928
381.348602
380.507111
379.660339
378.910950
378.088287
377.626129
376.780151
374.790558
375.563995
374.899200
373.678894
373.848206
373.229889
372.699738
372.205353
371.712769
371.134979
370.543640
369.778076
369.365417
368.827271
366.681732
367.952332
367.578186
365.446808
366.838867
366.396973
365.773010
365.681854
365.311188
364.893250
364.656952
364.276917
363.884430
363.575226
362.760162
362.835266
362.563721
362.163513
361.891174
361.499115
361.182465
360.890564
360.445801
360.133942
359.248505
358.809540
261.598206
466.478363
589.928894
459.895966
456.940155
456.935211
451.187256
448.253693
445.548126
442.916534
440.366577
437.895538
435.545227
433.228241
433.141754
428.947998
426.841248
424.815186
422.947357
421.923370
419.332764
417.497681
415.924347
414.306915
412.827728
412.446594
409.370483
407.921814
406.604950
405.143585
403.808533
402.609711
401.447937
400.621857
399.066376
397.813080
396.672058
395.643066
394.477661
393.337708
392.390411
391.322937
390.367523
389.419220
388.426056
387.570007
386.564667
385.731476
384.940857
384.169861
382.732056
382.577057
381.732422
379.971893
380.364105
379.707703
378.704010
378.547119
377.987335
377.227814
376.744965
376.101715
375.518158
374.953003
373.790039
373.876190
373.436859
372.883392
372.416840
371.888641
371.396942
370.878937
370.385254
369.843323
369.242126
368.536987
367.348663
367.526245
367.026306
366.506500
366.029358
365.487976
365.128754
364.673859
364.215607
363.742096
363.227356
362.860718
362.431213
361.824738
360.989868
361.085754
360.764771
360.421783
360.045807
358.660278
359.505249
359.229156
358.290070
357.974976
469.686157
466.301666
463.139160
460.362274
469.150055
454.443817
451.488159
448.739380
446.017975
443.363098
440.844421
438.050385
444.652893
433.183197
430.909180
434.714325
426.214203
424.114838
423.919464
419.520264
417.550018
415.542603
413.716156
411.849640
410.204956
408.575470
407.932953
405.354401
403.931702
403.343475
401.402557
400.127411
399.285828
397.596558
396.561401
395.579224
394.560028
393.546661
392.477325
391.488983
390.596436
389.752045
388.890442
387.996826
387.126831
386.491638
385.639130
385.020233
384.220337
383.536346
382.835907
382.142822
380.968811
380.792511
379.995667
379.208099
378.391510
377.298584
377.039551
376.209808
375.629364
374.983734
374.356323
373.785492
373.210236
372.672577
371.726135
371.768585
371.335327
370.806519
370.246674
368.346313
369.126617
368.515350
367.929016
367.472717
367.116638
364.776337
366.422363
366.063293
365.040344
365.244385
364.874359
364.493317
364.266052
363.831451
363.534943
363.231232
361.843719
362.448547
362.135193
359.272034
361.260193
360.722412
358.723724
360.156342
359.957214
359.513916
358.655579
358.343781
469.295837
466.137512
494.852875
459.800262
456.595032
498.846619
450.482544
447.653320
444.675903
441.744049
438.816956
436.108765
433.696838
431.336121
429.123993
427.146423
425.073029
424.302612
421.347443
421.965149
417.819031
416.110901
414.590271
412.959015
411.568665
410.084473
408.697998
407.539124
407.030426
404.786987
403.506134
402.376221
401.084930
400.141327
398.707489
397.249268
396.252960
394.930298
393.693237
392.763641
391.764526
390.828705
389.696655
388.801392
387.770020
386.952576
386.045105
385.150787
384.245422
383.445068
382.334839
381.836487
381.091919
379.263336
379.593719
378.955872
377.417389
377.515656
376.803406
375.996613
375.449341
374.773560
374.189941
373.715637
373.421265
372.595398
372.125977
370.207642
371.163147
370.755829
368.625549
369.885895
369.378540
368.472870
368.520447
368.036316
367.642090
367.152191
366.769470
366.325378
365.874084
364.561279
364.524872
363.870453
363.517639
362.903198
362.591705
362.142883
361.844147
361.322693
360.935181
360.447021
360.116913
359.152405
359.395477
357.286530
358.823822
358.453033
357.537445
357.256256
468.590637
465.477295
462.390442
459.448395
456.188110
453.360199
450.370941
451.272400
444.795593
442.210388
439.761505
437.190308
438.091949
432.400818
430.144836
428.192932
425.932617
423.897003
425.164917
420.049652
418.208099
416.423767
414.615448
412.877686
411.248596
409.298950
408.768707
405.992096
404.457520
403.710846
401.666077
400.466980
399.382294
397.811462
396.693542
395.728210
394.444519
393.365936
392.323364
391.397156
390.482544
389.511871
388.603790
387.431213
386.792053
385.808014
384.127502
384.056580
383.198212
382.153412
381.840057
381.202576
380.614685
379.994202
379.403046
378.346558
378.219452
376.798126
376.977356
376.400879
375.776001
375.294495
374.650604
374.100037
373.494354
372.717651
372.009613
371.328247
370.835175
369.831879
369.774719
369.254364
368.770569
368.205048
367.444427
367.328308
366.936646
366.340790
365.925018
365.531342
365.085571
364.673157
364.153992
363.456421
363.216278
362.697327
362.308228
361.863586
360.249512
361.189941
360.941162
358.297852
360.209839
359.881012
357.424500
359.296478
359.039063
358.354309
357.912384
357.739227
469.575989
466.194275
463.214691
459.936035
456.707825
495.039612
450.747498
447.821655
468.648773
442.164276
439.543182
442.943909
434.335541
431.980927
429.695740
427.385101
425.250336
423.192932
421.243286
421.272644
417.495636
415.560547
414.011993
411.969330
410.464172
408.852936
407.251556
405.984802
404.505585
403.322876
401.954865
401.320831
399.538452
398.389374
397.451141
396.336395
395.565735
394.387421
393.366699
392.401154
391.372864
390.242126
389.369293
388.425568
387.603851
386.676697
385.951050
385.181915
384.284882
383.535126
382.554840
382.084015
381.464752
380.552063
379.864441
379.193481
378.593323
377.940674
377.225281
376.200439
375.572479
374.814728
374.098785
373.505493
373.237732
372.389771
371.801849
369.778534
370.574921
370.000916
367.716339
368.929657
368.419220
367.489929
367.627930
367.140533
366.732635
366.321808
365.833557
365.325745
364.715881
363.537109
363.869690
363.455322
361.105255
362.903046
362.690521
360.849152
361.996582
361.607788
361.449280
361.092773
360.838135
360.549408
360.236328
357.865265
359.559692
359.380524
358.167450
358.045959
468.981720
465.664734
462.442902
459.352753
456.205383
453.256989
450.336639
468.637909
444.318756
441.601593
439.147797
436.433807
439.140625
431.539154
429.317993
427.115540
424.969116
422.818542
420.883698
418.963257
417.116547
416.937012
413.421234
411.712799
410.096985
408.533600
408.163300
405.805084
404.545715
403.367432
401.974274
400.807678
399.688995
398.484375
397.421509
396.495728
395.381805
394.342743
393.306152
392.292480
391.304932
390.326355
389.357422
388.146759
387.259003
386.380341
384.488953
384.378967
383.560974
382.635620
382.242279
381.562958
380.876404
380.140900
379.479523
378.820923
378.262543
377.748810
376.916931
376.125153
374.270020
374.874603
374.115356
372.090729
372.775085
371.906158
371.314484
370.657471
370.140625
369.667999
369.291779
368.865326
368.239594
367.927917
366.946808
367.087036
366.826965
366.357056
366.109192
365.663910
365.412506
365.021912
364.778839
362.891418
363.824677
363.375732
362.966339
362.634705
361.062531
361.805969
361.615509
361.121887
360.805420
360.458252
360.153961
359.936584
359.469299
358.117767
358.306732
358.142273
469.538879
466.189331
462.733307
459.693176
456.243683
490.112488
450.130737
447.168976
468.047913
441.568451
438.981903
444.363647
433.863068
431.563446
429.440125
427.245941
425.191071
423.096100
421.356506
421.429382
417.735901
415.923981
416.135406
412.315735
410.733063
410.539490
407.647522
406.393707
405.369598
403.726685
402.371124
401.223633
399.932068
398.620758
397.615570
396.280579
395.454956
394.201843
393.143005
392.102325
391.015442
389.773773
388.930847
387.658875
386.641541
385.845093
384.794830
383.927246
383.149658
382.361206
381.174072
380.542664
379.907959
379.174042
378.414673
377.846863
377.029236
376.460938
375.791931
374.223206
374.493408
373.841278
372.970734
372.411407
371.812592
371.348572
370.817169
370.213837
369.899200
369.447113
368.911865
368.480957
368.046692
366.934235
367.412292
366.889984
366.563232
366.187164
365.701141
365.289948
364.763306
363.197601
363.603302
363.068756
360.609070
362.343170
361.976563
359.861664
361.164154
360.599396
360.266937
359.894012
359.629181
359.399170
358.921509
358.664764
358.284027
357.938995
356.776398
356.868835
467.779266
464.162384
460.818176
457.735352
454.625488
451.620178
448.857300
445.943024
443.166840
440.390198
444.407562
435.324097
439.698578
430.735748
428.543579
426.515320
424.344055
422.310547
420.521332
418.537140
416.615234
414.760864
413.102173
411.435272
410.498505
408.496613
408.129028
405.647369
404.180267
403.017151
401.593811
400.441162
399.263611
398.089600
396.934845
395.878326
394.777130
393.598145
392.404022
391.220947
390.082733
388.949005
387.829620
387.136108
386.136292
385.384094
384.357452
383.416901
382.536407
381.206543
380.999084
380.170624
379.453064
378.712097
377.933411
377.284912
376.585938
376.028320
375.123444
374.175171
372.350464
372.923798
372.256500
370.327911
371.205841
370.727966
369.963959
369.702789
369.289886
368.819763
368.480042
368.066589
367.662964
367.266907
366.341278
366.406677
366.068848
365.607849
365.190033
364.687134
364.178314
363.761536
363.377808
362.974884
362.675537
362.479675
361.303314
361.721924
359.639191
360.923187
360.614868
360.045044
359.934082
359.415039
359.089447
358.777374
358.471344
357.939026
356.897369
356.436096
430.210144
463.434814
460.322083
457.234070
454.292755
468.741669
448.347046
445.484772
442.687500
440.090057
437.487091
435.027832
432.547272
430.296051
428.947998
426.095215
423.972229
421.736664
419.861023
419.877594
416.025574
414.243103
414.749481
411.083771
409.588135
409.314056
406.448242
405.169891
404.226044
402.543396
401.250427
400.100464
398.776001
397.548706
396.571564
395.183319
394.091400
392.845917
391.596649
390.219482
389.533936
388.708862
387.992401
387.149811
386.186096
385.652313
384.774506
383.758911
383.198425
382.490204
381.200287
380.964813
380.164551
379.503937
378.792023
378.025818
377.253906
376.647247
376.089447
375.294861
374.810669
374.284760
373.275208
373.144318
372.648407
372.204437
371.705994
371.049072
370.804413
370.260193
369.868774
369.437469
368.982941
368.468658
367.827942
367.340302
366.619263
366.478607
366.143982
365.764740
365.455627
364.245483
364.722107
364.397491
364.210541
363.932922
363.625244
363.361969
363.097900
362.643799
362.334259
361.945953
361.612152
361.084808
360.677124
360.339020
360.037994
359.727875
356.723785
358.639771
469.661163
842.721130
463.212189
460.233551
486.141785
454.450439
451.620636
448.848114
446.134399
443.418793
440.851593
438.206482
441.431702
433.188049
430.881287
434.915039
426.582581
424.558258
426.031830
420.718140
418.866028
417.081482
415.380615
413.784729
413.646515
410.670807
410.280518
407.753235
406.358704
405.361298
403.706573
402.374756
400.934052
399.674194
398.558044
397.355408
396.419403
395.466064
394.588898
393.545959
392.663391
391.707611
390.866974
390.083191
389.229095
388.500458
387.718719
386.990875
386.273071
385.479523
384.684052
383.816223
383.038147
382.424164
381.755310
381.212158
380.628326
379.261322
379.450867
378.837189
377.179260
377.956421
377.374084
375.560608
376.500214
376.028229
375.298889
374.933868
374.345215
373.702698
373.159088
372.669800
372.178131
371.770660
370.164764
370.921906
370.475708
368.032379
369.557190
369.244812
367.792786
368.413879
367.952789
367.496979
367.169495
366.689423
366.095032
365.635712
364.771576
364.644928
364.396057
361.681122
363.667542
363.221405
362.788818
362.529602
362.222748
361.921356
361.110046
360.749329
120.048134
469.166809
466.108246
466.798889
459.788818
477.257324
453.700378
450.691101
447.805511
445.148163
442.605408
440.035522
437.558075
435.170074
437.714813
430.823822
428.701874
426.605927
424.710022
425.432953
420.963043
419.086456
417.553497
415.791138
414.217896
412.531891
410.710541
409.174103
408.258057
406.219696
404.956909
403.745728
402.413300
401.192169
400.116943
398.896942
397.925476
396.904053
395.777985
394.475830
393.810028
392.897949
391.967041
391.089417
390.218231
389.439056
388.551208
387.701538
386.908966
386.113953
385.237579
384.336823
383.475189
381.612793
381.949066
381.285858
379.752014
380.052399
379.517426
378.749878
378.263123
377.707397
377.074371
376.556671
375.987335
375.465973
374.997040
374.162079
373.960083
373.472168
372.963715
372.498718
372.010345
371.517395
370.959320
370.295898
368.124207
369.166687
368.730408
368.223785
367.907867
366.641571
367.065125
366.683105
366.331512
365.947693
365.522827
365.189270
364.920197
364.443390
362.787109
363.731323
363.494629
363.069672
362.728638
362.472351
362.140503
361.759430
360.551636
360.313171
472.165436
468.607635
465.308746
462.397247
490.120697
456.515167
453.714020
450.904663
448.115540
445.436310
442.795624
440.233643
443.607483
435.422760
433.148315
437.189667
428.839020
426.757202
428.161285
422.896851
421.023163
419.210419
417.075012
415.349579
413.681732
412.016663
411.701050
408.985657
407.652222
406.937988
404.917847
403.729950
402.770386
401.211945
400.145264
399.224945
397.959412
396.946899
395.858185
394.880676
393.963074
393.030823
392.063354
390.991730
390.020416
389.150299
388.181915
387.270966
386.429443
385.713501
384.928406
384.218140
383.494385
382.863251
382.111084
381.465881
380.825562
379.359955
379.644470
378.944153
378.400604
377.828064
377.204498
376.705780
376.077362
375.449310
373.807465
374.025635
373.463898
372.909332
372.371094
371.886292
371.438293
370.976440
370.100433
370.015289
369.632721
367.169800
368.776459
368.299805
366.787720
367.530457
367.131409
366.747894
366.404907
365.963501
365.597229
365.235626
364.353302
364.014648
363.661072
360.930328
362.852631
362.390137
359.882416
361.817078
361.516052
360.711945
360.307037
359.971710
471.994995
468.765076
465.536926
462.619781
459.639343
476.608459
453.954102
451.124146
448.342194
445.658600
443.038147
440.445099
437.865936
435.166260
432.754486
430.499359
428.279358
427.514984
424.196472
425.082855
420.437927
418.630707
416.991913
415.258759
413.669769
412.093689
410.531433
409.191925
407.774353
406.451233
405.200256
404.064819
402.663208
401.396545
400.322968
399.145477
398.257965
396.875916
395.585815
394.467773
393.384521
392.400482
391.249847
390.605896
389.679382
388.795471
387.859375
387.109436
386.345825
385.638245
384.674408
384.269684
383.558350
381.914429
382.273834
381.728821
380.281097
380.527100
379.958191
379.247772
378.693695
377.956635
377.284393
376.728180
376.153931
375.616180
375.132385
373.097076
374.029846
373.429688
371.276764
372.493561
372.014923
371.131012
371.091095
370.654633
370.222870
369.760803
369.413147
368.364380
368.611877
367.223297
367.534119
366.955566
366.520538
366.061920
365.643036
365.309509
364.940094
364.540070
364.193451
363.792419
363.535461
362.787292
362.810883
360.632874
362.176636
361.916260
360.984161
360.830139
473.305420
469.813904
466.701416
463.474731
523.165649
457.186157
454.212494
452.911438
448.487732
445.796753
443.207886
440.634857
442.253052
435.650543
433.391754
431.200562
429.029144
426.928253
427.984741
423.096710
421.314178
419.618042
417.803223
416.151276
414.551819
412.973541
412.479584
409.644684
408.170441
407.435486
405.394226
404.174072
403.202393
401.605499
400.497864
399.423676
398.185333
397.130981
396.026947
395.027710
394.053314
393.060455
392.129852
391.320190
390.342590
389.523376
388.639679
387.767883
386.981140
386.186920
385.210419
384.240265
383.394562
382.657715
381.825195
380.902893
380.424133
379.100281
379.281982
378.556000
378.058136
377.522034
376.865173
376.420258
376.002075
375.505157
375.028595
374.477417
374.002380
373.372467
372.985962
372.493225
371.978912
371.510223
370.725555
370.220551
369.434143
368.794952
368.313568
367.861298
365.942719
367.032196
366.520447
366.162567
365.809631
365.389648
365.064117
364.688538
363.511627
363.885071
363.649719
360.997650
363.006592
362.547607
360.220032
361.893219
361.569519
360.974243
360.156830
359.777710
471.939606
468.715973
465.330475
462.427612
459.464783
500.328949
453.596252
450.843842
471.835693
445.333740
442.666718
446.223358
437.623260
435.263367
433.034943
430.861603
428.607147
426.405365
424.163849
424.650269
420.325714
418.385193
416.761017
415.049988
413.504364
411.931915
410.381744
409.039948
407.694885
406.359375
405.036346
404.278198
402.575897
401.400146
400.303192
399.126312
398.041779
396.706238
395.553070
394.493042
393.494965
392.500031
391.670685
390.803955
389.878540
389.142517
388.279266
387.492035
386.670166
385.902130
385.000488
384.372620
383.631897
382.942810
382.179749
381.576202
380.086548
380.256104
379.782745
378.996826
378.431702
377.797577
377.216431
376.785767
376.217041
375.718109
375.103363
372.950623
374.029449
373.438599
371.525055
372.633759
372.164856
371.462921
371.332947
370.877106
370.471252
369.886810
369.433716
368.848785
368.321503
366.340942
367.341919
366.888855
364.378754
366.176208
365.854095
364.321472
365.171265
364.635101
364.389893
363.992096
363.667480
362.087677
363.021576
360.908966
362.347626
362.043823
361.145782
360.851990
473.029053
469.417969
466.064087
462.981018
459.765564
456.778870
453.930908
461.241547
448.349670
445.666229
443.065063
440.572479
440.354919
435.824524
433.567505
431.447632
429.235870
427.127594
425.130493
423.239044
421.378113
420.006836
417.833710
416.086853
414.194946
412.460663
411.669220
409.109467
407.618622
406.886414
404.852661
403.704987
402.764069
401.051086
400.014771
399.044739
398.037994
396.918884
395.863007
394.877655
394.538086
392.711426
391.694763
390.456329
389.882141
389.124054
387.444519
387.312805
386.362640
385.438263
384.675720
383.975891
383.167450
382.403595
381.803589
381.267365
380.533997
379.149963
379.210052
378.441345
376.538696
377.240143
376.497070
375.963715
375.376007
374.693909
374.073029
373.294006
372.642029
371.392975
371.324219
369.369781
370.120026
369.665649
369.164154
368.803894
368.400055
367.893463
367.493408
367.059814
366.611389
366.163239
365.761597
364.976166
364.961243
364.583282
364.178314
363.894867
363.114929
363.055145
362.762299
362.315674
361.859314
361.569733
361.182678
360.821808
360.506683
360.047638
359.357086
358.971802
471.365479
468.166473
520.389587
461.675659
458.590118
507.067627
452.538147
449.751404
468.673737
444.146210
441.439270
441.081421
436.225891
433.789124
431.555756
429.246735
427.102081
425.021942
423.146881
423.988098
419.502716
417.714874
418.288727
414.428223
412.940216
412.442780
409.791779
408.433105
407.048065
405.642242
404.350830
403.065277
401.679657
400.645569
399.143433
397.913300
396.831879
395.692169
394.584991
393.577667
392.400513
391.244507
390.384155
389.431671
388.418304
387.467621
386.529938
385.023071
384.713562
383.847229
383.030579
382.117249
381.156067
380.186768
379.338348
378.695648
378.030823
377.390686
376.984283
376.148743
375.787140
375.153198
374.577728
374.001495
373.169586
372.992126
372.521301
371.937164
371.497101
370.917206
369.177612
370.023590
369.452759
368.851044
368.440002
367.905029
367.451019
367.031708
366.226807
366.232178
365.880066
363.536041
365.159821
364.706085
362.576813
364.111603
363.765442
363.080811
363.023071
362.500488
362.203705
361.750397
361.467468
360.878571
360.534607
358.345673
359.626465
359.262787
355.961487
358.214294
469.776855
620.501587
463.503784
460.556915
458.034393
454.766663
451.822205
449.091248
446.258331
456.230713
441.128479
438.486115
436.152954
433.482941
430.960144
428.634186
426.424255
424.183075
422.187012
420.189636
418.361908
418.191498
414.722687
413.078339
411.552307
409.999542
408.659302
406.717865
405.325378
403.931305
402.591309
401.309723
399.994476
398.627747
397.368958
396.284088
395.044495
393.935150
392.897339
391.929932
391.130310
390.062958
389.205902
388.189362
387.290436
386.545898
385.241364
384.909698
384.138550
383.430115
382.790497
382.163910
381.381714
380.693573
379.994995
379.015991
378.307281
376.437408
377.005005
376.247375
374.416718
375.059204
374.388885
373.536713
373.296478
372.779327
372.192505
371.616089
371.193207
370.650482
370.203552
368.746521
369.315796
368.758820
366.435822
367.600830
367.075867
365.425262
366.012177
365.544098
365.105774
364.737061
364.221344
362.495392
363.445313
361.585449
362.650452
362.241730
361.887146
361.441162
361.188080
360.839661
360.493652
360.218140
359.765656
359.299835
358.895752
357.572174
357.639374
357.332855
470.114044
466.501221
492.587524
460.078247
456.984039
454.088837
451.173828
448.293945
445.292664
442.528107
439.906616
441.090210
434.832611
432.375488
429.950378
427.396515
428.654236
423.027740
421.017792
419.229340
417.319092
415.615204
413.949646
412.241394
410.692535
409.569977
407.714172
406.512787
405.089417
403.762909
403.643616
401.286530
399.981140
399.012360
397.684448
396.237244
394.951355
393.893890
392.748413
391.872620
390.714386
389.627655
388.730621
387.781189
386.806763
386.121277
385.250549
384.201843
383.638733
382.896118
381.164825
381.271332
380.476563
379.022736
379.042572
378.291260
377.531525
376.859009
376.370239
374.953064
375.335999
373.521881
373.979187
373.426239
372.784576
372.316101
371.802643
371.189575
370.822693
370.247772
369.796692
369.332092
368.873108
367.645050
367.779358
367.150940
366.549591
365.964630
365.203857
365.193634
364.760773
364.282593
363.887970
363.440521
363.121399
362.705597
362.352386
361.649658
361.573669
361.058411
360.733337
360.203949
358.414764
359.352051
358.908112
356.226013
358.123657
357.761383
354.501526
356.732941
468.251312
534.557068
461.493378
458.446777
455.697571
452.658478
449.884277
447.096375
444.277832
455.322083
439.249542
436.781372
444.798950
431.905365
429.609253
431.012024
425.259003
423.275574
421.493805
419.726898
418.030090
416.245209
414.639923
414.491028
411.634613
410.105225
409.755280
407.193787
405.773254
404.376587
402.951477
401.610321
399.873047
398.176392
396.850128
395.729858
394.135620
392.850159
391.659302
390.484344
389.513336
388.293304
387.424713
386.509033
385.603149
384.702484
383.884033
382.941467
382.134369
381.316345
380.857452
380.078033
379.152649
378.419312
377.450104
376.946289
376.346680
375.779236
375.281708
374.681183
374.270813
373.846588
373.361877
372.792938
372.427460
371.812805
371.372925
370.759155
369.075256
369.500702
368.801208
366.568146
367.461670
366.964813
364.527161
365.729828
365.447540
364.472626
364.658447
364.307983
363.855286
363.275177
362.803619
362.638977
362.454803
361.031708
361.956757
361.898987
359.194580
360.936218
360.491333
358.678589
359.810547
359.427673
359.107941
358.880615
358.459137
358.074982
357.181854
356.261566
468.959869
465.761597
473.482788
459.558655
456.312744
453.201935
449.986237
446.846313
443.976593
441.130157
438.418365
445.615356
433.044128
430.458008
428.525787
425.887268
426.014160
421.534790
419.642578
417.687042
415.760101
414.007599
412.241577
410.486420
408.676270
408.276947
405.720490
404.430267
403.071075
401.934021
401.518829
399.789246
398.614014
397.565796
396.560333
395.594238
394.573090
393.592712
392.569305
391.731140
390.553864
389.399353
388.423218
387.561066
386.621582
385.794159
384.838776
383.396912
383.023102
382.146942
380.419525
380.634216
379.831024
378.757782
378.415161
377.790344
377.116394
376.391693
375.530579
374.753021
374.042938
373.276703
372.666046
372.116638
370.245270
371.134247
370.653931
368.881195
369.729279
369.297302
368.826050
368.448914
368.100250
367.719971
367.197266
366.655701
365.975555
365.551605
364.989838
364.797333
364.388489
363.997070
363.504822
363.083771
362.608917
362.163727
361.767609
359.539307
361.008240
360.350403
360.060913
359.750641
358.361969
358.972382
358.474823
357.943542
357.627045
357.223450
356.286102
355.905579
467.245880
630.496460
460.468079
457.668854
454.866211
451.921112
483.187378
446.630096
443.842529
443.213745
438.643707
436.149567
433.596313
431.008972
428.606873
428.816193
424.207397
421.990051
420.239624
418.457764
416.709167
414.788330
413.204590
412.924805
409.955414
408.341064
407.947266
405.421204
403.929352
403.291107
401.055969
399.888214
398.576538
396.978180
395.753662
394.431641
393.418854
392.913422
391.146240
390.237671
388.839600
388.341370
387.534149
386.298309
385.763885
385.081055
384.283508
383.565643
382.767242
382.024658
381.242981
380.539246
379.725952
378.901001
377.944275
377.472534
376.753693
376.108337
375.567383
374.787354
374.247772
373.568878
372.843933
371.399963
371.878723
371.294220
370.732208
370.132935
368.811890
369.022247
368.635712
367.981354
367.284424
366.691284
366.296906
365.806213
365.410553
364.190979
364.768250
364.474762
363.988556
363.676361
363.409821
362.910431
362.632080
361.968567
361.951355
361.729858
359.035004
360.709473
360.339172
359.114258
359.366669
358.974152
358.527618
358.293915
358.007599
357.733246
356.876282
355.122009
468.508728
465.146362
643.540283
458.988403
455.818695
494.696594
449.965729
447.079132
446.435242
440.946259
438.161102
435.376160
432.781097
433.208923
428.034821
426.025513
428.244781
421.744232
419.984711
418.271820
416.537750
414.510590
412.699829
411.081421
409.567261
408.074371
406.542114
404.978149
403.720306
402.023834
401.357117
399.692688
398.455780
397.246765
396.193787
394.999603
394.071777
392.956696
391.925903
390.682251
389.672302
388.563690
387.522675
386.577087
385.154114
384.474426
383.423737
382.449951
381.504639
380.648041
379.882355
379.271088
378.450226
377.295990
376.871918
376.173370
375.655121
375.058563
374.606842
374.002167
373.522430
372.153564
372.449280
372.032166
369.906097
370.728180
370.295563
368.829010
369.223785
368.672119
368.164398
367.783905
367.110291
366.694153
366.216766
365.632172
365.349060
364.876495
362.639740
363.994843
363.527466
361.171051
362.485565
361.972961
361.033752
361.067627
360.582489
360.208984
359.776245
359.272827
358.095734
358.452301
357.469696
358.017151
357.752747
357.467682
357.050934
356.856323
356.006073
355.616791
467.265442
464.107269
460.659241
457.591614
469.764008
451.848602
478.255615
446.257141
443.399506
441.441833
438.075806
435.536743
433.230530
430.843719
428.629822
432.004150
424.416229
422.049255
420.281281
418.017914
416.068085
414.215271
412.411560
411.501160
409.146790
407.397736
405.749725
404.361237
402.912720
402.239502
400.272491
399.067383
397.871826
396.534515
395.177002
394.064728
392.968506
392.218994
390.657806
389.586761
388.267487
387.941620
386.937225
385.656860
385.221985
384.477478
383.752686
382.838440
382.131989
381.416473
380.666687
379.783783
378.787689
378.067413
377.057343
376.542206
375.873871
375.174042
374.556641
373.755249
373.040802
372.230103
371.578094
370.892212
370.217560
369.655640
368.665344
368.595337
366.945251
367.297516
366.819000
366.136475
365.671112
365.350159
364.957977
364.548309
364.159698
363.485718
363.259918
362.847961
362.201385
362.285980
361.839996
361.387421
361.091644
360.244110
360.179474
359.858734
359.552216
359.099945
358.743591
358.420410
358.298401
357.885468
357.436920
357.339874
357.083252
356.872772
356.073029
354.929596
468.308472
464.940399
641.583435
458.286133
455.193512
497.598785
449.252594
446.252625
446.386719
440.573853
437.874237
435.336823
432.792389
430.333923
428.045410
425.775757
427.803253
421.563202
419.604980
421.031799
415.647003
413.773499
413.602325
410.278412
408.865448
407.277527
405.789307
404.462372
403.047028
401.830078
401.377716
399.481720
398.390015
397.069275
396.101440
394.961975
393.767273
392.478485
391.265564
390.267975
389.264954
388.320984
387.243805
386.535797
385.048431
384.679138
383.697327
382.862823
382.069519
381.168793
380.396088
379.439728
378.587463
377.661224
376.758301
375.842377
374.747925
374.166595
373.450470
372.514832
372.038574
371.028351
370.802917
370.302490
369.836426
369.348389
369.077332
368.790314
368.434723
367.926300
367.359253
366.923584
366.478882
365.869720
365.608337
365.045319
364.770996
364.394867
362.263367
363.702332
363.222931
360.929382
362.352875
361.970428
361.146637
361.165924
360.820526
360.470154
360.215942
359.508453
359.077759
358.660339
356.643188
357.914398
357.387726
354.647430
356.627869
356.192017
353.677368
354.857361
467.238251
473.623505
460.224609
457.055756
511.793701
451.025421
481.012817
445.795349
441.825623
441.012878
436.536041
433.836395
431.462341
429.270844
427.101349
425.131714
422.939453
420.987091
421.616486
417.366882
415.698334
413.825836
412.363647
411.634247
408.978577
407.319702
405.635376
404.222900
402.858765
401.512695
400.164978
398.801758
397.938873
396.130280
395.226959
393.948975
392.958008
392.020142
390.749237
389.644745
388.576233
387.584625
386.343872
385.131744
384.008545
383.049347
382.078674
381.030487
380.085480
379.188904
378.282349
377.419769
376.577820
375.861542
374.483154
374.777557
374.212799
372.444061
373.191864
372.564545
371.663971
371.562683
370.995239
370.520508
370.012512
369.738434
369.195831
368.956848
367.916260
367.994202
367.703522
365.526733
366.848907
366.395782
365.983917
365.532471
365.120361
364.471466
364.027802
363.548462
361.924713
362.573883
360.428284
361.788818
361.459656
360.836914
360.638977
360.160828
359.908020
359.369202
359.052185
358.589600
358.240784
357.868561
356.606384
356.970306
356.449127
356.079010
355.074585
353.770874
466.131653
462.425110
459.341919
456.298828
453.225525
450.709473
447.779297
445.309814
447.351776
440.100616
437.744537
435.411682
432.895691
433.748962
428.204681
425.716003
428.570313
421.696716
419.846710
421.131714
416.079712
414.281464
413.368774
411.044159
409.495453
408.041412
406.280518
404.995209
403.366455
402.095947
401.006348
399.133270
397.793579
396.537506
395.102325
393.814301
393.075043
391.558319
390.424652
389.317017
388.218567
387.218994
385.890228
385.319031
383.965363
383.487000
382.533447
381.705078
380.836334
380.022095
379.388550
378.717560
377.990417
377.433685
376.769348
376.193756
375.016632
375.019592
374.625580
373.897858
373.541443
372.849213
372.214539
371.825165
371.032654
370.396301
369.866364
369.227692
368.725128
368.098297
367.239563
366.885498
366.322418
365.699097
365.308929
364.002106
364.303436
363.791748
363.165863
362.651764
362.074310
361.436890
360.981567
360.465546
359.879639
359.682770
359.362457
358.944641
358.596985
358.198425
357.921539
357.643127
355.597961
357.237122
356.821075
354.085571
356.163696
355.544250
353.762238
354.542633
466.260956
463.546356
459.421143
456.526337
453.536835
450.555054
465.595612
445.042725
442.277435
458.209320
437.000732
434.495941
440.639648
429.357880
427.068542
424.723694
422.596527
420.373260
421.733459
416.550903
414.701904
412.977295
411.107849
410.034485
407.754944
406.236786
404.601288
403.384308
401.918915
400.570313
399.141327
397.914429
397.261047
395.520813
394.600006
393.487305
392.484161
391.591797
390.321899
389.343231
388.503265
387.590149
386.848083
386.110138
385.267303
384.803864
383.486084
382.454742
381.901489
381.239380
380.477753
379.845825
379.306000
378.692078
377.155304
377.733734
377.328369
375.655487
376.343475
375.729431
374.993103
374.638947
373.941132
373.305939
372.679779
372.116150
371.693787
371.242645
369.852875
370.295990
369.864655
367.615448
368.944061
368.449188
366.927124
367.691193
367.335083
366.839325
366.475189
365.937439
365.393402
364.959412
364.261688
364.061493
363.795166
363.155609
363.100769
362.761444
362.415924
361.981140
361.747528
361.374603
361.087952
360.746490
358.961273
360.078979
359.664856
359.254120
358.356537
357.307678
469.124969
465.664612
462.595093
459.590027
456.693787
453.802582
451.029816
448.262329
456.627136
442.842163
440.299286
437.729675
435.296051
439.894928
430.313599
428.121338
426.389801
423.788544
421.922699
420.029053
418.229675
416.415222
415.646362
413.142792
411.632202
410.115051
408.567322
407.182953
405.878326
404.487671
403.662567
401.759460
400.374817
399.251587
397.911896
396.650055
395.883972
394.673401
393.606323
392.650574
391.650055
390.699371
389.910919
388.934204
388.402283
387.218475
386.383789
384.808990
384.716125
383.892670
382.064850
382.076569
381.260468
380.559753
379.859924
379.236237
378.621429
378.102783
377.583527
376.894348
376.528931
375.683533
375.491058
374.956665
374.485352
373.981720
373.443024
372.785126
372.176483
371.525360
370.008392
370.472931
369.917236
369.440308
369.084869
367.561493
368.122589
367.582275
367.307953
367.009155
366.616058
366.181183
365.782501
365.406250
364.328125
364.581787
364.062256
363.700226
363.199982
362.708618
362.469208
362.020874
359.923706
361.372253
361.072266
358.352722
360.458099
360.185364
358.246155
359.103790
470.785828
468.399353
464.174561
461.074036
457.907104
454.878326
467.629272
448.894043
446.131653
462.141510
440.959290
438.330688
445.022766
433.588409
431.317169
430.151123
427.160217
425.078430
423.112579
421.223328
419.359802
417.397736
415.539795
414.505371
412.111877
410.536224
408.966705
407.590759
406.223114
404.884644
403.537628
402.338806
401.070099
399.863647
398.790466
397.696381
396.567200
395.742584
394.510529
393.414825
392.252563
391.183441
390.119751
389.202576
388.043762
387.063110
385.845459
385.273407
384.509399
383.770996
383.011627
381.665436
381.576385
380.985413
380.269012
379.634735
378.955200
378.275269
377.534821
376.704376
375.777740
375.424683
374.760406
374.298584
373.762939
373.209290
372.674957
372.061249
370.560791
371.110199
370.581543
368.297455
369.578217
369.172852
367.802246
368.138489
367.541901
366.967468
366.586395
366.107635
365.687836
365.357086
364.424377
364.509186
364.113220
361.684265
363.490875
363.171783
360.986542
362.441528
362.274536
361.580292
361.513062
361.085297
360.704559
360.385071
360.088531
359.519501
358.944000
358.113373
470.416077
466.785004
463.735291
460.793488
457.874237
455.006653
452.104187
449.215515
466.253021
443.572083
440.776031
438.688934
435.611359
438.580353
430.920471
428.801910
426.735107
424.574005
422.618164
420.767151
418.979889
417.199890
417.187286
413.869690
412.354614
410.784363
409.051331
407.542297
406.086914
404.601837
403.482727
402.036224
400.749207
399.568970
398.410034
397.204956
396.454163
395.204987
394.145538
393.151367
392.209045
391.290588
390.339844
389.384796
388.113922
387.366272
386.399963
384.680603
384.712128
383.955719
382.738220
382.520538
381.778809
381.062592
380.373413
379.756226
379.062927
378.458771
377.969818
377.190430
376.613037
374.653381
375.162231
374.486969
372.468872
373.299713
372.752228
371.982819
371.698364
371.137146
370.692810
370.208435
369.734467
369.115265
368.803375
367.833954
368.005280
367.519440
367.164673
366.757111
366.400360
365.964447
365.384460
364.778381
362.858429
363.952911
363.486938
363.125732
362.835144
360.917023
362.077393
361.642883
361.311920
360.997223
360.675293
360.375122
360.031860
359.693054
357.609131
358.502380
470.559753
467.210815
463.942566
460.829071
457.909576
454.966339
461.522369
448.843536
446.041412
462.253754
440.661102
438.198120
441.892456
433.515472
431.362885
429.232513
427.249268
425.187256
423.292389
421.454926
421.539215
417.909454
416.256989
416.569427
413.097290
411.465393
410.879120
408.148254
406.647552
405.498810
404.009613
402.843781
401.621124
400.441956
399.371033
398.241364
397.321686
396.516815
395.312653
394.334564
393.366516
392.338440
391.464142
390.655701
389.755615
388.865387
387.822113
386.950287
386.099579
385.243591
384.511688
383.350281
383.043243
382.316650
381.576385
380.885376
380.299561
379.642303
379.078064
378.351959
376.883148
377.269562
376.595612
376.022217
375.453796
374.725800
374.092163
373.417480
372.759552
372.260712
371.802185
371.333923
370.831024
370.377167
369.036102
369.455963
369.052277
368.558960
368.188751
367.762787
367.402802
367.023560
365.345459
366.217834
365.874237
363.241943
364.965271
364.421936
362.538788
363.420135
363.099182
362.568298
362.329071
362.019318
361.682404
361.321167
360.613861
360.776978
359.874542
357.130768
471.681427
468.135925
637.902710
462.144135
459.167450
469.693329
453.324066
450.489685
447.770569
444.966064
442.152893
439.351868
436.728668
438.275482
431.839142
429.711395
427.641235
425.595276
423.682037
421.750488
419.933533
418.135376
416.484283
414.831940
413.282654
412.116638
410.181793
409.731293
407.358032
406.011658
404.651794
403.407196
402.095245
400.819946
399.672699
398.254547
397.165375
395.861664
394.756287
393.687073
392.691833
391.721710
390.748138
389.921600
389.021851
388.160797
387.329041
386.506714
385.703522
384.974426
384.004822
383.518585
382.805664
382.078217
381.301422
380.686829
380.025696
379.249054
377.954315
377.548065
376.923248
374.833893
375.466187
375.013153
373.397980
373.935852
373.381317
372.734253
372.332275
371.802673
371.356476
370.869110
370.353790
369.976257
369.555115
368.883881
368.630554
368.167023
367.756012
367.273743
366.888611
366.259613
365.678436
365.175568
364.815094
364.367950
363.968781
363.166931
363.334656
361.952820
362.553345
362.061829
361.815277
361.459290
361.154541
360.855408
360.548279
360.286316
359.365143
359.105896
471.038055
496.718201
464.497772
538.608459
457.956970
454.981659
453.988678
449.158813
446.279877
443.662506
441.125092
438.523743
444.310608
433.688904
431.442596
429.497345
427.252563
425.203979
423.294525
421.369812
420.735901
417.909576
416.246643
414.567322
412.839905
411.137817
410.498138
408.195190
406.747955
405.445190
404.265411
403.029358
401.735809
