3628.000000
3634.000000
3694.000000
3638.000000
3694.000000
3712.000000
3692.000000
3640.000000
3688.000000
3650.000000
3682.000000
3584.000000
3686.000000
3616.000000
3688.000000
3586.000000
3694.000000
3584.000000
3622.000000
3586.000000
3710.000000
3628.000000
3626.000000
3584.000000
3588.000000
3624.000000
3650.000000
3588.000000
3622.000000
3674.000000
3700.000000
3644.000000
3622.000000
3702.000000
3642.000000
3594.000000
3708.000000
3630.000000
3702.000000
3590.000000
3624.000000
3644.000000
3644.000000
3584.000000
3632.000000
3638.000000
3654.000000
3590.000000
3704.000000
3620.000000
3694.000000
3616.000000
3586.000000
3710.000000
3588.000000
3598.000000
3700.000000
3634.000000
3638.000000
3642.000000
3616.000000
3648.000000
3706.000000
3636.000000
3698.000000
3704.000000
3638.000000
3602.000000
3640.000000
3624.000000
3700.000000
3600.000000
3710.000000
3686.000000
3698.000000
3584.000000
3676.000000
3700.000000
3698.000000
3642.000000
3640.000000
3612.000000
3686.000000
3586.000000
3704.000000
3694.000000
3670.000000
3600.000000
3648.000000
3692.000000
3700.000000
3646.000000
3620.000000
3584.000000
3684.000000
3586.000000
3686.000000
3612.000000
3640.000000
3640.000000
3684.000000
3630.000000
3696.000000
3588.000000
3628.000000
3706.000000
3626.000000
3640.000000
3684.000000
3716.000000
3692.000000
3624.000000
3702.000000
3706.000000
3626.000000
3630.000000
3622.000000
3700.000000
3610.000000
3590.000000
3710.000000
3642.000000
3656.000000
3638.000000
3676.000000
3622.000000
3596.000000
3618.000000
3676.000000
3692.000000
3604.000000
3584.000000
3690.000000
3628.000000
3620.000000
3640.000000
3636.000000
3626.000000
3688.000000
3596.000000
3696.000000
3702.000000
3682.000000
3584.000000
3680.000000
3662.000000
3628.000000
3554.000000
3666.000000
3748.000000
3678.000000
3576.000000
3552.000000
3700.000000
3716.000000
3546.000000
3618.000000
3608.000000
3692.000000
3604.000000
3588.000000
3584.000000
3618.000000
3620.000000
3592.000000
3646.000000
3610.000000
3622.000000
3638.000000
3598.000000
3694.000000
3586.000000
3642.000000
3674.000000
3670.000000
3590.000000
3696.000000
3680.000000
3676.000000
3566.000000
3618.000000
3626.000000
3764.000000
3618.000000
3768.000000
3586.000000
3662.000000
3652.000000
3670.000000
3736.000000
3732.000000
3670.000000
3766.000000
3728.000000
3720.000000
3710.000000
3772.000000
3772.000000
3744.000000
3652.000000
3766.000000
3718.000000
3754.000000
3652.000000
3774.000000
3774.000000
3760.000000
3664.000000
3736.000000
3722.000000
3716.000000
3656.000000
3712.000000
3722.000000
3720.000000
3664.000000
3758.000000
3720.000000
3758.000000
3774.000000
3764.000000
3768.000000
3718.000000
3674.000000
3724.000000
3766.000000
3716.000000
3704.000000
3752.000000
3772.000000
3728.000000
3760.000000
3726.000000
3754.000000
3750.000000
3734.000000
3770.000000
3760.000000
3766.000000
3668.000000
3734.000000
3768.000000
3762.000000
3760.000000
3762.000000
3758.000000
3732.000000
3622.000000
3736.000000
3758.000000
3740.000000
3710.000000
3744.000000
3732.000000
3734.000000
3692.000000
3738.000000
3730.000000
3726.000000
3620.000000
3724.000000
3742.000000
3732.000000
3618.000000
3668.000000
3728.000000
3722.000000
3690.000000
3722.000000
3734.000000
3702.000000
3656.000000
3654.000000
3742.000000
3732.000000
3660.000000
3718.000000
3720.000000
3762.000000
3670.000000
3734.000000
3728.000000
3712.000000
3650.000000
3702.000000
3732.000000
3692.000000
3590.000000
3772.000000
3682.000000
3726.000000
3708.000000
3710.000000
3728.000000
3692.000000
3662.000000
3720.000000
3700.000000
3650.000000
3708.000000
3766.000000
3764.000000
3676.000000
3652.000000
3764.000000
3702.000000
3774.000000
3706.000000
3756.000000
3712.000000
3770.000000
3600.000000
3758.000000
3748.000000
3760.000000
3610.000000
3718.000000
3770.000000
3702.000000
3708.000000
3694.000000
3702.000000
3760.000000
3648.000000
3746.000000
3698.000000
3708.000000
3594.000000
3762.000000
3698.000000
3756.000000
3658.000000
3706.000000
3774.000000
3766.000000
3658.000000
3748.000000
3764.000000
3762.000000
3644.000000
3746.000000
3680.000000
3770.000000
3636.000000
3682.000000
3744.000000
3696.000000
3584.000000
3764.000000
3682.000000
3748.000000
3648.000000
3744.000000
3692.000000
3676.000000
3642.000000
3700.000000
3746.000000
3752.000000
3642.000000
3740.000000
3748.000000
3716.000000
3626.000000
3676.000000
3748.000000
3672.000000
3640.000000
3760.000000
3750.000000
3752.000000
3640.000000
3750.000000
3764.000000
3690.000000
3700.000000
3684.000000
3768.000000
3706.000000
3636.000000
3688.000000
3676.000000
3706.000000
3704.000000
3704.000000
3740.000000
3672.000000
3700.000000
3740.000000
3754.000000
3746.000000
3700.000000
3748.000000
3678.000000
3680.000000
3694.000000
3738.000000
3682.000000
3688.000000
3644.000000
3680.000000
3756.000000
3740.000000
3646.000000
3746.000000
3736.000000
3668.000000
3640.000000
3682.000000
3684.000000
3688.000000
3636.000000
3690.000000
3696.000000
3752.000000
3700.000000
3692.000000
3682.000000
3688.000000
3634.000000
3706.000000
3752.000000
3684.000000
3634.000000
3708.000000
3684.000000
3744.000000
3634.000000
3692.000000
3682.000000
3742.000000
3624.000000
3666.000000
3744.000000
3658.000000
3622.000000
3708.000000
3696.000000
3702.000000
3594.000000
3706.000000
3694.000000
3658.000000
3598.000000
3708.000000
3592.000000
3650.000000
3638.000000
3620.000000
3686.000000
3662.000000
3592.000000
3686.000000
3680.000000
3676.000000
3618.000000
3684.000000
3700.000000
3690.000000
3624.000000
3680.000000
3686.000000
3692.000000
3588.000000
3648.000000
3638.000000
3686.000000
3632.000000
3688.000000
3692.000000
3690.000000
3644.000000
3606.000000
3672.000000
3690.000000
3622.000000
3652.000000
3678.000000
3700.000000
3646.000000
3682.000000
3700.000000
3668.000000
3646.000000
3686.000000
3686.000000
3686.000000
3640.000000
3666.000000
3664.000000
3678.000000
3646.000000
3678.000000
3660.000000
3678.000000
3626.000000
3666.000000
3676.000000
3672.000000
3640.000000
3670.000000
3678.000000
3666.000000
3632.000000
3668.000000
3694.000000
3680.000000
3606.000000
3670.000000
3706.000000
3664.000000
3630.000000
3672.000000
3612.000000
3692.000000
3628.000000
3682.000000
3668.000000
3664.000000
3632.000000
3684.000000
3688.000000
3678.000000
3634.000000
3662.000000
3678.000000
3660.000000
3638.000000
3618.000000
3662.000000
3690.000000
3638.000000
3692.000000
3688.000000
3678.000000
3622.000000
3664.000000
3692.000000
3654.000000
3586.000000
3698.000000
3680.000000
3680.000000
3622.000000
3684.000000
3688.000000
3672.000000
3634.000000
3668.000000
3700.000000
3700.000000
3628.000000
3684.000000
3692.000000
3674.000000
3642.000000
3706.000000
3698.000000
3678.000000
3590.000000
3674.000000
3684.000000
3650.000000
3640.000000
3688.000000
3688.000000
3652.000000
3640.000000
3686.000000
3690.000000
3686.000000
3588.000000
3690.000000
3652.000000
3670.000000
3590.000000
3684.000000
3690.000000
3704.000000
3586.000000
3674.000000
3610.000000
3682.000000
3616.000000
3668.000000
3708.000000
3700.000000
3638.000000
3688.000000
3698.000000
3676.000000
3642.000000
3680.000000
3684.000000
3614.000000
3592.000000
3674.000000
3670.000000
3674.000000
3642.000000
3680.000000
3690.000000
3690.000000
3588.000000
3664.000000
3688.000000
3694.000000
3584.000000
3680.000000
3672.000000
3688.000000
3590.000000
3684.000000
3680.000000
3672.000000
3586.000000
3682.000000
3694.000000
3616.000000
3632.000000
3654.000000
3728.000000
3678.000000
3588.000000
3688.000000
3692.000000
3660.000000
3612.000000
3656.000000
3690.000000
3744.000000
3634.000000
3700.000000
3604.000000
3682.000000
3624.000000
3684.000000
3638.000000
3660.000000
3638.000000
3614.000000
3750.000000
3680.000000
3640.000000
3678.000000
3680.000000
3664.000000
3646.000000
3678.000000
3660.000000
3658.000000
3626.000000
3684.000000
3674.000000
3668.000000
3634.000000
3700.000000
3674.000000
3682.000000
3644.000000
3700.000000
3684.000000
3664.000000
3590.000000
3688.000000
3686.000000
3668.000000
3642.000000
3648.000000
3688.000000
3602.000000
3624.000000
3690.000000
3670.000000
3682.000000
3622.000000
3606.000000
3664.000000
3684.000000
3606.000000
3682.000000
3616.000000
3684.000000
3588.000000
3668.000000
3682.000000
3612.000000
3702.000000
3692.000000
3668.000000
3692.000000
3628.000000
3686.000000
3662.000000
3702.000000
3584.000000
3658.000000
3682.000000
3670.000000
3586.000000
3700.000000
3648.000000
3678.000000
3592.000000
3706.000000
3670.000000
3672.000000
3588.000000
3702.000000
3690.000000
3694.000000
3600.000000
3702.000000
3688.000000
3690.000000
3594.000000
3648.000000
3666.000000
3666.000000
3584.000000
3692.000000
3680.000000
3694.000000
3594.000000
3698.000000
3666.000000
3656.000000
3642.000000
3672.000000
3680.000000
3664.000000
3638.000000
3668.000000
3690.000000
3680.000000
3590.000000
3754.000000
3660.000000
3674.000000
3644.000000
3664.000000
3684.000000
3688.000000
3642.000000
3674.000000
3682.000000
3690.000000
3590.000000
3656.000000
3676.000000
3700.000000
3592.000000
3676.000000
3656.000000
3660.000000
3638.000000
3672.000000
3688.000000
3756.000000
3640.000000
3652.000000
3678.000000
3692.000000
3640.000000
3672.000000
3702.000000
3676.000000
3616.000000
3662.000000
3658.000000
3666.000000
3626.000000
3660.000000
3690.000000
3672.000000
3636.000000
3664.000000
3688.000000
3668.000000
3646.000000
3686.000000
3684.000000
3702.000000
3624.000000
3672.000000
3674.000000
3694.000000
3612.000000
3682.000000
3686.000000
3660.000000
3632.000000
3680.000000
3688.000000
3676.000000
3646.000000
3608.000000
3704.000000
3670.000000
3626.000000
3628.000000
3672.000000
3748.000000
3610.000000
3682.000000
3692.000000
3690.000000
3646.000000
3700.000000
3598.000000
3670.000000
3638.000000
3662.000000
3670.000000
3686.000000
3620.000000
3658.000000
3672.000000
3694.000000
3636.000000
3666.000000
3676.000000
3686.000000
3584.000000
3666.000000
3688.000000
3668.000000
3592.000000
3650.000000
3684.000000
3702.000000
3608.000000
3664.000000
3690.000000
3692.000000
3584.000000
3680.000000
3682.000000
3630.000000
3624.000000
3744.000000
3708.000000
3752.000000
3640.000000
3686.000000
3686.000000
3668.000000
3638.000000
3682.000000
3670.000000
3676.000000
3636.000000
3660.000000
3688.000000
3686.000000
3592.000000
3652.000000
3710.000000
3678.000000
3584.000000
3704.000000
3674.000000
3666.000000
3628.000000
3692.000000
3688.000000
3692.000000
3636.000000
3660.000000
3662.000000
3676.000000
3638.000000
3664.000000
3666.000000
3662.000000
3640.000000
3708.000000
3686.000000
3666.000000
3636.000000
3672.000000
3686.000000
3664.000000
3634.000000
3662.000000
3726.000000
3684.000000
3634.000000
3682.000000
3682.000000
3750.000000
3640.000000
3676.000000
3656.000000
3684.000000
3606.000000
3686.000000
3684.000000
3672.000000
3644.000000
3636.000000
3670.000000
3710.000000
3644.000000
3620.000000
3666.000000
3598.000000
3588.000000
3660.000000
3666.000000
3678.000000
3626.000000
3664.000000
3664.000000
3656.000000
3622.000000
3680.000000
3734.000000
3670.000000
3644.000000
3672.000000
3670.000000
3674.000000
3644.000000
3666.000000
3650.000000
3676.000000
3626.000000
3680.000000
3662.000000
3672.000000
3616.000000
3654.000000
3696.000000
3662.000000
3626.000000
3666.000000
3660.000000
3684.000000
3586.000000
3682.000000
3658.000000
3664.000000
3642.000000
3666.000000
3662.000000
3688.000000
3616.000000
3660.000000
3670.000000
3678.000000
3634.000000
3670.000000
3684.000000
3690.000000
3612.000000
3696.000000
3670.000000
3670.000000
3646.000000
3668.000000
3660.000000
3678.000000
3584.000000
3674.000000
3678.000000
3674.000000
3620.000000
3688.000000
3678.000000
3666.000000
3622.000000
3682.000000
3678.000000
3652.000000
3624.000000
3654.000000
3690.000000
3664.000000
3626.000000
3708.000000
3662.000000
3700.000000
3594.000000
3652.000000
3672.000000
3686.000000
3598.000000
3688.000000
3670.000000
3686.000000
3646.000000
3664.000000
3662.000000
3656.000000
3638.000000
3656.000000
3668.000000
3662.000000
3606.000000
3670.000000
3680.000000
3666.000000
3604.000000
3668.000000
3602.000000
3662.000000
3622.000000
3660.000000
3670.000000
3652.000000
3620.000000
3664.000000
3666.000000
3654.000000
3618.000000
3660.000000
3668.000000
3658.000000
3632.000000
3658.000000
3662.000000
3666.000000
3626.000000
3660.000000
3658.000000
3664.000000
3618.000000
3648.000000
3662.000000
3660.000000
3608.000000
3668.000000
3682.000000
3708.000000
3642.000000
3694.000000
3678.000000
3660.000000
3626.000000
3652.000000
3700.000000
3650.000000
3584.000000
3708.000000
3622.000000
3652.000000
3656.000000
3658.000000
3594.000000
3604.000000
3606.000000
3708.000000
3664.000000
3624.000000
3668.000000
3770.000000
3752.000000
3698.000000
3640.000000
3656.000000
3588.000000
3594.000000
3556.000000
3652.000000
3708.000000
3596.000000
3592.000000
3700.000000
3648.000000
3646.000000
3644.000000
3704.000000
3654.000000
3674.000000
3592.000000
3662.000000
3676.000000
3650.000000
3588.000000
3638.000000
3656.000000
3638.000000
3594.000000
3672.000000
3660.000000
3670.000000
3622.000000
3710.000000
3660.000000
3598.000000
3676.000000
3650.000000
3590.000000
3664.000000
3640.000000
3660.000000
3718.000000
3664.000000
3640.000000
3720.000000
3676.000000
3760.000000
3542.000000
3676.000000
3616.000000
3614.000000
3656.000000
3680.000000
3660.000000
3666.000000
3588.000000
3650.000000
3596.000000
3710.000000
3602.000000
3656.000000
3660.000000
3684.000000
3628.000000
3676.000000
3656.000000
3654.000000
3600.000000
3654.000000
3722.000000
3644.000000
3650.000000
3772.000000
3744.000000
3680.000000
3642.000000
3710.000000
3672.000000
3662.000000
3586.000000
3660.000000
3668.000000
3702.000000
3728.000000
3820.000000
3644.000000
3682.000000
3638.000000
3700.000000
3592.000000
3748.000000
3606.000000
3702.000000
3774.000000
3666.000000
3656.000000
3716.000000
3742.000000
3660.000000
3624.000000
3738.000000
3656.000000
3760.000000
3652.000000
3762.000000
3710.000000
3718.000000
3666.000000
3730.000000
3684.000000
3758.000000
3584.000000
3698.000000
3774.000000
3698.000000
3598.000000
3662.000000
3758.000000
3752.000000
3590.000000
3732.000000
3754.000000
3690.000000
3692.000000
3686.000000
3658.000000
3664.000000
3602.000000
3586.000000
3768.000000
3660.000000
3592.000000
3696.000000
3740.000000
3716.000000
3592.000000
3772.000000
3688.000000
3660.000000
3616.000000
3732.000000
3664.000000
3748.000000
3524.000000
3636.000000
3652.000000
3590.000000
3756.000000
3728.000000
3642.000000
3748.000000
3530.000000
3592.000000
3764.000000
3676.000000
3640.000000
3666.000000
3656.000000
3730.000000
3622.000000
3688.000000
3724.000000
3710.000000
3608.000000
3722.000000
3656.000000
3728.000000
3648.000000
3720.000000
3744.000000
3654.000000
3708.000000
3750.000000
3594.000000
3708.000000
3710.000000
3766.000000
3690.000000
3736.000000
3644.000000
3688.000000
3760.000000
3756.000000
3652.000000
3668.000000
3690.000000
3742.000000
3634.000000
3690.000000
3720.000000
3684.000000
3698.000000
3712.000000
3702.000000
3724.000000
3596.000000
3584.000000
3708.000000
3704.000000
3706.000000
3742.000000
3678.000000
3728.000000
3594.000000
3628.000000
3660.000000
3704.000000
3600.000000
3598.000000
3656.000000
3650.000000
3674.000000
3732.000000
3770.000000
3706.000000
3608.000000
3678.000000
3660.000000
3584.000000
3706.000000
3738.000000
3692.000000
3698.000000
3640.000000
3600.000000
3652.000000
3740.000000
3668.000000
3756.000000
3732.000000
3774.000000
3590.000000
3680.000000
3684.000000
3680.000000
3638.000000
3698.000000
3746.000000
3658.000000
3704.000000
3760.000000
3666.000000
3716.000000
3586.000000
3772.000000
3738.000000
3668.000000
3626.000000
3650.000000
3592.000000
3660.000000
3654.000000
3668.000000
3718.000000
3720.000000
3706.000000
3694.000000
3634.000000
3660.000000
3588.000000
3620.000000
3698.000000
3734.000000
3664.000000
3738.000000
3684.000000
3750.000000
3592.000000
3650.000000
3718.000000
3710.000000
3602.000000
3658.000000
3668.000000
3734.000000
3682.000000
3666.000000
3662.000000
3752.000000
3700.000000
3740.000000
3648.000000
3664.000000
3620.000000
3736.000000
3714.000000
3640.000000
3706.000000
3752.000000
3596.000000
3682.000000
3606.000000
3670.000000
3720.000000
3738.000000
3588.000000
3708.000000
3710.000000
3660.000000
3610.000000
3656.000000
3710.000000
3704.000000
3622.000000
3720.000000
3620.000000
3666.000000
3594.000000
3698.000000
3704.000000
3686.000000
3598.000000
3628.000000
3738.000000
3652.000000
3590.000000
3640.000000
3706.000000
3696.000000
3632.000000
3720.000000
3768.000000
3624.000000
3664.000000
3680.000000
3620.000000
3652.000000
3588.000000
3708.000000
3618.000000
3686.000000
3610.000000
3696.000000
3670.000000
3700.000000
3532.000000
3588.000000
3698.000000
3684.000000
3612.000000
3690.000000
3606.000000
3678.000000
3634.000000
3640.000000
3690.000000
3686.000000
3638.000000
3700.000000
3668.000000
3666.000000
3634.000000
3722.000000
3594.000000
3614.000000
3622.000000
3630.000000
3698.000000
3648.000000
3584.000000
3690.000000
3586.000000
3634.000000
3596.000000
3686.000000
3708.000000
3632.000000
3646.000000
3708.000000
3690.000000
3692.000000
3634.000000
3684.000000
3674.000000
3600.000000
3586.000000
3616.000000
3614.000000
3686.000000
3610.000000
3708.000000
3700.000000
3602.000000
3630.000000
3624.000000
3706.000000
3672.000000
3598.000000
3654.000000
3764.000000
3634.000000
3664.000000
3690.000000
3602.000000
3664.000000
3640.000000
3648.000000
3684.000000
3600.000000
3594.000000
3696.000000
3702.000000
3624.000000
3686.000000
3720.000000
3694.000000
3750.000000
3550.000000
3552.000000
3700.000000
3742.000000
3588.000000
3766.000000
3694.000000
3584.000000
3600.000000
3698.000000
3694.000000
3652.000000
3622.000000
3760.000000
3708.000000
3620.000000
3656.000000
3750.000000
3596.000000
3774.000000
3534.000000
3588.000000
3658.000000
3662.000000
3596.000000
3636.000000
3714.000000
3696.000000
3606.000000
3706.000000
3638.000000
3690.000000
3606.000000
3674.000000
3590.000000
3678.000000
3620.000000
3606.000000
3674.000000
3666.000000
3604.000000
3702.000000
3664.000000
3632.000000
3620.000000
3644.000000
3598.000000
3676.000000
3582.000000
3584.000000
3662.000000
3656.000000
3616.000000
3746.000000
3656.000000
3610.000000
3646.000000
3668.000000
3634.000000
3620.000000
3620.000000
3664.000000
3618.000000
3686.000000
3644.000000
3710.000000
3654.000000
3626.000000
3622.000000
3602.000000
3588.000000
3670.000000
3622.000000
3600.000000
3658.000000
3638.000000
3630.000000
3690.000000
3642.000000
3588.000000
3548.000000
3620.000000
3686.000000
3692.000000
3632.000000
3654.000000
3652.000000
3698.000000
3614.000000
3588.000000
3590.000000
3600.000000
3644.000000
3622.000000
3686.000000
3610.000000
3584.000000
3704.000000
3708.000000
3710.000000
3612.000000
3598.000000
3674.000000
3692.000000
3640.000000
3658.000000
3600.000000
3686.000000
3640.000000
3658.000000
3598.000000
3672.000000
3622.000000
3664.000000
3670.000000
3700.000000
3602.000000
3648.000000
3644.000000
3622.000000
3636.000000
3702.000000
3622.000000
3606.000000
3564.000000
3594.000000
3660.000000
3616.000000
3584.000000
3638.000000
3644.000000
3594.000000
3626.000000
3650.000000
3682.000000
3592.000000
3590.000000
3624.000000
3628.000000
3696.000000
3580.000000
3644.000000
3594.000000
3644.000000
3588.000000
3706.000000
3706.000000
3688.000000
3628.000000
3586.000000
3622.000000
3602.000000
3602.000000
3700.000000
3600.000000
3652.000000
3530.000000
3632.000000
3654.000000
3588.000000
3528.000000
3604.000000
3692.000000
3654.000000
3636.000000
3672.000000
3600.000000
3604.000000
3626.000000
3676.000000
3604.000000
3708.000000
3614.000000
3682.000000
3650.000000
3640.000000
3542.000000
3696.000000
3614.000000
3606.000000
3644.000000
3644.000000
3584.000000
3606.000000
3524.000000
3626.000000
3664.000000
3642.000000
3592.000000
3672.000000
3606.000000
3598.000000
3644.000000
3654.000000
3678.000000
3638.000000
3628.000000
3610.000000
3652.000000
3684.000000
3524.000000
3640.000000
3710.000000
3680.000000
3596.000000
3634.000000
3708.000000
3586.000000
3650.000000
3670.000000
3618.000000
3628.000000
3642.000000
3602.000000
3762.000000
3662.000000
3646.000000
3654.000000
3644.000000
3606.000000
3622.000000
3682.000000
3716.000000
3666.000000
3630.000000
3692.000000
3692.000000
3630.000000
3586.000000
3642.000000
3686.000000
3662.000000
3560.000000
3660.000000
3710.000000
3600.000000
3598.000000
3698.000000
3592.000000
3736.000000
3640.000000
3698.000000
3636.000000
3642.000000
3630.000000
3606.000000
3768.000000
3662.000000
3620.000000
3670.000000
3602.000000
3686.000000
3526.000000
3604.000000
3718.000000
3646.000000
3616.000000
3658.000000
3644.000000
3608.000000
3636.000000
3620.000000
3628.000000
3674.000000
3562.000000
3640.000000
3700.000000
3770.000000
3622.000000
3708.000000
3660.000000
3608.000000
3638.000000
3656.000000
3626.000000
3608.000000
3590.000000
3646.000000
3638.000000
3594.000000
3584.000000
3616.000000
3592.000000
3644.000000
3578.000000
3616.000000
3594.000000
3618.000000
3644.000000
3612.000000
3624.000000
3694.000000
3572.000000
3636.000000
3612.000000
3646.000000
3532.000000
3592.000000
3766.000000
3602.000000
3622.000000
3632.000000
3594.000000
3596.000000
3626.000000
3672.000000
3678.000000
3600.000000
3632.000000
3702.000000
3666.000000
3652.000000
3592.000000
3650.000000
3682.000000
3648.000000
3574.000000
3688.000000
3650.000000
3588.000000
3630.000000
3656.000000
3710.000000
3708.000000
3628.000000
3690.000000
3742.000000
3704.000000
3606.000000
3702.000000
3682.000000
3606.000000
3630.000000
3708.000000
3744.000000
3708.000000
3584.000000
3704.000000
3666.000000
3694.000000
3622.000000
3702.000000
3660.000000
3698.000000
3620.000000
3692.000000
3732.000000
3716.000000
3638.000000
3650.000000
3684.000000
3668.000000
3606.000000
3658.000000
3706.000000
3690.000000
3612.000000
3604.000000
3670.000000
3680.000000
3602.000000
3690.000000
3692.000000
3622.000000
3598.000000
3690.000000
3706.000000
3704.000000
3640.000000
3682.000000
3680.000000
3658.000000
3600.000000
3660.000000
3708.000000
3680.000000
3630.000000
3642.000000
3696.000000
3596.000000
3584.000000
3676.000000
3756.000000
3706.000000
3596.000000
3696.000000
3694.000000
3688.000000
3644.000000
3654.000000
3660.000000
3660.000000
3672.000000
3770.000000
3634.000000
3594.000000
3608.000000
3672.000000
3684.000000
3648.000000
3636.000000
3650.000000
3674.000000
3666.000000
3556.000000
3630.000000
3594.000000
3652.000000
3616.000000
3674.000000
3692.000000
3694.000000
3634.000000
3666.000000
3606.000000
3656.000000
3588.000000
3660.000000
3750.000000
3664.000000
3584.000000
3772.000000
3598.000000
3650.000000
3640.000000
3650.000000
3764.000000
3648.000000
3592.000000
3700.000000
3654.000000
3662.000000
3646.000000
3644.000000
3752.000000
3522.000000
3472.000000
3652.000000
3686.000000
3598.000000
3594.000000
3596.000000
3604.000000
3616.000000
3630.000000
3646.000000
3526.000000
3606.000000
3610.000000
3584.000000
3596.000000
3654.000000
3592.000000
3638.000000
3610.000000
3680.000000
3624.000000
3594.000000
3660.000000
3622.000000
3592.000000
3682.000000
3668.000000
3676.000000
3646.000000
3656.000000
3668.000000
3596.000000
3568.000000
3638.000000
3638.000000
3646.000000
3610.000000
3708.000000
3674.000000
3644.000000
3534.000000
3586.000000
3626.000000
3592.000000
3558.000000
3612.000000
3654.000000
3630.000000
3604.000000
3674.000000
3710.000000
3608.000000
3618.000000
3684.000000
3678.000000
3674.000000
3566.000000
3646.000000
3660.000000
3692.000000
3616.000000
3588.000000
3676.000000
3670.000000
3624.000000
3702.000000
3652.000000
3618.000000
3588.000000
3664.000000
3624.000000
3596.000000
3646.000000
3648.000000
3700.000000
3680.000000
3588.000000
3628.000000
3612.000000
3772.000000
3532.000000
3590.000000
3674.000000
3674.000000
3596.000000
3688.000000
3688.000000
3672.000000
3632.000000
3586.000000
3696.000000
3694.000000
3568.000000
3652.000000
3656.000000
3604.000000
3588.000000
3708.000000
3652.000000
3640.000000
3598.000000
3650.000000
3654.000000
3708.000000
3586.000000
3700.000000
3702.000000
3640.000000
3644.000000
3616.000000
3586.000000
3666.000000
3592.000000
3686.000000
3586.000000
3700.000000
3626.000000
3710.000000
3584.000000
3672.000000
3622.000000
3706.000000
3584.000000
3698.000000
3642.000000
3692.000000
3706.000000
3670.000000
3626.000000
3598.000000
3644.000000
3774.000000
3572.000000
3608.000000
3704.000000
3664.000000
3600.000000
3670.000000
3670.000000
3686.000000
3596.000000
3710.000000
3702.000000
3732.000000
3636.000000
3652.000000
3622.000000
3664.000000
3586.000000
3686.000000
3686.000000
3666.000000
3618.000000
3718.000000
3706.000000
3738.000000
3626.000000
3638.000000
3704.000000
3694.000000
3634.000000
3692.000000
3626.000000
3672.000000
3650.000000
3712.000000
3614.000000
3688.000000
3642.000000
3644.000000
3656.000000
3734.000000
3696.000000
3706.000000
3666.000000
3654.000000
3620.000000
3672.000000
3646.000000
3608.000000
3638.000000
3666.000000
3612.000000
3632.000000
3584.000000
3588.000000
3656.000000
3664.000000
3644.000000
3674.000000
3714.000000
3648.000000
3608.000000
3738.000000
3694.000000
3646.000000
3628.000000
3696.000000
3682.000000
3652.000000
3630.000000
3766.000000
3694.000000
3592.000000
3590.000000
3674.000000
3640.000000
3656.000000
3588.000000
3698.000000
3602.000000
3586.000000
3588.000000
3658.000000
3656.000000
3622.000000
3604.000000
3702.000000
3658.000000
3664.000000
3592.000000
3704.000000
3748.000000
3694.000000
3618.000000
3726.000000
3750.000000
3734.000000
3764.000000
3726.000000
3752.000000
3680.000000
3594.000000
3678.000000
3710.000000
3694.000000
3636.000000
3632.000000
3736.000000
3742.000000
3692.000000
3716.000000
3732.000000
3732.000000
3676.000000
3760.000000
3768.000000
3728.000000
3592.000000
3660.000000
3770.000000
3678.000000
3698.000000
3748.000000
3752.000000
3756.000000
3672.000000
3724.000000
3738.000000
3608.000000
3656.000000
3756.000000
3798.000000
3678.000000
3622.000000
3744.000000
3694.000000
3674.000000
3602.000000
3670.000000
3714.000000
3752.000000
3592.000000
3718.000000
3670.000000
3712.000000
3680.000000
3754.000000
3704.000000
3670.000000
3690.000000
3638.000000
3680.000000
3772.000000
3520.000000
3672.000000
3752.000000
3668.000000
3660.000000
3662.000000
3734.000000
3698.000000
3586.000000
3768.000000
3708.000000
3656.000000
3644.000000
3698.000000
3662.000000
3710.000000
3596.000000
3660.000000
3664.000000
3658.000000
3598.000000
3690.000000
3654.000000
3734.000000
3604.000000
3708.000000
3612.000000
3770.000000
3682.000000
3742.000000
3636.000000
3650.000000
3644.000000
3690.000000
3682.000000
3584.000000
3604.000000
3656.000000
3532.000000
3632.000000
3698.000000
3652.000000
3682.000000
3772.000000
3622.000000
3620.000000
3664.000000
3724.000000
3612.000000
3702.000000
3654.000000
3598.000000
3596.000000
3730.000000
3678.000000
3772.000000
3592.000000
3702.000000
3590.000000
3586.000000
3644.000000
3688.000000
3770.000000
3770.000000
3708.000000
3704.000000
3742.000000
3758.000000
3584.000000
3702.000000
3590.000000
3586.000000
3636.000000
3666.000000
3730.000000
3774.000000
3642.000000
3706.000000
3754.000000
3594.000000
3644.000000
3710.000000
3650.000000
3682.000000
3650.000000
3724.000000
3738.000000
3752.000000
3586.000000
3712.000000
3730.000000
3594.000000
3642.000000
3750.000000
3662.000000
3748.000000
3602.000000
3710.000000
3676.000000
3742.000000
3600.000000
3774.000000
3764.000000
3676.000000
3684.000000
3756.000000
3648.000000
3756.000000
3628.000000
3656.000000
3712.000000
3648.000000
3588.000000
3708.000000
3684.000000
3602.000000
3632.000000
3660.000000
3720.000000
3688.000000
3664.000000
3764.000000
3708.000000
3650.000000
3648.000000
3694.000000
3650.000000
3670.000000
3658.000000
3716.000000
3752.000000
3766.000000
3666.000000
3748.000000
3702.000000
3664.000000
3606.000000
3626.000000
3728.000000
3712.000000
3672.000000
3738.000000
3758.000000
3724.000000
3674.000000
3770.000000
3616.000000
3752.000000
3634.000000
3750.000000
3764.000000
3720.000000
3658.000000
3758.000000
3660.000000
3728.000000
3584.000000
3678.000000
3682.000000
3730.000000
3636.000000
3672.000000
3712.000000
3698.000000
3602.000000
3706.000000
3676.000000
3712.000000
3588.000000
3704.000000
3666.000000
3750.000000
3756.000000
3760.000000
3706.000000
3718.000000
3590.000000
3748.000000
3668.000000
3686.000000
3652.000000
3770.000000
3742.000000
3734.000000
3684.000000
3760.000000
3766.000000
3674.000000
3632.000000
3696.000000
3772.000000
3766.000000
3618.000000
3656.000000
3662.000000
3718.000000
3634.000000
3728.000000
3592.000000
3660.000000
3622.000000
3654.000000
3750.000000
3830.000000
3726.000000
3644.000000
3700.000000
3768.000000
3540.000000
3600.000000
3700.000000
3746.000000
3706.000000
3756.000000
3652.000000
3752.000000
3646.000000
3690.000000
3676.000000
3766.000000
3660.000000
3756.000000
3754.000000
3724.000000
3584.000000
3712.000000
3758.000000
3718.000000
3664.000000
3728.000000
3722.000000
3728.000000
3690.000000
3740.000000
3762.000000
3728.000000
3632.000000
3708.000000
3714.000000
3670.000000
3644.000000
3716.000000
3736.000000
3696.000000
3730.000000
3726.000000
3652.000000
3676.000000
3678.000000
3714.000000
3678.000000
3758.000000
3634.000000
3652.000000
3742.000000
3706.000000
3636.000000
3686.000000
3652.000000
3666.000000
3636.000000
3736.000000
3670.000000
3698.000000
3674.000000
3774.000000
3600.000000
3652.000000
3584.000000
3668.000000
3656.000000
3692.000000
3584.000000
3634.000000
3672.000000
3722.000000
3616.000000
3404.000000
3590.000000
3594.000000
3584.000000
3692.000000
3660.000000
3674.000000
3574.000000
3624.000000
3642.000000
3684.000000
3524.000000
3590.000000
3726.000000
3876.000000
3486.000000
3524.000000
3622.000000
3666.000000
3600.000000
3662.000000
3674.000000
3602.000000
3628.000000
3664.000000
3632.000000
3664.000000
3576.000000
3620.000000
3634.000000
3700.000000
3630.000000
3662.000000
3658.000000
3618.000000
3650.000000
3666.000000
3662.000000
3702.000000
3630.000000
3650.000000
3598.000000
3620.000000
3590.000000
3668.000000
3764.000000
3664.000000
3624.000000
3590.000000
3720.000000
3644.000000
3702.000000
3772.000000
3586.000000
3748.000000
3612.000000
3682.000000
3746.000000
3604.000000
3768.000000
3724.000000
3666.000000
3758.000000
3604.000000
3706.000000
3598.000000
3674.000000
3606.000000
3660.000000
3662.000000
3748.000000
3688.000000
3716.000000
3716.000000
3698.000000
3606.000000
3618.000000
3702.000000
3666.000000
3594.000000
3660.000000
3762.000000
3670.000000
3716.000000
3766.000000
3656.000000
3664.000000
3616.000000
3668.000000
3704.000000
3650.000000
3664.000000
3794.000000
3818.000000
3670.000000
3612.000000
3650.000000
3696.000000
3682.000000
3654.000000
3746.000000
3682.000000
3766.000000
3650.000000
3746.000000
3724.000000
3742.000000
3708.000000
3730.000000
3726.000000
3664.000000
3610.000000
3654.000000
3770.000000
3676.000000
3758.000000
3732.000000
3728.000000
3716.000000
3596.000000
3690.000000
3744.000000
3754.000000
3688.000000
3726.000000
3712.000000
3668.000000
3610.000000
3728.000000
3710.000000
3656.000000
3664.000000
3742.000000
3688.000000
3730.000000
3694.000000
3766.000000
3688.000000
3700.000000
3700.000000
3682.000000
3760.000000
3738.000000
3642.000000
3650.000000
3756.000000
3726.000000
3644.000000
3756.000000
3724.000000
3714.000000
3674.000000
3768.000000
3742.000000
3728.000000
3618.000000
3750.000000
3664.000000
3734.000000
3606.000000
3710.000000
3694.000000
3694.000000
3736.000000
3792.000000
3746.000000
3694.000000
3600.000000
3754.000000
3620.000000
3768.000000
3636.000000
3730.000000
3752.000000
3698.000000
3652.000000
3658.000000
3656.000000
3760.000000
3634.000000
3698.000000
3684.000000
3752.000000
3704.000000
3670.000000
3728.000000
3666.000000
3640.000000
3670.000000
3700.000000
3774.000000
3672.000000
3724.000000
3748.000000
3754.000000
3644.000000
3650.000000
3764.000000
3734.000000
3666.000000
3712.000000
3754.000000
3684.000000
3618.000000
3692.000000
3758.000000
3730.000000
3700.000000
3694.000000
3718.000000
3670.000000
3610.000000
3672.000000
3670.000000
3750.000000
3612.000000
3664.000000
3812.000000
3688.000000
3700.000000
3712.000000
3654.000000
3672.000000
3608.000000
3684.000000
3672.000000
3706.000000
3588.000000
3734.000000
3708.000000
3724.000000
3710.000000
3726.000000
3724.000000
3730.000000
3646.000000
3768.000000
3744.000000
3740.000000
3708.000000
3736.000000
3718.000000
3756.000000
3684.000000
3690.000000
3740.000000
3712.000000
3710.000000
3690.000000
3698.000000
3668.000000
3724.000000
3740.000000
3774.000000
3740.000000
3686.000000
3718.000000
3754.000000
3658.000000
3662.000000
3762.000000
3748.000000
3734.000000
3660.000000
3718.000000
3744.000000
3694.000000
3632.000000
3754.000000
3738.000000
3712.000000
3608.000000
3750.000000
3714.000000
3650.000000
3592.000000
3632.000000
3626.000000
3764.000000
3630.000000
3660.000000
3726.000000
3714.000000
3674.000000
3710.000000
3766.000000
3774.000000
3630.000000
3738.000000
3712.000000
3718.000000
3654.000000
3774.000000
3768.000000
3712.000000
3638.000000
3746.000000
3748.000000
3756.000000
3612.000000
3752.000000
3672.000000
3710.000000
3694.000000
3786.000000
3726.000000
3730.000000
3618.000000
3728.000000
3754.000000
3742.000000
3658.000000
3764.000000
3652.000000
3764.000000
3700.000000
3764.000000
3814.000000
3710.000000
3746.000000
3734.000000
3736.000000
3670.000000
3630.000000
3714.000000
3778.000000
3892.000000
3824.000000
3878.000000
3764.000000
3874.000000
3954.000000
3938.000000
3882.000000
3852.000000
3964.000000
3906.000000
3998.000000
4130.000000
4090.000000
4206.000000
4198.000000
4034.000000
4044.000000
4112.000000
3994.000000
4152.000000
3980.000000
3968.000000
4002.000000
4074.000000
4276.000000
4276.000000
4280.000000
4222.000000
4020.000000
4050.000000
4100.000000
4180.000000
4032.000000
4136.000000
4150.000000
4042.000000
4040.000000
4070.000000
4044.000000
4048.000000
4080.000000
4048.000000
4036.000000
4070.000000
4016.000000
4044.000000
4044.000000
4044.000000
4046.000000
4052.000000
4094.000000
4062.000000
4004.000000
4072.000000
4084.000000
4090.000000
4024.000000
4070.000000
4062.000000
4068.000000
3994.000000
4072.000000
4050.000000
4044.000000
4004.000000
3976.000000
3968.000000
4102.000000
3992.000000
4024.000000
4018.000000
3914.000000
3984.000000
3970.000000
4030.000000
3974.000000
3974.000000
3976.000000
3938.000000
3916.000000
3942.000000
3926.000000
4014.000000
3934.000000
3906.000000
4152.000000
4140.000000
4302.000000
4038.000000
4072.000000
4226.000000
4234.000000
3472.000000
3254.000000
2614.000000
2012.000000
1688.000000
1558.000000
1878.000000
1614.000000
4950.000000
4422.000000
1762.000000
952.000000
1814.000000
1930.000000
1794.000000
1948.000000
1862.000000
1888.000000
1904.000000
2206.000000
1638.000000
1636.000000
1392.000000
1252.000000
1888.000000
2160.000000
2316.000000
2958.000000
3252.000000
3092.000000
2786.000000
3552.000000
3674.000000
3468.000000
3782.000000
3638.000000
3736.000000
3784.000000
3858.000000
3658.000000
3552.000000
3590.000000
3730.000000
3754.000000
3730.000000
3760.000000
3680.000000
3744.000000
3724.000000
3730.000000
3734.000000
3732.000000
3670.000000
3752.000000
3718.000000
3746.000000
3688.000000
3674.000000
3720.000000
3720.000000
3698.000000
3746.000000
3676.000000
3688.000000
3688.000000
3746.000000
3760.000000
3744.000000
3746.000000
3690.000000
3764.000000
3738.000000
3664.000000
3764.000000
3720.000000
3750.000000
3754.000000
3732.000000
3712.000000
3716.000000
3604.000000
3738.000000
3716.000000
3714.000000
3756.000000
3786.000000
3824.000000
3714.000000
3648.000000
3760.000000
3730.000000
3836.000000
3622.000000
3660.000000
3712.000000
3686.000000
3704.000000
3730.000000
3728.000000
3764.000000
3668.000000
3738.000000
3752.000000
3752.000000
3696.000000
3738.000000
3670.000000
3764.000000
3630.000000
3664.000000
3806.000000
3902.000000
3734.000000
3724.000000
3768.000000
3650.000000
3748.000000
3736.000000
3826.000000
3714.000000
3718.000000
3760.000000
3756.000000
3586.000000
3678.000000
3720.000000
3748.000000
3732.000000
3654.000000
3774.000000
3714.000000
3716.000000
3738.000000
3724.000000
3744.000000
3738.000000
3682.000000
3724.000000
3718.000000
3720.000000
3664.000000
3724.000000
3726.000000
3742.000000
3680.000000
3726.000000
3840.000000
3768.000000
3654.000000
3738.000000
3762.000000
3702.000000
3736.000000
3898.000000
3716.000000
3632.000000
3658.000000
3758.000000
3676.000000
3774.000000
3640.000000
3610.000000
3718.000000
3754.000000
3628.000000
3660.000000
3660.000000
3670.000000
3592.000000
3754.000000
3638.000000
3684.000000
3628.000000
3606.000000
3720.000000
3814.000000
3458.000000
3526.000000
3718.000000
3730.000000
3706.000000
3688.000000
3578.000000
3636.000000
3790.000000
3728.000000
3534.000000
3572.000000
3728.000000
3804.000000
3710.000000
3512.000000
3742.000000
3788.000000
3770.000000
3610.000000
3440.000000
3572.000000
3712.000000
3818.000000
3364.000000
3446.000000
3610.000000
3600.000000
3576.000000
3630.000000
3470.000000
3548.000000
3594.000000
3618.000000
3556.000000
3510.000000
3548.000000
3606.000000
3594.000000
3630.000000
3438.000000
3540.000000
3560.000000
3600.000000
3580.000000
3554.000000
3466.000000
3616.000000
3498.000000
3334.000000
3432.000000
3766.000000
3532.000000
3468.000000
3514.000000
3474.000000
3536.000000
3684.000000
3580.000000
3586.000000
3530.000000
3604.000000
3592.000000
3608.000000
3480.000000
3548.000000
3584.000000
3636.000000
3580.000000
3580.000000
3538.000000
3530.000000
3564.000000
3606.000000
3616.000000
3628.000000
3580.000000
3532.000000
3536.000000
3534.000000
3542.000000
3618.000000
3536.000000
3608.000000
3562.000000
3540.000000
3540.000000
3532.000000
3582.000000
3638.000000
3562.000000
3616.000000
3578.000000
3616.000000
3634.000000
3604.000000
3574.000000
3612.000000
3556.000000
3558.000000
3522.000000
3640.000000
3626.000000
3562.000000
3636.000000
3644.000000
3574.000000
3492.000000
3644.000000
3664.000000
3682.000000
3530.000000
3624.000000
3616.000000
3570.000000
3642.000000
3550.000000
3640.000000
3602.000000
3620.000000
3560.000000
3618.000000
3612.000000
3568.000000
3604.000000
3702.000000
3620.000000
3556.000000
3588.000000
3692.000000
3594.000000
3560.000000
3530.000000
3644.000000
3632.000000
3620.000000
3630.000000
3644.000000
3578.000000
3566.000000
3538.000000
3586.000000
3616.000000
3638.000000
3544.000000
3550.000000
3624.000000
3616.000000
3532.000000
3628.000000
3600.000000
3612.000000
3582.000000
3632.000000
3624.000000
3618.000000
3580.000000
3618.000000
3610.000000
3602.000000
3576.000000
3638.000000
3612.000000
3544.000000
3580.000000
3622.000000
3614.000000
3636.000000
3556.000000
3552.000000
3624.000000
3604.000000
3484.000000
3578.000000
3604.000000
3596.000000
3520.000000
3612.000000
3606.000000
3588.000000
3572.000000
3620.000000
3542.000000
3546.000000
3558.000000
3606.000000
3606.000000
3612.000000
3556.000000
3608.000000
3616.000000
3554.000000
3580.000000
3620.000000
3602.000000
3624.000000
3554.000000
3594.000000
3540.000000
3634.000000
3566.000000
3618.000000
3598.000000
3600.000000
3574.000000
3630.000000
3612.000000
3614.000000
3572.000000
3634.000000
3606.000000
3608.000000
3570.000000
3618.000000
3626.000000
3626.000000
3562.000000
3612.000000
3630.000000
3636.000000
3522.000000
3562.000000
3614.000000
3624.000000
3526.000000
3616.000000
3622.000000
3620.000000
3582.000000
3628.000000
3626.000000
3636.000000
3578.000000
3616.000000
3634.000000
3640.000000
3568.000000
3602.000000
3614.000000
3628.000000
3582.000000
3612.000000
3612.000000
3550.000000
3558.000000
3612.000000
3614.000000
3640.000000
3568.000000
3608.000000
3606.000000
3620.000000
3636.000000
3620.000000
3616.000000
3608.000000
3538.000000
3626.000000
3612.000000
3614.000000
3582.000000
3612.000000
3628.000000
3618.000000
3564.000000
3628.000000
3628.000000
3562.000000
3578.000000
3634.000000
3630.000000
3616.000000
3526.000000
3642.000000
3624.000000
3632.000000
3622.000000
3600.000000
3626.000000
3622.000000
3534.000000
3640.000000
3630.000000
3614.000000
3534.000000
3642.000000
3604.000000
3642.000000
3578.000000
3620.000000
3576.000000
3642.000000
3582.000000
3634.000000
3630.000000
3628.000000
3546.000000
3626.000000
3624.000000
3626.000000
3520.000000
3634.000000
3632.000000
3636.000000
3526.000000
3620.000000
3636.000000
3584.000000
3568.000000
3618.000000
3614.000000
3630.000000
3520.000000
3634.000000
3638.000000
3638.000000
3526.000000
3632.000000
3624.000000
3586.000000
3582.000000
3638.000000
3634.000000
3626.000000
3534.000000
3634.000000
3634.000000
3646.000000
3536.000000
3624.000000
3632.000000
3620.000000
3534.000000
3590.000000
3624.000000
3640.000000
3534.000000
3632.000000
3628.000000
3588.000000
3460.000000
3626.000000
3626.000000
3646.000000
3532.000000
3586.000000
3584.000000
3636.000000
3532.000000
3586.000000
3630.000000
3626.000000
3526.000000
3636.000000
3642.000000
3638.000000
3520.000000
3626.000000
3634.000000
3630.000000
3534.000000
3642.000000
3638.000000
3622.000000
3544.000000
3614.000000
3616.000000
3642.000000
3580.000000
3632.000000
3628.000000
3644.000000
3532.000000
3584.000000
3630.000000
3622.000000
3580.000000
3618.000000
3628.000000
3626.000000
3532.000000
3634.000000
3628.000000
3630.000000
3528.000000
3640.000000
3616.000000
3642.000000
3604.000000
3586.000000
3634.000000
3572.000000
3602.000000
3640.000000
3618.000000
3626.000000
3540.000000
3638.000000
3590.000000
3592.000000
3528.000000
3634.000000
3526.000000
3634.000000
3602.000000
3592.000000
3584.000000
3632.000000
3622.000000
3586.000000
3638.000000
3646.000000
3538.000000
3586.000000
3590.000000
3688.000000
3540.000000
3632.000000
3632.000000
3632.000000
3530.000000
3642.000000
3596.000000
3596.000000
3632.000000
3590.000000
3598.000000
3608.000000
3552.000000
3596.000000
3670.000000
3598.000000
3562.000000
3606.000000
3596.000000
3604.000000
3646.000000
3606.000000
3602.000000
3600.000000
3558.000000
3646.000000
3592.000000
3612.000000
3572.000000
3590.000000
3608.000000
3644.000000
3632.000000
3614.000000
3610.000000
3618.000000
3642.000000
3694.000000
3616.000000
3612.000000
3578.000000
3624.000000
3604.000000
3612.000000
3574.000000
3630.000000
3612.000000
3682.000000
3570.000000
3622.000000
3680.000000
3616.000000
3646.000000
3620.000000
3630.000000
3638.000000
3520.000000
3618.000000
3596.000000
3642.000000
3590.000000
3638.000000
3696.000000
3638.000000
3546.000000
3634.000000
3634.000000
3584.000000
3594.000000
3694.000000
3646.000000
3642.000000
3526.000000
3636.000000
3700.000000
3644.000000
3598.000000
3706.000000
3594.000000
3646.000000
3630.000000
3660.000000
3640.000000
3636.000000
3604.000000
3636.000000
3586.000000
3672.000000
3646.000000
3634.000000
3700.000000
3584.000000
3640.000000
3644.000000
3660.000000
3652.000000
3624.000000
3704.000000
3698.000000
3616.000000
3638.000000
3648.000000
3646.000000
3658.000000
3626.000000
3644.000000
3586.000000
3584.000000
3544.000000
3662.000000
3664.000000
3672.000000
3608.000000
3674.000000
3616.000000
3662.000000
3584.000000
3628.000000
3672.000000
3684.000000
3590.000000
3610.000000
3708.000000
3670.000000
3606.000000
3590.000000
3586.000000
3668.000000
3634.000000
3608.000000
3620.000000
3666.000000
3596.000000
3612.000000
3578.000000
3618.000000
3570.000000
3616.000000
3656.000000
3796.000000
3552.000000
3482.000000
3574.000000
3718.000000
3540.000000
3596.000000
3542.000000
3850.000000
3558.000000
3606.000000
3678.000000
3486.000000
3706.000000
3792.000000
3752.000000
3472.000000
3678.000000
3762.000000
3792.000000
3590.000000
3498.000000
3622.000000
3724.000000
3760.000000
3502.000000
3576.000000
3696.000000
3788.000000
3524.000000
3532.000000
3600.000000
3772.000000
3694.000000
3622.000000
3560.000000
3628.000000
3594.000000
3676.000000
3708.000000
3678.000000
3584.000000
3648.000000
3672.000000
3676.000000
3538.000000
3654.000000
3642.000000
3674.000000
3588.000000
3738.000000
3654.000000
3534.000000
3550.000000
3584.000000
3674.000000
3668.000000
3534.000000
3590.000000
3684.000000
3656.000000
3636.000000
3688.000000
3748.000000
3634.000000
3616.000000
3686.000000
3652.000000
3600.000000
3630.000000
3658.000000
3596.000000
3584.000000
3590.000000
3706.000000
3658.000000
3588.000000
3600.000000
3592.000000
3588.000000
3604.000000
3620.000000
3696.000000
3586.000000
3598.000000
3608.000000
3652.000000
3624.000000
3598.000000
3536.000000
3642.000000
3650.000000
3602.000000
3614.000000
3654.000000
3636.000000
3588.000000
3548.000000
3644.000000
3652.000000
3590.000000
3606.000000
3588.000000
3664.000000
3644.000000
3612.000000
3586.000000
3634.000000
3666.000000
3604.000000
3584.000000
3646.000000
3664.000000
3606.000000
3664.000000
3586.000000
3658.000000
3616.000000
3656.000000
3642.000000
3706.000000
3594.000000
3642.000000
3592.000000
3646.000000
3608.000000
3636.000000
3636.000000
3706.000000
3602.000000
3592.000000
3644.000000
3648.000000
3594.000000
3660.000000
3700.000000
3650.000000
3604.000000
3614.000000
3704.000000
3614.000000
3598.000000
3652.000000
3634.000000
3608.000000
3620.000000
3660.000000
3610.000000
3618.000000
3640.000000
3628.000000
3652.000000
3684.000000
3610.000000
3706.000000
3662.000000
3766.000000
3616.000000
3536.000000
3554.000000
3604.000000
3596.000000
3664.000000
3716.000000
3728.000000
3632.000000
3704.000000
3660.000000
3644.000000
3562.000000
3598.000000
3738.000000
3680.000000
3642.000000
3692.000000
3704.000000
3658.000000
3544.000000
3610.000000
3594.000000
3590.000000
3604.000000
3700.000000
3598.000000
3686.000000
3646.000000
3616.000000
3686.000000
3678.000000
3606.000000
3600.000000
3658.000000
3596.000000
3632.000000
3676.000000
3674.000000
3674.000000
3686.000000
3674.000000
3592.000000
3594.000000
3584.000000
3700.000000
3620.000000
3634.000000
3620.000000
3594.000000
3650.000000
3702.000000
3626.000000
3602.000000
3710.000000
3610.000000
3608.000000
3594.000000
3610.000000
3670.000000
3584.000000
3618.000000
3694.000000
3736.000000
3552.000000
3628.000000
3634.000000
3622.000000
3602.000000
3694.000000
3592.000000
3708.000000
3644.000000
3750.000000
3628.000000
3632.000000
3602.000000
3584.000000
3646.000000
3606.000000
3586.000000
3698.000000
3590.000000
3628.000000
3614.000000
3666.000000
3674.000000
3662.000000
3622.000000
3660.000000
3770.000000
3646.000000
3624.000000
3592.000000
3694.000000
3654.000000
3538.000000
3624.000000
3586.000000
3722.000000
3672.000000
3684.000000
3644.000000
3644.000000
3638.000000
3670.000000
3668.000000
3692.000000
3590.000000
3772.000000
3656.000000
3600.000000
3642.000000
3680.000000
3596.000000
3534.000000
3590.000000
3710.000000
3684.000000
3708.000000
3522.000000
3584.000000
3658.000000
3642.000000
3596.000000
3698.000000
3692.000000
3680.000000
3608.000000
3634.000000
3592.000000
3616.000000
3606.000000
3644.000000
3608.000000
3758.000000
3600.000000
3630.000000
3706.000000
3684.000000
3636.000000
3688.000000
3660.000000
3706.000000
3604.000000
3636.000000
3592.000000
3712.000000
3532.000000
3588.000000
3688.000000
3704.000000
3640.000000
3676.000000
3604.000000
3700.000000
3588.000000
3702.000000
3670.000000
3664.000000
3622.000000
3588.000000
3590.000000
3650.000000
3642.000000
3618.000000
3626.000000
3622.000000
3632.000000
3718.000000
3810.000000
3774.000000
3710.000000
3772.000000
3668.000000
3728.000000
3586.000000
3608.000000
3638.000000
3622.000000
3642.000000
3682.000000
3608.000000
3616.000000
3632.000000
3726.000000
3626.000000
3660.000000
3594.000000
3656.000000
3636.000000
3662.000000
3588.000000
3680.000000
3678.000000
3626.000000
3624.000000
3724.000000
3712.000000
3702.000000
3624.000000
3664.000000
3606.000000
3604.000000
3614.000000
3604.000000
3666.000000
3632.000000
3592.000000
3722.000000
3674.000000
3696.000000
3642.000000
3630.000000
3660.000000
3700.000000
3654.000000
3704.000000
3616.000000
3642.000000
3588.000000
3710.000000
3738.000000
3690.000000
3636.000000
3702.000000
3770.000000
3650.000000
3596.000000
3642.000000
3638.000000
3696.000000
3566.000000
3612.000000
3700.000000
3682.000000
3602.000000
3694.000000
3654.000000
3618.000000
3630.000000
3670.000000
3708.000000
3586.000000
3678.000000
3720.000000
3700.000000
3750.000000
3600.000000
3684.000000
3684.000000
3654.000000
3592.000000
3592.000000
3658.000000
3736.000000
3594.000000
3706.000000
3750.000000
3676.000000
3620.000000
3662.000000
3686.000000
3664.000000
3622.000000
3686.000000
3754.000000
3618.000000
3600.000000
3710.000000
3666.000000
3660.000000
3652.000000
3712.000000
3718.000000
3652.000000
3660.000000
3728.000000
3660.000000
3680.000000
3670.000000
3718.000000
3692.000000
3638.000000
3690.000000
3726.000000
3590.000000
3630.000000
3594.000000
3656.000000
3664.000000
3714.000000
3598.000000
3710.000000
3658.000000
3666.000000
3588.000000
3712.000000
3732.000000
3652.000000
3600.000000
3668.000000
3696.000000
3736.000000
3644.000000
3764.000000
3718.000000
3686.000000
3640.000000
3728.000000
3682.000000
3652.000000
3638.000000
3748.000000
3684.000000
3662.000000
3638.000000
3742.000000
3694.000000
3674.000000
3606.000000
3682.000000
3758.000000
3652.000000
3598.000000
3718.000000
3668.000000
3648.000000
3620.000000
3610.000000
3758.000000
3726.000000
3626.000000
3764.000000
3762.000000
3714.000000
3716.000000
3722.000000
3710.000000
3664.000000
3604.000000
3652.000000
3688.000000
3686.000000
3688.000000
3678.000000
3666.000000
3766.000000
3592.000000
3666.000000
3752.000000
3626.000000
3610.000000
3722.000000
3686.000000
3656.000000
3654.000000
3708.000000
3656.000000
3662.000000
3618.000000
3670.000000
3714.000000
3694.000000
3622.000000
3708.000000
3696.000000
3650.000000
3684.000000
3732.000000
3696.000000
3690.000000
3578.000000
3654.000000
3774.000000
3648.000000
3622.000000
3648.000000
3698.000000
3764.000000
3690.000000
3748.000000
3614.000000
3654.000000
3584.000000
3642.000000
3660.000000
3754.000000
3586.000000
3684.000000
3690.000000
3636.000000
3710.000000
3650.000000
3692.000000
3730.000000
3528.000000
3624.000000
3588.000000
3692.000000
3598.000000
3706.000000
3692.000000
3704.000000
3640.000000
3680.000000
3642.000000
3652.000000
3638.000000
3608.000000
3620.000000
3690.000000
3522.000000
3688.000000
3664.000000
3602.000000
3622.000000
3658.000000
3698.000000
3708.000000
3598.000000
3632.000000
3592.000000
3664.000000
3610.000000
3590.000000
3708.000000
3602.000000
3552.000000
3654.000000
3662.000000
3592.000000
3598.000000
3646.000000
3676.000000
3622.000000
3614.000000
3688.000000
3694.000000
3652.000000
3616.000000
3638.000000
3602.000000
3696.000000
3520.000000
3608.000000
3698.000000
3682.000000
3644.000000
3608.000000
3634.000000
3648.000000
3588.000000
3590.000000
3652.000000
3596.000000
3634.000000
3600.000000
3660.000000
3684.000000
3618.000000
3682.000000
3612.000000
3632.000000
3642.000000
3614.000000
3662.000000
3726.000000
3674.000000
3676.000000
3746.000000
3656.000000
3606.000000
3770.000000
3662.000000
3678.000000
3646.000000
3672.000000
3704.000000
3664.000000
3706.000000
3776.000000
3754.000000
3682.000000
3616.000000
3766.000000
3648.000000
3688.000000
3638.000000
3664.000000
3704.000000
3724.000000
3648.000000
3710.000000
3724.000000
3762.000000
3578.000000
3602.000000
3752.000000
3664.000000
3646.000000
3662.000000
3670.000000
3712.000000
3646.000000
3764.000000
3742.000000
3708.000000
3696.000000
3690.000000
3694.000000
3662.000000
3584.000000
3692.000000
3646.000000
3706.000000
3618.000000
3632.000000
3654.000000
3770.000000
3638.000000
3688.000000
3586.000000
3594.000000
3618.000000
3590.000000
3650.000000
3616.000000
3614.000000
3720.000000
3700.000000
3694.000000
3564.000000
3678.000000
3700.000000
3622.000000
3586.000000
3690.000000
3682.000000
3662.000000
3708.000000
3708.000000
3596.000000
3710.000000
3630.000000
3692.000000
3648.000000
3674.000000
3586.000000
3652.000000
3774.000000
3726.000000
3540.000000
3656.000000
3722.000000
3750.000000
3642.000000
3736.000000
3708.000000
3604.000000
3644.000000
3592.000000
3724.000000
3700.000000
3640.000000
3670.000000
3658.000000
3596.000000
3652.000000
3768.000000
3632.000000
3676.000000
3558.000000
3704.000000
3772.000000
3658.000000
3594.000000
3692.000000
3700.000000
3694.000000
3588.000000
3702.000000
3586.000000
3660.000000
3606.000000
3662.000000
3740.000000
3634.000000
3624.000000
3678.000000
3628.000000
3704.000000
3646.000000
3702.000000
3706.000000
3656.000000
3588.000000
3760.000000
3752.000000
3726.000000
3620.000000
3636.000000
3738.000000
3686.000000
3610.000000
3686.000000
3648.000000
3666.000000
3628.000000
3698.000000
3656.000000
3696.000000
3620.000000
3596.000000
3642.000000
3608.000000
3634.000000
3726.000000
3644.000000
3606.000000
3630.000000
3700.000000
3710.000000
3678.000000
3590.000000
3676.000000
3672.000000
3706.000000
3638.000000
3670.000000
3598.000000
3698.000000
3606.000000
3708.000000
3692.000000
3604.000000
3646.000000
3706.000000
3584.000000
3588.000000
3628.000000
3644.000000
3648.000000
3684.000000
3642.000000
3718.000000
3704.000000
3670.000000
3634.000000
3616.000000
3590.000000
3686.000000
3626.000000
3610.000000
3710.000000
3592.000000
3646.000000
3690.000000
3656.000000
3672.000000
3524.000000
3638.000000
3646.000000
3648.000000
3532.000000
3592.000000
3700.000000
3634.000000
3630.000000
3734.000000
3702.000000
3594.000000
3602.000000
3630.000000
3664.000000
3678.000000
3628.000000
3678.000000
3702.000000
3674.000000
3638.000000
3666.000000
3662.000000
3656.000000
3634.000000
3686.000000
3698.000000
3762.000000
3644.000000
3708.000000
3770.000000
3618.000000
3690.000000
3662.000000
3612.000000
3648.000000
3586.000000
3648.000000
3728.000000
3648.000000
3586.000000
3708.000000
3656.000000
3674.000000
3618.000000
3668.000000
3708.000000
3770.000000
3598.000000
3666.000000
3698.000000
3646.000000
3600.000000
3696.000000
3652.000000
3594.000000
3696.000000
3762.000000
3594.000000
3772.000000
3542.000000
3596.000000
3746.000000
3718.000000
3636.000000
3662.000000
3678.000000
3700.000000
3700.000000
3750.000000
3738.000000
3660.000000
3726.000000
3750.000000
3754.000000
3612.000000
3678.000000
3804.000000
3890.000000
3896.000000
3786.000000
3902.000000
3858.000000
3902.000000
3642.000000
3814.000000
3864.000000
3778.000000
3856.000000
3912.000000
3942.000000
3750.000000
3734.000000
3902.000000
3918.000000
3946.000000
3820.000000
3878.000000
3888.000000
3830.000000
3950.000000
4000.000000
3594.000000
3852.000000
3906.000000
4054.000000
4114.000000
3868.000000
3864.000000
3988.000000
3912.000000
3876.000000
3720.000000
3764.000000
3964.000000
3678.000000
3858.000000
3962.000000
3766.000000
3856.000000
3834.000000
3872.000000
3898.000000
3820.000000
3802.000000
3882.000000
3876.000000
3780.000000
3716.000000
3784.000000
3886.000000
3804.000000
3662.000000
3710.000000
3608.000000
3718.000000
3562.000000
3636.000000
3720.000000
3748.000000
3670.000000
3740.000000
3744.000000
3680.000000
3770.000000
3736.000000
3750.000000
3718.000000
3672.000000
3730.000000
3734.000000
3732.000000
3720.000000
3808.000000
3858.000000
3756.000000
3686.000000
3830.000000
3856.000000
3712.000000
3622.000000
3732.000000
3748.000000
3792.000000
3718.000000
3732.000000
3780.000000
3764.000000
3702.000000
3746.000000
3826.000000
3872.000000
3724.000000
3820.000000
3720.000000
3744.000000
3714.000000
3780.000000
3726.000000
3796.000000
3722.000000
3826.000000
3872.000000
3736.000000
3818.000000
3872.000000
3902.000000
3734.000000
3734.000000
3798.000000
3846.000000
3776.000000
3752.000000
3784.000000
3720.000000
3786.000000
3732.000000
3590.000000
3764.000000
3730.000000
3688.000000
3772.000000
3648.000000
3690.000000
3646.000000
3646.000000
3764.000000
3630.000000
3590.000000
3698.000000
3676.000000
3598.000000
3586.000000
3706.000000
3658.000000
3656.000000
3604.000000
3722.000000
3744.000000
3768.000000
3614.000000
3688.000000
3658.000000
3670.000000
3640.000000
3686.000000
3666.000000
3758.000000
3652.000000
3714.000000
3736.000000
3772.000000
3668.000000
3754.000000
3732.000000
3730.000000
3638.000000
3686.000000
3770.000000
3678.000000
3664.000000
3756.000000
3800.000000
3696.000000
3768.000000
3746.000000
3732.000000
3770.000000
3646.000000
3686.000000
3722.000000
3746.000000
3650.000000
3748.000000
3734.000000
3690.000000
3616.000000
3664.000000
3722.000000
3716.000000
3650.000000
3760.000000
3758.000000
3756.000000
3624.000000
3740.000000
3670.000000
3712.000000
3704.000000
3716.000000
3654.000000
3758.000000
3678.000000
3770.000000
3734.000000
3762.000000
3698.000000
3718.000000
3596.000000
3610.000000
3652.000000
3758.000000
3748.000000
3750.000000
3672.000000
3718.000000
3742.000000
3700.000000
3604.000000
3650.000000
3770.000000
3658.000000
3714.000000
3782.000000
3722.000000
3758.000000
3584.000000
3600.000000
3668.000000
3686.000000
3706.000000
3696.000000
3726.000000
3738.000000
3684.000000
3718.000000
3760.000000
3762.000000
3688.000000
3758.000000
3730.000000
3734.000000
3688.000000
3670.000000
3744.000000
3774.000000
3706.000000
3738.000000
3756.000000
3686.000000
3598.000000
3684.000000
3714.000000
3740.000000
3692.000000
3740.000000
3772.000000
3710.000000
3676.000000
3742.000000
3774.000000
3676.000000
3696.000000
3748.000000
3704.000000
3724.000000
3772.000000
3762.000000
3658.000000
3624.000000
3796.000000
3812.000000
3614.000000
3832.000000
3674.000000
3708.000000
3596.000000
3758.000000
3570.000000
3598.000000
3770.000000
3636.000000
3808.000000
3892.000000
3774.000000
3724.000000
3608.000000
3722.000000
3650.000000
3650.000000
3586.000000
3660.000000
3686.000000
3696.000000
3630.000000
3706.000000
3732.000000
3652.000000
3622.000000
3668.000000
3682.000000
3658.000000
3708.000000
3748.000000
3734.000000
3728.000000
3532.000000
3630.000000
3650.000000
3608.000000
3696.000000
3790.000000
3724.000000
3680.000000
3666.000000
3744.000000
3832.000000
3708.000000
3640.000000
3598.000000
3688.000000
3668.000000
3664.000000
3714.000000
3766.000000
3698.000000
3654.000000
3658.000000
3704.000000
3658.000000
3692.000000
3648.000000
3700.000000
3678.000000
3692.000000
3746.000000
3700.000000
3698.000000
3600.000000
3652.000000
3720.000000
3718.000000
3646.000000
3638.000000
3668.000000
3746.000000
3522.000000
3608.000000
3724.000000
3674.000000
3668.000000
3670.000000
3618.000000
3676.000000
3638.000000
3668.000000
3684.000000
3586.000000
3628.000000
3694.000000
3674.000000
3732.000000
3752.000000
3756.000000
3662.000000
3770.000000
3592.000000
3676.000000
3708.000000
3608.000000
3584.000000
3690.000000
3688.000000
3738.000000
3592.000000
3668.000000
3770.000000
3724.000000
3612.000000
3680.000000
3750.000000
3612.000000
3622.000000
3686.000000
3752.000000
3804.000000
3594.000000
3684.000000
3742.000000
3608.000000
3640.000000
3602.000000
3648.000000
3670.000000
3636.000000
3674.000000
3734.000000
3756.000000
3678.000000
3600.000000
3706.000000
3742.000000
3624.000000
3762.000000
3718.000000
3764.000000
3590.000000
3686.000000
3752.000000
3686.000000
3600.000000
3742.000000
3670.000000
3616.000000
3666.000000
3672.000000
3680.000000
3654.000000
3628.000000
3692.000000
3670.000000
3746.000000
3610.000000
3660.000000
3720.000000
3698.000000
3632.000000
3602.000000
3682.000000
3676.000000
3616.000000
3690.000000
3674.000000
3682.000000
3616.000000
3682.000000
3748.000000
3708.000000
3676.000000
3690.000000
3948.000000
4010.000000
3418.000000
3564.000000
3200.000000
2786.000000
2454.000000
2580.000000
2398.000000
1230.000000
1778.000000
1902.000000
1892.000000
1530.000000
1548.000000
1688.000000
1644.000000
1410.000000
1524.000000
1548.000000
1526.000000
1478.000000
1470.000000
1532.000000
1556.000000
1478.000000
1518.000000
1534.000000
1486.000000
1550.000000
1476.000000
1548.000000
1478.000000
1568.000000
1556.000000
1562.000000
1682.000000
1770.000000
2110.000000
2040.000000
1710.000000
1478.000000
1862.000000
2064.000000
2332.000000
2584.000000
2702.000000
3066.000000
3268.000000
3342.000000
3150.000000
3280.000000
3236.000000
3498.000000
3544.000000
3590.000000
3592.000000
3402.000000
3538.000000
3634.000000
3692.000000
3614.000000
3504.000000
3474.000000
3414.000000
3472.000000
3616.000000
3646.000000
3636.000000
3706.000000
3702.000000
3762.000000
3756.000000
3600.000000
3606.000000
3754.000000
3656.000000
3638.000000
3630.000000
3708.000000
3666.000000
3656.000000
3616.000000
3692.000000
3768.000000
3698.000000
3748.000000
3720.000000
3640.000000
3600.000000
3658.000000
3738.000000
3708.000000
3740.000000
3698.000000
3682.000000
3678.000000
3672.000000
3592.000000
3710.000000
3746.000000
3660.000000
3758.000000
3712.000000
3678.000000
3758.000000
3620.000000
3610.000000
3746.000000
3816.000000
3616.000000
3576.000000
3544.000000
3634.000000
3586.000000
3708.000000
3652.000000
3602.000000
3610.000000
3654.000000
3688.000000
3668.000000
3528.000000
3566.000000
3642.000000
3656.000000
3596.000000
3682.000000
3720.000000
3656.000000
3616.000000
3722.000000
3740.000000
3618.000000
3616.000000
3682.000000
3704.000000
3756.000000
3692.000000
3592.000000
3620.000000
3586.000000
3702.000000
3722.000000
3706.000000
3632.000000
3642.000000
3704.000000
3624.000000
3710.000000
3676.000000
3720.000000
3590.000000
3770.000000
3662.000000
3732.000000
3716.000000
3674.000000
3650.000000
3678.000000
3758.000000
3664.000000
3706.000000
3698.000000
3696.000000
3752.000000
3684.000000
3656.000000
3686.000000
3734.000000
3618.000000
3756.000000
3720.000000
3756.000000
3708.000000
3688.000000
3678.000000
3716.000000
3630.000000
3648.000000
3746.000000
3764.000000
3600.000000
3726.000000
3808.000000
3732.000000
3656.000000
3732.000000
3650.000000
3644.000000
3638.000000
3762.000000
3734.000000
3742.000000
3708.000000
3674.000000
3724.000000
3730.000000
3640.000000
3678.000000
3670.000000
3692.000000
3696.000000
3722.000000
3770.000000
3676.000000
3642.000000
3764.000000
3764.000000
3680.000000
3584.000000
3650.000000
3748.000000
3712.000000
3604.000000
3694.000000
3684.000000
3664.000000
3600.000000
3704.000000
3712.000000
3626.000000
3670.000000
3712.000000
3650.000000
3710.000000
3590.000000
3682.000000
3726.000000
3688.000000
3716.000000
3800.000000
3618.000000
3600.000000
3550.000000
3698.000000
3750.000000
3730.000000
3606.000000
3742.000000
3744.000000
3686.000000
3588.000000
3706.000000
3662.000000
3600.000000
3646.000000
3760.000000
3716.000000
3656.000000
3708.000000
3774.000000
3720.000000
3684.000000
3632.000000
3764.000000
3770.000000
3656.000000
3732.000000
3754.000000
3710.000000
3748.000000
3710.000000
3730.000000
3726.000000
3718.000000
3666.000000
3726.000000
3604.000000
3682.000000
3594.000000
3732.000000
3748.000000
3728.000000
3770.000000
3752.000000
3660.000000
3652.000000
3682.000000
3762.000000
3670.000000
3758.000000
3692.000000
3716.000000
3768.000000
3704.000000
3628.000000
3624.000000
3712.000000
3718.000000
3642.000000
3690.000000
3748.000000
3770.000000
3706.000000
3770.000000
3718.000000
3768.000000
3718.000000
3716.000000
3726.000000
3750.000000
3768.000000
3722.000000
3734.000000
3722.000000
3716.000000
3836.000000
3724.000000
3664.000000
3678.000000
3712.000000
3752.000000
3756.000000
3814.000000
3720.000000
3818.000000
3772.000000
3696.000000
3760.000000
3792.000000
3838.000000
3822.000000
3752.000000
3722.000000
3750.000000
3722.000000
3826.000000
3770.000000
3784.000000
3732.000000
3830.000000
3770.000000
3750.000000
3770.000000
3724.000000
3738.000000
3694.000000
3740.000000
3828.000000
3890.000000
3746.000000
3722.000000
3808.000000
3746.000000
3724.000000
3770.000000
3834.000000
3808.000000
3776.000000
3826.000000
3838.000000
3664.000000
3714.000000
3836.000000
3836.000000
3760.000000
3724.000000
3726.000000
3824.000000
3792.000000
3810.000000
3674.000000
3740.000000
3742.000000
3746.000000
3728.000000
3894.000000
3792.000000
3754.000000
3832.000000
3790.000000
3754.000000
3720.000000
3752.000000
3810.000000
3800.000000
3824.000000
3774.000000
3786.000000
3810.000000
3800.000000
3752.000000
3780.000000
3750.000000
3762.000000
3728.000000
3816.000000
3782.000000
3820.000000
3804.000000
3884.000000
3810.000000
3754.000000
3786.000000
3902.000000
3778.000000
3752.000000
3756.000000
3730.000000
3848.000000
3884.000000
3674.000000
3670.000000
3828.000000
3728.000000
3724.000000
3880.000000
3892.000000
3750.000000
3718.000000
3720.000000
3760.000000
3900.000000
3814.000000
3862.000000
3858.000000
3720.000000
3756.000000
3820.000000
3728.000000
3754.000000
3794.000000
3870.000000
3826.000000
3826.000000
3890.000000
3842.000000
3792.000000
3884.000000
3762.000000
3820.000000
3876.000000
3898.000000
3816.000000
3864.000000
3822.000000
3886.000000
3748.000000
3800.000000
3744.000000
3790.000000
3730.000000
3874.000000
3806.000000
3896.000000
3770.000000
3746.000000
3810.000000
3824.000000
3772.000000
3854.000000
3840.000000
3874.000000
3732.000000
3776.000000
3740.000000
3786.000000
3764.000000
3806.000000
3798.000000
3846.000000
3752.000000
3774.000000
3794.000000
3834.000000
3752.000000
3782.000000
3836.000000
3818.000000
3712.000000
3798.000000
3794.000000
3750.000000
3858.000000
3830.000000
3936.000000
3784.000000
3786.000000
3896.000000
3862.000000
3756.000000
3820.000000
3782.000000
3788.000000
3880.000000
3890.000000
3876.000000
3798.000000
3832.000000
3720.000000
3806.000000
3890.000000
3840.000000
3892.000000
3874.000000
3904.000000
3852.000000
3798.000000
3886.000000
3896.000000
3824.000000
3868.000000
3878.000000
3892.000000
3926.000000
3748.000000
3888.000000
3932.000000
3892.000000
3782.000000
3896.000000
3870.000000
3966.000000
3750.000000
3838.000000
3930.000000
3916.000000
3876.000000
4026.000000
3902.000000
3918.000000
3722.000000
3784.000000
3832.000000
3812.000000
3916.000000
3944.000000
3890.000000
3932.000000
3842.000000
3912.000000
3876.000000
3874.000000
3830.000000
3870.000000
3896.000000
3860.000000
3950.000000
3946.000000
3906.000000
3812.000000
3796.000000
3848.000000
3962.000000
3956.000000
3884.000000
3882.000000
3916.000000
3792.000000
3868.000000
3860.000000
3984.000000
3910.000000
3870.000000
3934.000000
3794.000000
3888.000000
3804.000000
3876.000000
3950.000000
3960.000000
3912.000000
3902.000000
3872.000000
3894.000000
3954.000000
4196.000000
4028.000000
3490.000000
3306.000000
3352.000000
3122.000000
2948.000000
2952.000000
2796.000000
1938.000000
1694.000000
1446.000000
1368.000000
1436.000000
1618.000000
3806.000000
3102.000000
1800.000000
1256.000000
1832.000000
1958.000000
2226.000000
2232.000000
1942.000000
1910.000000
2020.000000
2144.000000
1988.000000
1900.000000
2156.000000
2142.000000
2100.000000
2168.000000
2116.000000
2122.000000
2044.000000
2076.000000
2118.000000
2066.000000
2102.000000
2128.000000
2102.000000
2130.000000
2110.000000
2066.000000
2132.000000
2064.000000
2124.000000
2138.000000
2348.000000
2616.000000
2284.000000
2284.000000
2124.000000
2078.000000
2016.000000
2130.000000
2368.000000
2700.000000
3484.000000
3526.000000
3324.000000
3504.000000
3712.000000
3700.000000
3428.000000
3292.000000
3642.000000
3942.000000
3970.000000
3386.000000
3562.000000
3464.000000
3540.000000
3638.000000
3592.000000
3714.000000
3638.000000
3588.000000
3616.000000
3690.000000
3598.000000
3648.000000
3606.000000
3722.000000
3754.000000
3746.000000
3704.000000
3686.000000
3750.000000
3730.000000
3664.000000
3774.000000
3722.000000
3760.000000
3658.000000
3730.000000
3720.000000
3696.000000
3598.000000
3770.000000
3684.000000
3736.000000
3684.000000
3736.000000
3684.000000
3696.000000
3690.000000
3768.000000
3768.000000
3746.000000
3706.000000
3712.000000
3758.000000
3772.000000
3586.000000
3696.000000
3772.000000
3702.000000
3668.000000
3716.000000
3762.000000
3722.000000
3654.000000
3772.000000
3760.000000
3766.000000
3598.000000
3720.000000
3724.000000
3774.000000
3690.000000
3674.000000
3730.000000
3700.000000
3710.000000
3750.000000
3718.000000
3734.000000
3682.000000
3722.000000
3734.000000
3652.000000
3668.000000
3722.000000
3718.000000
3716.000000
3668.000000
3732.000000
3716.000000
3728.000000
3666.000000
3732.000000
3718.000000
3722.000000
3674.000000
3716.000000
3728.000000
3722.000000
3672.000000
3718.000000
3724.000000
3714.000000
3678.000000
3718.000000
3722.000000
3734.000000
3670.000000
3722.000000
3754.000000
3772.000000
3674.000000
3732.000000
3772.000000
3772.000000
3744.000000
3694.000000
3728.000000
3716.000000
3670.000000
3736.000000
3732.000000
3712.000000
3708.000000
3742.000000
3722.000000
3736.000000
3700.000000
3738.000000
3724.000000
3736.000000
3764.000000
3752.000000
3750.000000
3734.000000
3690.000000
3760.000000
3724.000000
3718.000000
3668.000000
3766.000000
3748.000000
3740.000000
3654.000000
3764.000000
3748.000000
3774.000000
3696.000000
3738.000000
3734.000000
3730.000000
3732.000000
3722.000000
3756.000000
3738.000000
3650.000000
3756.000000
3744.000000
3740.000000
3702.000000
3738.000000
3768.000000
3742.000000
3766.000000
3830.000000
3764.000000
3736.000000
3652.000000
3708.000000
3774.000000
3718.000000
3754.000000
3734.000000
3742.000000
3758.000000
3672.000000
3772.000000
3742.000000
3768.000000
3760.000000
3742.000000
3750.000000
3760.000000
3680.000000
3732.000000
3724.000000
3720.000000
3698.000000
3736.000000
3734.000000
3756.000000
3754.000000
3740.000000
3728.000000
3734.000000
3708.000000
3734.000000
3728.000000
3736.000000
3676.000000
3734.000000
3744.000000
3718.000000
3740.000000
3706.000000
3758.000000
3648.000000
3608.000000
3680.000000
3764.000000
3842.000000
3756.000000
3790.000000
3718.000000
3850.000000
3494.000000
3480.000000
3580.000000
3720.000000
3752.000000
3818.000000
3798.000000
3732.000000
3740.000000
3756.000000
3814.000000
3756.000000
3644.000000
3668.000000
3698.000000
3726.000000
3746.000000
3718.000000
3726.000000
3824.000000
3646.000000
3700.000000
3678.000000
3650.000000
3680.000000
3734.000000
3724.000000
3712.000000
3752.000000
3726.000000
3726.000000
3736.000000
3650.000000
3742.000000
3672.000000
3686.000000
3722.000000
3768.000000
3672.000000
3718.000000
3710.000000
3766.000000
3720.000000
3772.000000
3706.000000
3760.000000
3690.000000
3672.000000
3694.000000
3652.000000
3748.000000
3722.000000
3648.000000
3760.000000
3764.000000
3752.000000
3636.000000
3772.000000
3754.000000
3744.000000
3758.000000
3742.000000
3666.000000
3674.000000
3738.000000
3712.000000
3674.000000
3636.000000
3700.000000
3742.000000
3792.000000
3830.000000
3660.000000
3658.000000
3700.000000
3652.000000
3664.000000
3720.000000
3772.000000
3732.000000
3652.000000
3758.000000
3724.000000
3740.000000
3624.000000
3708.000000
3686.000000
3658.000000
3702.000000
3752.000000
3746.000000
3700.000000
3654.000000
3718.000000
3740.000000
3754.000000
3650.000000
3692.000000
3768.000000
3660.000000
3674.000000
3714.000000
3758.000000
3750.000000
3666.000000
3726.000000
3728.000000
3760.000000
3644.000000
3764.000000
3654.000000
3712.000000
3656.000000
3716.000000
3648.000000
3702.000000
3664.000000
3686.000000
3698.000000
3712.000000
3594.000000
3720.000000
3754.000000
3756.000000
3658.000000
3774.000000
3710.000000
3762.000000
3702.000000
3758.000000
3726.000000
3746.000000
3650.000000
3762.000000
3698.000000
3750.000000
3644.000000
3764.000000
3656.000000
3770.000000
3646.000000
3676.000000
3710.000000
3724.000000
3634.000000
3738.000000
3692.000000
3732.000000
3692.000000
3722.000000
3718.000000
3690.000000
3658.000000
3750.000000
3736.000000
3770.000000
3752.000000
3760.000000
3748.000000
3738.000000
3650.000000
3738.000000
3766.000000
3718.000000
3662.000000
3758.000000
3760.000000
3758.000000
3682.000000
3732.000000
3758.000000
3756.000000
3650.000000
3732.000000
3716.000000
3746.000000
3700.000000
3744.000000
3720.000000
3764.000000
3648.000000
3766.000000
3758.000000
3756.000000
3708.000000
3752.000000
3754.000000
3742.000000
3652.000000
3766.000000
3766.000000
3740.000000
3654.000000
3760.000000
3760.000000
3748.000000
3762.000000
3756.000000
3758.000000
3774.000000
3658.000000
3774.000000
3754.000000
3758.000000
3704.000000
3752.000000
3760.000000
3768.000000
3672.000000
3768.000000
3744.000000
3748.000000
3648.000000
3770.000000
3768.000000
3752.000000
3708.000000
3766.000000
3750.000000
3762.000000
3700.000000
3760.000000
3734.000000
3752.000000
3650.000000
3770.000000
3748.000000
3734.000000
3648.000000
3754.000000
3748.000000
3756.000000
3684.000000
3752.000000
3740.000000
3756.000000
3690.000000
3742.000000
3758.000000
3740.000000
3648.000000
3762.000000
3750.000000
3734.000000
3652.000000
3746.000000
3744.000000
3742.000000
3746.000000
3732.000000
3746.000000
3746.000000
3686.000000
3712.000000
3736.000000
3732.000000
3758.000000
3734.000000
3720.000000
3748.000000
3682.000000
3726.000000
3734.000000
3756.000000
3674.000000
3820.000000
3712.000000
3722.000000
3710.000000
3648.000000
3766.000000
3766.000000
3706.000000
3752.000000
3760.000000
3762.000000
3670.000000
3838.000000
3764.000000
3670.000000
3662.000000
3750.000000
3744.000000
3760.000000
3630.000000
3766.000000
3716.000000
3724.000000
3700.000000
3738.000000
3758.000000
3744.000000
3702.000000
3736.000000
3760.000000
3698.000000
3658.000000
3760.000000
3760.000000
3742.000000
3648.000000
3740.000000
3752.000000
3738.000000
3700.000000
3740.000000
3754.000000
3770.000000
3692.000000
3774.000000
3724.000000
3728.000000
3654.000000
3728.000000
3730.000000
3712.000000
3674.000000
3724.000000
3732.000000
3732.000000
3668.000000
3714.000000
3730.000000
3734.000000
3732.000000
3742.000000
3746.000000
3730.000000
3606.000000
3734.000000
3670.000000
3658.000000
3670.000000
3748.000000
3730.000000
3730.000000
3760.000000
3672.000000
3712.000000
3716.000000
3680.000000
3712.000000
3732.000000
3738.000000
3670.000000
3732.000000
3730.000000
3764.000000
3668.000000
3720.000000
3772.000000
3726.000000
3674.000000
3766.000000
3716.000000
3736.000000
3682.000000
3722.000000
3654.000000
3722.000000
3612.000000
3648.000000
3716.000000
3718.000000
3662.000000
3734.000000
3734.000000
3718.000000
3668.000000
3658.000000
3716.000000
3716.000000
3594.000000
3722.000000
3714.000000
3720.000000
3674.000000
3740.000000
3726.000000
3760.000000
3676.000000
3714.000000
3722.000000
3730.000000
3670.000000
3714.000000
3774.000000
3762.000000
3690.000000
3736.000000
3698.000000
3768.000000
3656.000000
3720.000000
3766.000000
3774.000000
3648.000000
3766.000000
3720.000000
3774.000000
3684.000000
3720.000000
3698.000000
3716.000000
3656.000000
3774.000000
3718.000000
3724.000000
3702.000000
3714.000000
3714.000000
3720.000000
3680.000000
3724.000000
3754.000000
3768.000000
3666.000000
3656.000000
3718.000000
3736.000000
3660.000000
3772.000000
3716.000000
3774.000000
3678.000000
3716.000000
3768.000000
3714.000000
3658.000000
3764.000000
3730.000000
3714.000000
3666.000000
3720.000000
3756.000000
3712.000000
3692.000000
3712.000000
3736.000000
3712.000000
3666.000000
3770.000000
3728.000000
3772.000000
3690.000000
3736.000000
3722.000000
3714.000000
3688.000000
3728.000000
3722.000000
3714.000000
3674.000000
3738.000000
3730.000000
3714.000000
3614.000000
3718.000000
3740.000000
3662.000000
3670.000000
3738.000000
3722.000000
3734.000000
3710.000000
3762.000000
3658.000000
3748.000000
3660.000000
3648.000000
3734.000000
3728.000000
3664.000000
3768.000000
3730.000000
3730.000000
3698.000000
3740.000000
3760.000000
3754.000000
3678.000000
3730.000000
3668.000000
3730.000000
3680.000000
3770.000000
3730.000000
3714.000000
3676.000000
3736.000000
3732.000000
3722.000000
3670.000000
3726.000000
3718.000000
3734.000000
3606.000000
3710.000000
3738.000000
3704.000000
3680.000000
3730.000000
3736.000000
3770.000000
3690.000000
3750.000000
3740.000000
3666.000000
3682.000000
3738.000000
3718.000000
3736.000000
3666.000000
3648.000000
3742.000000
3716.000000
3586.000000
3716.000000
3668.000000
3730.000000
3672.000000
3716.000000
3670.000000
3788.000000
3600.000000
3630.000000
3746.000000
3732.000000
3666.000000
3688.000000
3768.000000
3732.000000
3710.000000
3748.000000
3718.000000
3658.000000
3650.000000
3770.000000
3700.000000
3692.000000
3586.000000
3766.000000
3768.000000
3718.000000
3652.000000
3766.000000
3766.000000
3704.000000
3710.000000
3714.000000
3742.000000
3730.000000
3658.000000
3764.000000
3704.000000
