-2.253850
-2.871881
-3.434013
-3.913346
-7.017960
-4.738460
-5.070566
-5.380598
-5.651529
-5.884005
-6.080937
-6.260630
-6.593023
-6.550620
-6.664361
-6.767729
-6.875359
-6.937857
-8.290165
-7.035724
-7.069089
-7.094366
-7.124194
-7.137689
-7.154037
-7.151388
-7.469354
-7.144032
-7.129813
-7.112679
-7.110986
-7.089837
-9.818598
-7.067202
-7.048392
-7.112762
-6.993699
-10.072094
-6.919987
-6.886185
-6.836290
-6.806637
-6.730637
-6.705017
-6.654301
-6.631305
-6.581728
-6.557528
-6.495620
-7.363493
-6.406110
-7.450783
-6.314997
-6.266888
-6.218210
-6.168087
-6.113220
-6.068517
-6.027802
-6.008096
-5.985128
-5.968393
-5.939129
-8.551073
-5.814092
-7.231297
354.167816
-5.703131
-5.671618
-5.633347
-5.584181
-5.508706
-5.447003
-5.440346
-5.371553
-5.329047
-5.253709
-5.209020
-5.178436
-6.238560
-6.627451
-5.036170
-4.990364
-4.938644
-4.888538
-4.872303
-4.846724
-4.809376
-4.708904
-4.639135
-4.583786
-4.504489
-4.442449
-4.846561
-7.601835
-4.306554
-4.227197
-3.126738
-2.716616
-1.526502
-2.295254
-2.915294
-3.480513
-3.957018
-10.794734
-4.785007
-5.127093
-5.663108
-5.682592
-5.917370
-6.118216
-8.603897
-6.454199
-6.595702
-6.709564
-6.811070
-6.885653
-6.956726
-10.343005
-7.081232
-7.131196
-7.158894
-7.193814
-7.210886
-7.230806
-10.777169
-7.251879
-7.249934
-7.574894
-7.235432
-7.245047
-7.224604
-8.895635
-7.193868
-7.166070
-7.138379
-7.104177
-7.071445
-7.038292
-7.005085
-6.954062
-6.933849
-8.593271
-6.860021
-6.825991
-6.798522
-7.876193
-6.715019
-6.664422
-6.618736
-6.589139
-6.540968
-6.502062
-6.465919
-6.423458
-6.373375
-9.866887
-6.303092
-6.258499
-6.672250
-6.542253
-6.129640
-6.081525
-6.033493
-5.994190
-5.949858
354.099274
-5.841347
-5.774767
-5.737289
-5.676130
-8.633791
-5.553034
-7.435226
-5.565654
-5.392595
-5.333103
-5.282349
-5.238993
-5.196027
-5.141994
-5.097914
-5.042553
-4.990963
-4.954566
-7.369235
-4.849914
-8.323481
-4.734941
-4.674604
-5.178177
-4.547300
-4.488539
-4.442972
-4.372501
-4.343894
-4.250737
-2.840024
-2.754383
80.603302
-2.270515
-2.900063
-3.451717
-3.945857
-7.929975
-4.760091
-5.098755
-5.408861
-5.662470
-5.889052
-6.096401
-6.271415
-6.433310
-7.844896
-6.685419
-6.799599
-6.883040
-6.964788
-7.645246
-7.080635
-7.132001
-11.269678
-7.194881
-7.214674
-11.824121
-7.247588
-7.260782
-9.367190
-7.256654
-7.234489
-7.246387
-7.218143
-7.194788
-7.184825
-7.167542
-8.931839
-7.108077
-7.084985
-11.375623
-7.028294
-6.984259
-10.681669
-6.923208
-6.888250
-7.460092
-6.809641
-6.756411
-6.723543
-6.677467
-6.624965
-7.370014
-6.543904
-7.489338
-6.467190
-6.416217
-6.359373
-6.321035
-6.270403
-6.218487
-6.192538
-6.134232
-6.084998
-6.046773
-5.979930
-6.350248
-5.880928
351.552734
-5.793603
-5.737242
-5.766823
-5.635326
-5.589234
-5.529757
-5.483526
-5.428627
-7.424795
-5.310263
-5.269877
-5.231944
-5.180823
-5.124782
-5.073052
-5.030457
-6.032984
-4.918721
-4.875356
-4.825776
-4.779323
-4.711875
-5.994368
-4.626290
-4.556808
-4.500908
-4.461427
-4.395560
-4.358101
-4.265941
-3.899468
-2.753167
-1.473677
-10.566203
-2.852921
-3.422292
-11.742259
-4.343907
-4.734847
-6.808262
-5.376712
-5.644043
-5.874954
-6.085281
-6.259339
-6.420499
-6.565321
-8.740530
-6.868731
-6.873218
-6.952727
-7.013917
-7.077246
-7.125492
-7.156295
-7.180372
-7.203227
-7.223587
-7.229304
-8.502090
-7.243164
-11.008367
-7.227847
-7.227286
-7.710350
-7.190771
-7.175577
-7.144285
-7.132330
-7.100342
-7.072438
-7.053237
-7.020384
-8.712953
-6.955289
-6.916165
-6.881358
-6.834317
-8.829785
-6.751595
-6.710073
-6.673322
-6.611878
-6.579173
-6.539615
-6.495191
-6.463269
-7.445991
-6.360002
-6.305243
-6.260022
-6.216958
-6.173414
-6.120954
-6.073031
-9.301112
-5.972349
-5.928771
-10.035336
354.165466
-5.775285
-7.963978
-5.684027
-5.630695
-5.604492
-5.526711
-5.476942
-5.409748
-5.360261
-6.839488
-5.261257
-5.219171
-9.355504
-5.113376
-5.066974
-8.767718
-4.956294
-4.898305
-4.991824
-4.807839
-4.749379
-4.697251
-4.664249
-4.615922
-5.867310
-4.485547
-5.827691
-4.392814
-4.353238
-4.256714
-2.827712
-2.748014
-1.513920
-2.231952
-2.853221
-3.414042
-3.888607
-4.328990
-5.867183
-5.058300
-10.190903
-5.624133
-5.867339
-6.379806
-6.247694
-6.411115
-6.548021
-6.665659
-6.776615
-6.862522
-6.943202
-7.011754
-7.336422
-7.113482
-7.142900
-7.174885
-7.190933
-9.020663
-7.216257
-7.228768
-7.232386
-7.227743
-7.215774
-10.585684
-7.204049
-7.188152
-7.433427
-7.146700
-7.127607
-7.087791
-7.076154
-7.620942
-7.014511
-6.962341
-10.580652
-6.904356
-6.874562
-11.055728
-6.807708
-6.747743
-8.595335
-6.653268
-6.608279
-6.570656
-6.522799
-6.484481
-6.446002
-6.397612
-8.161532
-6.294397
-6.254175
-10.348362
-6.170450
-6.108031
-6.066638
-6.026678
-5.966625
-5.924919
-5.867007
354.177124
351.158936
-5.724183
-5.673659
-5.626419
-5.570711
-6.565952
-5.468268
-5.411906
-5.359906
-5.299977
-5.263812
-5.210374
-5.167996
-5.114059
-7.498016
-5.013402
-4.948719
-4.899351
-4.867644
-7.591354
-4.746879
-4.694963
-4.782917
-4.616100
-4.538858
-4.486086
-4.443491
-4.382473
-5.730232
-4.258209
-2.831975
-2.743796
-1.513483
-2.242197
-2.857920
-3.405613
-9.089755
-4.320445
-4.714725
-11.933650
-5.362989
-5.627036
-9.902416
-6.070002
-6.245576
-6.592651
-6.553768
-6.667616
-6.769737
-6.850832
-7.822766
-6.994926
-7.053755
-11.443752
-7.132695
-7.175299
-11.723607
-7.220849
-7.223793
-8.512684
-7.235744
-7.232733
-7.217291
-7.220433
-7.196610
-8.973472
-7.165133
-9.294224
-7.112930
-7.078208
-7.064826
-7.036346
-6.997449
-6.954268
-6.928050
-6.895832
-6.859700
-6.817276
-6.791514
-7.803151
-6.704145
-10.310103
-6.608976
-6.583428
-7.072985
-6.495492
-6.465209
-6.410344
-6.361300
-6.317757
-6.275417
-6.224990
-6.182252
-6.154271
-6.077307
-6.031350
-5.977499
-5.942663
-8.134002
354.156433
-5.793276
-5.764057
-5.694232
-5.628905
-9.106221
-5.515318
-5.473131
-5.833288
-5.355070
-5.305645
-5.255233
-5.211781
-5.167368
-5.121709
-5.071959
-8.280671
-4.961765
-4.906952
-8.984902
-4.805258
-4.743225
-6.622293
-4.640952
-4.592666
-4.551494
-4.462140
-4.431559
-4.375813
-4.341217
-5.767962
-2.835704
-2.751450
100.130882
-2.236487
-2.842170
-3.403687
-3.888497
-4.327801
-4.710081
-5.051599
-5.356645
-10.791827
-5.860331
-6.065562
-6.489285
-6.405238
-8.032655
-6.667814
-6.773921
-6.860518
-6.941702
-7.006777
-7.064750
-7.115020
-7.145825
-10.229058
-7.195263
-7.227788
-7.237339
-7.237448
-10.231591
-7.231852
-7.215074
-7.346996
-7.196832
-7.187531
-7.172831
-7.146959
-7.131740
-9.250750
-7.074914
-7.051072
-7.001349
-6.958816
-6.929861
-6.890068
-6.863832
-9.614436
-6.789206
-6.751042
-10.975636
-6.683546
-6.624419
-9.403872
-6.511789
-6.456847
-6.514838
-6.340061
-6.252221
-6.202299
-6.136654
-7.121384
-6.017126
-5.951715
-9.738002
-5.814874
-5.762962
-9.673272
-5.704503
354.376221
-6.736976
-5.466930
-5.411981
-5.334238
-5.285987
-5.241756
-7.203464
-5.126445
-6.926560
-5.002741
-4.952901
-4.809838
-4.849191
-4.789488
-4.740176
-4.684904
-4.612838
-4.540444
-4.520152
-4.445942
-5.623125
-4.346378
-7.733204
-4.321644
-4.285806
-4.687618
-4.262853
-4.235460
-4.231032
-4.171094
-2.768723
-2.714235
-1.530258
-2.245284
-3.732212
-3.424342
-3.898319
-4.348360
-4.735236
-8.811399
-5.385522
-5.664554
-5.931556
-6.123154
-6.297042
-11.256421
-6.600149
-6.712996
-7.500506
-6.920142
-7.003697
-7.065823
-7.125951
-7.177287
-7.201087
-7.223444
-10.415153
-7.254899
-7.266948
-11.807892
-7.254972
-7.247489
-9.926239
-7.221525
-7.203109
-7.244084
-7.185303
-7.146607
-7.120094
-7.072758
-8.121880
-7.011450
-6.966139
-7.116608
-6.843390
-6.846046
-6.803631
-6.745866
-6.709634
-6.648364
-6.608823
-6.544887
-10.140211
-6.463367
-6.418174
-6.627055
-6.306421
-7.872468
-6.172158
-6.122905
-6.059938
-6.009607
-5.959834
-5.914736
-5.849602
-5.800107
-8.907581
-5.695738
-5.631393
354.329712
-5.513471
-8.776279
-5.404618
-5.347064
-5.648943
-5.245594
-5.202150
-5.140433
-5.090728
-5.039665
-7.358126
-4.951005
-4.928817
-4.893922
-4.865469
-4.845994
-4.808113
-4.768259
-6.628563
-4.697812
-4.677170
-8.713593
-4.617907
-4.593759
-7.910717
-4.475390
-4.437911
-4.830404
-4.339223
-4.239819
-2.803943
-2.736279
-1.777255
-2.257428
-2.872728
-10.411857
-3.904890
-4.342855
-12.137283
-5.078462
-5.376732
-8.897051
-5.889257
-6.092876
-6.270568
-6.428928
-6.565530
-9.498845
-6.776308
-10.234432
-6.933650
-7.002273
-7.223853
-7.124547
-7.165646
-7.200081
-7.226433
-7.265867
-7.246686
-7.252238
-7.256986
-8.968181
-7.234194
-7.224995
-7.192324
-7.172473
-8.444533
-7.114594
-7.091619
-7.047012
-7.019586
-6.982551
-6.932480
-6.889545
-6.875499
-7.873519
-6.745049
-6.691676
-6.658660
-6.618809
-9.831988
-6.511569
-6.453432
-10.185896
-6.367317
-6.312880
-10.377938
-6.219467
-6.159303
-6.729740
-6.069924
-6.017202
-5.977879
-5.932836
-5.896662
-5.861306
-5.816757
-7.693747
-5.738354
354.310852
350.230408
-5.601198
-5.563160
-8.974305
-5.478024
-5.432974
-5.710097
-5.366376
-5.315346
-5.274391
-5.232735
-8.862135
-6.157431
-5.091369
-5.799989
-4.991545
-4.941213
-4.921515
-4.893244
-4.826226
-4.777540
-4.723684
-4.683538
-4.629432
-4.563426
-4.512144
-5.226839
-4.412335
-6.790858
-4.298665
-2.848927
-2.796638
-1.512322
-2.256158
-2.853931
-3.414588
-3.893852
-10.496337
-4.729246
-5.077785
-5.611192
-5.677606
-5.921120
-6.127580
-6.302622
-7.816450
-6.602448
-6.719866
-6.840788
-6.932023
-7.013907
-10.284519
-7.121366
-7.163303
-7.297747
-7.207678
-7.235085
-7.258125
-7.260864
-8.280004
-7.258861
-7.242676
-11.369588
-7.197618
-7.170310
-11.373764
-7.124084
-7.100049
-8.267518
-7.040465
-7.006657
-6.970994
-6.940553
-6.891956
-6.873846
-6.808740
-8.371385
-6.849125
-6.698412
-6.640701
-6.605066
-6.561293
-6.532307
-6.494684
-6.462147
-6.429280
-6.395295
-6.345020
-8.904602
-6.271256
-9.650992
-6.206426
-6.182006
-6.553181
-6.099081
-6.055939
-6.015543
-5.970353
-5.912250
354.130463
-5.822742
-5.774849
-7.707266
-5.668384
-5.610175
-5.550931
-5.490520
-7.279076
-5.402335
-5.335576
-5.293906
-5.258349
-5.217733
-5.172156
-5.097354
-5.029992
-6.211648
-4.872323
-4.835392
-4.749352
-4.670040
-4.933378
-4.541436
-4.468957
-8.314450
-4.328138
-4.292899
-8.324852
-4.185407
-4.087847
-4.704864
-2.551666
-1.527977
-2.302699
-2.907125
-3.473232
-3.972194
-4.418718
-7.323933
-5.160028
-5.465518
-12.106557
-5.976192
-6.185104
-11.410668
-6.521778
-6.658413
-7.564344
-6.881309
-6.961092
-7.035693
-7.093120
-7.149538
-8.433500
-7.208489
-8.404237
-7.240729
-7.255956
-7.251616
-7.261286
-7.253405
-7.242802
-7.218450
-7.218916
-7.200541
-7.184351
-7.183274
-7.786467
-7.146008
-9.931503
-7.090142
-7.055552
-7.119996
-6.987128
-6.982193
-6.925577
-6.891883
-6.847718
-10.435105
-6.784783
-6.764346
-6.951338
-6.679901
-6.633876
-6.588506
-6.546541
-7.696734
-6.470162
-6.425012
-6.378559
-6.334785
-6.286667
-9.213258
-6.171852
-6.112796
-6.179852
-5.997825
-5.955477
-5.905420
354.137726
353.073883
-5.776952
-5.729011
-9.413760
-5.613112
-5.557966
-9.494637
-5.433804
-5.382145
-6.646918
-5.220235
-5.156730
-5.061282
-4.977496
-4.902107
-4.840919
-4.750842
-6.373176
-4.840665
-4.571727
-4.460879
-4.380092
-4.313888
-4.268061
-4.202082
-4.135233
-4.090807
-4.004784
-3.955694
-6.809388
-2.453821
-5.796211
2.316368
-2.325116
-3.694919
-3.535660
-4.023790
-4.461816
-4.863835
-5.197970
-5.504607
-5.774069
-6.003656
-9.399289
-6.379489
-6.541359
-6.682104
-6.790129
-9.055398
-6.965675
-7.039480
-7.100617
-7.145674
-7.190001
-7.209572
-7.229432
-7.244715
-8.696491
-7.252994
-7.269766
-7.254754
-7.241030
-10.973699
-7.222995
-7.205995
-10.860915
-7.193188
-7.180092
-11.481420
-7.130412
-7.110578
-8.905789
-7.045069
-7.000768
-6.991523
-6.951996
-6.919102
-6.879137
-6.847016
-8.601006
-6.762980
-6.711953
-10.840648
-6.616466
-6.559245
-10.096395
-6.470168
-6.420493
-6.761904
-6.329969
-6.273996
-6.226656
-6.185544
-6.130447
-6.077539
-6.010190
-6.853170
-5.867039
-5.841790
354.235321
-5.694293
-5.632194
-5.554951
-5.482999
-5.416853
-5.352418
-5.266900
-5.182972
-5.247016
-5.043298
-7.746121
-4.922864
-4.839792
-4.850510
-4.714946
-4.667685
-4.588706
-4.532091
-4.498384
-7.994915
-4.388411
-4.326878
-4.535172
-4.250384
-4.168553
-4.091554
-4.046910
-4.924080
-3.904106
-3.824025
-2.410190
-2.340559
-1.518688
-7.501525
-2.943626
-3.495143
-4.086983
-4.408909
-4.799713
-5.118412
-5.422112
-7.142320
-5.911018
-6.119452
-11.668268
-6.463427
-6.607662
-11.660625
-6.833381
-6.914650
-8.083338
-7.054767
-7.138416
-7.177491
-7.205586
-7.230731
-7.243880
-7.262851
-8.777099
-7.565070
-7.302534
-7.297215
-7.280497
-7.283185
-7.257829
-7.231363
-7.211323
-7.176012
-7.153026
-7.091903
-10.003699
-7.049405
-10.266118
-6.991499
-6.925994
-7.131050
-6.847802
-6.804715
-6.760607
-6.692637
-6.637571
-6.575936
-6.518346
-6.469877
-8.449308
-6.380881
-6.335804
-6.259437
-6.217784
-7.546618
-6.100878
-6.039250
-5.972879
-5.922564
-5.870967
-5.812811
-5.752198
-5.704194
-6.977077
354.420349
-5.513607
-5.452136
-5.406544
-8.466959
-5.295590
-5.237097
-5.421207
-5.129246
-5.082218
-9.099352
-5.012598
-4.989049
-5.223744
-4.933428
-4.913008
-4.886518
-4.871572
-4.859886
-4.843848
-4.780375
-7.014584
-4.686958
-4.656805
-8.726986
-4.543687
-4.478334
-7.445803
-4.411276
-4.376126
-4.511766
-2.839737
-2.759304
-1.522103
-2.254328
-4.242017
-3.411842
-3.898879
-4.995131
-4.728747
-5.071932
-5.370954
-5.639426
-5.873643
-6.078956
-6.248800
-6.415035
-6.555429
-6.668145
-6.800715
-7.556674
-6.976311
-9.227416
-7.100639
-7.140399
-7.171202
-7.201050
-7.225589
-7.253611
-7.252472
-7.256070
-10.897863
-7.240736
-7.226971
-7.348908
-7.239398
-10.666675
-7.159034
-7.101914
-7.412529
-7.021648
-6.989287
-6.961186
-6.918150
-6.859574
-9.640326
-6.774965
-6.719852
-6.661356
-6.606621
-6.553540
-6.518029
-6.476933
-8.662814
-6.386596
-6.350829
-10.513145
-6.279073
-6.228633
-9.491631
-6.122140
-6.069036
-6.335161
-5.986239
-5.938519
-5.864423
-5.826690
-6.359743
-5.730094
-5.688220
350.217560
-5.632056
-5.602578
-9.682188
-5.587924
-5.565246
-7.257167
-5.512022
-5.461179
-5.420899
-5.374481
-5.335870
-7.594370
-5.247787
-7.309391
-5.140589
-5.100569
-5.088192
-4.991039
-4.959545
-4.883293
-4.825898
-4.762070
-4.701208
-4.668529
-4.597516
-6.313907
-4.420159
-7.886975
-4.267929
-4.175701
-3.318390
-2.615949
-1.505082
-2.261704
-2.879258
-3.448575
-3.942401
-4.382504
-4.778642
-6.691691
-5.440416
-5.723061
-5.959301
-6.166840
-9.511835
-6.525250
-6.672528
-6.824658
-6.882122
-6.965614
-7.040672
-7.091450
-7.141697
-7.936119
-7.197144
-7.212331
-7.221005
-7.232573
-7.223526
-7.226853
-7.227761
-11.289762
-7.201863
-7.202047
-11.602365
-7.152112
-7.136293
-9.941767
-7.062615
-7.035387
-7.070755
-6.978167
-6.944050
-6.893691
-6.871114
-7.976621
-6.764316
-6.718962
-10.658521
-6.628092
-6.581297
-6.531431
-6.489065
-6.462534
-6.425824
-6.391550
-6.367661
-6.326018
-6.297137
-6.294958
-6.746945
-6.215783
-7.718812
-6.152850
-6.069397
-5.997718
-5.950109
-5.930150
-5.883673
354.170013
-5.774452
-8.896027
-5.678741
-5.638850
-5.582608
-5.537038
-8.628214
-5.447505
-5.406528
-5.581121
-5.294166
-5.240864
-5.185249
-5.128594
-5.045882
-7.650428
-4.915456
-4.854127
-4.812518
-4.734750
-4.665689
-4.574226
-4.528773
-6.517016
-4.383355
-4.315687
-8.314282
-4.139496
-4.088391
-6.945363
-2.572799
-2.492981
26.462112
-2.287591
-2.925867
-3.521071
-4.006810
-5.002262
-4.860488
-5.213994
-11.060788
-5.788023
-6.026237
-12.057115
-6.389960
-6.547189
-9.225609
-6.800490
-6.902530
-6.981381
-7.039200
-7.091530
-10.058888
-7.178456
-9.832881
-7.230895
-7.247557
-7.296928
-7.259579
-7.265575
-7.260201
-7.248124
-7.229047
-7.230359
-7.211285
-7.206416
-9.418342
-7.185184
-10.988369
-7.131184
-7.092857
-7.714434
-7.015023
-6.980973
-6.960624
-6.931916
-6.895996
-6.843716
-6.795913
-6.744423
-7.775910
-6.658711
-6.632049
-6.608113
-6.587945
-8.739646
-6.500139
-6.439098
-6.422089
-6.355705
-6.291358
-6.217573
-6.169042
-6.124136
-6.633271
-5.961013
-5.889717
-5.827014
-5.777819
354.271973
-5.665852
-5.606717
-8.874163
-5.461921
-5.394587
-9.479136
-5.294713
-5.235223
-7.425505
-5.119537
-5.197546
-5.012203
-4.956766
-4.899318
-4.863379
-4.793545
-6.047471
-4.607469
-4.552964
-8.467565
-4.425717
-4.358481
-7.970184
-4.236273
-4.140678
-4.050300
-3.988075
-3.921401
-3.910922
-3.857523
-2.464015
-2.869830
-1.537321
-4.005588
-2.894366
-3.454859
-3.936718
-4.370872
-4.761245
-5.096883
-5.403117
-5.671350
-9.005189
-6.112739
-6.279966
-6.617335
-6.588483
-10.297967
-6.818330
-6.908619
-7.158093
-7.056371
-7.110459
-7.159389
-7.197476
-7.228628
-10.376823
-7.274169
-7.298633
-7.351400
-7.345908
-7.330183
-7.322474
-7.320829
-9.860521
-7.267051
-7.250484
-11.596568
-7.192272
-7.153248
-10.271023
-7.090120
-7.047473
-7.228206
-6.981455
-6.925058
-6.882929
-6.839570
-7.468898
-6.756623
-6.709950
-10.335614
-6.580385
-6.536041
-10.639627
-6.426138
-6.360612
-8.029794
-6.283476
-6.167015
-6.096575
-6.048102
-6.018123
-5.963080
-5.900159
-8.084656
-5.802427
-5.723920
-5.685611
354.389587
-5.535504
-5.476411
-5.420027
-5.348786
-5.283747
-5.223218
-5.169925
-7.043870
-5.081166
-8.712257
-4.987504
-4.948901
-5.609404
-4.831098
-4.790228
-4.742045
-4.682724
-4.633485
-4.614667
-4.522590
-4.482421
-5.521894
-4.393890
-4.350993
-4.308162
-4.268463
-6.726373
-4.216042
-4.193508
-4.176162
-2.711251
-2.670238
-1.507637
-2.244492
-2.858999
-4.538947
-3.901147
-4.342834
-4.731650
-5.067247
-5.368140
-5.634324
-5.865228
-10.322608
-6.256635
-6.416449
-11.955127
-6.688823
-6.797502
-9.946939
-6.957651
-7.021575
-7.173784
-7.127112
-7.157019
-7.189230
-7.216511
-8.559181
-7.255779
-7.265750
-11.774567
-7.250532
-7.230632
-11.470016
-7.213430
-7.193701
-7.179572
-7.152492
-7.137477
-7.087002
-7.060212
-7.021811
-7.275881
-6.943134
-8.611501
-6.878695
-6.847590
-6.786649
-6.751025
-6.685745
-6.641273
-6.583040
-6.513811
-9.550115
-6.424390
-6.366305
-6.367537
-6.246104
-9.480183
-6.130350
-6.083420
-6.363834
-5.976582
-5.915733
-5.855052
-5.793850
-5.727254
-7.968580
-5.622145
354.416962
-5.535176
-5.492188
-5.460503
-5.431964
-5.386391
-7.385574
-5.329246
-5.281505
-9.366221
-5.204094
-5.161810
-8.272266
-5.116401
-5.071507
-5.284570
-4.991839
-4.931022
-4.897144
-4.880123
-5.361051
-4.802525
-4.748833
-8.077227
-4.680604
-4.611463
-8.634914
-4.569228
-4.542573
-6.323249
-4.381491
-2.931360
-2.829351
-1.491927
-2.233113
-6.537576
-3.422142
-8.403853
-4.331605
-4.726719
-5.124784
-5.373672
-5.652677
-5.897098
-6.104494
-6.285950
-6.453878
-6.604076
-6.730364
-8.381583
-6.929663
-7.013577
-7.090579
-7.143880
-8.050379
-7.224600
-7.271639
-7.264412
-7.283653
-7.267623
-7.281855
-7.269486
-7.255262
-7.847365
-7.225313
-7.194196
-7.169860
-7.145889
-9.798722
-7.084652
-7.028533
-11.171812
-6.961904
-6.932815
-10.806017
-6.877657
-6.829149
-7.609477
-6.743230
-6.707298
-6.651943
-6.599882
-6.544381
-6.491879
-6.460198
-9.350628
-6.378791
-6.348631
-10.506749
-6.233862
-6.198133
-8.600618
-6.114027
-6.077026
-6.043253
-6.003746
-5.982637
-5.944454
-5.913799
-7.017116
354.157501
-5.793945
-5.983224
-5.702291
-5.636651
-5.598168
-5.536314
-5.497611
-5.440989
-5.401187
-5.360329
-8.440984
-5.268198
-5.218799
-5.313446
-5.080361
-6.531733
-4.972631
-4.913229
-4.879706
-4.795327
-4.741449
-4.687860
-4.654072
-4.600131
-6.953057
-4.465917
-4.450144
-4.427846
-4.413214
-7.516637
-2.922211
-2.846461
20.688650
-2.273684
-2.875747
-3.428590
-3.913059
-4.388658
-7.589552
-5.068237
-5.380741
-5.652287
-5.889776
-6.094795
-6.271476
-6.437367
-8.986484
-6.707910
-6.838671
-11.966231
-7.005076
-7.080132
-10.973206
-7.203683
-7.243237
-7.549165
-7.305679
-7.326566
-7.341281
-7.354154
-7.796161
-7.345829
-7.329907
-11.045417
-7.324328
-7.303620
-11.659411
-7.263120
-7.255964
-7.225973
-7.204551
-7.184821
-7.159174
-7.098958
-7.067878
-8.663765
-6.983743
-9.406607
-6.903502
-6.855237
-6.856069
-6.760126
-6.715964
-6.699057
-6.654007
-6.618353
-6.578809
-6.512974
-6.455529
-7.166025
-6.363485
-6.307621
-6.270184
-6.218735
-6.968359
-6.113012
-6.057138
-6.020391
-5.959037
354.081848
-5.865157
-5.814068
-5.780402
-6.008555
-5.672671
-5.623905
-5.572783
-5.516859
-6.774411
-5.413030
-5.353055
-9.240309
-5.261337
-5.209340
-8.131584
-5.114031
-5.040551
-5.943120
-4.966716
-4.902239
-4.843643
-4.778449
-4.735960
-4.695316
-4.627917
-7.248960
-4.535296
-4.469258
-8.541026
-4.355263
-2.922437
-5.527488
-1.507309
-2.246527
-3.020219
-3.404493
-3.889945
-4.326538
-4.728344
-10.303653
-5.819342
-5.647403
-6.244577
-6.092528
-6.272153
-6.434221
-6.576496
-6.701213
-6.818402
-6.900573
-6.984931
-10.590145
-7.115736
-7.158947
-7.268455
-7.244687
-8.884841
-7.289311
-7.288985
-7.302433
-7.302818
-7.295074
-7.284438
-7.294962
-7.263515
-8.378463
-7.238203
-7.206884
-7.185496
-7.158579
-10.540341
-7.107086
-7.077239
-7.343164
-7.012294
-6.973649
-6.946457
-6.908267
-6.873723
-8.318359
-6.782869
-6.726795
-6.681410
-6.656833
-6.612234
-6.566717
-6.530055
-8.656450
-6.422853
-6.380977
-10.510530
-6.281708
-6.240022
-9.438403
-6.136784
-6.090090
-6.370849
-5.997073
-5.954734
354.097534
-5.863026
-7.223285
-5.753422
-5.696320
-9.140700
-5.598046
-5.549056
-9.606750
-5.439423
-5.363552
-5.328002
-5.290151
-5.238156
-5.179642
-5.119307
-5.088431
-6.368756
-4.968062
-7.310714
-4.871080
-4.814723
-4.799746
-4.719048
-4.675038
-4.606996
-4.553582
-4.501001
-4.445441
-4.405667
-4.326245
-3.452101
-2.809243
101.682831
-2.228578
-2.845462
-4.588766
-3.877583
-4.320404
-4.709370
-5.053764
-5.351310
-11.032681
-5.860823
-6.073963
-6.565653
-6.412662
-6.551873
-6.668852
-6.775153
-8.606617
-6.940760
-7.013937
-11.796711
-7.120101
-7.157250
-11.383582
-7.217898
-7.234052
-8.059023
-7.259687
-7.263915
-7.262505
-7.248681
-7.256229
-7.236502
-7.221658
-10.436152
-7.173224
-7.164556
-11.470636
-7.100541
-7.084150
-9.730529
-7.008903
-6.975226
-6.999658
-6.913993
-6.874608
-6.842809
-6.794277
-9.738620
-6.888172
-6.661404
-6.793580
-6.595131
-6.549778
-6.503786
-6.453183
-6.411898
-6.365118
-6.320564
-6.266422
-8.973709
-6.169516
-6.123151
-6.094734
-6.018534
-7.197124
-5.920870
354.128571
-5.831006
-5.781023
-5.743218
-5.680050
-5.638848
-5.583074
-6.333967
-5.475304
-5.431390
-5.365082
-5.323849
-8.273140
-5.223690
-5.168099
-5.338350
-5.070482
-5.010703
-4.953753
-4.929656
-4.869018
-6.115520
-4.751196
-4.707464
-4.655046
-4.587790
-4.536883
-4.504266
-4.437538
-6.601846
-4.317950
-2.882282
-6.950397
-1.475999
-2.224876
-8.913211
-3.402827
-3.880916
-4.753479
-4.715845
-5.048723
-5.362922
-5.625970
-6.521275
-6.067379
-6.244811
-11.236305
-6.554048
-6.659504
-11.845367
-6.865933
-6.937536
-7.009398
-7.068290
-7.119124
-7.156527
-7.188823
-7.212115
-8.450680
-7.251269
-9.484847
-7.261351
-7.261788
-7.250494
-7.252470
-7.236314
-7.220851
-7.209339
-7.184044
-7.164866
-7.127594
-7.106894
-7.628940
-7.053293
-10.586043
-6.973717
-6.947482
-7.371971
-6.872634
-6.839373
-6.789311
-6.757106
-6.707677
-10.062927
-6.628993
-6.586948
-6.712514
-6.507748
-6.454603
-6.408113
-6.366101
-8.216311
-6.264045
-6.226717
-10.339878
-6.125268
-6.078150
-9.445363
-5.978781
-5.917947
353.759674
-5.814914
-5.771488
-5.723260
-5.662223
-6.243539
-5.576135
-5.527923
-9.029872
-5.420968
-5.360520
-9.407333
-5.270056
-5.218225
-6.723757
-5.103816
-5.067989
-4.999413
-4.950003
-4.924868
-4.857748
-4.803884
-6.953659
-4.790007
-4.649861
-4.605630
-4.533556
-4.485299
-4.423516
-4.386016
-4.296230
-2.870097
-2.786519
-1.483991
-6.436002
-2.830094
-11.139573
-3.903988
-4.315029
-5.660399
-5.045513
-5.344411
-5.618690
-5.857353
-6.052237
-6.230960
-6.396420
-6.537519
-8.562187
-6.767104
-6.858052
-6.933554
-7.004498
-9.706381
-7.113593
-7.137022
-7.205154
-7.198443
-7.224386
-7.238327
-7.251734
-7.251719
-7.794456
-7.236811
-7.241442
-7.219389
-7.202642
-7.187980
-7.166849
-7.142056
-10.545223
-7.083759
-7.059630
-11.349795
-6.991792
-6.965733
-9.348485
-6.900483
-6.845853
-6.847344
-6.770556
-6.726452
-6.687057
-6.640121
-7.970783
-6.563179
-6.518987
-10.543653
-6.423894
-6.371340
-10.141912
-6.277616
-6.232257
-6.198891
-6.148984
-6.097319
-6.052414
-5.997306
-5.958933
-6.444008
354.144531
-6.965760
-5.751367
-5.718465
-5.656131
-5.603891
-5.551163
-5.504577
-5.445292
-5.404807
-8.763361
-5.295586
-5.247940
-5.395756
-5.148456
-7.805798
-5.045490
-4.975186
-5.015088
-4.900682
-4.839218
-4.789869
-4.726635
-4.683538
-7.318738
-4.569567
-4.514131
-4.495025
-4.399091
-4.375477
-4.284755
-2.858711
-3.864487
-1.483991
-2.220737
-11.741592
-3.388947
-3.875069
-9.211482
-4.702287
-5.042713
-5.450279
-5.613082
-5.848255
-6.056553
-6.230085
-7.688722
-6.539247
-6.662261
-11.658036
-6.854838
-6.927155
-10.588161
-7.053301
-7.098453
-8.310904
-7.162681
-7.189577
-7.208903
-7.221622
-7.235935
-7.232755
-7.233699
-8.765025
-7.248546
-7.218249
-7.204145
-7.190053
-7.163843
-7.147019
-7.105509
-7.092198
-7.061939
-7.040773
-6.985721
-8.616515
-6.921342
-10.229749
-6.852390
-6.811724
-6.998616
-6.732579
-6.678294
-6.634323
-6.597062
-6.559477
-6.520954
-6.482667
-6.425069
-7.278239
-6.334464
-6.288790
-6.243322
-6.200571
-7.641913
-6.107523
-6.059190
-6.004341
-5.969847
-5.901363
354.147736
-5.803316
-5.751094
-6.083511
-5.652265
-5.611240
-5.563498
-5.511940
-6.186122
-5.406078
-5.346189
-8.871272
-5.254893
-5.208171
-9.201982
-5.096220
-5.046938
-6.638385
-4.947381
-4.908810
-4.843787
-4.792334
-4.741210
-4.694138
-4.649616
-6.470606
-4.509207
-4.473647
-8.481987
-4.378804
-4.293033
-6.155121
-2.790139
-1.453063
-2.860630
-2.834807
-3.392977
-11.069266
-4.312447
-11.264741
-5.541276
-5.341877
-6.624312
-5.854280
-6.059394
-6.228310
-6.392120
-6.531072
-6.652907
-6.767562
-6.853632
-10.763108
-6.999866
-7.050519
-7.172983
-7.132055
-9.640438
-7.195978
-7.213382
-7.250419
-7.230669
-7.225773
-7.216736
-7.198762
-7.201245
-9.823098
-7.152099
-7.130375
-7.096190
-7.065961
-7.023017
-7.003716
-6.964253
-7.797113
-6.880768
-6.922081
-11.129703
-6.788673
-6.738408
-9.157676
-6.645926
-6.624204
-6.592507
-6.490629
-6.437256
-6.382207
-6.340446
-7.564898
-6.256145
-6.191638
-10.179983
-6.075046
-6.018896
-9.836908
-5.923725
-5.880584
-6.844922
-5.840827
-5.823763
-5.790059
354.199463
-5.860239
-5.738703
-5.711895
-6.988373
-5.604616
-5.567952
-5.515519
-5.460605
-5.422620
-5.373060
-5.324273
-5.281025
-5.220875
-5.169548
-5.106220
-6.530141
-4.996510
-8.059303
-4.882732
-4.833467
-4.995778
-4.703399
-4.636157
-4.571785
-4.513505
-4.458800
-4.400496
-4.413004
-4.256536
-5.073973
-2.686020
-2.587228
-1.498921
-2.269422
-5.439540
-3.473778
-3.968383
-4.417556
-4.816379
-5.168921
-5.479410
-5.744556
-5.984183
-6.661284
-6.375241
-6.534236
-6.668730
-6.785549
-7.828198
-6.969240
-7.042199
-11.477992
-7.154701
-7.192901
-11.838852
-7.235148
-7.242658
-9.004379
-7.238111
-7.239862
-7.241627
-7.236083
-7.224539
-7.246853
-7.207798
-9.479360
-7.203369
-7.180454
-11.495578
-7.111711
-7.096508
-10.480001
-7.063449
-7.013130
-7.233046
-6.934143
-6.903263
-10.604623
-6.832010
-10.505973
-6.763042
-6.706946
-7.273389
-6.628234
-6.587276
-6.540448
-6.506887
-6.449426
-6.388470
-6.357413
-6.307423
-9.295884
-6.234790
-6.187179
-6.179063
-6.081525
-8.045953
-5.977361
-5.920310
354.124207
-5.795093
-5.745657
-5.703220
-5.636241
-5.556217
-7.620806
-5.386155
-5.337689
-5.278039
-5.221634
-8.823092
-5.091461
-5.015861
-5.620968
-4.860989
-4.814500
-8.865115
-4.724163
-4.705605
-6.815922
-4.554780
-4.492155
-4.445861
-4.389993
-4.289543
-4.211663
-4.173405
-5.593568
-4.055736
-3.965925
-6.524220
-2.428361
-1.505738
-9.663622
-2.944514
-3.517219
-5.516241
-4.458182
-4.837668
-5.179160
-5.476043
-5.739734
-5.968016
-6.175296
-8.064367
-6.509849
-6.650825
-6.774283
-6.883524
-6.957322
-7.036666
-7.100431
-7.155239
-7.195817
-7.227497
-7.261361
-8.835569
-7.307317
-10.806169
-7.336846
-7.338687
-7.532125
-7.332366
-7.339440
-7.329079
-7.300102
-7.305573
-7.270176
-7.262302
-7.225564
-7.902109
-7.175586
-7.132987
-7.075599
-7.048002
-8.552679
-6.951539
-6.894669
-6.861626
-6.804563
-6.762119
-10.199639
-6.648816
-6.603619
-6.808724
-6.492363
-6.439528
-6.377039
-6.321862
-6.965163
-6.250473
-6.218802
-9.803031
-6.053362
-5.986534
-10.039360
-5.816497
-5.756021
-7.351058
354.369720
-5.568385
-5.513185
-5.458822
-5.391652
-5.346762
-5.271781
-7.098497
-5.155487
-5.098159
-9.145168
-4.981233
-4.940117
-8.369525
-4.857777
-4.800869
-4.752612
-4.687935
-4.630439
-7.951392
-4.539946
-8.242775
-4.644550
-4.392490
-5.166422
-4.265664
-4.224128
-4.200815
-4.144926
-4.133013
-4.057395
-2.647795
-2.587306
96.632507
-2.252852
-2.871048
-3.503367
-3.920913
-8.757091
-4.753513
-5.092976
-5.482231
-5.683883
-5.921693
-6.118585
-6.291277
-6.451556
-9.061117
-6.714177
-6.829115
-6.918858
-6.993370
-7.057888
-7.127023
-7.177878
-10.656892
-7.253181
-7.273907
-11.910447
-7.311642
-7.318115
-8.481056
-7.298972
-7.282312
-7.338103
-7.266227
-7.251857
-7.219925
-7.186161
-8.313567
-7.133823
-7.110517
-11.183028
-7.049665
-6.996464
-10.957843
-6.920052
-6.887308
-7.807230
-6.780613
-6.722799
-6.669044
-6.617833
-6.562564
-6.523295
-6.470412
-7.951333
-6.363467
-6.304407
-6.236963
-6.190688
-6.128472
-6.067595
-6.008779
-5.949939
-5.877769
-5.812880
-5.746051
-7.015837
-5.632404
351.306763
-5.536092
-5.484265
-5.680899
-5.397280
-5.346325
-5.293760
-5.257064
-5.193053
-5.158716
-5.107789
-5.043770
-5.540299
-4.971601
-4.945545
-4.914278
-4.863418
-6.386959
-4.796201
-4.765512
-4.721998
-4.694239
-4.639966
-7.948724
-4.593902
-4.539323
-4.724931
-4.482724
-4.430046
-4.401986
-4.326682
-3.516756
-2.839166
-1.505178
-10.593197
-2.874900
-3.454326
-12.060395
-4.379608
-4.769633
-7.814704
-5.426148
-5.690461
-5.933073
-6.136241
-6.316242
-6.474038
-6.623634
-9.348438
-6.836274
-6.928065
-11.979951
-7.079844
-7.135381
-10.969259
-7.213066
-7.245848
-7.261906
-7.289822
-7.286019
-10.902937
-7.304329
-11.275741
-7.401277
-7.290522
-7.916335
-7.238514
-7.220301
-7.186547
-7.134185
-7.097156
-7.072117
-7.041339
-6.991377
-9.486239
-6.927224
-6.851859
-6.819470
-6.748987
-8.802902
-6.632668
-6.588523
-6.549948
-6.492979
-6.484780
-6.414801
-6.367138
-6.309453
-7.843481
-6.195121
-6.164064
-6.117817
-6.078892
-9.692191
-5.969227
-5.919393
-9.420259
-5.820896
-5.772564
-9.849800
354.361786
-5.586909
-7.509142
-5.510145
-5.456225
-5.437412
-5.395339
-5.383587
-5.373111
-5.355207
-8.215839
-5.273784
-5.229990
-9.328292
-5.136845
-5.092054
-8.669138
-4.997411
-4.946411
-5.533943
-4.895409
-4.852385
-4.796214
-4.748425
-4.701423
-4.636147
-4.574264
-5.412415
-4.466710
-4.425829
-4.326771
-2.868325
-2.761930
-1.491149
-2.269463
-2.881498
-3.428467
-3.925490
-4.362150
-6.248990
-5.083865
-9.628320
-5.684000
-5.923620
-6.215341
-6.325743
-6.500242
-6.661846
-6.797556
-6.908350
-6.996113
-7.057713
-7.121386
-7.602009
-7.216830
-7.249173
-7.262672
-7.287354
-8.247025
-7.301330
-7.309404
-7.293709
-7.278976
-7.243828
-10.653894
-7.193004
-7.157457
-7.206039
-7.107392
-7.086996
-7.051267
-7.023879
-9.621300
-6.965197
-6.910848
-11.026512
-6.845678
-6.805495
-10.729854
-6.717106
-6.668212
-7.293541
-6.553281
-6.522581
-6.489336
-6.462420
-6.411944
-6.357210
-6.294517
-7.478568
-6.461095
-6.147282
-6.099656
-6.076521
-6.038786
-5.993623
-5.960384
-5.914756
-5.896791
-5.867048
354.154663
351.310608
-5.761858
-8.742422
-5.730826
-5.642386
-5.793663
-5.581212
-5.526763
-5.477562
-5.426937
-5.373108
-5.340079
-5.278646
-5.206540
-7.095472
-5.091956
-5.011953
-4.963158
-4.940324
-6.140437
-4.820727
-4.766025
-4.708222
-4.670619
-4.605336
-4.565303
-4.538363
-4.458220
-5.650845
-4.312503
-2.881517
-2.755592
-1.490630
-7.466145
-2.859860
-3.449012
-4.267395
-4.398159
-4.794604
-11.895982
-5.459295
-5.733040
-7.806852
-6.189653
-6.369667
-6.532374
-6.676230
-6.793452
-6.899866
-6.984981
-9.846620
-7.118370
-7.171219
-12.000184
-7.231541
-7.256073
-10.714219
-7.281187
-7.277462
-7.532734
-7.279522
-7.261366
-7.242144
-7.244324
-7.977351
-7.191161
-7.175181
-11.022941
-7.109962
-7.067864
-7.037317
-7.008588
-6.965286
-6.906921
-6.901836
-6.852030
-6.827973
-6.794265
-6.778332
-7.303482
-6.720223
-8.689900
-6.633934
-6.589582
-6.545599
-6.508223
-6.484006
-6.429577
-6.385697
-6.348834
-9.706713
-6.269796
-6.248915
-6.364532
-6.156469
-9.550619
-6.050554
-6.020637
-6.380501
354.090424
-5.867588
-5.825078
-5.785360
-5.729023
-8.384734
-5.625285
-5.583794
-5.532801
-5.474366
-5.406022
-5.348247
-5.289522
-7.191290
-5.184341
-5.122052
-9.168268
-4.985445
-4.921398
-8.207306
-4.800108
-4.735357
-5.036343
-4.587471
-4.521071
-4.434937
-4.356627
-4.906462
-4.225488
-4.150252
-7.470346
-2.587641
-2.486175
102.941597
-2.306838
-2.934336
-6.851867
-4.011960
-4.466187
-4.859976
-5.203352
-5.513076
-9.410565
-6.019331
-9.374454
-6.407780
-6.557424
-6.728536
-6.798817
-6.908724
-6.984373
-7.052382
-7.114244
-7.159768
-7.199769
-7.229694
-8.735825
-7.258203
-11.310492
-7.265254
-7.273235
-7.915410
-7.256630
-7.239316
-7.241693
-7.211537
-7.193059
-7.174446
-7.138052
-7.122932
-7.852954
-7.067985
-7.043456
-7.017789
-6.985754
-9.216219
-6.937189
-6.919116
-6.907953
-6.860772
-6.811182
-10.398129
-6.733277
-6.685563
-7.195741
-6.600472
-6.564668
-6.525766
-6.476050
-6.776630
-6.390280
-6.330345
-9.718646
-6.228752
-6.173095
-10.274404
-6.072837
-6.018780
-8.047455
-5.939243
354.112579
-5.854324
-5.805639
-5.759829
-5.689244
-5.640816
-7.109403
-5.516885
-5.453038
-9.465956
-5.308869
-5.247993
-5.167986
-5.095105
-5.022371
-4.952008
-4.894809
-4.814690
-8.028213
-4.705694
-4.634503
-4.727871
-4.516176
-5.337624
-4.371559
-4.282296
-4.203310
-4.172353
-4.110283
-4.058529
-3.954655
-2.522225
-5.031776
-1.512473
-2.289257
-2.958638
-3.503285
-8.602161
-4.455751
-4.857968
-5.262016
-5.502305
-5.767901
-6.005220
-6.211270
-6.376470
-8.904769
-6.676128
-6.782845
-6.890075
-6.970921
-7.044528
-7.104588
-7.167048
-10.578421
-7.222890
-7.254494
-11.923207
-7.298038
-7.304924
-9.787343
-7.306021
-7.300480
-7.287249
-7.289966
-7.265302
-7.249767
-7.254718
-9.956503
-7.216267
-7.181639
-11.383226
-7.151400
-7.128288
-10.180542
-7.066901
-7.030312
-7.721922
-6.955287
-6.927059
-6.867100
-6.832306
-6.800834
-8.360339
-6.695894
-7.830856
-6.605690
-6.575216
-6.520542
-6.472796
-6.429608
-6.378525
-6.315982
-6.266728
-6.212191
-6.150717
-6.094994
-6.860629
-5.959657
-8.734675
354.178680
-5.741927
-5.765246
-5.601286
-5.523365
-5.462602
-5.409218
-5.376210
-8.780638
-5.273108
-5.200775
-5.436534
-5.097416
-4.995630
-4.945736
-4.874758
-5.894483
-4.740070
-4.653163
-4.607598
-4.534523
-4.462812
-7.377500
-4.332397
-4.267064
-4.226377
-4.106690
-4.047805
-3.993938
-3.982858
-5.078235
-2.498074
-2.406238
92.767128
-2.312685
-2.956384
-11.618834
-4.018599
-4.467547
-6.628359
-5.207095
-5.517127
-5.779369
-6.016415
-6.213525
-6.380234
-6.530701
-8.564470
-7.011526
-6.891752
-6.974291
-7.052003
-7.117954
-7.180789
-7.227141
-7.262205
-7.295763
-7.327241
-7.356434
-10.256028
-7.377022
-10.977177
-7.391244
-7.360402
-7.743683
-7.349467
-7.327816
-7.311070
-7.270732
-7.248379
-7.212894
-7.181892
-7.163825
-9.072802
-7.095611
-7.070555
-7.027894
-6.987711
-8.585482
-6.889411
-6.834753
-6.794706
-6.737177
-6.667060
-6.628255
-6.569627
-6.532880
-7.724410
-6.401696
-6.326466
-6.268976
-6.208413
-9.578121
-6.104866
-6.045685
-9.529926
-5.919253
-5.840471
-9.927287
-5.729324
354.325012
-6.290185
-5.544467
-5.508779
-5.448479
-5.389560
-5.343963
-5.269728
-5.170828
-8.134561
-4.999490
-4.938080
-9.029748
-4.858903
-4.801592
-8.230595
-4.706959
-4.648470
-5.121277
-4.575134
-4.528567
-4.468440
-4.420198
-8.117620
-5.515042
-4.311386
-4.958237
-4.215397
-4.175792
-4.150751
-4.080829
-2.654154
-2.585261
-1.498033
-2.273739
-2.898355
-3.453384
-3.942442
-5.397819
-4.766197
-9.223198
-5.429413
-5.708937
-5.989504
-6.159163
-6.341049
-6.503025
-6.653725
-6.774061
-11.039968
-6.973867
-7.056815
-7.301214
-7.183382
-7.222866
-7.256202
-7.277514
-8.299647
-7.308608
-7.307790
-7.325990
-7.329425
-7.324966
-10.170514
-7.306404
-7.288733
-7.324831
-7.259394
-7.234843
-7.226147
-7.187987
-8.285917
-7.135513
-7.095421
-11.128995
-6.965206
-6.945323
-10.921934
-6.831981
-6.794745
-7.792824
-6.667432
-6.603039
-6.554785
-6.498734
-6.439266
-6.387847
-6.348112
-7.900977
-6.253273
-6.197736
-6.138977
-6.078619
-6.021634
-5.969965
-5.911060
-5.864502
-5.804927
-5.758221
-5.692619
351.593384
-5.591062
-8.989873
-5.520909
-5.388647
-5.779823
-5.288870
-5.218597
-5.157236
-5.112544
-5.054131
-5.015726
-4.968900
-4.936467
-7.220776
-4.858189
-4.829280
-4.756210
-4.694827
-6.516759
-4.625849
-4.565838
-4.521722
-4.479616
-4.458432
-4.405273
-4.384945
-4.390715
-5.835384
-4.328827
-4.280818
-2.866498
-2.795487
101.068550
-2.262114
-2.863931
-10.770142
-3.908715
-4.347561
-12.099909
-5.085961
-5.399183
-8.538971
-5.901668
-6.106441
-6.302172
-6.454370
-6.607423
-6.724210
-6.831267
-9.071408
-6.995248
-7.062222
-11.901894
-7.157432
-7.191695
-11.310471
-7.247144
-7.268049
-7.922891
-7.277084
-7.273710
-7.276425
-7.273477
-7.276701
-7.255463
-7.252571
-8.325999
-7.207762
-7.189281
-7.164013
-7.140621
-7.090769
-7.055861
-7.001136
-6.946239
-6.907170
-6.857692
-6.803786
-7.770225
-6.698142
-9.603034
-6.604186
-6.550045
-6.613167
-6.427395
-6.377862
-6.331775
-6.270270
-6.221253
-6.174910
-6.120877
-6.048211
-6.446335
-5.969078
-5.912877
-5.856798
-5.798698
-7.061858
-5.689067
354.361328
-5.576855
-5.532746
-5.486580
-8.672096
-5.396021
-5.353006
-5.490028
-5.241725
-5.185722
-5.129632
-5.108944
-5.874569
-5.051460
-5.018532
-8.684283
-4.969142
-4.924875
-8.919013
-4.897253
-4.865145
-6.266214
-4.748423
-4.710517
-4.661534
-4.605507
-4.546438
-4.535016
-4.481839
-6.495117
-4.358586
-2.907058
-6.973965
-1.508907
-2.233113
-9.572366
-3.430475
-3.912745
-4.347663
-4.745515
-5.091815
-10.374587
-5.671186
-11.196847
-6.246911
-6.285574
-7.269465
-6.588735
-6.707668
-6.821770
-6.907400
-6.990596
-7.057166
-7.122011
-7.165776
-10.065710
-7.229746
-7.257373
-7.290339
-7.295503
-9.662753
-7.290286
-7.295296
-7.294207
-7.272799
-7.238527
-7.216668
-7.198547
-7.162901
-8.973320
-7.110850
-7.074563
-7.031121
-6.988563
-6.954985
-6.876694
-6.854175
-10.048394
-6.764800
-6.729079
-10.924089
-6.635495
-6.582016
-8.835549
-6.488182
-6.446848
-6.425578
-6.342020
-6.273057
-6.211063
-6.160184
-7.456056
-6.049591
-6.020950
-10.154480
-5.937178
-5.903230
-9.644368
-5.845798
-5.804989
353.428467
-5.724455
-5.693255
-5.654821
-5.610327
-5.558211
-5.511316
-5.481177
-6.667855
-5.392212
-5.344441
-5.307949
-5.267092
-5.232064
-5.189778
-5.154837
-5.120410
-5.061110
-4.994946
-4.965173
-5.946514
-4.834818
-7.847894
-4.731895
-4.704462
-4.818732
-4.580623
-4.574030
-4.534711
-4.501044
-4.399134
-2.967871
-2.881933
-1.508374
-2.665040
-2.867401
-3.424055
-3.911652
-4.342383
-7.256027
-5.097614
-5.402413
-5.681274
-5.928408
-6.133694
-10.728374
-6.464377
-6.618662
-7.038846
-6.865715
-6.964309
-7.055224
-7.124467
-7.799219
-7.239370
-7.269448
-11.559708
-7.321449
-7.340151
-11.869378
-7.361106
-7.357297
-9.312964
-7.332147
-7.338340
-7.318553
-7.299464
-7.279112
-7.257226
-7.236925
-9.489604
-7.190997
-7.163032
-11.424914
-7.089601
-7.065685
-7.030735
-7.004568
-6.949057
-6.924593
-6.872094
-6.832546
-10.197303
-6.745102
-10.571419
-6.793862
-6.628530
-7.415644
-6.550007
-6.499310
-6.451533
-6.399330
-6.350761
-6.304717
-6.258691
-6.207954
-8.902502
-6.096385
-6.063885
-6.031424
354.038788
351.709747
-5.858819
-5.823308
-5.817965
-5.717956
-5.673464
-5.629118
-5.571050
-5.515211
-7.392023
-5.403598
-5.369559
-5.309750
-5.255553
-5.204178
-5.147663
-5.080166
-8.012742
-5.004323
-4.945127
-9.011294
-4.833466
-4.797978
-7.240566
-4.676801
-4.639731
-4.649797
-4.523353
-4.487028
-4.408983
-2.979933
-3.994855
-1.484100
-2.238441
-11.431379
-3.423044
-3.918400
-11.644347
-4.746349
-5.088612
-6.943844
-5.667142
-5.911400
-6.118243
-6.298777
-6.461880
-8.845526
-6.728978
-8.825932
-6.924936
-7.010097
-7.079528
-7.140099
-7.192462
-7.223528
-7.256204
-7.285855
-7.314650
-7.322011
-7.332278
-8.509719
-7.334255
-10.865344
-7.318133
-7.300327
-7.660747
-7.264892
-7.245471
-7.229650
-7.195890
-7.179515
-7.156168
-7.127919
-7.100447
-7.604376
-7.052810
-7.021404
-6.982020
-6.954551
-8.920877
-6.868841
-6.824747
-6.785045
-6.739334
-6.700739
-10.250607
-6.610692
-6.560635
-6.989486
-6.453063
-6.399795
-6.357796
-6.310728
-6.643586
-6.212818
-6.166629
-9.469925
-6.072451
-6.021752
349.877808
-5.920700
-5.878094
-8.112365
-5.774990
-5.729922
-5.702178
-5.632561
-5.571050
-5.525497
-5.461647
-6.803268
-5.361130
-5.313179
-9.281431
-5.209888
-5.169690
-5.099755
-5.052750
-5.023700
-4.964230
-4.905640
-4.846272
-8.248432
-4.759493
-4.695959
-4.809646
-4.608488
-5.715097
-4.505948
-4.415744
-2.996681
-2.904900
-1.484100
-2.241869
-2.857483
-3.419137
-9.507366
-4.347834
-4.738323
-5.135945
-5.397550
-9.915952
-5.913169
-6.119261
-6.478035
-6.474325
-6.617480
-6.740289
-6.851710
-6.939819
-9.647099
-7.091562
-7.153418
-7.203373
-7.233007
-7.277771
-7.297725
-7.322223
-10.152676
-7.350379
-7.344829
-11.839145
-7.334983
-7.337089
-10.504659
-7.299033
-7.288108
-7.433585
-7.244649
-7.209226
-7.195908
-7.173838
-8.085642
-7.100529
-7.074189
-10.938909
-7.004732
-6.964897
-11.093850
-6.892420
-6.849785
-8.162310
-6.757184
-6.724226
-6.682243
-6.644089
-6.605064
-8.724357
-6.490527
-8.315124
-6.398906
-6.353575
-6.311725
-6.257913
-6.206998
-6.161766
-6.106206
-6.065060
-6.015604
354.030304
-5.923008
-7.547200
-5.828745
-9.173296
-5.735045
-5.681156
-6.042222
-5.570667
-5.527081
-5.465199
-5.415647
-5.373575
-5.317250
-5.262342
-5.209465
-5.241462
-5.094113
-5.046548
-5.020299
-4.960597
-6.845517
-4.850978
-4.806905
-4.771043
-4.694314
-4.637887
-8.135912
-4.543543
-4.496871
-4.864092
-2.982860
-2.905576
-1.485083
-2.229384
-3.186466
-3.423877
-3.908742
-11.979716
-4.747011
-5.084432
-12.040183
-5.675824
-5.917008
-8.727021
-6.292767
-6.460012
-6.615728
-6.724156
-6.839416
-6.919363
-6.998759
-10.490952
-7.131573
-7.185494
-11.880788
-7.256795
-7.287654
-7.308576
-7.316074
-7.323802
-7.327828
-7.318986
-7.308021
-9.827295
-7.296365
-7.278847
-7.459426
-7.235591
-8.253431
-7.167985
-7.140908
-7.113998
-7.077342
-7.028921
-7.006761
-6.987862
-6.962562
-9.810592
-6.895818
-6.844363
-6.829014
-6.752271
-9.462213
-6.666292
-6.632055
-6.688977
-6.541379
-6.493399
-6.435434
-6.393544
-6.343090
-8.535220
-6.260895
-6.208120
-6.145923
-6.108162
-6.050869
-6.005228
-5.947494
351.446106
-5.842276
-5.796787
-9.899552
-5.691771
-5.644845
-8.450060
-5.557388
-5.495617
-5.643973
-5.388113
-5.346771
-5.301694
-5.250846
-5.956535
-5.142925
-5.106962
-8.667450
-4.963951
-4.930379
-8.872889
-4.823896
-4.772144
-6.157117
-4.691813
-4.624427
-4.565515
-4.530877
-4.474080
-6.510274
-4.349714
-4.862699
-2.875561
-1.469620
-2.215983
-2.836433
-3.387240
-3.870971
-4.302284
-4.686434
-5.033506
-5.332732
-5.598055
-7.619781
-6.051013
-10.949992
-6.394142
-6.539596
-7.268720
-6.765588
-6.849777
-6.926963
-7.000094
-7.051471
-7.106397
-7.143784
-7.180130
-7.687588
-7.232644
-7.242717
-7.252563
-7.254502
-9.539388
-7.232696
-7.240656
-7.230263
-7.198821
-7.191051
-10.817879
-7.150502
-7.115716
-7.653367
-7.072402
-7.045827
-6.995242
-6.974673
-7.229357
-6.912607
-6.870674
-10.165238
-6.791948
-6.754756
-10.951540
-6.660141
-6.628562
-8.876094
-6.535667
-6.502174
-6.468495
-6.378853
-6.339777
-6.304090
-6.260124
-7.613286
-6.180048
-6.125883
-6.195371
-6.021239
-5.988385
-5.928739
354.116272
-5.830241
-5.789110
-5.737972
-5.691675
-9.018618
-5.611269
-5.570393
-5.638573
-5.466224
-6.713635
-5.380130
-5.344820
-5.303712
-5.243682
-5.210093
-5.171883
-5.106387
-5.062353
-7.705458
-4.981668
-4.921746
-4.887739
-4.810675
-7.802151
-4.679328
-4.623284
-4.795328
-4.501783
-4.455124
-4.360676
-2.917017
-2.844603
87.825180
-2.218374
-2.842279
-3.402745
-3.881735
-4.322077
-4.723413
-5.063777
-8.744999
-5.622350
-5.860358
-11.947722
-6.249327
-6.417327
-10.762756
-6.687256
-6.798212
-7.171014
-6.962870
-7.035739
-7.092364
-7.142938
-8.810222
-7.206995
-7.234083
-11.151383
-7.269787
-7.280198
-11.768461
-7.291370
-7.277466
-7.283388
-7.268440
-7.255809
-7.237902
-7.221787
-7.196695
-8.827558
-7.150088
-9.445757
-7.095339
-7.054104
-7.045953
-6.992281
-6.957228
-6.918001
-6.886932
-6.847116
-6.806065
-6.757442
-6.714311
-6.677582
-6.648174
-10.366966
-6.567006
-6.516430
-7.189897
-6.417491
-6.372487
-6.324219
-6.293789
-6.238460
-8.902533
-6.132846
-6.075539
-6.374577
-5.986003
354.061829
-5.887368
-5.832099
-7.185358
-5.739104
-5.698612
-9.640971
-5.603314
-5.540478
-9.295611
-5.439367
-5.391987
-6.186408
-5.292182
-5.239202
-5.185163
-5.125622
-5.070331
-5.021262
-4.993948
-7.758646
-4.878012
-4.820762
-8.896078
-4.739658
-4.670155
-7.323880
-4.580061
-4.517021
-4.598934
-4.395701
