0.000000
1386.000000
1388.000000
1392.000000
1396.000000
1408.000000
1398.000000
1392.000000
1388.000000
1386.000000
1400.000000
1388.000000
1390.000000
1410.000000
1406.000000
1396.000000
1394.000000
1402.000000
1390.000000
1358.000000
1402.000000
1380.000000
1342.000000
1500.000000
1354.000000
1240.000000
1336.000000
1420.000000
1368.000000
1294.000000
1296.000000
1368.000000
1444.000000
1360.000000
1304.000000
1358.000000
1456.000000
1458.000000
1386.000000
1254.000000
1418.000000
1440.000000
1408.000000
1364.000000
1342.000000
1362.000000
1388.000000
1434.000000
1450.000000
1410.000000
1350.000000
1364.000000
1368.000000
1336.000000
1366.000000
1396.000000
1466.000000
1408.000000
1366.000000
1346.000000
1432.000000
1442.000000
1400.000000
1382.000000
1384.000000
1396.000000
1370.000000
1396.000000
1394.000000
1406.000000
1390.000000
1392.000000
1398.000000
1290.000000
1490.000000
1346.000000
1442.000000
1384.000000
1370.000000
1386.000000
1324.000000
1354.000000
1374.000000
1400.000000
1454.000000
1406.000000
1292.000000
1318.000000
1352.000000
1366.000000
1496.000000
1514.000000
1466.000000
1514.000000
1536.000000
1594.000000
1716.000000
1674.000000
1590.000000
1494.000000
1562.000000
1550.000000
1528.000000
1466.000000
1474.000000
1484.000000
1458.000000
1450.000000
1516.000000
1514.000000
1546.000000
1474.000000
1470.000000
1466.000000
1588.000000
1436.000000
1440.000000
1432.000000
1446.000000
1394.000000
1414.000000
1430.000000
1464.000000
1464.000000
1388.000000
1408.000000
1316.000000
1288.000000
1376.000000
1438.000000
1426.000000
1386.000000
1356.000000
1374.000000
1376.000000
1350.000000
1294.000000
1288.000000
1420.000000
1430.000000
1502.000000
1480.000000
1310.000000
1342.000000
1372.000000
1372.000000
1378.000000
1410.000000
1286.000000
1322.000000
1314.000000
1358.000000
1390.000000
1394.000000
1392.000000
1372.000000
1402.000000
1388.000000
1396.000000
1392.000000
1354.000000
1348.000000
1348.000000
1344.000000
1346.000000
1342.000000
1354.000000
1374.000000
1384.000000
1392.000000
1364.000000
1384.000000
1362.000000
1360.000000
1352.000000
1344.000000
1364.000000
1370.000000
1388.000000
1370.000000
1372.000000
1366.000000
1376.000000
1356.000000
1372.000000
1364.000000
1364.000000
1380.000000
1480.000000
1370.000000
1354.000000
1350.000000
1360.000000
1366.000000
1370.000000
1392.000000
1386.000000
1360.000000
1338.000000
1344.000000
1372.000000
1364.000000
1354.000000
1366.000000
1368.000000
1390.000000
1356.000000
1368.000000
1360.000000
1392.000000
1362.000000
1384.000000
1358.000000
1326.000000
1350.000000
1362.000000
1324.000000
1306.000000
1354.000000
1372.000000
1370.000000
1364.000000
1360.000000
1344.000000
1340.000000
1376.000000
1374.000000
1322.000000
1348.000000
1336.000000
1364.000000
1382.000000
1396.000000
1376.000000
1362.000000
1324.000000
1346.000000
1336.000000
1372.000000
1378.000000
1362.000000
1372.000000
1360.000000
1378.000000
1350.000000
1350.000000
1344.000000
1342.000000
1388.000000
1380.000000
1374.000000
1362.000000
1378.000000
1364.000000
1324.000000
1346.000000
1396.000000
1406.000000
1384.000000
1336.000000
1364.000000
1380.000000
1380.000000
1346.000000
1364.000000
1376.000000
1424.000000
1368.000000
1350.000000
1366.000000
1380.000000
1382.000000
1346.000000
1368.000000
1346.000000
1312.000000
1370.000000
1372.000000
1344.000000
1362.000000
1380.000000
1390.000000
1372.000000
1356.000000
1354.000000
1346.000000
1350.000000
1346.000000
1374.000000
1360.000000
1364.000000
1356.000000
1376.000000
1358.000000
1368.000000
1370.000000
1358.000000
1334.000000
1368.000000
1360.000000
1354.000000
1346.000000
1368.000000
1372.000000
1366.000000
1358.000000
1354.000000
1378.000000
1358.000000
1352.000000
1354.000000
1364.000000
1366.000000
1348.000000
1366.000000
1360.000000
1366.000000
1372.000000
1356.000000
1374.000000
1352.000000
1354.000000
1370.000000
1356.000000
1372.000000
1362.000000
1366.000000
1370.000000
1360.000000
1360.000000
1364.000000
1356.000000
1368.000000
1358.000000
1348.000000
1364.000000
1354.000000
1354.000000
1338.000000
1362.000000
1354.000000
1354.000000
1350.000000
1374.000000
1368.000000
1348.000000
1358.000000
1360.000000
1354.000000
1372.000000
1362.000000
1360.000000
1370.000000
1368.000000
1364.000000
1356.000000
1376.000000
1368.000000
1360.000000
1354.000000
1366.000000
1374.000000
1370.000000
1344.000000
1364.000000
1364.000000
1338.000000
1352.000000
1366.000000
1380.000000
1370.000000
1356.000000
1354.000000
1356.000000
1368.000000
1348.000000
1370.000000
1360.000000
1356.000000
1368.000000
1372.000000
1362.000000
1358.000000
1354.000000
1378.000000
1366.000000
1368.000000
1366.000000
1366.000000
1378.000000
1378.000000
1372.000000
1364.000000
1360.000000
1364.000000
1372.000000
1378.000000
1360.000000
1364.000000
1382.000000
1374.000000
1378.000000
1364.000000
1356.000000
1360.000000
1362.000000
1360.000000
1346.000000
1368.000000
1386.000000
1368.000000
1358.000000
1362.000000
1362.000000
1366.000000
1346.000000
1356.000000
1366.000000
1370.000000
1360.000000
1352.000000
1376.000000
1370.000000
1362.000000
1368.000000
1370.000000
1348.000000
1372.000000
1372.000000
1362.000000
1374.000000
1374.000000
1356.000000
1360.000000
1368.000000
1372.000000
1366.000000
1380.000000
1372.000000
1366.000000
1378.000000
1370.000000
1354.000000
1386.000000
1366.000000
1368.000000
1368.000000
1372.000000
1360.000000
1352.000000
1368.000000
1368.000000
1376.000000
1362.000000
1358.000000
1356.000000
1378.000000
1368.000000
1372.000000
1372.000000
1362.000000
1368.000000
1376.000000
1372.000000
1374.000000
1358.000000
1372.000000
1366.000000
1374.000000
1370.000000
1376.000000
1378.000000
1364.000000
1368.000000
1370.000000
1352.000000
1382.000000
1372.000000
1374.000000
1364.000000
1372.000000
1388.000000
1376.000000
1366.000000
1382.000000
1362.000000
1372.000000
1360.000000
1366.000000
1366.000000
1374.000000
1366.000000
1376.000000
1398.000000
1374.000000
1364.000000
1366.000000
1376.000000
1364.000000
1376.000000
1368.000000
1362.000000
1368.000000
1354.000000
1370.000000
1358.000000
1388.000000
1356.000000
1366.000000
1380.000000
1364.000000
1374.000000
1364.000000
1356.000000
1370.000000
1346.000000
1374.000000
1354.000000
1362.000000
1360.000000
1376.000000
1378.000000
1370.000000
1374.000000
1360.000000
1370.000000
1372.000000
1362.000000
1380.000000
1372.000000
1376.000000
1374.000000
1380.000000
1368.000000
1382.000000
1432.000000
1318.000000
1336.000000
1360.000000
1378.000000
1380.000000
1360.000000
1356.000000
1360.000000
1370.000000
1388.000000
1370.000000
1368.000000
1370.000000
1366.000000
1354.000000
1366.000000
1352.000000
1362.000000
1374.000000
1362.000000
1356.000000
1364.000000
1368.000000
1366.000000
1370.000000
1364.000000
1368.000000
1372.000000
1356.000000
1356.000000
1372.000000
1376.000000
1368.000000
1362.000000
1354.000000
1370.000000
1364.000000
1376.000000
1362.000000
1366.000000
1354.000000
1362.000000
1358.000000
1354.000000
1354.000000
1368.000000
1358.000000
1374.000000
1354.000000
1364.000000
1364.000000
1366.000000
1366.000000
1374.000000
1366.000000
1350.000000
1374.000000
1352.000000
1366.000000
1354.000000
1362.000000
1362.000000
1366.000000
1358.000000
1370.000000
1374.000000
1364.000000
1346.000000
1372.000000
1354.000000
1360.000000
1388.000000
1374.000000
1340.000000
1354.000000
1360.000000
1356.000000
1358.000000
1366.000000
1378.000000
1352.000000
1372.000000
1364.000000
1368.000000
1354.000000
1368.000000
1380.000000
1382.000000
1366.000000
1368.000000
1364.000000
1362.000000
1370.000000
1372.000000
1362.000000
1348.000000
1354.000000
1370.000000
1368.000000
1380.000000
1366.000000
1358.000000
1372.000000
1372.000000
1378.000000
1372.000000
1370.000000
1366.000000
1388.000000
1370.000000
1374.000000
1368.000000
1390.000000
1382.000000
1382.000000
1362.000000
1382.000000
1368.000000
1364.000000
1368.000000
1354.000000
1366.000000
1382.000000
1344.000000
1406.000000
1384.000000
1368.000000
1364.000000
1370.000000
1380.000000
1374.000000
1350.000000
1368.000000
1396.000000
1376.000000
1346.000000
1384.000000
1390.000000
1366.000000
1390.000000
1356.000000
1360.000000
1382.000000
1382.000000
1374.000000
1386.000000
1374.000000
1384.000000
1380.000000
1374.000000
1372.000000
1364.000000
1382.000000
1370.000000
1394.000000
1372.000000
1376.000000
1380.000000
1382.000000
1376.000000
1376.000000
1378.000000
1386.000000
1382.000000
1366.000000
1376.000000
1340.000000
1358.000000
1390.000000
1336.000000
1402.000000
1354.000000
1358.000000
1374.000000
1380.000000
1368.000000
1378.000000
1386.000000
1368.000000
1372.000000
1370.000000
1380.000000
1368.000000
1392.000000
1386.000000
1370.000000
1366.000000
1382.000000
1364.000000
1368.000000
1376.000000
1360.000000
1358.000000
1370.000000
1356.000000
1356.000000
1376.000000
1380.000000
1370.000000
1372.000000
1366.000000
1360.000000
1366.000000
1364.000000
1366.000000
1366.000000
1382.000000
1366.000000
1368.000000
1354.000000
1366.000000
1368.000000
1374.000000
1368.000000
1370.000000
1354.000000
1384.000000
1378.000000
1334.000000
1436.000000
1392.000000
1406.000000
1248.000000
1278.000000
1276.000000
1294.000000
1352.000000
1374.000000
1346.000000
1364.000000
1374.000000
1416.000000
1332.000000
1328.000000
1340.000000
1368.000000
1316.000000
1332.000000
1352.000000
1382.000000
1344.000000
1334.000000
1354.000000
1368.000000
1356.000000
1356.000000
1362.000000
1354.000000
1376.000000
1356.000000
1358.000000
1370.000000
1364.000000
1344.000000
1358.000000
1378.000000
1366.000000
1374.000000
1366.000000
1360.000000
1362.000000
1356.000000
1354.000000
1362.000000
1336.000000
1354.000000
1364.000000
1338.000000
1336.000000
1356.000000
1370.000000
1350.000000
1372.000000
1370.000000
1358.000000
1358.000000
1360.000000
1362.000000
1350.000000
1346.000000
1364.000000
1370.000000
1368.000000
1364.000000
1378.000000
1352.000000
1366.000000
1362.000000
1350.000000
1344.000000
1360.000000
1346.000000
1356.000000
1360.000000
1350.000000
1356.000000
1362.000000
1358.000000
1358.000000
1350.000000
1354.000000
1368.000000
1358.000000
1368.000000
1364.000000
1362.000000
1368.000000
1348.000000
1374.000000
1360.000000
1384.000000
1352.000000
1366.000000
1360.000000
1374.000000
1364.000000
1352.000000
1350.000000
1364.000000
1354.000000
1358.000000
1364.000000
1368.000000
1354.000000
1352.000000
1362.000000
1362.000000
1364.000000
1358.000000
1358.000000
1358.000000
1344.000000
1362.000000
1350.000000
1350.000000
1354.000000
1358.000000
1352.000000
1362.000000
1362.000000
1338.000000
1356.000000
1348.000000
1358.000000
1372.000000
1362.000000
1356.000000
1354.000000
1368.000000
1362.000000
1356.000000
1374.000000
1360.000000
1354.000000
1360.000000
1366.000000
1370.000000
1360.000000
1356.000000
1350.000000
1356.000000
1348.000000
1358.000000
1372.000000
1366.000000
1372.000000
1360.000000
1374.000000
1364.000000
1372.000000
1368.000000
1366.000000
1310.000000
1314.000000
1332.000000
1316.000000
1352.000000
1338.000000
1322.000000
1324.000000
1332.000000
1328.000000
1318.000000
1326.000000
1350.000000
1364.000000
1356.000000
1322.000000
1354.000000
1338.000000
1356.000000
1320.000000
1342.000000
1336.000000
1346.000000
1352.000000
1352.000000
1326.000000
1356.000000
1360.000000
1338.000000
1334.000000
1334.000000
1342.000000
1356.000000
1352.000000
1344.000000
1360.000000
1348.000000
1336.000000
1324.000000
1330.000000
1354.000000
1338.000000
1354.000000
1358.000000
1358.000000
1360.000000
1370.000000
1334.000000
1348.000000
1368.000000
1364.000000
1372.000000
1356.000000
1364.000000
1346.000000
1352.000000
1370.000000
1362.000000
1358.000000
1370.000000
1362.000000
1370.000000
1356.000000
1362.000000
1346.000000
1354.000000
1334.000000
1354.000000
1372.000000
1346.000000
1322.000000
1348.000000
1354.000000
1344.000000
1366.000000
1354.000000
1366.000000
1362.000000
1352.000000
1358.000000
1338.000000
1324.000000
1328.000000
1324.000000
1348.000000
1340.000000
1356.000000
1356.000000
1366.000000
1344.000000
1352.000000
1356.000000
1318.000000
1350.000000
1342.000000
1324.000000
1354.000000
1350.000000
1360.000000
1366.000000
1298.000000
1314.000000
1350.000000
1358.000000
1362.000000
1348.000000
1342.000000
1314.000000
1290.000000
1280.000000
1282.000000
1306.000000
1364.000000
1366.000000
1348.000000
1324.000000
1338.000000
1324.000000
1342.000000
1366.000000
1338.000000
1334.000000
1346.000000
1338.000000
1310.000000
1314.000000
1322.000000
1358.000000
1366.000000
1368.000000
1354.000000
1352.000000
1328.000000
1314.000000
1330.000000
1334.000000
1346.000000
1352.000000
1336.000000
1360.000000
1352.000000
1362.000000
1352.000000
1346.000000
1360.000000
1334.000000
1362.000000
1354.000000
1356.000000
1358.000000
1344.000000
1364.000000
1366.000000
1352.000000
1352.000000
1336.000000
1356.000000
1348.000000
1350.000000
1356.000000
1328.000000
1354.000000
1356.000000
1320.000000
1348.000000
1344.000000
1362.000000
1346.000000
1340.000000
1352.000000
1352.000000
1350.000000
1330.000000
1324.000000
1366.000000
1396.000000
1216.000000
1194.000000
1276.000000
1352.000000
1408.000000
1380.000000
1378.000000
1318.000000
1302.000000
1270.000000
1330.000000
1326.000000
1306.000000
1310.000000
1352.000000
1318.000000
1298.000000
1306.000000
1334.000000
1394.000000
1376.000000
1314.000000
1278.000000
1276.000000
1336.000000
1334.000000
1310.000000
1292.000000
1338.000000
1322.000000
1378.000000
1350.000000
1348.000000
1346.000000
1320.000000
1292.000000
1352.000000
1324.000000
1360.000000
1380.000000
1294.000000
1288.000000
1284.000000
1318.000000
1380.000000
1372.000000
1348.000000
1300.000000
1334.000000
1328.000000
1392.000000
1350.000000
1314.000000
1346.000000
1376.000000
1340.000000
1362.000000
1358.000000
1332.000000
1342.000000
1346.000000
1370.000000
1346.000000
1342.000000
1344.000000
1344.000000
1334.000000
1340.000000
1352.000000
1346.000000
1360.000000
1336.000000
1350.000000
1344.000000
1352.000000
1352.000000
1338.000000
1324.000000
1338.000000
1334.000000
1324.000000
1346.000000
1314.000000
1360.000000
1338.000000
1330.000000
1330.000000
1342.000000
1344.000000
1352.000000
1336.000000
1324.000000
1322.000000
1336.000000
1330.000000
1350.000000
1322.000000
1328.000000
1346.000000
1348.000000
1322.000000
1320.000000
1324.000000
1338.000000
1316.000000
1326.000000
1312.000000
1336.000000
1332.000000
1332.000000
1332.000000
1318.000000
1314.000000
1324.000000
1320.000000
1316.000000
1336.000000
1326.000000
1352.000000
1324.000000
1306.000000
1312.000000
1316.000000
1338.000000
1318.000000
1306.000000
1330.000000
1338.000000
1320.000000
1306.000000
1342.000000
1332.000000
1330.000000
1324.000000
1324.000000
1330.000000
1358.000000
1376.000000
1372.000000
1358.000000
1284.000000
1286.000000
1302.000000
1314.000000
1348.000000
1336.000000
1360.000000
1326.000000
1358.000000
1350.000000
1336.000000
1316.000000
1350.000000
1360.000000
1342.000000
1348.000000
1360.000000
1356.000000
1352.000000
1356.000000
1356.000000
1340.000000
1348.000000
1362.000000
1344.000000
1330.000000
1352.000000
1342.000000
1350.000000
1352.000000
1350.000000
1318.000000
1352.000000
1350.000000
1324.000000
1350.000000
1360.000000
1360.000000
1344.000000
1326.000000
1336.000000
1352.000000
1336.000000
1340.000000
1322.000000
1340.000000
1360.000000
1342.000000
1332.000000
1340.000000
1358.000000
1334.000000
1334.000000
1324.000000
1318.000000
1330.000000
1344.000000
1316.000000
1338.000000
1354.000000
1326.000000
1324.000000
1344.000000
1338.000000
1364.000000
1374.000000
1410.000000
1310.000000
1350.000000
1338.000000
1346.000000
1346.000000
1322.000000
1324.000000
1324.000000
1332.000000
1320.000000
1320.000000
1320.000000
1356.000000
1350.000000
1366.000000
1340.000000
1350.000000
1332.000000
1318.000000
1308.000000
1310.000000
1336.000000
1334.000000
1344.000000
1348.000000
1358.000000
1348.000000
1330.000000
1340.000000
1358.000000
1340.000000
1334.000000
1346.000000
1342.000000
1348.000000
1348.000000
1356.000000
1360.000000
1362.000000
1330.000000
1342.000000
1348.000000
1366.000000
1362.000000
1358.000000
1362.000000
1356.000000
1372.000000
1364.000000
1338.000000
1358.000000
1362.000000
1352.000000
1364.000000
1362.000000
1342.000000
1372.000000
1342.000000
1350.000000
1338.000000
1360.000000
1354.000000
1372.000000
1322.000000
1348.000000
1352.000000
1358.000000
1352.000000
1338.000000
1336.000000
1322.000000
1330.000000
1342.000000
1324.000000
1338.000000
1330.000000
1324.000000
1324.000000
1346.000000
1340.000000
1338.000000
1338.000000
1332.000000
1310.000000
1318.000000
1364.000000
1348.000000
1318.000000
1308.000000
1328.000000
1338.000000
1338.000000
1330.000000
1354.000000
1380.000000
1362.000000
1330.000000
1318.000000
1318.000000
1332.000000
1356.000000
1332.000000
1328.000000
1348.000000
1338.000000
1348.000000
1348.000000
1322.000000
1320.000000
1318.000000
1336.000000
1318.000000
1314.000000
1356.000000
1348.000000
1366.000000
1338.000000
1316.000000
1312.000000
1344.000000
1338.000000
1320.000000
1322.000000
1352.000000
1360.000000
1354.000000
1350.000000
1358.000000
1350.000000
1320.000000
1362.000000
1346.000000
1338.000000
1334.000000
1338.000000
1350.000000
1358.000000
1356.000000
1348.000000
1326.000000
1350.000000
1350.000000
1358.000000
1358.000000
1342.000000
1342.000000
1352.000000
1364.000000
1366.000000
1372.000000
1370.000000
1372.000000
1334.000000
1338.000000
1348.000000
1324.000000
1364.000000
1354.000000
1354.000000
1352.000000
1354.000000
1360.000000
1340.000000
1342.000000
1354.000000
1358.000000
1336.000000
1340.000000
1340.000000
1352.000000
1360.000000
1342.000000
1356.000000
1364.000000
1356.000000
1344.000000
1324.000000
1356.000000
1358.000000
1358.000000
1334.000000
1316.000000
1314.000000
1310.000000
1334.000000
1356.000000
1344.000000
1370.000000
1334.000000
1344.000000
1352.000000
1328.000000
1346.000000
1334.000000
1340.000000
1326.000000
1342.000000
1312.000000
1338.000000
1338.000000
1308.000000
1354.000000
1348.000000
1332.000000
1348.000000
1350.000000
1342.000000
1360.000000
1338.000000
1324.000000
1324.000000
1342.000000
1332.000000
1332.000000
1356.000000
1354.000000
1328.000000
1324.000000
1332.000000
1346.000000
1312.000000
1356.000000
1366.000000
1360.000000
1350.000000
1332.000000
1350.000000
1328.000000
1316.000000
1354.000000
1350.000000
1356.000000
1342.000000
1344.000000
1330.000000
1348.000000
1360.000000
1352.000000
1354.000000
1358.000000
1358.000000
1346.000000
1328.000000
1330.000000
1350.000000
1360.000000
1366.000000
1370.000000
1340.000000
1350.000000
1362.000000
1340.000000
1352.000000
1334.000000
1338.000000
1326.000000
1344.000000
1328.000000
1356.000000
1338.000000
1346.000000
1352.000000
1362.000000
1364.000000
1328.000000
1286.000000
1294.000000
1344.000000
1376.000000
1330.000000
1326.000000
1364.000000
1362.000000
1336.000000
1338.000000
1296.000000
1338.000000
1350.000000
1350.000000
1326.000000
1306.000000
1330.000000
1308.000000
1348.000000
1356.000000
1340.000000
1334.000000
1314.000000
1302.000000
1326.000000
1320.000000
1310.000000
1344.000000
1324.000000
1332.000000
1346.000000
1370.000000
1304.000000
1304.000000
1324.000000
1336.000000
1324.000000
1316.000000
1336.000000
1372.000000
1344.000000
1324.000000
1328.000000
1332.000000
1322.000000
1338.000000
1362.000000
1336.000000
1358.000000
1344.000000
1320.000000
1356.000000
1332.000000
1342.000000
1330.000000
1336.000000
1320.000000
1352.000000
1348.000000
1328.000000
1360.000000
1370.000000
1356.000000
1340.000000
1338.000000
1340.000000
1356.000000
1342.000000
1356.000000
1364.000000
1358.000000
1348.000000
1338.000000
1366.000000
1366.000000
1342.000000
1356.000000
1354.000000
1364.000000
1344.000000
1342.000000
1346.000000
1332.000000
1352.000000
1310.000000
1340.000000
1362.000000
1356.000000
1320.000000
1320.000000
1302.000000
1332.000000
1354.000000
1362.000000
1342.000000
1352.000000
1354.000000
1342.000000
1312.000000
1336.000000
1346.000000
1346.000000
1330.000000
1346.000000
1342.000000
1322.000000
1330.000000
1342.000000
1320.000000
1344.000000
1338.000000
1352.000000
1334.000000
1334.000000
1340.000000
1330.000000
1342.000000
1352.000000
1352.000000
1344.000000
1326.000000
1314.000000
1310.000000
1330.000000
1340.000000
1342.000000
1326.000000
1340.000000
1350.000000
1336.000000
1312.000000
1324.000000
1346.000000
1320.000000
1334.000000
1350.000000
1348.000000
1322.000000
1316.000000
1346.000000
1340.000000
1324.000000
1312.000000
1316.000000
1336.000000
1330.000000
1324.000000
1330.000000
1348.000000
1348.000000
1342.000000
1326.000000
1350.000000
1362.000000
1366.000000
1350.000000
1330.000000
1334.000000
1330.000000
1344.000000
1374.000000
1382.000000
1352.000000
1320.000000
1330.000000
1324.000000
1354.000000
1368.000000
1356.000000
1354.000000
1330.000000
1316.000000
1314.000000
1312.000000
1326.000000
1340.000000
1340.000000
1344.000000
1336.000000
1346.000000
1310.000000
1326.000000
1354.000000
1358.000000
1340.000000
1324.000000
1350.000000
1348.000000
1326.000000
1302.000000
1324.000000
1348.000000
1344.000000
1344.000000
1354.000000
1330.000000
1340.000000
1324.000000
1318.000000
1306.000000
1350.000000
1360.000000
1374.000000
1328.000000
1278.000000
1280.000000
1308.000000
1332.000000
1362.000000
1354.000000
1346.000000
1322.000000
1332.000000
1328.000000
1326.000000
1310.000000
1346.000000
1336.000000
1336.000000
1338.000000
1352.000000
1362.000000
1342.000000
1336.000000
1344.000000
1334.000000
1328.000000
1342.000000
1356.000000
1336.000000
1336.000000
1340.000000
1358.000000
1356.000000
1348.000000
1340.000000
1356.000000
1358.000000
1344.000000
1322.000000
1354.000000
1352.000000
1346.000000
1356.000000
1332.000000
1344.000000
1350.000000
1342.000000
1356.000000
1340.000000
1340.000000
1344.000000
1346.000000
1356.000000
1352.000000
1336.000000
1358.000000
1346.000000
1346.000000
1344.000000
1346.000000
1332.000000
1360.000000
1350.000000
1330.000000
1336.000000
1330.000000
1328.000000
1330.000000
1334.000000
1340.000000
1344.000000
1336.000000
1340.000000
1334.000000
1356.000000
1366.000000
1352.000000
1338.000000
1342.000000
1336.000000
1318.000000
1308.000000
1310.000000
1368.000000
1364.000000
1358.000000
1366.000000
1348.000000
1332.000000
1324.000000
1312.000000
1316.000000
1310.000000
1322.000000
1350.000000
1360.000000
1344.000000
1344.000000
1346.000000
1312.000000
1338.000000
1346.000000
1324.000000
1334.000000
1316.000000
1306.000000
1340.000000
1356.000000
1358.000000
1326.000000
1316.000000
1340.000000
1342.000000
1322.000000
1340.000000
1348.000000
1356.000000
1372.000000
1354.000000
1336.000000
1352.000000
1336.000000
1336.000000
1352.000000
1330.000000
1342.000000
1346.000000
1356.000000
1348.000000
1344.000000
1360.000000
1360.000000
1344.000000
1358.000000
1336.000000
1336.000000
1338.000000
1364.000000
1370.000000
1346.000000
1350.000000
1346.000000
1342.000000
1332.000000
1352.000000
1364.000000
1356.000000
1354.000000
1340.000000
1340.000000
1330.000000
1338.000000
1322.000000
1330.000000
1340.000000
1346.000000
1348.000000
1352.000000
1344.000000
1312.000000
1320.000000
1332.000000
1348.000000
1352.000000
1330.000000
1316.000000
1322.000000
1316.000000
1328.000000
1350.000000
1348.000000
1334.000000
1334.000000
1340.000000
1324.000000
1320.000000
1330.000000
1344.000000
1330.000000
1340.000000
1320.000000
1334.000000
1328.000000
1314.000000
1306.000000
1350.000000
1336.000000
1350.000000
1328.000000
1316.000000
1310.000000
1310.000000
1308.000000
1316.000000
1338.000000
1346.000000
1354.000000
1338.000000
1352.000000
1344.000000
1342.000000
1320.000000
1322.000000
1324.000000
1328.000000
1372.000000
1342.000000
1332.000000
1332.000000
1356.000000
1348.000000
1324.000000
1328.000000
1344.000000
1354.000000
1336.000000
1352.000000
1354.000000
1358.000000
1342.000000
1328.000000
1344.000000
1348.000000
1332.000000
1328.000000
1342.000000
1334.000000
1348.000000
1340.000000
1348.000000
1362.000000
1336.000000
1344.000000
1338.000000
1318.000000
1332.000000
1346.000000
1350.000000
1354.000000
1346.000000
1344.000000
1322.000000
1338.000000
1350.000000
1338.000000
1330.000000
1346.000000
1334.000000
1320.000000
1344.000000
1338.000000
1348.000000
1358.000000
1344.000000
1344.000000
1336.000000
1332.000000
1352.000000
1344.000000
1314.000000
1332.000000
1328.000000
1334.000000
1336.000000
1362.000000
1344.000000
1332.000000
1342.000000
1324.000000
1332.000000
1344.000000
1314.000000
1304.000000
1330.000000
1354.000000
1336.000000
1346.000000
1354.000000
1356.000000
1324.000000
1324.000000
1334.000000
1356.000000
1316.000000
1334.000000
1338.000000
1360.000000
1312.000000
1310.000000
1314.000000
1348.000000
1338.000000
1338.000000
1342.000000
1348.000000
1354.000000
1336.000000
1340.000000
1348.000000
1346.000000
1344.000000
1342.000000
1332.000000
1358.000000
1348.000000
1364.000000
1368.000000
1360.000000
1382.000000
1352.000000
1358.000000
1318.000000
1348.000000
1354.000000
1346.000000
1322.000000
1326.000000
1360.000000
1348.000000
1340.000000
1356.000000
1334.000000
1338.000000
1352.000000
1350.000000
1340.000000
1344.000000
1374.000000
1356.000000
1338.000000
1358.000000
1362.000000
1354.000000
1334.000000
1356.000000
1348.000000
1360.000000
1360.000000
1360.000000
1352.000000
1348.000000
1342.000000
1364.000000
1360.000000
1364.000000
1338.000000
1346.000000
1342.000000
1322.000000
1346.000000
1324.000000
1326.000000
1322.000000
1360.000000
1346.000000
1342.000000
1356.000000
1348.000000
1390.000000
1326.000000
1312.000000
1344.000000
1348.000000
1302.000000
1306.000000
1326.000000
1304.000000
1324.000000
1312.000000
1368.000000
1350.000000
1314.000000
1296.000000
1378.000000
1352.000000
1320.000000
1346.000000
1318.000000
1328.000000
1382.000000
1372.000000
1328.000000
1320.000000
1320.000000
1350.000000
1340.000000
1340.000000
1324.000000
1330.000000
1354.000000
1366.000000
1336.000000
1324.000000
1322.000000
1326.000000
1358.000000
1362.000000
1350.000000
1332.000000
1336.000000
1348.000000
1352.000000
1346.000000
1332.000000
1350.000000
1356.000000
1334.000000
1344.000000
1336.000000
1348.000000
1332.000000
1314.000000
1332.000000
1334.000000
1360.000000
1336.000000
1360.000000
1352.000000
1368.000000
1352.000000
1338.000000
1348.000000
1334.000000
1334.000000
1356.000000
1314.000000
1342.000000
1322.000000
1310.000000
1340.000000
1356.000000
1352.000000
1356.000000
1304.000000
1314.000000
1326.000000
1348.000000
1320.000000
1328.000000
1306.000000
1324.000000
1346.000000
1356.000000
1346.000000
1346.000000
1344.000000
1312.000000
1330.000000
1334.000000
1324.000000
1316.000000
1330.000000
1314.000000
1320.000000
1316.000000
1328.000000
1324.000000
1330.000000
1332.000000
1308.000000
1324.000000
1334.000000
1326.000000
1352.000000
1360.000000
1344.000000
1334.000000
1312.000000
1328.000000
1330.000000
1344.000000
1340.000000
1360.000000
1360.000000
1350.000000
1310.000000
1314.000000
1328.000000
1320.000000
1348.000000
1340.000000
1342.000000
1348.000000
1340.000000
1346.000000
1322.000000
1340.000000
1338.000000
1358.000000
1360.000000
1338.000000
1304.000000
1348.000000
1360.000000
1350.000000
1338.000000
1330.000000
1346.000000
1360.000000
1336.000000
1356.000000
1340.000000
1340.000000
1336.000000
1352.000000
1338.000000
1326.000000
1352.000000
1336.000000
1332.000000
1350.000000
1334.000000
1336.000000
1352.000000
1340.000000
1370.000000
1346.000000
1336.000000
1366.000000
1356.000000
1344.000000
1336.000000
1328.000000
1334.000000
1338.000000
1330.000000
1322.000000
1330.000000
1356.000000
1354.000000
1360.000000
1348.000000
1328.000000
1328.000000
1308.000000
1346.000000
1328.000000
1350.000000
1344.000000
1330.000000
1320.000000
1330.000000
1320.000000
1318.000000
1320.000000
1324.000000
1328.000000
1348.000000
1332.000000
1356.000000
1338.000000
1348.000000
1326.000000
1350.000000
1308.000000
1288.000000
1270.000000
1290.000000
1338.000000
1344.000000
1360.000000
1350.000000
1350.000000
1340.000000
1322.000000
1302.000000
1304.000000
1322.000000
1334.000000
1360.000000
1344.000000
1316.000000
1306.000000
1346.000000
1320.000000
1334.000000
1342.000000
1324.000000
1328.000000
1344.000000
1340.000000
1316.000000
1336.000000
1342.000000
1356.000000
1320.000000
1338.000000
1358.000000
1360.000000
1322.000000
1312.000000
1352.000000
1356.000000
1360.000000
1318.000000
1342.000000
1330.000000
1330.000000
1356.000000
1346.000000
1338.000000
1348.000000
1334.000000
1336.000000
1338.000000
1348.000000
1344.000000
1362.000000
1366.000000
1342.000000
1332.000000
1350.000000
1338.000000
1312.000000
1340.000000
1350.000000
1324.000000
1312.000000
1338.000000
1326.000000
1324.000000
1344.000000
1360.000000
1340.000000
1302.000000
1322.000000
1316.000000
1340.000000
1326.000000
1312.000000
1336.000000
1344.000000
1358.000000
1336.000000
1338.000000
1320.000000
1330.000000
1356.000000
1346.000000
1334.000000
1330.000000
1328.000000
1306.000000
1356.000000
1342.000000
1330.000000
1338.000000
1316.000000
1314.000000
1338.000000
1326.000000
1354.000000
1330.000000
1350.000000
1332.000000
1308.000000
1300.000000
1328.000000
1320.000000
1342.000000
1336.000000
1364.000000
1328.000000
1304.000000
1342.000000
1336.000000
1378.000000
1310.000000
1296.000000
1260.000000
1310.000000
1304.000000
1294.000000
1316.000000
1364.000000
1386.000000
1382.000000
1336.000000
1250.000000
1330.000000
1334.000000
1372.000000
1360.000000
1374.000000
1334.000000
1306.000000
1314.000000
1338.000000
1336.000000
1324.000000
1310.000000
1364.000000
1354.000000
1306.000000
1342.000000
1322.000000
1338.000000
1328.000000
1330.000000
1360.000000
1346.000000
1326.000000
1372.000000
1346.000000
1338.000000
1322.000000
1318.000000
1340.000000
1346.000000
1328.000000
1332.000000
1350.000000
1362.000000
1354.000000
1344.000000
1336.000000
1336.000000
1326.000000
1340.000000
1328.000000
1356.000000
1340.000000
1330.000000
1332.000000
1336.000000
1322.000000
1322.000000
1336.000000
1344.000000
1324.000000
1316.000000
1358.000000
1352.000000
1344.000000
1354.000000
1324.000000
1328.000000
1316.000000
1328.000000
1312.000000
1334.000000
1362.000000
1338.000000
1300.000000
1324.000000
1314.000000
1352.000000
1358.000000
1344.000000
1350.000000
1354.000000
1342.000000
1316.000000
1328.000000
1326.000000
1316.000000
1338.000000
1350.000000
1342.000000
1336.000000
1330.000000
1352.000000
1330.000000
1332.000000
1338.000000
1338.000000
1356.000000
1332.000000
1328.000000
1352.000000
1342.000000
1336.000000
1314.000000
1332.000000
1356.000000
1336.000000
1334.000000
1350.000000
1364.000000
1344.000000
1356.000000
1340.000000
1320.000000
1356.000000
1350.000000
1332.000000
1358.000000
1336.000000
1338.000000
1320.000000
1330.000000
1340.000000
1322.000000
1360.000000
1358.000000
1326.000000
1338.000000
1324.000000
1316.000000
1322.000000
1318.000000
1354.000000
1346.000000
1336.000000
1346.000000
1326.000000
1310.000000
1310.000000
1320.000000
1330.000000
1358.000000
1334.000000
1326.000000
1334.000000
1320.000000
1350.000000
1336.000000
1324.000000
1330.000000
1324.000000
1326.000000
1324.000000
1332.000000
1348.000000
1340.000000
1336.000000
1332.000000
1328.000000
1330.000000
1336.000000
1322.000000
1350.000000
1336.000000
1336.000000
1336.000000
1320.000000
1318.000000
1356.000000
1334.000000
1328.000000
1336.000000
1326.000000
1314.000000
1356.000000
1340.000000
1356.000000
1340.000000
1348.000000
1322.000000
1350.000000
1338.000000
1336.000000
1342.000000
1350.000000
1354.000000
1346.000000
1364.000000
1354.000000
1354.000000
1348.000000
1358.000000
1344.000000
1370.000000
1360.000000
1332.000000
1352.000000
1354.000000
1338.000000
1342.000000
1358.000000
1360.000000
1364.000000
1366.000000
1356.000000
1356.000000
1340.000000
1342.000000
1336.000000
1352.000000
1354.000000
1360.000000
1336.000000
1366.000000
1356.000000
1364.000000
1336.000000
1350.000000
1356.000000
1360.000000
1346.000000
1342.000000
1350.000000
1326.000000
1338.000000
1340.000000
1318.000000
1348.000000
1346.000000
1332.000000
1336.000000
1346.000000
1326.000000
1314.000000
1304.000000
1316.000000
1352.000000
1348.000000
1314.000000
1352.000000
1334.000000
1328.000000
1340.000000
1334.000000
1322.000000
1318.000000
1338.000000
1336.000000
1334.000000
1354.000000
1330.000000
1340.000000
1336.000000
1320.000000
1328.000000
1356.000000
1346.000000
1332.000000
1336.000000
1346.000000
1348.000000
1322.000000
1348.000000
1332.000000
1328.000000
1330.000000
1348.000000
1356.000000
1340.000000
1346.000000
1352.000000
1350.000000
1352.000000
1324.000000
1350.000000
1372.000000
1380.000000
1320.000000
1284.000000
1300.000000
1360.000000
1374.000000
1352.000000
1364.000000
1358.000000
1324.000000
1344.000000
1342.000000
1306.000000
1344.000000
1374.000000
1366.000000
1342.000000
1326.000000
1356.000000
1360.000000
1334.000000
1344.000000
1380.000000
1368.000000
1366.000000
1324.000000
1344.000000
1364.000000
1348.000000
1342.000000
1332.000000
1274.000000
1370.000000
1386.000000
1344.000000
1336.000000
1342.000000
1358.000000
1318.000000
1298.000000
1308.000000
1350.000000
1352.000000
1362.000000
1332.000000
1314.000000
1332.000000
1342.000000
1362.000000
1308.000000
1292.000000
1304.000000
1298.000000
1278.000000
1348.000000
1360.000000
1268.000000
1318.000000
904.000000
1548.000000
1484.000000
1476.000000
1512.000000
1574.000000
1498.000000
1500.000000
1670.000000
1562.000000
1698.000000
1424.000000
1544.000000
1632.000000
1606.000000
1768.000000
1702.000000
1528.000000
1538.000000
1666.000000
1884.000000
1988.000000
2088.000000
1820.000000
1664.000000
1720.000000
1998.000000
2142.000000
2158.000000
2176.000000
2306.000000
2766.000000
1988.000000
2040.000000
1990.000000
1850.000000
1762.000000
1862.000000
2160.000000
4314.000000
2550.000000
2006.000000
2074.000000
2270.000000
2188.000000
2102.000000
2148.000000
2176.000000
2386.000000
2384.000000
2358.000000
2326.000000
2310.000000
2186.000000
2068.000000
1892.000000
2000.000000
2034.000000
2178.000000
2262.000000
2142.000000
2150.000000
2116.000000
2128.000000
2166.000000
2174.000000
2158.000000
2166.000000
2174.000000
2194.000000
2172.000000
2146.000000
2110.000000
2194.000000
2136.000000
2120.000000
2118.000000
2000.000000
1964.000000
2056.000000
2106.000000
2130.000000
2106.000000
2100.000000
2096.000000
2080.000000
2090.000000
2174.000000
2124.000000
2144.000000
2174.000000
2156.000000
2126.000000
2128.000000
2056.000000
2094.000000
2126.000000
2132.000000
2148.000000
2150.000000
2164.000000
2134.000000
2110.000000
2082.000000
2084.000000
2094.000000
2158.000000
2024.000000
2076.000000
2096.000000
2112.000000
2114.000000
2128.000000
2114.000000
2124.000000
2110.000000
2062.000000
2050.000000
2048.000000
2096.000000
2078.000000
2106.000000
2090.000000
2052.000000
2102.000000
2094.000000
2090.000000
2074.000000
2092.000000
2088.000000
2070.000000
2064.000000
2054.000000
2034.000000
2084.000000
2094.000000
2098.000000
2104.000000
2044.000000
2080.000000
2088.000000
2090.000000
2090.000000
2064.000000
2078.000000
2064.000000
2080.000000
2076.000000
2066.000000
2066.000000
2088.000000
2082.000000
2086.000000
2064.000000
2036.000000
2070.000000
2080.000000
2068.000000
2088.000000
2048.000000
2064.000000
2034.000000
2084.000000
2058.000000
2082.000000
2082.000000
2056.000000
2050.000000
2062.000000
1992.000000
2098.000000
2174.000000
1994.000000
2058.000000
2002.000000
2060.000000
2060.000000
2046.000000
2032.000000
2158.000000
2018.000000
1970.000000
2068.000000
2026.000000
1994.000000
2012.000000
2008.000000
1924.000000
1902.000000
1960.000000
1948.000000
1888.000000
1906.000000
1910.000000
1936.000000
1852.000000
1876.000000
1862.000000
1918.000000
1888.000000
1908.000000
1940.000000
1886.000000
1874.000000
1890.000000
1868.000000
1864.000000
1894.000000
1876.000000
1868.000000
1852.000000
1878.000000
1858.000000
1872.000000
1850.000000
1882.000000
1866.000000
1894.000000
1842.000000
1850.000000
1856.000000
1860.000000
1858.000000
1860.000000
1842.000000
1856.000000
1854.000000
1862.000000
1856.000000
1858.000000
1854.000000
1868.000000
1844.000000
1850.000000
1842.000000
1858.000000
1888.000000
1892.000000
1878.000000
1848.000000
1904.000000
1918.000000
1926.000000
1916.000000
1814.000000
1848.000000
1842.000000
1822.000000
1906.000000
1912.000000
1880.000000
1938.000000
1840.000000
1832.000000
1824.000000
1888.000000
1896.000000
1892.000000
1872.000000
1886.000000
1896.000000
1906.000000
1902.000000
1848.000000
1844.000000
1842.000000
1872.000000
1886.000000
1888.000000
1882.000000
1874.000000
1858.000000
1848.000000
1832.000000
1852.000000
1906.000000
1868.000000
1892.000000
1858.000000
1844.000000
1842.000000
1852.000000
1848.000000
1862.000000
1862.000000
1848.000000
1902.000000
1926.000000
1832.000000
1842.000000
1852.000000
1824.000000
1810.000000
1842.000000
1904.000000
1932.000000
1876.000000
1842.000000
1844.000000
1804.000000
1820.000000
1840.000000
1878.000000
1882.000000
1872.000000
1854.000000
1880.000000
1874.000000
1830.000000
1774.000000
1858.000000
1944.000000
2058.000000
2030.000000
1976.000000
1842.000000
1894.000000
1924.000000
1958.000000
1974.000000
1898.000000
1894.000000
1868.000000
1874.000000
1924.000000
1898.000000
1892.000000
1882.000000
1890.000000
1902.000000
1896.000000
1960.000000
1804.000000
1818.000000
1774.000000
1858.000000
1896.000000
1868.000000
1864.000000
1878.000000
1916.000000
1894.000000
1868.000000
1830.000000
1876.000000
1868.000000
1878.000000
1900.000000
1872.000000
1870.000000
1884.000000
1838.000000
1876.000000
1884.000000
1880.000000
1922.000000
1844.000000
1798.000000
1788.000000
1920.000000
1888.000000
1834.000000
1808.000000
1880.000000
1872.000000
1874.000000
1890.000000
1854.000000
1816.000000
1806.000000
1848.000000
1864.000000
1808.000000
1806.000000
1828.000000
1854.000000
1884.000000
1864.000000
1858.000000
1792.000000
1854.000000
1866.000000
1866.000000
1886.000000
1838.000000
1852.000000
1838.000000
1854.000000
1810.000000
1850.000000
1854.000000
1866.000000
1862.000000
1850.000000
1850.000000
1776.000000
1852.000000
1838.000000
1878.000000
1858.000000
1814.000000
1814.000000
1850.000000
1838.000000
1814.000000
1784.000000
1832.000000
1874.000000
1848.000000
1868.000000
1826.000000
1828.000000
1850.000000
1840.000000
1832.000000
1806.000000
1850.000000
1850.000000
1850.000000
1846.000000
1856.000000
1828.000000
1862.000000
1818.000000
1838.000000
1826.000000
1808.000000
1806.000000
1862.000000
1852.000000
1818.000000
1804.000000
1846.000000
1878.000000
1810.000000
1788.000000
1788.000000
1796.000000
1816.000000
1800.000000
1792.000000
1792.000000
1822.000000
1816.000000
1798.000000
1804.000000
1798.000000
1804.000000
1798.000000
1820.000000
1824.000000
1816.000000
1792.000000
1790.000000
1796.000000
1822.000000
1820.000000
1832.000000
1830.000000
1772.000000
1802.000000
1784.000000
1802.000000
1822.000000
1828.000000
1802.000000
1794.000000
1780.000000
1808.000000
1764.000000
1774.000000
1788.000000
1818.000000
1820.000000
1792.000000
1790.000000
1816.000000
1802.000000
1808.000000
1788.000000
1814.000000
1818.000000
1804.000000
1804.000000
1808.000000
1820.000000
1834.000000
1850.000000
1752.000000
1850.000000
1832.000000
1842.000000
1432.000000
1332.000000
1482.000000
1894.000000
2382.000000
2424.000000
2266.000000
1400.000000
1266.000000
1612.000000
1954.000000
1984.000000
1358.000000
1396.000000
1664.000000
1998.000000
2112.000000
2114.000000
1780.000000
1518.000000
1616.000000
1734.000000
1888.000000
1876.000000
1704.000000
1698.000000
1734.000000
1804.000000
1796.000000
1754.000000
1702.000000
1780.000000
1924.000000
1914.000000
1726.000000
1644.000000
1650.000000
1686.000000
1804.000000
1912.000000
1764.000000
1780.000000
1746.000000
1706.000000
1694.000000
1676.000000
1660.000000
1586.000000
1438.000000
1500.000000
1542.000000
1592.000000
1608.000000
1606.000000
1624.000000
1644.000000
1612.000000
1600.000000
1598.000000
1590.000000
1544.000000
1582.000000
1562.000000
1578.000000
1544.000000
1572.000000
1544.000000
1550.000000
1516.000000
1502.000000
1434.000000
1528.000000
1530.000000
1524.000000
1490.000000
1510.000000
1478.000000
1482.000000
1498.000000
1490.000000
1494.000000
1496.000000
1480.000000
1486.000000
1498.000000
1498.000000
1492.000000
1470.000000
1468.000000
1416.000000
1462.000000
1484.000000
1492.000000
1516.000000
1486.000000
1462.000000
1460.000000
1460.000000
1464.000000
1474.000000
1532.000000
1592.000000
1442.000000
1484.000000
1446.000000
1446.000000
1388.000000
1504.000000
1476.000000
1492.000000
1436.000000
1428.000000
1512.000000
1486.000000
1424.000000
1436.000000
1450.000000
1470.000000
1488.000000
1472.000000
1430.000000
1440.000000
1466.000000
1468.000000
1456.000000
1446.000000
1444.000000
1454.000000
1436.000000
1450.000000
1456.000000
1460.000000
1504.000000
1488.000000
1454.000000
1440.000000
1378.000000
1380.000000
1418.000000
1450.000000
1666.000000
1326.000000
1420.000000
1458.000000
1440.000000
1412.000000
1410.000000
1462.000000
1428.000000
1422.000000
1382.000000
1456.000000
1476.000000
1472.000000
1440.000000
1380.000000
1406.000000
1448.000000
1460.000000
1424.000000
1436.000000
1442.000000
1440.000000
1446.000000
1412.000000
1468.000000
1454.000000
1432.000000
1444.000000
1442.000000
1454.000000
1426.000000
1452.000000
1428.000000
1438.000000
1442.000000
1424.000000
1430.000000
1446.000000
1448.000000
1426.000000
1438.000000
1444.000000
1440.000000
1428.000000
1446.000000
1446.000000
1460.000000
1426.000000
1476.000000
1480.000000
1428.000000
1366.000000
1358.000000
1360.000000
1536.000000
1468.000000
1460.000000
1426.000000
1492.000000
1588.000000
1568.000000
1514.000000
1482.000000
1580.000000
1576.000000
1310.000000
1766.000000
1776.000000
1758.000000
1684.000000
1636.000000
1752.000000
1772.000000
1672.000000
1670.000000
1622.000000
1612.000000
1610.000000
1654.000000
1664.000000
1674.000000
1626.000000
1578.000000
1532.000000
1540.000000
1600.000000
1624.000000
1568.000000
1590.000000
1568.000000
1578.000000
1604.000000
1592.000000
1560.000000
1588.000000
1560.000000
1574.000000
1574.000000
1556.000000
1570.000000
1562.000000
1602.000000
1572.000000
1574.000000
1554.000000
1508.000000
1554.000000
1558.000000
1578.000000
1614.000000
1566.000000
1542.000000
1562.000000
1562.000000
1582.000000
1538.000000
1528.000000
1558.000000
1556.000000
1566.000000
1560.000000
1554.000000
1560.000000
1550.000000
1542.000000
1558.000000
1564.000000
1598.000000
1604.000000
1554.000000
1564.000000
1542.000000
1544.000000
1538.000000
1548.000000
1550.000000
1554.000000
1572.000000
1542.000000
1544.000000
1550.000000
1544.000000
1532.000000
1578.000000
1588.000000
1548.000000
1534.000000
1568.000000
1586.000000
1582.000000
1578.000000
1558.000000
1552.000000
1532.000000
1538.000000
1548.000000
1552.000000
1564.000000
1552.000000
1496.000000
1486.000000
1516.000000
1554.000000
1544.000000
1540.000000
1508.000000
1528.000000
1540.000000
1534.000000
1518.000000
1534.000000
1532.000000
1542.000000
1548.000000
1536.000000
1532.000000
1528.000000
1540.000000
1534.000000
1524.000000
1524.000000
1542.000000
1550.000000
1538.000000
1536.000000
1526.000000
1538.000000
1522.000000
1528.000000
1544.000000
1536.000000
1518.000000
1498.000000
1514.000000
1530.000000
1518.000000
1532.000000
1530.000000
1514.000000
1456.000000
1496.000000
1518.000000
1508.000000
1518.000000
1516.000000
1506.000000
1512.000000
1502.000000
1486.000000
1504.000000
1512.000000
1500.000000
1500.000000
1528.000000
1534.000000
1526.000000
1522.000000
1492.000000
1490.000000
1524.000000
1518.000000
1508.000000
1504.000000
1526.000000
1534.000000
1542.000000
1472.000000
1468.000000
1542.000000
1576.000000
1546.000000
1502.000000
1460.000000
1536.000000
1482.000000
1560.000000
1536.000000
1522.000000
1544.000000
1558.000000
1584.000000
1488.000000
1538.000000
1528.000000
1536.000000
1502.000000
1536.000000
1486.000000
1522.000000
1508.000000
1542.000000
1500.000000
1488.000000
1480.000000
1498.000000
1482.000000
1486.000000
1510.000000
1572.000000
1590.000000
1532.000000
1530.000000
1550.000000
1630.000000
1612.000000
1646.000000
1582.000000
1562.000000
1580.000000
1556.000000
1372.000000
1458.000000
1460.000000
1534.000000
1522.000000
1504.000000
1498.000000
1508.000000
1540.000000
1540.000000
1522.000000
1520.000000
1474.000000
1464.000000
1450.000000
1544.000000
1450.000000
1522.000000
1512.000000
1482.000000
1538.000000
1540.000000
1478.000000
1504.000000
1496.000000
1524.000000
1522.000000
1494.000000
1510.000000
1520.000000
1516.000000
1510.000000
1492.000000
1520.000000
1520.000000
1516.000000
1500.000000
1500.000000
1518.000000
1518.000000
1512.000000
1522.000000
1530.000000
1506.000000
1516.000000
1536.000000
1524.000000
1532.000000
1514.000000
1512.000000
1526.000000
1528.000000
1542.000000
1508.000000
1514.000000
1538.000000
1518.000000
1524.000000
1508.000000
1508.000000
1496.000000
1532.000000
1528.000000
1532.000000
1502.000000
1512.000000
1508.000000
1540.000000
1540.000000
1532.000000
1518.000000
1502.000000
1506.000000
1506.000000
1530.000000
1528.000000
1548.000000
1490.000000
1500.000000
1524.000000
1536.000000
1520.000000
1516.000000
1516.000000
1498.000000
1508.000000
1512.000000
1518.000000
1524.000000
1526.000000
1522.000000
1490.000000
1490.000000
1520.000000
1512.000000
1536.000000
1508.000000
1532.000000
1530.000000
1538.000000
1474.000000
1492.000000
1502.000000
1492.000000
1516.000000
1478.000000
1468.000000
1460.000000
1492.000000
1528.000000
1508.000000
1494.000000
1508.000000
1490.000000
1522.000000
1530.000000
1532.000000
1518.000000
1482.000000
1488.000000
1504.000000
1516.000000
1512.000000
1492.000000
1500.000000
1488.000000
1498.000000
1470.000000
1460.000000
1516.000000
1508.000000
1506.000000
1506.000000
1518.000000
1512.000000
1484.000000
1450.000000
1462.000000
1472.000000
1490.000000
1474.000000
1498.000000
1490.000000
1510.000000
1534.000000
1326.000000
1396.000000
1368.000000
1496.000000
1494.000000
1516.000000
1466.000000
1426.000000
1490.000000
1530.000000
1510.000000
1476.000000
1464.000000
1454.000000
1530.000000
1532.000000
1522.000000
1484.000000
1454.000000
1450.000000
1520.000000
1510.000000
1490.000000
1494.000000
1498.000000
1492.000000
1496.000000
1516.000000
1460.000000
1468.000000
1446.000000
1470.000000
1528.000000
1496.000000
1534.000000
1536.000000
1520.000000
1510.000000
1454.000000
1388.000000
1456.000000
1482.000000
1488.000000
1482.000000
1404.000000
1442.000000
1512.000000
1572.000000
1452.000000
1454.000000
1478.000000
1476.000000
1490.000000
1504.000000
1480.000000
1462.000000
1496.000000
1478.000000
1484.000000
1466.000000
1484.000000
1480.000000
1466.000000
1478.000000
1492.000000
1492.000000
1450.000000
1484.000000
1456.000000
1466.000000
1494.000000
1502.000000
1454.000000
1456.000000
1440.000000
1518.000000
1520.000000
1508.000000
1478.000000
1476.000000
1426.000000
1412.000000
1446.000000
1468.000000
1476.000000
1470.000000
1458.000000
1482.000000
1474.000000
1452.000000
1476.000000
1508.000000
1482.000000
1472.000000
1438.000000
1464.000000
1460.000000
1500.000000
1502.000000
1518.000000
1468.000000
1456.000000
1456.000000
1476.000000
1464.000000
1482.000000
1488.000000
1502.000000
1490.000000
1496.000000
1488.000000
1484.000000
1492.000000
1502.000000
1462.000000
1474.000000
1510.000000
1504.000000
1492.000000
1476.000000
1504.000000
1504.000000
1470.000000
1484.000000
1500.000000
1504.000000
1504.000000
1492.000000
1474.000000
1494.000000
1482.000000
1474.000000
1492.000000
1500.000000
1490.000000
1444.000000
1466.000000
1490.000000
1498.000000
1482.000000
1470.000000
1456.000000
1440.000000
1478.000000
1482.000000
1484.000000
1470.000000
1484.000000
1502.000000
1498.000000
1478.000000
1460.000000
1476.000000
1468.000000
1474.000000
1460.000000
1474.000000
1470.000000
1486.000000
1476.000000
1450.000000
1426.000000
1418.000000
1460.000000
1512.000000
1522.000000
1532.000000
1478.000000
1466.000000
1446.000000
1440.000000
1448.000000
1470.000000
1482.000000
1492.000000
1506.000000
1494.000000
1462.000000
1458.000000
1454.000000
1470.000000
1464.000000
1460.000000
1470.000000
1466.000000
1468.000000
1472.000000
1480.000000
1468.000000
1478.000000
1480.000000
1476.000000
1478.000000
1476.000000
1464.000000
1502.000000
1486.000000
1490.000000
1490.000000
1476.000000
1488.000000
1490.000000
1474.000000
1494.000000
1478.000000
1492.000000
1458.000000
1480.000000
1500.000000
1490.000000
1496.000000
1484.000000
1490.000000
1500.000000
1482.000000
1474.000000
1468.000000
1470.000000
1464.000000
1474.000000
1520.000000
1498.000000
1474.000000
1460.000000
1460.000000
1468.000000
1484.000000
1488.000000
1462.000000
1474.000000
1460.000000
1468.000000
1476.000000
1464.000000
1484.000000
1484.000000
1484.000000
1480.000000
1468.000000
1462.000000
1450.000000
1464.000000
1450.000000
1472.000000
1502.000000
1510.000000
1492.000000
1446.000000
1466.000000
1456.000000
1462.000000
1470.000000
1444.000000
1462.000000
1474.000000
1486.000000
1468.000000
1470.000000
1480.000000
1480.000000
1454.000000
1450.000000
1448.000000
1468.000000
1460.000000
1470.000000
1506.000000
1480.000000
1460.000000
1462.000000
1486.000000
1464.000000
1462.000000
1474.000000
1502.000000
1486.000000
1464.000000
1438.000000
1470.000000
1512.000000
1498.000000
1478.000000
1452.000000
1460.000000
1522.000000
1506.000000
1494.000000
1488.000000
1504.000000
1504.000000
1502.000000
1502.000000
1486.000000
1486.000000
1482.000000
1462.000000
1510.000000
1502.000000
1520.000000
1490.000000
1508.000000
1504.000000
1506.000000
1478.000000
1460.000000
1462.000000
1480.000000
1478.000000
1482.000000
1462.000000
1456.000000
1456.000000
1468.000000
1478.000000
1480.000000
1494.000000
1456.000000
1460.000000
1468.000000
1484.000000
1470.000000
1476.000000
1478.000000
1472.000000
1468.000000
1492.000000
1484.000000
1476.000000
1444.000000
1454.000000
1478.000000
1484.000000
1470.000000
1478.000000
1462.000000
1466.000000
1472.000000
1468.000000
1452.000000
1472.000000
1476.000000
1470.000000
1466.000000
1466.000000
1474.000000
1462.000000
1464.000000
1466.000000
1480.000000
1466.000000
1468.000000
1470.000000
1472.000000
1472.000000
1476.000000
1478.000000
1476.000000
1476.000000
1484.000000
1484.000000
1484.000000
1488.000000
1484.000000
1480.000000
1466.000000
1470.000000
1482.000000
1464.000000
1466.000000
1488.000000
1526.000000
1482.000000
1456.000000
1450.000000
1492.000000
1508.000000
1506.000000
1504.000000
1490.000000
1488.000000
1504.000000
1502.000000
1502.000000
1464.000000
1480.000000
1490.000000
1492.000000
1498.000000
1528.000000
1514.000000
1504.000000
1504.000000
1514.000000
1510.000000
1472.000000
1462.000000
1504.000000
1508.000000
1508.000000
1488.000000
1478.000000
1488.000000
1480.000000
1486.000000
1478.000000
1468.000000
1500.000000
1506.000000
1472.000000
1478.000000
1480.000000
1478.000000
1494.000000
1498.000000
1466.000000
1458.000000
1482.000000
1480.000000
1478.000000
1476.000000
1480.000000
1506.000000
1498.000000
1452.000000
1468.000000
1514.000000
1498.000000
1486.000000
1468.000000
1458.000000
1486.000000
1492.000000
1444.000000
1440.000000
1446.000000
1444.000000
1510.000000
1524.000000
1498.000000
1462.000000
1472.000000
1458.000000
1474.000000
1462.000000
1476.000000
1466.000000
1482.000000
1498.000000
1480.000000
1482.000000
1480.000000
1466.000000
1476.000000
1478.000000
1478.000000
1460.000000
1484.000000
1488.000000
1496.000000
1470.000000
1478.000000
1478.000000
1464.000000
1460.000000
1500.000000
1470.000000
1472.000000
1480.000000
1476.000000
1480.000000
1480.000000
1486.000000
1492.000000
1482.000000
1492.000000
1482.000000
1480.000000
1484.000000
1478.000000
1482.000000
1470.000000
1482.000000
1482.000000
1486.000000
1530.000000
1514.000000
1512.000000
1498.000000
1472.000000
1482.000000
1470.000000
1476.000000
1486.000000
1488.000000
1512.000000
1494.000000
1518.000000
1486.000000
1458.000000
1458.000000
1500.000000
1492.000000
1478.000000
1464.000000
1492.000000
1482.000000
1470.000000
1488.000000
1470.000000
1480.000000
1474.000000
1466.000000
1460.000000
1460.000000
1478.000000
1478.000000
1446.000000
1484.000000
1512.000000
1474.000000
1468.000000
1476.000000
1500.000000
1502.000000
1456.000000
1486.000000
1474.000000
1474.000000
1450.000000
1466.000000
1466.000000
1474.000000
1484.000000
1488.000000
1478.000000
1448.000000
1474.000000
1462.000000
1482.000000
1466.000000
1490.000000
1474.000000
1498.000000
1484.000000
1452.000000
1456.000000
1466.000000
1476.000000
1480.000000
1488.000000
1488.000000
1478.000000
1472.000000
1486.000000
1456.000000
1476.000000
1482.000000
1468.000000
1472.000000
1482.000000
1476.000000
1474.000000
1478.000000
1476.000000
1494.000000
1488.000000
1476.000000
1490.000000
1482.000000
1472.000000
1486.000000
1472.000000
1484.000000
1482.000000
1486.000000
1484.000000
1490.000000
1484.000000
1498.000000
1478.000000
1492.000000
1488.000000
1494.000000
1486.000000
1528.000000
1544.000000
1484.000000
1418.000000
1492.000000
1518.000000
1530.000000
1516.000000
1470.000000
1482.000000
1476.000000
1514.000000
1468.000000
1464.000000
1444.000000
1454.000000
1462.000000
1482.000000
1492.000000
1468.000000
1474.000000
1480.000000
1476.000000
1446.000000
1474.000000
1504.000000
1458.000000
1456.000000
1470.000000
1472.000000
1468.000000
1494.000000
1484.000000
1488.000000
1468.000000
1488.000000
1484.000000
1468.000000
1454.000000
1472.000000
1494.000000
1474.000000
1490.000000
1502.000000
1472.000000
1474.000000
1468.000000
1454.000000
1456.000000
1460.000000
1464.000000
1448.000000
1494.000000
1498.000000
1468.000000
1468.000000
1476.000000
1508.000000
1458.000000
1510.000000
1468.000000
1446.000000
1440.000000
1474.000000
1480.000000
1482.000000
1480.000000
1480.000000
1468.000000
1464.000000
1470.000000
1456.000000
1468.000000
1478.000000
1476.000000
1476.000000
1478.000000
1472.000000
1490.000000
1492.000000
1494.000000
1482.000000
1474.000000
1474.000000
1492.000000
1482.000000
1470.000000
1474.000000
1482.000000
1484.000000
1478.000000
1464.000000
1478.000000
1492.000000
1492.000000
1484.000000
1478.000000
1494.000000
1498.000000
1472.000000
1490.000000
1486.000000
1494.000000
1482.000000
1470.000000
1488.000000
1472.000000
1518.000000
1476.000000
1482.000000
1470.000000
1478.000000
1452.000000
1448.000000
1464.000000
1486.000000
1480.000000
1484.000000
1476.000000
1466.000000
1474.000000
1472.000000
1482.000000
1468.000000
1488.000000
1476.000000
1478.000000
1462.000000
1460.000000
1466.000000
1484.000000
1472.000000
1488.000000
1472.000000
1446.000000
1482.000000
1468.000000
1474.000000
1464.000000
1476.000000
1478.000000
1502.000000
1462.000000
1464.000000
1474.000000
1478.000000
1474.000000
1448.000000
1466.000000
1456.000000
1464.000000
1492.000000
1484.000000
1456.000000
1480.000000
1466.000000
1466.000000
1464.000000
1456.000000
1492.000000
1458.000000
1470.000000
1498.000000
1460.000000
1484.000000
1478.000000
1468.000000
1476.000000
1470.000000
1484.000000
1464.000000
1494.000000
1484.000000
1478.000000
1478.000000
1458.000000
1476.000000
1474.000000
1472.000000
1494.000000
1484.000000
1474.000000
1472.000000
1474.000000
1508.000000
1480.000000
1466.000000
1474.000000
1486.000000
1484.000000
1478.000000
1482.000000
1476.000000
1480.000000
1482.000000
1490.000000
1492.000000
1486.000000
1490.000000
1496.000000
1470.000000
1468.000000
1508.000000
1480.000000
1490.000000
1474.000000
1484.000000
1482.000000
1466.000000
1486.000000
1484.000000
1468.000000
1458.000000
1468.000000
1464.000000
1452.000000
1484.000000
1466.000000
1484.000000
1452.000000
1482.000000
1462.000000
1464.000000
1472.000000
1482.000000
1476.000000
1474.000000
1468.000000
1456.000000
1456.000000
1454.000000
1462.000000
1464.000000
1486.000000
1478.000000
1468.000000
1464.000000
1454.000000
1466.000000
1472.000000
1464.000000
1454.000000
1466.000000
1462.000000
1532.000000
1542.000000
1516.000000
1390.000000
1420.000000
1430.000000
1512.000000
1500.000000
1476.000000
1454.000000
1470.000000
1468.000000
1456.000000
1442.000000
1462.000000
1464.000000
1460.000000
1456.000000
1462.000000
1474.000000
1480.000000
1468.000000
1482.000000
1456.000000
1460.000000
1442.000000
1476.000000
1488.000000
1488.000000
1496.000000
1472.000000
1478.000000
1464.000000
1468.000000
1472.000000
1468.000000
1492.000000
1482.000000
1480.000000
1472.000000
1472.000000
1478.000000
1504.000000
1510.000000
1476.000000
1460.000000
1492.000000
1502.000000
1488.000000
1482.000000
1496.000000
1472.000000
1494.000000
1498.000000
1470.000000
1476.000000
1502.000000
1476.000000
1482.000000
1490.000000
1468.000000
1474.000000
1466.000000
1496.000000
1472.000000
1470.000000
1472.000000
1464.000000
1468.000000
1476.000000
1476.000000
1474.000000
1484.000000
1470.000000
1482.000000
1482.000000
1468.000000
1470.000000
1488.000000
1470.000000
1404.000000
1414.000000
1470.000000
1494.000000
1484.000000
1468.000000
1436.000000
1440.000000
1494.000000
1486.000000
1470.000000
1454.000000
1492.000000
1476.000000
1474.000000
1476.000000
1464.000000
1472.000000
1464.000000
1446.000000
1494.000000
1468.000000
1464.000000
1456.000000
1456.000000
1468.000000
1494.000000
1466.000000
1474.000000
1464.000000
1474.000000
1472.000000
1456.000000
1466.000000
1470.000000
1462.000000
1464.000000
1476.000000
1462.000000
1488.000000
1462.000000
1450.000000
1468.000000
1468.000000
1476.000000
1450.000000
1478.000000
1458.000000
1472.000000
1458.000000
1472.000000
1468.000000
1468.000000
1466.000000
1462.000000
1452.000000
1464.000000
1480.000000
1470.000000
1468.000000
1478.000000
1488.000000
1504.000000
1480.000000
1454.000000
1460.000000
1474.000000
1486.000000
1470.000000
1470.000000
1478.000000
1498.000000
1494.000000
1480.000000
1476.000000
1480.000000
1486.000000
1468.000000
1482.000000
1482.000000
1476.000000
1480.000000
1474.000000
1468.000000
1480.000000
1474.000000
1470.000000
1480.000000
1460.000000
1456.000000
1452.000000
1480.000000
1502.000000
1500.000000
1454.000000
1452.000000
1456.000000
1468.000000
1464.000000
1474.000000
1480.000000
1476.000000
1468.000000
1462.000000
1480.000000
1472.000000
1472.000000
1456.000000
1486.000000
1460.000000
1464.000000
1462.000000
1498.000000
1482.000000
1484.000000
1452.000000
1434.000000
1444.000000
1508.000000
1484.000000
1458.000000
1486.000000
1514.000000
1512.000000
1484.000000
1462.000000
1456.000000
1452.000000
1484.000000
1466.000000
1438.000000
1458.000000
1486.000000
1476.000000
1488.000000
1454.000000
1470.000000
1486.000000
1478.000000
1432.000000
1468.000000
1454.000000
1476.000000
1470.000000
1454.000000
1452.000000
1474.000000
1482.000000
1476.000000
1490.000000
1478.000000
1462.000000
1470.000000
1472.000000
1474.000000
1490.000000
1472.000000
1474.000000
1466.000000
1468.000000
1468.000000
1480.000000
1468.000000
1476.000000
1468.000000
1476.000000
1466.000000
1480.000000
1530.000000
1546.000000
1566.000000
1470.000000
1288.000000
1256.000000
1354.000000
1520.000000
1558.000000
1562.000000
1512.000000
1242.000000
1384.000000
1458.000000
1540.000000
1468.000000
1440.000000
1462.000000
1534.000000
1598.000000
1436.000000
1462.000000
1468.000000
1524.000000
1458.000000
1452.000000
1450.000000
1462.000000
1502.000000
1506.000000
1494.000000
1470.000000
1474.000000
1486.000000
1518.000000
1500.000000
1464.000000
1470.000000
1504.000000
1550.000000
1530.000000
1438.000000
1468.000000
1476.000000
1534.000000
1512.000000
1506.000000
1476.000000
1478.000000
1480.000000
1512.000000
1508.000000
1466.000000
1474.000000
1500.000000
1496.000000
1478.000000
1508.000000
1500.000000
1468.000000
1484.000000
1488.000000
1478.000000
1454.000000
1534.000000
1526.000000
1546.000000
1578.000000
1500.000000
1498.000000
1482.000000
1558.000000
1496.000000
1492.000000
1538.000000
1512.000000
1544.000000
1500.000000
1528.000000
1528.000000
1510.000000
1502.000000
1520.000000
1534.000000
1488.000000
1512.000000
1504.000000
1506.000000
1532.000000
1530.000000
1538.000000
1534.000000
1524.000000
1516.000000
1502.000000
1452.000000
1502.000000
1486.000000
1510.000000
1494.000000
1516.000000
1506.000000
1478.000000
1434.000000
1462.000000
1460.000000
1524.000000
1530.000000
1468.000000
1478.000000
1464.000000
1488.000000
1494.000000
1494.000000
1480.000000
1494.000000
1482.000000
1510.000000
1482.000000
1506.000000
1474.000000
1478.000000
1452.000000
1442.000000
1474.000000
1482.000000
1474.000000
1512.000000
1476.000000
1492.000000
1444.000000
1450.000000
1472.000000
1488.000000
1494.000000
1476.000000
1472.000000
1460.000000
1456.000000
1464.000000
1440.000000
1482.000000
1420.000000
1468.000000
1490.000000
1470.000000
1476.000000
1476.000000
1438.000000
1404.000000
1410.000000
1450.000000
1490.000000
1470.000000
1474.000000
1456.000000
1488.000000
1460.000000
1452.000000
1456.000000
1442.000000
1448.000000
1448.000000
1498.000000
1468.000000
1474.000000
1450.000000
1470.000000
1466.000000
1466.000000
1522.000000
1456.000000
1454.000000
1454.000000
1494.000000
1474.000000
1456.000000
1474.000000
1498.000000
1484.000000
1468.000000
1496.000000
1504.000000
1528.000000
1462.000000
1468.000000
1450.000000
1446.000000
1466.000000
1474.000000
1504.000000
1506.000000
1456.000000
1474.000000
1478.000000
1470.000000
1498.000000
1484.000000
1484.000000
1496.000000
1470.000000
1468.000000
1510.000000
1484.000000
1462.000000
1462.000000
1488.000000
1502.000000
1470.000000
1458.000000
1448.000000
1462.000000
1450.000000
1450.000000
1476.000000
1470.000000
1468.000000
1442.000000
1478.000000
1482.000000
1460.000000
1452.000000
1472.000000
1500.000000
1480.000000
1472.000000
1462.000000
1450.000000
1484.000000
1466.000000
1470.000000
1472.000000
1498.000000
1490.000000
1486.000000
1478.000000
1452.000000
1446.000000
1444.000000
1456.000000
1468.000000
1480.000000
1474.000000
1462.000000
1454.000000
1458.000000
1454.000000
1460.000000
1460.000000
1458.000000
1462.000000
1464.000000
1480.000000
1454.000000
1460.000000
1460.000000
1454.000000
1462.000000
1476.000000
1470.000000
1476.000000
1468.000000
1458.000000
1476.000000
1496.000000
1468.000000
1466.000000
1494.000000
1470.000000
1466.000000
1484.000000
1472.000000
1460.000000
1466.000000
1478.000000
1486.000000
1468.000000
1462.000000
1466.000000
1476.000000
1470.000000
1464.000000
1472.000000
1484.000000
1480.000000
1474.000000
1468.000000
1454.000000
1486.000000
1492.000000
1512.000000
1468.000000
1460.000000
1456.000000
1472.000000
1472.000000
1476.000000
1470.000000
1492.000000
1512.000000
1470.000000
1464.000000
1468.000000
1460.000000
1488.000000
1482.000000
1478.000000
1462.000000
1462.000000
1456.000000
1456.000000
1480.000000
1472.000000
1470.000000
1484.000000
1472.000000
1468.000000
1490.000000
1478.000000
1480.000000
1470.000000
1444.000000
1456.000000
1466.000000
1486.000000
1486.000000
1472.000000
1456.000000
1452.000000
1460.000000
1452.000000
1464.000000
1484.000000
1488.000000
1462.000000
1462.000000
1480.000000
1470.000000
1486.000000
1458.000000
1450.000000
1438.000000
1430.000000
1454.000000
1452.000000
1450.000000
1460.000000
1470.000000
1450.000000
1426.000000
1464.000000
1474.000000
1428.000000
1432.000000
1424.000000
1496.000000
1478.000000
1466.000000
1444.000000
1460.000000
1446.000000
1454.000000
1448.000000
1476.000000
1486.000000
1484.000000
1486.000000
1482.000000
1430.000000
1416.000000
1424.000000
1488.000000
1506.000000
1496.000000
1446.000000
1416.000000
1460.000000
1500.000000
1500.000000
1468.000000
1424.000000
1462.000000
1486.000000
1506.000000
1416.000000
1422.000000
1406.000000
1472.000000
1516.000000
1490.000000
1534.000000
1478.000000
1482.000000
1480.000000
1466.000000
1406.000000
1454.000000
1466.000000
1476.000000
1480.000000
1468.000000
1446.000000
1486.000000
1520.000000
1470.000000
1440.000000
1392.000000
1452.000000
1516.000000
1522.000000
1522.000000
1498.000000
1436.000000
1434.000000
1474.000000
1500.000000
1490.000000
1486.000000
1496.000000
1482.000000
1452.000000
1444.000000
1496.000000
1546.000000
1508.000000
1508.000000
1504.000000
1492.000000
1500.000000
1486.000000
1492.000000
1510.000000
1498.000000
1534.000000
1522.000000
1470.000000
1502.000000
1498.000000
1504.000000
1504.000000
1488.000000
1500.000000
1504.000000
1494.000000
1478.000000
1500.000000
1490.000000
1512.000000
1502.000000
1508.000000
1512.000000
1510.000000
1516.000000
1508.000000
1508.000000
1496.000000
1506.000000
1508.000000
1512.000000
1516.000000
1508.000000
1504.000000
1514.000000
1508.000000
1504.000000
1498.000000
1506.000000
1504.000000
1510.000000
1516.000000
1512.000000
1512.000000
1518.000000
1494.000000
1502.000000
1506.000000
1494.000000
1492.000000
1500.000000
1498.000000
1516.000000
1520.000000
1522.000000
1494.000000
1498.000000
1502.000000
1492.000000
1504.000000
1466.000000
1484.000000
1500.000000
1508.000000
1484.000000
1500.000000
1474.000000
1494.000000
1486.000000
1514.000000
1494.000000
1510.000000
1504.000000
1476.000000
1474.000000
1478.000000
1488.000000
1494.000000
1504.000000
1508.000000
1496.000000
1522.000000
1498.000000
1466.000000
1480.000000
1486.000000
1478.000000
1484.000000
1470.000000
1482.000000
1478.000000
1504.000000
1470.000000
1508.000000
1510.000000
1486.000000
1486.000000
1472.000000
1504.000000
1500.000000
1488.000000
1472.000000
1482.000000
1522.000000
1474.000000
1490.000000
1504.000000
1488.000000
1494.000000
1486.000000
1502.000000
1490.000000
1476.000000
1468.000000
1480.000000
1482.000000
1454.000000
1478.000000
1478.000000
1470.000000
1458.000000
1444.000000
1442.000000
1456.000000
1454.000000
1444.000000
1450.000000
1458.000000
1446.000000
1460.000000
1450.000000
1452.000000
1452.000000
1440.000000
1458.000000
1442.000000
1456.000000
1438.000000
1446.000000
1434.000000
1424.000000
1412.000000
1440.000000
1442.000000
1418.000000
1408.000000
1422.000000
1432.000000
1430.000000
1432.000000
1424.000000
1416.000000
1412.000000
1414.000000
1398.000000
1426.000000
1436.000000
1408.000000
1436.000000
1412.000000
1422.000000
1456.000000
1422.000000
1412.000000
1422.000000
1434.000000
1438.000000
1422.000000
1444.000000
1432.000000
1428.000000
1438.000000
1426.000000
1448.000000
1460.000000
1422.000000
1374.000000
1380.000000
1444.000000
1466.000000
1392.000000
1400.000000
1386.000000
1418.000000
1414.000000
1384.000000
1462.000000
1434.000000
1448.000000
1422.000000
1454.000000
1374.000000
1380.000000
1374.000000
1404.000000
1408.000000
1436.000000
1442.000000
1438.000000
1448.000000
1428.000000
1446.000000
1422.000000
1430.000000
1420.000000
1428.000000
1444.000000
1448.000000
1440.000000
1446.000000
1476.000000
1452.000000
1426.000000
1438.000000
1422.000000
1438.000000
1468.000000
1460.000000
1476.000000
1464.000000
1466.000000
1430.000000
1428.000000
1452.000000
1446.000000
1444.000000
1434.000000
1458.000000
1444.000000
1474.000000
1430.000000
1458.000000
1448.000000
1440.000000
1454.000000
1486.000000
1450.000000
1478.000000
1466.000000
1506.000000
1422.000000
1456.000000
1520.000000
1494.000000
1458.000000
1472.000000
1490.000000
1462.000000
1454.000000
1440.000000
1448.000000
1510.000000
1462.000000
1438.000000
1470.000000
1494.000000
1442.000000
1468.000000
1490.000000
1450.000000
1500.000000
1494.000000
1466.000000
1474.000000
1480.000000
1482.000000
1472.000000
1506.000000
1484.000000
1472.000000
1492.000000
1460.000000
1492.000000
1492.000000
1486.000000
1480.000000
1488.000000
1474.000000
1480.000000
1450.000000
1432.000000
1446.000000
1476.000000
1436.000000
1462.000000
1450.000000
1468.000000
1454.000000
1486.000000
1506.000000
1486.000000
1460.000000
1456.000000
1458.000000
1464.000000
1450.000000
1458.000000
1496.000000
1478.000000
1434.000000
1454.000000
1474.000000
1460.000000
1456.000000
1452.000000
1448.000000
1456.000000
1452.000000
1468.000000
1454.000000
1456.000000
1446.000000
1434.000000
1440.000000
1444.000000
1446.000000
1456.000000
1442.000000
1454.000000
1452.000000
1418.000000
1432.000000
1442.000000
1448.000000
1448.000000
1440.000000
1440.000000
1448.000000
1454.000000
1444.000000
1438.000000
1440.000000
1438.000000
1448.000000
1436.000000
1438.000000
1442.000000
1450.000000
1442.000000
1428.000000
1450.000000
1440.000000
1440.000000
1444.000000
1428.000000
1444.000000
1444.000000
1452.000000
1444.000000
1448.000000
1432.000000
1436.000000
1428.000000
1454.000000
1448.000000
1442.000000
1444.000000
1424.000000
1426.000000
1428.000000
1438.000000
1436.000000
1424.000000
1432.000000
1444.000000
1434.000000
1446.000000
1430.000000
1434.000000
1452.000000
1434.000000
1432.000000
1426.000000
1448.000000
1426.000000
1426.000000
1448.000000
1430.000000
1434.000000
1436.000000
1432.000000
1442.000000
1434.000000
1444.000000
1442.000000
1418.000000
1416.000000
1416.000000
1452.000000
1458.000000
1432.000000
1410.000000
1418.000000
1440.000000
1456.000000
1446.000000
1444.000000
1440.000000
1436.000000
1460.000000
1442.000000
1444.000000
1438.000000
1430.000000
1440.000000
1452.000000
1420.000000
1434.000000
1440.000000
1440.000000
1440.000000
1434.000000
1430.000000
1422.000000
1444.000000
1442.000000
1434.000000
1430.000000
1444.000000
1440.000000
1430.000000
1432.000000
1418.000000
1448.000000
1422.000000
1438.000000
1442.000000
1430.000000
1442.000000
1446.000000
1434.000000
1430.000000
1432.000000
1440.000000
1446.000000
1426.000000
1444.000000
1442.000000
1436.000000
1432.000000
1434.000000
1442.000000
1428.000000
1436.000000
1438.000000
1428.000000
1424.000000
1436.000000
1418.000000
1424.000000
1440.000000
1450.000000
1422.000000
1436.000000
1422.000000
1426.000000
1452.000000
1442.000000
1426.000000
1438.000000
1436.000000
1434.000000
1434.000000
1422.000000
1442.000000
1420.000000
1436.000000
1440.000000
1440.000000
1432.000000
1420.000000
1432.000000
1426.000000
1426.000000
1424.000000
1442.000000
1442.000000
1446.000000
1436.000000
1432.000000
1426.000000
1436.000000
1434.000000
1438.000000
1436.000000
1446.000000
1434.000000
1432.000000
1432.000000
1438.000000
1432.000000
1434.000000
1438.000000
1438.000000
1446.000000
1452.000000
1434.000000
1426.000000
1428.000000
1430.000000
1418.000000
1426.000000
1442.000000
1452.000000
1432.000000
1434.000000
1438.000000
1434.000000
1430.000000
1438.000000
1448.000000
1454.000000
1438.000000
1450.000000
1414.000000
1418.000000
1434.000000
1448.000000
1442.000000
1450.000000
1432.000000
1432.000000
1428.000000
1432.000000
1460.000000
1444.000000
1442.000000
1430.000000
1436.000000
1436.000000
1432.000000
1432.000000
1432.000000
1432.000000
1452.000000
1460.000000
1440.000000
1428.000000
1424.000000
1438.000000
1416.000000
1430.000000
1438.000000
1454.000000
1440.000000
1416.000000
1420.000000
1438.000000
1470.000000
1460.000000
1460.000000
1426.000000
1444.000000
1426.000000
1416.000000
1432.000000
1462.000000
1456.000000
1410.000000
1474.000000
1410.000000
1400.000000
1398.000000
1448.000000
1450.000000
1446.000000
1450.000000
1466.000000
1454.000000
1450.000000
1398.000000
1442.000000
1422.000000
1422.000000
1444.000000
1476.000000
1446.000000
1430.000000
1448.000000
1446.000000
1418.000000
1446.000000
1446.000000
1442.000000
1444.000000
1456.000000
1446.000000
1440.000000
1442.000000
1466.000000
1458.000000
1452.000000
1446.000000
1464.000000
1456.000000
1456.000000
1476.000000
1470.000000
1472.000000
1476.000000
1458.000000
1464.000000
1426.000000
1476.000000
1444.000000
1460.000000
1470.000000
1446.000000
1464.000000
1446.000000
1466.000000
1446.000000
1444.000000
1460.000000
1472.000000
1464.000000
1450.000000
1472.000000
1464.000000
1448.000000
1458.000000
1460.000000
1466.000000
1454.000000
1462.000000
1448.000000
1482.000000
1472.000000
1468.000000
1470.000000
1460.000000
1472.000000
1454.000000
1444.000000
1452.000000
1466.000000
1454.000000
1464.000000
1454.000000
1458.000000
1450.000000
1450.000000
1456.000000
1466.000000
1454.000000
1470.000000
1442.000000
1466.000000
1452.000000
1452.000000
1448.000000
1438.000000
1460.000000
1440.000000
1456.000000
1442.000000
1444.000000
1464.000000
1442.000000
1446.000000
1448.000000
1436.000000
1440.000000
1444.000000
1458.000000
1450.000000
1470.000000
1468.000000
1430.000000
1442.000000
1450.000000
1446.000000
1444.000000
1448.000000
1420.000000
1448.000000
1440.000000
1468.000000
1448.000000
1452.000000
1442.000000
1460.000000
1452.000000
1450.000000
1450.000000
1460.000000
1448.000000
1442.000000
1450.000000
1456.000000
1428.000000
1470.000000
1446.000000
1450.000000
1456.000000
1460.000000
1462.000000
1448.000000
1446.000000
1456.000000
1448.000000
1438.000000
1444.000000
1456.000000
1440.000000
1434.000000
1448.000000
1440.000000
1464.000000
1456.000000
1444.000000
1448.000000
1446.000000
1448.000000
1438.000000
1450.000000
1460.000000
1456.000000
1470.000000
1458.000000
1456.000000
1454.000000
1462.000000
1464.000000
1468.000000
1454.000000
1464.000000
1452.000000
1468.000000
1462.000000
1466.000000
1470.000000
1480.000000
1458.000000
1452.000000
1452.000000
1466.000000
1462.000000
1478.000000
1476.000000
1456.000000
1462.000000
1472.000000
1468.000000
1468.000000
1466.000000
1458.000000
1474.000000
1458.000000
1468.000000
1454.000000
1466.000000
1476.000000
1466.000000
1458.000000
1474.000000
1458.000000
1448.000000
1464.000000
1466.000000
1472.000000
1446.000000
1460.000000
1460.000000
1448.000000
1436.000000
1448.000000
1456.000000
1472.000000
1460.000000
1462.000000
1446.000000
1444.000000
1478.000000
1456.000000
1474.000000
1444.000000
1454.000000
1454.000000
1452.000000
1458.000000
1438.000000
1460.000000
1476.000000
1450.000000
1458.000000
1458.000000
1468.000000
1448.000000
1444.000000
1454.000000
1458.000000
1468.000000
1470.000000
1460.000000
1444.000000
1442.000000
1462.000000
1444.000000
1460.000000
1468.000000
1444.000000
1444.000000
1446.000000
1464.000000
1464.000000
1452.000000
1454.000000
1464.000000
1452.000000
1444.000000
1444.000000
1472.000000
1444.000000
1462.000000
1456.000000
1456.000000
1458.000000
1458.000000
1454.000000
1456.000000
1456.000000
1442.000000
1456.000000
1446.000000
1448.000000
1450.000000
1452.000000
1444.000000
1434.000000
1442.000000
1452.000000
1454.000000
1444.000000
1464.000000
1456.000000
1450.000000
1464.000000
1452.000000
1442.000000
1452.000000
1468.000000
1450.000000
1446.000000
1476.000000
1486.000000
1464.000000
1462.000000
1440.000000
1450.000000
1454.000000
1480.000000
1448.000000
1460.000000
1460.000000
1474.000000
1464.000000
1456.000000
1448.000000
1460.000000
1454.000000
1442.000000
1452.000000
1442.000000
1460.000000
1464.000000
1492.000000
1462.000000
1466.000000
1474.000000
1462.000000
1468.000000
1464.000000
1442.000000
1462.000000
1470.000000
1478.000000
1488.000000
1464.000000
1464.000000
1484.000000
1468.000000
1450.000000
1480.000000
1478.000000
1478.000000
1460.000000
1482.000000
1492.000000
1488.000000
1456.000000
1458.000000
1484.000000
1504.000000
1486.000000
1466.000000
1356.000000
1370.000000
1428.000000
1538.000000
1482.000000
1454.000000
1456.000000
1464.000000
1468.000000
1474.000000
1486.000000
1476.000000
1446.000000
1448.000000
1462.000000
1476.000000
1460.000000
1508.000000
1484.000000
1484.000000
1474.000000
1478.000000
1446.000000
1474.000000
1466.000000
1464.000000
1490.000000
1480.000000
1468.000000
1442.000000
1468.000000
1474.000000
1470.000000
1468.000000
1484.000000
1484.000000
1486.000000
1476.000000
1482.000000
1482.000000
1490.000000
1484.000000
1488.000000
1480.000000
1468.000000
1506.000000
1472.000000
1494.000000
1492.000000
1502.000000
1498.000000
1490.000000
1486.000000
1494.000000
1490.000000
1510.000000
1504.000000
1466.000000
1512.000000
1482.000000
1482.000000
1470.000000
1518.000000
1488.000000
1502.000000
1506.000000
1490.000000
1484.000000
1520.000000
1522.000000
1508.000000
1508.000000
1508.000000
1512.000000
1504.000000
1516.000000
