0.000000
536.000000
556.000000
546.000000
550.000000
548.000000
542.000000
558.000000
556.000000
554.000000
548.000000
558.000000
552.000000
564.000000
552.000000
562.000000
546.000000
544.000000
548.000000
522.000000
592.000000
620.000000
550.000000
544.000000
570.000000
482.000000
538.000000
520.000000
544.000000
550.000000
584.000000
560.000000
532.000000
564.000000
530.000000
510.000000
572.000000
552.000000
472.000000
548.000000
582.000000
558.000000
548.000000
554.000000
496.000000
500.000000
532.000000
580.000000
562.000000
568.000000
592.000000
568.000000
502.000000
478.000000
490.000000
524.000000
568.000000
574.000000
604.000000
544.000000
498.000000
542.000000
546.000000
556.000000
554.000000
554.000000
556.000000
528.000000
534.000000
512.000000
528.000000
544.000000
550.000000
534.000000
552.000000
558.000000
572.000000
548.000000
564.000000
560.000000
584.000000
588.000000
500.000000
454.000000
510.000000
550.000000
570.000000
540.000000
542.000000
530.000000
524.000000
528.000000
310.000000
550.000000
670.000000
652.000000
600.000000
518.000000
598.000000
572.000000
548.000000
544.000000
566.000000
578.000000
542.000000
538.000000
478.000000
518.000000
548.000000
542.000000
576.000000
530.000000
764.000000
572.000000
190.000000
506.000000
586.000000
546.000000
572.000000
506.000000
456.000000
500.000000
606.000000
562.000000
652.000000
470.000000
390.000000
560.000000
528.000000
534.000000
560.000000
550.000000
652.000000
606.000000
532.000000
530.000000
550.000000
538.000000
532.000000
556.000000
588.000000
612.000000
522.000000
554.000000
542.000000
524.000000
560.000000
536.000000
550.000000
558.000000
512.000000
554.000000
548.000000
538.000000
546.000000
554.000000
550.000000
538.000000
564.000000
566.000000
550.000000
554.000000
534.000000
530.000000
538.000000
552.000000
554.000000
576.000000
552.000000
550.000000
560.000000
540.000000
564.000000
566.000000
546.000000
510.000000
546.000000
560.000000
596.000000
594.000000
554.000000
540.000000
512.000000
536.000000
550.000000
564.000000
566.000000
516.000000
546.000000
562.000000
556.000000
502.000000
496.000000
522.000000
508.000000
580.000000
568.000000
566.000000
550.000000
540.000000
542.000000
552.000000
552.000000
564.000000
560.000000
536.000000
548.000000
540.000000
528.000000
560.000000
554.000000
518.000000
558.000000
536.000000
562.000000
536.000000
526.000000
528.000000
550.000000
538.000000
542.000000
558.000000
550.000000
566.000000
532.000000
556.000000
552.000000
536.000000
534.000000
504.000000
482.000000
546.000000
624.000000
690.000000
690.000000
524.000000
476.000000
482.000000
494.000000
574.000000
572.000000
558.000000
548.000000
546.000000
570.000000
562.000000
536.000000
528.000000
544.000000
562.000000
558.000000
508.000000
574.000000
584.000000
590.000000
568.000000
574.000000
530.000000
560.000000
572.000000
536.000000
530.000000
528.000000
540.000000
552.000000
552.000000
560.000000
562.000000
572.000000
564.000000
546.000000
568.000000
562.000000
562.000000
550.000000
578.000000
554.000000
546.000000
540.000000
544.000000
554.000000
568.000000
562.000000
562.000000
556.000000
538.000000
544.000000
542.000000
566.000000
560.000000
564.000000
540.000000
544.000000
540.000000
572.000000
514.000000
536.000000
514.000000
528.000000
560.000000
570.000000
568.000000
546.000000
560.000000
528.000000
554.000000
560.000000
568.000000
544.000000
552.000000
556.000000
552.000000
544.000000
560.000000
552.000000
562.000000
556.000000
548.000000
542.000000
546.000000
554.000000
554.000000
548.000000
564.000000
552.000000
558.000000
548.000000
552.000000
560.000000
554.000000
550.000000
552.000000
552.000000
544.000000
556.000000
552.000000
548.000000
556.000000
556.000000
564.000000
548.000000
532.000000
532.000000
550.000000
566.000000
562.000000
512.000000
534.000000
538.000000
536.000000
554.000000
558.000000
558.000000
554.000000
552.000000
544.000000
548.000000
540.000000
556.000000
580.000000
562.000000
546.000000
548.000000
538.000000
560.000000
568.000000
562.000000
558.000000
552.000000
544.000000
546.000000
556.000000
550.000000
554.000000
562.000000
558.000000
550.000000
548.000000
544.000000
548.000000
552.000000
562.000000
558.000000
550.000000
558.000000
546.000000
552.000000
560.000000
550.000000
566.000000
540.000000
542.000000
550.000000
544.000000
562.000000
568.000000
570.000000
560.000000
550.000000
550.000000
554.000000
548.000000
558.000000
560.000000
548.000000
550.000000
556.000000
564.000000
568.000000
566.000000
552.000000
544.000000
560.000000
558.000000
558.000000
562.000000
552.000000
562.000000
562.000000
566.000000
550.000000
554.000000
550.000000
564.000000
550.000000
558.000000
552.000000
564.000000
558.000000
550.000000
554.000000
564.000000
550.000000
560.000000
558.000000
554.000000
554.000000
574.000000
566.000000
554.000000
540.000000
564.000000
566.000000
566.000000
548.000000
550.000000
556.000000
550.000000
560.000000
560.000000
554.000000
568.000000
542.000000
546.000000
548.000000
552.000000
564.000000
572.000000
560.000000
552.000000
544.000000
562.000000
566.000000
558.000000
550.000000
556.000000
558.000000
566.000000
556.000000
552.000000
562.000000
556.000000
584.000000
586.000000
554.000000
528.000000
548.000000
538.000000
566.000000
594.000000
560.000000
538.000000
548.000000
558.000000
568.000000
552.000000
562.000000
566.000000
550.000000
550.000000
534.000000
534.000000
580.000000
590.000000
562.000000
562.000000
542.000000
548.000000
560.000000
558.000000
554.000000
556.000000
564.000000
512.000000
560.000000
554.000000
552.000000
556.000000
566.000000
556.000000
554.000000
566.000000
552.000000
564.000000
560.000000
552.000000
568.000000
570.000000
552.000000
558.000000
566.000000
566.000000
552.000000
554.000000
566.000000
564.000000
560.000000
536.000000
546.000000
556.000000
564.000000
560.000000
520.000000
628.000000
558.000000
574.000000
568.000000
548.000000
550.000000
554.000000
552.000000
550.000000
556.000000
540.000000
558.000000
558.000000
564.000000
554.000000
556.000000
556.000000
562.000000
566.000000
556.000000
562.000000
570.000000
550.000000
558.000000
560.000000
566.000000
564.000000
556.000000
556.000000
540.000000
548.000000
556.000000
548.000000
556.000000
560.000000
558.000000
560.000000
564.000000
568.000000
554.000000
558.000000
548.000000
554.000000
560.000000
534.000000
556.000000
566.000000
556.000000
548.000000
556.000000
554.000000
554.000000
590.000000
558.000000
546.000000
568.000000
548.000000
548.000000
558.000000
564.000000
566.000000
552.000000
566.000000
568.000000
564.000000
560.000000
558.000000
544.000000
562.000000
558.000000
570.000000
546.000000
546.000000
542.000000
564.000000
568.000000
572.000000
572.000000
558.000000
548.000000
546.000000
552.000000
564.000000
552.000000
560.000000
564.000000
554.000000
542.000000
578.000000
548.000000
564.000000
560.000000
554.000000
554.000000
558.000000
552.000000
554.000000
560.000000
542.000000
578.000000
558.000000
552.000000
550.000000
576.000000
566.000000
566.000000
552.000000
558.000000
520.000000
548.000000
560.000000
556.000000
568.000000
580.000000
554.000000
538.000000
536.000000
552.000000
560.000000
558.000000
548.000000
546.000000
548.000000
550.000000
540.000000
582.000000
572.000000
578.000000
580.000000
566.000000
556.000000
558.000000
562.000000
566.000000
560.000000
558.000000
550.000000
558.000000
568.000000
560.000000
548.000000
564.000000
556.000000
556.000000
554.000000
570.000000
556.000000
550.000000
566.000000
570.000000
562.000000
556.000000
558.000000
564.000000
552.000000
544.000000
572.000000
566.000000
562.000000
548.000000
544.000000
538.000000
546.000000
560.000000
556.000000
552.000000
554.000000
562.000000
570.000000
558.000000
564.000000
586.000000
576.000000
578.000000
562.000000
552.000000
570.000000
556.000000
554.000000
532.000000
544.000000
552.000000
560.000000
552.000000
554.000000
548.000000
558.000000
574.000000
562.000000
558.000000
556.000000
568.000000
562.000000
562.000000
566.000000
552.000000
564.000000
558.000000
560.000000
572.000000
552.000000
562.000000
558.000000
560.000000
546.000000
564.000000
566.000000
556.000000
560.000000
568.000000
570.000000
564.000000
566.000000
564.000000
566.000000
554.000000
560.000000
568.000000
556.000000
558.000000
544.000000
502.000000
580.000000
630.000000
656.000000
552.000000
504.000000
478.000000
510.000000
538.000000
560.000000
622.000000
616.000000
584.000000
542.000000
500.000000
514.000000
524.000000
536.000000
586.000000
588.000000
570.000000
548.000000
544.000000
534.000000
550.000000
560.000000
564.000000
546.000000
534.000000
568.000000
560.000000
568.000000
562.000000
492.000000
536.000000
542.000000
564.000000
588.000000
574.000000
562.000000
544.000000
534.000000
552.000000
550.000000
568.000000
576.000000
562.000000
558.000000
562.000000
564.000000
552.000000
548.000000
554.000000
552.000000
564.000000
564.000000
562.000000
556.000000
550.000000
546.000000
546.000000
554.000000
554.000000
570.000000
554.000000
548.000000
554.000000
544.000000
556.000000
556.000000
552.000000
544.000000
554.000000
566.000000
548.000000
554.000000
544.000000
554.000000
566.000000
568.000000
558.000000
562.000000
562.000000
560.000000
566.000000
548.000000
546.000000
558.000000
554.000000
560.000000
556.000000
564.000000
568.000000
558.000000
552.000000
548.000000
562.000000
556.000000
550.000000
556.000000
564.000000
550.000000
536.000000
540.000000
558.000000
556.000000
558.000000
518.000000
554.000000
552.000000
572.000000
554.000000
560.000000
564.000000
562.000000
546.000000
550.000000
560.000000
562.000000
558.000000
560.000000
572.000000
552.000000
554.000000
558.000000
546.000000
556.000000
568.000000
554.000000
550.000000
550.000000
548.000000
562.000000
572.000000
558.000000
564.000000
562.000000
560.000000
568.000000
556.000000
558.000000
558.000000
552.000000
550.000000
562.000000
556.000000
550.000000
556.000000
566.000000
554.000000
546.000000
554.000000
564.000000
554.000000
548.000000
548.000000
522.000000
544.000000
568.000000
556.000000
540.000000
550.000000
550.000000
554.000000
538.000000
536.000000
556.000000
534.000000
558.000000
558.000000
554.000000
556.000000
568.000000
568.000000
544.000000
536.000000
542.000000
548.000000
530.000000
556.000000
550.000000
548.000000
540.000000
550.000000
548.000000
546.000000
550.000000
558.000000
542.000000
556.000000
632.000000
562.000000
564.000000
558.000000
548.000000
534.000000
554.000000
560.000000
558.000000
638.000000
568.000000
556.000000
562.000000
552.000000
528.000000
538.000000
572.000000
560.000000
540.000000
530.000000
564.000000
562.000000
514.000000
564.000000
550.000000
548.000000
544.000000
534.000000
538.000000
534.000000
556.000000
560.000000
550.000000
542.000000
552.000000
544.000000
550.000000
552.000000
560.000000
552.000000
548.000000
544.000000
534.000000
550.000000
552.000000
542.000000
546.000000
550.000000
550.000000
556.000000
566.000000
560.000000
554.000000
550.000000
546.000000
530.000000
554.000000
568.000000
564.000000
556.000000
546.000000
534.000000
552.000000
562.000000
560.000000
550.000000
566.000000
522.000000
554.000000
562.000000
560.000000
550.000000
550.000000
554.000000
558.000000
550.000000
522.000000
512.000000
510.000000
534.000000
554.000000
554.000000
542.000000
552.000000
566.000000
558.000000
544.000000
550.000000
554.000000
528.000000
550.000000
546.000000
530.000000
552.000000
560.000000
558.000000
550.000000
538.000000
528.000000
552.000000
568.000000
570.000000
554.000000
554.000000
546.000000
540.000000
538.000000
546.000000
560.000000
550.000000
554.000000
546.000000
546.000000
556.000000
556.000000
542.000000
546.000000
556.000000
562.000000
534.000000
546.000000
558.000000
528.000000
536.000000
556.000000
574.000000
630.000000
530.000000
522.000000
526.000000
534.000000
546.000000
560.000000
554.000000
552.000000
568.000000
558.000000
552.000000
488.000000
542.000000
606.000000
582.000000
532.000000
492.000000
490.000000
540.000000
562.000000
572.000000
574.000000
552.000000
548.000000
492.000000
562.000000
566.000000
550.000000
558.000000
514.000000
464.000000
478.000000
474.000000
562.000000
570.000000
582.000000
584.000000
488.000000
486.000000
484.000000
538.000000
560.000000
566.000000
542.000000
528.000000
556.000000
558.000000
560.000000
542.000000
452.000000
462.000000
546.000000
692.000000
588.000000
578.000000
478.000000
408.000000
546.000000
568.000000
652.000000
642.000000
508.000000
460.000000
484.000000
496.000000
546.000000
600.000000
566.000000
580.000000
556.000000
554.000000
532.000000
492.000000
540.000000
526.000000
552.000000
520.000000
560.000000
554.000000
550.000000
524.000000
546.000000
538.000000
564.000000
556.000000
552.000000
542.000000
552.000000
540.000000
550.000000
530.000000
548.000000
562.000000
556.000000
540.000000
548.000000
532.000000
562.000000
556.000000
576.000000
558.000000
524.000000
530.000000
520.000000
534.000000
550.000000
548.000000
564.000000
552.000000
536.000000
538.000000
528.000000
516.000000
554.000000
536.000000
546.000000
546.000000
528.000000
546.000000
570.000000
550.000000
548.000000
534.000000
556.000000
550.000000
544.000000
544.000000
542.000000
550.000000
538.000000
548.000000
546.000000
552.000000
534.000000
538.000000
548.000000
546.000000
542.000000
556.000000
546.000000
556.000000
532.000000
528.000000
542.000000
546.000000
548.000000
544.000000
502.000000
520.000000
536.000000
542.000000
580.000000
596.000000
554.000000
558.000000
486.000000
488.000000
524.000000
532.000000
578.000000
636.000000
550.000000
528.000000
534.000000
534.000000
562.000000
558.000000
556.000000
556.000000
556.000000
554.000000
560.000000
534.000000
554.000000
548.000000
562.000000
542.000000
518.000000
528.000000
546.000000
564.000000
552.000000
564.000000
568.000000
552.000000
540.000000
544.000000
554.000000
556.000000
524.000000
532.000000
530.000000
552.000000
546.000000
566.000000
566.000000
548.000000
538.000000
540.000000
554.000000
544.000000
544.000000
544.000000
550.000000
556.000000
550.000000
538.000000
540.000000
540.000000
562.000000
536.000000
544.000000
524.000000
536.000000
556.000000
564.000000
552.000000
490.000000
546.000000
540.000000
558.000000
540.000000
566.000000
560.000000
530.000000
532.000000
532.000000
548.000000
558.000000
550.000000
562.000000
550.000000
548.000000
546.000000
554.000000
556.000000
566.000000
564.000000
550.000000
548.000000
504.000000
526.000000
540.000000
562.000000
574.000000
544.000000
530.000000
512.000000
522.000000
566.000000
552.000000
558.000000
548.000000
556.000000
530.000000
550.000000
554.000000
556.000000
564.000000
556.000000
542.000000
544.000000
538.000000
554.000000
552.000000
556.000000
532.000000
534.000000
542.000000
542.000000
560.000000
552.000000
578.000000
554.000000
548.000000
540.000000
556.000000
564.000000
564.000000
552.000000
560.000000
554.000000
564.000000
542.000000
538.000000
552.000000
566.000000
554.000000
550.000000
538.000000
544.000000
542.000000
568.000000
540.000000
532.000000
542.000000
560.000000
548.000000
542.000000
522.000000
554.000000
544.000000
534.000000
538.000000
538.000000
582.000000
514.000000
552.000000
560.000000
528.000000
494.000000
498.000000
498.000000
576.000000
614.000000
630.000000
586.000000
530.000000
538.000000
500.000000
508.000000
544.000000
548.000000
550.000000
558.000000
556.000000
560.000000
554.000000
546.000000
538.000000
546.000000
538.000000
550.000000
546.000000
530.000000
522.000000
546.000000
554.000000
544.000000
536.000000
544.000000
532.000000
542.000000
556.000000
572.000000
552.000000
552.000000
542.000000
512.000000
550.000000
554.000000
572.000000
568.000000
552.000000
550.000000
530.000000
542.000000
570.000000
570.000000
544.000000
548.000000
552.000000
544.000000
558.000000
548.000000
560.000000
552.000000
564.000000
540.000000
522.000000
534.000000
562.000000
570.000000
550.000000
542.000000
542.000000
544.000000
556.000000
558.000000
556.000000
558.000000
558.000000
564.000000
540.000000
562.000000
546.000000
556.000000
548.000000
562.000000
544.000000
544.000000
544.000000
558.000000
548.000000
550.000000
552.000000
554.000000
542.000000
548.000000
554.000000
566.000000
536.000000
546.000000
528.000000
546.000000
530.000000
534.000000
496.000000
582.000000
526.000000
542.000000
528.000000
558.000000
550.000000
544.000000
534.000000
532.000000
556.000000
558.000000
554.000000
530.000000
524.000000
518.000000
554.000000
566.000000
550.000000
542.000000
540.000000
520.000000
554.000000
552.000000
570.000000
548.000000
552.000000
568.000000
554.000000
532.000000
548.000000
548.000000
548.000000
540.000000
558.000000
554.000000
530.000000
546.000000
542.000000
546.000000
548.000000
550.000000
544.000000
554.000000
544.000000
572.000000
552.000000
550.000000
540.000000
534.000000
546.000000
556.000000
578.000000
568.000000
556.000000
542.000000
538.000000
548.000000
542.000000
552.000000
562.000000
552.000000
554.000000
550.000000
560.000000
544.000000
546.000000
568.000000
562.000000
550.000000
538.000000
544.000000
552.000000
552.000000
554.000000
556.000000
556.000000
560.000000
524.000000
522.000000
526.000000
546.000000
566.000000
552.000000
546.000000
548.000000
534.000000
542.000000
532.000000
528.000000
556.000000
542.000000
560.000000
550.000000
558.000000
556.000000
548.000000
542.000000
558.000000
568.000000
566.000000
526.000000
530.000000
538.000000
552.000000
558.000000
540.000000
546.000000
572.000000
516.000000
546.000000
556.000000
552.000000
554.000000
548.000000
546.000000
536.000000
554.000000
558.000000
560.000000
560.000000
556.000000
540.000000
538.000000
558.000000
544.000000
548.000000
558.000000
538.000000
552.000000
558.000000
532.000000
548.000000
566.000000
552.000000
542.000000
536.000000
548.000000
550.000000
544.000000
544.000000
562.000000
566.000000
558.000000
548.000000
562.000000
560.000000
562.000000
550.000000
558.000000
556.000000
548.000000
558.000000
558.000000
544.000000
536.000000
556.000000
562.000000
546.000000
546.000000
544.000000
542.000000
544.000000
542.000000
538.000000
564.000000
556.000000
562.000000
562.000000
536.000000
538.000000
544.000000
542.000000
566.000000
558.000000
552.000000
530.000000
550.000000
554.000000
552.000000
558.000000
544.000000
546.000000
554.000000
550.000000
554.000000
546.000000
548.000000
540.000000
552.000000
564.000000
558.000000
558.000000
546.000000
528.000000
528.000000
550.000000
548.000000
550.000000
560.000000
554.000000
524.000000
536.000000
548.000000
540.000000
582.000000
552.000000
546.000000
530.000000
538.000000
558.000000
546.000000
558.000000
556.000000
518.000000
540.000000
554.000000
556.000000
554.000000
560.000000
548.000000
540.000000
526.000000
528.000000
524.000000
546.000000
556.000000
568.000000
572.000000
564.000000
510.000000
520.000000
536.000000
552.000000
556.000000
558.000000
570.000000
548.000000
560.000000
562.000000
554.000000
514.000000
530.000000
518.000000
546.000000
574.000000
512.000000
580.000000
556.000000
512.000000
504.000000
492.000000
522.000000
568.000000
632.000000
566.000000
558.000000
538.000000
526.000000
518.000000
542.000000
542.000000
554.000000
568.000000
538.000000
558.000000
540.000000
534.000000
526.000000
540.000000
552.000000
562.000000
554.000000
638.000000
558.000000
548.000000
498.000000
458.000000
536.000000
556.000000
598.000000
616.000000
558.000000
532.000000
516.000000
494.000000
534.000000
538.000000
568.000000
554.000000
546.000000
556.000000
540.000000
528.000000
558.000000
538.000000
544.000000
554.000000
548.000000
548.000000
544.000000
558.000000
526.000000
542.000000
540.000000
552.000000
534.000000
542.000000
564.000000
560.000000
534.000000
540.000000
566.000000
570.000000
548.000000
552.000000
554.000000
552.000000
554.000000
548.000000
536.000000
548.000000
560.000000
546.000000
542.000000
558.000000
538.000000
538.000000
554.000000
572.000000
552.000000
538.000000
560.000000
554.000000
546.000000
538.000000
538.000000
540.000000
530.000000
542.000000
546.000000
556.000000
552.000000
544.000000
554.000000
546.000000
544.000000
552.000000
540.000000
540.000000
548.000000
552.000000
552.000000
544.000000
552.000000
546.000000
558.000000
564.000000
532.000000
546.000000
542.000000
560.000000
562.000000
560.000000
548.000000
528.000000
552.000000
568.000000
560.000000
532.000000
538.000000
542.000000
536.000000
542.000000
544.000000
546.000000
544.000000
546.000000
550.000000
558.000000
554.000000
550.000000
568.000000
556.000000
510.000000
470.000000
550.000000
548.000000
552.000000
556.000000
554.000000
550.000000
542.000000
534.000000
558.000000
556.000000
554.000000
556.000000
554.000000
548.000000
550.000000
552.000000
548.000000
546.000000
556.000000
554.000000
540.000000
542.000000
548.000000
556.000000
538.000000
542.000000
562.000000
556.000000
562.000000
548.000000
554.000000
550.000000
548.000000
550.000000
562.000000
560.000000
558.000000
542.000000
542.000000
550.000000
558.000000
552.000000
564.000000
542.000000
568.000000
552.000000
554.000000
520.000000
534.000000
532.000000
536.000000
552.000000
558.000000
556.000000
528.000000
528.000000
534.000000
558.000000
560.000000
558.000000
532.000000
562.000000
552.000000
546.000000
544.000000
552.000000
558.000000
544.000000
546.000000
540.000000
556.000000
546.000000
540.000000
518.000000
530.000000
544.000000
554.000000
526.000000
516.000000
548.000000
556.000000
562.000000
554.000000
552.000000
548.000000
530.000000
524.000000
554.000000
550.000000
560.000000
534.000000
538.000000
552.000000
532.000000
554.000000
560.000000
540.000000
528.000000
544.000000
536.000000
546.000000
558.000000
574.000000
548.000000
536.000000
536.000000
540.000000
558.000000
550.000000
554.000000
558.000000
542.000000
558.000000
562.000000
548.000000
548.000000
546.000000
552.000000
540.000000
558.000000
554.000000
550.000000
560.000000
550.000000
542.000000
560.000000
540.000000
568.000000
552.000000
548.000000
538.000000
536.000000
548.000000
564.000000
558.000000
574.000000
550.000000
536.000000
554.000000
528.000000
552.000000
566.000000
552.000000
554.000000
542.000000
538.000000
548.000000
554.000000
542.000000
556.000000
560.000000
534.000000
554.000000
556.000000
542.000000
556.000000
548.000000
556.000000
532.000000
532.000000
528.000000
548.000000
560.000000
556.000000
556.000000
542.000000
530.000000
526.000000
552.000000
546.000000
552.000000
614.000000
546.000000
538.000000
528.000000
550.000000
554.000000
556.000000
542.000000
550.000000
542.000000
544.000000
530.000000
524.000000
548.000000
558.000000
546.000000
536.000000
554.000000
540.000000
548.000000
548.000000
534.000000
548.000000
544.000000
544.000000
566.000000
534.000000
534.000000
530.000000
546.000000
532.000000
570.000000
550.000000
564.000000
562.000000
552.000000
550.000000
550.000000
554.000000
544.000000
544.000000
550.000000
542.000000
544.000000
514.000000
556.000000
538.000000
532.000000
548.000000
552.000000
548.000000
530.000000
528.000000
542.000000
540.000000
558.000000
532.000000
540.000000
526.000000
514.000000
544.000000
548.000000
554.000000
516.000000
544.000000
544.000000
556.000000
544.000000
534.000000
540.000000
556.000000
552.000000
552.000000
520.000000
532.000000
526.000000
544.000000
544.000000
546.000000
536.000000
524.000000
562.000000
562.000000
542.000000
540.000000
538.000000
520.000000
512.000000
538.000000
520.000000
512.000000
538.000000
498.000000
556.000000
552.000000
544.000000
546.000000
552.000000
554.000000
520.000000
546.000000
510.000000
536.000000
568.000000
572.000000
540.000000
544.000000
558.000000
544.000000
548.000000
552.000000
534.000000
544.000000
558.000000
558.000000
554.000000
556.000000
544.000000
546.000000
558.000000
548.000000
566.000000
558.000000
552.000000
558.000000
540.000000
538.000000
540.000000
562.000000
554.000000
552.000000
556.000000
542.000000
562.000000
562.000000
556.000000
528.000000
550.000000
554.000000
552.000000
550.000000
520.000000
548.000000
546.000000
560.000000
550.000000
550.000000
532.000000
544.000000
550.000000
572.000000
552.000000
530.000000
540.000000
532.000000
524.000000
540.000000
552.000000
542.000000
550.000000
548.000000
538.000000
530.000000
526.000000
540.000000
552.000000
558.000000
564.000000
542.000000
558.000000
542.000000
528.000000
556.000000
536.000000
554.000000
552.000000
546.000000
542.000000
534.000000
542.000000
562.000000
546.000000
540.000000
546.000000
552.000000
528.000000
552.000000
550.000000
562.000000
546.000000
544.000000
548.000000
546.000000
524.000000
522.000000
544.000000
550.000000
558.000000
544.000000
530.000000
542.000000
552.000000
544.000000
560.000000
548.000000
536.000000
546.000000
556.000000
556.000000
548.000000
546.000000
558.000000
558.000000
546.000000
546.000000
544.000000
540.000000
554.000000
546.000000
556.000000
564.000000
554.000000
554.000000
542.000000
548.000000
554.000000
556.000000
558.000000
552.000000
556.000000
546.000000
530.000000
538.000000
558.000000
566.000000
560.000000
540.000000
544.000000
538.000000
530.000000
536.000000
546.000000
554.000000
566.000000
552.000000
528.000000
548.000000
544.000000
546.000000
540.000000
556.000000
538.000000
562.000000
550.000000
556.000000
558.000000
544.000000
550.000000
538.000000
528.000000
554.000000
538.000000
556.000000
554.000000
536.000000
536.000000
524.000000
542.000000
528.000000
616.000000
558.000000
542.000000
548.000000
524.000000
538.000000
548.000000
536.000000
564.000000
548.000000
536.000000
534.000000
548.000000
550.000000
554.000000
558.000000
536.000000
530.000000
540.000000
568.000000
560.000000
550.000000
544.000000
534.000000
536.000000
556.000000
536.000000
538.000000
556.000000
558.000000
556.000000
542.000000
562.000000
548.000000
554.000000
526.000000
534.000000
536.000000
538.000000
544.000000
542.000000
554.000000
546.000000
552.000000
516.000000
516.000000
554.000000
558.000000
554.000000
552.000000
542.000000
554.000000
544.000000
552.000000
540.000000
548.000000
552.000000
576.000000
542.000000
522.000000
556.000000
566.000000
574.000000
552.000000
544.000000
542.000000
528.000000
562.000000
548.000000
556.000000
546.000000
542.000000
562.000000
552.000000
536.000000
542.000000
550.000000
544.000000
560.000000
564.000000
538.000000
548.000000
530.000000
540.000000
546.000000
564.000000
552.000000
546.000000
524.000000
522.000000
542.000000
536.000000
560.000000
554.000000
556.000000
540.000000
524.000000
546.000000
546.000000
556.000000
528.000000
562.000000
506.000000
550.000000
554.000000
536.000000
558.000000
548.000000
548.000000
548.000000
542.000000
550.000000
518.000000
536.000000
546.000000
554.000000
534.000000
534.000000
530.000000
528.000000
588.000000
582.000000
514.000000
474.000000
524.000000
552.000000
560.000000
570.000000
552.000000
536.000000
548.000000
558.000000
466.000000
486.000000
508.000000
538.000000
610.000000
616.000000
558.000000
512.000000
510.000000
520.000000
552.000000
550.000000
624.000000
558.000000
552.000000
514.000000
530.000000
524.000000
538.000000
554.000000
558.000000
550.000000
536.000000
544.000000
542.000000
544.000000
560.000000
560.000000
548.000000
554.000000
536.000000
564.000000
544.000000
544.000000
536.000000
538.000000
558.000000
546.000000
544.000000
528.000000
530.000000
552.000000
554.000000
548.000000
554.000000
552.000000
532.000000
538.000000
556.000000
556.000000
576.000000
534.000000
534.000000
544.000000
570.000000
586.000000
546.000000
532.000000
528.000000
530.000000
530.000000
534.000000
558.000000
570.000000
528.000000
530.000000
506.000000
524.000000
532.000000
550.000000
536.000000
542.000000
528.000000
532.000000
534.000000
548.000000
546.000000
544.000000
556.000000
542.000000
536.000000
534.000000
536.000000
534.000000
524.000000
560.000000
540.000000
554.000000
542.000000
530.000000
540.000000
552.000000
560.000000
558.000000
542.000000
540.000000
526.000000
544.000000
530.000000
558.000000
558.000000
552.000000
550.000000
548.000000
552.000000
542.000000
536.000000
554.000000
542.000000
542.000000
546.000000
546.000000
538.000000
530.000000
522.000000
562.000000
546.000000
548.000000
532.000000
528.000000
528.000000
528.000000
536.000000
550.000000
566.000000
554.000000
550.000000
540.000000
554.000000
542.000000
546.000000
548.000000
546.000000
540.000000
540.000000
542.000000
552.000000
552.000000
562.000000
534.000000
570.000000
552.000000
546.000000
538.000000
542.000000
536.000000
538.000000
542.000000
534.000000
540.000000
548.000000
542.000000
552.000000
522.000000
558.000000
552.000000
556.000000
532.000000
552.000000
558.000000
556.000000
538.000000
542.000000
550.000000
560.000000
538.000000
534.000000
538.000000
546.000000
562.000000
544.000000
542.000000
540.000000
528.000000
548.000000
532.000000
546.000000
544.000000
550.000000
536.000000
532.000000
534.000000
536.000000
540.000000
546.000000
546.000000
546.000000
550.000000
550.000000
540.000000
540.000000
538.000000
542.000000
550.000000
530.000000
558.000000
564.000000
532.000000
536.000000
508.000000
522.000000
534.000000
544.000000
538.000000
542.000000
530.000000
552.000000
554.000000
540.000000
532.000000
534.000000
540.000000
540.000000
544.000000
570.000000
544.000000
564.000000
538.000000
518.000000
522.000000
554.000000
548.000000
560.000000
550.000000
562.000000
534.000000
542.000000
534.000000
544.000000
556.000000
512.000000
540.000000
534.000000
552.000000
558.000000
540.000000
540.000000
542.000000
538.000000
542.000000
534.000000
554.000000
554.000000
550.000000
544.000000
548.000000
542.000000
526.000000
558.000000
546.000000
538.000000
550.000000
544.000000
548.000000
552.000000
570.000000
560.000000
554.000000
554.000000
530.000000
552.000000
558.000000
548.000000
566.000000
528.000000
542.000000
584.000000
586.000000
530.000000
456.000000
498.000000
496.000000
542.000000
546.000000
600.000000
584.000000
532.000000
544.000000
494.000000
528.000000
562.000000
566.000000
570.000000
540.000000
568.000000
544.000000
550.000000
532.000000
528.000000
528.000000
544.000000
562.000000
550.000000
548.000000
542.000000
530.000000
562.000000
572.000000
546.000000
546.000000
538.000000
540.000000
552.000000
552.000000
534.000000
542.000000
568.000000
520.000000
522.000000
528.000000
546.000000
558.000000
532.000000
532.000000
542.000000
528.000000
518.000000
530.000000
518.000000
518.000000
574.000000
566.000000
652.000000
652.000000
846.000000
352.000000
472.000000
504.000000
536.000000
330.000000
506.000000
420.000000
370.000000
582.000000
428.000000
880.000000
576.000000
462.000000
478.000000
350.000000
448.000000
468.000000
402.000000
390.000000
570.000000
514.000000
554.000000
652.000000
606.000000
708.000000
670.000000
528.000000
492.000000
536.000000
502.000000
246.000000
562.000000
542.000000
610.000000
538.000000
442.000000
512.000000
330.000000
342.000000
196.000000
238.000000
132.000000
272.000000
414.000000
464.000000
312.000000
304.000000
274.000000
254.000000
246.000000
242.000000
234.000000
270.000000
330.000000
386.000000
400.000000
374.000000
390.000000
334.000000
318.000000
302.000000
320.000000
256.000000
352.000000
364.000000
344.000000
370.000000
326.000000
332.000000
324.000000
330.000000
328.000000
320.000000
316.000000
328.000000
328.000000
454.000000
430.000000
350.000000
298.000000
280.000000
284.000000
344.000000
350.000000
362.000000
332.000000
326.000000
292.000000
306.000000
302.000000
294.000000
308.000000
326.000000
342.000000
334.000000
330.000000
330.000000
320.000000
294.000000
294.000000
324.000000
348.000000
344.000000
346.000000
334.000000
376.000000
320.000000
288.000000
310.000000
298.000000
304.000000
324.000000
312.000000
306.000000
262.000000
336.000000
330.000000
308.000000
302.000000
326.000000
342.000000
328.000000
344.000000
296.000000
308.000000
374.000000
326.000000
330.000000
346.000000
332.000000
366.000000
350.000000
332.000000
322.000000
312.000000
262.000000
324.000000
320.000000
360.000000
322.000000
334.000000
324.000000
312.000000
320.000000
342.000000
338.000000
360.000000
304.000000
380.000000
294.000000
304.000000
330.000000
334.000000
338.000000
346.000000
314.000000
336.000000
330.000000
320.000000
334.000000
324.000000
342.000000
310.000000
310.000000
312.000000
314.000000
340.000000
310.000000
286.000000
328.000000
56.000000
454.000000
382.000000
326.000000
334.000000
322.000000
334.000000
330.000000
344.000000
336.000000
354.000000
176.000000
348.000000
366.000000
332.000000
320.000000
414.000000
386.000000
266.000000
368.000000
372.000000
372.000000
350.000000
370.000000
370.000000
398.000000
398.000000
378.000000
376.000000
386.000000
368.000000
426.000000
372.000000
392.000000
382.000000
396.000000
396.000000
370.000000
378.000000
388.000000
394.000000
380.000000
380.000000
394.000000
384.000000
394.000000
388.000000
400.000000
320.000000
356.000000
384.000000
368.000000
392.000000
368.000000
436.000000
400.000000
366.000000
360.000000
390.000000
404.000000
378.000000
396.000000
358.000000
328.000000
330.000000
360.000000
380.000000
420.000000
472.000000
414.000000
406.000000
364.000000
338.000000
386.000000
410.000000
382.000000
376.000000
376.000000
380.000000
362.000000
330.000000
358.000000
372.000000
390.000000
370.000000
398.000000
398.000000
392.000000
418.000000
366.000000
342.000000
340.000000
358.000000
416.000000
404.000000
402.000000
372.000000
340.000000
350.000000
352.000000
422.000000
390.000000
420.000000
380.000000
364.000000
364.000000
372.000000
376.000000
382.000000
380.000000
386.000000
376.000000
350.000000
448.000000
324.000000
316.000000
316.000000
380.000000
404.000000
454.000000
462.000000
316.000000
346.000000
382.000000
402.000000
362.000000
372.000000
372.000000
440.000000
404.000000
420.000000
418.000000
380.000000
344.000000
350.000000
364.000000
418.000000
420.000000
414.000000
394.000000
362.000000
424.000000
436.000000
464.000000
468.000000
398.000000
394.000000
354.000000
354.000000
392.000000
426.000000
474.000000
458.000000
416.000000
386.000000
370.000000
360.000000
336.000000
362.000000
398.000000
450.000000
462.000000
382.000000
316.000000
320.000000
398.000000
414.000000
432.000000
436.000000
366.000000
324.000000
350.000000
358.000000
392.000000
374.000000
368.000000
354.000000
326.000000
394.000000
398.000000
372.000000
326.000000
318.000000
360.000000
354.000000
444.000000
436.000000
368.000000
310.000000
410.000000
458.000000
448.000000
396.000000
328.000000
342.000000
422.000000
414.000000
366.000000
364.000000
352.000000
432.000000
404.000000
430.000000
344.000000
332.000000
340.000000
346.000000
456.000000
412.000000
410.000000
412.000000
442.000000
358.000000
362.000000
382.000000
372.000000
364.000000
326.000000
374.000000
396.000000
424.000000
452.000000
426.000000
372.000000
294.000000
352.000000
444.000000
436.000000
458.000000
380.000000
370.000000
382.000000
378.000000
360.000000
358.000000
340.000000
370.000000
410.000000
422.000000
392.000000
366.000000
358.000000
368.000000
410.000000
398.000000
326.000000
350.000000
358.000000
350.000000
396.000000
408.000000
418.000000
442.000000
348.000000
350.000000
334.000000
386.000000
384.000000
402.000000
410.000000
410.000000
382.000000
386.000000
412.000000
374.000000
400.000000
432.000000
374.000000
386.000000
432.000000
412.000000
404.000000
404.000000
322.000000
386.000000
390.000000
380.000000
376.000000
326.000000
394.000000
430.000000
436.000000
408.000000
378.000000
328.000000
384.000000
388.000000
396.000000
406.000000
410.000000
432.000000
394.000000
362.000000
370.000000
418.000000
430.000000
418.000000
388.000000
350.000000
394.000000
408.000000
380.000000
390.000000
392.000000
394.000000
402.000000
412.000000
410.000000
410.000000
382.000000
388.000000
412.000000
416.000000
400.000000
370.000000
356.000000
486.000000
330.000000
278.000000
238.000000
-48.000000
772.000000
840.000000
696.000000
456.000000
-68.000000
-60.000000
96.000000
758.000000
568.000000
384.000000
368.000000
344.000000
514.000000
520.000000
366.000000
274.000000
330.000000
246.000000
296.000000
536.000000
520.000000
428.000000
364.000000
296.000000
394.000000
438.000000
400.000000
394.000000
476.000000
484.000000
454.000000
432.000000
354.000000
356.000000
408.000000
462.000000
472.000000
442.000000
402.000000
398.000000
458.000000
484.000000
456.000000
444.000000
438.000000
464.000000
450.000000
416.000000
526.000000
486.000000
468.000000
456.000000
460.000000
458.000000
458.000000
442.000000
440.000000
428.000000
462.000000
420.000000
432.000000
434.000000
384.000000
412.000000
420.000000
414.000000
466.000000
418.000000
444.000000
434.000000
490.000000
424.000000
426.000000
440.000000
454.000000
450.000000
448.000000
428.000000
428.000000
432.000000
432.000000
446.000000
420.000000
430.000000
438.000000
412.000000
416.000000
448.000000
494.000000
478.000000
438.000000
446.000000
444.000000
420.000000
444.000000
450.000000
456.000000
444.000000
442.000000
414.000000
368.000000
458.000000
450.000000
558.000000
404.000000
282.000000
428.000000
470.000000
458.000000
466.000000
516.000000
488.000000
456.000000
438.000000
406.000000
390.000000
420.000000
446.000000
468.000000
474.000000
466.000000
468.000000
458.000000
408.000000
408.000000
430.000000
460.000000
502.000000
446.000000
460.000000
442.000000
406.000000
498.000000
574.000000
460.000000
396.000000
416.000000
392.000000
436.000000
484.000000
14.000000
574.000000
536.000000
528.000000
378.000000
460.000000
518.000000
490.000000
508.000000
438.000000
436.000000
472.000000
478.000000
500.000000
486.000000
416.000000
422.000000
432.000000
446.000000
506.000000
494.000000
488.000000
456.000000
460.000000
458.000000
436.000000
460.000000
482.000000
496.000000
488.000000
502.000000
454.000000
454.000000
454.000000
482.000000
476.000000
470.000000
450.000000
466.000000
468.000000
486.000000
474.000000
480.000000
468.000000
478.000000
474.000000
472.000000
464.000000
430.000000
468.000000
540.000000
514.000000
450.000000
398.000000
324.000000
380.000000
536.000000
574.000000
576.000000
520.000000
446.000000
466.000000
476.000000
476.000000
510.000000
336.000000
742.000000
372.000000
402.000000
464.000000
454.000000
488.000000
464.000000
500.000000
546.000000
488.000000
436.000000
448.000000
440.000000
502.000000
464.000000
476.000000
488.000000
492.000000
476.000000
462.000000
424.000000
420.000000
422.000000
440.000000
436.000000
458.000000
464.000000
472.000000
460.000000
508.000000
430.000000
414.000000
412.000000
440.000000
436.000000
422.000000
412.000000
414.000000
460.000000
448.000000
420.000000
416.000000
444.000000
430.000000
402.000000
414.000000
394.000000
386.000000
410.000000
460.000000
454.000000
494.000000
484.000000
436.000000
506.000000
424.000000
448.000000
430.000000
420.000000
428.000000
440.000000
468.000000
462.000000
472.000000
456.000000
450.000000
388.000000
382.000000
408.000000
446.000000
458.000000
474.000000
450.000000
504.000000
438.000000
438.000000
502.000000
434.000000
400.000000
422.000000
454.000000
502.000000
444.000000
434.000000
424.000000
444.000000
452.000000
432.000000
436.000000
386.000000
412.000000
410.000000
438.000000
440.000000
458.000000
466.000000
410.000000
406.000000
422.000000
394.000000
434.000000
434.000000
444.000000
442.000000
430.000000
418.000000
432.000000
426.000000
442.000000
428.000000
434.000000
412.000000
412.000000
442.000000
428.000000
452.000000
434.000000
422.000000
440.000000
426.000000
436.000000
426.000000
450.000000
424.000000
412.000000
434.000000
438.000000
434.000000
440.000000
436.000000
436.000000
398.000000
474.000000
396.000000
454.000000
422.000000
428.000000
444.000000
440.000000
442.000000
422.000000
454.000000
456.000000
440.000000
444.000000
422.000000
442.000000
450.000000
432.000000
434.000000
448.000000
510.000000
460.000000
452.000000
438.000000
446.000000
440.000000
466.000000
408.000000
416.000000
440.000000
454.000000
438.000000
420.000000
412.000000
462.000000
488.000000
488.000000
466.000000
474.000000
414.000000
406.000000
472.000000
460.000000
436.000000
400.000000
464.000000
490.000000
464.000000
460.000000
438.000000
420.000000
442.000000
446.000000
390.000000
414.000000
460.000000
436.000000
458.000000
446.000000
460.000000
458.000000
470.000000
466.000000
470.000000
448.000000
452.000000
460.000000
502.000000
384.000000
424.000000
418.000000
456.000000
442.000000
472.000000
472.000000
448.000000
432.000000
438.000000
422.000000
436.000000
460.000000
454.000000
452.000000
430.000000
418.000000
448.000000
460.000000
436.000000
458.000000
444.000000
464.000000
386.000000
438.000000
448.000000
414.000000
440.000000
414.000000
440.000000
426.000000
442.000000
456.000000
450.000000
420.000000
438.000000
384.000000
390.000000
428.000000
444.000000
454.000000
450.000000
430.000000
450.000000
444.000000
440.000000
434.000000
456.000000
438.000000
458.000000
460.000000
434.000000
438.000000
436.000000
446.000000
462.000000
442.000000
438.000000
438.000000
436.000000
478.000000
436.000000
442.000000
432.000000
458.000000
494.000000
436.000000
418.000000
414.000000
410.000000
418.000000
464.000000
464.000000
474.000000
418.000000
426.000000
442.000000
448.000000
438.000000
440.000000
448.000000
430.000000
428.000000
422.000000
448.000000
442.000000
446.000000
444.000000
436.000000
432.000000
506.000000
434.000000
438.000000
428.000000
450.000000
488.000000
436.000000
452.000000
440.000000
426.000000
438.000000
448.000000
444.000000
440.000000
424.000000
504.000000
436.000000
436.000000
426.000000
416.000000
414.000000
472.000000
458.000000
452.000000
440.000000
426.000000
418.000000
444.000000
460.000000
448.000000
440.000000
426.000000
424.000000
446.000000
436.000000
440.000000
450.000000
420.000000
440.000000
442.000000
388.000000
436.000000
388.000000
432.000000
424.000000
492.000000
428.000000
432.000000
428.000000
430.000000
444.000000
448.000000
458.000000
444.000000
438.000000
436.000000
428.000000
416.000000
394.000000
354.000000
482.000000
616.000000
554.000000
414.000000
350.000000
408.000000
422.000000
518.000000
520.000000
498.000000
516.000000
408.000000
478.000000
450.000000
426.000000
404.000000
438.000000
532.000000
542.000000
490.000000
500.000000
466.000000
462.000000
462.000000
458.000000
470.000000
490.000000
470.000000
478.000000
480.000000
482.000000
466.000000
486.000000
456.000000
504.000000
430.000000
458.000000
510.000000
526.000000
546.000000
474.000000
402.000000
400.000000
402.000000
434.000000
356.000000
378.000000
514.000000
584.000000
450.000000
440.000000
400.000000
376.000000
460.000000
466.000000
500.000000
524.000000
468.000000
462.000000
418.000000
426.000000
468.000000
476.000000
470.000000
472.000000
466.000000
478.000000
470.000000
492.000000
432.000000
446.000000
426.000000
462.000000
448.000000
542.000000
480.000000
456.000000
458.000000
388.000000
432.000000
456.000000
460.000000
450.000000
448.000000
464.000000
484.000000
476.000000
468.000000
468.000000
466.000000
446.000000
428.000000
440.000000
466.000000
482.000000
486.000000
474.000000
448.000000
440.000000
446.000000
460.000000
492.000000
478.000000
466.000000
442.000000
458.000000
478.000000
466.000000
470.000000
492.000000
478.000000
454.000000
454.000000
444.000000
450.000000
478.000000
496.000000
506.000000
484.000000
468.000000
460.000000
460.000000
466.000000
452.000000
470.000000
490.000000
480.000000
498.000000
488.000000
456.000000
460.000000
434.000000
442.000000
474.000000
488.000000
502.000000
490.000000
448.000000
506.000000
390.000000
472.000000
482.000000
484.000000
490.000000
478.000000
454.000000
464.000000
472.000000
464.000000
474.000000
456.000000
474.000000
468.000000
484.000000
476.000000
454.000000
466.000000
462.000000
440.000000
466.000000
470.000000
472.000000
472.000000
458.000000
392.000000
420.000000
446.000000
482.000000
534.000000
486.000000
476.000000
448.000000
426.000000
386.000000
452.000000
472.000000
482.000000
470.000000
470.000000
458.000000
444.000000
470.000000
476.000000
454.000000
444.000000
452.000000
462.000000
458.000000
454.000000
464.000000
464.000000
470.000000
460.000000
464.000000
454.000000
458.000000
474.000000
454.000000
462.000000
474.000000
452.000000
444.000000
464.000000
444.000000
452.000000
482.000000
486.000000
472.000000
474.000000
464.000000
460.000000
462.000000
478.000000
460.000000
468.000000
464.000000
494.000000
462.000000
450.000000
508.000000
450.000000
466.000000
468.000000
472.000000
486.000000
452.000000
462.000000
498.000000
462.000000
476.000000
484.000000
460.000000
458.000000
466.000000
508.000000
464.000000
470.000000
462.000000
456.000000
478.000000
454.000000
442.000000
440.000000
388.000000
464.000000
490.000000
456.000000
442.000000
450.000000
470.000000
476.000000
462.000000
462.000000
462.000000
460.000000
434.000000
430.000000
468.000000
472.000000
444.000000
442.000000
466.000000
478.000000
474.000000
456.000000
386.000000
456.000000
454.000000
460.000000
452.000000
452.000000
478.000000
490.000000
384.000000
416.000000
426.000000
472.000000
504.000000
472.000000
508.000000
454.000000
462.000000
478.000000
460.000000
456.000000
474.000000
482.000000
462.000000
460.000000
450.000000
454.000000
456.000000
450.000000
484.000000
488.000000
488.000000
476.000000
456.000000
458.000000
442.000000
440.000000
460.000000
462.000000
472.000000
466.000000
484.000000
474.000000
442.000000
430.000000
444.000000
436.000000
464.000000
482.000000
478.000000
468.000000
474.000000
456.000000
460.000000
460.000000
460.000000
464.000000
476.000000
452.000000
448.000000
472.000000
452.000000
456.000000
466.000000
460.000000
478.000000
470.000000
444.000000
454.000000
464.000000
460.000000
480.000000
458.000000
452.000000
448.000000
410.000000
466.000000
458.000000
450.000000
460.000000
470.000000
454.000000
474.000000
458.000000
456.000000
466.000000
456.000000
510.000000
466.000000
506.000000
442.000000
456.000000
452.000000
466.000000
448.000000
470.000000
472.000000
458.000000
460.000000
390.000000
456.000000
448.000000
480.000000
496.000000
446.000000
414.000000
426.000000
468.000000
510.000000
472.000000
458.000000
450.000000
410.000000
440.000000
462.000000
478.000000
488.000000
480.000000
482.000000
460.000000
440.000000
456.000000
456.000000
462.000000
466.000000
480.000000
478.000000
466.000000
432.000000
456.000000
456.000000
462.000000
474.000000
454.000000
474.000000
472.000000
476.000000
442.000000
442.000000
452.000000
468.000000
480.000000
478.000000
460.000000
460.000000
450.000000
462.000000
462.000000
448.000000
450.000000
456.000000
454.000000
478.000000
466.000000
464.000000
458.000000
466.000000
460.000000
476.000000
482.000000
444.000000
458.000000
454.000000
464.000000
506.000000
448.000000
452.000000
442.000000
458.000000
464.000000
486.000000
464.000000
476.000000
442.000000
422.000000
444.000000
458.000000
464.000000
454.000000
460.000000
448.000000
442.000000
458.000000
464.000000
458.000000
456.000000
468.000000
466.000000
460.000000
508.000000
450.000000
476.000000
464.000000
474.000000
470.000000
466.000000
402.000000
456.000000
448.000000
466.000000
464.000000
468.000000
476.000000
428.000000
460.000000
464.000000
464.000000
460.000000
466.000000
476.000000
454.000000
502.000000
460.000000
484.000000
470.000000
472.000000
496.000000
384.000000
442.000000
484.000000
488.000000
484.000000
474.000000
448.000000
440.000000
508.000000
438.000000
452.000000
468.000000
494.000000
494.000000
468.000000
464.000000
430.000000
394.000000
466.000000
456.000000
460.000000
456.000000
470.000000
458.000000
396.000000
458.000000
466.000000
466.000000
474.000000
488.000000
460.000000
462.000000
390.000000
448.000000
454.000000
472.000000
454.000000
454.000000
488.000000
480.000000
384.000000
436.000000
448.000000
446.000000
474.000000
474.000000
490.000000
476.000000
448.000000
474.000000
434.000000
442.000000
472.000000
476.000000
484.000000
470.000000
444.000000
454.000000
508.000000
448.000000
454.000000
388.000000
462.000000
468.000000
470.000000
388.000000
456.000000
510.000000
440.000000
458.000000
470.000000
480.000000
460.000000
464.000000
464.000000
434.000000
462.000000
482.000000
468.000000
446.000000
478.000000
458.000000
464.000000
448.000000
460.000000
462.000000
458.000000
470.000000
464.000000
466.000000
458.000000
458.000000
454.000000
470.000000
462.000000
458.000000
466.000000
458.000000
448.000000
458.000000
474.000000
474.000000
466.000000
450.000000
424.000000
476.000000
526.000000
486.000000
398.000000
404.000000
432.000000
458.000000
472.000000
486.000000
488.000000
480.000000
442.000000
438.000000
388.000000
422.000000
460.000000
474.000000
496.000000
474.000000
446.000000
442.000000
436.000000
446.000000
486.000000
476.000000
486.000000
462.000000
462.000000
496.000000
460.000000
460.000000
466.000000
470.000000
460.000000
434.000000
432.000000
440.000000
460.000000
466.000000
470.000000
468.000000
464.000000
470.000000
456.000000
456.000000
448.000000
456.000000
476.000000
494.000000
460.000000
466.000000
446.000000
428.000000
452.000000
458.000000
474.000000
478.000000
474.000000
446.000000
472.000000
492.000000
466.000000
414.000000
420.000000
506.000000
448.000000
478.000000
472.000000
464.000000
462.000000
466.000000
436.000000
444.000000
436.000000
486.000000
478.000000
476.000000
482.000000
430.000000
458.000000
442.000000
448.000000
462.000000
468.000000
444.000000
472.000000
502.000000
468.000000
450.000000
474.000000
466.000000
454.000000
460.000000
456.000000
472.000000
472.000000
474.000000
462.000000
432.000000
454.000000
442.000000
454.000000
470.000000
478.000000
466.000000
450.000000
450.000000
460.000000
510.000000
468.000000
494.000000
450.000000
458.000000
446.000000
458.000000
456.000000
464.000000
468.000000
450.000000
460.000000
470.000000
450.000000
452.000000
440.000000
450.000000
466.000000
454.000000
446.000000
460.000000
386.000000
460.000000
468.000000
458.000000
474.000000
438.000000
460.000000
470.000000
460.000000
508.000000
470.000000
454.000000
470.000000
442.000000
392.000000
454.000000
462.000000
510.000000
456.000000
464.000000
452.000000
460.000000
460.000000
462.000000
472.000000
454.000000
460.000000
458.000000
448.000000
470.000000
460.000000
462.000000
456.000000
452.000000
462.000000
444.000000
462.000000
450.000000
470.000000
456.000000
458.000000
472.000000
456.000000
446.000000
482.000000
460.000000
440.000000
440.000000
452.000000
468.000000
464.000000
476.000000
474.000000
468.000000
464.000000
458.000000
462.000000
460.000000
452.000000
470.000000
474.000000
472.000000
464.000000
440.000000
456.000000
460.000000
472.000000
460.000000
474.000000
490.000000
446.000000
464.000000
464.000000
462.000000
466.000000
452.000000
504.000000
458.000000
460.000000
462.000000
460.000000
462.000000
456.000000
510.000000
384.000000
454.000000
446.000000
448.000000
470.000000
478.000000
460.000000
506.000000
458.000000
436.000000
450.000000
448.000000
470.000000
478.000000
462.000000
472.000000
452.000000
438.000000
484.000000
474.000000
468.000000
452.000000
440.000000
492.000000
478.000000
482.000000
446.000000
460.000000
468.000000
474.000000
386.000000
414.000000
436.000000
512.000000
494.000000
460.000000
462.000000
434.000000
428.000000
396.000000
450.000000
478.000000
486.000000
456.000000
510.000000
464.000000
390.000000
454.000000
436.000000
460.000000
472.000000
476.000000
476.000000
478.000000
460.000000
438.000000
388.000000
508.000000
464.000000
474.000000
464.000000
466.000000
458.000000
454.000000
470.000000
508.000000
464.000000
470.000000
470.000000
460.000000
464.000000
456.000000
468.000000
480.000000
498.000000
462.000000
474.000000
462.000000
462.000000
476.000000
474.000000
468.000000
464.000000
466.000000
458.000000
472.000000
456.000000
462.000000
462.000000
470.000000
476.000000
482.000000
474.000000
448.000000
454.000000
478.000000
460.000000
454.000000
506.000000
462.000000
474.000000
478.000000
464.000000
452.000000
434.000000
454.000000
392.000000
440.000000
464.000000
572.000000
480.000000
476.000000
398.000000
396.000000
456.000000
460.000000
450.000000
478.000000
446.000000
402.000000
452.000000
466.000000
456.000000
446.000000
452.000000
468.000000
486.000000
458.000000
470.000000
464.000000
448.000000
462.000000
510.000000
470.000000
464.000000
446.000000
456.000000
472.000000
458.000000
458.000000
480.000000
462.000000
458.000000
442.000000
432.000000
488.000000
460.000000
454.000000
450.000000
500.000000
466.000000
456.000000
464.000000
448.000000
456.000000
476.000000
456.000000
460.000000
460.000000
436.000000
452.000000
462.000000
476.000000
450.000000
466.000000
456.000000
454.000000
468.000000
464.000000
450.000000
446.000000
442.000000
466.000000
462.000000
460.000000
442.000000
458.000000
460.000000
462.000000
436.000000
464.000000
464.000000
484.000000
468.000000
478.000000
458.000000
448.000000
454.000000
472.000000
470.000000
450.000000
456.000000
456.000000
466.000000
458.000000
460.000000
440.000000
464.000000
462.000000
462.000000
446.000000
444.000000
462.000000
452.000000
458.000000
480.000000
462.000000
456.000000
510.000000
432.000000
470.000000
462.000000
476.000000
468.000000
442.000000
418.000000
428.000000
438.000000
480.000000
492.000000
482.000000
486.000000
440.000000
396.000000
424.000000
420.000000
386.000000
420.000000
560.000000
610.000000
412.000000
386.000000
340.000000
384.000000
468.000000
464.000000
494.000000
486.000000
422.000000
448.000000
436.000000
466.000000
462.000000
450.000000
462.000000
458.000000
458.000000
462.000000
438.000000
464.000000
458.000000
470.000000
436.000000
464.000000
464.000000
458.000000
470.000000
494.000000
454.000000
444.000000
460.000000
478.000000
462.000000
462.000000
458.000000
452.000000
454.000000
466.000000
464.000000
460.000000
454.000000
458.000000
464.000000
456.000000
456.000000
472.000000
456.000000
448.000000
396.000000
430.000000
466.000000
496.000000
544.000000
486.000000
260.000000
446.000000
412.000000
400.000000
510.000000
634.000000
568.000000
456.000000
450.000000
432.000000
458.000000
466.000000
480.000000
500.000000
524.000000
496.000000
440.000000
488.000000
480.000000
480.000000
448.000000
476.000000
490.000000
498.000000
540.000000
530.000000
398.000000
414.000000
490.000000
496.000000
516.000000
500.000000
486.000000
480.000000
410.000000
476.000000
472.000000
500.000000
490.000000
508.000000
478.000000
492.000000
448.000000
468.000000
470.000000
470.000000
482.000000
498.000000
492.000000
480.000000
522.000000
466.000000
494.000000
478.000000
486.000000
504.000000
488.000000
468.000000
476.000000
484.000000
482.000000
468.000000
482.000000
494.000000
522.000000
492.000000
482.000000
468.000000
480.000000
560.000000
490.000000
486.000000
488.000000
488.000000
474.000000
482.000000
490.000000
472.000000
452.000000
506.000000
490.000000
490.000000
464.000000
472.000000
482.000000
492.000000
450.000000
480.000000
514.000000
524.000000
498.000000
478.000000
430.000000
434.000000
528.000000
560.000000
572.000000
546.000000
436.000000
454.000000
448.000000
486.000000
530.000000
536.000000
496.000000
484.000000
486.000000
476.000000
480.000000
502.000000
488.000000
492.000000
490.000000
496.000000
502.000000
490.000000
486.000000
486.000000
486.000000
470.000000
474.000000
482.000000
498.000000
474.000000
456.000000
490.000000
472.000000
480.000000
476.000000
476.000000
486.000000
490.000000
494.000000
488.000000
488.000000
466.000000
514.000000
496.000000
456.000000
446.000000
466.000000
484.000000
520.000000
500.000000
502.000000
464.000000
464.000000
472.000000
474.000000
492.000000
510.000000
500.000000
488.000000
470.000000
520.000000
532.000000
422.000000
476.000000
488.000000
472.000000
482.000000
520.000000
450.000000
456.000000
456.000000
474.000000
498.000000
494.000000
500.000000
518.000000
488.000000
504.000000
486.000000
460.000000
478.000000
486.000000
520.000000
496.000000
518.000000
528.000000
490.000000
474.000000
472.000000
466.000000
488.000000
492.000000
514.000000
492.000000
492.000000
492.000000
488.000000
482.000000
500.000000
498.000000
508.000000
492.000000
482.000000
496.000000
482.000000
486.000000
482.000000
486.000000
500.000000
498.000000
494.000000
494.000000
476.000000
490.000000
488.000000
452.000000
482.000000
474.000000
482.000000
490.000000
508.000000
500.000000
476.000000
474.000000
494.000000
472.000000
488.000000
486.000000
476.000000
480.000000
508.000000
476.000000
486.000000
482.000000
494.000000
498.000000
476.000000
470.000000
492.000000
482.000000
466.000000
470.000000
482.000000
506.000000
494.000000
524.000000
478.000000
478.000000
474.000000
476.000000
474.000000
480.000000
490.000000
478.000000
494.000000
494.000000
492.000000
482.000000
480.000000
480.000000
496.000000
500.000000
498.000000
482.000000
478.000000
496.000000
496.000000
494.000000
486.000000
494.000000
494.000000
486.000000
478.000000
482.000000
480.000000
498.000000
508.000000
486.000000
492.000000
486.000000
484.000000
484.000000
494.000000
474.000000
498.000000
494.000000
488.000000
520.000000
476.000000
472.000000
488.000000
504.000000
488.000000
500.000000
464.000000
474.000000
488.000000
474.000000
488.000000
486.000000
494.000000
496.000000
510.000000
474.000000
470.000000
478.000000
478.000000
496.000000
496.000000
502.000000
486.000000
484.000000
490.000000
462.000000
476.000000
492.000000
490.000000
472.000000
494.000000
496.000000
498.000000
500.000000
464.000000
464.000000
488.000000
520.000000
508.000000
506.000000
492.000000
488.000000
468.000000
492.000000
476.000000
490.000000
496.000000
454.000000
482.000000
494.000000
486.000000
500.000000
488.000000
490.000000
476.000000
484.000000
456.000000
458.000000
492.000000
504.000000
466.000000
478.000000
476.000000
512.000000
524.000000
498.000000
456.000000
448.000000
484.000000
566.000000
534.000000
514.000000
486.000000
476.000000
442.000000
476.000000
500.000000
512.000000
476.000000
494.000000
498.000000
452.000000
460.000000
474.000000
488.000000
508.000000
536.000000
530.000000
420.000000
426.000000
456.000000
498.000000
516.000000
474.000000
446.000000
472.000000
518.000000
470.000000
504.000000
560.000000
468.000000
452.000000
460.000000
480.000000
494.000000
476.000000
486.000000
494.000000
488.000000
480.000000
492.000000
482.000000
500.000000
490.000000
472.000000
482.000000
438.000000
448.000000
476.000000
488.000000
512.000000
574.000000
572.000000
540.000000
392.000000
426.000000
402.000000
446.000000
514.000000
520.000000
488.000000
498.000000
478.000000
468.000000
466.000000
456.000000
498.000000
486.000000
494.000000
488.000000
486.000000
482.000000
478.000000
482.000000
486.000000
482.000000
488.000000
480.000000
494.000000
478.000000
466.000000
482.000000
472.000000
502.000000
490.000000
488.000000
486.000000
484.000000
460.000000
472.000000
476.000000
466.000000
464.000000
490.000000
480.000000
478.000000
472.000000
476.000000
472.000000
484.000000
484.000000
488.000000
488.000000
476.000000
474.000000
472.000000
478.000000
478.000000
480.000000
474.000000
490.000000
480.000000
480.000000
488.000000
478.000000
482.000000
474.000000
480.000000
488.000000
486.000000
466.000000
486.000000
488.000000
480.000000
490.000000
478.000000
486.000000
494.000000
484.000000
478.000000
490.000000
486.000000
478.000000
488.000000
500.000000
490.000000
488.000000
488.000000
474.000000
468.000000
484.000000
480.000000
492.000000
504.000000
496.000000
494.000000
460.000000
458.000000
510.000000
460.000000
498.000000
506.000000
484.000000
488.000000
480.000000
468.000000
466.000000
466.000000
494.000000
494.000000
486.000000
482.000000
456.000000
448.000000
486.000000
474.000000
452.000000
452.000000
490.000000
484.000000
440.000000
462.000000
470.000000
470.000000
506.000000
522.000000
506.000000
484.000000
480.000000
480.000000
470.000000
502.000000
504.000000
492.000000
494.000000
496.000000
488.000000
486.000000
468.000000
494.000000
520.000000
500.000000
488.000000
478.000000
470.000000
490.000000
472.000000
480.000000
490.000000
488.000000
490.000000
512.000000
480.000000
486.000000
486.000000
478.000000
484.000000
490.000000
500.000000
500.000000
472.000000
472.000000
476.000000
474.000000
486.000000
478.000000
498.000000
490.000000
488.000000
482.000000
488.000000
484.000000
498.000000
486.000000
470.000000
472.000000
480.000000
496.000000
558.000000
508.000000
486.000000
484.000000
484.000000
480.000000
482.000000
490.000000
472.000000
492.000000
496.000000
500.000000
488.000000
496.000000
440.000000
430.000000
472.000000
516.000000
554.000000
524.000000
474.000000
448.000000
454.000000
464.000000
480.000000
522.000000
528.000000
492.000000
464.000000
480.000000
478.000000
480.000000
474.000000
494.000000
490.000000
486.000000
482.000000
484.000000
472.000000
476.000000
478.000000
476.000000
476.000000
500.000000
476.000000
446.000000
456.000000
472.000000
470.000000
482.000000
500.000000
488.000000
482.000000
480.000000
448.000000
470.000000
470.000000
492.000000
498.000000
486.000000
456.000000
464.000000
480.000000
482.000000
486.000000
470.000000
494.000000
488.000000
492.000000
482.000000
484.000000
494.000000
474.000000
458.000000
484.000000
464.000000
464.000000
476.000000
442.000000
418.000000
472.000000
494.000000
464.000000
434.000000
440.000000
470.000000
500.000000
484.000000
484.000000
434.000000
396.000000
400.000000
364.000000
550.000000
556.000000
546.000000
482.000000
478.000000
488.000000
488.000000
476.000000
530.000000
488.000000
484.000000
462.000000
470.000000
484.000000
484.000000
482.000000
492.000000
472.000000
486.000000
470.000000
480.000000
460.000000
480.000000
476.000000
476.000000
496.000000
498.000000
486.000000
484.000000
486.000000
486.000000
476.000000
472.000000
476.000000
466.000000
456.000000
470.000000
492.000000
482.000000
512.000000
492.000000
482.000000
488.000000
488.000000
496.000000
474.000000
488.000000
488.000000
492.000000
470.000000
502.000000
492.000000
508.000000
490.000000
476.000000
478.000000
488.000000
494.000000
468.000000
488.000000
510.000000
474.000000
482.000000
474.000000
494.000000
488.000000
490.000000
480.000000
480.000000
490.000000
496.000000
472.000000
474.000000
484.000000
488.000000
474.000000
490.000000
486.000000
496.000000
488.000000
482.000000
478.000000
484.000000
498.000000
480.000000
488.000000
490.000000
488.000000
480.000000
486.000000
496.000000
482.000000
478.000000
480.000000
484.000000
520.000000
486.000000
488.000000
480.000000
486.000000
492.000000
478.000000
484.000000
490.000000
498.000000
488.000000
494.000000
498.000000
468.000000
488.000000
482.000000
488.000000
472.000000
486.000000
494.000000
508.000000
490.000000
480.000000
480.000000
486.000000
488.000000
484.000000
498.000000
476.000000
476.000000
486.000000
490.000000
484.000000
476.000000
506.000000
492.000000
474.000000
470.000000
484.000000
484.000000
512.000000
498.000000
478.000000
464.000000
476.000000
462.000000
490.000000
480.000000
486.000000
496.000000
492.000000
488.000000
480.000000
472.000000
484.000000
494.000000
482.000000
476.000000
492.000000
494.000000
490.000000
498.000000
492.000000
496.000000
472.000000
492.000000
482.000000
480.000000
496.000000
486.000000
490.000000
486.000000
478.000000
484.000000
488.000000
478.000000
480.000000
472.000000
504.000000
494.000000
498.000000
492.000000
478.000000
482.000000
484.000000
490.000000
484.000000
482.000000
486.000000
476.000000
466.000000
484.000000
482.000000
490.000000
490.000000
486.000000
488.000000
484.000000
482.000000
476.000000
492.000000
492.000000
494.000000
488.000000
476.000000
478.000000
494.000000
494.000000
486.000000
468.000000
486.000000
488.000000
480.000000
470.000000
484.000000
482.000000
480.000000
482.000000
488.000000
510.000000
500.000000
474.000000
492.000000
472.000000
484.000000
490.000000
490.000000
492.000000
470.000000
488.000000
488.000000
496.000000
484.000000
460.000000
488.000000
476.000000
478.000000
490.000000
486.000000
486.000000
484.000000
476.000000
488.000000
488.000000
494.000000
484.000000
478.000000
488.000000
488.000000
498.000000
502.000000
492.000000
484.000000
482.000000
478.000000
478.000000
524.000000
570.000000
470.000000
478.000000
442.000000
464.000000
490.000000
506.000000
528.000000
538.000000
476.000000
470.000000
450.000000
466.000000
524.000000
534.000000
518.000000
494.000000
478.000000
466.000000
464.000000
474.000000
500.000000
494.000000
488.000000
476.000000
476.000000
472.000000
478.000000
492.000000
510.000000
484.000000
462.000000
466.000000
486.000000
492.000000
496.000000
482.000000
486.000000
476.000000
470.000000
482.000000
474.000000
466.000000
498.000000
502.000000
490.000000
470.000000
482.000000
512.000000
486.000000
504.000000
492.000000
488.000000
440.000000
424.000000
354.000000
456.000000
682.000000
592.000000
550.000000
452.000000
396.000000
406.000000
438.000000
498.000000
550.000000
546.000000
526.000000
482.000000
464.000000
480.000000
442.000000
462.000000
486.000000
502.000000
506.000000
500.000000
478.000000
484.000000
464.000000
466.000000
470.000000
482.000000
470.000000
486.000000
482.000000
480.000000
478.000000
470.000000
470.000000
476.000000
476.000000
476.000000
488.000000
478.000000
472.000000
478.000000
470.000000
470.000000
498.000000
498.000000
510.000000
492.000000
510.000000
502.000000
486.000000
492.000000
482.000000
492.000000
488.000000
468.000000
488.000000
478.000000
506.000000
492.000000
484.000000
470.000000
480.000000
478.000000
474.000000
492.000000
492.000000
502.000000
468.000000
476.000000
490.000000
484.000000
484.000000
494.000000
484.000000
494.000000
480.000000
478.000000
486.000000
488.000000
480.000000
486.000000
476.000000
488.000000
498.000000
494.000000
482.000000
472.000000
474.000000
514.000000
506.000000
512.000000
488.000000
490.000000
506.000000
500.000000
512.000000
486.000000
490.000000
494.000000
494.000000
490.000000
478.000000
484.000000
490.000000
474.000000
476.000000
488.000000
484.000000
478.000000
492.000000
496.000000
476.000000
474.000000
502.000000
506.000000
478.000000
482.000000
482.000000
490.000000
482.000000
482.000000
488.000000
488.000000
496.000000
484.000000
486.000000
482.000000
480.000000
484.000000
480.000000
486.000000
476.000000
482.000000
506.000000
490.000000
490.000000
482.000000
488.000000
494.000000
486.000000
478.000000
504.000000
508.000000
488.000000
464.000000
482.000000
500.000000
488.000000
474.000000
474.000000
498.000000
480.000000
472.000000
488.000000
506.000000
466.000000
462.000000
494.000000
484.000000
476.000000
484.000000
478.000000
488.000000
492.000000
494.000000
482.000000
494.000000
484.000000
470.000000
486.000000
476.000000
486.000000
490.000000
488.000000
484.000000
466.000000
472.000000
490.000000
488.000000
470.000000
476.000000
488.000000
492.000000
484.000000
480.000000
476.000000
484.000000
478.000000
474.000000
488.000000
496.000000
506.000000
486.000000
452.000000
490.000000
476.000000
562.000000
512.000000
518.000000
494.000000
482.000000
492.000000
498.000000
502.000000
506.000000
480.000000
488.000000
474.000000
482.000000
482.000000
482.000000
480.000000
494.000000
484.000000
500.000000
490.000000
510.000000
448.000000
466.000000
482.000000
484.000000
486.000000
474.000000
482.000000
504.000000
496.000000
498.000000
496.000000
480.000000
494.000000
480.000000
476.000000
492.000000
492.000000
564.000000
484.000000
490.000000
490.000000
488.000000
478.000000
490.000000
496.000000
486.000000
488.000000
474.000000
496.000000
486.000000
492.000000
480.000000
482.000000
478.000000
486.000000
520.000000
490.000000
480.000000
482.000000
488.000000
486.000000
502.000000
496.000000
492.000000
500.000000
486.000000
480.000000
490.000000
466.000000
470.000000
480.000000
510.000000
516.000000
504.000000
484.000000
470.000000
488.000000
488.000000
496.000000
498.000000
522.000000
510.000000
506.000000
478.000000
474.000000
484.000000
486.000000
500.000000
488.000000
492.000000
498.000000
488.000000
508.000000
504.000000
480.000000
490.000000
496.000000
494.000000
504.000000
500.000000
484.000000
482.000000
494.000000
478.000000
500.000000
494.000000
520.000000
508.000000
476.000000
482.000000
488.000000
498.000000
500.000000
490.000000
486.000000
508.000000
502.000000
486.000000
496.000000
482.000000
492.000000
502.000000
506.000000
520.000000
506.000000
490.000000
490.000000
492.000000
502.000000
484.000000
504.000000
548.000000
496.000000
510.000000
428.000000
484.000000
558.000000
584.000000
562.000000
498.000000
468.000000
458.000000
474.000000
482.000000
502.000000
522.000000
508.000000
460.000000
496.000000
504.000000
524.000000
496.000000
454.000000
464.000000
486.000000
452.000000
508.000000
516.000000
478.000000
490.000000
488.000000
498.000000
492.000000
502.000000
498.000000
510.000000
492.000000
498.000000
484.000000
496.000000
486.000000
480.000000
494.000000
508.000000
500.000000
484.000000
482.000000
500.000000
492.000000
472.000000
474.000000
490.000000
496.000000
486.000000
490.000000
474.000000
488.000000
486.000000
476.000000
474.000000
500.000000
494.000000
496.000000
514.000000
492.000000
486.000000
478.000000
484.000000
490.000000
496.000000
488.000000
486.000000
484.000000
478.000000
490.000000
450.000000
488.000000
482.000000
492.000000
500.000000
486.000000
480.000000
488.000000
486.000000
502.000000
480.000000
