-6.423896
-4.888852
-4.518921
-4.360085
-4.361972
-4.387936
-4.432992
-4.475578
-5.195297
-4.542312
-4.552852
-4.560560
-4.553679
-8.457741
-4.495260
-4.458322
-4.493551
-4.358377
-4.289779
-8.008266
-4.157249
-4.083437
-4.162738
-3.916497
-3.829371
-3.734823
-3.644199
-5.767015
-3.458196
-3.362211
-3.257656
-3.171529
-3.050654
-2.967937
-2.846400
-2.740382
-3.732574
-2.513290
-2.404840
-2.312916
-2.195970
-3.077558
-1.992510
-1.870012
-1.746233
-1.651623
-1.529895
-1.423345
-1.309143
-1.192493
-3.623027
-0.974997
-0.842911
-0.735443
-0.608459
-0.770007
-0.385076
-0.281411
-0.170499
-0.042000
0.057640
0.167506
0.286944
0.398566
0.510290
0.632535
-1.994081
0.453095
0.966192
-358.921234
1.195986
1.317287
1.421976
1.541193
1.659803
1.753370
1.868459
1.982187
2.088108
2.196439
0.492191
0.137557
2.542541
2.654510
2.744401
2.882654
2.984697
3.093151
3.214874
3.337383
3.430897
3.535870
3.646288
3.747570
3.161555
0.446948
4.078761
4.208609
5.204450
5.849986
-6.515965
-4.922184
-4.495452
-4.379059
-4.388268
-4.394841
-4.451406
-4.493281
-4.737456
-4.554681
-4.565276
-4.568810
-6.741908
-4.526898
-4.495530
-4.450922
-4.411367
-4.360342
-4.293016
-7.176776
-4.163142
-4.088245
-3.998103
-3.914162
-3.848089
-3.745016
-6.702416
-3.560823
-3.458946
-3.464516
-3.264648
-3.166176
-3.052281
-4.384216
-2.841930
-2.742622
-2.646544
-2.517187
-2.412452
-2.315382
-2.205648
-2.083171
-1.975141
-2.739864
-1.755761
-1.652401
-1.526166
-1.910474
-1.309040
-1.187834
-1.081383
-0.969669
-0.848949
-0.728449
-0.627502
-0.513424
-0.406755
-3.070532
-3.361058
-0.055866
-0.024241
0.092360
0.291739
0.401681
0.509347
0.625745
0.729635
0.857087
0.965646
-358.926819
1.171902
1.299160
-0.721774
1.520211
0.772916
1.743343
1.865235
1.985151
2.101058
2.210085
2.304118
2.424728
2.536899
2.652597
2.758212
2.874882
1.883684
3.081423
0.920230
3.330266
3.425214
3.514061
3.643898
3.753088
3.865611
3.978640
4.080749
4.209402
5.677728
5.827255
15.215963
-4.893005
-10.439657
-4.351206
-4.347875
-4.766048
-4.420186
-4.453332
-4.494288
-4.526322
-4.538795
-8.122606
-4.528578
-4.512944
-4.489727
-4.448838
-4.408990
-4.355697
-4.290346
-5.607079
-4.157370
-4.085016
-8.682423
-3.917430
-3.839224
-6.132162
-3.658294
-3.565188
-3.475688
-3.358978
-3.263687
-3.163160
-3.058230
-4.801530
-2.855184
-2.756535
-6.992146
-2.530199
-2.434002
-5.951184
-2.220750
-2.097384
-2.414520
-1.874943
-1.759347
-1.658726
-1.532859
-1.418147
-1.323268
-1.207423
-2.108767
-0.993841
-0.864829
-0.753994
-0.627256
-0.529830
-0.410689
-0.292899
-0.180854
-0.065073
0.050482
0.160976
-0.262940
0.379196
-1.897994
0.615664
0.709417
0.844943
0.961930
-358.931976
1.166561
1.294912
1.390066
-1.651538
1.642864
1.734560
1.763848
1.968035
-1.168021
2.186262
2.296003
2.172803
2.529632
2.635194
2.731998
2.864527
2.977471
1.116118
3.178906
3.306319
3.406397
3.510865
3.620457
3.723759
3.850263
0.784482
4.068338
4.192490
1.548974
5.834259
-6.502810
-8.704839
-4.458228
-4.338379
-4.335977
-4.376420
-4.418212
-4.460223
-4.494288
-7.070991
-4.538795
-4.543874
-9.889211
-4.507288
-4.483202
-8.577108
-4.405274
-4.351988
-4.687634
-4.230014
-4.159125
-4.087309
-4.009893
-3.918364
-3.842221
-3.746609
-4.617699
-3.568113
-3.467896
-3.374376
-3.264568
-3.161726
-3.054035
-2.954482
-2.855894
-6.507702
-2.655754
-2.514486
-2.654675
-2.318753
-4.074422
-2.093239
-2.002099
-1.877388
-1.762072
-1.662777
-1.540564
-1.418427
-1.318384
-3.817853
-1.084764
-0.980365
-0.869583
-0.747041
-3.883194
-0.523861
-0.411386
-0.531887
-0.190812
-0.067327
0.041070
0.148914
0.266891
-1.000338
0.496138
0.615241
0.713679
0.844575
0.943912
-358.927368
1.171752
-1.877083
1.402565
1.514173
-2.520970
1.730065
1.832068
-0.153982
2.073327
2.188939
2.281701
2.408759
2.521012
2.632366
2.744196
1.002774
2.962677
3.063344
-0.909379
3.302918
3.396562
0.174358
3.626597
3.725966
3.508269
3.952802
4.063687
4.201581
5.674176
5.835400
-6.465107
-4.873362
-5.960050
-4.345304
-4.331032
-4.369958
-4.404387
-4.453243
-4.496542
-4.514117
-4.538426
-8.639789
-4.545080
-4.506954
-4.572773
-4.445919
-6.616169
-4.356677
-4.282088
-4.214779
-4.158046
-4.079518
-4.008860
-3.920665
-3.843102
-6.004456
-3.662375
-3.576196
-3.475453
-3.376756
-6.700033
-3.176387
-3.061746
-3.231091
-2.847773
-2.735447
-2.652476
-2.521948
-2.415236
-3.340877
-2.209603
-2.093129
-2.004558
-1.876863
-1.769141
-1.662066
-1.540755
-4.523186
-1.317394
-1.197342
-5.325547
-0.987865
-0.864665
-3.070268
-0.632679
-0.516238
-0.435100
-0.301123
-0.187698
-0.073091
0.038775
-1.451618
0.272902
0.376368
-3.628422
0.611293
0.715318
-2.799987
0.961766
-358.932648
0.625474
1.296332
1.392265
1.509761
1.625870
1.734081
1.539026
1.963513
0.823812
2.187368
2.295676
2.413267
2.516299
2.624033
2.741765
2.853565
2.949645
0.276592
3.185709
3.298082
3.369978
3.505728
1.270045
3.715884
3.835551
3.922530
4.060696
4.193269
5.658112
5.821726
-6.489546
-7.425612
-4.459362
-4.334335
-4.326483
-4.373558
-4.406696
-4.449220
-4.501883
-5.305565
-4.551281
-4.545724
-9.812330
-4.517452
-4.487453
-6.182354
-4.405964
-4.353719
-4.291941
-4.230851
-4.163644
-4.096906
-4.012206
-6.629544
-3.844595
-3.751479
-8.228292
-3.577262
-3.475868
-6.518399
-3.279707
-3.182906
-3.216501
-2.970293
-2.860781
-2.762255
-2.663107
-2.537442
-2.428134
-2.342651
-2.815865
-2.099420
-2.006593
-1.891322
-1.777099
-1.675768
-1.554586
-1.431985
-1.336949
-1.221036
-1.098862
-0.985618
-1.162905
-0.761630
-2.340309
-0.530377
-0.424104
-0.307311
-0.191195
-0.083569
0.028119
0.142521
0.254009
-2.117621
0.486808
0.608451
0.701344
0.831870
-2.088596
-358.932892
1.166766
1.111439
1.388194
1.507889
1.633903
1.726773
1.829268
0.549445
2.070267
2.171386
2.272644
2.409196
2.508144
2.623036
2.739197
-0.298432
2.954521
3.056323
-0.966377
3.296409
3.399307
1.364505
3.610457
3.713562
3.818496
3.946559
4.048298
4.177231
5.657552
4.061757
-6.513725
-4.879304
-12.711186
-4.348255
-4.327794
-10.091145
-4.410883
-4.450846
-5.085700
-4.532701
-4.552326
-4.550847
-4.548161
-4.519781
-4.495858
-4.459210
-5.739152
-4.363896
-4.296965
-4.236581
-4.171263
-4.091490
-4.009707
-3.925143
-3.843765
-7.416229
-3.670993
-3.585446
-3.617752
-3.381211
-5.543659
-3.187558
-3.076038
-2.992335
-2.872993
-2.756774
-2.663001
-2.545641
-2.430293
-4.777293
-2.225121
-2.098368
-2.004271
-1.892989
-1.772468
-1.678493
-1.553609
-1.877798
-1.335986
-1.215647
-1.088575
-0.969655
-0.873319
-2.028111
-0.643307
-0.533956
-0.418271
-0.302871
-0.194323
-0.079840
0.028297
-2.495981
0.257602
0.370084
-3.705289
0.599531
0.714485
-1.999188
0.934691
-358.943268
1.047853
1.292480
1.397415
1.515129
1.637208
0.626785
1.827710
1.949456
-1.871176
2.177874
2.287466
-1.483698
2.512256
2.621124
1.792915
2.845020
2.949918
3.057620
3.185142
3.305179
2.873437
3.504485
1.743794
3.712224
3.836377
3.945323
4.047356
4.177573
5.653911
5.820814
-6.502400
-11.483100
-4.464388
-4.352804
-4.547863
-4.360881
-9.368753
-4.460387
-4.503768
-4.873043
-4.550700
-4.559351
-4.551958
-4.529521
-4.495615
-7.384888
-4.412070
-4.361977
-4.292815
-4.228272
-4.160396
-4.095006
-4.008778
-6.968567
-3.847286
-3.753385
-8.230926
-3.578906
-3.482623
-6.315240
-3.284837
-3.178702
-3.161564
-2.972856
-2.863541
-2.757775
-2.663062
-3.755722
-2.438783
-2.342095
-6.374116
-2.110813
-2.010173
-5.871506
-1.783683
-1.686347
-2.420224
-1.440830
-1.332666
-1.216747
-1.102386
-0.973296
-0.874931
-0.759280
-2.149582
-0.528150
-0.427997
-0.318157
-0.198121
-0.087298
0.025988
0.138942
0.253750
0.364511
0.478926
0.596785
0.205377
0.825573
-1.619977
-358.948334
1.157354
1.222607
1.373851
1.492344
1.610557
1.705285
1.812766
-1.172418
2.054093
2.171495
2.196843
2.398200
2.509469
2.618351
2.727859
2.087415
2.954808
3.064123
3.166946
3.294101
3.378707
1.464574
3.599195
3.714177
3.822553
3.942590
4.035506
4.176924
5.653282
3.797633
-6.485722
-4.895723
-12.809869
-4.345168
-4.341113
-9.741247
-4.420370
-4.450477
-4.906018
-4.522320
-4.555229
-4.554911
-4.538100
-4.522820
-4.495366
-4.460614
-5.244534
-4.377519
-4.300960
-4.243565
-4.175861
-4.101274
-4.023004
-3.935748
-3.855567
-3.765265
-3.679636
-3.588404
-4.665049
-3.381261
-5.444065
-3.191916
-3.081209
-2.998388
-2.879667
-2.780929
-2.692248
-2.556088
-2.467132
-2.369781
-2.256684
-2.137799
-2.406959
-1.927010
-4.985812
-1.716414
-1.593436
-1.657019
-1.369071
-1.246458
-1.132056
-1.018143
-0.883154
-3.747474
-0.656694
-0.530663
-0.471614
-0.323690
-0.201167
-0.087271
0.022355
-1.025018
0.224844
0.341589
-3.753716
0.555108
0.654024
-1.634169
0.889694
-358.998627
1.070419
1.242483
1.334577
1.451513
1.581337
0.206059
1.785391
1.915087
-2.035018
2.132453
2.233562
-1.329076
2.463706
2.578094
2.097268
2.804196
2.898910
3.021120
3.140739
3.244609
3.349051
3.451305
2.426512
3.665341
3.784133
3.888741
3.999074
4.133129
5.610403
5.763686
-6.485722
-4.885287
-4.453092
-4.347777
-5.690199
-4.369713
-8.390328
-4.472846
-4.501200
-4.573779
-4.552777
-4.554973
-4.550086
-4.518586
-4.497152
-4.455310
-4.413562
-4.371959
-4.537626
-4.239945
-4.174302
-4.096633
-4.021500
-4.440626
-3.852457
-3.755959
-3.670437
-3.578263
-3.487837
-6.164104
-3.289573
-3.192694
-3.088058
-2.990161
-2.877617
-2.775635
-2.687197
-5.018201
-2.454929
-2.354860
-6.575354
-2.118094
-2.025247
-5.039316
-1.787050
-1.686197
-1.746760
-1.454723
-1.348642
-1.222723
-1.111006
-1.892599
-0.882649
-0.777845
-4.566377
-0.553558
-0.432532
-4.373856
-0.211398
-0.090891
-1.185168
0.122932
0.242152
0.356315
0.460990
0.584149
0.682096
0.817636
-0.965003
-358.963470
1.144937
1.262290
1.363360
1.480924
1.590340
1.699835
1.807643
1.937613
2.043220
2.149310
1.603395
2.366781
-0.439985
2.607573
2.708133
2.686314
2.921661
3.040299
3.144441
3.272503
3.368660
0.147966
3.591599
3.693297
3.677494
3.930945
4.028717
4.156761
5.623277
4.712318
-6.485722
-4.887008
-4.456343
-4.345824
-4.338791
-8.074695
-4.412434
-4.468324
-4.540890
-4.523276
-4.550782
-4.542877
-4.542389
-6.428300
-4.491930
-4.461287
-9.344041
-4.368152
-4.303248
-8.446171
-4.169398
-4.101766
-4.604091
-3.933180
-3.853424
-3.748978
-3.665092
-3.581868
-3.484401
-6.418372
-4.891549
-4.526654
-4.393265
-4.393003
-4.427356
-4.469674
-4.508068
-5.195805
-4.584008
-4.603971
-4.598328
-4.596524
-8.469243
-4.548190
-4.509190
-4.554041
-4.409971
-4.341936
-8.022246
-4.208617
-4.120678
-4.145535
-3.968652
-3.887228
-3.791450
-3.714865
-5.806762
-3.530240
-3.433126
-3.325263
-3.241591
-3.122364
-3.027850
-2.912265
-2.805358
-3.555158
-2.583698
-2.490542
-2.382234
-2.270974
-3.108158
-2.065003
-1.952082
-1.833695
-1.727670
-1.617938
-1.503966
-1.385118
-1.266318
-3.323391
-1.041510
-0.935362
-0.831318
-0.715146
-0.841906
-0.496556
-0.388642
-0.281158
-0.163473
-0.042609
0.066302
0.187595
0.293793
-2.691323
0.524621
-2.070497
0.568061
0.855448
0.955681
1.067803
1.190281
1.301879
1.421211
1.511667
1.657767
1.762877
1.855984
1.983868
2.086582
0.416698
0.550120
2.413331
2.532641
2.636784
2.761723
2.851784
2.966680
3.080785
3.182047
3.312356
3.387122
3.507326
3.620941
2.957064
0.669725
3.951488
4.083780
5.305431
5.718209
-6.434708
-4.916343
-4.503527
-4.406365
-4.407907
-4.436945
-4.498136
-4.535525
-4.858298
-4.594977
-4.626743
-4.615690
-6.249102
-4.584382
-4.553613
-4.515491
-4.487266
-4.426172
-4.353168
-7.265335
-4.228625
-4.155553
-4.084951
-3.989249
-3.910594
-3.818796
-6.364259
-3.637943
-3.535609
-3.471279
-3.337994
-3.249907
-3.135933
-4.609725
-2.924740
-2.822638
-2.725830
-2.606965
-2.513020
-2.400269
-2.294176
-2.174376
-2.076942
-2.545291
-1.845060
-1.736003
-1.627261
-2.103861
-1.400622
-1.274603
-1.175153
-1.070053
-0.950108
-0.842560
-0.725310
-0.612754
-0.494985
-2.772788
-3.602119
-0.157681
-0.071050
-0.035194
0.185559
0.296416
0.406523
0.525508
0.630529
0.751165
0.858604
0.974123
1.079141
1.202438
-0.937399
1.434529
0.960088
1.668067
1.763670
1.874275
1.972967
2.092757
2.215318
2.307418
2.421227
2.535865
2.633273
2.753465
1.710213
2.961776
1.241934
3.200653
3.321679
3.405181
3.520870
3.643167
3.743206
3.859252
3.948517
4.072694
5.546285
5.708917
23.506193
-4.889664
-9.716764
-4.391558
-4.387894
-4.607516
-4.470938
-4.505308
-4.564859
-4.579391
-4.602736
-8.582384
-4.595253
-4.571616
-4.615242
-4.519107
-4.482925
-4.421695
-4.357051
-5.390707
-4.225885
-4.150799
-4.072029
-3.982995
-3.895144
-5.959424
-3.720666
-3.636293
-3.541405
-3.438966
-3.343735
-3.259274
-3.140175
-5.085957
-2.929429
-2.825431
-7.090679
-2.611794
-2.502020
-5.873574
-2.286847
-2.171240
-2.406923
-1.957779
-1.847341
-1.739275
-1.634515
-1.507927
-1.406285
-1.286364
-2.105719
-1.075770
-0.963625
-0.847833
-0.731266
-0.612754
-0.490422
-0.387248
-0.272975
-0.159785
-0.056201
0.074020
-0.875333
0.294067
-1.965001
0.518460
0.621854
0.706700
0.832922
0.959083
1.067256
1.185281
1.293901
1.411252
1.514358
1.636320
1.437501
1.856134
1.971560
2.083699
2.192874
1.958354
2.403960
2.522573
2.621963
2.753929
2.847863
0.089668
3.070935
3.163080
3.271061
3.393651
3.511076
3.633352
3.739271
2.431552
3.938941
4.073582
1.441497
5.711646
-6.462561
-9.823123
-4.469540
-4.394140
-4.441389
-4.413955
-4.462844
-4.503341
-4.555919
-6.559900
-4.606157
-4.601408
-9.836912
-4.568802
-4.544061
-8.968999
-4.466621
-4.410504
-4.997009
-4.292358
-4.221996
-4.146196
-4.071942
-3.988788
-3.907848
-3.814351
-5.067419
-3.640729
-3.542048
-3.442493
-3.331951
-3.251923
-3.135669
-3.041476
-2.929160
-2.827624
-2.736041
-2.608290
-3.388080
-2.403660
-5.029759
-2.184607
-2.087837
-1.987941
-1.852123
-1.739739
-1.633968
-1.521663
-1.407780
-1.271809
-1.182653
-1.050410
-1.131600
-0.852109
-0.747399
-0.618709
-0.503591
-0.731203
-0.283316
-0.160358
-0.052731
0.062750
0.177240
-2.182232
0.401796
0.521793
0.619259
0.739950
0.845517
0.953769
1.060166
-1.799484
1.303341
1.403288
-2.648232
1.642726
1.747113
-0.476376
1.972120
2.073591
2.166606
2.301831
2.410531
2.520183
2.623001
1.119950
2.845356
2.944373
-1.024555
3.180272
3.289386
-0.129231
3.495770
3.614220
3.290951
3.847047
3.929522
4.066137
5.547432
5.698459
-6.462561
-4.863532
-6.255075
-4.370234
-4.385709
-4.420846
-4.467366
-4.499940
-4.561690
-4.583202
-4.599928
-4.598075
-4.593341
-4.575236
-5.233698
-4.504368
-7.144131
-4.424205
-4.353212
-4.299707
-4.234790
-4.158649
-4.077561
-3.991110
-3.908462
-7.153629
-3.738638
-3.652276
-3.598252
-3.447936
-6.863362
-3.258468
-3.141621
-3.345845
-2.936017
-2.825175
-2.742260
-2.620625
-2.516752
-4.384193
-2.308041
-2.199244
-2.089380
-1.973017
-1.863188
-1.755579
-1.640539
-4.683822
-1.410082
-1.302511
-5.429200
-1.072437
-0.959117
-3.084986
-0.748259
-0.622767
-0.524983
-0.416673
-0.296171
-0.183267
-0.071186
-1.725229
0.168607
0.275803
-3.765548
0.506193
0.613904
-2.744116
0.834521
0.948783
0.684902
1.181798
1.283369
1.398357
1.484920
1.620460
1.736841
1.836313
1.031644
2.067198
2.180730
2.282365
2.391515
2.513325
2.625979
2.755268
2.841996
-0.620726
3.062616
3.169534
3.099268
3.384936
1.665470
3.620702
3.718193
3.833523
3.918170
4.048358
5.537610
5.701342
-6.449638
-9.719004
-4.481343
-4.381763
-4.379234
-4.425716
-9.410223
-4.514939
-4.569094
-4.896858
-4.605706
-4.617322
-4.615607
-4.589204
-4.565546
-6.092028
-4.479776
-4.430731
-4.361873
-4.303109
-4.240664
-4.158474
-4.081287
-7.531146
-3.914910
-3.821373
-8.292727
-3.647678
-3.554748
-5.758287
-3.349392
-3.265455
-3.147818
-3.044035
-2.937766
-2.832928
-2.745064
-4.479263
-2.521944
-2.415951
-6.611303
-2.192755
-2.091484
-5.573415
-1.863215
-1.752252
-2.054278
-1.521813
-1.417739
-1.286002
-1.181464
-1.057021
-1.382698
-0.851467
-1.719253
-0.622343
-0.516555
-0.403463
-0.292578
-0.179278
-0.067129
0.043243
0.162596
-2.745135
0.383396
0.506521
0.571844
0.733529
-1.041281
0.953427
1.062817
1.179366
1.296032
1.402591
1.508525
1.631907
1.724533
0.014018
1.951930
2.067676
2.180129
2.274456
-0.842374
2.516932
2.618124
2.516601
2.843546
2.969891
3.060451
3.159002
3.276757
2.544734
3.490647
3.614794
3.713173
3.829931
3.907556
4.055564
5.539413
2.557379
-6.447794
-4.878708
-12.786293
-4.355536
-4.370436
-7.851494
-4.449211
-4.496470
-4.557415
-4.574282
-4.591035
-4.599544
-4.598751
-6.738883
-4.548296
-4.504019
-9.430714
-4.418608
-4.356569
-8.295225
-4.223946
-4.146119
-4.514102
-3.985522
-3.917647
-3.826468
-3.738000
-3.649246
-3.714972
-3.442281
-4.408456
-3.254532
-3.137122
-3.037045
-2.935880
-2.840239
-2.732902
-2.619030
-2.529819
-4.905324
-2.310596
-2.197646
-2.100179
-1.992080
-3.858750
-1.750627
-1.650040
-1.521287
-1.418039
-1.290619
-1.189715
-1.072806
-0.960189
-2.167979
-0.748355
-0.634692
-0.514997
-0.405348
-3.657116
-0.180849
-0.073317
-0.254689
0.167446
0.268344
-3.560123
0.509826
0.623220
-0.185978
0.839357
0.953099
1.063622
1.174831
1.293737
1.394709
1.498239
-1.378662
1.724560
1.833963
-2.204322
2.065600
2.179842
0.000276
2.402348
2.529444
2.606977
2.751156
2.835261
2.954878
3.062507
1.484540
3.289113
3.379206
-0.585610
3.604802
3.700230
0.332833
3.911566
4.047156
5.546325
5.706874
-6.436483
-11.564125
-4.479594
-4.362010
-4.585423
-4.403799
-6.264600
-4.507330
-4.551875
-4.571373
-4.610105
-4.604557
-4.590178
-4.575127
-4.546780
-7.396188
-4.471939
-4.420602
-4.365199
-4.295247
-6.606581
-4.146826
-4.080742
-3.994873
-3.918995
-3.824252
-3.742778
-3.646826
-3.559867
-4.806226
-3.345391
-3.262356
-3.144898
-3.044385
-6.541831
-2.822911
-2.740771
-6.573850
-2.521892
-2.420743
-6.493056
-2.188685
-2.082768
-3.223222
-1.857723
-1.753809
-1.644002
-1.530685
-1.409297
-1.301800
-1.187844
-3.862146
-0.955278
-0.842342
-4.964521
-0.627356
-0.495969
-3.024302
-0.273071
-0.166205
-0.116402
0.063447
0.173702
0.283589
0.389311
-0.854203
0.611349
0.730114
-3.222106
0.957894
1.065876
1.189543
1.305308
1.406840
1.488089
1.630828
1.730694
-1.231576
1.943912
2.058824
2.104109
2.275453
1.155087
2.517997
2.622591
2.755978
2.847003
2.943478
3.075915
3.174568
3.283294
1.400520
3.497156
3.612171
3.706971
3.821734
1.759263
4.055523
5.532965
5.636424
-6.462369
-4.863149
-4.452697
-4.360918
-4.371092
-5.880355
-4.454163
-4.491812
-4.551786
-4.571673
-4.597811
-4.607979
-4.600212
-9.217237
-4.551929
-4.517758
-9.387759
-4.426080
-4.354684
-5.960731
-4.227110
-4.150734
-4.076135
-3.992093
-3.915256
-3.822353
-3.742542
-6.308765
-3.557774
-3.452684
-7.809334
-3.266173
-3.149093
-6.101756
-2.944742
-2.836575
-2.865688
-2.621684
-2.512767
-2.410638
-2.297748
-3.312114
-2.086348
-1.973563
-2.242741
-1.759895
-1.647089
-1.535453
-1.424876
-1.299868
-1.189046
-1.070081
-0.967921
-3.845112
-0.742358
-0.618423
-0.535297
-0.404570
-1.333868
-0.168186
-0.061788
0.054841
0.161176
0.275202
0.385595
0.511110
0.611199
-0.966163
0.834712
0.943469
1.061191
1.172795
-1.122278
1.405365
1.504168
1.601049
1.734423
1.837679
1.951083
2.061092
2.168013
1.569239
2.384221
2.506304
2.603084
2.744886
2.839988
2.966892
3.070785
-0.467419
3.286599
3.395257
-0.539404
3.621700
3.718132
2.409258
3.904243
4.040688
5.527153
5.672973
-6.410433
-4.887847
-4.472190
-9.502029
-4.372404
-4.406961
-11.025174
-4.497638
-4.546719
-8.406865
-4.598856
-4.609720
-4.696907
-4.575530
-4.551943
-4.518049
-4.479678
-8.357766
-4.467369
-4.293034
-4.547861
-4.145315
-4.061659
-3.975284
-3.893497
-3.802980
-3.727749
-3.639052
-3.545844
-5.819962
-3.340380
-3.264699
-3.136750
-3.045226
-3.876821
-2.825623
-2.738103
-2.616896
-2.517541
-2.410306
-2.303581
-2.174963
-2.081341
-3.082984
-1.863290
-1.756091
-1.648694
-1.526177
-3.793012
-1.294670
-1.191286
-1.098562
-0.970196
-0.852191
-0.743027
-0.622808
-0.519000
-0.786541
-0.290242
-0.176150
-0.070858
0.045074
0.154605
0.268003
0.375883
-6.454899
-4.910597
-4.536651
-4.425073
-4.435398
-4.462810
-4.521851
-4.559871
-5.237041
-4.629498
-4.655715
-4.644364
-4.658365
-8.468010
-4.597672
-4.554911
-4.585923
-4.459813
-4.403132
-8.023612
-4.266564
-4.183216
-4.266265
-4.042747
-3.949627
-3.862378
-3.761288
-5.709733
-3.588348
-3.487630
-3.371235
-3.291183
-3.183549
-3.080558
-2.971252
-2.873171
-3.665847
-2.664961
-2.555126
-2.454704
-2.343642
-3.005614
-2.114635
-2.000161
-1.897785
-1.795884
-1.672920
-1.559930
-1.451775
-1.324807
-3.451675
-1.097812
-1.001039
-0.892182
-0.787247
-0.815591
-0.548429
-0.434657
-0.331415
-0.211217
-0.101680
0.026538
0.118449
0.234901
-2.757496
0.463708
-1.765036
0.485408
0.792165
0.900501
1.005424
1.136342
1.229188
1.358891
1.447533
1.569327
1.683634
1.789158
1.922025
2.016220
0.839515
0.604231
2.348647
2.448265
2.573307
2.680793
2.790149
2.892291
2.992936
3.115587
3.228190
3.330087
3.439957
3.547080
3.269262
0.745345
3.859571
3.990070
5.285372
5.625633
-6.505336
-4.929790
-4.540476
-4.440550
-4.424579
-9.253901
-4.524255
-4.566721
-4.671597
-4.632538
-4.651322
-4.649377
-6.068689
-4.623501
-4.592665
-4.554539
-4.521968
-4.467941
-4.392050
-6.522163
-4.258042
-4.174845
-4.107131
-4.035995
-3.945504
-3.858515
-6.075661
-3.685339
-3.588541
-3.492726
-3.370209
-3.298500
-3.193905
-3.999189
-2.982580
-2.871716
-2.769135
-2.663373
-2.545171
-2.451887
-2.342078
-2.223926
-2.129559
-2.399631
-1.906200
-1.799129
-1.689354
-1.779650
-1.462908
-1.343733
-1.244138
-1.108070
-1.002111
-0.903944
-0.775690
-0.673196
-0.560533
-2.502170
-2.965368
-0.213102
-0.115654
0.011198
0.114201
0.220940
0.341689
0.453804
0.554032
0.672105
0.775882
0.905433
1.010834
-2.304789
-0.273248
1.357389
1.067966
1.558167
1.663089
1.788556
1.897450
2.001249
2.113946
2.227753
2.337131
2.438047
2.564400
2.663574
2.194754
2.898622
1.479038
3.108845
3.212986
3.334418
3.446746
3.538665
3.656158
3.740827
3.858464
0.733674
5.456721
5.619954
0.189998
-4.898944
-9.148463
-4.398571
-4.398542
-4.534274
-4.498970
-4.539422
-4.586452
-4.609022
-4.635763
-7.536021
-4.636536
-4.620305
-4.587003
-4.551209
-4.507850
-4.441430
-4.384284
-5.104007
-4.251381
-4.177649
-4.108394
-4.031082
-3.942747
-5.625483
-3.765212
-3.682146
-3.588440
-3.479152
-3.377128
-3.293633
-3.181321
-5.470226
-2.972734
-2.876422
-7.141682
-2.666085
-2.548699
-5.665467
-2.344195
-2.233509
-2.320934
-2.011909
-1.903741
-1.805454
-1.681595
-1.569028
-1.455586
-1.326753
-1.905894
-1.115106
-0.991763
-0.893425
-0.776059
-0.670122
-0.553497
-0.445436
-0.338423
-0.230533
-0.127621
0.000379
-0.378023
0.218904
-1.748581
0.445949
0.550125
0.694959
0.794992
0.904668
1.003553
1.139621
1.241387
-1.742848
1.450962
1.773107
-1.170849
1.998885
1.773107
-1.170849
1.998885
2.113864
2.028312
2.337691
2.442937
2.572227
2.673081
2.796795
0.845303
2.988859
3.117404
3.205077
3.317936
3.432410
3.532470
3.644916
0.681667
3.845351
3.971273
1.344585
5.614879
-6.443550
-8.383079
-4.487542
-4.381769
-4.422420
-4.409254
-4.475604
-4.528609
-4.573188
-6.765449
-4.617732
-4.629024
-9.924038
-4.591460
-4.574500
-8.931577
-4.499732
-4.433817
-4.991567
-4.326315
-4.252599
-4.178364
-4.106778
-4.034682
-3.949545
-3.850179
-5.096093
-3.667265
-3.581170
-3.481715
-3.373593
-3.288931
-3.187461
-3.092830
-2.984352
-2.876740
-2.778557
-2.668352
-2.919076
-2.460411
-4.677620
-2.233850
-2.118802
-2.027611
-1.902990
-1.803049
-1.679402
-1.568987
-1.468645
-4.300379
-1.239527
-1.142153
-1.041781
-0.912126
-0.800402
-0.675463
-0.566584
-0.877459
-0.337371
-0.219208
-0.105231
0.008575
0.109912
-1.546317
0.327100
0.447179
0.550630
0.665903
0.776401
0.880939
0.986928
-1.549329
1.208343
1.342239
-2.717598
1.556637
1.659346
-0.947276
1.877628
1.993490
2.019580
2.215432
2.317583
2.414592
2.537912
1.368747
2.745985
2.876827
-1.003551
3.092139
3.190542
-0.490031
3.414569
3.511870
2.882619
3.732583
3.829798
3.953029
5.430923
5.589546
43.729767
-4.877156
-7.027143
-4.394173
-4.373502
-4.420619
-4.457538
-4.514949
-4.566432
-4.597779
-4.624746
-9.049856
-4.614091
-4.598386
-4.729938
-4.535316
-7.572283
-4.443553
-4.380887
-4.389037
-4.248510
-4.171929
-4.098866
-4.027484
-3.945443
-6.395324
-3.759819
-3.678119
-3.586257
-3.488691
-3.374935
-3.303889
-3.193192
-3.729670
-2.979072
-2.870425
-2.767683
-2.654521
-2.546978
-3.925025
-2.342064
-2.223058
-2.123713
-2.005092
-1.904506
-1.814292
-1.692325
-4.107796
-1.473665
-1.348535
-5.504714
-1.109081
-1.015048
-3.808277
-0.789706
-0.674165
-0.673572
-0.451241
-0.341196
-0.219345
-0.113605
-1.186394
0.103396
0.203687
-3.685487
0.430690
0.543732
-3.220229
0.769939
0.894791
0.172551
1.115852
1.216812
1.351119
1.465688
1.571581
1.330596
1.781112
0.313897
1.986987
2.102116
2.211006
2.343674
2.431831
2.557693
2.664284
2.768292
0.026760
2.977958
3.106605
3.189846
3.305109
0.882133
3.524247
3.631296
3.685264
3.840713
3.972522
5.454741
5.612652
-6.430313
-7.989523
-4.494263
-4.375786
-4.378147
-4.420469
-4.463016
-4.527380
-4.575128
-5.458882
-4.625491
-4.613553
-9.923758
-4.595231
-4.560253
-6.364567
-4.480400
-4.428339
-4.373619
-4.312627
-4.239048
-4.163932
-4.103864
-6.652509
-3.932545
-3.840376
-8.325666
-3.669102
-3.585381
-6.698897
-3.371240
-3.288762
-3.334597
-3.073483
-2.974179
-2.873215
-2.767465
-2.659708
-2.548446
-2.462600
-2.909257
-2.230667
-2.119027
-2.007107
-1.904370
-1.806062
-1.673508
-1.564164
-1.468789
-4.635775
-1.238961
-1.132734
-1.214462
-0.906567
-2.154801
-0.674548
-0.567035
-0.457129
-0.338204
-0.209045
-0.102567
0.019626
0.114666
-1.872800
0.330583
0.451495
0.550562
0.664783
-1.877620
0.894368
0.994783
1.055596
1.206990
1.343974
1.442083
1.559041
1.667283
0.883843
1.890141
2.005756
2.105927
2.216962
2.333224
2.435642
2.565534
-0.929174
2.772821
2.864123
-1.094864
3.088813
3.201962
1.835212
3.435271
3.530742
3.630156
3.722440
3.831137
3.967270
5.458080
3.211902
-6.430313
-4.872388
-12.863021
-4.384010
-4.379458
-9.173174
-4.478493
-4.531034
-4.741258
-4.589351
-4.618176
-4.625308
-4.620737
-9.147341
-4.739876
-4.532023
-5.109484
-4.438363
-4.379893
-4.319666
-4.240869
-4.167479
-4.096447
-4.029163
-3.937623
-6.314715
-3.754892
-3.662743
-3.583210
-3.476301
-4.753113
-3.290804
-3.184596
-3.087509
-2.992309
-2.871965
-2.770607
-2.660532
-2.542221
-3.488966
-2.345206
-2.222703
-2.121650
-2.014989
-4.633638
-1.806109
-1.690037
-1.646653
-1.471172
-1.347920
-1.246057
-1.127646
-1.014405
-1.332682
-0.802424
-0.684780
-0.563347
-0.453932
-0.348176
-0.229740
-0.123468
-3.628392
0.098273
0.218399
-3.803239
0.452738
0.542953
-0.889960
0.779392
0.889409
1.011257
1.117423
1.210077
1.345832
1.436168
-0.826334
1.657393
1.779254
-2.262969
2.003598
2.116186
-0.685951
2.332145
2.449685
2.582473
2.673409
2.776912
0.567772
2.975362
-0.452613
3.205467
3.309583
2.930383
3.545584
3.644602
3.754611
3.869871
3.995213
5.476652
5.632726
-6.454546
-6.312015
-4.473444
-4.383340
-4.375319
-4.415777
-6.569747
-4.529743
-4.569554
-4.592178
-4.621665
-4.625431
-4.613491
-4.599766
-4.579660
-4.978441
-4.500794
-4.447573
-4.375340
-4.316545
-5.749173
-4.166026
-4.097921
-8.558437
-3.944427
-3.851535
-7.872653
-3.673774
-3.585211
-4.218158
-3.380722
-3.302936
-3.186326
-3.083054
-2.969514
-2.867348
-2.768137
-6.078355
-2.557315
-2.453499
-6.673405
-2.222567
-2.133261
-4.093675
-1.916049
-1.814934
-1.689149
-1.564123
-1.465237
-1.332327
-1.234145
-3.097821
-1.008668
-0.901307
-0.862939
-0.669521
-0.560109
-0.451542
-0.348764
-0.234153
-0.129233
-0.001725
0.099079
-1.865724
0.336184
0.445266
0.552447
0.671422
0.337001
0.888589
0.996381
1.122859
1.223656
1.345327
1.453926
1.557743
1.658172
1.062357
1.897914
2.005401
2.116405
2.219776
0.698705
2.431039
2.551737
2.662440
2.772226
2.882510
-0.387966
3.099502
3.195317
3.170869
3.428953
3.527395
3.644124
3.731634
2.785469
3.963643
5.451032
1.602956
-6.454546
-4.900966
-12.195494
-4.383340
-4.393734
-5.947870
-4.478411
-4.543096
-4.580872
-4.614247
-4.633338
-4.635225
-4.634800
-8.298717
-4.585572
-4.551141
-9.527629
-4.457726
-4.398665
-7.136515
-4.280612
-4.192744
-4.172914
-4.052497
-3.962432
-6.488905
-3.777815
-7.087386
-3.598888
-3.504180
-3.614494
-3.307203
-3.206616
-3.108729
-3.001803
-2.893310
-2.797985
-2.688693
-2.577386
-3.777456
-2.373456
-2.247729
-2.137202
-2.033492
-2.783340
-1.816628
-1.696498
-1.591594
-1.490447
-1.361669
-1.262047
-1.150363
-1.033195
-1.333597
-0.817327
-0.706131
-0.589329
-0.469847
-2.642983
-0.248127
-0.130926
-4.193057
0.070092
0.186898
-3.133703
0.421620
0.518392
0.269151
0.745200
0.859288
0.963719
1.089979
1.192619
1.315301
1.416224
-2.070303
1.631629
1.752698
-2.209106
1.983312
2.097294
0.654829
2.311819
2.409073
2.531834
2.637605
2.737454
2.860865
2.948062
0.731639
3.167689
3.271559
-0.733713
3.512533
3.614146
3.707393
3.817128
3.945311
5.422720
5.588607
-6.467551
-7.257040
-4.493006
-10.874493
-4.392818
-4.445263
-4.924347
-4.544059
-4.599081
-4.622689
-4.648338
-4.645074
-4.655120
-4.618645
-4.602026
-5.527069
-4.524219
-4.472217
-4.409768
-4.350545
-5.775012
-4.203117
-4.133957
-4.058684
-3.969563
-3.881077
-7.584720
-3.702802
-3.611587
-3.677588
-3.396689
-3.315399
-3.204340
-3.111953
-4.436295
-2.897729
-2.793730
-6.918773
-2.572943
-2.488415
-6.320967
-2.250202
-2.162754
-2.791465
-1.931294
-1.826634
-1.701518
-1.591588
-1.496294
-1.361546
-1.271493
-4.385783
-1.040046
-0.929707
-5.050706
-0.703481
-0.594684
-2.625960
-0.372027
-0.253332
-0.152701
-0.027475
0.071594
-2.222301
0.300230
-2.422293
0.518692
0.631356
0.645042
0.858960
0.964143
1.082575
1.179287
1.310739
1.417303
1.521243
1.638910
0.491872
1.866987
1.975499
2.085682
2.192346
1.758464
2.405275
2.529429
2.626930
2.735589
2.842013
2.939442
3.061506
3.174813
2.872902
3.393566
3.501447
3.603525
3.695427
2.041805
3.948849
5.432283
5.533337
-6.465926
-4.907127
-10.005597
-4.383696
-4.400605
-4.684148
-4.500760
-4.547174
-4.597667
-4.617341
-5.839809
-4.645498
-4.635975
-9.546545
-4.596787
-4.559576
-9.267388
-4.464717
-4.411582
-5.475658
-4.275862
-4.202118
-4.131668
-4.055904
-3.968557
-3.877327
-3.786035
-6.870501
-3.610550
-3.501501
-7.875493
-3.314715
-3.209931
-5.685632
-3.003381
-2.900994
-2.810771
-2.690086
-2.586009
-4.324100
-2.368019
-5.444080
-2.138944
-2.029742
-2.129657
-1.829933
-1.697256
-1.586868
-1.486295
-1.355051
-1.270475
-1.148410
-1.037444
-1.688630
-0.821671
-0.701664
-0.584520
-0.472702
-1.124701
-0.254493
-0.141773
-0.017667
0.087031
0.203741
-3.095782
0.422808
0.520113
0.498877
0.741334
0.858454
0.973322
1.087056
-0.872092
1.314632
1.415541
-2.636334
1.645577
1.768599
-1.342847
1.982589
2.092007
1.953180
2.300685
2.405193
2.535126
2.635386
1.972172
2.845558
2.934108
-0.694942
3.171944
3.284844
-0.594083
3.499528
3.621536
2.500813
3.824682
3.950475
5.416075
5.584270
-6.465926
-4.890393
-4.488785
-7.620044
-4.399703
-4.423625
-4.482222
-4.538458
-4.591732
-4.612956
-4.638058
-4.636209
-4.639739
-4.620919
-4.592061
-6.180343
-4.520192
-8.312101
-4.407367
-4.345703
-4.431404
-4.193882
-4.135969
-4.052216
-3.973259
-3.874472
-3.785774
-3.697960
-3.609191
-3.886610
-3.393503
-3.312516
-3.207446
-3.115320
-3.925477
-2.902657
-2.797357
-2.686312
-2.585561
-2.480270
-5.348451
-2.259279
-2.167747
-2.072014
-1.935358
-1.827201
-1.701648
-1.591239
-3.459167
-1.369155
-1.262197
-5.382020
-1.029186
-0.934283
-4.191305
-0.704273
-0.584425
-0.756332
-0.372068
-0.258154
-0.142428
-0.031232
-0.702471
0.180040
0.305871
-3.363002
0.517190
0.644347
-3.318872
0.872743
0.965837
-0.171284
1.192100
1.312077
1.414175
1.522213
1.635495
1.744228
1.858613
0.153013
2.076639
2.188002
2.305275
2.411873
2.527298
2.631274
2.748492
2.861042
2.951573
3.065344
3.175229
2.585631
