463.985565
460.947174
459.816864
455.074799
451.940613
449.083893
446.189697
443.401886
445.667938
437.833954
435.231354
432.675903
430.169952
427.859650
425.481354
423.167847
421.394714
418.627594
416.643280
414.702026
412.887939
411.139099
411.067932
407.745667
406.134186
404.716675
403.148315
401.777130
400.480591
399.156281
397.916412
396.678345
395.439270
394.303375
393.134613
392.021332
390.938477
389.936798
388.932983
388.067993
386.729523
385.517181
384.511536
383.704681
382.813843
381.932098
381.109833
380.302216
379.457886
378.698395
377.944336
377.230896
376.527161
375.887268
375.135742
373.919098
373.785645
373.167938
372.547913
371.906586
371.325653
370.731049
370.153473
369.580414
368.935333
368.230835
367.584015
366.889465
366.271301
365.111328
364.046967
364.694000
364.192810
363.567108
363.243195
362.737793
362.269928
361.855133
361.462860
361.057739
360.683105
360.305115
359.798462
358.665222
359.102966
358.682922
358.426453
356.847443
357.601074
357.209076
356.869751
356.466919
356.142914
355.800659
355.492279
355.079315
354.602692
353.420013
352.820740
352.487457
463.938507
460.681091
457.570160
454.705963
480.518250
448.545593
445.566559
442.735962
439.912079
437.115417
434.540985
436.212952
429.491364
427.167633
424.931519
422.712067
420.613617
418.554199
416.679871
414.776825
412.963867
411.661835
409.448334
407.727142
406.182922
405.239716
403.136688
401.667938
400.173828
398.632172
397.233154
396.022583
394.630127
393.499451
392.322632
391.463013
390.143463
389.114655
388.075867
387.097809
386.065155
385.178162
384.222351
383.354095
382.531525
381.731445
380.933411
380.200928
379.416931
378.738831
377.950073
377.263855
376.248566
375.969818
375.344238
374.858795
374.248993
373.540405
372.877472
372.273712
371.719666
371.128357
370.613190
370.070313
368.520050
369.001312
368.513397
367.984375
367.563568
366.736267
366.484406
366.066193
365.519653
365.011292
364.648285
364.086273
363.635437
363.311340
361.619781
362.308716
361.874298
361.388275
360.718628
358.675842
359.843353
359.388702
358.935944
358.526031
358.138031
357.721558
357.349487
356.998260
355.470367
356.365692
356.071991
355.660339
355.424866
355.063171
353.729950
353.564117
198.053741
462.195068
459.011719
565.891602
452.887817
449.744904
483.189911
443.459534
440.514740
442.129517
435.086121
432.484222
430.035156
427.647064
425.326996
423.119690
420.957245
422.066498
416.949890
415.046417
416.236145
411.438354
409.776459
409.858215
406.539032
405.060181
403.703400
402.082489
400.742950
400.123047
398.049469
396.847565
395.604797
394.310608
393.464630
392.039795
390.890503
389.683960
388.438690
387.265778
386.202515
385.279907
384.270874
383.173187
382.568573
381.634979
380.758118
379.905487
379.094788
378.346893
377.616302
376.924225
376.218475
375.633606
374.903870
374.239960
373.649292
372.463318
372.448517
371.881989
371.248108
370.693939
370.106812
369.526276
369.025909
368.102722
367.990997
367.226654
364.961761
365.984314
365.427094
363.421539
364.448608
363.942902
363.316803
363.006622
362.578125
362.208557
361.776520
361.419189
361.091888
360.692596
359.099213
359.869019
359.542297
357.114105
358.885742
358.466339
356.530731
357.744781
357.466583
356.887726
356.799683
356.368439
355.957733
355.423035
355.012482
354.465485
353.323212
352.358459
464.118683
461.112183
458.050629
455.151154
451.929718
449.073669
446.134064
443.308350
460.051697
437.730377
435.128876
433.091766
430.065247
427.773895
425.519135
423.346405
422.224823
419.076508
417.146851
415.212250
413.449310
411.579437
411.528320
407.796417
406.063354
404.575897
402.926361
401.483063
400.134308
398.777863
398.193054
396.188263
394.880096
393.916992
392.545288
391.434814
390.330811
389.333191
388.269470
387.450165
386.360748
385.419281
384.540985
383.629608
382.809631
381.951965
381.142181
380.022003
379.416168
378.633820
377.015930
377.246521
376.453003
374.909424
374.689484
373.901917
373.196472
372.600708
371.963501
371.333496
370.767975
370.143127
369.510315
368.966858
368.103271
367.908752
367.519928
366.913422
366.416138
366.011475
365.462494
365.065063
364.558105
362.976227
363.774017
363.224335
362.796631
362.401886
361.997803
361.619873
361.196838
360.553833
360.017548
359.569031
359.184265
358.750702
358.498871
356.835632
357.693817
357.255310
356.935547
356.534271
356.322266
355.984100
355.653656
354.607239
355.043823
354.775604
351.065826
353.328766
464.527954
790.872986
458.358826
455.396912
468.453003
449.378906
446.414581
443.466034
440.393982
437.553162
434.837433
432.142578
436.419800
427.348541
425.028809
429.237671
420.678253
418.540161
419.943634
414.780243
412.985352
411.419556
409.517120
407.864685
407.712982
404.782379
403.260895
401.949066
400.522949
399.619873
397.860382
396.648468
395.317383
394.143250
392.999390
391.850098
390.615448
389.350708
388.251343
387.115784
386.088562
385.161102
384.174225
383.026520
382.425568
381.492706
380.708710
379.852753
379.061096
378.310028
377.581207
376.904785
375.759369
375.551941
374.855255
374.158752
373.508392
372.932037
372.296356
371.698364
370.532684
370.453308
369.833954
367.843750
368.738342
368.158752
366.318420
366.793793
366.195313
365.558807
365.067902
364.674194
364.154510
363.716309
363.292053
362.807312
362.327423
360.665527
361.626862
361.170197
358.902954
360.510620
360.027771
358.382416
359.339233
359.024353
358.705811
358.333099
357.958954
356.005554
357.262573
356.903442
356.594879
356.143463
355.198608
355.235962
354.863770
354.544769
353.263580
353.011505
464.073486
460.840729
457.643341
524.657837
451.873199
449.065338
446.500793
443.337555
458.838745
437.920258
435.322571
433.637299
430.327087
428.043732
425.750885
423.578583
421.410309
422.350098
417.268341
415.257935
413.247345
411.287262
409.506561
407.792542
406.148224
405.768860
403.092468
401.616516
401.121887
398.866211
397.575928
396.904175
395.124329
393.929565
392.898804
391.671631
390.523041
389.565002
388.529175
387.544373
386.591614
385.611908
384.366028
383.803711
382.940613
381.410187
381.228119
380.462067
379.270386
378.594391
377.666046
376.880463
376.039001
375.391937
374.098419
373.935089
373.372833
372.640869
371.947144
371.263275
370.811035
370.257568
369.702362
369.094482
368.542023
368.042175
367.588104
367.033112
365.733704
366.018677
365.500671
365.121368
364.500458
363.096588
363.702362
363.234650
362.730835
362.313721
361.702942
361.121643
360.676025
360.256409
359.012665
359.395660
359.166931
358.791443
358.440857
358.033325
357.736877
357.387238
355.830902
356.827850
356.552856
353.806061
355.930847
355.664825
353.628815
355.138733
353.864471
353.420563
464.731812
461.562103
458.584717
455.530701
452.339264
449.418610
446.279999
466.973145
440.758331
437.990082
451.091736
432.825012
430.316315
433.814728
425.770264
423.596405
421.590302
419.393860
417.445496
418.297394
413.795837
412.010193
410.406281
408.711517
407.614746
405.606720
403.965149
402.385742
400.834167
399.311005
397.927582
396.754120
395.459564
394.696136
393.180573
391.995544
390.852112
389.870422
388.968018
387.834167
386.828918
385.898865
384.986603
384.053680
383.186859
382.335785
381.558685
380.584106
379.918427
379.130127
378.399109
377.678711
376.925964
376.064423
375.155151
373.673767
373.709564
373.017853
371.118469
371.791382
371.182495
369.732483
369.906860
369.401031
368.862305
368.322937
367.848083
367.272186
366.788910
366.285034
365.795166
365.410461
363.386658
364.395325
364.027344
361.680176
363.039703
362.682434
361.343475
361.586273
361.003845
360.515533
359.925018
359.500061
358.080383
358.769440
356.759308
358.082825
357.626770
357.031647
356.965118
356.579620
356.302032
355.911987
355.533447
355.299133
354.914703
354.648376
352.333679
353.156830
463.985779
461.120636
457.985596
511.830444
451.760498
448.663849
446.010864
442.645874
439.886108
437.147888
434.580597
432.005615
434.746490
427.167664
424.855682
422.735870
420.515289
418.432922
416.592133
414.718597
415.100464
411.198212
409.468628
409.824127
406.279663
404.861664
404.456970
401.889221
400.501099
399.040436
397.440277
396.189270
394.864044
393.648224
392.497833
391.378632
390.274475
389.156952
388.131317
387.135132
385.721100
385.307220
384.299774
383.343231
382.586639
381.682434
380.842590
380.044800
379.304626
378.211792
377.747803
376.166809
375.982117
375.249268
374.411987
373.773285
373.171082
372.639191
372.042236
371.365540
370.827271
370.266327
369.706177
368.692780
368.634399
368.119720
367.647766
367.131531
366.011658
366.214630
365.677368
365.090118
364.470703
363.929901
363.474274
362.909546
362.490265
361.650238
361.716919
361.222565
360.887360
360.522583
359.992981
359.628357
359.325531
357.458832
358.619202
358.162445
355.612518
357.565735
357.280304
355.395508
356.636627
356.235840
355.756409
355.505310
355.177002
354.888885
353.594055
353.327332
464.101532
460.641296
493.689117
455.178162
451.583527
448.601990
445.804657
443.028687
440.127869
437.383606
434.795776
432.257599
429.744904
427.487976
429.774109
423.121490
425.594452
418.919373
417.104218
415.701416
413.494965
411.787048
410.081665
408.449677
406.921112
405.412842
403.939606
402.621338
401.964600
399.791290
398.300842
397.052399
395.721558
394.950470
393.496277
392.462952
391.443665
390.473114
389.467255
388.558899
387.619843
386.803436
386.050568
385.163544
384.314331
383.512726
382.713287
381.969025
381.227264
380.499390
379.067841
378.917511
377.990845
376.112122
376.347778
375.557251
374.310730
374.278320
373.640747
373.066223
372.441833
371.890442
371.332825
370.789520
370.336609
369.617401
369.202393
367.238495
368.191193
367.766754
365.544464
366.780609
366.213226
365.239166
365.405457
364.852539
364.338898
363.705109
363.151672
361.890778
362.249268
360.595062
361.354279
360.990967
360.511444
360.130524
359.797577
359.411530
358.968414
358.457764
358.195557
357.778503
465.985474
462.898987
461.678253
457.165100
454.189362
451.237488
448.176422
445.165924
446.927765
439.592133
437.077972
434.564148
432.294525
429.992798
427.726471
425.582245
424.025146
421.487701
419.566193
417.599060
415.741425
413.961243
414.143097
410.506683
408.830231
407.467926
405.783142
404.216095
402.690887
401.203430
399.808807
398.535706
397.236389
396.011871
394.897308
393.718933
392.601471
391.572601
390.537354
389.773224
388.535004
387.432617
386.703613
385.809845
384.900452
384.141052
383.201782
382.449677
381.687531
380.851196
379.901031
379.038727
378.160278
377.332336
376.641388
375.492554
375.214020
374.710327
374.000031
373.322113
372.770569
372.191559
371.525330
371.041809
370.489105
369.898285
369.372864
368.840057
368.361725
367.438843
367.391602
367.035889
366.428528
365.838074
365.546692
365.135162
364.642792
364.179382
363.703003
363.253418
362.869934
362.449280
361.938202
360.608795
360.677795
360.161194
359.698547
357.816589
358.820648
358.479401
358.117279
357.794647
357.499176
357.083374
356.830231
356.552124
356.300079
355.310333
354.711792
354.468079
466.111908
462.920563
459.978821
457.007599
485.107086
451.080505
448.043365
445.176941
442.305878
439.521362
436.868225
437.677521
431.564087
428.915131
426.427460
424.125122
421.852509
419.722290
417.811462
415.830750
414.085480
413.221191
410.636719
409.003571
407.487518
406.357513
404.408752
402.993591
401.654602
400.312744
399.002045
397.801941
396.527191
395.375458
394.282074
393.123688
392.061920
390.980621
390.050232
389.073090
387.934174
386.825500
385.871887
384.759003
383.706970
382.757904
381.820435
380.963867
380.237122
379.498444
378.668396
377.970184
376.662445
376.449097
375.801147
375.067261
374.466370
373.794220
373.135315
372.517151
372.000793
371.382507
370.759674
370.280090
368.763245
369.135254
368.605316
367.979889
367.608612
366.712372
366.482819
365.866913
365.159302
364.557678
364.034576
363.529510
363.088593
362.658752
361.251251
361.789459
361.382233
360.994812
360.564850
360.172150
359.789551
359.454102
358.707764
358.703461
358.290344
357.957550
357.713837
357.322052
356.042816
356.600250
356.233246
355.829376
355.621246
355.263916
353.985016
353.502014
252.517441
461.590332
458.396423
560.906433
452.226318
449.355682
485.044037
443.490723
440.603271
444.061096
435.447174
432.837555
430.406952
428.052948
425.766144
423.674561
421.597443
422.478210
417.646790
415.675903
416.867371
412.100403
410.464966
408.763062
407.243439
405.685730
403.983917
402.381134
400.892181
400.122681
397.965210
396.739563
395.480927
394.289001
393.360840
391.919678
390.884674
389.857452
388.852509
387.904053
386.844452
385.787567
384.980164
384.104218
383.306915
382.518524
381.643799
380.833435
379.632019
379.367889
378.520233
377.855652
377.072327
376.217346
375.332123
374.491913
373.777039
372.854004
372.475342
371.848328
371.259735
370.618835
369.947388
369.384796
368.825775
367.632721
367.747894
367.166260
365.107819
366.303253
365.820221
364.070618
364.839478
364.437897
363.871887
363.469269
363.046722
362.554535
362.155182
361.613953
361.079376
360.476074
358.508606
359.528015
359.166656
356.692200
358.457642
358.150848
356.536377
357.378235
357.126312
356.844513
356.588745
356.242798
354.730072
355.630066
355.471313
355.122406
353.958893
353.464600
465.344696
462.337494
459.372162
456.192078
453.032928
449.951843
446.875702
443.909821
453.543732
438.371094
435.757904
433.209778
430.783112
434.518982
426.057281
424.028870
422.079437
419.851044
417.878296
415.927399
414.164520
412.397217
411.985229
409.120789
407.591980
406.031708
404.512573
403.070343
401.544098
400.001343
399.040314
397.261993
395.910431
394.968506
393.596100
392.439941
391.493958
390.238678
389.211761
388.284180
387.253998
386.327454
385.478119
384.587738
383.631653
382.820404
381.965942
380.528381
380.505646
379.708923
377.993500
378.233978
377.505280
376.499176
376.040833
375.156494
374.313690
373.598572
372.933777
371.776794
371.651306
370.059906
370.368103
369.833557
369.208405
368.687256
368.204468
367.625092
367.147247
366.640625
366.110626
365.668060
365.158691
364.159393
364.275513
363.836456
363.378479
362.965515
361.832153
362.067596
361.715942
361.335632
360.937714
360.349976
359.766418
359.242096
358.799896
357.885620
357.891693
357.576691
357.309967
356.865845
356.551575
356.117004
355.783264
353.533264
355.252075
354.855988
351.187073
353.451660
465.200500
629.254028
458.844269
455.821960
453.915985
450.003326
446.999939
444.173920
441.437561
445.021362
436.162018
433.368317
440.616028
428.383484
426.078918
430.119415
421.807709
419.751038
419.551086
415.940308
414.218414
412.437103
410.866241
409.185760
407.651825
406.163422
405.795715
403.317627
402.056885
400.725861
399.336548
398.231293
396.886322
395.669861
394.374969
393.022308
391.867157
390.778900
389.837311
388.626404
387.611908
386.672516
385.713715
384.849457
383.953339
383.215424
382.302612
381.479004
380.704773
379.920135
379.084625
378.429504
377.603180
376.958618
376.337402
375.676056
374.988190
374.336182
373.507568
372.696686
372.007141
371.395142
370.792297
368.856201
369.702240
369.100128
368.215240
368.025116
367.570313
367.076111
366.521301
366.043762
365.602325
365.124237
364.090118
364.268921
363.855194
361.524963
363.032776
362.555206
360.562225
361.774475
361.278656
360.430359
360.149323
359.762787
359.315369
358.910461
358.588257
358.181549
357.915466
356.475037
357.162659
356.762207
356.419708
356.107849
355.856537
355.518707
354.327850
354.080841
465.585327
462.241852
459.327240
487.052979
453.408752
450.537872
447.670227
444.796783
447.323029
439.259094
436.611694
434.015289
431.447571
428.801453
426.265564
423.964478
421.719360
420.821136
417.548248
415.635437
413.816254
412.007782
412.256317
408.615997
407.054443
405.727295
404.016205
402.514008
402.003540
399.767822
398.388153
397.647797
395.969910
394.828186
393.656372
392.553070
391.501404
390.425049
389.421967
388.522430
387.397034
386.466797
384.740936
384.220154
383.250916
381.917542
381.440643
380.653656
379.877747
379.107208
378.265320
377.581055
376.828217
376.101471
375.391541
374.691315
373.765839
373.422150
372.837036
372.216919
371.664856
371.082306
370.481598
369.965942
369.430878
368.831573
368.366516
367.767883
367.016724
366.732788
365.996033
365.358307
