-1.389014
-1.839195
-2.222827
-2.559094
-6.966243
-3.132327
-3.372594
-3.636019
-3.825951
-4.016604
-4.190047
-4.348774
-6.302683
-4.623253
-4.738802
-4.855198
-4.936879
-5.028831
-6.998578
-5.177446
-5.235876
-5.292089
-5.346175
-5.394259
-5.422574
-5.464295
-6.012592
-5.512858
-5.525601
-5.544901
-5.566903
-5.573055
-6.219252
-5.578342
-5.585396
-5.592027
-5.562106
-8.745583
-5.570698
-5.576373
-5.603718
-5.540403
-5.537502
-5.515778
-5.506650
-5.500926
-6.660195
-5.444962
-5.426926
-5.407082
-5.379382
-7.255865
-5.330909
-5.314128
-5.282747
-5.256527
-5.228220
-5.201190
-5.182318
-5.149916
-7.447523
-5.092793
-5.063332
-5.049741
-4.991340
-5.837051
355.065887
-4.896884
-4.860909
-4.833076
-4.794071
-4.758473
-4.727132
-4.693915
-7.805080
-4.622406
-4.573306
-4.739515
-4.507363
-4.702039
-4.445531
-4.409898
-4.374765
-4.335147
-4.295437
-4.236855
-4.218297
-4.185819
-4.149039
-4.112501
-6.557453
-4.924340
-3.998188
-3.955171
-3.913480
-3.878639
-3.815559
-2.403535
-2.331452
-0.752019
-1.394355
-1.846900
-2.231953
-2.561826
-5.017344
-7.111677
-3.389779
-3.628144
-3.876494
-4.019514
-4.194330
-4.348747
-4.482260
-4.620873
-4.739240
-4.847422
-4.941619
-5.025357
-5.510452
-9.171135
-5.235411
-5.292890
-5.721789
-5.395291
-5.426191
-5.467334
-5.487011
-5.514688
-5.533611
-8.547825
-5.577591
-5.586185
-5.615730
-5.586915
-5.589867
-5.596744
-6.774997
-5.583879
-5.572965
-5.572848
-5.544405
-5.549132
-5.542078
-7.205737
-5.502218
-5.493509
-5.469761
-5.446042
-5.432137
-5.410552
-7.169008
-5.356813
-5.342643
-5.317161
-5.285205
-5.258795
-5.237469
-5.701952
-5.182974
-5.148153
-5.115327
-5.088940
-5.062840
-5.028827
-7.918922
-4.975642
355.069672
-4.996701
-7.824637
-4.838430
-4.801393
-4.805820
-4.739099
-4.711346
-4.652810
-4.637542
-4.588947
-4.561944
-4.519343
-4.482544
-4.448536
-5.451297
-6.050525
-4.336596
-4.296633
-4.237996
-4.219916
-4.187322
-4.137325
-4.119993
-4.073327
-4.042467
-3.985893
-3.955820
-3.925638
-6.029684
-4.384538
-2.412080
-2.394208
-0.729084
-1.364534
-1.820699
-2.188499
-2.532074
-2.829313
-3.105710
-3.359883
-8.544849
-3.812311
-8.824553
-4.256532
-4.330367
-4.842443
-4.612933
-4.722673
-4.845889
-4.936151
-5.018954
-5.105206
-5.172438
-5.235440
-7.486198
-5.341465
-5.389555
-5.421480
-5.456165
-6.238935
-5.505004
-5.529938
-5.548131
-5.570414
-5.578729
-5.591335
-5.583328
-5.594049
-6.393598
-5.584270
-5.583588
-5.574591
-5.581215
-7.319626
-5.545554
-5.538929
-5.516822
-5.505640
-5.496241
-8.899528
-5.444006
-5.420580
-5.531562
-5.376410
-5.352879
-5.332084
-5.303733
-6.774692
-5.260011
-5.229942
-9.319083
-5.177837
-5.151103
-8.707310
-5.097287
-5.063154
-5.485725
-4.995165
-4.974030
355.066254
-4.904657
-4.854679
-4.824442
-4.802896
-8.371685
-4.727883
-4.707070
-8.711815
-4.627898
-4.586707
-5.916971
-4.524288
-4.480795
-4.450490
-4.416277
-4.377176
-4.339423
-4.299816
-6.322823
-4.239287
-4.186687
-4.156730
-4.124508
-4.073491
-4.030725
-3.982205
-3.947193
-3.921636
-3.872273
-3.812226
-3.600639
-2.333412
96.234970
-1.365901
-1.804471
-2.357246
-2.521118
-2.818945
-3.103681
-3.342609
-3.594895
-3.793603
-3.993683
-4.167221
-4.630786
-4.461987
-4.595554
-4.713503
-4.831016
-5.807468
-5.011769
-5.088266
-5.162484
-5.218029
-5.277877
-8.272370
-5.368600
-5.413996
-5.460833
-5.479013
-5.509265
-5.527095
-5.552449
-8.200247
-5.572962
-5.582668
-9.990133
-5.583890
-5.592714
-8.473579
-5.584490
-5.571230
-5.664851
-5.554336
-5.559180
-5.536976
-5.520409
-6.799332
-5.490544
-5.466928
-9.581864
-5.421154
-5.409705
-9.170213
-5.354914
-5.334173
-5.920048
-5.273704
-5.248932
-5.231171
-5.204003
-5.175036
-5.142211
-5.109166
-6.345258
-5.058469
-5.020275
-4.988253
-4.963593
355.073303
-4.893196
-4.862602
-4.834837
-4.799098
-4.770085
-4.736434
-5.298728
-4.648097
-6.977839
-4.586584
-4.549526
-4.469073
-4.476520
-4.440518
-4.409720
-4.374588
-4.330004
-7.243238
-4.247272
-4.218564
-4.228228
-4.145317
-7.256109
-4.080833
-4.030008
-4.185800
-3.951974
-3.912633
-3.876214
-3.818144
-2.407989
-4.068707
-0.717267
-1.356188
-1.815140
-2.177311
-2.514753
-2.814068
-3.095854
-8.908612
-3.592402
-3.798125
-10.039746
-4.168362
-4.323995
-6.753277
-4.602452
-4.724770
-4.830302
-4.923399
-5.009306
-5.084296
-5.152888
-7.854846
-5.271455
-5.324592
-10.058484
-5.412274
-5.458329
-8.655555
-5.506470
-5.527756
-5.665665
-5.568321
-5.574477
-5.588682
-5.585316
-6.803458
-5.595029
-5.580086
-9.773133
-5.571032
-5.577083
-9.480445
-5.549843
-5.533124
-5.515580
-5.506644
-5.495134
-8.717530
-5.451103
-5.428100
-5.505587
-5.383514
-6.697607
-5.345320
-5.310071
-5.287801
-5.263125
-5.236690
-5.202788
-5.183137
-5.147183
-7.124413
-5.091713
-5.057731
-5.022529
-4.989017
-7.107835
355.065369
-4.900095
-4.869063
-4.830084
-4.796489
-4.765413
-4.733388
-4.707821
-5.538207
-4.622707
-4.582322
-4.562026
-4.515928
-7.822889
-4.448099
-4.413218
-8.276833
-4.332736
-4.287207
-8.080278
-4.226774
-4.179556
-4.979474
-4.111722
-4.062576
-4.021969
-3.985415
-3.946203
-3.922400
-3.872382
-6.927773
-2.409788
-2.340711
101.063873
-1.354603
-1.798706
-5.652102
-2.517171
-2.819020
-3.104795
-3.344666
-3.585947
-3.799942
-3.995076
-6.890670
-4.322745
-4.470860
-10.013981
-4.720631
-4.840179
-8.898693
-5.014634
-5.103445
-5.164283
-5.224729
-5.287919
-8.026924
-5.389840
-5.413353
-5.460314
-5.481860
-6.178862
-5.522628
-5.545455
-5.561504
-5.567785
-5.581339
-5.570945
-5.578938
-5.591813
-6.741236
-5.580740
-5.565807
-5.571045
-5.553140
-6.747489
-5.537632
-5.519425
-5.494753
-5.485927
-5.465793
-5.439710
-5.412759
-5.406775
-5.679931
-5.350830
-5.334911
-5.302872
-5.282392
-7.703990
-5.225065
-5.205601
-9.348214
-5.144464
-5.113811
-8.371980
-5.062758
-5.019100
-5.229044
-4.962008
355.079498
-4.883962
-4.851210
-4.825603
-4.793975
-4.759115
-8.554592
-4.687863
-4.650652
-8.578220
-4.580901
-4.552559
-5.418128
-4.477599
-4.441201
-4.407822
-4.376336
-4.330796
-4.297493
-4.264094
-7.164138
-4.187444
-4.143301
-8.233058
-4.070165
-4.025521
-6.221100
-3.948764
-3.911220
-3.865204
-3.808520
-2.400486
-3.824221
-0.712828
-6.392565
-1.814702
-2.192583
-2.808697
-2.842673
-3.116863
-3.362998
-3.606998
-3.809019
-3.991900
-4.166435
-4.319555
-5.248026
-4.599310
-4.714934
-4.828571
-4.926094
-5.731650
-5.093057
-5.160741
-5.221681
-5.288493
-5.344513
-9.053751
-5.430633
-5.472104
-5.546921
-5.477940
-5.478996
-5.503675
-5.538445
-7.231573
-5.601594
-5.594872
-10.009679
-5.616128
-5.578618
-8.474544
-5.584481
-5.585819
-5.678379
-5.570401
-5.573497
-5.544348
-5.502218
-6.572227
-5.419348
-5.392247
-9.369530
-5.372426
-5.350743
-9.384090
-5.313533
-5.277341
-6.207226
-5.239343
-5.227264
-5.196764
-5.160707
-5.126638
-5.094796
-5.067794
-6.070306
-4.975619
-4.887480
-4.798043
355.208893
-4.814144
-4.774192
-4.808678
-4.813783
-4.795138
-4.777156
-4.783322
-5.554942
-4.705721
-7.038458
-4.598280
-4.481613
-4.414611
-4.348133
-4.313128
-4.289258
-4.225147
-4.168403
-4.110156
-4.097062
-4.053443
-4.211030
-3.999010
-7.094825
-3.919953
-3.850997
-4.090320
-3.805120
-3.770380
-3.714397
-2.309019
-2.228491
93.694397
-1.393098
-1.819224
-2.235819
-2.544888
-2.849455
-3.125456
-3.377450
-5.300482
-3.828519
-4.022185
-10.087158
-4.359593
-4.507661
-7.465101
-4.772482
-4.898563
-4.997069
-5.089954
-5.169462
-5.234292
-5.292401
-7.685582
-5.397136
-5.438468
-10.085201
-5.515120
-5.545804
-9.059759
-5.585409
-5.603376
-5.913723
-5.606516
-5.587541
-5.571789
-5.568412
-6.070977
-5.538658
-5.541477
-9.251828
-5.527250
-5.488001
-5.483433
-5.499431
-5.483396
-5.475567
-5.466646
-5.443226
-5.422928
-5.413743
-5.389658
-5.803086
-5.315176
-6.758473
-5.228369
-5.184911
-5.156233
-5.128896
-5.078369
-5.065221
-5.069962
-5.075425
-8.166910
-5.086267
-5.073756
-5.092126
-5.024505
353.019775
-4.958575
-4.912367
-4.896036
-4.844300
-4.795520
-4.745286
-4.692535
-4.635393
-6.500394
-4.547597
-4.507780
-4.450249
-4.411674
-7.631856
-4.305697
-4.246405
-4.482761
-4.147837
-4.102437
-4.068491
-4.062691
-4.036156
-5.327605
-3.979829
-3.950792
-3.933799
-3.886746
-3.857767
-3.799613
-3.743395
-4.923120
-2.228812
-0.749451
-9.240782
-1.832584
-2.205260
-5.882309
-2.850425
-3.127853
-3.380968
-3.643717
-3.859508
-4.067606
-4.248527
-7.059950
-4.538124
-4.669494
-10.091452
-4.907159
-5.008104
-8.602915
-5.175153
-5.246552
-5.581791
-5.360950
-5.418385
-9.307389
-5.482145
-9.469244
-5.683869
-5.535191
-5.935778
-5.562683
-5.589130
-5.583522
-5.581934
-5.550400
-5.539691
-5.559277
-5.555856
-8.577222
-5.566019
-5.568449
-5.562109
-5.548763
-6.640434
-5.494201
-5.476864
-5.466420
-5.438233
-5.415934
-5.390684
-5.368935
-5.339774
-6.656011
-5.280761
-5.244488
-5.203584
-5.162107
-7.212636
-5.069162
-5.036357
-5.013216
-4.974352
-4.919374
-4.880583
-4.868358
-4.919186
-5.277194
355.056091
-4.934109
-4.894608
-4.855724
-5.765091
-4.802392
-4.770121
-8.714287
-4.693750
-4.693946
-8.324678
-4.616421
-4.560392
-5.078246
-4.467511
-4.431209
-4.377927
-4.339839
-4.331781
-4.302302
-4.267735
-7.454740
-4.165780
-4.110950
-8.116219
-3.936537
-3.878099
-5.978512
-3.817093
-3.776589
-3.734277
-2.309978
-2.228931
-0.757115
-1.393904
-6.152856
-2.287400
-2.552756
-2.976223
-3.136664
-3.383754
-3.632065
-3.836729
-4.029029
-4.213789
-4.373206
-4.513699
-6.748788
-4.759959
-9.207037
-4.943340
-5.022909
-5.386411
-5.180606
-5.251691
-5.310484
-5.376720
-5.432977
-5.482060
-5.529918
-5.562132
-6.283628
-5.605541
-5.628791
-5.642945
-5.648165
-6.318187
-5.617090
-5.611354
-5.602867
-5.589772
-5.600783
-9.001915
-5.580799
-5.556214
-5.654959
-5.528459
-5.514466
-5.494883
-5.488256
-7.441337
-5.418303
-5.401989
-9.586106
-5.347478
-5.319752
-8.805275
-5.271809
-5.245727
-5.529025
-5.208891
-5.188649
-5.158877
-5.123564
-6.648212
-5.021690
-4.970523
-9.032711
-4.928666
-4.900947
351.403687
-4.889781
-4.840445
-5.236494
-4.715333
-4.765386
-4.773550
-4.721687
-4.650843
-4.630944
-4.612989
-5.437369
-4.494222
-4.571719
-4.533709
-4.490085
-4.440308
-4.358220
-4.276935
-4.211399
-4.175622
-4.137516
-4.074549
-4.927663
-3.978121
-6.119718
-3.856461
-3.804654
-3.791855
-3.740895
-3.700672
-2.319005
-2.257457
-0.726188
-7.559626
-1.839919
-2.210178
-2.987402
-2.855684
-8.062063
-3.392661
-3.649400
-4.014246
-4.049471
-4.218351
-4.366779
-4.499588
-4.634329
-7.630620
-4.872837
-4.977276
-5.071974
-5.137937
-5.186740
-5.214938
-5.284319
-5.776103
-5.414719
-5.450228
-5.513174
-5.553022
-5.589612
-6.777206
-5.624392
-5.615055
-5.607730
-5.643306
-5.668351
-5.686879
-5.681144
-8.434655
-5.615786
-5.596591
-9.956696
-5.599333
-5.569452
-8.457401
-5.541370
-5.525072
-5.626649
-5.485252
-5.448568
-5.422458
-5.404329
-6.499335
-5.332675
-5.303698
-9.271677
-5.250358
-5.211612
-9.149391
-5.169798
-5.148003
-5.110860
-5.063431
-5.035706
-4.997543
-4.962219
-8.853401
-5.179523
355.197906
-5.552227
-4.693446
-4.661884
-4.649667
-4.640940
-4.658366
-4.644861
-4.589276
-4.540909
-6.994950
-4.426009
-4.417805
-4.421332
-4.386559
-5.539202
-4.429734
-4.431828
-4.389318
-4.335900
-4.274654
-4.232162
-4.186653
-4.137779
-5.261616
-4.074069
-3.978114
-3.886104
-3.812120
-6.116591
-3.699449
-2.266067
-2.177688
-0.761568
-1.406267
-1.862801
-2.237758
-2.591988
-3.607579
-3.174592
-3.418957
-3.665055
-3.874616
-4.504219
-4.235113
-4.389325
-9.181191
-4.661489
-4.773462
-10.018596
-4.973259
-5.054751
-6.883348
-5.205827
-5.259865
-5.307642
-5.346907
-5.389421
-5.431020
-5.474497
-8.714424
-5.525640
-5.545295
-10.070579
-5.622629
-5.650466
-7.781955
-5.689057
-5.690653
-5.687226
-5.672140
-5.682643
-5.681032
-5.681359
-7.883943
-5.664474
-5.653376
-5.643803
-5.613236
-5.599288
-5.556874
-5.519240
-5.481328
-5.433583
-5.375591
-5.329642
-6.936263
-5.178850
-8.471270
-5.063766
-5.054994
-5.326223
-5.104276
-5.094604
-5.062393
-5.050855
-5.021955
-4.988774
-4.950850
-4.923869
354.555389
-4.827736
-4.787443
-4.769951
-4.748827
-5.947746
-4.682066
-4.640380
-4.580397
-4.535718
-4.408138
-7.333047
-4.314383
-4.283881
-4.284202
-4.206413
-4.218005
-4.243971
-4.227812
-6.196778
-4.327294
-4.303516
-8.348622
-4.147458
-4.141301
-7.161466
-4.065547
-4.020911
-4.195848
-3.926232
-3.834919
-2.409440
-2.296850
1.043641
-1.404436
-1.862282
-9.695698
-2.587508
-2.901665
-9.967168
-3.439018
-3.679159
-5.456208
-4.071895
-4.240256
-4.401128
-4.536751
-4.670638
-4.784537
-4.889520
-6.973053
-5.071943
-5.152002
-5.224332
-5.285454
-5.349513
-5.396502
-5.449957
-5.480469
-5.501254
-5.498365
-5.503771
-6.130412
-5.590927
-8.062702
-5.622058
-5.611348
-5.591949
-5.581564
-5.594646
-5.606611
-5.652420
-5.635242
-8.645286
-5.625978
-5.641074
-5.670444
-5.588280
-8.594785
-5.554844
-5.521657
-5.619501
-5.461568
-5.421569
-5.368672
-5.334533
-5.309189
-7.112640
-5.230085
-5.199646
-5.160875
-5.067017
-5.033228
-5.045400
-5.029622
-8.042109
-5.015862
-4.992107
-9.140570
-4.955848
355.087158
353.009552
-4.836142
-4.802340
-4.749074
-4.711359
-4.649528
-4.552516
-4.474337
-6.941106
-4.424326
-4.377665
-8.385600
-4.344233
-4.283342
-6.549837
-4.205636
-4.262324
-4.299433
-4.222000
-4.163841
-4.177999
-4.111166
-5.626563
-3.992772
-3.954862
-7.964144
-3.877894
-3.839749
-7.174601
-3.665944
-2.223577
-2.168894
-0.754396
-1.403945
-7.532869
-2.222909
-9.548209
-2.981961
-3.147394
-4.474242
-3.646312
-3.855457
-4.050298
-4.234505
-4.385473
-4.535351
-4.675450
-4.799222
-7.493844
-4.999341
-5.085145
-5.161340
-5.214300
-6.317613
-5.328873
-5.369180
-5.405984
-5.428444
-5.494365
-5.495955
-5.489703
-5.473778
-6.204882
-5.573254
-5.616274
-5.634397
-5.642567
-7.584402
-5.600572
-5.573396
-5.574207
-5.555480
-5.543287
-8.953017
-5.478864
-5.418862
-5.573985
-5.378489
-5.402066
-5.398441
-5.380560
-6.186941
-5.345160
-5.288807
-9.142247
-5.248427
-5.252534
-9.304115
-5.207992
-5.211036
-6.345027
-5.190432
-5.165188
-5.134971
-5.102341
-5.068523
-5.029865
-4.958446
-5.640738
355.108490
-4.821397
-4.790475
-4.755881
-4.758909
-4.614042
-4.517745
-4.532791
-4.566832
-4.585633
-4.593606
-6.354199
-4.546473
-6.576271
-4.348994
-4.327922
-4.290385
-4.240345
-4.182869
-4.125428
-4.071974
-3.991063
-3.938826
-3.915798
-3.888591
-4.735888
-3.812973
-6.821023
-3.726709
-3.656275
-3.756584
-2.235728
-2.187769
-0.737280
-1.385913
-1.851203
-9.093862
-2.571197
-2.882069
-3.465435
-3.416751
-3.665901
-3.868469
-4.070262
-5.030939
-4.398409
-4.538725
-4.672195
-4.794923
-4.900114
-7.889877
-5.077209
-5.173015
-5.239595
-5.299314
-5.370424
-5.407017
-5.395043
-7.627764
-5.485164
-5.535642
-10.094604
-5.559661
-5.590621
-9.059639
-5.600177
-5.611624
-5.929783
-5.622395
-5.610964
-5.556170
-5.528659
-6.370669
-5.531662
-5.546119
-9.527513
-5.541702
-5.521248
-9.601629
-5.477984
-5.456784
-6.688767
-5.420409
-5.395833
-5.360442
-5.318823
-5.269369
-6.762948
-5.224663
-6.379206
-5.165041
-5.062345
-5.027532
-5.051602
-5.017792
-4.992115
-5.008444
-5.013186
-4.982597
-4.944168
355.120117
-5.217248
-4.883557
-6.897200
-4.769114
-4.718749
-4.689921
-4.586121
-4.493366
-4.441680
-4.385421
-4.383443
-7.196122
-4.228024
-4.138268
-4.074795
-3.982603
-6.909999
-3.988960
-3.924313
-4.045207
-3.955874
-3.932324
-3.926699
-3.874848
-3.761869
-5.693352
-3.684381
-3.674922
-3.690494
-3.663406
-2.286698
-2.238005
-0.735572
-7.938332
-1.837146
-2.217964
-10.267770
-2.873579
-3.145277
-6.043656
-3.653546
-3.861728
-4.059054
-4.227231
-4.391053
-4.538322
-4.674166
-7.914011
-4.895729
-5.001711
-10.121494
-5.186136
-5.262447
-8.261099
-5.377236
-5.428626
-5.577367
-5.512690
-5.549047
-5.564414
-5.583340
-6.947675
-5.583312
-5.564463
-9.923774
-5.611938
-5.606565
-9.476357
-5.585607
-5.533337
-5.521129
-5.510660
-5.531020
-9.068365
-5.504928
-9.522924
-5.665120
-5.502553
-6.422127
-5.471264
-5.449430
-5.426468
-5.398674
-5.355428
-5.320012
-5.284286
-5.236428
-7.265441
-5.126727
-5.115700
-5.077344
-5.080097
-6.271419
-5.034608
-4.970013
-4.959239
-4.927658
-4.899529
-4.858886
355.110199
-4.862993
-5.847092
-4.848197
-4.839560
-4.810902
-4.799505
-6.845097
-4.714815
-4.679739
-4.628863
-4.574224
-4.504426
-7.962553
-4.328489
-4.288594
-4.513418
-4.190375
-4.101624
-4.001787
-3.962289
-4.712351
-3.814824
-3.848896
-7.678192
-3.855128
-3.844419
-7.754484
-3.800919
-3.759083
-4.937926
-2.298135
-2.204677
-0.735463
-1.391227
-1.849441
-2.230546
-2.561567
-4.929521
-3.347505
-3.401581
-3.634387
-3.839892
-4.028127
-4.217108
-4.361526
-4.510332
-4.644912
-4.764313
-4.856561
-7.473232
-5.077394
-7.319431
-5.213690
-5.243844
-5.307087
-5.366569
-5.419747
-5.455678
-5.491637
-5.521024
-5.553495
-5.550451
-5.549930
-6.821216
-5.549903
-8.887096
-5.572667
-5.583903
-5.686185
-5.554907
-5.552002
-5.529593
-5.517346
-5.495022
-9.329997
-5.504164
-5.491127
-5.782358
-5.461127
-5.425720
-5.399835
-5.374907
-6.076010
-5.363290
-5.345038
-5.343258
-5.325480
-5.298265
-7.771895
-5.211801
-5.132860
-5.085179
-5.100520
-5.077405
-5.051675
-5.026121
-7.919075
-4.957325
-4.843027
351.057068
-4.834648
-4.829694
-6.837408
-4.817635
-4.781409
-4.689566
-4.630025
-4.585136
-4.564938
-4.540398
-6.015148
-4.459292
-4.408164
-8.435113
-4.291367
-4.259690
-7.575006
-4.149941
-4.105852
-4.402453
-3.997251
-3.902489
-3.878218
-3.879486
-4.329826
-3.813226
-3.808185
-4.468119
-3.766692
-3.719691
-2.301591
-2.219584
-0.759232
-1.396281
-1.859208
-2.245831
-2.583696
-2.893011
-3.167502
-3.806311
-3.656995
-5.662951
-4.070003
-4.259722
-4.437943
-4.585041
-4.731444
-4.859591
-4.975393
-5.055710
-8.083971
-5.197758
-5.254593
-5.325796
-5.379065
-7.490704
-5.489913
-5.529084
-5.588912
-5.613555
-5.644137
-5.654614
-5.656848
-5.620766
-7.002985
-5.594498
-5.607296
-5.611368
-5.625348
-8.732014
-5.527526
-5.530680
-5.766395
-5.529863
-5.514141
-9.630493
-5.518038
-5.514806
-6.586742
-5.459701
-5.421808
-5.393143
-5.365493
-5.332281
-5.317444
-5.285734
-8.655225
-5.133630
-5.150332
-9.322865
-5.153036
-5.154615
-6.576742
-5.124220
-5.112518
-5.066091
-4.988624
-5.019330
-5.030857
354.988586
351.834320
-4.940330
-4.866202
-8.969256
-4.813005
-4.793918
-6.973860
-4.687685
-4.665819
-4.595094
-4.550865
-4.474646
-4.420403
-4.329910
-6.848850
-4.202507
-4.144373
-4.224035
-4.071182
-4.035727
-3.976740
-3.953825
-3.935694
-3.892989
-3.848373
-3.817666
-5.734592
-3.819845
-7.376317
-3.724458
-2.305061
-2.621022
-0.769013
-1.411567
-1.862036
-2.252238
-2.599802
-2.900586
-3.181907
-3.438048
-4.287244
-3.906418
-4.108020
-4.289044
-4.440026
-5.615080
-4.716469
-4.836409
-4.949944
-5.053220
-5.140719
-8.721745
-5.292172
-5.338800
-5.437811
-5.447948
-5.500862
-5.531440
-5.572355
-7.882064
-5.602583
-5.604079
-10.102670
-5.628122
-5.634190
-9.148867
-5.613986
-5.591550
-5.862004
-5.539618
-5.551807
-5.549100
-5.562910
-6.189680
-5.547472
-5.561046
-9.428417
-5.554886
-5.541934
-9.477908
-5.497916
-5.470420
-6.126431
-5.398507
-5.333986
-5.267743
-5.248449
-5.259128
-5.222868
-5.221705
-5.975227
-5.134465
-5.072461
-5.114029
-5.090019
-5.111854
-5.066638
-5.053180
-5.036949
355.114044
-4.810852
-4.716641
-5.166019
-4.660992
-6.484735
-4.712269
-4.663507
-4.576667
-4.478126
-4.403944
-4.395956
-4.444744
-4.444186
-7.431212
-4.325504
-4.217910
-4.195244
-4.084719
-6.721268
-4.002703
-3.997319
-4.057596
-3.981935
-3.966585
-3.900228
-3.815746
-3.765209
-5.676503
-3.591620
-3.480012
-2.077564
-2.020122
-0.774586
-1.441757
-1.896979
-3.109810
-2.633284
-2.929491
-10.299969
-3.453129
-3.696699
-6.214236
-4.087843
-4.252359
-4.394940
-4.538062
-4.662504
-4.766574
-4.864549
-8.300723
-5.037450
-5.112532
-10.058808
-5.222410
-5.281627
-8.059851
-5.370833
-5.384343
-5.448861
-5.434371
-5.453973
-5.466709
-5.483517
-7.148657
-5.493536
-5.496860
-9.854096
-5.500715
-5.512104
-9.155025
-5.489710
-5.466387
-5.474596
-5.448597
-5.436858
-8.719988
-5.388032
-5.357534
-5.439735
-5.327447
-6.037577
-5.279332
-5.262357
-5.227567
-5.197929
-5.176629
-5.136585
-5.117633
-5.081811
-7.086920
-5.028891
-5.000225
-4.957400
-4.924123
-6.217274
-4.858740
-4.815438
-4.775875
-4.747295
355.307404
-4.665013
-4.624994
-4.587749
-5.361100
-4.520387
-4.484455
-4.441977
-4.397498
-6.691873
-4.321354
-4.289788
-4.214075
-4.212506
-4.180697
-7.537797
-4.114993
-4.058204
-4.242326
-3.969392
-3.943717
-3.905166
-3.873147
-4.752995
-3.794826
-3.746473
-7.567058
-3.662634
-3.629126
-7.419532
-3.523193
-2.110062
-2.893003
-0.760257
-1.382812
-1.823063
-2.191955
-2.532293
-2.821724
-3.100682
-8.868574
-3.591787
-3.791581
-10.030545
-4.158027
-4.308872
-6.687646
-4.581002
-4.692207
-4.805177
-4.893029
-4.977905
-5.058210
-5.120916
-8.113780
-5.233411
-5.282869
-5.369977
-5.348549
-5.389306
-5.414895
-5.433566
-5.456677
-5.474300
-5.489640
-5.495484
-6.482200
-5.498132
-8.873173
-5.506045
-5.493039
-5.692728
-5.477493
-5.472520
-5.448556
-5.429420
-5.423431
-5.399507
-5.381481
-5.377717
-5.587726
-5.322449
-5.305116
-5.288749
-5.259417
-6.069045
-5.203321
-5.174191
-5.138397
-5.109979
-5.089295
-7.612792
-5.045947
-5.014459
-4.974789
-4.928882
-4.903984
-4.853468
-4.809206
-7.236707
355.267273
-4.687376
-8.813389
-4.629700
-4.599055
-7.315969
-4.514946
-4.473737
-4.484801
-4.386478
-4.341899
-4.306317
-4.250001
-5.528356
-4.159319
-4.130011
-8.118405
-4.069508
-4.027325
-7.557973
-3.945684
-3.917099
-4.307793
-3.848773
-3.805857
-3.766404
-3.732759
-3.683828
-3.648510
-3.610533
-4.442690
-2.148267
-2.061752
-0.753017
-1.370777
-1.818336
-2.187174
-2.523345
-2.811944
-3.095806
-3.339201
-3.585811
-4.258999
-3.976894
-6.872324
-4.314398
-4.446333
-4.570627
-4.687784
-4.799177
-4.885710
-4.974486
-5.052500
-8.478787
-5.170591
-5.226563
-5.296704
-5.316273
-8.331388
-5.385143
-5.406262
-5.497335
-5.445932
-5.462582
-5.481929
-5.484662
-5.490990
-7.176911
-5.489722
-5.499796
-5.466391
-5.469913
-5.461571
-5.456298
-5.437355
-5.918850
-5.409737
-5.380136
-9.528853
-5.361577
-5.327298
-6.604926
-5.286401
-5.267883
-5.232164
-5.199404
-5.181204
-5.152950
-5.118234
-7.862422
-5.059406
-5.032784
-9.197363
-4.974967
-4.934559
-7.297551
-4.879449
-4.835600
-4.823549
-4.773946
355.262054
-4.694711
-4.657765
-6.275242
-4.589903
-4.555316
-8.623495
-4.484092
-4.432796
-7.815725
-4.367103
-4.326917
-4.288797
-4.252517
-4.211993
-7.131565
-4.134226
-7.799917
-4.087636
-4.000681
-4.584280
-3.926101
-3.888112
-3.859367
-3.815037
-3.769587
-3.732111
-3.677810
-3.649439
-5.255140
-3.538977
-2.130997
-2.045414
-0.753003
-2.668909
-1.808460
-2.172189
-2.517348
-2.808290
-3.091510
-3.338955
-3.581549
-3.785865
-4.833694
-4.150972
-4.302302
-4.444277
-4.579985
-7.469915
-4.801896
-4.891037
-4.997084
-5.055274
-5.117383
-8.889119
-5.226662
-5.280591
-5.545709
-5.349480
-5.395258
-5.414242
-5.438374
-6.450197
-5.479264
-5.490682
-9.684410
-5.500060
-5.496223
-9.606933
-5.497323
-5.485956
-6.321115
-5.462862
-5.466714
-5.437143
-5.434146
-5.409723
-5.386168
-5.374863
-8.719455
-5.326512
-5.300135
-9.517245
-5.264365
-5.225477
-7.031514
-5.182352
-5.145368
-5.110790
-5.099870
-5.066769
-6.889967
-5.011645
-7.227427
-4.924737
-4.910495
-4.891853
-4.838415
-4.797458
-4.780134
355.266113
-4.708604
-4.667955
-4.635560
-4.600093
-5.237666
-4.529139
-7.285644
-4.444107
-4.415698
-4.448491
-4.329635
-4.294835
-4.249949
-4.211201
-4.167372
-7.396435
-4.092238
-4.060103
-4.103325
-3.961933
-3.938067
-3.895570
-3.864271
-4.309392
-3.776431
-3.717706
-3.685440
-3.647499
-3.593089
-5.614672
-2.126936
-2.056643
-0.753003
-1.376515
-1.813131
-2.184647
-2.524807
-7.999582
-3.094856
-3.341257
-10.155313
-3.791787
-3.976054
-7.501002
-4.300150
-4.445063
-4.605359
-4.695096
-4.804764
-4.889853
-4.973380
-7.067317
-5.114600
-5.174836
-9.974738
-5.279866
-5.323475
-9.135283
-5.395554
-5.418219
-5.768244
-5.461198
-5.475070
-5.489804
-5.494402
-6.283659
-5.490185
-5.495733
-9.533293
-5.486721
-5.476525
-5.466360
-5.466379
-5.436351
-5.433217
-5.415563
-5.393101
-8.844052
-5.360238
-5.338055
-5.446301
-5.292514
-6.687039
-5.238469
-5.213556
-5.187980
-5.154726
-5.130734
-5.102233
-5.076891
-5.044204
-7.243259
-4.973013
-4.939026
-4.914607
-4.875474
-6.888537
-4.795382
-4.779574
355.256897
-4.694820
-4.660661
-4.625041
-4.584821
-4.544798
-5.500992
-4.479652
-4.415652
-4.398417
-4.352035
-7.438792
-4.278538
-4.245427
-4.376915
-4.164694
-4.138543
-7.896551
-4.049407
-3.997157
-4.745418
-3.932685
-3.892920
-3.855925
-3.811416
-3.771683
-3.717405
-3.681867
-6.920915
-3.598198
-3.548622
-6.208879
-2.048696
-0.756923
-3.451089
-1.818104
-2.187092
-2.527812
-2.819156
-3.100635
-3.340909
-3.586624
-7.150880
-3.975412
-4.155377
-10.016438
-4.445329
-4.573905
-8.370298
-4.797961
-4.887674
-4.972588
-5.045670
-5.109907
-7.913088
-5.219872
-9.039516
-5.309191
-5.350322
-5.683114
-5.402549
-5.425566
-5.441731
-5.458713
-5.476605
-5.481146
-5.491259
-5.478977
-6.675566
-5.493297
-5.474550
-5.473667
-5.457241
-6.096314
-5.441747
-5.440573
-5.415248
-5.390211
-5.375265
-5.360402
-5.331122
-5.301726
-5.581261
-5.267200
-5.239295
-5.205825
-5.187406
-6.670727
-5.110107
-5.094283
-5.070853
-5.041459
-5.011864
-7.670979
-4.941007
-4.915358
-4.926277
-4.833879
-4.798209
-4.776678
355.266602
353.862579
-4.657874
-4.623962
-8.661761
-4.552721
-4.509358
-8.028618
-4.421786
-4.403048
-4.802076
-4.321725
-4.281188
-4.237450
-4.191175
-4.166183
-4.116024
-4.057077
-4.802613
-3.963962
-3.939858
-3.895454
-3.856351
-3.816337
-3.768530
-3.735142
-3.674887
-3.638646
-3.613075
-3.567394
-4.538391
-2.094715
-3.900272
-0.722991
-1.397360
-1.815959
-2.187297
-2.527375
-2.827899
-3.105901
-3.351537
-3.591507
-3.792128
-3.974183
-4.616579
-4.280841
-7.784090
-4.548685
-4.657763
-4.894981
-4.824638
-4.896055
-4.959869
-5.042346
-5.118045
-8.759146
-5.231913
-5.282135
-5.436290
-5.405862
-5.425159
-5.437843
-5.456669
-6.164326
-5.476706
-5.453089
-5.454052
-5.396902
-5.425081
-7.009169
-5.422353
-5.386179
-5.360881
-5.387299
-5.362838
-5.401450
-5.432870
-8.279293
-5.457118
-5.504676
-9.742496
-5.420169
-5.369477
-7.807573
-5.300405
-5.231287
-5.286158
-5.139645
-5.088045
-5.073943
-5.058900
-6.205364
-4.980909
-4.926418
-8.939795
-4.870087
-4.843181
-8.498384
-4.693940
-4.666179
354.627197
-4.612080
-4.603779
-4.616162
-4.552009
-4.530222
-5.295827
-4.494323
-5.508646
-4.403485
-4.327528
-4.258055
-4.182396
-4.134696
-4.108803
-4.090191
-4.067720
-7.506076
-3.997115
-3.953027
-4.050985
-3.893999
-5.399325
-3.837708
-3.841968
-3.865653
-3.838006
-3.801758
-3.756686
-3.675953
-3.608949
-4.092628
-2.081010
-0.724234
-1.386514
-1.835644
-6.596157
-2.549819
-2.857235
-3.223715
-3.384281
-3.629709
-3.820979
-4.004010
-4.178805
-5.545150
-4.486125
-4.614835
-4.732754
-4.838137
-4.932436
-5.009385
-5.090276
-9.013316
-5.201802
-5.252860
-9.989710
-5.331291
-5.355533
-6.954988
-5.403756
-5.398767
-5.406351
-5.426707
-5.469623
-5.495286
-5.518798
-8.513648
-5.497550
-5.489103
-9.835032
-5.517147
-5.499391
-7.968755
-5.486122
-5.460640
-5.465108
-5.402602
-5.391173
-5.368769
-5.333766
-6.755812
-5.285985
-5.248847
-5.389723
-5.141908
-5.120635
-5.101300
-5.085409
-5.046964
-4.975695
-4.940700
-4.903141
-7.265388
-4.807873
-8.713121
-4.805451
-4.776847
-5.475272
-4.755423
355.284637
-4.669002
-4.604927
-4.555551
-4.461659
-4.368524
-4.339150
-5.489017
-4.322297
-4.324419
-4.295932
-4.290293
-5.564444
-4.216973
-4.222908
-4.242517
-4.251098
-4.224382
-4.172808
-4.096939
-4.059960
-4.316952
-3.970286
-3.901236
-3.844331
-3.793458
-5.102506
-3.530845
-3.494797
-7.486850
-3.383280
-1.955662
-5.355973
-0.758098
-1.415542
-2.562622
-2.214590
-2.550679
-2.862063
-3.138754
-3.394655
-3.632092
-3.837890
-9.117568
-4.205258
-4.353542
-10.020915
-4.622728
-4.734629
-7.165872
-4.916265
-4.994188
-5.070194
-5.122152
-5.179136
-5.239270
-5.281219
-7.279853
-5.357192
-5.400382
-5.447170
-5.479107
-5.500537
-5.536613
-5.561118
-5.577266
-5.585950
-5.560277
-5.550726
-6.865431
-5.528310
-8.405422
-5.494316
-5.505434
-5.556521
-5.470510
-5.458217
-5.421227
-5.385374
-5.338101
-5.266830
-5.224709
-5.193845
-5.471976
-5.006133
-8.489691
-5.025886
-5.023545
-5.296994
-4.902901
-4.899662
-4.898639
-4.919151
-4.918495
-7.639710
-4.837452
-4.803607
-4.782871
-4.714252
-4.667860
355.392822
-4.573721
-7.118409
-4.504762
-4.474664
-8.588078
-4.387535
-4.350329
-6.889779
-4.342014
-4.323772
-4.359551
-4.263935
-4.208626
-4.141643
-4.063198
-5.620667
-3.966802
-3.942153
-7.987988
-3.821341
-3.830758
-6.575484
-3.824533
-3.772587
-3.991520
-3.711695
-3.683998
-3.670435
-3.644794
-4.389449
-2.105097
-1.862031
85.758194
-1.397770
-1.843703
-9.009768
-2.548207
-2.843895
-4.447630
-3.392702
-3.629941
-3.838696
-4.019419
-4.191475
-4.767192
-4.474938
-6.211676
-4.707192
-4.819589
-4.908782
-4.980873
-5.063100
-5.114058
-5.171196
-5.215007
-8.416427
-5.275475
-5.300999
-5.369108
-5.364789
-7.570981
-5.425046
-5.455611
-5.478518
-5.473597
-5.475976
-5.466403
-5.461814
-5.461687
-6.952012
-5.448900
-5.435596
-5.435213
-5.411427
-8.245432
-5.400187
-5.421029
-5.477425
-5.435165
-5.398489
-5.360343
-5.325114
-5.301603
-5.731205
-5.248104
-5.237267
-5.186623
-5.114451
-4.996953
-4.873106
-4.776474
-8.271420
-4.713589
-4.680695
-8.794003
-4.655474
-4.620012
-5.941433
-4.551377
355.481689
-4.509231
-4.538482
-4.551180
-4.506629
-4.480061
-6.941985
-4.369426
-4.274008
-8.384230
-4.191362
-4.157487
-6.908721
-3.978271
-3.919320
-3.926212
-3.946212
-3.964329
-6.724519
-3.909088
-6.658253
-3.830451
-3.759206
-3.781585
-3.720363
-3.683526
-3.682100
-3.676540
-3.673071
-3.644391
-3.603048
-2.098222
-3.203370
-0.752689
-6.253516
-1.828650
-2.208320
-2.946093
-2.879064
-3.168950
-3.417557
-3.658231
-3.869466
-4.051152
-4.215168
-4.353972
-4.968241
-4.648454
-4.764652
-4.883492
-4.977689
-6.319860
-5.121218
-5.187788
-5.237761
-5.283325
-5.328274
-8.725024
-5.420962
-5.462481
-5.517598
-5.502968
-5.524863
-5.545651
-5.557657
-7.196183
-5.544846
-5.518104
-9.859155
-5.513753
-5.497701
-8.737384
-5.497239
-5.510263
-5.629809
-5.514421
-5.531136
-5.517875
-5.483585
-6.803464
-5.555638
-5.538420
-9.617684
-5.422969
-5.341324
-9.081336
-5.321429
-5.288516
-5.855813
-5.266636
-5.244463
-5.215082
-5.172209
-5.113975
-5.060289
-5.016608
-5.887326
-4.924953
-4.878942
-4.849597
355.209015
-4.756743
-4.702394
-4.662894
-4.611869
-4.573239
-4.525464
-4.476319
-4.801899
-4.427050
-6.409097
-4.404835
-4.383190
-4.351691
-4.336740
-4.308593
-4.281280
-4.229546
-4.192800
-6.993014
-4.117470
-4.037296
-3.925610
-3.804363
-5.993922
-3.782482
-3.812509
-3.802188
-3.652560
-3.630983
-3.578053
-2.192947
-2.156357
74.727272
-1.404833
-1.860273
-2.236078
-2.583054
-8.653524
-3.172809
-3.427577
-3.932306
-3.890551
-4.083841
-9.930022
-4.408388
-4.542577
-6.079016
-4.784599
-4.901551
-4.983347
-5.066585
-5.132983
-5.166150
-5.228358
-8.360533
-5.350378
-5.395080
-10.069037
-5.472412
-5.504870
-8.462887
-5.535870
-5.548542
-5.660170
-5.562972
-5.569561
-5.566397
-5.572483
-7.094911
-5.560819
-5.559375
-9.814585
-5.479678
-5.485939
-5.492217
-5.497293
-5.490083
-5.477780
-5.516684
-5.512163
-8.371677
-5.489421
-8.919719
-5.408206
-5.342579
-5.679590
-5.327748
-5.272829
-5.262197
-5.229942
-5.206366
-5.178357
-5.139452
-5.074742
-6.557663
-4.926537
-4.877975
-4.860938
-4.821443
354.269592
-4.743820
-4.680905
-4.606696
-4.555424
-4.547680
-4.553618
-4.561710
-4.525195
-5.105533
-4.451210
-4.427389
-4.380649
-4.347074
-6.459836
-4.259006
-4.213750
-4.177192
-4.097492
-4.050398
-7.448267
-3.992777
-3.957964
-4.215786
-3.888755
-3.839541
-3.777525
-3.725840
-4.771940
-3.636406
-3.594568
-6.177283
-2.195029
-0.786239
-8.363320
-1.846914
-2.238332
-3.382473
-2.884521
-3.172652
-3.425467
-3.680819
-3.897866
-4.084292
-4.270363
-5.586610
-4.576680
-4.694752
-4.807508
-4.913043
-4.997158
-5.066004
-5.145862
-5.206525
-5.269373
-5.319881
-5.367097
-7.014710
-5.435390
-7.791927
-5.479152
-5.507774
-5.534755
-5.553282
-5.569045
-5.576178
-5.584099
-5.581228
-5.576619
-5.574334
-5.555525
-6.073333
-5.541860
-8.713376
-5.508368
-5.535213
-5.616425
-5.461013
-5.424375
-5.355430
-5.319334
-5.295381
-8.117084
-5.260281
-5.249964
-5.267870
-5.259656
-5.238832
-5.214390
-5.163282
-5.476402
-5.172134
-5.143153
-5.109344
-5.018161
-4.987361
-6.547709
-4.862307
-4.818454
-4.751147
355.299835
-4.701787
-4.666125
-4.669793
-7.037542
-4.625831
-4.582824
-8.717634
-4.501672
-4.462703
-7.170131
-4.176939
-4.159829
-4.284359
-4.146574
-4.129601
-4.114739
-4.067786
-4.951142
-4.042346
-4.037735
-7.883915
-3.953675
-3.840809
-7.598456
-3.750667
-3.766562
-4.305327
-3.717823
-3.674355
-3.591074
-2.024586
-5.734502
27.736263
-1.412892
-2.613411
-2.245203
-2.586879
-2.909267
-3.178840
-3.433444
-3.676939
-3.886685
-4.092809
-8.689503
-4.402309
-4.540337
-4.709396
-4.771980
-6.298813
-4.952072
-5.012011
-5.084238
-5.160395
-5.210929
-5.266047
-5.326939
-5.377100
-7.242393
-5.453987
-5.482162
-5.488636
-5.502641
-8.326358
-5.537347
-5.559164
-5.639468
-5.582188
-5.585451
-5.598178
-5.596626
-5.604362
-6.185968
-5.588543
-5.548496
-5.494662
-5.397340
-6.462961
-5.384370
-5.405877
-9.408452
-5.438098
-5.485501
-9.373483
-5.450512
-5.403013
-6.076684
-5.257055
-5.288497
-5.298410
-5.232934
-5.185343
-5.165830
-5.126283
-8.268648
-5.064857
-5.030547
-9.167867
-4.957626
-4.924593
353.086578
-4.821029
-4.769384
-4.730117
-4.668409
-4.577200
-4.494373
-4.475117
-6.308489
-4.459083
-4.433834
-4.448890
-4.375144
-4.340422
-4.314378
-4.278991
-4.229289
-4.188715
-4.142523
-4.075109
-5.917772
-3.991869
-7.514390
-3.932047
-3.889192
-4.205380
-3.814059
-3.777470
-3.744140
-3.670680
-3.596604
-2.181650
-2.092597
-0.757142
-2.015274
-1.878783
-2.250285
-2.590090
-2.898680
-3.997493
-3.443068
-3.690770
-3.894164
-4.092993
-4.257720
-8.500478
-4.565868
-4.701514
-4.889702
-4.919969
-5.001905
-5.087369
-5.148812
-7.932625
-5.270587
-5.325998
-10.107504
-5.417986
-5.445726
-8.834247
-5.502704
-5.516975
-5.712451
-5.562992
-5.591544
-5.590580
-5.600095
-6.608871
-5.598158
-5.589920
-9.640375
-5.567967
-5.550945
-9.614367
-5.517459
-5.506853
-6.189259
-5.464851
-5.416841
-5.406492
-5.380792
-6.052111
-5.346084
-5.353076
-9.138534
-5.233324
-5.233483
-9.319639
-5.250153
-5.248112
-5.241922
-5.193744
-5.153549
-5.101079
-5.043610
-5.048123
-5.575118
-5.046380
-6.707917
-4.996119
355.071533
-4.844538
-4.668693
-4.569799
-4.625912
-4.622867
-4.605035
-7.805038
-4.487274
-4.447581
-4.403903
-4.300634
-6.800394
-4.287761
-4.263001
-4.318920
-4.230764
-4.217573
-4.203729
-4.165528
-4.157434
-6.038084
-4.107067
-4.062743
-4.020140
-3.943490
-7.245663
-3.700343
-3.689887
-4.007196
-3.639559
-2.210459
-6.030010
-0.768057
-1.413247
-2.855992
-2.251501
-2.617014
-2.929184
-3.214111
-3.479049
-3.717579
-3.911602
-8.340306
-4.284789
-4.429575
-10.141665
-4.718019
-4.829087
-7.791452
-5.020709
-5.097013
-5.190607
-5.214327
-5.275218
-5.333575
-5.380411
-7.180374
-5.436439
-5.494388
-10.012671
-5.541712
-5.565820
-5.588343
-5.603851
-5.622912
-5.623710
-5.618712
-5.621026
-8.978046
-5.591903
-9.479159
-5.610040
-5.579268
-6.136487
-5.544249
-5.517257
-5.493498
-5.461598
-5.428342
-5.421575
-5.428973
-5.484893
-7.257619
-5.482805
-5.445974
-5.440547
-5.379056
-6.025229
-5.247867
-5.289051
-5.261240
-5.242451
-5.208245
-5.135489
-5.010543
-4.929556
-5.428720
-4.839696
-4.814381
355.233490
-4.701733
-6.559741
-4.634071
-4.627359
-4.612854
-4.623218
-4.644970
-7.758252
-4.501253
-4.337282
-4.444341
-4.247884
-4.249812
-4.244656
-4.226890
-4.981334
-4.130228
-4.097348
-7.813388
-4.049312
-4.017530
-7.805349
-3.832012
-3.810474
-4.579654
-3.826094
-3.853783
-3.851367
-3.815678
-3.597587
-2.117750
-2.179255
75.764397
-1.444994
-1.887499
-9.824979
-2.626945
-2.940836
-5.109284
-3.472663
-3.735515
-3.952180
-4.157184
-4.347948
-4.493411
-4.629532
-6.874532
-4.871449
-4.975604
-5.064453
-5.142519
-5.214797
-5.269993
-5.337937
-5.392427
-5.438513
-5.482909
-5.510914
-6.183191
-5.566297
-8.495568
-5.592202
-5.610611
-5.693957
-5.621143
-5.621101
-5.614553
-5.616272
-5.625451
-9.038822
-5.615314
-5.603503
-5.713973
-5.592878
-9.254892
-5.546340
-5.509002
-5.853426
-5.391445
-5.382205
-5.370383
-5.368555
-5.352188
-7.249672
-5.359245
-5.360347
-5.279008
-5.280519
-5.270051
-5.249285
-5.184975
-8.264086
-5.132157
-5.121201
-9.239209
-5.047486
-5.032679
-7.063018
-4.994493
355.052094
-4.913837
-4.842180
-4.758818
-4.594971
-4.585984
-6.582444
-4.614384
-4.577063
-8.673051
-4.479568
-4.432197
-7.440903
-4.220647
-4.189918
-4.525110
-4.223394
-4.187028
-4.154947
-4.100860
-7.717534
-4.745273
-3.981023
-4.506473
-3.937673
-3.899859
-3.848019
-3.803261
-3.739884
-3.655128
-3.580853
-2.188548
-5.280114
-0.738400
-1.434653
-1.980567
-2.289094
-4.418326
-2.940337
-3.223216
-3.481740
-3.717196
-3.915871
-4.111770
-4.294119
-4.446699
-7.263424
-4.719932
-4.824228
-4.932386
-5.026337
-7.641306
-5.126324
-5.183837
-5.261764
-5.321069
-5.383060
-5.418333
-5.454897
-5.482100
-6.674829
-5.541693
-5.555045
-5.564417
-5.601155
-9.029105
-5.661683
-5.662867
-9.643731
-5.663471
-5.651814
-9.744686
-5.640967
-5.640952
-6.072324
-5.527351
-5.533309
-5.532176
-5.523938
-5.512633
-5.467119
-5.412191
-8.801497
-5.308228
-5.299681
-9.474918
-5.298246
-5.312489
-7.078253
-5.268562
-5.226322
-5.172954
-5.141637
-5.097856
-5.056970
-5.023165
-6.670530
-4.941223
-4.896864
-4.902941
355.193634
-4.799759
-4.770163
-4.746414
-4.691987
-4.653603
-4.613355
-4.585165
-6.968258
-4.557370
-8.056812
-4.523776
-4.488293
-4.772609
-4.355099
-4.191031
-4.149068
-4.189166
-4.164578
-4.160788
-4.169831
-4.091282
-5.034942
-4.098437
-4.062904
-4.020801
-3.936771
-4.528347
-3.770408
-3.666295
-3.574648
-2.081113
-1.964207
-0.758699
-1.452507
-1.903713
-2.895137
-2.645387
-2.960732
-3.254034
-3.503659
-7.032721
-3.949865
-4.130000
-10.147017
-4.459116
-4.596911
-9.264531
-4.843984
-4.963986
-5.472010
-5.141986
-5.223140
-5.284620
-5.348693
-6.315442
-5.445297
-5.484977
-9.703991
-5.543937
-5.576343
-9.862070
-5.637167
-5.642765
-6.514361
-5.711313
-5.715026
-5.698448
-5.695847
-5.714619
-5.709733
-5.719516
-6.748762
-5.662036
-5.655470
-5.629524
-5.604178
-5.571341
-5.538897
-5.509546
-5.404021
-5.401973
-5.405062
-5.392766
-6.674393
-5.392986
-7.663582
-5.368566
-5.373752
-5.343913
-5.292288
-5.231009
-5.166144
-5.118073
-5.062133
-5.037673
-5.021135
-4.991042
-5.324544
-4.952105
352.130402
-4.899958
-4.861837
-4.930460
-4.759619
-4.715798
-4.682381
-4.646664
-4.604712
-7.368061
-4.529429
-4.492071
-4.446547
-4.380583
-4.327724
-4.295411
-4.269355
-4.878940
-4.195532
-4.148507
-4.112252
-4.070642
-4.020918
-5.511023
-3.934052
-3.880652
-3.828116
-3.804463
-3.779977
-3.727323
-3.678535
-4.765859
-2.194271
-0.771554
-9.135664
-1.857391
-2.243017
-7.020984
-2.892041
-3.168008
-3.467759
-3.657917
-3.863148
-4.052463
-4.226630
-6.495763
-4.521240
-4.659553
-10.014956
-4.879900
-4.976790
-9.320939
-5.137662
-5.206017
-5.741131
-5.321913
-5.371028
-5.408093
-5.442557
-5.471859
-5.871809
-5.521962
-6.512482
-5.548581
-5.571127
-5.571914
-5.581216
-5.581979
-5.583111
-5.590228
-5.581708
-8.552732
-5.569209
-5.577417
-5.566699
-5.539693
-7.089745
-5.496325
-5.478852
-5.468483
-5.444346
-5.409766
-5.391538
-5.373224
-5.348229
-6.881065
-5.301730
-5.267752
-5.246287
-5.216257
-7.855576
-5.163132
-5.138960
-5.150366
-5.069879
-5.053054
-5.009141
-4.971562
-4.930360
-5.480953
355.140045
-4.834785
-4.800106
-4.779814
-4.738924
-4.697042
-4.657273
-8.344159
-4.569850
-4.541223
-8.463400
-4.471498
-4.429034
-5.541333
-4.350974
-4.318128
-4.275003
-4.239006
-4.199986
-4.148636
-4.117853
-7.069115
-4.047119
-4.021488
-8.086480
-3.931701
-3.892443
-6.078629
-3.826648
-3.781507
-3.724041
-2.290414
-2.222033
-0.752443
-1.394984
-6.477030
-2.256869
-2.570528
-2.978272
-3.149259
-3.398904
-3.642781
-3.852315
-4.044554
-4.220585
-4.369750
-4.511548
-6.784760
-4.756435
-4.871847
-4.962861
-5.042655
-5.406680
-5.188398
-5.244883
-5.307570
-5.355275
-5.393586
-5.432247
-5.474460
-5.497553
-6.063776
-5.536116
-5.552000
-5.560806
-5.573625
-6.513565
-5.576359
-5.580673
-5.578575
-5.559312
-5.568309
-8.706905
-5.557043
-5.531502
-5.565743
-5.512572
-5.491339
-5.485224
-5.472615
-7.740280
-5.413974
-5.383069
-9.609717
-5.339330
-5.311816
-8.191092
-5.268011
-5.231643
-5.316578
-5.178155
-5.146370
-5.119863
-5.090643
-6.242117
-5.033903
-5.002106
-8.986129
-4.924950
-4.906725
351.369293
-4.821124
-4.784342
-5.352784
-4.714103
-4.680254
-4.645607
-4.617717
-4.550070
-4.524421
-4.484063
-5.464307
-4.413557
-4.367715
-4.335169
-4.300123
-4.261555
-4.216486
-4.175097
-4.129437
-4.086974
-4.059754
-4.009081
-4.467582
-3.930439
-6.042005
-3.842070
-3.800829
-3.777628
-3.729590
-3.665964
-2.266952
-2.189569
-0.745872
-6.714062
-1.850315
-2.224412
-2.651602
-2.863436
-8.064782
-3.399225
-3.644591
-4.027312
-4.041733
-4.214848
-4.363753
-4.510653
-4.642378
-7.163913
-4.865696
-4.953958
-5.031624
-5.119624
-5.184906
-5.240759
-5.299276
-9.245006
-5.388030
-5.419833
-10.029175
-5.484258
-5.515431
-7.200016
-5.539804
-5.560517
-5.561783
-5.568953
-5.563364
-5.565776
-5.575642
-8.165437
-5.560591
-5.547372
-9.888408
-5.524139
-5.512645
-8.232121
-5.480602
-5.464611
-5.516520
-5.429750
-5.403523
-5.381573
-5.358198
-6.697629
-5.310149
-5.283753
-9.375100
-5.218133
-5.198402
-8.804207
-5.140742
-5.114631
-5.077939
-5.044156
-5.018794
-8.153719
-4.943763
-4.915415
-4.958648
355.150970
-5.703544
-4.776064
-4.739925
-4.706508
-4.666402
-4.633667
-4.596312
-4.528118
-4.511348
-6.239285
-4.444123
-4.394323
-4.358672
-4.326372
-5.810811
-4.247457
-4.201515
-4.168006
-4.120838
-4.107437
-4.056421
-4.008890
-3.974189
-4.580052
-3.895720
-3.842739
-3.812706
-3.775818
-6.395406
-3.676752
-2.269168
-2.277658
-0.722008
-1.391869
-8.236133
-2.222896
-2.568957
-3.629224
-3.143187
-3.385496
-3.630214
-3.841859
-4.033270
-4.206611
-4.358753
-9.353114
-4.636613
-4.751183
-9.944741
-4.949979
-5.031969
-6.689488
-5.178344
-5.233356
-5.289001
-5.340965
-5.381531
-5.416666
-5.455525
-8.524946
-5.499824
-5.516161
-10.028755
-5.546328
-5.548376
-8.031339
-5.550079
-5.556170
-5.557859
-5.543712
-5.546814
-7.395041
-5.533356
-8.581736
-5.504579
-5.488331
-5.607371
-5.447884
-5.434147
-5.409075
-5.387944
-5.356711
-5.333186
-5.312221
-5.280930
-5.940435
-5.242589
-5.207259
-5.172707
-5.164850
-5.544283
-5.104754
-5.064210
-5.030715
-5.012811
-4.984224
-8.219385
-4.905607
-4.878189
355.064209
-4.814198
-4.766337
-4.733792
-4.693763
-5.929236
-4.620035
-4.588197
-4.526670
-4.506717
-4.470443
-6.701295
-4.385007
-4.357101
-4.323066
-4.286887
-4.240674
-4.201207
-4.162645
-5.903244
-4.083258
-4.040868
-8.094245
-3.978424
-3.921567
-7.212405
-3.848388
-3.796519
-4.033391
-3.725936
-3.662334
-2.247148
-2.175444
0.781587
-1.408985
-1.850383
-9.685712
-2.556526
-2.856101
-9.938726
-3.388078
-3.627256
-5.320527
-4.024364
-4.198230
-4.358856
-4.495162
-4.627765
-5.715570
-4.860109
-6.853323
-5.031771
-5.113980
-5.175139
-5.234486
-5.288640
-5.333357
-5.379293
-5.408417
-9.201106
-5.469083
-5.492911
-5.648473
-5.528545
-8.009267
-5.557777
-5.563943
-5.573490
-5.556375
-5.566394
-5.551061
-5.549014
-5.537175
-7.903814
-5.513068
-5.508199
-5.489588
-5.466409
-8.928638
-5.442016
-5.412675
-5.696859
-5.355597
-5.344326
-5.307576
-5.278184
-5.258427
-6.294438
-5.199541
-5.171533
-5.149086
-5.116768
-5.089386
-5.054594
-5.015907
-8.059499
-4.958188
-4.917645
-9.054455
-4.862602
355.183411
353.039246
-4.746257
-4.710241
-4.682575
-4.639874
-4.601019
-4.579988
-4.517422
-6.340555
-4.455595
-4.428099
-8.540454
-4.342252
-4.304488
-7.535666
-4.231345
-4.190074
-4.413607
-4.110408
-4.074338
-4.034257
-3.988113
-7.641113
-4.090614
-3.883487
-4.421277
-3.784716
-3.748996
-3.712460
-3.641188
-2.229758
-2.166083
-0.727854
-1.394068
-5.996540
-2.210001
-2.547046
-2.854291
-3.124472
-5.321479
-3.614866
-3.815419
-4.004980
-4.187766
-4.334650
-4.479623
-4.607903
-4.727160
-6.500178
-4.922563
-5.011253
-5.090054
-5.153098
-8.088333
-5.262396
-5.316648
-5.391778
-5.381760
-5.426893
-5.446515
-5.469063
-5.489519
-5.914549
-5.518597
-5.529333
-5.536448
-5.532665
-6.317739
-5.537977
-5.518150
-9.520372
-5.510086
-5.512455
-9.629883
-5.486268
-5.463135
-6.575283
-5.422353
-5.415002
-5.391358
-5.360158
-5.342265
-5.323774
-5.294121
-8.210240
-5.243646
-5.217031
-9.402635
-5.162161
-5.134415
-7.302306
-5.079961
-5.041766
-5.019540
-4.983701
-4.946085
-4.908834
-4.874598
-7.701583
355.182526
-4.763122
-4.833533
-4.696062
-4.655937
-4.622225
-4.591990
-4.562530
-4.497478
-4.479109
-4.437112
-6.096482
-4.363833
-4.323155
-4.288027
-4.256615
-4.527570
-4.173791
-4.137305
-4.083163
-4.062842
-4.025241
-3.975094
-3.944737
-3.901090
-4.266770
-3.820616
-3.784006
-3.740697
-3.702454
-4.762367
-2.233511
-2.154745
-0.730627
-1.393194
-1.824251
-7.272073
-2.553097
-2.844086
-3.144464
-3.373749
-3.617325
-3.817564
-4.007643
-6.975262
-4.337545
-4.478366
-10.024024
-4.719378
-4.836972
-8.863182
-5.003491
-5.087465
-5.442949
-5.203895
-5.258661
-5.310798
-5.349307
-6.255771
-5.424147
-5.448150
-9.717710
-5.487486
-5.505964
-9.751445
-5.526801
-5.532141
-6.510165
-5.530871
-5.536283
-5.517037
-5.517776
-5.508003
-5.508235
-5.479640
-7.028026
-5.467848
-5.448261
-5.427038
-5.416088
-5.389705
-5.363041
-5.346370
-5.325509
-5.293410
-5.265521
-5.246542
-5.606980
-5.192765
-7.502061
-5.131983
-5.101345
-5.084632
-5.035906
-5.003011
-4.983031
-4.949869
-4.905528
-7.698567
-4.850348
355.195496
-4.791686
-4.733730
-8.143750
-4.665431
-4.620490
-4.958020
-4.558677
-4.512504
-4.479136
-4.435760
-4.404849
-5.862281
