615.225342
611.670044
608.195923
605.131592
642.014709
599.478149
596.684998
594.154602
591.540405
589.128296
586.468567
583.937622
586.262878
579.290344
577.122131
574.941528
572.831726
570.792725
571.095581
566.844421
564.911621
563.099060
561.177673
559.499939
557.846313
555.848083
554.265503
552.207458
550.652771
549.066467
547.591431
546.243042
545.137024
543.451904
542.127563
540.882751
539.606628
538.534302
537.249146
536.005554
534.853760
533.694641
532.667053
531.508362
530.449768
529.170837
527.817200
526.748901
525.768555
524.660522
523.806213
522.558228
521.999695
521.055847
520.215088
519.378357
518.535095
517.762268
517.032898
516.263428
514.744019
514.769165
513.984375
513.303650
512.635193
511.695526
511.156921
510.234314
509.435974
508.655884
508.009766
507.261169
506.635529
506.246796
503.830536
504.969604
504.558960
503.804962
503.460083
502.962128
502.558929
502.063843
501.582703
501.147461
500.629852
500.166290
499.749084
499.042572
498.396362
497.780182
495.541992
496.239471
496.239380
495.797180
495.205933
494.808563
494.323120
493.189270
492.794159
618.510742
614.740540
611.436523
608.472534
605.584656
624.295654
630.804810
597.503723
594.838501
592.247375
589.261353
586.531372
583.945313
581.485840
578.989197
576.824951
574.620422
572.473572
570.326294
568.838074
570.080139
564.393616
562.589600
561.116638
559.160400
557.569885
555.814209
554.279236
552.606628
551.147949
550.477661
548.148560
546.701660
545.204285
543.397583
541.996277
540.606140
539.566406
538.059143
536.898865
535.691956
534.453186
533.276306
532.233032
531.182739
530.147827
529.165283
528.124084
527.109253
526.243591
525.270569
524.175293
523.411011
522.498413
521.517273
520.232178
519.270386
518.302368
517.468262
516.700012
515.920227
515.130920
514.412231
513.633911
512.973206
511.120239
511.583527
510.967834
510.304199
508.297699
509.025818
508.431946
507.771545
507.145782
506.632050
506.009125
505.488037
504.996796
504.046936
503.323212
502.690643
502.149170
501.085480
500.106140
500.460968
500.126282
499.529633
499.054077
498.558441
498.155548
497.859650
497.323975
496.993744
496.524323
496.074249
495.660919
493.837708
494.487915
493.577911
492.959442
618.162354
614.103699
610.725159
607.639282
604.772949
602.177673
599.593079
596.832947
619.619446
591.684814
606.776184
587.071045
584.272583
582.892700
579.660828
577.454895
575.160461
573.115662
570.965271
568.848389
566.858521
564.967957
564.949951
560.775452
558.703369
556.963684
555.105835
553.886169
551.776062
550.342468
548.841858
547.332214
545.982056
544.590210
543.244507
541.948669
540.931824
539.541321
538.399292
537.250916
536.040039
535.008240
533.789734
532.772095
531.673828
530.523315
529.244019
527.315125
526.886902
525.930298
524.884766
523.984314
523.080017
522.181885
521.318909
520.146606
519.583496
518.782654
516.243408
517.196716
516.418945
514.126587
514.903259
514.113098
513.284546
512.717957
511.924164
510.995636
510.166016
509.327179
508.537842
507.830353
504.966492
506.601746
506.019989
502.945648
504.798798
504.268616
502.984680
503.068604
502.615784
502.174408
501.654724
501.203247
500.730804
500.252502
498.514832
499.178680
498.758942
498.218964
497.434479
496.855896
496.457062
495.949982
495.652344
495.282410
495.035492
494.484131
492.555115
492.921417
189.078278
614.236511
610.873901
611.211304
605.383911
602.733765
600.099792
597.522278
594.919617
592.047607
589.341980
586.722656
585.091125
581.779236
579.400024
577.315002
575.034790
574.319641
570.780029
568.722168
566.696289
564.730164
562.866516
563.101379
559.289978
557.614563
555.850159
554.190063
552.551147
550.956482
549.111694
547.957764
545.734863
544.303284
543.091248
541.552551
540.280579
539.325256
537.835449
536.666382
535.413269
534.259644
533.184082
532.140686
531.101379
530.354309
529.100830
528.052429
525.905579
526.145264
525.006165
522.948303
522.918884
521.764282
520.698853
519.743103
518.881775
518.054199
517.239746
516.593262
515.762207
514.943665
513.948914
513.509583
512.788086
512.037720
511.429535
510.807709
510.102081
509.468842
508.849823
508.155640
507.511627
506.816956
506.024506
505.351410
503.425476
503.875885
503.082947
502.438568
502.109009
501.597534
501.111816
500.549316
500.078461
497.731201
499.085876
498.703796
498.233521
497.770508
495.106567
496.863708
496.488708
496.035583
495.749359
495.199127
494.756714
494.072571
492.811157
491.295624
617.261292
613.501709
610.336365
607.495667
604.570801
602.037231
599.347900
629.986755
594.250610
591.707703
610.709351
586.917114
584.428772
587.722351
579.698669
577.239990
574.605835
572.371582
570.162659
568.038269
566.062927
566.583435
562.315552
560.302673
560.941833
556.892822
555.190125
555.001221
551.958496
550.580688
549.064148
547.548828
546.094360
544.714417
543.178162
542.172424
540.028992
538.661194
537.029785
536.011108
534.711975
533.146484
532.444580
531.400391
530.304565
529.369385
528.327087
526.650269
526.265808
525.357605
524.395264
523.551331
522.513123
521.831665
520.941589
520.054749
519.261292
518.288635
517.211426
516.182251
515.252380
513.837463
513.574158
512.802246
512.246094
511.560211
510.079926
510.142029
509.438538
508.859222
508.217377
507.477600
506.903687
506.263916
505.750793
504.893524
504.638580
504.062592
503.435822
503.038452
500.614319
501.953491
501.164795
497.781067
499.951569
499.464264
496.229004
498.515747
497.994263
497.076721
497.035614
496.587830
496.181122
495.798157
495.295410
494.872986
494.528229
491.398102
492.994446
492.520538
136.661514
613.495300
609.950012
667.243103
603.942932
601.350769
598.739868
596.108398
593.583374
590.991821
588.522156
594.799683
583.660828
581.244568
589.454407
576.853638
574.517090
577.943176
570.356995
568.327332
566.321472
564.320740
562.308044
562.119812
558.238464
556.503418
554.709351
553.044495
551.905579
550.093140
548.534363
547.110352
545.702087
544.365356
543.018494
541.754761
540.590454
539.670288
538.236206
537.087708
535.883606
534.791199
533.698303
532.351135
530.982422
529.848328
528.737000
527.663086
526.638489
525.758301
524.804138
523.872009
522.932617
521.982300
521.083679
520.241943
518.728638
518.627930
517.765808
515.200378
516.175659
515.396240
513.365723
513.853149
512.985535
511.944916
511.145782
510.363556
509.680298
508.873749
508.212494
507.573822
506.885010
503.907318
505.690277
505.093079
502.121643
504.048309
503.300201
502.381226
502.396515
501.911621
501.427216
500.915070
500.397308
499.767365
499.090210
496.371674
497.919586
497.266357
493.617981
496.195953
495.779877
493.859772
494.949341
494.578674
494.270203
493.827667
492.740540
491.551361
618.396118
890.212402
612.329102
609.668945
610.790588
604.604431
601.991089
599.310608
596.511841
593.753601
590.965881
588.235229
585.409912
584.871521
580.303894
578.039368
575.774353
573.606873
572.516663
569.480530
567.449707
565.531555
563.690308
561.812134
562.468384
558.827942
557.228760
555.882385
554.335327
552.705200
550.838318
548.893555
547.761047
545.708130
544.178955
542.835571
541.655640
540.580811
539.357117
537.948608
536.580688
535.270081
533.779114
532.611511
531.280273
530.308533
529.481750
528.106201
526.926208
524.540771
524.408875
523.579224
521.432983
521.708130
520.712158
519.819458
518.986450
518.220093
517.528992
516.972717
516.295837
515.511658
514.832275
513.673279
513.169373
512.635010
512.108093
511.314484
510.368561
509.445190
508.705902
507.961395
507.359283
506.634705
505.957550
505.028809
504.706543
503.010254
503.651611
503.375732
503.142090
502.774872
502.244751
501.612549
501.144592
500.526276
499.767517
498.933655
498.489441
497.901581
497.515930
494.815186
496.685059
496.177216
495.771942
495.397003
495.161377
494.848907
493.843597
493.519104
222.866806
616.424988
612.975952
610.132751
606.898987
604.181030
601.677490
599.281433
606.144043
594.491882
591.855408
606.833557
586.502869
583.980103
587.683044
579.406311
577.014771
574.946289
572.762695
570.600769
568.390320
565.992065
565.923401
561.772522
559.945557
560.255493
556.397095
554.708191
554.156677
551.281921
549.592712
548.233032
546.609558
545.335571
543.967773
542.737915
542.488037
540.369324
539.335632
537.895630
537.113586
535.853271
534.769470
533.621826
532.508606
531.626099
530.774414
529.901672
528.964966
528.153748
527.371826
526.660095
525.779175
524.820068
524.097595
523.298706
522.459290
521.506226
520.614563
519.751831
518.811890
517.737366
515.645447
515.956787
515.262512
514.375916
513.783875
512.243225
512.301697
511.528748
510.837646
510.088196
509.495575
508.784271
508.261658
507.596069
506.140625
506.422729
505.519409
504.922913
503.975128
501.360199
502.668304
502.048492
501.298798
501.021667
500.461487
500.191620
499.466034
499.084991
497.978729
498.336182
498.119507
497.658905
497.497131
497.135956
496.888062
496.582184
493.102386
494.829102
621.815674
1044.392456
614.447205
611.635620
651.949829
606.342957
603.635681
600.996094
598.399597
595.750977
593.272949
590.693298
595.781738
585.744080
583.369568
589.872742
578.439514
575.875916
577.980408
571.317505
569.080200
567.394836
565.285400
563.213562
563.608032
559.685791
559.682983
556.391785
554.389526
553.091003
551.246582
549.682251
548.159912
546.634155
545.011719
543.309265
541.768494
540.295898
539.018250
537.489746
536.279236
535.227844
533.994446
532.881348
531.797974
531.018677
530.192078
529.308899
528.383728
527.612000
526.832336
526.051086
524.980164
524.145813
523.300842
522.551025
521.652954
520.344116
520.182129
519.552246
518.807800
518.130554
517.547302
516.967834
516.343628
515.434204
514.649902
513.921875
513.297607
512.527161
511.702911
510.560974
510.037750
509.318237
506.296448
508.137970
507.497833
504.707184
506.219299
505.735474
505.118866
504.679932
504.049774
503.454956
502.905457
502.143677
501.417236
500.989655
497.550293
499.351532
498.735687
494.917175
497.722260
497.166656
495.211945
496.071411
495.500366
495.102051
493.927612
493.565002
621.092773
616.819031
734.043274
611.746582
607.824707
606.205505
602.366211
599.511353
596.846619
594.110962
591.676331
589.178772
586.835754
584.533020
587.062622
580.443848
585.064575
576.196838
573.899963
572.179443
569.850098
567.857056
565.961975
563.910645
561.785278
559.960327
558.045349
556.199463
554.784180
552.806152
551.097168
549.583069
548.054077
546.918823
545.334961
543.848267
542.592896
541.212158
539.881897
538.521606
537.188904
535.713562
534.215149
532.875916
531.614197
530.400208
529.347839
528.065674
527.336731
526.439941
524.244873
524.799500
523.951294
522.161194
522.341614
521.433105
520.471130
519.514221
518.598572
517.629456
516.828125
515.691101
515.643005
515.071655
512.384338
513.909668
513.259399
510.848877
512.185669
511.600555
510.878845
510.205811
509.554626
508.632538
507.921356
507.214417
506.470917
505.670013
504.478790
504.077606
503.451813
502.925140
502.389343
501.711060
501.200012
500.721497
499.976105
499.496796
498.828125
498.387817
497.396881
497.247681
495.407379
496.198822
495.545898
494.920624
494.436127
493.975861
492.725739
492.474823
619.928650
962.582520
612.819763
609.922607
612.902344
604.868530
640.270081
600.045593
597.639160
595.953796
592.668152
589.804810
587.231567
584.853943
582.543396
585.806030
578.086365
576.069946
573.970886
572.036011
570.238464
568.420227
566.454529
564.920959
562.724121
560.905212
558.890564
556.921387
554.833130
553.665527
551.429932
549.842773
548.408386
546.736938
545.055481
543.559570
542.233826
540.929749
539.707764
538.445679
536.550842
535.988647
534.618713
533.352600
532.275513
531.015808
529.795532
528.505005
527.389343
526.404419
525.558105
524.736572
523.542664
522.704041
520.503296
521.038391
520.409851
518.186340
518.933899
518.322815
517.633728
516.953430
516.154053
515.427368
514.817810
512.215393
513.476074
512.975098
512.392212
511.997406
511.498932
510.781342
510.074615
509.345734
508.755066
508.126007
507.624237
505.909180
506.261749
505.260468
504.522491
503.935150
502.733063
502.598022
502.087830
501.653717
500.977295
500.413788
500.010956
499.528778
499.037598
497.788239
497.961365
497.539581
497.249359
496.674744
494.433258
495.529144
494.251404
493.762177
622.132996
618.231567
614.831787
611.402893
608.592346
612.849792
602.915100
600.272400
597.449524
594.625244
596.131165
589.229004
586.346863
594.361511
581.660400
579.469360
584.847290
575.320007
573.275696
573.212646
569.065979
567.178589
565.399353
563.742676
562.063904
560.419250
558.578918
558.079712
555.173523
553.304871
552.405640
549.985962
548.522888
547.666565
545.732971
544.481262
543.081238
541.746826
540.485962
539.210754
537.971741
536.906921
535.662170
534.615845
533.502686
532.456604
531.109863
529.895264
528.822144
527.917908
526.868713
526.177673
525.246033
524.219788
523.722900
522.009949
522.152222
521.153198
520.003784
518.914124
517.960449
517.029297
516.106628
514.972839
514.006470
513.277771
512.736084
512.076294
511.935699
511.269165
510.593689
510.000092
508.965942
508.834045
508.353668
507.808899
507.305206
507.045044
504.786530
505.807709
505.007050
504.274017
503.731720
503.071381
502.458435
502.065277
500.171356
500.990753
500.333038
496.797699
499.493530
498.913940
496.351074
498.066071
497.593170
496.899689
496.538544
495.959717
494.608215
494.126251
395.838104
618.593750
615.262756
739.552612
609.095825
606.335571
654.370361
600.710266
597.963196
602.554260
592.655273
589.815796
586.977600
584.364929
581.606812
579.257996
576.917725
577.786499
572.651001
570.649353
568.757324
566.836914
564.982605
563.044556
561.398621
559.835144
558.253540
556.730713
555.182312
553.958252
551.911560
551.170593
548.811646
547.357971
545.830322
544.647583
543.360779
542.038757
540.805054
539.466553
538.260010
536.992249
535.575195
534.679565
533.423950
532.016663
531.182007
529.972229
528.568787
527.389893
526.333008
525.311829
524.092041
522.979126
521.349060
520.498901
519.553650
518.743530
518.108887
517.366882
516.414063
515.759521
513.629700
514.504944
513.801208
510.855804
512.427185
511.895203
510.457001
510.822723
510.398987
509.965851
509.415710
508.947968
508.616730
508.146057
505.924561
506.915619
506.137115
502.755066
504.853729
504.231262
502.403809
503.183533
502.452118
501.884735
501.400635
501.016907
500.376129
500.134430
498.694489
499.430389
499.063965
495.253601
497.948120
497.263947
493.986725
496.047882
494.842773
494.184143
622.269714
618.074158
768.039612
611.526978
695.938110
607.085266
602.898865
607.295410
597.498047
594.993408
592.497070
589.570007
586.676819
584.000610
581.267700
578.815674
580.850220
574.244385
572.268372
570.150330
568.274658
567.687317
564.923828
563.350769
561.760254
560.286621
558.456360
556.743469
554.909363
553.367676
551.920959
549.843384
548.141479
546.812012
545.337830
544.303894
542.767883
541.482300
540.120361
538.902222
537.595337
536.169067
535.054382
533.874329
532.211975
530.851624
529.403137
528.070862
526.953796
526.476563
525.182617
524.349548
522.111633
522.676025
521.917664
519.695129
520.652344
519.983093
519.002930
518.514893
517.430908
516.070190
515.222961
514.222107
513.439880
512.987244
512.416138
511.966217
511.364624
510.729279
509.972870
509.010590
508.576782
508.090179
507.615753
506.930206
506.344116
505.550323
503.908173
504.222229
502.726959
503.323761
502.821533
502.470490
501.880829
501.468475
501.011230
500.527313
499.921082
499.292419
498.697266
497.916595
496.683990
496.450623
494.020935
495.625641
495.374176
494.876190
493.750214
493.382507
621.151733
617.272278
614.397156
731.508850
608.335693
605.390442
605.060730
599.653381
597.058777
594.549744
592.129578
592.232849
587.121765
584.852295
582.529053
580.362244
578.173340
580.288574
573.739807
571.593506
569.529541
567.373840
564.930176
562.878174
561.328613
561.049805
557.020386
554.786743
553.962463
550.944519
549.078735
548.236328
545.817505
544.192688
542.637085
541.237793
539.730896
538.329041
537.200012
536.610413
534.281189
533.062378
531.160889
530.726074
529.755249
528.068481
527.817993
526.626587
525.560730
524.794006
523.908325
523.022461
521.939514
521.404114
520.429443
519.968567
519.213562
518.838013
518.347839
517.639038
516.789124
516.161316
515.537231
514.754150
514.104553
513.482971
512.683655
511.919891
511.134521
510.366425
508.901215
509.084381
508.611481
507.761719
507.529449
507.084442
506.558502
505.938507
505.015167
502.694397
503.850586
502.884888
502.247772
501.617645
499.147247
500.263092
499.744446
499.061310
498.203125
497.575714
497.143646
496.531250
496.363922
494.604614
495.560577
495.085876
494.451691
493.903809
492.810181
492.267670
619.332397
919.603821
612.489319
609.765503
702.872131
604.852478
602.215210
616.550598
597.178528
594.426453
592.105164
589.434326
586.710449
584.264709
581.761414
585.239624
577.376709
575.221558
578.696838
570.845215
568.721375
569.517700
564.978333
562.935181
561.042664
559.216064
557.219971
555.352539
553.486267
552.948914
550.096863
548.812378
547.753235
545.794495
544.243469
543.019348
541.531555
540.320984
538.977234
537.502136
536.110840
534.327087
533.265869
531.341064
530.681580
529.762085
528.901611
528.050537
527.280762
526.508789
525.543945
524.847290
523.937012
523.146729
522.388184
521.299561
521.069275
520.089844
519.033264
518.036377
516.888916
516.362732
515.878113
515.202026
514.713501
514.082764
513.387268
512.287354
511.600861
510.604004
510.065002
509.271545
508.508423
507.711243
506.075836
506.331238
505.686859
505.172333
504.431427
504.032501
501.590942
503.214935
502.723572
502.057404
501.738281
501.232178
500.816345
500.303009
499.252838
499.019318
498.276184
494.391479
496.788239
496.154053
492.662170
495.144043
494.763519
493.676147
493.519836
493.332458
621.107300
616.786926
613.622803
610.818237
607.715393
625.206970
603.685120
599.422913
596.864685
594.409180
591.889771
589.332642
586.886719
584.503723
581.972473
579.844727
577.723022
579.385925
573.399841
573.640320
568.763489
566.781738
564.687561
562.517029
560.524780
558.734741
556.874634
555.167236
553.324585
551.897766
550.251465
549.307495
547.309692
546.426147
544.350098
542.909729
541.488159
539.998108
538.783203
537.399536
536.125732
534.906311
533.482239
532.765564
531.564819
530.721558
529.891724
528.961121
528.014282
526.998779
525.473694
523.754089
522.210632
521.302979
520.697205
520.156372
519.139282
519.166504
518.458435
517.886597
517.073730
516.406677
515.818787
515.013672
512.743652
513.590942
513.012024
509.783813
511.016235
510.119202
508.490906
508.485382
507.854553
507.170288
506.602448
506.062866
505.494843
505.055511
503.613007
504.119934
503.666718
500.164978
502.052368
501.290039
498.509247
500.069031
499.489105
499.016815
498.605591
497.996277
497.496033
496.864075
496.550201
495.913574
495.558319
494.782257
494.787201
494.140289
492.951355
492.515320
620.236938
616.195007
613.197083
610.314514
607.594543
605.308655
602.492126
602.691345
597.517395
603.020142
592.297729
589.488342
586.633728
583.954285
581.439880
579.228943
576.848633
574.758423
576.403259
570.442566
568.429443
566.256348
564.323242
564.134888
560.716370
559.008118
557.071411
554.980286
553.049561
551.380066
549.612183
548.113342
547.171997
545.074463
543.336975
541.860046
540.538147
539.279907
537.912781
536.676270
535.385803
534.282166
532.773132
531.270874
530.708191
529.789124
528.959229
528.125732
527.323303
526.493408
525.783447
525.116028
524.297180
523.507935
521.528564
521.848755
520.729065
518.049316
518.819031
517.997559
516.761414
516.365662
515.704041
514.982239
514.366882
513.635437
512.880066
512.141724
509.694824
510.691010
509.856476
506.639313
508.000671
507.195435
505.305389
505.814728
505.128448
504.504883
503.825195
503.330841
502.783569
502.158752
500.113708
501.057678
500.321014
499.404175
498.734711
498.237488
497.525909
497.082489
496.647675
496.227264
495.950653
495.472473
493.896088
494.623230
491.567444
493.943176
492.866028
492.235779
621.094299
616.963928
613.790710
610.951477
608.048035
605.577209
603.007996
600.402710
601.183411
595.225159
592.951355
590.496277
588.142456
588.517151
583.416077
581.108337
578.491516
576.106995
573.806580
575.398193
569.438782
567.502563
565.636597
563.651306
561.859497
560.216370
558.212097
557.699158
554.865784
553.278687
552.196533
549.414856
547.837280
546.835876
544.749023
543.462341
542.418335
541.025879
539.694092
538.498291
537.409424
537.173157
535.487488
534.224548
532.341248
532.111877
530.834351
528.733459
528.612427
527.805298
526.808533
526.155945
525.253052
524.462463
523.585510
522.632690
521.855469
521.056885
520.088806
519.457214
518.746521
517.598450
516.563049
515.762146
515.030090
514.278687
513.693054
513.375549
513.016724
512.562927
512.163879
511.483521
510.270081
510.127563
509.321899
508.865051
508.455322
507.844879
506.924988
506.351227
505.928345
503.527435
504.709045
503.977356
503.085052
502.140015
499.425964
500.006256
499.147278
498.125427
497.112244
496.091797
495.292725
494.087250
493.127075
490.696838
491.066864
490.144806
488.677643
487.851471
615.521118
611.105225
607.583252
618.638855
601.412964
598.632751
648.482239
593.409485
590.732727
598.654785
586.172363
583.808960
581.674011
579.557617
577.697266
576.023376
574.235840
577.019958
570.731262
568.913452
571.441101
565.332520
563.484741
563.439514
559.159729
557.123657
555.212585
553.431458
551.804932
550.290588
548.796387
548.173157
545.947815
544.711609
543.640381
542.241882
541.034180
540.020142
538.927795
537.791809
536.543701
535.200684
533.821594
532.271973
531.447937
530.598572
529.622925
528.674316
527.674011
526.865417
525.965210
525.228638
524.343384
523.535461
522.670837
521.754211
520.826111
519.221558
518.721497
517.848938
516.973328
516.154602
515.135742
514.713013
514.070313
513.339172
512.645508
511.947510
511.350311
510.696320
509.868378
508.937317
508.412079
507.504852
506.808441
506.183258
504.414642
504.983002
504.344971
503.884460
503.291168
502.767303
500.120667
501.708496
501.146637
500.594971
500.137665
499.633911
499.099060
498.368439
497.286713
497.266266
496.913239
493.191620
496.046478
495.642975
492.206970
494.936493
493.850647
493.012421
619.414612
615.297058
612.259888
609.326904
606.464539
603.714172
600.823486
631.135315
595.434937
592.693665
611.618347
587.857727
585.423096
588.590454
580.643616
578.423218
576.152893
573.969910
571.898560
569.760315
567.774658
568.448975
563.592590
561.342285
559.577698
557.745117
555.867126
554.277039
552.647034
551.105713
549.501343
548.086121
546.622986
545.528442
543.812683
542.809204
541.159912
539.865723
538.653442
537.143860
535.652344
534.451416
533.198303
532.067078
531.072754
530.229309
529.371155
528.391418
527.540527
526.675415
525.736511
524.865845
523.960205
523.376343
522.558960
521.762756
520.744263
519.531738
517.854126
517.696960
516.761902
515.807617
515.181335
514.560608
513.903442
513.327454
511.402313
512.080383
511.471130
508.605286
510.180450
509.530701
507.451782
507.817352
507.198792
506.550293
505.914459
505.416656
504.699707
504.144440
502.924774
503.163177
502.545807
499.265076
501.546783
501.029907
498.054443
500.084503
499.265228
498.298920
497.915070
497.322662
496.917725
496.412537
496.162018
495.889465
495.559631
494.615265
493.963226
493.362061
619.156555
614.942383
611.557007
608.512268
605.601807
602.880371
599.966858
597.104858
594.524170
594.110535
589.418091
595.852234
584.565369
582.348083
580.113831
578.032410
575.898132
573.823730
571.729126
569.716675
571.212219
565.942200
563.856262
561.851807
559.977600
560.081604
556.556274
554.900146
553.256470
551.669617
550.133484
548.784546
547.331848
546.003113
545.019287
543.320129
542.051941
540.627258
538.970825
537.711304
536.448364
535.168457
534.000427
533.081299
531.988708
530.081787
529.901733
528.849304
527.814575
526.940979
525.892273
524.985474
523.937866
522.739136
521.657288
520.679688
518.601746
518.798645
518.004028
515.400269
516.358521
515.537842
514.065186
514.136780
513.424072
512.728333
512.062012
511.222595
510.289886
509.549683
507.950226
508.028473
507.394348
504.317352
506.169891
505.575165
503.040497
504.515320
503.836365
503.370514
502.945648
502.465179
500.192078
501.183746
498.174072
500.114227
499.622070
498.909027
498.846405
498.418060
497.928589
497.482971
497.259308
496.936096
496.497803
496.020874
494.655609
495.260406
494.097778
493.536713
618.761597
692.999329
611.116516
608.085449
605.139954
602.633362
599.979492
597.149109
594.562866
591.963440
592.857300
587.005249
584.513367
582.179016
579.765015
582.845215
575.215881
572.903137
570.493103
568.294067
566.176819
567.343140
562.255310
560.391296
558.975952
557.051941
555.239197
553.611084
551.984619
551.711792
549.004089
547.623901
546.636597
544.961060
543.604065
542.473022
541.110840
539.877441
538.723328
537.079346
535.768616
534.517395
533.395264
532.392578
531.383972
530.500488
528.593262
528.403687
527.472961
525.470825
525.722839
524.897156
523.629517
523.114197
522.206787
521.232056
520.315247
519.301514
517.711243
517.163513
515.588928
515.346741
514.583557
513.873413
513.107178
512.302673
511.624908
510.975800
510.308655
509.603394
508.922577
508.296509
507.476990
507.022247
505.081940
505.838837
505.080261
504.302795
503.538116
503.070770
502.513275
502.082001
501.681030
499.154297
500.713196
500.343384
499.813873
499.579224
499.052704
498.708649
498.364777
497.586975
497.502472
497.122955
496.445221
495.728851
495.314056
493.371124
493.601837
493.089386
618.761597
614.333801
610.953308
608.060608
605.284119
650.278809
599.968750
597.395264
627.388428
592.086670
589.605957
597.719360
584.083557
581.513000
579.074463
576.823669
574.439331
572.420837
570.316589
570.928650
566.190674
564.282959
565.565369
560.547058
558.763367
559.143372
555.483093
553.889038
552.561707
550.874756
549.250366
547.453552
545.921814
545.451904
543.087524
541.740540
540.431091
539.393250
538.171265
536.898926
535.773560
534.710022
533.493042
532.562805
531.470764
530.028198
529.430115
528.267334
527.129211
526.094421
524.617859
523.608521
522.485107
521.579834
520.624695
519.712646
518.971375
518.018860
517.286133
515.916687
515.820435
515.117981
514.510498
513.931091
512.683716
512.689087
512.068359
511.454224
510.869080
510.174805
509.324524
508.496460
507.789001
506.759155
506.496460
505.924133
505.436615
504.812164
502.308746
503.540131
502.995056
502.325439
501.801483
501.243591
498.069366
500.156494
499.529541
498.782440
498.219055
497.617981
497.046082
496.474792
496.057526
495.600281
495.278442
491.969543
494.329193
493.862488
489.361847
492.319580
617.953003
738.650208
610.574951
607.568176
604.895813
602.387268
599.634033
596.935608
594.014648
605.621216
588.852051
586.232117
598.460510
581.631531
579.391296
583.896301
574.891785
572.918152
570.950989
568.866638
566.975159
567.605225
563.210632
563.857544
559.498291
557.805359
555.960754
553.863403
552.078064
550.498413
548.861450
547.420837
545.948975
544.571228
543.112427
542.109985
540.518433
539.185364
537.914429
536.740967
535.632507
534.412537
533.177124
532.026062
530.582031
529.410095
528.213257
527.092346
526.022034
525.153748
524.213867
523.352356
522.349365
521.512451
520.391174
519.764282
518.995972
518.105408
517.419067
516.728394
515.086243
515.174011
514.566162
513.732544
512.958984
511.986481
511.251495
510.477875
509.315369
509.246521
508.645050
505.728302
507.403625
506.776031
504.383728
505.770386
505.269226
504.592834
504.108185
503.682770
503.249084
502.589935
502.060547
501.297119
500.574036
499.583374
499.140442
498.740143
498.172363
497.799255
497.373169
496.854889
496.471191
496.115479
495.677002
495.240295
494.950165
493.892120
493.308624
491.745422
618.946106
615.029419
611.877991
608.644531
605.815857
603.223572
600.484497
597.672241
595.114380
592.615479
590.124451
589.110962
584.798035
590.444824
580.033081
577.592590
575.358704
572.991821
570.874146
568.857178
566.652588
564.649658
565.564697
560.886292
558.933228
556.697449
554.835754
553.215332
551.653564
550.209900
549.148315
547.628662
546.344177
545.121765
543.964844
542.615479
541.671692
540.203308
539.197144
538.171875
537.004883
535.832458
534.625671
533.559265
531.882935
531.247375
529.738464
527.421204
527.459900
526.612915
525.147888
524.961975
524.160095
523.366760
522.609924
521.748657
520.736023
519.694580
518.578918
518.016602
517.140625
514.400879
515.494873
514.603149
512.014282
512.786194
511.888733
510.889282
510.266571
509.443604
508.668030
508.078064
507.359100
506.469910
506.192444
505.223816
505.050446
504.650421
504.064941
503.837128
503.399689
502.978790
502.400909
501.789520
498.850800
500.686249
500.214569
499.832397
499.432678
498.343353
498.794250
498.122345
497.875641
497.316864
496.967377
496.589630
496.397614
496.061584
493.605042
494.466827
621.739502
617.683044
614.306580
689.054199
607.700256
604.811829
602.826538
599.489563
596.908081
594.386230
591.792969
589.041260
589.938721
583.835388
581.411438
579.244812
576.948547
574.757141
572.753845
570.587402
571.965698
566.207947
564.305847
565.085388
560.433105
558.869629
558.276306
555.729248
554.089294
552.384705
550.626404
548.749023
546.891479
545.149536
543.643616
542.023193
540.615417
539.013611
537.731445
536.207703
534.784607
533.512817
532.104797
530.942566
529.871643
528.795105
527.726563
526.568298
525.535095
524.692688
523.812378
523.055725
522.141296
521.334839
520.339172
519.384094
518.499023
517.629700
516.448425
515.633545
514.026917
513.975952
511.523346
512.608704
511.788422
510.838257
510.452118
509.878967
509.586914
509.067841
508.657684
508.354126
507.960938
507.466766
506.601166
506.075165
505.339020
504.705017
503.983032
502.975800
503.456451
503.100159
502.469330
501.937988
501.322327
500.820679
500.230804
499.611237
498.750183
498.383575
497.976868
497.292938
496.887970
495.216797
495.786072
495.214722
491.417206
494.167114
493.040527
489.942749
620.352478
616.104187
632.214294
609.827759
606.792053
603.979126
601.245972
598.487915
595.814270
593.078125
608.425598
587.968445
585.273132
594.907532
580.303833
578.197449
579.964844
573.916260
571.873718
569.601196
567.413086
565.415771
563.591125
561.855530
561.656555
558.554504
556.749268
554.969177
553.374207
551.751953
549.946167
548.335999
546.789551
545.408569
543.964966
542.750183
541.650085
540.044067
538.781372
537.352478
536.114075
534.945923
533.681396
532.597107
531.396912
530.543579
529.672302
528.743774
527.657471
526.511169
525.691772
525.036926
523.050598
522.990051
522.056091
521.195007
520.684998
519.597900
518.513733
517.372131
516.262329
514.416077
514.733887
513.983704
513.163574
512.263672
511.326538
510.570435
509.808777
507.816589
508.461029
507.986572
505.003235
506.814789
506.236084
504.178864
505.010834
504.542633
503.844696
503.579895
503.253906
502.920715
502.497711
500.770264
501.056091
500.290314
496.709045
499.265350
498.622925
496.464752
497.888123
497.376160
496.758118
496.402740
495.903595
495.255157
494.892761
493.857422
493.306244
493.267609
126.654068
616.358276
612.759094
728.387878
606.507507
603.595337
610.814026
597.442932
594.828430
592.167114
589.657104
586.913086
585.756104
581.949463
583.153320
577.301575
574.899048
572.623840
570.552490
568.385071
566.250916
564.056885
562.396240
562.736206
558.784973
557.399719
555.820313
554.212463
553.497131
551.044861
549.434021
548.071838
546.710510
545.347778
544.140381
542.878662
541.432495
540.206055
538.572876
537.279480
536.024170
535.070374
533.872498
532.980347
531.850525
530.913574
529.952148
528.888855
527.931030
527.172180
525.985596
525.065735
523.852051
522.579651
521.634216
520.670593
520.102051
519.569519
519.078552
516.710083
517.314453
516.458069
513.664246
514.754028
514.022034
512.916931
512.578186
511.805756
510.884338
509.663788
508.743744
507.937317
507.136200
504.906555
505.987427
505.363403
502.091827
504.094788
503.435455
501.506897
502.926331
502.621399
502.106140
501.529694
500.788239
498.259583
499.251495
496.895966
498.249359
497.969299
497.658203
497.174225
496.852448
496.248169
495.780396
495.334564
494.907867
494.407318
493.371460
492.163452
619.743042
886.511841
612.045776
608.566040
610.417053
602.626892
599.805542
597.001099
594.202332
591.526062
588.950623
586.476563
584.021484
583.057068
579.099487
576.675720
573.970764
571.627747
571.101257
566.761902
564.347168
562.340515
560.370117
558.383667
558.728455
554.941833
553.172302
551.696045
549.960571
548.563293
547.107849
545.842041
545.268494
543.344849
542.199219
540.880188
539.289429
537.519226
536.082458
534.672302
533.530457
532.617981
531.477783
530.571960
529.530334
528.629578
527.820313
526.600281
525.725220
523.730225
524.061584
523.373291
521.260071
521.282776
520.251648
519.361755
518.404480
517.687256
516.802185
516.082031
515.260803
514.515625
513.875549
513.015381
512.543640
511.800018
511.090851
510.197144
509.358765
508.460510
507.659515
506.938721
506.406433
505.697052
505.122528
504.345612
503.910004
502.411743
502.695374
502.340851
501.866394
501.384399
500.936310
500.378815
499.755493
499.320313
497.048096
498.496857
497.939362
497.605957
497.349091
495.375549
496.313690
495.737549
495.322540
495.146759
494.817200
494.410309
493.185303
492.602905
425.616058
615.238220
611.616699
608.432251
605.457947
658.032654
599.987549
597.200317
595.937195
591.894897
589.402222
604.035767
584.436340
582.127319
583.127686
577.514832
575.068054
572.744995
570.349670
568.203064
566.251099
564.149902
564.686646
560.468689
558.794922
559.058960
555.263489
553.773621
553.430359
550.867310
549.612854
548.220154
546.954224
545.516541
544.012512
542.327637
541.481201
539.769836
538.565063
537.154297
536.295410
535.160339
533.981140
532.953613
531.839355
530.899780
529.825623
528.723572
527.080566
526.454529
524.245483
523.956421
523.073975
521.993286
520.996643
520.139343
519.214355
518.406921
517.461609
516.622437
515.752441
515.025146
513.875427
513.699768
512.916321
512.014709
511.006561
509.942780
509.493500
508.615784
507.864349
507.280701
506.448608
505.658600
505.051971
504.353729
503.661774
503.368439
502.846802
502.361237
501.980560
500.402039
500.868103
500.250183
499.751099
499.394165
498.930573
496.338135
498.358032
498.069702
497.507538
497.167816
496.862701
496.319977
496.071411
494.918518
495.450928
495.054443
490.394470
493.118469
620.520630
971.491943
612.805542
609.872253
617.531677
604.361145
601.628906
598.795593
596.108154
593.319092
590.760742
588.249756
589.098511
583.190552
580.687683
578.246948
575.668091
573.439697
571.333008
568.984741
567.047302
565.011963
563.138306
561.178650
560.466003
557.416382
556.899475
553.888550
552.165894
550.580505
548.894348
547.309631
545.597351
543.804138
542.247681
540.835693
539.503357
538.313843
537.377319
536.127014
534.860474
534.092346
532.873108
532.100708
531.032227
530.056030
529.356079
528.384521
527.507446
526.143677
525.490662
524.270630
523.176758
522.261536
521.279358
520.329712
519.739563
519.012268
518.241394
517.626465
516.901306
516.284912
515.425110
514.249634
514.150208
513.511536
512.781006
511.953705
510.927704
510.072693
509.137848
507.029938
507.823639
507.084167
504.059967
505.864655
505.267792
503.361603
504.142212
503.728851
503.257050
502.659027
502.087494
501.367279
500.665527
499.634674
499.367096
498.945251
495.469513
498.058411
497.923706
494.587799
497.112488
496.538849
495.773560
495.680908
495.354675
494.822540
494.076263
490.408875
669.542786
616.240051
634.414551
609.578552
606.649353
604.112549
601.576782
598.797302
596.118835
593.353943
590.716736
601.980591
585.720032
583.427246
581.272339
578.903442
578.699524
573.809265
571.730530
569.432983
567.156189
565.215149
563.273621
561.161377
559.247253
558.667236
555.679077
554.075623
552.430786
550.953735
550.250000
547.758789
546.127930
544.800354
543.394897
541.983398
540.648010
539.217773
538.049377
537.072388
535.823425
534.841980
533.797546
533.112366
532.223633
530.896240
529.654236
527.243591
527.039124
525.959839
523.689941
523.906677
523.028381
522.173828
521.360229
520.195007
519.215576
518.460327
517.726196
516.908997
516.054688
513.664490
514.404846
513.307312
510.389587
511.628174
510.784271
509.361511
509.619843
508.964539
508.309570
507.589752
507.205566
506.549774
506.129395
504.259216
504.644257
504.042694
503.275146
502.784241
501.973572
501.332825
500.824585
500.342163
499.873260
499.644897
499.245148
497.865845
498.561005
495.686035
497.957184
497.415985
497.057617
496.603485
496.286804
495.675812
495.037689
494.358063
493.267731
492.766083
620.732788
653.116150
614.001892
610.672119
607.477539
604.732239
608.509033
599.134277
596.408203
593.568115
590.880493
588.301636
596.632202
582.675781
579.998901
577.655762
575.127747
572.932434
570.903503
568.767273
569.363342
564.629944
562.692322
563.417480
558.912048
557.211426
556.894409
553.504761
551.638916
549.934082
547.960449
546.346741
544.839539
543.510559
543.098022
541.170044
539.994812
538.616577
537.646362
536.485596
534.853943
534.223755
533.000427
532.421753
531.357849
530.538574
529.344238
528.056580
527.424072
526.022644
525.000610
522.888916
523.621643
522.851990
520.529602
520.971741
520.123474
519.237549
518.386475
517.634155
516.777527
516.033813
515.061829
513.778687
512.902405
511.523407
511.265015
510.505524
509.975800
509.528046
508.903229
507.874451
507.220703
506.378021
504.092041
505.217682
504.568054
504.163513
503.293182
500.919037
501.578247
500.927460
500.288971
499.743042
499.302612
498.832489
498.073700
497.464691
495.431763
495.987640
495.693665
495.380981
495.288086
492.456543
494.862610
494.272919
493.350464
493.005951
491.849365
488.322662
620.289795
616.282471
640.757507
610.083313
607.343201
604.662598
601.988892
599.409668
596.668762
594.229736
606.729126
588.772095
585.853394
595.534302
580.539673
578.053833
580.372131
573.391113
571.298218
569.204224
567.066589
564.978821
563.023865
560.991821
560.749878
557.371094
555.388367
555.000000
551.544189
549.840332
548.075378
546.448059
544.899109
543.604858
542.199585
540.753357
539.769104
538.285583
537.110107
536.071899
534.652832
533.308960
532.042969
530.659729
529.236328
528.318542
527.491211
526.431885
525.477417
524.541626
523.322937
522.586304
521.729614
520.908630
520.231689
519.614258
519.141418
518.107056
517.214661
516.346436
515.253052
514.579102
514.160339
513.690491
512.970459
512.356384
511.510223
510.784027
510.111572
508.767792
508.566925
507.840698
507.186523
506.339020
505.540924
502.943390
503.890533
503.509796
502.624329
502.105621
501.535797
500.893555
500.364777
499.597107
499.411621
498.863800
495.315094
497.531311
496.777222
493.256866
495.575012
494.503845
493.553436
493.254944
492.746033
492.218750
492.066650
492.055573
491.072937
490.567841
120.021156
615.429565
612.309265
740.610779
606.204407
603.560669
615.879395
597.739990
594.919434
592.043701
589.391663
586.722656
584.272400
581.874512
584.135132
577.007141
574.576965
572.218140
569.888000
567.657593
565.496582
563.396423
561.331421
559.012634
556.983276
555.136719
553.589478
551.362671
550.947388
548.192871
546.541382
545.123474
543.871399
542.740662
541.660828
540.630249
539.479675
538.308899
536.786926
535.369324
533.747253
532.427429
530.688232
530.108948
529.141418
528.500366
527.649048
526.590820
525.577393
524.615662
523.631470
522.500427
521.855591
521.197571
520.418945
519.326050
518.088135
517.171509
516.324707
514.055359
514.464294
513.641541
511.168396
512.225037
511.401581
510.059235
509.979614
509.275909
508.772675
507.923920
507.346283
506.810455
505.810608
503.751617
504.057983
503.510773
500.379791
502.378998
501.680511
499.286377
501.012360
500.462097
499.606689
499.152374
498.640411
498.145355
497.669800
494.765564
496.266357
496.010101
495.220917
494.727112
494.315033
493.687347
493.355652
493.007996
492.820801
492.420135
491.284454
488.451111
620.028625
616.106628
615.257690
609.538147
629.631226
603.440125
600.674500
598.034058
595.407288
592.664673
590.242249
587.645264
585.036133
589.360657
580.305725
578.065552
575.761658
573.547729
574.709595
569.357666
566.907837
564.576355
562.379272
560.168091
558.145325
556.450256
554.640869
553.499390
551.140015
549.583069
547.911621
546.536621
545.592407
543.580200
542.098511
540.643005
538.899963
537.257263
535.559265
534.571838
533.388977
532.523560
531.418945
530.552124
529.438782
528.565918
527.494141
526.420837
525.445068
523.769531
523.580688
522.658936
519.965576
520.148193
518.867676
517.511292
517.027039
516.352051
515.648010
514.813416
513.862671
513.059875
512.307678
510.865906
510.914886
510.160187
509.327667
508.704590
507.971466
507.081970
506.492706
505.960632
505.480377
504.890808
504.223053
502.249390
502.028778
498.893158
500.164185
499.738800
499.178894
499.017700
498.689117
498.270996
497.592133
497.191559
496.359619
495.833862
495.499298
494.512970
494.452148
493.963348
493.570221
493.021851
492.377472
492.190247
491.904846
491.414612
490.393738
489.915405
619.377808
615.076782
611.199524
617.594971
604.354675
601.158325
598.004761
595.177063
609.645630
589.776855
587.213318
602.036987
582.070251
579.695679
586.489685
575.471985
573.151672
571.856384
568.986389
566.862732
564.617493
562.413086
562.456299
558.684998
557.001099
557.528076
554.069275
552.507324
552.184814
549.479919
548.042114
546.907776
545.088806
543.748962
542.481323
541.156677
539.802002
538.313232
536.760254
535.725403
534.312622
532.975342
531.755920
530.854431
529.642395
528.687866
527.801941
526.910461
525.777954
524.736511
523.722412
522.674866
521.694580
520.376587
519.730408
518.612122
517.882202
517.096863
516.260132
515.673645
514.904114
514.217468
513.508606
512.805298
512.140808
511.397247
510.848236
508.903839
509.411865
508.935364
508.178040
507.518005
506.766754
505.901367
505.286621
504.648926
502.628784
503.692566
503.132935
502.769501
502.401764
502.130035
501.654694
501.219025
500.509613
500.422638
499.901581
499.488647
498.986725
498.294678
496.689972
496.887360
496.446930
496.000061
495.467590
494.913208
494.420990
493.945404
490.546753
492.387024
619.854980
1044.177002
612.321960
609.140198
662.082092
603.529663
600.664246
598.042419
594.677856
591.935974
589.369812
586.748352
590.676819
581.986450
579.670959
586.248962
575.181702
573.152100
576.112671
569.022339
567.112000
565.777771
563.378967
561.482788
559.549255
557.602295
555.784546
554.366821
552.490784
551.530823
549.607361
548.153992
546.654541
545.371155
543.938721
542.635193
541.341492
539.993591
538.869019
537.429077
536.038025
534.552551
533.329773
532.253235
530.919189
529.930054
528.954102
527.833740
526.802429
525.982117
524.945496
524.024658
522.888855
522.200500
521.272156
520.445801
519.518066
517.654724
517.391479
516.460388
515.587646
514.732544
514.057251
513.400269
512.770752
512.081970
511.395111
510.833130
510.306427
509.722870
509.078888
508.439484
507.890778
507.274353
504.543396
506.109924
505.354523
502.257843
503.971252
503.446716
502.422211
502.600952
502.098846
501.586426
500.989746
500.546539
500.007385
499.685272
496.860931
498.729980
498.152954
494.383820
497.105957
496.344513
494.388397
495.162048
494.708496
494.151276
493.087402
492.690308
619.397400
615.355713
741.820984
609.427307
605.981995
604.465881
600.685791
597.925659
595.284546
592.508545
589.854248
586.894958
584.169495
581.674805
584.018066
576.991394
574.802979
572.762207
570.604980
569.016418
566.706421
564.789307
562.935791
561.130676
559.402161
557.807190
556.054138
554.408203
552.948181
550.822937
549.136658
547.633118
546.174988
545.133362
543.543762
542.237732
540.895874
539.598816
538.474731
537.240540
535.989868
534.873291
533.659851
532.609009
531.455444
530.431763
529.257324
527.382324
526.756287
525.837402
523.346436
523.700012
522.804932
521.237793
521.021118
520.148071
519.338196
518.472168
517.661499
516.937317
516.173157
515.105042
514.493896
513.846741
511.142029
512.413818
511.754608
509.150269
510.337585
509.450073
508.219788
507.675629
506.972412
506.298431
505.719391
505.212189
504.752289
504.205536
503.075165
503.135773
502.577545
501.988922
501.351532
500.711487
500.198212
499.717621
499.158630
498.644958
498.150024
497.594116
496.840576
496.302307
494.243774
495.158813
494.688599
494.116730
493.737305
493.408325
492.270782
491.839447
618.617126
896.493225
611.237610
608.176086
606.538391
602.529297
637.685242
597.362488
594.751465
592.898865
589.643311
586.934753
584.131897
581.540527
579.148926
581.411987
574.449402
572.334595
570.322815
568.283813
566.305481
564.372803
562.601196
563.047974
559.035706
557.409973
557.425781
554.081421
552.441040
551.677856
549.315491
547.696655
545.963257
544.476685
542.969788
541.548889
540.179871
539.054321
537.795166
536.473022
534.725952
534.213562
532.968689
531.766846
530.753723
529.790771
528.767212
527.638184
526.582642
525.619629
524.526001
523.253784
522.185242
521.284180
518.795410
519.366211
518.565979
516.532593
516.936829
516.132385
515.397339
514.681396
513.950439
511.966492
512.643066
512.049927
511.383179
510.716736
509.856506
509.450653
508.817108
507.988190
507.172302
506.507813
505.884094
505.323975
504.798309
503.563293
503.607544
503.146912
502.722290
502.392059
501.098206
501.373413
500.870697
500.287872
499.856842
499.389130
498.732208
498.094086
497.388702
496.415771
496.239166
495.590698
495.209198
494.768127
492.514252
493.877075
492.673248
492.233673
618.903137
614.761780
788.932007
608.518250
605.564453
610.376953
600.029907
597.111572
594.143311
591.278625
588.746277
585.991516
583.488037
591.879578
578.813782
576.580750
581.685974
572.074402
569.976868
569.813721
565.925476
564.067993
562.341919
560.467529
558.677063
557.108154
555.340576
554.842041
551.941528
550.161682
549.263672
546.924500
545.434570
544.656006
542.791565
541.549866
540.127075
538.902588
537.597839
536.619263
535.182739
533.861450
532.956177
531.899475
530.725708
529.709778
528.594421
527.439087
526.075806
525.009888
523.910156
522.908813
521.917175
521.097656
520.263062
519.332458
518.466003
517.568420
516.741516
516.009766
515.188660
514.367798
513.644897
512.892883
510.773224
511.469727
510.809387
510.055023
509.378296
508.346008
507.602478
506.932098
505.793976
505.712036
505.329315
504.744598
504.199371
503.685516
501.960358
502.699493
502.196350
501.738159
501.312714
500.741211
500.261047
499.761780
497.781036
498.288391
497.764374
494.179047
496.832214
496.319946
493.611053
495.499878
495.087372
494.475159
494.331909
493.858582
492.680603
492.265106
396.899811
614.893005
611.509521
735.741760
605.202209
602.236511
650.141357
596.515015
593.741150
597.911072
588.795044
586.219849
583.711243
581.316406
578.872070
578.720886
574.391907
575.231628
570.269531
568.190308
566.101318
564.123474
562.210815
559.985474
557.949585
556.141479
555.933167
552.602356
550.973999
549.636963
547.977173
547.185852
545.007751
543.640747
542.161621
540.886475
539.595581
538.308411
537.132202
535.862000
534.744690
533.566162
532.373230
531.301819
530.125061
528.378967
527.592834
526.404236
525.341187
524.362427
523.354370
522.638916
521.771851
520.909607
519.985840
519.362000
518.513855
517.740417
517.033325
516.321960
515.556824
514.837585
512.691101
513.552734
512.835022
510.030273
511.165833
510.287018
508.808014
508.875702
508.217255
507.546753
506.963623
506.209473
505.598389
505.049835
503.243622
503.656067
502.795959
499.518127
501.511230
500.820099
497.985321
499.291901
498.556702
497.766571
497.310211
496.755829
496.127380
495.682739
492.660461
494.837433
494.500977
493.681427
493.645874
493.216064
492.882141
492.453918
491.346130
490.892731
616.493652
612.430420
725.945984
605.582092
602.622253
599.817505
597.018127
606.920288
591.844849
589.225586
586.836914
584.306885
581.992310
579.609009
577.362915
575.230530
575.920593
570.951843
568.904663
566.871460
564.951721
565.668945
561.112976
558.907349
557.070740
555.269348
553.450867
551.774231
550.208618
548.694214
547.202454
545.585022
544.168762
542.714050
541.277893
540.841492
538.631042
537.371643
535.746948
534.840271
533.581482
531.716003
530.819702
529.523071
528.379395
527.296753
526.130737
525.129578
524.158264
523.250977
522.210449
521.374939
519.507568
519.615723
518.715271
516.325623
517.057800
516.288940
515.054077
514.823792
514.053406
513.266235
512.664917
511.941864
511.226715
510.346497
508.226227
508.622467
508.002899
507.265106
506.657227
506.175659
505.628296
504.962708
504.437012
503.962067
503.403839
502.947418
501.488373
501.825897
501.348602
500.798553
500.313629
499.593414
499.199799
498.591858
498.071289
497.365295
496.625732
496.073608
495.471436
494.896729
494.336456
494.115143
493.653809
493.110382
492.748474
491.581909
491.193024
490.716644
616.504700
612.279724
609.168579
695.679138
603.195740
600.526550
598.018982
595.153992
592.558594
589.951477
587.181641
593.356567
581.741821
579.364319
587.326477
574.724976
572.586243
576.015381
568.391113
566.427185
564.891357
562.609192
560.839722
558.976746
557.274170
557.215942
554.020081
552.352356
551.882507
549.285339
547.723572
546.856140
544.539307
542.861938
541.604065
539.841370
538.525696
537.161499
536.038391
534.813293
533.498108
532.457397
531.263672
530.174744
529.044617
528.067078
527.083069
525.964722
524.922058
524.097229
523.037231
522.192322
521.168457
520.239807
518.936340
517.876526
516.370239
515.995361
515.165222
514.388977
513.632263
512.772095
512.020081
511.262024
510.609375
508.785797
509.298615
508.719818
508.144196
507.511963
505.127014
506.329010
505.661255
504.874054
504.560150
504.007874
503.358673
502.662201
501.795380
500.400452
