598.997314
589.275024
582.958252
573.782837
566.960876
560.545227
554.464600
548.860413
548.027954
538.363220
533.561890
528.853699
524.659607
520.813110
517.390198
514.279846
511.556458
508.750977
506.129578
503.928314
502.155334
499.779877
497.383057
494.667450
492.953156
492.395081
490.847290
490.216705
487.859161
486.201630
483.792358
481.623932
479.279449
476.836884
474.644592
472.439056
470.427887
468.269531
466.180756
464.099670
461.819702
459.841949
457.868439
456.331665
454.846680
453.807251
452.684204
451.411713
450.175842
448.829712
446.968018
446.818848
446.336761
445.185852
443.927734
442.631989
441.567413
440.157196
438.955536
437.973785
436.925659
435.961823
435.075775
434.269684
433.440430
432.574280
431.726288
430.661163
430.151489
429.343048
428.639130
428.009308
427.394043
426.719940
426.261475
425.812866
425.394226
424.943268
424.388245
423.983032
422.163055
422.379608
423.472504
423.197754
422.706940
421.968262
421.188812
420.538544
419.732727
419.055298
418.374603
417.597137
416.899048
416.214966
414.316833
414.921326
414.184052
413.553772
411.620697
411.835541
598.273010
589.074280
580.885681
573.829163
567.003906
560.751831
554.595947
548.824585
553.670959
538.219604
533.431580
528.671326
532.696106
520.118286
516.214844
512.739441
508.462097
504.794006
501.351868
498.182861
495.523254
493.075439
491.598694
488.998322
487.035187
485.501648
484.748535
482.988800
480.845520
479.099579
476.324738
474.172028
472.066345
469.890198
467.944977
465.838867
463.589447
461.452759
459.489777
457.711884
456.044922
454.634094
453.219360
451.907288
450.701691
449.446259
448.359589
446.834229
446.284180
445.238556
444.239838
443.268829
442.249268
441.237000
440.072784
438.815125
437.737671
436.753754
435.803497
434.898102
433.877411
432.844299
432.626678
431.834442
431.133911
430.302582
429.639893
428.945190
428.282928
427.623199
426.908539
426.303070
425.650513
425.039551
423.175232
423.446014
423.062744
422.215485
421.637207
420.994354
420.435120
419.827515
419.181335
418.515747
418.116150
417.530853
417.035309
416.577515
416.109833
415.464966
415.317078
414.264618
414.484680
414.099152
413.798798
413.245361
412.837952
412.179413
410.930603
410.421906
160.948563
588.014587
579.735657
576.628113
565.723633
596.599487
553.522095
548.373291
544.065063
539.067322
534.841919
530.635437
526.592651
522.578918
524.366089
514.975647
511.210632
507.546478
503.859894
500.164215
496.752045
493.461975
491.127075
487.384460
484.690094
482.355804
479.816681
477.588104
476.147156
473.334320
471.245361
469.542725
467.868195
466.147034
464.718628
463.152252
462.139587
460.097931
458.398285
456.290833
455.149780
453.587067
451.786072
450.973236
449.776215
448.612488
447.580994
446.400085
445.286499
444.168091
443.130676
442.108002
441.170715
440.128021
439.283173
438.428619
437.590973
436.702545
435.835968
434.912933
433.834625
432.855957
432.006805
431.103119
430.518524
429.648499
429.474945
428.094330
428.894684
428.484528
428.207123
428.125122
428.465302
428.283508
427.773407
426.967651
426.041199
425.162109
424.314758
423.065247
422.530487
421.533661
420.382355
419.377563
418.382874
417.981049
417.362488
416.933624
416.278503
415.773651
415.245361
414.764343
414.363800
413.900452
413.620392
413.189117
412.747772
412.247772
409.762207
410.789215
598.160522
1065.209229
579.803223
572.205444
637.444946
558.378662
552.001282
550.360535
540.814758
535.466309
530.569458
525.784119
521.358459
517.228271
513.210632
515.312012
506.053802
502.762390
503.767944
496.868744
494.190186
493.240814
490.035278
488.207031
485.916016
483.653320
481.325104
479.724792
477.889954
477.253784
474.016876
472.161407
470.378143
468.461517
466.813232
465.854858
467.657227
463.118469
461.241608
459.280701
457.303833
455.233093
454.485321
453.555511
452.084869
452.824402
451.950897
450.791779
450.035370
452.013489
450.369873
448.510254
448.796539
450.893890
448.907562
446.827728
447.645599
445.566132
443.468842
442.308258
440.264221
439.367950
438.039368
436.891785
435.375092
434.365417
433.770386
433.885101
437.201843
434.207581
431.453918
430.355194
429.579651
429.804443
428.444153
427.086304
426.246979
423.740845
424.517365
425.575989
422.186127
422.934601
421.848663
420.191315
420.783752
420.696564
419.685425
419.825470
418.397064
417.658875
417.059906
415.820892
415.811035
415.583405
412.384277
414.456238
414.011505
410.748505
411.860046
411.177155
674.867371
586.848877
579.335632
572.650940
566.133423
560.084351
559.200195
548.494934
552.690430
538.259094
533.336792
528.632385
524.541504
520.685913
517.330261
514.462097
511.046570
512.754639
504.791473
501.445374
499.310303
496.114105
495.169769
490.895844
488.396667
486.530304
485.841919
484.596924
481.684418
479.399750
476.636810
474.719940
471.807159
469.663391
467.839111
466.034851
464.341980
462.752380
461.209839
459.853027
458.231934
456.755920
454.685394
454.031860
452.598846
451.116364
450.153290
448.900208
447.745453
446.560120
445.370605
444.103516
442.800323
441.716095
440.541351
439.709412
437.503876
438.033997
437.241669
435.154755
435.613434
434.855286
433.955750
433.287445
432.613037
431.961548
431.257050
430.620941
429.974243
429.244415
428.234070
428.446411
428.298798
428.053192
427.608856
426.900726
426.090302
425.246918
424.239960
423.375305
422.691681
422.169891
420.848969
420.807953
418.577606
419.719910
418.918060
418.311584
417.688263
417.053528
416.510406
416.073547
415.586975
415.136322
414.732422
414.259644
413.568970
413.404968
412.376953
411.914490
598.198242
680.899475
581.140869
574.086243
567.149231
560.577087
554.606995
577.303406
545.091797
540.784973
537.867737
533.229797
528.387573
523.890686
519.944824
520.239563
512.364075
509.002319
509.855011
502.709778
499.753265
499.397675
493.798798
490.687347
488.582153
485.533997
482.899872
480.651611
478.369781
476.299042
474.076813
472.253326
470.778900
468.532471
466.881500
465.157410
463.573303
462.020935
460.640961
459.065735
457.432434
455.745697
454.285980
452.850922
451.469727
450.173004
448.485260
447.872437
446.675629
445.584564
444.472565
443.515656
443.366730
456.199799
494.430023
501.838562
504.609161
503.802979
502.321106
501.883881
500.912354
500.069702
499.239166
498.169861
497.789490
497.049255
496.294983
495.651367
495.143280
494.534241
493.905975
493.422241
492.284332
492.210327
491.664978
491.136078
490.580780
488.271301
489.138916
488.227905
487.744080
487.268402
486.585297
486.005890
485.721375
485.278137
484.305969
484.434814
483.900055
483.445251
482.995483
482.584991
482.198303
481.805939
479.206604
481.127197
480.760132
476.711273
478.808868
478.543518
221.500687
596.379761
592.476257
591.434937
586.448181
583.818420
581.054321
578.487183
583.886719
573.681946
571.211792
581.369141
565.947083
561.414185
564.202820
553.660339
551.814514
551.389526
550.050720
548.936035
547.478882
546.351990
545.377869
543.927673
542.007629
541.569275
538.811829
537.304871
535.709778
534.409729
532.904175
531.548889
529.913696
528.395447
527.285217
525.801941
524.631104
523.633972
522.837708
521.754089
520.726501
519.506409
518.230042
516.841492
515.126709
512.907410
511.126862
509.534912
508.032959
507.363617
506.659363
506.464020
507.024994
507.357208
506.715942
506.028168
504.326752
504.693634
503.902069
501.200500
502.267639
501.082275
498.853485
498.545502
497.528717
496.511444
495.675598
494.880707
494.015076
493.158020
491.852081
491.317261
490.634460
487.743561
489.905792
490.102295
488.295135
490.675018
490.481659
489.484711
489.966400
489.644043
489.278229
488.937714
488.777985
488.367798
487.508148
485.733521
485.677246
484.279114
482.863007
481.685303
480.261261
478.865723
477.887085
477.075897
476.661499
476.236359
475.551300
475.190521
600.128113
891.346741
592.503967
589.922180
590.975220
584.574158
582.065796
579.587158
577.242554
574.750000
572.217468
569.209167
566.161499
563.956360
559.940918
556.974426
554.051453
551.352722
550.710754
546.337769
543.837708
541.438904
539.367798
537.747131
537.961060
535.360901
534.604980
533.976379
532.652405
531.660034
530.270203
528.901428
528.185852
526.851440
526.291626
525.335815
524.813232
522.740845
520.226990
519.989258
516.557922
514.775452
512.998596
510.833771
508.987518
507.777740
506.464935
504.395569
502.681427
500.694305
500.162292
499.320770
497.598938
498.700226
496.878998
495.385834
495.602264
494.905762
494.578857
493.947754
492.809540
490.771973
489.039368
486.679718
487.003021
485.446259
483.857361
485.379181
488.283325
485.827393
484.274506
482.581329
480.758850
478.730133
477.614655
476.177979
475.789612
474.833344
474.201660
474.186371
474.517853
474.306122
473.767120
474.283569
473.711548
474.311035
474.098755
473.526245
472.666809
470.505402
468.680084
466.418243
465.565430
465.130676
462.552826
463.004669
462.070923
458.096771
459.725830
458.981934
156.559464
597.572693
591.582092
607.538696
581.527039
577.047363
572.697937
568.641968
564.860596
561.367065
558.657471
566.907471
555.095886
553.471130
558.970886
549.064209
546.926392
547.742432
542.212769
539.897949
537.643372
535.184570
532.474548
529.601440
526.937378
526.061462
521.921387
519.602356
517.266296
515.137329
513.195068
512.103027
512.407166
511.495056
509.227722
507.274384
505.187866
502.872772
500.760193
499.213562
498.248688
497.017395
495.423920
494.265472
493.345764
492.220886
490.699066
489.119812
488.139526
486.622345
485.760315
484.320831
483.237610
481.894470
480.144684
478.875092
477.159668
476.731079
474.901764
473.125366
470.894226
468.589813
466.168793
464.133209
462.425629
460.596649
459.518005
458.583435
457.755890
457.297791
457.217377
458.120728
458.620056
457.037781
458.451447
458.471954
455.612457
457.539429
457.348907
455.170166
455.290375
453.975586
452.951294
451.780090
451.087952
450.430969
449.461731
447.567993
446.901520
445.204132
441.280273
442.752136
441.733765
438.298859
440.018097
439.255646
438.806244
439.411194
439.036743
438.826385
602.846619
596.442627
627.079651
587.433289
607.158813
579.537537
575.709961
571.819946
567.710449
563.917969
560.308044
556.599548
552.824219
548.708496
544.657532
540.703735
537.227295
532.882629
532.173218
525.794800
522.471558
519.262085
516.178528
513.254639
510.823853
508.787109
506.845428
506.412598
504.090729
503.549316
502.609131
501.474609
500.110596
498.748840
497.641632
496.539978
494.785492
493.369385
491.678070
490.014465
488.527618
486.885803
485.386169
484.412659
483.268555
482.130432
480.574280
478.508087
476.350372
474.473358
472.385406
470.833984
468.123596
468.154541
467.162201
465.556824
466.606781
466.411316
466.232544
466.046692
465.355652
464.403442
462.987396
461.577942
460.311127
459.435211
458.411285
458.038391
457.368591
456.573853
455.612915
454.459442
452.950836
451.635376
450.548218
449.407471
448.346741
447.325226
445.637146
445.623138
445.139313
447.343750
449.580322
454.496857
456.684143
462.217102
462.485931
462.464081
461.933136
461.300995
460.635620
461.074371
459.979645
460.337921
460.071381
459.655365
459.440735
458.031708
456.710907
455.330109
601.545532
594.382996
588.708191
584.140625
580.412231
579.124084
580.072021
572.838318
569.290588
565.708313
561.560364
566.655029
554.337036
551.526123
557.241760
547.932739
545.975159
548.502686
541.901978
539.668701
538.841492
536.712830
535.863342
534.035583
531.566650
528.401978
525.760681
523.000000
528.450745
523.392639
523.277466
518.299927
514.155579
513.113770
510.642151
508.625275
506.054871
502.939941
500.790100
497.720337
494.831909
491.818909
491.029449
489.443024
488.281830
489.960968
494.566772
493.833740
491.532471
490.012726
486.448639
483.165283
480.894409
479.057343
478.459106
483.508148
480.943085
477.994171
475.100250
472.991516
471.617706
469.603821
467.903748
466.263580
464.821381
463.614960
462.872070
462.750092
462.118103
462.702087
462.112427
461.706970
461.108093
459.405426
460.110229
459.572601
458.640778
457.711456
460.679932
469.053864
480.311157
474.114044
471.421112
468.920013
469.624054
463.804810
462.670471
460.665619
459.539459
456.704346
453.324829
453.347748
448.581635
440.520538
441.019684
439.335052
436.690796
437.392029
436.868988
436.984650
598.026733
592.049805
587.151855
583.009949
605.583984
575.645447
572.426147
601.498047
566.360229
563.238708
575.362488
555.096741
551.161194
550.274597
543.924316
540.180054
536.344666
532.451416
528.593689
525.845032
521.607117
519.968933
515.366455
512.682007
510.442535
508.752838
507.603607
507.104340
508.218933
508.578888
507.282654
505.706512
502.650543
499.980255
497.915375
497.012726
494.636200
492.159698
490.313232
487.781830
485.516144
483.851013
482.029297
480.160187
478.063599
476.295868
474.158844
472.011292
469.792389
467.908691
466.355042
464.822327
463.256592
462.177551
460.947998
458.758606
459.660217
459.226624
458.223663
458.838501
458.320801
457.987946
457.570129
457.227020
456.700806
455.787537
454.944122
453.883057
452.763336
449.839661
451.037262
450.445038
447.538910
448.383972
447.151764
445.489746
444.584320
443.327515
442.213196
441.207397
440.457764
439.621277
438.815186
437.062683
437.465424
437.140625
436.731934
436.639740
436.594208
436.455841
436.236267
436.056122
436.173920
435.955139
435.930817
434.532227
435.270325
432.398254
433.898926
433.946228
690.356323
596.921753
591.545593
586.780762
582.434692
578.307373
574.022888
569.788818
565.301392
566.443115
557.033020
553.216003
549.478943
546.010376
545.959412
539.166626
535.831482
532.494385
529.665588
526.896606
524.421875
522.165100
520.050720
517.972168
515.558472
513.590088
511.531128
508.664063
507.869751
503.958282
501.913116
500.892151
498.263397
495.785706
493.523834
491.200439
488.514160
485.875031
482.941467
480.397827
478.013184
475.992371
474.114594
472.506744
471.261841
469.801025
469.011719
468.261993
466.621033
467.524933
467.201080
465.918152
465.942963
465.340271
465.065704
464.782104
464.957245
465.259949
464.089050
460.726898
460.243378
458.650177
456.923157
455.702789
454.384613
452.922363
451.443573
449.822510
448.683777
447.624756
446.787231
445.098206
445.801056
447.098907
448.123962
448.006897
447.171265
446.856842
445.900116
445.128113
444.926849
444.158295
443.517365
442.563721
440.968018
438.542023
438.039368
437.014954
436.157410
435.103973
432.084320
433.255676
432.383301
431.591553
431.779175
431.675873
431.549866
431.428040
431.468292
430.947418
599.393066
592.408325
587.353210
582.815491
578.972046
575.443298
571.273743
586.772827
563.781128
559.979431
573.010376
552.460632
548.735596
552.181335
540.741577
536.744019
532.912354
527.794067
523.658081
519.944702
516.528198
515.772156
510.492279
507.770203
507.006348
503.092346
501.105774
500.796021
497.984863
496.712738
495.433624
494.090271
492.982819
491.558136
490.138092
488.404327
486.472534
484.715240
483.388947
482.535065
481.656097
478.901337
476.701447
474.091827
472.565216
471.868073
470.884155
469.471161
469.154083
468.597321
467.834137
467.334747
465.998535
465.850311
464.671173
463.696228
462.834381
462.114014
461.219910
460.798737
460.078918
458.268188
458.360046
457.513641
456.493103
455.357605
455.167603
453.992493
453.401642
451.417908
451.638885
450.247009
446.073761
445.988434
444.586792
441.928925
442.087830
440.991943
440.168152
439.323639
438.612122
438.089783
437.661621
437.322968
437.932495
438.123840
435.971313
438.143158
437.623199
434.533112
436.366638
435.752106
434.668060
434.750000
434.483978
433.947845
433.627197
433.061279
431.724640
430.809753
307.338226
593.176941
586.522949
580.842346
575.576050
570.732483
565.957825
561.545654
557.542786
553.163086
549.170959
545.701050
547.375916
539.812561
545.037720
537.967773
537.430481
537.343567
537.002441
536.544495
534.964417
532.745361
531.556824
529.407776
526.860962
524.501404
521.525330
518.186340
514.618652
510.722412
507.206848
504.335052
500.412567
497.127228
494.416992
491.543793
488.775421
485.813202
483.053925
481.250885
479.501953
477.930420
475.936401
474.342712
472.963806
472.151611
470.339752
469.126068
466.628662
466.185272
464.958740
462.905609
462.990570
461.706238
460.031586
458.435303
456.674042
454.970276
453.525024
452.128571
450.935425
449.874268
447.815277
447.903412
446.954742
444.001129
444.905884
444.165649
442.495758
442.995239
442.567383
442.148560
441.749634
441.391266
439.865051
440.860077
439.041870
441.025452
441.148987
441.416077
441.549438
442.782013
443.507843
442.314850
441.646057
440.744720
439.136078
438.184692
435.951843
435.553619
434.074951
432.975800
431.986633
430.368256
430.208527
429.490509
428.883911
428.351166
427.415436
427.031799
598.360413
591.350403
630.908508
581.125000
576.751526
572.178162
567.623169
586.873718
559.152283
555.126465
551.726563
547.058533
543.242371
547.985107
535.428589
531.606506
529.308716
523.973267
519.934998
517.313049
517.103149
516.804382
517.428040
515.701172
514.807983
510.693573
508.253540
507.088409
503.413879
502.498260
500.935547
498.866211
497.146545
494.078644
492.596741
490.753998
487.826233
485.481140
483.434814
480.312927
478.174500
476.197601
475.543030
473.990814
473.141449
471.676910
469.679840
467.693085
465.363861
463.549561
461.935608
462.000549
461.613800
460.788788
459.785614
458.662140
458.354828
457.860504
457.362396
457.058838
456.220245
455.285767
454.329956
453.171906
451.156158
450.544617
448.686584
446.579193
444.792145
442.421906
442.185913
441.373932
440.588043
439.927185
439.262543
438.690369
438.217224
438.035522
437.490173
438.492950
439.541534
439.657227
439.194183
438.655701
438.276154
437.737244
435.114471
436.021973
435.044556
431.505402
433.476990
432.707947
431.196747
432.773987
432.342255
432.007568
431.972473
432.830261
433.278931
434.367828
311.943451
592.205322
587.444641
710.775024
579.998230
576.831543
616.945496
570.218933
566.779114
568.329407
559.701965
556.251404
553.144714
550.399475
547.381287
545.837524
539.543945
537.794006
531.940063
528.658325
525.426331
522.950073
520.285828
516.186279
512.941345
509.904999
505.810455
504.508087
503.616791
501.212097
499.199066
498.985992
497.049133
494.940521
493.392395
491.039001
489.064209
487.540619
486.238220
485.244995
483.592621
482.052734
480.309265
478.619904
476.041901
473.235229
470.899536
468.328705
466.433685
464.735931
463.278839
462.054352
460.783783
459.555725
457.736847
457.401001
456.838318
456.540771
457.168701
457.881958
460.385376
460.672028
459.344666
457.919586
456.998108
455.021576
456.798035
456.811890
454.497559
455.299316
453.616516
451.964661
450.536011
449.322266
448.065796
446.742859
445.618561
444.598724
443.135284
440.829224
439.832184
438.194824
437.313416
436.573578
436.193298
435.980713
435.987518
436.400146
436.441895
436.029816
435.637695
434.113708
434.921051
432.729614
434.978882
435.874908
436.160583
435.879730
434.843750
434.208588
602.239075
594.438354
588.211975
582.801758
577.631653
590.458618
568.034119
563.535278
559.384949
555.295837
555.760620
547.519226
543.966858
540.605103
538.221558
535.822266
532.708191
529.367554
526.191162
524.069397
521.017578
518.871765
516.648621
513.890381
513.041443
509.433380
506.915710
505.592194
502.233429
499.914063
497.779358
494.904938
492.547424
490.078796
487.153748
484.335999
481.601685
479.367126
477.603577
476.159393
474.931335
473.813354
473.301270
472.861664
471.601196
472.637787
472.742554
471.911102
471.800690
472.024841
471.121063
470.772064
470.067780
468.884705
466.786255
464.254700
462.523804
460.569702
459.149323
457.746033
456.108398
454.356384
452.422913
451.152374
450.616516
449.835785
448.920013
447.493988
448.396057
448.949646
448.801300
448.369141
447.070587
446.221222
445.358673
444.748535
444.288879
443.663696
443.139130
442.423706
441.916382
440.392792
440.471497
439.506531
438.696136
437.857330
435.747711
436.298492
435.419189
434.595490
433.781555
432.664429
431.778351
431.071716
430.428894
429.165863
429.326233
428.989380
428.159882
428.129395
600.607483
593.778870
588.603882
693.609985
579.794006
575.961975
616.977234
567.983154
564.416992
572.255188
556.840149
552.452026
548.070313
543.386841
538.639099
534.335999
530.718750
530.203308
523.066956
519.522888
519.279846
513.413940
510.732117
510.228271
506.197662
504.230774
502.417389
500.050629
497.935974
496.501923
494.832550
493.042816
491.472260
489.435944
488.324219
486.810486
485.224182
483.693726
482.278931
480.899353
479.537903
478.210205
476.871796
474.978577
473.880859
472.294708
470.705902
468.990143
467.016113
465.871155
464.781219
463.941925
463.512451
462.707581
461.478973
460.234955
459.695282
458.913086
459.737396
459.992737
459.777527
459.863525
459.831970
459.904419
459.819061
458.947174
457.793579
456.629944
455.375610
454.237335
453.097473
451.520264
451.175751
450.142883
448.749878
447.631958
446.552582
445.541046
444.618896
442.583984
442.904938
442.418701
438.919281
440.078918
438.352264
434.996765
435.778503
435.100647
434.263672
433.856873
433.334320
432.609100
432.078033
431.559601
431.474945
431.366913
431.149719
432.414368
431.955963
434.159698
599.057617
591.490112
585.177612
579.855103
574.938538
570.294495
565.789978
561.694763
565.664368
554.590027
563.512146
548.789734
546.112488
543.474854
540.137085
537.132019
534.586243
532.071960
529.253662
526.471191
523.758789
520.670227
518.079773
514.749878
512.310181
510.137482
508.721100
507.109711
504.911560
501.928223
498.580688
495.898376
495.077759
502.055603
506.871124
508.525665
500.407349
497.144684
493.332458
485.482361
482.516510
484.156525
489.092285
488.391571
488.496338
497.905396
505.787750
511.671692
511.533997
510.650421
509.779510
508.884674
507.614227
499.857910
489.049896
480.911682
476.259247
473.205048
470.026947
470.773529
470.175262
467.616394
468.269348
467.124023
465.792114
465.310547
464.391998
463.489594
462.554108
461.862183
460.943451
460.158783
458.048523
457.996582
457.150757
456.306152
455.622498
454.888580
454.365601
453.635742
453.162750
452.549255
451.977631
451.227448
449.909302
450.201782
449.553772
449.170227
448.520203
447.486816
447.101013
446.549072
445.996460
445.515320
445.448822
445.169830
445.053558
444.655243
443.201355
443.267334
599.794434
593.264282
588.366150
646.832397
580.186584
576.558655
572.925476
569.021179
565.355713
561.773254
558.271179
554.802185
552.731750
548.689758
545.766541
543.095825
540.312744
537.753357
535.159424
532.726929
533.174255
528.016663
525.763733
525.444824
521.342590
519.208191
517.578491
514.719788
512.560364
510.728699
508.755493
507.053558
505.314117
503.588531
502.523865
500.561249
499.037964
497.206635
496.152771
494.765076
493.149994
492.093658
490.739502
489.486603
487.972778
486.453308
484.574615
483.818787
482.573242
481.464172
480.431976
479.278381
478.360168
477.400421
476.389709
475.451904
474.582153
473.661499
472.764496
471.940460
470.404846
470.136047
469.082581
468.101440
467.277313
465.670410
465.669952
464.985321
464.306488
463.695343
462.983551
462.481506
461.807281
461.156677
460.001648
459.950958
459.259399
458.717651
458.058014
457.302032
456.621216
455.873505
452.645264
454.250305
453.663635
450.494232
452.643005
452.257141
450.964417
451.160187
450.666473
450.133636
449.725281
449.254181
448.929291
448.345001
446.451233
447.314514
446.119415
442.661407
599.839905
593.343262
756.193787
584.738098
581.106873
581.579529
574.099548
570.603699
566.923157
563.376648
564.628723
556.443542
553.164429
558.172546
546.742310
543.519287
540.052795
536.706299
533.600403
530.751526
528.103271
525.588135
523.040527
520.491394
517.929260
516.044312
513.412842
512.248535
509.294952
507.371368
505.262238
503.567047
501.734070
499.707306
497.958252
496.100800
494.421814
492.709930
491.168427
489.873718
488.467163
486.844971
485.912903
484.926300
483.891479
482.896881
482.138977
481.627869
481.654205
481.353119
480.546326
480.064850
479.104858
478.031494
476.864532
475.781250
474.765778
473.638733
471.894562
471.663147
470.178314
466.689758
467.400085
466.368713
464.454407
464.780548
464.112610
463.410553
462.798187
461.969421
461.130066
460.241180
459.049133
458.264160
457.446808
454.567261
456.084747
455.501251
452.651276
454.284271
453.814423
452.864471
452.654205
452.130585
451.670074
451.224640
450.722870
450.420197
449.611938
447.894470
448.002411
447.362488
446.778809
446.329315
445.897949
445.432526
445.031525
444.568542
443.457886
443.118744
600.421814
636.271606
588.610352
674.067505
580.387207
576.594910
574.325989
568.721436
564.845154
561.068054
557.367371
553.768433
560.225098
547.272705
544.204224
541.640625
538.228333
535.422668
532.750916
530.102783
528.882751
525.520020
523.332642
521.279968
519.322449
517.796326
518.473755
515.330505
513.110046
511.183838
509.096283
507.343445
505.557831
503.742767
502.670258
500.238678
498.596344
496.596008
495.081726
493.455902
491.401886
490.154022
488.680878
487.259888
485.666168
484.058411
482.472809
480.871429
479.512238
478.220581
477.011566
474.946289
474.947540
473.917053
471.450531
471.954498
471.072144
469.686920
469.206512
468.326874
467.421234
466.716461
465.881989
464.262085
463.892303
461.790619
461.990540
461.175446
460.376770
459.706055
459.019989
458.381378
457.717102
457.005371
456.455048
455.753784
455.201538
454.188995
454.203430
453.520905
453.187195
452.821869
451.985199
451.613007
451.167572
450.689667
450.264648
450.086182
449.841980
449.659607
449.529419
448.948212
448.911682
448.477142
448.075470
447.629425
445.598419
446.512909
445.399384
445.006927
601.049316
594.284912
767.856384
584.538574
580.231079
583.101624
572.470764
568.790955
565.170166
561.576477
558.042053
554.337219
550.844910
555.554321
544.363770
541.324402
543.801453
535.360840
532.545715
531.674438
526.800232
523.988586
521.342529
518.766296
516.374878
514.376404
512.127563
511.302185
508.123657
506.265137
504.848724
502.644928
500.907867
499.138336
497.611755
496.045410
494.433319
492.961182
491.443359
489.981201
488.290741
486.239655
485.202789
484.150208
483.156158
482.039307
481.150299
480.114471
479.203583
478.353333
477.474152
476.628571
475.795715
474.653687
473.944092
473.076355
472.224579
471.162231
469.672821
468.986481
467.856415
466.933502
466.014587
465.156586
464.612671
463.987427
463.686462
463.746490
464.639130
465.912109
468.671082
468.614014
466.486206
464.972626
463.891693
460.980347
462.552094
461.738861
458.624420
460.049683
459.316589
457.932556
457.667389
457.016357
456.486145
455.867920
455.153564
454.719147
453.955658
451.430267
452.646454
452.032379
448.590668
450.960052
450.417664
447.920197
448.787750
447.802673
445.822968
445.067017
600.566895
594.252747
589.334106
622.014771
581.118774
577.389038
578.332214
570.011169
566.429199
562.924316
559.489929
556.043396
552.825134
549.620300
546.316772
548.044373
539.920227
536.923767
534.165039
531.525940
530.491089
526.724792
524.337341
521.972839
519.760803
517.753906
515.516174
513.613098
511.616241
510.477570
507.829132
506.163116
504.414276
502.575653
501.136688
499.076904
497.384583
495.697632
494.115753
492.707977
491.372314
490.084534
488.764709
487.551483
486.275543
485.026672
483.904755
482.778717
481.658386
480.514343
479.493561
477.546051
477.367096
476.411774
473.800262
474.213501
473.317993
471.759186
471.494934
470.774170
469.999603
469.284027
468.451447
467.648865
466.845764
465.602142
465.267059
464.461426
461.770691
462.982513
462.284180
459.777008
460.753540
459.881042
458.686676
458.234955
457.395142
456.649414
456.128296
455.412994
454.793121
454.464020
453.208710
453.251007
452.787048
452.291656
451.738190
451.311340
450.740082
450.179047
449.773712
447.042725
448.608917
447.911499
447.348053
446.701263
444.510864
445.738617
444.663574
444.284210
600.432861
594.095886
589.191101
584.911011
580.965393
612.798218
573.658447
570.122620
566.580200
563.242981
559.989136
556.633972
553.356079
552.607666
546.705444
543.696472
546.642029
538.808411
536.502625
536.045166
531.419556
528.923340
526.316284
523.212097
520.150024
517.529480
514.762207
513.443115
509.764679
507.610901
505.759583
503.123993
501.135040
499.552124
498.089142
497.270660
496.939789
496.259552
495.364502
494.194672
493.000061
491.884949
490.697083
489.689697
488.522247
487.164459
486.005798
484.694672
483.200684
481.529480
479.861176
478.075378
476.412872
474.730927
473.190094
471.892731
470.714935
469.833679
468.245148
468.284973
467.642487
467.262573
466.958618
466.992981
466.989105
466.644104
466.281830
465.792450
465.393219
465.108093
464.524231
464.060028
463.471710
462.900879
462.099091
461.278778
460.510254
459.618744
458.966858
458.188690
457.638763
455.400299
456.212036
455.306915
454.576721
453.917908
453.316803
452.919800
452.585785
451.165314
452.204010
451.972931
448.866974
451.363068
451.206970
448.601624
450.642792
450.112183
448.558655
448.147003
607.143555
600.604553
595.367493
610.764404
586.374695
581.956848
616.352722
572.746765
568.011475
583.872986
558.866699
554.605408
555.753113
547.048828
543.850708
541.226196
538.720764
536.630981
534.995178
533.302490
533.606445
529.152466
526.956909
524.796814
522.757935
521.146240
519.019897
517.106689
515.147217
513.240784
511.303894
509.458679
507.879333
505.397339
503.676483
501.347260
499.116669
496.885071
494.571259
492.488220
490.583588
488.758148
487.248016
486.102631
485.086365
484.108032
483.473236
483.078430
482.807251
481.875305
480.960388
479.846252
479.206940
478.543488
477.639343
476.704559
475.959778
473.999634
474.103149
473.212524
472.003510
470.725616
469.313812
468.038239
466.668915
465.395386
463.911499
462.585419
459.419434
460.343597
459.280457
456.491547
457.812805
457.159698
456.244843
456.357941
456.253326
456.324829
456.288269
456.031097
455.794067
455.566284
453.453400
455.104004
455.039154
452.319946
454.843201
454.670380
452.436829
453.283417
452.460266
451.662872
451.611725
452.018707
450.261871
449.819275
446.584137
447.731537
446.290375
445.604248
601.162476
595.329529
590.924927
587.492981
584.367065
581.201172
577.558533
573.990906
582.253784
566.992126
563.727539
560.278076
557.000427
556.529663
550.500122
547.644165
544.380554
541.087708
537.714600
534.076477
530.635803
527.264648
524.851257
520.867676
517.784485
514.944031
512.089478
510.789825
507.635193
505.991852
504.643219
503.699677
502.737457
501.605103
500.203583
498.933075
497.878021
496.502289
495.189392
493.930573
492.639008
491.310455
489.922699
488.703827
486.559479
485.201141
483.186768
480.095276
479.471649
477.880371
476.311493
475.611938
474.500641
473.488953
472.613281
471.916199
471.401489
470.979309
470.643066
471.365997
471.306549
469.333954
470.133545
469.029755
468.097046
467.211456
466.348419
465.703491
465.194977
464.520569
462.274536
462.890686
462.214294
461.504028
460.542206
459.195709
458.477692
457.193665
455.960449
454.687531
453.517609
452.307831
451.138611
450.015045
448.041626
448.456482
447.981659
447.992706
448.126221
447.110168
448.346466
448.081635
447.856842
447.695984
447.645996
447.573242
447.501465
447.190948
445.322449
445.477509
608.320251
601.203186
595.140015
703.959045
584.825134
579.976196
613.024780
570.820251
566.221924
582.327209
557.530090
553.453796
555.008728
546.243652
543.109436
540.497009
537.953369
535.682190
533.504456
531.297607
531.375977
526.752075
524.584839
524.418091
520.538391
518.588318
517.533752
514.430847
512.562012
510.877594
508.675995
506.632568
504.288666
501.792572
500.498352
496.744110
494.360901
492.307617
490.152588
488.401611
486.794800
485.363190
484.099945
483.353119
482.678986
482.229614
481.355988
481.497314
481.019379
480.609558
479.944733
478.991119
478.535706
477.761139
476.863953
476.240326
475.558990
474.901672
474.404938
473.602936
472.418549
472.883728
473.506439
471.736969
469.482910
466.422638
465.968048
464.232330
462.825073
461.903290
460.978516
460.465027
459.935638
459.741943
459.030090
459.225647
458.794586
458.330719
457.974243
457.513519
457.081146
456.599487
454.151489
455.239838
454.514954
450.783600
452.455383
451.578949
448.971252
449.103027
448.128632
447.256195
446.576965
445.960327
445.600677
445.359650
444.512756
445.411804
444.787170
441.668640
606.416748
599.863525
791.618286
590.851440
586.955017
593.958191
579.051697
574.915100
570.935974
567.053223
563.178101
563.060791
554.773010
554.187927
546.651733
542.776978
538.929077
535.397461
532.176453
529.226929
526.590576
524.241272
524.615295
520.653625
519.308472
518.471863
516.432251
515.505371
512.688843
511.037598
509.217682
507.680176
506.069275
504.286346
502.521271
500.950897
499.339325
497.508118
495.709106
493.862457
491.861176
489.748932
487.722107
485.810822
483.980835
482.137726
480.667969
479.153015
477.879272
476.838379
475.787994
475.609650
475.478760
475.235901
474.615356
473.886932
473.323730
472.584320
471.303192
471.308167
470.518188
467.960541
468.950897
468.045959
465.660248
465.442230
463.886719
462.404633
461.184906
459.854065
458.819214
458.077362
457.429535
456.286957
455.574402
452.906158
454.798645
454.566589
452.018677
454.131744
453.968506
452.941925
453.169617
452.803864
452.551178
452.182129
451.568939
450.344177
450.493286
448.751099
449.346222
448.859955
448.194946
447.422241
446.608154
445.758270
444.944702
444.237671
442.845947
442.285126
602.032715
649.871460
589.880981
687.276550
582.382996
579.048340
579.115051
572.747192
569.641724
566.786987
565.378418
569.403931
576.333374
565.208252
564.671570
564.114746
561.394409
559.154236
556.994263
554.730774
553.742676
549.823853
547.459045
544.980896
542.661743
540.518738
539.132202
536.063232
534.230835
532.680542
531.257324
530.424072
529.644836
529.000916
529.108948
527.619263
526.576111
525.249390
524.689331
523.782043
522.227600
521.827454
520.861572
520.171631
519.127991
518.134521
516.957520
515.588196
514.272217
512.614807
510.951691
509.262085
508.043915
506.811646
505.518005
504.545258
503.747009
502.915924
502.273499
486.395782
477.709503
474.317230
474.545166
479.878571
481.192841
475.761200
474.098846
471.948090
470.471771
468.991638
467.241211
466.025360
464.997040
464.544678
464.507813
464.637024
464.428406
462.533020
461.817932
460.776215
459.999390
459.442902
458.032806
456.956573
455.941223
454.694366
453.254181
452.017303
450.406494
449.372681
448.955139
448.421265
448.355591
447.984772
447.457031
446.823608
444.715576
445.631958
444.648438
441.307129
607.390869
600.629700
790.712585
590.823608
586.677673
591.470459
578.005066
574.061951
569.745483
565.749023
561.696106
557.488586
553.533081
557.025085
546.071167
542.729858
545.263977
537.168884
535.414795
536.117737
531.617676
529.273987
526.966675
525.080200
523.688660
523.310852
523.885071
531.175598
534.106873
533.604919
533.772644
534.562866
533.050415
531.160034
529.441284
527.456299
525.429871
523.579407
521.786804
520.164368
518.669373
517.366150
516.135132
514.925903
513.707275
512.798462
512.100159
511.348267
510.793182
510.401978
510.025055
509.551422
508.949677
508.270874
507.958588
507.407227
506.896576
506.359314
505.259979
505.281708
504.667206
503.880249
502.918427
501.496918
500.166138
498.910583
497.766174
496.541962
495.997070
495.273285
494.513580
494.025787
493.439484
493.016632
492.725830
490.395996
492.409576
492.303589
489.474182
491.665497
491.295685
489.843384
490.236176
489.742188
489.394531
488.865662
488.440063
488.095886
487.563904
485.674713
486.572845
485.788055
482.028870
484.475861
483.854584
480.525330
482.357086
481.731689
480.188965
479.649170
602.941040
597.452026
593.646057
711.213623
601.876526
586.084656
593.500366
581.796875
579.614075
577.381409
575.270813
573.052063
570.991089
568.705933
566.445435
570.104370
561.832886
559.224060
556.457581
553.468506
552.394409
548.061157
545.653076
543.430420
541.312683
539.505737
537.477966
535.902222
534.467834
533.869385
531.720215
530.654907
529.642761
528.720093
528.197937
527.175171
526.027283
525.070313
523.973267
522.987793
522.094543
521.243896
520.401794
519.508057
518.735718
517.882568
517.050964
516.013123
514.911987
513.528992
511.956268
509.639343
508.891296
507.455841
504.414856
504.701385
503.633636
501.614288
501.889526
501.213562
499.568848
482.317413
472.408112
468.259460
466.693970
464.987549
463.169678
461.565735
458.023071
460.786865
465.167297
492.022522
496.400024
495.667633
494.538635
494.234375
493.357544
492.363373
491.343872
490.255981
488.747894
488.606842
486.864075
487.047913
482.419464
470.141388
467.296448
467.438873
477.985474
484.309967
484.303680
484.387268
484.253021
483.788025
483.180176
483.177277
480.679443
482.510986
481.582184
478.666748
606.954224
601.536255
597.416748
594.393005
590.828552
637.114258
583.767578
580.436768
578.397583
574.109192
571.078796
568.125671
565.223022
565.580566
559.963318
558.002930
556.126343
554.465149
553.000916
553.738281
549.469482
548.215515
547.133972
545.970642
544.447998
543.239502
541.667847
541.374329
538.699219
537.165649
535.451050
532.961609
530.600647
528.522888
526.611633
524.869995
523.457092
521.939941
520.534180
519.448059
518.580750
517.876404
517.191528
516.794434
516.431274
515.950989
515.398376
514.838013
514.116333
513.240601
512.182190
511.366211
510.612671
509.933197
509.276550
508.689972
507.512207
507.060089
504.978149
504.835571
503.388275
502.036224
500.845642
499.685944
498.754242
497.780548
496.906982
495.806183
494.960175
494.349030
493.471954
493.662933
493.428101
493.324219
493.368378
492.802277
492.911560
492.808472
492.497375
492.176392
491.949768
491.548859
490.946075
490.456146
489.735138
489.250763
488.206085
487.447296
486.312927
484.011871
484.525269
483.787231
483.227966
482.622345
482.209961
478.967010
481.170898
480.743347
479.542114
479.843109
604.606812
599.825623
596.589539
593.662659
590.872314
588.238953
622.447998
582.883057
580.436829
598.948730
575.586060
572.953613
575.865234
568.207642
565.810120
563.405762
560.676147
557.975220
555.174500
552.451355
551.709900
547.380676
545.137024
544.554321
540.457947
538.739319
537.006714
535.659790
534.350891
533.331421
532.275146
531.702393
531.334412
529.899536
529.102478
528.182678
527.271484
526.428101
525.425598
524.449341
523.429504
522.283203
521.217468
519.893311
518.635254
517.344055
515.614868
514.154663
512.567627
511.043701
509.775116
508.118805
507.384613
506.316010
505.342194
504.516663
503.723206
503.072449
502.603607
502.214935
501.631866
501.608154
501.138672
500.655518
500.153015
499.970520
499.313232
498.937286
496.497406
498.007477
497.482513
494.904114
496.513092
495.576508
494.023163
493.677917
492.569672
491.645477
490.800354
489.925232
489.216339
488.359344
486.098145
486.737579
486.424500
483.267670
485.880157
485.914734
483.768860
485.879395
485.702911
485.424011
485.554169
485.401154
485.316864
485.094299
484.530426
484.279205
483.191772
482.235901
608.511047
601.868530
596.545349
592.186584
588.281616
584.500732
580.946167
577.621155
596.988342
571.813416
569.359131
567.814636
565.023926
567.485596
561.320862
559.884644
558.483215
556.779602
554.805969
552.844543
551.167847
549.450500
549.695129
546.179993
544.647461
543.320190
541.729065
541.411804
538.829224
537.078369
534.995667
532.653381
530.548401
528.457520
526.661499
524.795166
523.044617
521.166565
519.728027
518.395508
517.261169
516.374939
515.529114
514.903259
513.790955
513.728821
513.472107
511.746887
512.443604
511.883911
508.307556
506.795013
504.853119
504.825348
506.237671
507.114563
506.672638
505.691101
504.431946
502.990204
501.699615
498.724915
497.438965
495.478210
492.145172
492.896942
492.189850
491.737549
493.330353
494.542419
494.291443
494.143097
493.809113
493.036743
493.051178
491.704926
492.285156
491.929321
491.766815
491.528503
491.371277
491.073273
490.584534
490.173523
489.661407
488.940765
487.844238
486.676422
486.010559
483.202148
484.363159
483.488068
482.593353
481.923615
481.515289
481.077789
480.945740
480.848969
477.425995
480.183014
605.366943
611.453308
596.790833
593.950012
591.211487
588.539856
602.035950
583.442566
580.927856
578.242493
575.434692
572.574707
577.245056
566.255859
563.018372
560.218933
557.216431
554.542358
552.079712
549.652954
549.317139
545.573059
543.794250
543.700134
540.462341
539.095886
538.520569
536.035034
534.718811
534.218384
532.752319
532.048828
531.157776
530.183044
529.335083
528.372620
527.302917
526.521790
525.322449
524.320251
523.115173
521.578918
519.811340
517.995117
516.070984
514.171448
512.709839
511.233093
510.067841
508.739960
508.116425
506.430145
506.609619
505.946808
505.222870
504.729034
504.418732
504.149475
503.848602
503.697571
503.439545
503.065979
502.645386
501.819519
501.482056
500.924103
500.350983
499.759583
498.752991
498.427368
497.490082
496.393555
495.146179
493.986511
493.115723
492.363342
491.543976
490.645813
490.166901
489.502625
488.939667
488.307495
487.262177
487.362946
487.159698
484.088837
486.744507
486.701294
484.110687
486.599701
486.471985
485.913605
486.126373
486.034607
485.946869
485.789673
485.472656
485.090271
483.734406
480.329865
609.271545
602.284912
823.753662
592.502502
588.441406
618.223022
581.188416
578.080750
575.373718
572.500732
569.975403
567.594788
565.296936
567.051208
560.999084
559.089233
557.677917
556.281250
554.799011
553.168396
551.679871
550.160706
548.687805
547.108704
545.655212
545.617188
542.739075
541.348816
539.835876
538.484375
537.181213
535.148560
532.995056
530.422241
528.260193
526.434326
524.839905
523.434143
522.334229
521.609497
520.730347
519.721985
518.729431
517.800964
516.529358
515.746399
514.834045
513.875488
512.958313
512.158386
511.184326
510.117981
508.370026
504.573547
501.115387
499.411926
499.579895
504.901764
504.310028
503.622223
502.927307
500.665833
501.677521
501.007629
498.404327
499.797150
499.164307
498.020905
497.858368
497.095459
496.151367
485.108276
475.743866
473.678406
491.944916
491.480896
492.531555
491.924133
488.739563
490.792084
490.404572
488.051971
489.449493
488.957367
488.519836
485.513916
467.865540
458.393372
467.144165
475.961273
480.725616
479.404541
477.808380
476.949158
476.341309
475.747375
475.414398
474.881012
473.785706
473.183746
602.906494
860.233154
592.981812
589.591797
586.696777
583.665894
601.890381
577.432373
574.567200
571.740356
569.027710
566.339600
563.838562
561.351868
559.036743
560.268616
554.450684
552.242065
550.048218
547.998840
548.782410
544.287415
542.960327
543.508728
542.114319
540.871277
538.841492
537.116516
535.427734
534.485413
532.367798
530.226074
527.658752
525.821350
524.228455
522.799133
521.453674
520.215881
519.075195
518.130127
517.903259
519.189575
518.220581
517.089233
516.477844
515.291260
514.250305
512.580444
511.521454
510.580933
509.652496
509.031158
508.489960
507.832062
505.553223
506.359772
504.976898
502.241974
503.023590
502.195313
501.377014
500.437653
499.583160
498.402313
497.603821
496.952911
496.036652
495.488678
494.143127
494.318481
493.786011
493.258301
492.829773
492.249359
491.913788
491.693604
491.091949
488.737030
491.007843
490.476196
490.132355
489.517822
487.090851
488.330261
487.924225
487.403320
487.073669
486.734894
486.135040
485.654724
485.256653
483.279449
484.290527
483.800598
483.492279
483.053894
482.634521
482.157928
480.733429
477.501007
603.019714
597.432007
819.073730
589.947876
586.999695
620.919617
581.506836
578.926147
576.724792
573.881348
571.445801
568.979370
566.607971
568.292786
562.076355
559.963074
562.992737
555.156921
553.014404
554.132874
548.983643
547.136414
545.914368
543.476074
541.770630
540.250183
538.549133
537.053711
535.509888
534.227661
533.146790
531.138916
529.169800
527.576904
526.193054
524.691833
523.286255
522.000061
520.838684
519.730286
518.604004
517.551697
516.521484
515.446411
513.964661
513.381104
512.489380
511.513184
510.612488
509.696198
508.751282
507.775757
506.618927
505.718475
504.746674
503.977203
503.178894
502.509094
501.730286
501.069580
500.281494
499.424591
498.920258
498.204712
497.605377
496.915131
496.280823
494.511444
494.939575
494.074341
493.203186
492.631287
491.950653
491.317810
490.882233
489.491852
489.792328
489.292511
486.195313
488.134949
487.768188
485.087158
486.759155
486.254211
485.539246
485.419952
484.707825
484.184845
483.613159
483.113495
482.657745
482.266541
479.393707
481.377655
481.186707
477.439911
476.993683
463.395966
455.078003
455.105835
600.581848
595.986877
591.984680
588.588623
585.366760
582.740662
615.383240
577.926086
575.598999
574.542603
569.926392
567.064392
564.638245
562.613220
560.738037
558.464905
556.051147
553.772583
553.174683
548.915894
546.260132
544.049805
542.227295
541.335510
539.625488
538.397522
536.815979
535.380981
533.890381
532.556946
531.804688
531.284729
530.572998
529.019409
527.756836
526.298889
523.793091
521.960022
520.571289
519.321594
517.800049
517.600586
516.813538
515.838684
515.676208
514.738098
513.415833
512.479431
512.061829
511.210632
510.319672
509.322845
508.198059
507.292938
505.093903
505.366119
504.582550
502.089172
503.093933
502.303741
500.880981
500.994873
500.362244
499.721405
499.103882
498.456116
497.885010
497.191254
495.728180
495.498718
494.735931
491.830261
493.553162
492.906128
492.347504
491.855286
491.244446
490.652771
490.169342
489.604584
487.614532
488.811584
488.240387
487.715515
487.266174
485.997192
485.862488
485.434937
484.805481
484.321747
483.810669
483.381439
483.025757
482.562531
480.962646
481.875092
481.478516
481.112762
480.103302
478.038483
603.020630
597.723938
597.232727
590.034668
586.593994
583.795410
580.528381
577.360779
582.932678
572.031067
569.478760
566.973328
564.458618
561.882935
559.713745
557.547546
559.770203
552.967468
550.950562
552.391357
547.086670
544.833862
544.351318
540.968628
539.289978
537.864990
536.164612
534.669922
533.195618
531.781982
530.850281
528.890869
527.479004
526.111755
525.153381
524.012695
522.855042
521.863831
520.627319
519.662598
518.560303
516.957092
515.530823
514.804138
513.958801
513.003784
512.754944
511.854462
510.980591
510.080841
509.237671
508.348083
507.535309
506.703918
505.732971
504.669464
503.548370
501.655884
500.688293
500.169556
499.972107
498.562714
498.905640
497.972809
496.747894
496.019592
495.668182
495.015594
494.404999
493.374359
490.931885
491.216766
489.386810
487.669434
486.677612
486.380310
485.774323
485.461639
485.063354
484.559418
483.355408
482.246674
481.304016
480.107452
477.571075
477.979034
477.043427
476.671783
476.244049
475.427399
474.246033
472.552948
469.891815
470.616821
470.237885
466.507080
469.209656
468.896027
464.937286
467.198944
601.452087
620.026062
591.669556
588.151978
585.052429
582.078369
579.198364
576.344177
573.618652
576.739319
568.046448
564.970703
561.869568
559.093018
556.401123
553.742249
551.157776
548.742859
546.452209
544.124939
541.656921
540.390381
536.891541
536.310791
532.757324
531.311401
529.619080
528.242737
527.208557
527.408325
525.654297
524.159668
522.665405
520.975464
519.399170
518.017212
515.982300
514.879822
514.049133
512.860962
511.843231
510.647278
509.505981
508.571503
507.487000
506.401276
504.770416
504.357758
503.281525
502.094482
500.913239
499.689880
498.131897
496.194397
494.043610
493.173004
492.141510
489.563721
490.381256
489.570129
487.317474
487.609924
486.437714
485.391052
484.530518
483.659912
482.774872
482.005463
481.180450
480.452606
479.618317
476.862335
477.895569
476.570526
472.863220
473.987640
472.843048
471.321625
471.411743
470.868256
470.443542
469.869995
469.243317
468.667450
468.217957
466.442596
467.369751
467.316742
467.210968
467.661407
468.413635
473.723724
472.366791
471.033539
468.616669
466.757721
465.860413
463.699707
463.673401
460.552246
602.844910
595.767517
616.483948
588.190308
584.942444
581.994568
579.046143
576.425659
574.586792
572.108398
569.468323
570.766907
564.363464
561.834473
558.942932
555.664490
555.356567
550.076538
548.273621
546.467407
544.924866
543.970825
541.809448
539.521729
537.409180
535.683838
533.192810
531.339355
529.633728
528.055115
527.207642
524.559998
522.770569
521.050659
519.435791
517.822571
514.873718
512.902344
510.775665
509.259277
507.711823
506.375549
505.127930
503.817841
502.516693
501.127747
499.972534
498.363922
497.738251
496.618439
494.410767
494.556671
493.493835
491.647461
491.291229
490.294678
489.139984
487.081390
485.534119
482.937927
483.149323
480.739258
481.518066
480.721497
479.779938
479.021240
478.251556
477.493439
476.791077
476.087067
475.368622
474.707764
473.966370
472.047119
472.600342
471.948700
471.235107
470.448914
468.582489
468.240723
467.289520
466.586761
465.835693
465.206299
464.790161
464.202576
463.557648
462.184631
462.353394
461.831726
461.331482
460.975067
458.454712
460.316010
460.465851
460.796326
462.146271
466.529907
463.311157
460.905487
601.403625
688.719299
591.027039
587.539124
584.179443
581.155518
577.827759
574.794189
571.823547
581.139465
565.665527
562.523438
570.692505
556.594421
553.715088
556.166382
548.383667
545.654724
543.284668
540.851685
538.533081
536.288879
533.884155
533.568176
529.978027
528.493347
527.505310
524.523438
522.661011
521.680725
519.335876
518.128113
516.982422
516.145996
515.878784
515.582947
515.349243
514.707397
514.060303
513.046326
511.361664
509.179901
507.292664
505.301422
503.452820
501.617554
500.339294
498.797241
497.080109
494.727661
493.880798
492.493408
491.410889
490.315979
488.483215
488.356079
487.458374
486.523743
485.697632
484.740631
483.618011
482.320374
480.763702
478.819977
478.393799
477.499542
476.759766
476.177582
475.432037
474.622742
473.765106
471.639496
472.325073
471.587372
468.632355
470.395203
469.727600
467.672394
468.421143
467.705750
467.127472
466.415985
465.267395
464.099335
463.144257
461.875702
461.587250
461.124512
457.699158
459.818573
459.218811
455.736237
458.058716
457.516785
456.535522
456.545654
456.089417
455.488434
454.638245
454.720123
602.164001
596.154236
678.081238
587.570496
584.133850
580.970764
577.932434
