-1.858866
-2.347440
-2.788800
-3.194901
-6.636488
-3.898631
-4.204131
-4.500640
-4.751082
-4.995466
-5.204923
-5.405145
-6.531132
-5.741083
-5.882859
-6.024627
-6.137121
-6.243602
-7.602720
-6.422865
-6.494308
-6.567114
-6.618380
-6.674095
-6.723044
-6.772259
-7.040468
-6.839308
-6.862128
-6.878820
-6.909226
-6.913465
-9.493931
-6.933114
-6.943567
-6.995075
-6.941073
-9.708959
-6.923973
-6.920114
-6.926419
-6.905618
-6.881809
-6.871318
-6.852232
-6.831165
-6.795744
-6.776484
-6.764184
-7.276334
-6.703834
-8.365743
-6.654173
-6.633954
-6.601223
-6.564717
-6.531670
-6.506279
-6.471198
-6.454140
-6.406813
-6.380188
-6.341313
-7.984727
-6.263815
352.989014
353.807129
-6.165422
-6.113390
-6.087656
-6.041956
-6.001782
-5.974543
-5.938394
-5.892449
-5.861582
-5.820537
-9.482314
-5.729049
-6.010188
-6.337398
-5.615313
-5.588717
-5.531604
-5.496434
-5.444866
-5.417865
-5.373488
-5.333042
-5.296074
-8.040340
-5.197048
-5.150268
-5.152747
-7.253298
-5.036355
-4.957836
-3.558373
-3.458253
-1.272898
-1.869125
-2.350432
-2.789742
-3.202428
-7.340483
-3.902210
-4.207177
-4.495988
-10.215718
-4.991614
-5.198202
-6.169914
-5.563496
-5.728086
-5.875038
-6.012172
-6.127272
-6.226358
-7.759593
-6.397207
-6.470754
-6.543841
-6.609972
-6.662830
-6.713564
-8.423079
-6.787850
-6.820436
-6.846818
-6.873023
-6.902667
-6.915514
-7.308308
-6.929630
-6.934633
-6.939686
-6.935913
-6.922412
-6.915545
-10.224444
-6.896352
-6.879909
-7.156888
-10.015009
-6.850114
-6.818612
-6.862919
-6.774620
-6.755100
-6.727898
-6.702727
-6.675653
-6.656209
-6.633243
-6.588328
-6.558543
-8.515963
-8.753739
-6.469804
-6.455916
-6.398234
-6.375708
-6.336164
-6.303599
-6.259663
353.765930
353.806519
-6.171132
-6.113924
-6.090893
-9.561170
-7.371700
-5.967589
-6.429963
-5.884963
-5.855243
-5.812683
-5.770133
-5.732519
-5.704510
-5.646934
-5.614158
-5.577140
-5.517425
-5.492315
-6.057759
-5.405031
-7.307771
-5.326273
-5.281505
-5.237559
-5.196624
-5.141826
-5.112347
-5.058068
-5.033274
-8.371233
-3.540016
-3.465261
9.127309
-1.850096
-9.968319
-2.762326
-3.175797
-4.033148
-3.882600
-4.183668
-4.484773
-4.733918
-4.972620
-8.870549
-5.382366
-5.552114
-5.738574
-5.868020
-6.011937
-6.119704
-6.230192
-9.164650
-6.404112
-6.477029
-11.183325
-6.613940
-6.674229
-9.840427
-6.768189
-6.799260
-7.000082
-6.863238
-6.872806
-6.904917
-6.910664
-7.807701
-6.930935
-6.939896
-10.918472
-6.938006
-6.925800
-11.000311
-6.921508
-6.908019
-8.133898
-6.885204
-6.863907
-6.863502
-6.832170
-6.800757
-6.788710
-6.768091
-8.772508
-6.712713
-6.680994
-6.673530
-6.647601
-6.602262
-6.577572
-6.544660
-6.517863
-6.478765
-6.458074
-6.418725
-8.077859
-6.349113
-9.712356
-6.282326
353.747223
353.481171
-6.179862
-6.134851
-6.101603
-6.059550
-6.022779
-5.985362
-5.958830
-5.905905
-6.478007
-5.830728
-5.792167
-5.743748
-5.712829
-7.292763
-5.628774
-5.597057
-5.532246
-5.503264
-5.450767
-8.729762
-5.387607
-5.336361
-5.444377
-5.252968
-5.216138
-5.164605
-5.124259
-6.035236
-5.048000
-4.967620
-7.350173
-3.480940
-1.239048
-12.266435
-2.314054
-2.753283
-5.423168
-3.514566
-3.864808
-4.173340
-4.463224
-4.721685
-4.959389
-5.179672
-8.884000
-5.547213
-5.715726
-10.978785
-5.997764
-6.120097
-9.448197
-6.315240
-6.400738
-6.582753
-6.553103
-6.614248
-9.809040
-6.717926
-10.488714
-6.832645
-6.827064
-7.286642
-6.876255
-6.905306
-6.906911
-6.931292
-6.926868
-6.940900
-6.946355
-6.945833
-8.902645
-6.923187
-6.925742
-6.914589
-6.905461
-8.229262
-6.875505
-6.862238
-6.835114
-6.808831
-6.787767
-6.770638
-6.744891
-6.710322
-7.714347
-6.672492
-6.641330
-6.615895
-6.579922
-9.593247
-6.516238
-6.483068
-6.660330
-6.420705
-6.387702
-10.285051
-6.322369
-6.285358
352.711609
353.789063
-6.187470
-6.133048
-6.112723
-6.058826
-6.024185
-5.983805
-8.586267
-5.910249
-5.869123
-9.958321
-5.787509
-5.746862
-8.479452
-5.663873
-5.630311
-5.705001
-5.539786
-5.511412
-5.472268
-5.421294
-6.369507
-5.337188
-5.305472
-9.087756
-5.212306
-5.166395
-5.120960
-5.072500
-5.050459
-4.974659
-3.553318
-3.474362
-1.223133
-1.818555
-2.316212
-3.372562
-3.163646
-7.035255
-3.876166
-4.176059
-4.466810
-4.730612
-4.967353
-5.185922
-5.384446
-5.554005
-9.171853
-5.869485
-6.003781
-6.157386
-6.232720
-10.020420
-6.411206
-6.492375
-6.864107
-6.627151
-6.671326
-6.724885
-6.778891
-6.808129
-8.790696
-6.873181
-6.891625
-6.914551
-6.923020
-6.939584
-6.935109
-6.945084
-9.581742
-6.942265
-6.939378
-11.201980
-6.937047
-6.915224
-9.871526
-6.892137
-6.871346
-7.011321
-6.843917
-6.809602
-6.793396
-6.770522
-7.635964
-6.732282
-6.697536
-10.524732
-6.655701
-6.618258
-10.594871
-6.550370
-6.519435
-7.728227
-6.460929
-6.418178
-6.390515
-6.363088
-6.319637
-7.616562
353.746857
351.736847
-6.171747
-6.135821
-6.120714
-6.066025
-6.022054
-5.993735
-5.957983
-5.911696
-5.875638
-5.832230
-5.787892
-6.278716
-5.707392
-8.865237
-5.630031
-5.599721
-5.804060
-5.502546
-5.457044
-5.413514
-5.376576
-5.349858
-8.592562
-5.253747
-5.221124
-5.287077
-5.120407
-5.083975
-5.059543
-4.976827
-5.049468
-3.475533
-1.253528
-1.819866
-2.313125
-2.748584
-8.963243
-3.525303
-3.863817
-4.368014
-4.471584
-4.730803
-4.965284
-5.189357
-6.573250
-5.558513
-5.728539
-10.684431
-6.006578
-6.124109
-10.813420
-6.323489
-6.412618
-7.593901
-6.554964
-6.624762
-6.677036
-6.722135
-6.774731
-6.803614
-6.838821
-9.863737
-6.883831
-6.915628
-11.281953
-6.932173
-6.933801
-6.939616
-6.952844
-6.945806
-6.933416
-6.926910
-6.932730
-8.834863
-6.922113
-10.196801
-6.877574
-6.865373
-7.130895
-6.814404
-6.794577
-6.768077
-6.748907
-6.716197
-6.685925
-6.672396
-6.644841
-7.574102
-6.582107
-6.551245
-6.517891
-6.486757
-7.505156
-6.421525
-6.398739
-6.360765
-6.323079
-6.292462
353.736176
353.779816
-6.187839
-6.479065
-6.107682
-6.059427
-6.025483
-5.992124
-8.573563
-5.915221
-5.883261
-9.872219
-5.796825
-5.758447
-9.413289
-5.664037
-5.634902
-6.208250
-5.542430
-5.512887
-5.463731
-5.421273
-5.389287
-5.343314
-5.307070
-8.489774
-5.213460
-5.152359
-9.200025
-5.080990
-5.058553
-6.984668
-3.554094
-3.477648
-0.751427
-1.819866
-2.308084
-2.752176
-3.154555
-6.934080
-3.869322
-4.182759
-4.648172
-4.741117
-4.976758
-5.199719
-5.376130
-5.556331
-5.723417
-5.872060
-6.011075
-8.754822
-6.237024
-6.319366
-6.402285
-6.461287
-7.189160
-6.572560
-6.616769
-6.650434
-6.688521
-6.702201
-6.738232
-6.766577
-6.788996
-8.197944
-6.819952
-6.831154
-6.829455
-6.847084
-8.756420
-6.883320
-6.902585
-6.895006
-6.900491
-6.864093
-6.833655
-6.834517
-6.813227
-7.331643
-6.800116
-6.785827
-6.764394
-6.737068
-6.701083
-6.656897
-6.606599
-10.246060
-6.515627
-6.458514
-10.543863
-6.328485
-6.223591
-7.963322
-6.173187
-6.142539
-6.128236
-6.099976
-6.052139
-6.020948
353.997833
352.292267
-5.979695
-5.959028
-10.099778
-5.950171
-5.930940
-8.923491
-5.914215
-5.855265
-5.981493
-5.762084
-5.707555
-5.674900
-5.628599
-9.101834
-5.803061
-5.521904
-6.024847
-5.370826
-5.296732
-5.248251
-5.186212
-5.121497
-5.050433
-4.995285
-4.922119
-7.709712
-4.795057
-4.734515
-4.676260
-4.586380
-5.205978
-3.026073
-1.222833
-1.847993
-2.331225
-2.785890
-3.194123
-3.572909
-3.934824
-7.553581
-4.554694
-4.816844
-5.059848
-5.264216
-9.809493
-5.636739
-5.778472
-6.273678
-6.074477
-6.207308
-6.312200
-6.415411
-6.498190
-8.185084
-6.616421
-6.677277
-6.705992
-6.748942
-6.781405
-6.801670
-6.812250
-8.742558
-6.781117
-6.801132
-11.145322
-6.842782
-6.858320
-10.509787
-6.888626
-6.887555
-7.391906
-6.868047
-6.886933
-6.894993
-6.902100
-7.624101
-6.864707
-6.868740
-10.716163
-6.805545
-6.781934
-10.798162
-6.656686
-6.628039
-6.653987
-6.681426
-6.673295
-6.644868
-6.600289
-6.573402
-7.125027
-6.490377
-8.593246
-6.400174
-6.349234
-6.299594
-6.209903
-6.133756
353.909210
353.961182
-6.009025
-9.454186
-5.911614
-5.874371
-6.038556
-5.799075
-9.106728
-5.638817
-5.602636
-5.902868
-5.589516
-5.597145
-5.617302
-5.598768
-5.580615
-8.085882
-5.464955
-5.419136
-5.393517
-5.365771
-5.316825
-5.296944
-5.267455
-7.892057
-5.191037
-5.112894
-9.171570
-5.035091
-5.009717
-7.598073
-3.490693
-3.399797
5.260492
-1.835821
-2.314846
-2.758624
-3.166747
-4.852204
-3.872280
-4.180560
-10.462726
-4.739212
-4.974375
-10.776821
-5.364010
-5.538640
-7.420532
-5.890990
-6.051671
-6.174042
-6.281211
-6.393616
-6.473775
-6.525915
-8.096004
-6.656348
-6.712120
-6.757248
-6.818179
-6.867052
-6.897506
-6.928339
-6.932541
-6.948709
-6.960211
-6.962153
-8.172435
-6.929377
-10.196177
-6.888119
-6.834747
-6.920353
-6.750515
-6.724587
-6.734474
-6.715775
-6.723888
-6.727758
-6.690942
-6.648977
-7.015281
-6.573014
-6.579819
-6.596190
-6.609468
-7.578229
-6.615772
-6.606319
-6.586710
-6.510687
-6.442554
-9.352377
-6.350171
-6.273542
-6.369519
-6.317066
-6.328065
-6.308622
353.754974
352.348846
-6.111395
-6.063162
-10.048852
-5.930883
-5.870766
-9.570377
-5.752995
-5.612138
-6.243485
-5.229494
-5.266953
-5.280975
-5.250056
-5.228640
-5.235567
-5.245336
-6.590570
-5.367882
-5.243839
-5.271433
-5.274628
-5.286050
-5.287365
-5.210135
-5.157972
-5.097526
-5.048949
-4.884315
-7.292434
-4.863911
-5.853111
-3.453643
-1.230319
-1.926431
-2.336635
-2.802105
-3.209846
-3.572472
-3.917448
-4.221938
-4.510550
-4.769586
-6.993078
-5.216774
-10.214230
-5.572156
-5.733522
-6.719765
-6.012322
-6.131603
-6.232662
-6.328386
-6.417490
-6.511791
-6.603460
-6.655908
-7.428523
-6.794639
-6.849332
-6.868642
-6.895974
-8.684821
-6.933449
-6.956771
-6.976555
-6.999962
-7.002393
-10.561553
-6.984778
-6.962171
-7.203202
-6.925311
-6.907793
-6.884460
-6.864452
-7.378603
-6.756988
-6.713162
-10.194201
-6.636908
-6.625721
-10.758786
-6.573058
-6.545449
-8.331264
-6.466043
-6.467502
-6.462174
-6.451596
-6.446415
-6.459315
-6.467209
-8.786294
-6.426907
-6.362525
-10.471447
-6.268028
-6.212152
351.210144
353.900940
-6.093842
-6.225310
-6.131465
-6.103523
-8.635558
-6.022327
-9.307726
-5.951625
-5.890119
-6.169888
-5.759409
-5.684653
-5.613696
-5.528649
-5.477677
-5.439655
-5.401127
-5.361907
-7.171367
-5.261919
-5.181068
-5.084122
-4.926492
-6.349336
-4.610690
-4.672292
-4.724139
-4.789266
-4.827317
-4.809269
-3.474604
-3.415325
45.167225
-1.859003
-2.354161
-2.812418
-3.227235
-8.884542
-3.953484
-4.267372
-4.649975
-4.830640
-5.067709
-10.603532
-5.478159
-5.655086
-6.953691
-5.946031
-6.068220
-6.171272
-6.258526
-6.326687
-6.395948
-6.477062
-9.520107
-6.606486
-6.656355
-11.221465
-6.756830
-6.771748
-9.522380
-6.847042
-6.880523
-7.034646
-6.978048
-7.020624
-7.032968
-7.046727
-8.608451
-7.002804
-6.993392
-7.088683
-7.042785
-7.035435
-7.008897
-7.012908
-6.997957
-6.965388
-6.900410
-6.847913
-9.497372
-6.778944
-6.717522
-6.710275
-6.603198
-7.630917
-6.523004
-6.483321
-6.426584
-6.394382
-6.377599
-6.329198
-6.302564
-6.241522
-8.025704
-6.225555
-6.244518
-6.257204
353.747742
351.525726
-6.208930
-6.171775
-6.127039
-6.046054
-6.038379
-6.024950
-6.006149
-5.956995
-6.774273
-5.898743
-5.831645
-5.764621
-5.700494
-6.222486
-5.596004
-5.543146
-8.973398
-5.385006
-5.294971
-9.268269
-5.157941
-5.113608
-6.906236
-5.007846
-4.967806
-4.891903
-4.840341
-4.771473
-4.748162
-4.698419
-5.082745
-3.250236
-1.227723
-13.297056
-2.362671
-2.822541
-9.752887
-3.625072
-3.963634
-4.554172
-4.579248
-4.844458
-5.073884
-5.312048
-9.905553
-6.109468
-5.860304
-6.575081
-6.140460
-6.225599
-6.319392
-6.409672
-6.475254
-6.532377
-6.588545
-6.629823
-10.280563
-6.678335
-6.715720
-6.760657
-6.756905
-8.619064
-6.822609
-6.845057
-6.843903
-6.890826
-6.935532
-6.981222
-7.000519
-7.009692
-8.828295
-7.039703
-7.006120
-7.007111
-6.965061
-9.629677
-6.945774
-6.920814
-6.974231
-6.919487
-6.895206
-6.840047
-6.789362
-6.722351
-7.596827
-6.644843
-6.580296
-6.528919
-6.482728
-6.426908
-6.338148
-6.263328
-9.000790
-6.186143
-6.195281
-10.330500
-6.149715
-6.135750
351.262329
353.926971
-6.063980
-6.045580
-6.017483
-5.994062
-5.975431
-5.977302
-7.577858
-5.943320
-5.912112
-9.919020
-5.854540
-5.802733
-9.306766
-5.706916
-5.656464
-6.213980
-5.484353
-5.403707
-5.314068
-5.240588
-5.180208
-5.541192
-5.046389
-6.140756
-4.904531
-4.831531
-4.804387
-4.784403
-4.743367
-4.704467
-3.325542
-3.286443
100.372032
-1.873456
-2.376742
-2.965743
-3.260806
-7.813658
-4.005967
-4.332259
-4.646437
-4.895841
-5.130923
-5.339785
-5.517081
-5.705130
-8.682268
-6.050840
-6.186905
-6.316619
-6.407877
-10.500467
-6.569236
-6.626417
-7.263438
-6.742362
-6.774860
-11.301737
-6.841095
-6.844736
-8.937119
-6.871966
-6.882223
-6.931954
-6.926661
-6.931329
-6.960080
-6.963218
-8.779277
-6.965443
-6.979657
-11.232701
-6.948221
-7.008989
-10.346169
-6.978415
-6.948082
-7.049591
-6.918571
-6.896025
-6.901907
-6.896361
-7.679882
-6.868872
-6.834987
-10.747669
-6.782483
-6.740245
-10.712023
-6.640706
-6.581193
-6.522547
-6.457200
-6.382429
-6.339262
-6.290961
-6.225749
-7.050667
353.885742
351.826324
-5.951815
-5.897229
-5.890182
-5.825111
-5.804909
-5.805386
-5.808320
-5.802113
-9.293261
-5.751648
-5.685165
-5.752832
-5.616359
-8.387287
-5.648262
-5.606653
-5.697974
-5.548671
-5.523911
-5.477185
-5.430268
-5.380136
-7.990939
-5.309098
-5.258458
-5.174960
-5.098359
-5.027346
-4.962780
-4.854011
-4.625747
-3.217912
-1.254867
-13.368023
-2.358792
-2.812815
-9.468212
-3.611691
-3.958491
-4.532370
-4.572350
-4.847607
-5.090625
-5.331992
-6.810046
-5.729753
-5.896805
-10.949326
-6.164007
-6.291733
-10.705781
-6.508193
-6.597840
-7.541747
-6.759799
-6.823498
-6.852605
-6.887735
-6.931668
-6.943427
-6.966316
-8.614158
-6.968676
-6.965097
-6.949989
-6.940328
-6.912634
-6.876853
-6.916466
-6.926252
-6.929974
-6.931028
-6.933112
-8.021114
-6.916935
-10.135425
-6.895579
-6.905774
-6.962633
-6.872044
-6.867442
-6.899312
-6.893734
-6.859965
-6.805508
-6.785013
-6.774260
-7.148937
-6.693589
-6.643671
-6.591138
-6.547723
-7.390477
-6.407742
-6.340300
-6.290797
-6.221965
-6.151992
350.916748
353.997284
-5.923442
-5.950422
-5.879008
-5.869016
-5.879290
-5.848321
-7.060116
-5.771350
-5.762981
-9.793673
-5.727021
-5.667536
-9.169506
-5.583809
-5.608243
-6.002613
-5.564157
-5.478169
-5.449954
-5.469044
-5.445895
-5.442577
-5.392557
-8.702971
-5.277862
-5.192486
-9.209628
-5.027770
-4.956114
-7.155822
-3.365024
-3.194102
-0.375698
-1.844195
-2.344093
-7.792692
-3.232495
-9.210821
-3.969426
-4.280561
-4.796975
-4.849826
-5.090065
-5.315012
-5.538771
-5.730378
-5.903802
-6.051540
-6.194500
-7.995823
-6.401025
-6.508968
-6.608310
-6.695159
-7.260528
-6.860671
-6.913378
-6.963168
-7.016391
-7.036139
-7.055868
-7.062671
-7.067036
-7.742045
-7.048969
-7.022871
-6.991266
-6.973617
-9.133098
-6.927901
-6.904852
-6.890559
-6.862147
-6.827026
-10.215521
-6.779083
-6.776317
-7.369147
-6.852817
-6.844033
-6.846924
-6.837567
-7.339097
-6.805180
-6.764035
-10.426364
-6.748769
-6.731557
-10.801402
-6.694419
-6.625876
-8.120771
-6.629457
-6.612962
-6.554399
-6.486687
-6.429971
-6.369246
353.675629
351.787903
-6.181009
-6.100236
-10.144954
-5.939161
-5.854701
-5.752480
-5.680063
-5.544000
-5.453697
-5.385004
-5.362289
-8.106557
-5.256490
-8.892762
-5.192073
-5.198188
-5.986392
-5.317490
-5.325207
-5.314948
-5.256897
-5.245294
-5.176190
-5.102150
-5.067390
-6.859509
-4.982075
-4.959987
-4.986733
-4.968170
-4.796146
-3.546424
-1.257435
-1.861708
-2.380963
-2.833005
-3.261304
-3.635966
-3.984056
-5.866313
-4.589733
-4.846035
-5.079048
-5.297288
-9.682135
-5.657575
-5.826321
-10.632244
-6.105438
-6.228509
-11.068610
-6.432279
-6.529392
-8.227126
-6.697875
-6.791650
-6.865044
-6.928184
-6.980112
-7.012651
-7.024992
-10.040986
-7.073637
-7.089976
-11.414323
-7.112193
-7.142268
-9.615520
-7.157661
-7.138106
-7.189459
-7.086592
-7.076055
-7.034787
-6.982656
-7.949928
-6.956463
-6.924707
-7.151528
-6.778764
-6.614322
-6.675357
-6.697668
-6.701190
-6.716688
-6.747091
-6.757977
-9.770213
-6.687469
-6.644791
-6.701582
-6.612705
-7.652988
-6.537542
-6.511601
-6.492821
-6.466444
-6.414148
353.630219
353.682251
-6.252808
-8.234015
-6.104089
-6.017859
-5.934778
-5.873715
-8.182958
-5.775967
-5.738133
-5.707785
-5.626385
-5.581175
-5.508456
-5.475387
-5.449974
-6.492836
-5.398470
-5.444203
-5.461722
-5.463109
-5.994557
-5.431035
-5.356145
-8.822206
-5.258615
-5.221159
-9.209491
-5.164475
-5.147659
-6.576178
-3.631736
-3.524670
-1.242094
-1.887758
-2.399595
-2.841556
-3.251448
-7.624510
-3.963538
-4.269407
-11.201950
-4.833550
-5.078774
-9.766027
-5.509510
-5.678557
-6.283052
-6.015624
-6.171831
-6.303833
-6.421406
-10.746693
-7.121993
-6.684399
-7.307042
-6.818040
-6.875268
-6.950156
-7.008464
-7.027524
-7.065669
-7.106282
-7.109124
-10.477203
-7.103081
-7.111093
-7.156646
-7.078283
-8.564795
-7.106842
-7.110714
-7.057673
-7.058166
-7.066301
-7.030562
-6.915680
-6.897519
-8.975894
-6.886162
-6.874448
-6.857483
-6.827964
-9.546143
-6.748790
-6.716961
-6.802784
-6.692284
-6.664471
-6.615124
-6.564386
-6.534843
-7.492407
-6.450998
-6.399778
-6.366801
-6.336614
-6.276006
-6.211934
353.843536
350.680054
-6.024925
-5.991758
-10.102947
-5.910720
-5.870301
-8.060565
-5.823100
-5.794258
-5.790316
-5.791168
-5.774941
-5.750906
-5.807181
-7.918490
-5.723721
-5.662661
-9.685807
-5.539300
-5.467672
-8.582825
-5.384622
-5.316800
-5.600789
-5.178813
-5.153478
-5.118679
-5.108535
-8.766950
-5.490678
-4.994323
-4.246934
-3.488005
-1.220770
-1.859782
-2.384022
-2.840914
-3.261687
-3.639224
-3.991009
-10.162693
-4.609383
-4.875959
-5.230896
-5.347142
-7.752049
-5.730037
-5.895849
-6.047582
-6.189883
-6.307723
-6.411033
-6.503381
-6.585836
-9.207404
-6.725436
-6.779392
-6.820454
-6.863978
-10.239859
-6.934155
-6.971751
-7.241558
-7.026050
-7.060493
-7.062435
-7.088031
-7.090950
-8.459818
-7.097886
-7.084606
-7.072451
-7.073253
-7.072100
-7.065481
-7.051517
-9.977675
-6.937366
-6.898301
-11.053629
-6.819110
-6.812732
-9.575953
-6.817544
-6.809073
-6.901035
-6.773087
-6.769042
-6.737950
-6.689423
-7.864704
-6.614647
-6.570044
-10.615106
-6.491097
-6.445375
-10.196737
-6.307930
-6.227151
353.082703
353.884094
-6.116204
-6.100222
-6.105783
-6.085573
-6.836090
-6.005169
-7.283968
-5.916109
-5.875475
-5.815469
-5.775474
-5.726591
-5.679497
-5.593371
-5.529156
-8.869100
-5.379134
-5.349899
-5.559797
-5.331204
-8.136136
-5.310270
-5.289223
-5.271635
-5.181884
-5.120721
-5.062712
-5.006787
-4.962185
-7.484650
-3.433452
-3.318302
-0.589469
-1.876748
-2.387861
-2.847608
-3.273920
-5.356251
-4.011814
-4.330845
-4.625762
-4.889346
-5.128006
-8.111073
-5.541793
-5.716963
-5.877383
-6.026661
-6.158553
-6.254347
-6.337504
-8.183584
-6.485781
-6.574893
-11.066124
-6.725749
-6.785673
-11.073519
-6.891183
-6.919222
-7.960618
-6.982324
-7.003867
-7.023135
-7.027382
-7.039656
-7.040495
-7.033316
-8.103434
-7.012920
-6.996007
-6.979905
-6.969237
-6.956663
-6.967909
-6.940576
-6.917463
-6.902789
-6.880329
-6.846991
-8.000774
-6.822855
-9.828851
-6.768277
-6.726319
-6.754618
-6.682571
-6.628230
-6.591150
-6.553949
-6.518492
-6.479845
-6.440889
-6.381459
-6.686986
-6.319416
-6.296810
-6.263297
353.773102
353.071686
-6.187224
-6.159877
-6.137175
-6.106487
-6.062052
-9.093439
-5.965346
-5.901875
-5.917780
-5.806002
-5.744506
-5.699201
-5.670113
-7.677153
-5.575116
-5.536883
-9.570322
-5.480014
-5.432537
-8.809293
-5.370462
-5.335965
-5.810817
-5.281429
-5.233295
-5.198510
-5.169024
-5.112826
-5.092355
-5.011023
-6.966586
-3.482999
-1.244048
-13.206448
-2.358041
-2.808375
-7.226148
-3.593058
-3.943239
-4.252871
-4.554557
-4.816249
-5.053741
-5.281162
-8.998272
-5.664203
-5.822701
-6.061386
-6.103929
-6.226303
-6.331516
-6.424473
-6.505903
-6.576147
-6.651322
-6.725729
-8.407607
-6.840717
-10.765951
-6.914628
-6.942114
-7.541467
-6.991598
-7.015291
-7.023161
-7.030903
-7.029191
-7.037831
-7.040533
-7.035825
-7.715233
-7.025954
-7.029049
-7.036200
-7.047679
-9.044131
-7.003161
-6.985509
-6.955058
-6.915484
-6.891955
-10.227117
-6.812865
-6.769909
-6.952781
-6.712762
-6.677735
-6.640169
-6.621258
-7.260450
-6.558066
-6.520758
-10.194597
-6.459965
-6.436947
-10.470026
-6.367011
-6.329072
352.062744
353.738281
-6.234667
-6.176529
-6.149469
-6.101078
-6.064429
-6.024321
-8.251534
-5.941476
-5.905869
-9.976776
-5.824761
-5.776300
-8.977619
-5.696904
-5.666013
-5.624815
-5.572565
-5.534751
-8.474649
-5.434449
-9.074399
-5.407887
-5.309297
-5.956607
-5.229928
-5.186967
-5.145931
-5.115107
-5.084576
-5.016941
-3.596615
-3.508909
91.222008
-1.864508
-2.356401
-2.814509
-3.221423
-7.036211
-3.951715
-4.261860
-4.567405
-4.825436
-5.070667
-5.290123
-5.492147
-5.669289
-7.376787
-5.980363
-6.131226
-6.243044
-6.353015
-10.365623
-6.532228
-6.606180
-10.689032
-6.744338
-6.796905
-11.282816
-6.895360
-6.917772
-8.626447
-6.975466
-6.985878
-7.018773
-7.020514
-7.038485
-7.042246
-7.044688
-9.271191
-7.048177
-7.030896
-11.292494
-7.028209
-7.012520
-10.305420
-6.982241
-6.966504
-7.219382
-6.926686
-6.896114
-6.879305
-6.859007
-7.454377
-6.803842
-6.771493
-7.372258
-6.736133
-6.698239
-6.662799
-6.623275
-6.590878
-6.554321
-6.531362
-6.483188
-9.936477
-6.412866
-6.380576
-6.724963
353.692108
351.967438
-6.229749
-6.190312
-6.170588
-6.122265
-6.083034
-6.050850
-6.027227
-5.969685
-8.597469
-5.895683
-5.852792
-5.768255
-5.770216
-8.987046
-5.673123
-5.630184
-5.898720
-5.527962
-5.479058
-5.431150
-5.397879
-5.357296
-6.990548
-5.271724
-5.236458
-5.195286
-5.147645
-5.106713
-5.080512
-5.008912
-5.769233
-3.498165
-1.245209
-13.404250
-2.350049
-2.806517
-9.930452
-3.584814
-3.944352
-4.683180
-4.562214
-4.823974
-5.064076
-5.291277
-6.105970
-5.661861
-5.835579
-10.438461
-6.118258
-6.243102
-11.108665
-6.437099
-6.525208
-6.593692
-6.671509
-6.737829
-6.786907
-6.836976
-6.885813
-8.048470
-6.947160
-9.365753
-6.997435
-7.026443
-7.062626
-7.043409
-7.043510
-7.051341
-7.054337
-7.046917
-7.028868
-7.024042
-7.015867
-7.389158
-6.983325
-10.517266
-6.957863
-6.948531
-7.375484
-6.889946
-6.884059
-6.862347
-6.835022
-6.806396
-9.873746
-6.761735
-6.729563
-6.754984
-6.656502
-6.622019
-6.591438
-6.557996
-8.431862
-6.473503
-6.451536
-10.535419
-6.384728
-6.347404
350.252228
353.725372
-6.236470
-6.618306
-6.156818
-6.108700
-6.078650
-6.033050
-6.007802
-5.958552
-5.923395
-6.757421
-5.979232
-5.800876
-5.768208
-5.720850
-5.679318
-5.647730
-5.584381
-5.556088
-5.498804
-5.466475
-5.413507
-7.829975
-5.327458
-7.843740
-5.232845
-5.182254
-5.208912
-5.090744
-5.059065
-4.993128
-3.578918
-3.501153
-1.263240
-1.864358
-2.349585
-6.039492
-3.223513
-3.596234
-3.948361
-4.265985
-5.489091
-4.825088
-5.068611
-5.288825
-5.485485
-5.656246
-5.828278
-5.979731
-6.117330
-7.077447
-6.343535
-6.439208
-6.523287
-6.594503
-9.023590
-6.731569
-6.782979
-6.852199
-6.885000
-6.917575
-10.663586
-6.975816
-6.987621
-7.502494
-7.019948
-7.037184
-7.038917
-7.052427
-7.051093
-7.046299
-7.037706
-10.504064
-7.026160
-7.014084
-11.204225
-6.977036
-6.954721
-8.914047
-6.925941
-6.891257
-6.880002
-6.846337
-6.820973
-6.790809
-6.772340
-8.590518
-6.723128
-6.692816
-10.803000
-6.621404
-6.590400
-6.564088
-6.535228
-6.489157
-6.463776
-6.426131
-6.382748
-9.271462
353.694794
349.944794
-6.272971
-6.176789
-6.965445
-6.106733
-6.071559
-6.032736
-6.003568
-5.952623
-5.924092
-5.881571
-5.823395
-7.755047
-5.754589
-5.718828
-5.674755
-5.641146
-7.494676
-5.538528
-5.501543
-5.462589
-5.409265
-5.371421
-5.333496
-5.281682
-5.246806
-6.285426
-5.142748
-5.090785
-5.065697
-4.992957
-7.021610
-3.488535
-1.264238
-12.089479
-2.355103
-2.808362
-12.137654
-3.590026
-3.945862
-7.066424
-4.558676
-4.821495
-5.067887
-5.283839
-5.484901
-5.659299
-5.828462
-8.332226
-6.115441
-6.234476
-11.159034
-6.430271
-6.514112
-10.303327
-6.661378
-6.723412
-7.138997
-6.819314
-6.871119
-6.900991
-6.935947
-10.958097
-7.658991
-7.003453
-7.766829
-7.024316
-7.029720
-7.040091
-7.042542
-7.036962
-7.023568
-7.014760
-7.011905
-10.640117
-6.984117
-6.974748
-7.119227
-6.938791
-8.827049
-6.881811
-6.859983
-6.854670
-6.811895
-6.784471
-6.759568
-6.739182
-6.710111
-9.217009
-6.640847
-6.606460
-6.584854
-6.544322
-9.971579
-6.475196
-6.453284
-6.821599
-6.376368
-6.343647
353.693512
353.736633
-6.235842
-7.845349
-6.149893
-6.093715
-6.056150
-6.026329
-5.983418
-5.938307
-5.900322
-7.837943
-5.814584
-5.775495
-9.899668
-5.694103
-5.652837
-8.906557
-5.556247
-5.529314
-5.825000
-5.435480
-5.398938
-5.357767
-5.308395
-5.786808
-5.222101
-5.171763
-8.616030
-5.092083
-5.054461
-9.024838
-3.557150
-3.479259
-1.268978
-1.857514
-2.356948
-2.806913
-3.212810
-3.592061
-5.650301
-4.258690
-8.260024
-4.822028
-5.070879
-5.327717
-5.484532
-5.667697
-5.833404
-5.977330
-6.114075
-6.230070
-6.337492
-6.427462
-6.949017
-6.591433
-10.538271
-6.729462
-6.790460
-7.321879
-6.885439
-6.916118
-6.952301
-6.974234
-6.990745
-10.186178
-7.011580
-7.029148
-7.063779
-7.041587
-7.046189
-7.041855
-7.027932
-9.227597
-7.016571
-7.002726
-11.208918
-6.975267
-6.959038
-10.353858
-6.925436
-6.887726
-7.229284
-6.850921
-6.824900
-6.798419
-6.775824
-7.246405
-6.733224
-6.693240
-10.206097
-6.623016
-6.590099
-10.676354
-6.520652
-6.480715
-8.259597
-6.401118
-6.360126
-6.322050
353.713379
353.758453
-6.196131
-6.148239
-8.686216
-6.062310
-6.019213
-6.058226
-5.934733
-5.895441
-5.861760
-5.812122
-5.763671
-5.696223
-5.661165
-5.618138
-6.961371
-5.554177
-5.484237
-5.453396
-5.409144
-5.778410
-5.323471
-5.298815
-5.274893
-5.211023
-5.178101
-5.119519
-5.075020
-5.031355
-5.641981
-4.928927
-3.515612
-3.445969
-1.271341
-6.055389
-2.361770
-2.809167
-3.264248
-3.593858
-3.942460
-10.235721
-4.569795
-4.838140
-5.607807
-5.304453
-5.489928
-5.685650
-5.845821
-6.011311
-6.114154
-6.233297
-10.762810
-6.424325
-6.505847
-11.184239
-6.633877
-6.691416
-8.632210
-6.762669
-6.827187
-6.839503
-6.827903
-6.869670
-6.869461
-6.906765
-8.415439
-6.920835
-6.936642
-11.184142
-6.981835
-6.988816
-7.002079
-6.991994
-6.992077
-6.966553
-6.956004
-6.942393
-10.053921
-6.910227
-6.887548
-6.946206
-6.836357
-7.624419
-6.766078
-6.718922
-6.671295
-6.606472
-6.529575
-6.455358
-6.508697
-6.478803
-8.783136
-6.398634
-6.345512
-6.292926
-6.261862
-8.725118
-6.165780
-6.088744
353.867462
353.924316
-6.113827
-6.076330
-6.070717
-6.056545
-7.395893
-6.021863
-5.977845
-5.915385
-5.864382
-5.806426
-5.739219
-5.674408
-8.968999
-5.536080
-5.466913
-9.520905
-5.306147
-5.220549
-7.579232
-5.090836
-5.027785
-5.024467
-4.906001
-4.858872
-4.774477
-4.754384
-6.047195
-4.858866
-4.827474
-8.830908
-3.468522
-3.452898
103.176643
-1.883920
-2.373518
-4.042058
-3.242610
-3.616882
-3.963265
-4.272884
-4.577561
-6.060280
-5.049630
-6.955160
-5.426161
-5.583297
-5.757059
-5.895672
-6.044031
-6.163182
-6.271092
-6.370926
-10.856162
-6.513287
-6.577365
-6.893759
-6.667115
-8.967397
-6.814030
-6.856976
-6.941837
-6.996322
-7.012309
-7.034995
-7.034400
-7.032133
-9.954473
-6.997416
-6.975005
-6.967844
-6.906375
-6.865472
-6.834614
-6.796577
-7.783516
-6.759139
-6.764917
-11.004590
-6.759210
-6.724185
-9.037209
-6.684352
-6.616361
-6.601415
-6.576669
-6.577976
-6.583301
-6.637191
-8.505885
-6.650556
-6.609019
-10.684387
-6.514068
-6.447862
-9.915699
-6.328363
-6.244682
-6.748636
353.918213
354.016907
-5.881395
-5.790637
-5.799040
-5.795605
-5.741388
-7.035954
-5.677741
-5.588465
-5.493011
-5.510556
-5.510914
-5.469420
-5.494769
-5.495809
-5.527032
-5.598839
-5.599639
-6.516755
-5.474386
-8.099070
-5.327603
-5.269589
-5.310212
-5.093237
-5.017359
-4.929127
-4.791683
-4.666439
-4.595896
-4.543810
-3.140604
-3.538456
-1.250222
-1.874494
-2.379678
-2.820792
-4.970395
-3.613296
-3.968661
-4.279072
-4.590464
-4.862326
-9.778095
-5.322614
-5.527672
-5.848591
-5.856527
-5.990782
-6.121260
-6.228539
-7.606106
-6.391844
-6.472286
-10.919781
-6.565915
-6.632245
-11.064358
-6.745767
-6.799292
-8.067081
-6.852819
-6.866940
-6.876883
-6.943772
-6.959402
-6.968021
-7.005774
-10.172949
-7.069640
-7.061793
-11.330224
-7.038829
-7.032635
-9.518770
-6.968736
-6.947468
-6.979187
-6.878296
-6.823843
-9.772034
-6.728454
-10.258187
-6.695311
-6.629467
-7.107238
-6.595174
-6.550297
-6.389979
-6.394195
-6.351871
-6.368173
-6.313748
-6.291786
-8.218848
-6.268310
-6.271235
-6.313804
-6.290631
352.425720
353.796936
-6.159152
-6.105085
-6.075566
-5.999445
-5.921118
-5.845206
-5.779893
-6.715432
-5.666525
-5.620372
-5.570610
-5.512109
-8.484930
-5.011152
-5.301410
-5.543550
-5.373021
-5.312073
-9.171724
-5.181821
-5.141535
-6.305702
-5.198348
-5.190041
-5.166101
-5.130215
-5.070826
-5.013057
-4.965806
-6.921646
-3.419218
-3.314378
105.405540
-1.863921
-2.378463
-10.828861
-3.243593
-3.622039
-4.475884
-4.281039
-4.572876
-4.832860
-5.077743
-6.124253
-5.505583
-5.683451
-6.585588
-5.991913
-6.127308
-6.234325
-6.335669
-6.424158
-6.501924
-6.575681
-6.643448
-10.663966
-6.748484
-6.803536
-7.110178
-6.904265
-9.233807
-6.972551
-6.973014
-6.979250
-6.991684
-7.033041
-7.061324
-7.055477
-7.020343
-9.800461
-6.972300
-6.981333
-7.016543
-6.987979
-10.461605
-6.944784
-6.915024
-7.409936
-6.864087
-6.829130
-6.799003
-6.763248
-6.705652
-8.783906
-6.578076
-6.528361
-6.551076
-6.514452
-6.493424
-6.379465
-6.357614
-8.204400
-6.351332
-6.323607
-10.456542
-6.313023
-6.305867
-9.579353
353.746552
353.802032
-6.559305
-6.082463
-6.031785
-5.983038
-5.949286
-5.915188
-5.882701
-5.808970
-6.989465
-5.650383
-5.568943
-5.486181
-5.451424
-5.365858
-5.219790
-5.129476
-5.146688
-5.196561
-5.227037
-5.256543
-6.579440
-5.185571
-7.663527
-5.171176
-5.149052
-5.207656
-5.059276
-5.020065
-4.966775
-4.875191
-3.458543
-3.370157
-1.223065
-1.841914
-3.754760
-2.804864
-3.211505
-3.583380
-3.938840
-6.099830
-4.554926
-4.814876
-5.050914
-5.262966
-5.461480
-9.901643
-5.787433
-5.952038
-6.307554
-6.245550
-6.347872
-6.439262
-6.523805
-8.038461
-6.657664
-6.705972
-11.135308
-6.776334
-6.799624
-11.059878
-6.827316
-6.834155
-7.910192
-6.863820
-6.885065
-6.908394
-6.862128
-6.728375
-6.830037
-6.928150
-9.691583
-6.924369
-6.932798
-11.140789
-6.901575
-6.939136
-9.522408
-6.939706
-6.906441
-6.903470
-6.815184
-6.767353
-9.641915
-6.669369
-10.101697
-6.657957
-6.575023
-7.093516
-6.478958
-6.445677
-6.431940
-6.378757
-6.280899
-6.261207
-6.228926
-6.177402
-8.127301
-6.183671
353.880219
353.859344
-6.158387
-7.322799
-6.081099
-6.028432
-5.991251
-5.955186
-5.919693
-5.875237
-5.837963
-5.784338
-6.935828
-5.648111
-5.585377
-5.532501
-5.472650
-8.882214
-5.321945
-5.244659
-8.723254
-5.043830
-4.947045
-8.743950
-4.993755
-5.039285
-6.310273
-4.894034
-4.907790
-4.932031
-4.969002
-4.890453
-3.485454
-3.396774
16.482193
-1.834551
-2.331922
-12.620242
-3.191787
-3.562739
-10.094891
-4.228098
-4.538486
-5.461709
-5.038709
-5.257359
-5.437653
-5.625371
-10.567139
-6.647361
-6.093923
-6.940963
-6.303794
-6.397248
-6.484639
-6.563040
-6.625900
-6.681446
-6.719030
-6.755691
-10.742331
-6.852595
-6.886671
-7.162346
-6.917733
-9.387005
-6.939177
-6.942200
-6.971632
-6.935747
-6.886875
-6.920261
-6.932999
-6.927648
-9.656931
-6.934847
-6.906650
-6.917115
-6.889657
-6.896792
-6.871627
-6.847510
-7.332830
-6.771117
-6.752875
-6.727371
-6.699244
-6.676508
-8.824450
-6.627903
-6.588951
-6.569823
-6.513192
-6.458767
-6.421860
-6.364766
-8.027193
-6.280620
-6.268957
-10.382734
353.792999
353.836151
-9.468106
-6.111110
-6.082670
-6.407931
-5.985267
-5.938479
-5.901292
-5.858079
-5.831638
-5.792684
-5.740503
-6.839078
-5.630143
-5.565272
-5.516267
-5.480500
-5.398245
-5.242849
-5.245267
-5.196649
-5.222985
-5.199648
-5.172672
-6.160891
-5.116513
-7.665513
-5.048082
-5.003837
-5.056346
-4.871670
-3.436847
-3.355114
-1.244334
-1.821191
-2.340569
-2.796081
-3.213110
-4.319305
-3.947979
-4.259947
-4.548301
-4.811843
-6.207299
-5.264394
-5.466043
-5.643403
-5.802320
-5.952366
-9.844598
-6.200256
-6.307543
-6.461187
-6.481269
-6.547257
-6.609540
-6.669048
-8.190625
-6.764335
-6.810321
-11.196483
-6.883425
-6.915018
-10.864027
-6.960658
-6.967844
-7.560749
-6.961862
-6.982506
-6.983699
-6.973875
-6.982204
-6.968648
-6.934390
-10.512781
-6.919606
-6.917565
-11.108884
-6.882981
-6.838228
-8.925971
-6.781265
-6.753699
-6.757240
-6.703458
-6.667443
-9.006681
-6.622861
-9.686488
-6.544418
-6.492874
-6.620931
-6.422922
-6.357643
-6.353114
-6.371446
-6.366134
-6.321686
-6.292721
353.738678
352.228638
-6.174916
-6.119620
-6.069775
-6.023460
-6.812102
-5.934081
-5.909407
-5.852178
-5.808716
-5.737796
-5.682365
-5.635953
-5.601633
-6.292414
-5.317106
-5.318460
-5.308202
-5.361087
-7.659165
-5.136489
-5.268720
-5.291289
-5.260420
-5.206782
-8.777268
-5.104144
-5.058825
-5.702141
-4.963804
-4.904058
-3.484801
-3.411183
-1.224595
-1.839264
-2.342809
-9.900147
-3.221068
-3.586146
-11.525515
-4.252223
-4.545780
-7.929231
-5.042472
-5.258915
-5.469963
-5.636657
-5.812572
-5.952824
-6.092399
-7.816073
-6.311799
-6.396234
-11.046024
-6.540405
-6.606455
-6.674769
-6.720273
-6.772662
-6.831574
-6.857376
-6.893632
-10.123532
-6.925417
-6.925322
-7.026443
-6.925319
-8.162524
-6.982117
-6.966576
-6.944894
-6.977621
-6.987029
-6.993785
-6.983826
-6.966311
-9.081944
-6.931561
-6.922644
-6.886565
-6.850563
-9.743921
-6.784565
-6.737453
-6.904532
-6.630901
-6.610597
-6.594530
-6.562482
-6.448181
-7.503633
-6.368802
-6.432402
-6.415126
-6.395051
-6.370803
-6.320044
-6.308490
-9.129982
353.761108
353.811127
349.702179
-6.121819
-6.105483
-8.837129
-6.041357
-6.001522
-6.102387
-5.888979
-5.830204
-5.762303
-5.705410
-6.505682
-5.535654
-5.461412
-9.332985
-5.405224
-5.418216
-9.092098
-5.213036
-5.192503
-6.045381
-5.272035
-5.243406
-5.206447
-5.176544
-5.105715
-5.701437
-5.018364
-6.635944
-4.917299
-3.506170
-3.447099
-1.217669
-1.844632
-2.355186
-2.805657
-3.218971
-10.387103
-3.922448
-4.225639
-4.734799
-4.792439
-8.874966
-5.254859
-5.433299
-5.708620
-5.790046
-5.937777
-6.082871
-6.198787
-6.308788
-9.292567
-6.465574
-6.538745
-6.629574
-6.673244
-6.722279
-6.757888
-6.792181
-9.374635
-6.866718
-6.900860
-11.305480
-6.936785
-6.947329
-9.901871
-6.965834
-6.991167
-7.100622
-6.998614
-6.994984
-7.000969
-7.007493
-8.279964
-6.981583
-6.934245
-10.918294
-6.857914
-6.836903
-10.898441
-6.792255
-6.749382
-7.990219
-6.659554
-6.603853
-6.572430
-6.554710
-6.534165
-6.490282
-6.437891
-8.213458
-6.397759
-6.440383
-6.439229
-6.374682
-6.358908
-6.362434
-6.348278
353.678101
353.725525
-6.241551
-6.172950
-7.531422
-6.055562
-9.294480
-5.982876
-5.945703
-6.061510
-5.811572
-5.690368
-5.583232
-5.489610
-5.388968
-5.290535
-5.300919
-5.280334
-5.605759
-5.161139
-5.128027
-5.071383
-5.059484
-6.537034
-5.205628
-5.216583
-5.252830
-5.268984
-5.216890
-8.273919
-5.128897
-5.011146
-3.652393
-3.461743
-1.226849
-1.843307
-2.348355
-4.862091
-3.188699
-3.517557
-11.039964
-4.184467
-4.490613
-10.740830
-4.985651
-5.209424
-7.071520
-5.578262
-5.750154
-5.874334
-6.040750
-6.192016
-6.300881
-6.409590
-9.743754
-6.596480
-6.667540
-11.309398
-6.782033
-6.821265
-9.575450
-6.876803
-6.891192
-6.907245
-6.906654
-6.905700
-9.614528
-6.855930
-10.418099
-6.866789
-6.883169
-7.316222
-6.876746
-6.867378
-6.872392
-6.795464
-6.756358
-6.807402
-6.813869
-6.750797
-8.339421
-6.924677
-6.945313
-6.907010
-6.883387
-7.623225
-6.802571
-6.757719
-6.708745
-6.643748
-6.595836
-6.543103
-6.465586
-6.391407
-6.959123
-6.209639
-6.099972
-6.064609
-6.040965
-9.099792
353.962189
353.963684
350.065735
-6.003425
-6.008754
-9.902064
-6.029021
-6.045809
-6.848899
-6.011267
-5.971999
-5.934055
-5.885358
-5.822145
-5.756788
-5.675170
-8.470591
-5.531364
-5.439574
-9.458264
-5.179246
-4.918066
-7.674416
-4.953338
-4.978005
-5.062276
-4.844794
-4.705691
-4.623968
-4.583869
-7.687595
-4.559434
-3.243924
-3.632163
-1.234854
-1.870696
-2.365280
-2.826202
-3.247521
-3.633636
-3.992601
-4.304057
-9.157668
-4.865365
-5.091165
-5.465481
-5.500522
-6.985363
-5.818022
-5.962881
-6.083489
-6.183149
-6.280023
-6.368027
-6.455812
-6.553933
-8.700119
-6.679672
-6.702842
-6.742549
-6.777236
-9.693365
-6.850946
-6.905824
-7.090646
-7.090768
-7.102303
-7.105574
-7.112041
-7.117495
-8.129262
-7.090371
-7.063756
-7.023700
-6.999734
-6.950591
-6.873981
-6.763142
-9.607199
-6.752402
-6.725250
-10.928124
-6.686483
-6.662264
-9.481310
-6.538161
-6.430736
-6.576173
-6.582973
-6.633981
-6.614141
-6.581106
-8.155961
-6.580112
-6.582097
-10.605958
-6.497489
-6.440843
-9.971534
-6.321804
353.738617
352.778656
-6.094525
-5.985707
-5.895427
-5.764978
-5.681774
-6.136582
-5.635106
-7.149682
-5.533391
-5.482757
-5.427148
-5.382526
-5.331568
-5.292024
-5.451784
-5.511481
-8.576646
-5.513106
-5.549914
-5.605845
-5.472594
-7.578412
-5.385098
-5.318763
-5.279597
-5.153178
-5.072616
-4.999130
-4.944011
-4.806769
-5.518647
-3.123325
-1.255727
-1.858511
-2.357016
-2.812938
-3.234462
-3.615939
-9.584785
-4.279741
-4.576066
-11.113205
-5.089607
-5.319643
-7.633152
-5.705772
-5.893427
-6.047319
-6.187629
-6.303726
-6.409559
-6.493746
-8.878105
-6.605580
-6.663818
-11.258984
-6.736475
-6.765182
-10.379338
-6.776907
-6.807467
-7.319085
-6.875165
-6.892846
-6.891369
-6.892066
-7.340713
-6.926635
-6.910056
-10.608359
-6.992340
-6.991489
-7.036344
-7.058672
-7.081522
-7.070138
-7.045597
-7.019053
-6.985207
-6.927922
-6.873254
-7.153074
-6.758217
-9.026671
-6.615574
-6.575831
-6.529220
-6.432777
-6.363787
-6.371953
-6.362272
-6.337121
-9.419289
-6.154137
-6.139041
-6.101779
-6.066619
-9.514016
353.754486
353.760315
-6.427975
-6.282301
-6.249040
-6.191905
-6.130764
-6.083648
-8.325477
-5.955095
-5.876226
-5.807259
-5.757074
-5.684667
-5.574476
-5.469172
-7.584647
-5.233199
-5.169598
-9.270461
-5.085741
-5.071950
-8.183969
-4.986294
-4.981851
-5.233864
-4.926197
-5.087759
-5.088503
-5.077076
-6.060835
-5.044071
-3.634594
-7.393897
-1.305547
-1.906077
-12.685820
-2.856897
-3.261810
-6.163224
-3.982444
-4.289249
-4.582199
-4.837914
-5.068904
-7.508677
-5.493934
-8.320737
-5.837809
-5.970705
-6.113713
-6.214695
-6.318157
-6.408047
-6.484152
-6.545956
-6.668625
-6.775928
-6.845970
-7.773262
-6.932893
-10.155330
-6.970294
-6.983200
-7.185740
-6.995811
-6.982737
-6.976586
-6.943025
-6.927172
-10.517509
-6.903186
-6.897072
-7.131843
-6.844586
-6.837879
-6.862513
-6.752528
-8.052354
-6.868795
-6.827293
-6.561380
-6.559031
-6.748352
-9.571660
-6.775872
-6.766781
-6.802730
-6.753414
-6.712364
-6.675025
-6.664011
-7.871088
-6.587297
-6.540501
-10.543066
-6.448066
-6.376953
-9.944213
-6.143195
353.897156
353.104736
-6.045553
-6.037863
-6.048314
-6.019361
-6.006960
-5.993353
-5.993924
-7.470168
-5.963256
-5.892514
-5.861944
-5.828797
-5.794259
-5.747215
-5.712403
-5.668589
-5.597119
-5.548480
-5.465786
-7.358575
-5.320207
-8.393745
-5.241412
-5.198415
-5.394427
-5.114895
-5.076215
-5.035563
-5.011281
-4.946915
-3.549367
-3.481134
-1.287665
-3.610072
-2.376004
-2.813744
-3.219271
-3.596139
-5.750493
-4.250242
-4.547379
-4.814255
-5.046338
-5.267147
-5.464370
-5.635319
-5.802986
-6.425851
-6.077974
-6.200058
-6.295720
-6.385903
-7.736985
-6.538754
-6.615321
-11.058872
-6.745557
-6.801292
-11.039552
-6.886044
-6.920322
-7.912154
-6.966193
-7.000230
-7.007629
-7.016658
-7.014827
-7.009974
-7.016091
-9.898009
-6.989683
-6.967938
-11.231474
-6.937176
-6.945355
-9.555713
-6.896057
-6.888794
-6.947244
-6.837640
-6.824753
-6.806483
-6.793037
-10.029808
-6.920269
-6.731723
-6.986241
-6.677393
-6.654029
-6.618686
-6.597449
-6.544609
-6.517374
-6.467191
-6.425964
-9.171252
-6.341807
-6.291615
353.730103
353.775116
-7.287104
-6.147159
-6.121820
-6.074727
-6.035728
-6.006412
-5.975782
-5.936203
-5.922303
-7.472897
-5.830348
-5.794878
-5.763564
-5.720017
-8.406421
-5.654737
-5.583712
-5.655864
-5.496973
-5.443786
-5.393645
-5.334176
-5.271689
-5.952980
-5.158976
-5.102184
-5.034845
-4.999609
-4.986187
-4.924054
-3.523863
-6.401819
-1.282870
-1.870286
-13.161542
-2.811326
-3.215440
-8.262101
-3.922605
-4.233494
-4.599971
-4.790172
-5.026045
-5.243582
-5.440105
-7.108321
-5.776317
-5.921340
-10.886724
-6.167174
-6.271458
-10.737226
-6.449293
-6.522834
-6.586682
-6.650436
-6.708070
-6.760872
-6.816127
-6.847573
-7.237317
-6.915294
-8.270334
-6.962757
-6.971354
-6.981586
-6.982762
-6.989763
-6.985830
-6.980469
-6.969739
-9.971555
-6.957462
-6.941158
-6.982402
-6.905141
-9.359653
-6.868276
-6.836459
-6.852271
-6.799604
-6.782564
-6.767977
-6.735922
-6.714762
-8.644845
-6.677831
-6.640880
-6.609346
-6.583142
-6.548641
-6.519091
-6.496036
-9.695767
-6.409503
-6.370246
-10.464018
-6.275864
353.749786
351.700073
-6.161884
-6.118923
-6.098898
-6.035344
-6.006700
-5.975444
-5.958625
-7.592401
-5.874313
-5.841191
-9.873110
-5.764908
-5.726667
-9.187143
-5.648910
-5.615833
-6.020304
-5.522019
-5.476127
-5.441702
-5.387531
-5.780371
-5.302077
-5.245223
-6.011541
-5.159729
-5.106022
-5.054824
-5.022291
-4.932291
-3.521869
-3.447362
-1.283881
-1.883701
-2.368955
-2.812391
-4.257432
-3.580306
-7.843018
-4.232913
-4.533725
-4.801243
-5.029788
-5.250727
-5.439347
-5.615306
-5.777277
-9.642294
-6.061527
-6.178386
-6.350296
-6.377729
-10.321731
-6.531594
-6.614635
-7.079022
-6.730591
-6.777532
-6.825498
-6.855891
-6.888001
-9.112913
-6.929614
-6.955471
-6.969336
-6.976067
-6.979590
-6.981171
-6.980448
-9.315141
-6.971597
-6.956225
-11.224404
-6.943747
-6.931682
-10.033737
-6.883899
-6.873795
-7.053249
-6.817607
-6.800253
-6.777134
-6.761502
-7.504113
-6.708902
-6.692518
-10.459475
-6.636536
-6.598964
-10.601055
-6.542971
-6.501333
-7.767203
-6.435486
-6.404298
-6.364672
-6.329855
-6.283391
352.423187
353.785706
-8.034709
-6.125630
-6.098434
-6.047857
-6.012765
-5.984269
-5.949309
-5.906847
-5.873767
-5.831356
-5.795527
-5.754294
-6.237333
-5.671168
-8.608725
-5.603792
-5.549219
-5.670596
-5.464844
-5.413371
-5.371132
-5.322202
-5.274504
-8.381112
-5.184398
-5.129956
-5.178566
-5.038315
-5.017128
-4.956678
-3.525076
-4.553365
-1.269620
-1.875068
-2.368108
-2.800739
-3.206697
-8.447062
-3.922489
-4.227764
-4.613051
-4.787501
-5.022760
-5.240665
-5.433790
-7.163427
-5.777922
-5.914571
-10.907758
-6.167406
-6.279289
-10.694048
-6.455324
-6.526077
-7.400359
-6.668514
-6.713912
-6.764125
-6.815928
-6.839018
-6.882013
-6.903047
-8.185386
-6.952899
-6.956762
-6.968267
-6.968553
-6.973579
-6.977798
-6.964268
-6.963865
-6.951027
-6.947449
-6.932839
-8.388282
-6.893920
-9.735606
-6.869444
-6.846840
-6.919582
-6.795527
-6.768002
-6.744809
-6.723088
-6.696731
-6.683420
-6.664635
-6.621755
-7.203436
-6.568703
-6.536278
-6.498805
-6.470955
-7.067183
-6.398370
-6.356927
-6.314077
-6.273596
353.763885
350.445923
-6.158005
-6.111246
-6.236814
-6.040645
-6.005812
-5.972521
-5.950716
-7.663326
-5.870297
-5.817955
-9.861745
-5.738393
-5.698294
-9.130358
-5.617730
-5.595568
-5.964365
-5.501843
-5.443472
-5.399983
-5.356891
-5.824720
-5.264750
-5.221412
-8.646560
-5.123050
-5.078558
-9.088481
-4.999827
-4.929542
-5.226738
-3.435819
-1.284851
-1.866940
-2.356866
-2.807501
-3.206970
-3.570136
-7.967689
-4.250515
-4.518904
-4.826337
-5.022767
-5.239860
-5.434542
-5.607117
-5.769972
-5.920291
-6.054321
-6.172546
-8.464340
-6.370646
-6.455314
-6.533337
-6.600635
-7.064059
-6.716629
-6.764519
-6.811942
-6.848306
-6.881605
-6.904522
-6.919565
-6.948866
-7.868383
-6.973734
-6.973300
-6.973576
-6.979840
-8.597145
-6.961843
-6.950952
-6.946383
-6.926952
-6.927113
-10.595643
-6.881911
-6.883364
-7.134501
-6.821678
-6.803450
-6.778930
-6.757295
-7.572470
-6.686403
-6.679131
-10.518010
-6.619133
-6.577422
-10.550689
-6.518956
-6.489052
-7.613127
-6.418506
-6.389395
-6.357432
-6.315716
-6.276383
353.755463
353.795715
351.151733
-6.116710
-6.098625
-10.175532
-6.005935
-5.978108
-8.592742
-5.896684
-5.861705
-5.900928
-5.782605
-5.741890
-8.748343
-5.657056
-8.728875
-5.629541
-5.520922
-5.703368
-5.440187
-5.400414
-5.352212
-5.312346
-5.272011
-5.222628
-5.179788
-5.131616
-7.039737
-5.048977
-5.017749
-4.935987
-3.508232
-4.263932
-1.262134
-1.865055
-2.366032
-2.806340
-3.203862
-3.571598
-3.915249
-4.228727
-6.054221
-4.787016
-5.012453
-5.231356
-5.429481
-8.622461
-5.759067
-5.912788
-6.084780
-6.161153
-6.268690
-6.363302
-6.445929
-6.521035
-7.191447
-6.654874
-6.710568
-6.757967
-6.805414
-6.834236
-6.860590
-6.894567
-10.381395
-6.936860
-6.938836
-11.280244
-6.960960
-6.968303
-9.020096
-6.963763
-6.954904
-6.933911
-6.937490
-6.926275
-6.895659
-6.891447
-8.701454
-6.866425
-6.836500
-10.990095
-6.790500
-6.771294
-10.217079
-6.724830
-6.693589
-6.675948
-6.651972
-6.609843
-9.721864
-6.546012
