-9.119715
-6.292340
-5.367751
-4.901389
-4.682889
-4.513144
-4.419981
-4.345926
-5.045645
-4.203790
-4.140563
-4.053429
-3.982051
-3.891827
-3.794227
-3.701234
-3.747216
-3.508760
-3.389338
-3.285229
-3.164389
-3.043882
-3.730199
-2.809232
-2.689771
-2.560611
-2.441195
-4.959811
-2.171423
-2.040416
-1.899561
-1.777477
-1.640308
-1.512323
-1.369591
-1.237236
-3.647658
-0.974518
-0.833375
-0.734602
-0.561690
-2.024733
-0.297253
-0.131854
-0.009063
0.142074
0.276883
0.406667
0.540294
0.695730
0.821210
0.966306
1.091797
0.692886
1.367378
0.754980
1.676292
1.804232
1.953942
2.077811
2.206953
2.367877
2.486461
2.629109
2.756721
2.894083
3.039264
1.057382
3.299743
3.207753
-356.441528
3.709293
3.839786
3.994159
4.116571
4.257372
4.389238
4.522815
4.645064
4.767260
1.859432
5.036626
5.167745
5.248800
4.320237
5.579661
5.704257
5.838449
5.950854
6.089388
6.211396
6.341205
6.497161
6.606983
4.621785
6.866556
6.976542
7.118052
5.712278
8.814761
-9.196352
-6.512326
-5.365606
-4.922713
-4.683217
-4.506533
-4.436005
-4.351390
-6.110246
-4.203927
-4.143363
-4.068408
-3.984674
-3.907666
-3.807573
-5.242234
-3.623402
-3.519801
-3.400919
-3.286892
-3.168661
-3.054986
-3.617530
-2.821791
-2.696872
-2.562340
-2.441273
-2.320154
-2.181557
-4.955787
-1.909911
-1.797841
-1.770736
-1.516165
-1.382889
-1.250138
-1.305286
-0.973822
-0.828287
-0.707571
-0.568251
-0.422337
-0.305572
-0.148820
-0.028939
0.127553
-1.360914
-2.372100
0.540847
0.670677
0.801539
0.961054
1.116659
1.253938
1.376975
1.533636
1.680185
1.803686
1.941702
2.081445
-1.195684
0.530201
2.468839
2.269486
2.748115
2.897635
3.049031
3.189808
3.308691
3.471152
-356.419556
3.718828
3.864184
3.993231
4.136092
3.264167
4.402366
2.736283
4.665637
4.797408
4.926214
5.058469
5.193357
5.328768
5.464881
5.608908
5.721176
5.860470
5.984029
5.709391
6.253217
3.263180
6.500870
6.618813
6.516643
6.888672
7.009075
7.149526
8.658071
8.840692
82.925468
-6.336572
-5.343053
-5.074029
-4.676045
-4.525049
-4.420036
-4.331712
-6.472581
-4.206652
-4.145398
-4.061810
-3.987925
-3.907796
-7.218781
-3.708932
-3.617566
-3.670013
-3.404426
-3.284406
-3.177547
-3.058755
-2.947344
-2.821315
-2.711617
-6.806014
-2.452701
-2.322354
-6.518881
-2.047139
-1.897191
-3.095976
-1.632750
-1.497000
-1.357447
-1.235753
-1.099769
-0.969437
-0.829458
-3.218035
-0.552285
-0.413369
-4.581980
-0.127210
0.009379
0.154457
0.298125
0.446187
0.570012
0.720025
0.848715
-1.204253
1.135463
1.267981
1.404248
1.545875
1.081451
1.826936
1.958873
2.097742
2.222990
2.363793
2.501911
2.653411
2.777116
1.591948
3.069467
3.214206
3.336517
3.470838
-358.685028
3.708760
3.850523
3.957044
4.113170
4.266183
4.401369
4.550846
4.664147
4.186749
4.944383
5.056775
5.193371
5.323140
5.466985
5.594790
5.718929
2.403485
5.969234
6.105610
2.121383
6.365098
6.505378
4.655939
6.765344
6.879307
7.000011
7.147484
8.654757
8.834937
-9.254176
-13.002263
-5.317972
-4.899354
-11.701770
-4.487142
-4.410570
-9.712044
-4.259381
-4.184973
-4.992567
-4.045403
-3.963569
-3.885420
-3.801433
-3.704738
-4.076725
-3.506564
-5.361002
-3.270240
-3.160666
-3.039286
-2.929166
-2.800705
-2.689689
-2.565371
-2.440413
-5.773812
-2.182961
-2.051870
-2.026642
-1.787710
-5.017922
-1.519978
-1.379225
-1.521389
-1.114707
-0.981144
-0.822372
-0.711680
-0.557719
-2.845524
-0.286160
-0.127373
-0.007738
0.139171
0.261665
0.401934
0.539119
-2.054596
0.815473
0.972426
-3.146950
1.256117
1.387541
-1.377733
1.657878
1.799151
1.804210
2.075052
2.204931
2.353793
2.483961
2.626855
2.746121
2.884193
-0.820449
3.166585
3.293255
-0.598438
-356.423584
3.713391
2.496766
3.983737
4.122445
4.256908
4.388036
4.530301
4.659011
4.788693
2.359511
5.048265
5.182088
5.248391
5.444882
5.573985
5.708458
5.833880
5.980047
6.118417
6.245192
6.369987
5.361881
6.645935
6.757578
6.867225
6.995462
6.417801
8.647087
8.839370
-9.228521
-6.313513
-5.320663
-4.895829
-4.665349
-4.501608
-5.118969
-4.313619
-4.257325
-4.185123
-4.120762
-7.415651
-3.962968
-3.893405
-3.893818
-3.706053
-3.616797
-7.782942
-3.402428
-3.290147
-3.874316
-3.052748
-2.935682
-2.815909
-2.695225
-2.569193
-2.434644
-2.315962
-5.544589
-2.055938
-1.920151
-6.242148
-1.661589
-1.535023
-3.956964
-1.256377
-1.113685
-1.023381
-0.824086
-0.704218
-0.566413
-0.424707
-1.602393
-0.147734
-0.022614
-3.983538
0.258646
0.404933
0.534167
0.670124
0.805999
0.955023
1.089154
1.238461
-1.964620
1.508678
1.649245
1.728171
1.932495
0.376643
2.191803
2.343193
2.469536
2.606843
2.742173
2.874712
3.018405
3.158867
1.117717
3.435499
-356.429932
3.690346
3.839540
3.970104
4.107090
4.249368
3.938664
4.506723
4.632346
4.763039
4.895000
5.026545
3.814793
5.294562
5.445142
5.562872
5.696416
5.844856
5.944366
6.095884
3.919642
6.353923
6.484498
2.490427
6.742668
6.849235
3.799473
7.119746
8.622874
8.522624
-9.258438
-6.301274
-5.315896
-4.894941
-4.645173
-4.496397
-4.397934
-5.781911
-4.256150
-4.198730
-4.122920
-4.056707
-3.974067
-3.897756
-3.804493
-3.712477
-3.622661
-3.518250
-3.402459
-4.322745
-3.176250
-6.345335
-2.929956
-2.810703
-2.753342
-2.571003
-2.436909
-2.314304
-2.178286
-2.050486
-1.910526
-1.805400
-1.653137
-1.886363
-1.395084
-1.260625
-1.122486
-0.984627
-1.891532
-0.716649
-0.572171
-0.427323
-0.315243
-0.152270
-3.171809
0.111967
0.247424
0.326208
0.517993
0.671210
0.805166
0.952803
-0.460336
1.239363
1.373498
-2.623941
1.654886
1.781269
-1.904173
2.058714
2.193975
1.551451
2.456053
2.609192
2.744004
2.874822
3.013938
3.160233
3.284717
0.505853
-356.430389
3.703692
-0.323843
3.968819
4.098485
1.666695
4.374471
4.517501
4.559441
4.763189
4.911502
2.319754
5.165463
1.722728
5.415731
5.568658
5.173565
5.835232
5.967261
6.088808
6.218021
6.358506
6.516887
6.718110
6.895576
5.303986
7.347258
7.619360
9.210524
9.425093
72.137444
-6.419299
-5.399265
-4.938928
-4.643998
-4.446290
-4.366385
-4.309658
-4.253056
-5.625659
-4.210715
-4.152446
-4.090877
-4.000974
-3.845754
-3.699202
-3.589832
-7.682299
-3.348456
-3.208871
-7.783339
-2.897954
-2.720208
-4.561828
-2.404875
-2.280796
-2.158848
-2.100551
-2.007578
-1.882547
-1.839218
-3.800567
-1.713370
-1.638914
-5.808623
-1.300179
-1.097768
-4.501864
-0.431887
-0.441221
-0.916754
-0.284968
-0.184145
0.064084
0.245888
0.475701
0.654183
0.823767
-0.582617
1.091683
1.385384
1.537269
1.630446
1.679275
1.754336
1.838727
1.934050
1.983593
2.019758
2.077046
1.853696
2.321377
-0.662161
2.650733
2.778113
2.732672
3.162016
3.418619
3.526574
-356.386780
-356.277130
0.617253
4.099429
4.391622
4.531136
4.874658
5.061657
5.260148
5.323725
4.138951
5.661894
5.642765
5.636869
5.591321
5.473392
2.749251
5.555523
5.752171
5.749542
5.974300
6.081055
6.260083
6.508369
6.740240
6.943435
7.187212
3.768327
7.761948
9.378539
5.725524
-9.354416
-6.331764
-7.691668
-4.778159
-4.494704
-4.292543
-4.183377
-4.132995
-4.116029
-4.068470
-6.664836
-3.996745
-3.927280
-4.031778
-3.815524
-3.744507
-3.695676
-3.634415
-3.523937
-3.414736
-3.264796
-3.109271
-5.828940
-2.741460
-2.582718
-2.384235
-2.185069
-2.992690
-1.842976
-1.668346
-1.494243
-1.338835
-1.216042
-1.114193
-0.999073
-0.903663
-2.247596
-0.685721
-0.623214
-0.561532
-0.477426
-3.520470
-0.360958
-0.270186
-0.319550
0.016665
0.154302
0.367373
0.601281
0.836241
0.017010
1.289156
1.470442
1.707422
1.903446
2.060284
2.224907
2.324993
-0.168471
2.569516
2.739926
-1.356666
3.013861
3.103916
0.040614
3.146759
3.230277
3.157474
3.356243
3.413260
-356.535797
3.566323
2.900376
3.852570
4.043051
0.535288
4.420357
4.658298
4.854532
5.161129
5.554278
5.926259
6.122851
6.317930
6.504040
6.592783
6.518778
5.935458
6.646756
4.292017
6.732846
6.762880
6.764297
6.813330
6.842450
6.872102
6.904860
7.157305
5.579656
9.014398
-9.233234
-6.424600
-5.391288
-4.919817
-4.678231
-4.570613
-5.183986
-4.204240
-4.119984
-3.990968
-3.847138
-3.719187
-6.966926
-3.511802
-3.392209
-3.332571
-3.242284
-3.138666
-3.050994
-3.048044
-4.946109
-2.928830
-2.886892
-7.419414
-2.752601
-2.619710
-6.443963
-2.374085
-2.208416
-2.549937
-1.640193
-1.486814
-1.328841
-1.143911
-0.951740
-0.792174
-0.623251
-1.839439
-0.365224
-0.131786
0.011738
0.091307
0.218857
0.362488
0.445438
0.542337
0.721549
0.871954
1.014876
-0.897978
1.253787
-2.044339
1.429871
1.529154
1.264625
1.804016
2.049043
2.267579
2.508512
2.746568
2.927989
3.073121
3.175573
1.837039
3.394511
3.431578
3.432437
3.455503
2.124131
3.574056
-356.518860
3.541762
3.780145
4.006112
4.293282
4.612952
4.876081
4.657561
5.375170
5.570381
5.706031
5.874745
5.247248
6.303996
6.471843
2.951780
6.664050
6.746701
2.709117
6.695807
6.688601
5.315188
6.704641
6.706731
6.715149
6.797598
6.927113
7.220184
8.913854
6.915822
-9.098939
-6.225240
-13.361284
-4.771369
-4.500360
-9.384961
-4.214188
-4.143377
-4.435764
-4.009178
-3.985599
-3.937739
-3.895697
-8.521945
-4.217917
-3.706084
-4.420150
-3.494997
-3.359876
-3.261849
-3.277798
-3.100925
-2.953850
-2.746002
-2.475599
-5.534254
-2.003443
-1.785993
-1.646755
-1.389248
-3.472506
-1.117837
-0.987835
-0.940858
-0.924061
-0.878726
-0.781052
-0.755853
-0.701577
-3.186169
-0.496093
-0.364157
-0.206247
-0.085033
-0.096605
-0.008996
0.126755
-0.248252
0.801446
1.088330
1.392535
1.740686
1.977898
0.228187
2.142817
2.246571
2.359762
2.358434
2.346254
2.400059
2.434589
0.642558
2.736132
2.848522
-1.340149
2.951907
3.220756
-0.138639
3.568566
-356.234955
-356.441193
4.138830
4.482698
4.767801
5.011340
5.178287
5.432181
5.661107
4.673887
5.687887
5.666935
5.657354
5.525660
5.548700
5.708213
5.894321
5.904409
5.983202
6.102314
6.181684
5.398972
6.551616
3.995495
7.234158
7.566805
7.867431
8.262121
8.486802
9.781193
9.819441
-9.196078
-6.274103
-5.319871
-4.874574
-5.262267
-4.503364
-4.453450
-4.378745
-4.339922
-5.292619
-4.068818
-3.912597
-3.758151
-3.609911
-3.423416
-6.861133
-3.025873
-3.018687
-3.088024
-2.987023
-2.946748
-2.870580
-2.824707
-4.655077
-2.726813
-2.597473
-6.964721
-2.209549
-1.975306
-5.672279
-1.538310
-1.293518
-1.595886
-0.761014
-0.465298
-0.326454
-0.219446
-0.124030
-0.050202
-0.059776
-3.274204
0.060653
0.115202
-4.063318
0.275524
0.320724
-2.031086
0.373869
0.499654
0.665657
0.914271
1.201948
-0.846611
1.786078
-1.206203
2.288782
2.498333
2.456420
3.002157
3.051605
3.159901
3.482359
3.384290
3.363914
3.373542
3.434802
1.858816
3.544418
3.562719
-356.312134
-356.139709
3.073962
4.166461
4.163562
4.206538
4.455967
4.718740
4.981885
5.263278
5.478829
5.291056
6.376053
6.758591
6.878442
6.848937
3.876861
6.695748
6.730137
6.657137
6.743447
6.798150
3.067263
6.911146
6.924552
6.039274
6.992374
6.892210
7.243721
8.903295
9.236323
-9.153881
-6.267041
-11.775642
-4.755701
-4.462138
-11.020894
-4.157292
-4.131417
-7.757346
-4.015189
-3.966167
-4.034489
-3.876771
-3.821954
-3.757959
-3.675918
-4.932135
-3.591600
-3.477396
-3.731575
-3.107234
-2.871512
-2.633442
-2.366571
-2.143780
-1.897045
-1.622525
-1.454825
-4.702206
-1.252027
-1.213257
-1.258913
-1.118492
-2.412564
-0.957730
-0.851992
-0.733609
-0.592642
-0.508976
-0.446580
-0.409859
-0.348714
-2.398048
-0.150985
0.059259
0.352813
0.632709
-2.329274
1.268672
1.588545
1.572866
1.986764
2.106142
2.239979
2.251212
2.336074
1.182347
2.441066
2.527678
2.667270
2.794800
2.869158
2.822261
2.915717
0.329613
3.118345
3.323878
-0.780881
3.569864
-356.057922
-358.260040
4.604758
4.985660
5.326853
5.298440
5.203818
5.201115
5.202091
4.239228
5.310833
5.446197
1.758217
5.658699
5.733675
1.946883
6.049660
5.919730
5.978113
6.152004
6.177094
6.298419
6.528407
6.919253
6.736941
7.716393
5.981705
8.383083
8.416245
9.757730
9.891783
-9.385439
-6.346012
-5.343216
-4.862935
-10.573735
-4.469643
-4.373994
-4.585741
-4.235004
-8.614720
-4.105537
-3.985585
-4.298200
-3.744192
-3.615522
-3.459804
-3.257778
-3.042197
-5.943685
-2.676358
-2.542497
-2.471149
-2.417402
-2.377863
-2.316835
-2.248342
-4.533132
-2.029273
-1.948403
-6.378424
-1.759342
-1.735300
-5.149074
-1.473179
-1.238031
-1.287198
-0.735235
-0.424603
-0.118350
0.119001
0.384469
0.437140
0.472715
-3.055414
0.636383
0.661298
-3.557681
0.831990
0.871961
-0.795225
1.125598
1.228756
1.426961
1.610474
1.792271
-0.330842
2.239277
-0.180907
2.713951
3.034680
3.307665
3.664357
3.688520
3.772264
3.724436
3.738731
3.785490
3.816191
3.848522
2.589266
-355.972809
4.096538
4.101655
4.207275
3.767015
4.423633
4.626970
4.908638
5.115528
5.400240
5.778376
6.101125
6.377794
6.141069
6.805169
7.066095
7.144451
7.043705
5.017455
7.114375
7.232502
7.154510
7.109897
7.055706
3.664104
7.223433
7.287897
7.160577
8.905098
9.065746
-9.044871
-6.164028
-5.231584
-4.780399
-4.449707
-10.141699
-4.145634
-4.021745
-9.816443
-3.845328
-3.793890
-6.136247
-3.720168
-3.687509
-3.647412
-3.596493
-3.524589
-3.436179
-3.373861
-5.587044
-3.192762
-3.095264
-7.627224
-2.797288
-2.540237
-2.321732
-2.081668
-1.873556
-1.651677
-1.432371
-1.261932
-4.093563
-0.931937
-0.874887
-0.770546
-0.582791
-1.329048
-0.396011
-0.307868
-0.241974
-0.091295
0.019146
0.125038
0.230686
0.256297
-1.631979
0.347569
0.409003
0.528662
0.756738
-1.293826
1.239609
1.665615
2.034417
2.347613
2.544367
2.686013
2.806932
2.969318
2.085871
3.093798
3.255569
3.401092
3.575527
3.713426
3.666113
3.780695
0.461380
3.965796
-356.102417
-360.207611
3.985806
4.027056
2.184105
4.195023
4.384482
4.623090
4.899131
5.158298
5.438927
5.722383
3.977933
6.124189
6.362107
2.404410
6.668994
6.717413
3.446913
7.028147
7.145288
6.807343
7.344410
7.488659
7.492066
7.633099
7.648407
7.140085
7.752597
8.409698
9.498022
-9.260201
-6.295809
-5.324461
-4.873208
-4.602744
-4.398452
-4.280721
-8.751945
-3.970478
-3.850943
-3.951892
-3.655652
-6.498129
-3.491073
-3.401956
-3.364120
-3.303127
-3.227025
-3.142563
-3.062240
-2.999785
-5.803037
-2.820991
-2.690157
-2.609790
-2.524149
-2.453018
-2.322646
-2.203153
-2.860002
-1.752464
-1.511606
-5.652925
-0.952166
-0.668854
-2.611937
-0.240815
-0.072861
0.078629
0.169596
0.151334
0.255430
0.339745
-1.217875
0.487813
0.593324
-3.507240
0.806876
0.871886
-2.880010
1.103167
1.239896
0.695981
1.507892
1.737650
1.931071
2.149133
2.496704
2.820884
3.101301
2.105839
3.553871
3.753052
3.667189
3.681365
3.752610
3.808944
3.882635
3.948994
-355.961212
-355.789429
4.269656
3.058795
4.229405
1.238507
4.335237
4.384812
4.424214
4.712164
5.053513
5.508201
5.968005
6.307348
6.580113
6.777999
7.071982
6.737133
7.488883
7.435300
7.499569
7.532614
6.579558
7.653833
7.791952
7.870878
7.777333
7.837406
4.560023
9.267617
9.320434
0.208915
-6.235403
-5.320691
-4.920336
-4.594357
-6.486885
-4.211381
-4.083080
-9.674129
-3.849768
-3.759315
-8.756179
-3.612040
-3.595110
-4.741937
-3.492725
-3.427566
-3.326981
-3.220953
-3.127025
-3.020702
-2.906423
-6.103611
-2.667320
-2.529990
-6.953942
-2.254273
-2.126491
-4.620748
-1.723785
-1.511403
-1.325250
-1.037472
-0.850785
-3.672176
-0.575749
-3.857250
-0.392992
-0.299200
-0.471124
-0.134448
-0.043377
0.113549
0.199335
0.293508
0.402851
0.397279
0.536837
-1.276393
0.984169
1.223775
1.526785
1.775417
0.877185
2.256252
2.402395
2.557564
2.718590
2.830788
2.936694
3.027928
3.138760
2.142657
3.209293
3.164224
3.234417
3.215893
0.552877
3.478244
-356.326782
-356.152496
4.298083
4.615846
1.130083
5.115828
5.247162
4.605414
5.530746
5.705997
5.842687
6.034208
6.129443
6.291939
6.385043
3.504234
6.584130
6.644938
2.718501
6.803051
6.884081
4.683059
7.124600
7.110676
7.188306
7.309361
7.414377
7.547580
7.740918
7.828865
9.580544
-9.170151
-14.910454
-5.232540
-4.802242
-4.537475
-4.386806
-4.292346
-4.244709
-4.207376
-4.155460
-8.639342
-4.032556
-3.961601
-4.050315
-3.786359
-5.223776
-3.473930
-3.322074
-3.136641
-2.949419
-2.774365
-2.570330
-2.393961
-2.214234
-4.998649
-2.042719
-1.959838
-1.950743
-1.815620
-4.571112
-1.651375
-1.559506
-1.487237
-1.339461
-1.249991
-1.191429
-1.082673
-0.894438
-2.087286
-0.378083
-0.077341
0.216484
0.515246
0.936053
0.927786
0.970590
-2.106839
1.186293
1.263556
-2.976330
1.353494
1.340826
-1.104792
1.388302
1.490650
1.490961
1.658247
1.894596
2.191714
2.463867
1.418735
3.067425
3.294924
-0.573144
3.669043
3.919663
0.236701
4.133153
4.189608
3.453039
-355.831421
4.094598
4.084976
4.143331
4.237493
3.353274
4.616902
3.366313
4.976000
5.241248
5.524785
5.814476
5.982777
6.135632
6.316510
6.501094
6.730753
6.933752
7.194748
7.005604
7.385970
4.732723
7.200316
7.178792
7.175934
7.282999
7.389946
7.598987
9.222633
9.532771
81.946579
-6.330998
-5.308287
-4.940662
-4.524497
-4.301756
-4.194517
-4.118200
-5.460531
-4.005735
-3.969685
-3.930342
-3.892815
-3.841140
-6.792038
-3.700469
-3.654302
-3.598573
-3.422400
-3.258291
-3.031603
-2.790592
-3.961993
-2.393369
-2.250257
-6.408027
-1.907041
-1.807867
-5.983834
-1.770566
-1.751726
-2.644265
-1.598798
-1.482470
-1.330447
-1.171235
-1.015836
-0.811587
-0.582885
-2.051759
-0.142829
0.147205
0.361232
0.561574
0.747251
0.899098
0.959233
1.021979
1.127144
1.263708
1.404529
-0.257473
1.661640
-1.598328
1.641856
1.703229
1.595341
1.962775
2.073825
2.240342
2.449589
2.703321
2.959889
3.298672
3.472102
2.869603
3.932762
4.145119
4.312647
-355.365875
-356.504150
4.670028
4.456703
4.527324
4.612129
4.620533
4.598119
4.736204
4.814794
4.692715
5.068706
5.234456
5.486086
5.820637
4.825780
6.258958
6.496990
2.727011
6.797245
6.956591
3.343666
7.433052
7.462295
6.735950
7.644007
7.600753
7.524816
7.541954
8.945006
9.093500
-8.986637
-12.488893
-5.256992
-4.844999
-11.738638
-4.398465
-4.260750
-7.821803
-4.002573
-3.866406
-3.855757
-3.746712
-3.676919
-3.651568
-3.602558
-7.338017
-3.667645
-3.423806
-3.597306
-3.223607
-3.159475
-3.084655
-3.028265
-2.919982
-2.723907
-2.506004
-2.290051
-5.220634
-1.899116
-1.710971
-1.531930
-1.415347
-2.551449
-1.231249
-1.134718
-1.020261
-0.958644
-0.895285
-0.729488
-0.610695
-0.520398
-1.858821
-0.249168
-0.110954
0.014699
0.168350
-2.450125
0.445682
0.585660
0.614369
0.807010
0.929109
1.058145
1.180643
1.317914
0.797956
1.614465
1.748402
1.903344
2.056542
2.172857
2.317484
2.428186
-0.691183
2.667778
2.804921
-1.239180
3.089036
3.212822
1.391606
-356.496643
3.631730
3.752783
3.883947
4.010594
4.159455
4.299900
2.645305
4.569659
4.681377
0.615573
4.907344
5.044036
1.597996
5.295493
5.420962
4.995325
5.662128
5.791465
5.912739
6.029002
6.165956
5.985744
6.416926
5.224966
6.650340
6.774533
6.923829
8.448793
8.622504
-8.802933
-6.078828
-5.164757
-10.088795
-4.542912
-4.425028
-4.393939
-4.248609
-7.755987
-4.144361
-4.096740
-4.100270
-3.957551
-3.877367
-3.780608
-3.692232
-3.608997
-6.008165
-3.395536
-3.286643
-3.186089
-3.060948
-2.960745
-2.848096
-2.723143
-3.568050
-2.473411
-2.356405
-6.698623
-2.097874
-1.955298
-4.149004
-1.719994
-1.588732
-1.466689
-1.333521
-1.192028
-1.065896
-0.920259
-2.510977
-0.653645
-0.496151
-4.606979
-0.233310
-0.115949
-3.699751
0.155818
0.295137
-0.161016
0.564632
0.690849
0.831765
0.955876
1.103230
1.232072
1.378987
0.282169
1.649064
1.788788
1.924118
2.048028
2.199185
2.318329
2.463040
2.576486
2.725541
2.850232
2.996937
2.254274
-356.738037
-359.509430
3.506163
3.638022
3.732631
3.901775
4.046046
4.167681
4.307295
4.433560
4.572982
4.699998
4.834343
4.694713
5.088072
5.230373
5.348951
5.461977
4.848372
5.705276
5.857660
5.971096
6.085742
6.206994
3.495681
6.485211
6.600410
6.673371
6.856743
8.358853
8.556805
-8.849897
-10.663333
-5.174033
-4.753310
-11.632867
-4.423648
-4.338142
-9.362146
-4.209965
-4.165972
-4.705597
-4.028656
-3.970754
-3.881677
-3.796850
-3.707846
-3.625530
-3.532287
-7.416537
-3.320134
-3.217296
-7.768359
-2.990235
-2.872668
-4.793652
-2.627463
-2.507307
-2.392249
-2.254292
-2.125894
-1.994113
-1.883695
-4.707330
-1.623759
-1.484253
-1.481504
-1.227750
-1.094754
-0.942983
-0.827691
-0.690043
-0.530315
-0.427231
-0.281538
-1.836753
-0.023551
0.118969
0.257728
0.382059
-0.294886
0.652477
0.784090
0.916521
1.063267
1.191474
1.339549
1.472985
1.602537
0.842971
1.881347
1.998154
2.138123
2.263456
-0.128266
2.535382
2.662881
2.739187
2.939932
3.069962
-356.774963
-356.658203
3.469840
2.990698
3.737891
3.871203
4.010365
4.128434
4.246848
4.369835
4.497427
1.423639
4.782174
4.903922
0.888708
5.160022
5.309514
3.103964
5.560215
5.665667
5.777987
5.921092
6.055730
6.178969
6.314371
5.074988
6.548023
6.672175
2.838501
8.329368
8.509681
85.444275
-6.079006
-5.176383
-4.789989
-4.548034
-4.434488
-4.341701
-4.278956
-4.229492
-4.555559
-4.111821
-6.321878
-3.977215
-3.893446
-3.803106
-3.720980
-3.639818
-3.535801
-3.425733
-3.317560
-6.628504
-3.093190
-2.989010
-2.938482
-2.764537
-6.086342
-2.513232
-2.398044
-2.516587
-2.124889
-2.012368
-1.886312
-1.748526
-1.617098
-3.875874
-1.350586
-1.220923
-1.089586
-0.956312
-0.823012
-0.689176
-0.530144
-3.043228
-0.288074
-0.154826
-4.310998
0.125424
0.269927
-2.655128
0.532496
0.657081
0.626292
0.939989
1.075144
1.199643
1.327282
0.583216
1.583098
1.727589
-1.967369
2.008550
2.151756
-1.818648
2.418971
2.537568
1.274795
2.817816
2.959672
3.061274
-356.791260
-356.671295
3.449459
3.600484
1.425230
3.863185
4.018889
4.111482
4.270535
4.393098
4.527056
4.659482
4.787788
4.920341
5.035015
5.161361
4.112106
5.414992
5.557066
5.668147
5.800191
5.437596
6.062691
6.190725
6.327608
6.443997
6.567735
6.684217
6.841204
8.322708
7.944513
-8.779122
-6.057286
-5.177953
-4.769689
-7.967923
-4.407911
-4.333894
-4.289112
-4.206912
-4.155665
-8.659948
-4.051523
-3.977332
-4.364380
-3.812512
-3.723248
-3.635621
-3.533554
-3.429687
-3.326756
-3.209161
-6.967277
-2.977182
-2.867274
-7.321555
-2.628374
-2.510232
-4.453487
-2.259103
-2.131760
-2.006294
-1.896417
-1.759908
-1.627113
-1.491315
-3.238057
-1.226148
-1.100566
-5.249728
-0.832274
-0.695456
-4.262447
-0.422607
-0.291674
-0.174278
-0.026222
0.106586
-3.054504
0.365209
0.520201
0.547968
0.789042
-0.350841
1.062925
1.186692
1.315671
1.468627
1.598261
1.725431
1.860502
1.985969
-0.320431
2.262158
2.402511
2.518853
2.658141
0.120314
2.939263
3.067025
-356.874512
-356.672607
3.447642
3.574543
3.707892
3.848254
2.359932
4.118517
4.255181
4.371570
4.505295
4.640658
4.787270
4.905479
2.001318
5.147674
5.269748
1.255906
5.549662
5.653892
3.309255
5.910458
6.032972
6.088039
6.308995
6.440685
6.564402
6.679436
5.600753
8.318023
8.504633
76.131935
-6.058105
-5.155018
-11.847513
-4.545002
-4.422938
-5.845852
-4.276688
-4.220435
-4.156027
-4.108966
-4.049522
-3.965816
-3.890317
-6.132536
-3.710165
-3.642601
-3.555615
-3.437091
-3.330431
-3.226742
-3.106514
-2.993709
-2.871244
-2.757759
-2.630572
-3.341390
-2.392860
-5.808499
-2.126245
-1.986678
-2.235039
-1.750124
-1.616176
-1.497886
-1.363157
-1.237698
-1.100904
-0.962384
-0.839637
-1.022954
-0.563339
-0.423959
-0.293217
-0.156233
-2.023561
0.111627
0.242244
0.369485
0.509123
0.648092
-2.547389
0.920728
1.050310
0.837916
1.329085
1.463627
1.592223
1.714995
1.849054
1.980423
2.112401
-1.252986
2.393891
2.519236
-1.491281
2.799921
2.934933
1.089112
-356.804382
-356.672882
3.438899
3.578204
3.708453
3.834539
3.968374
2.422471
4.242750
4.353770
0.456686
4.618938
4.752818
4.883595
4.993515
5.136117
5.267494
5.379496
5.518476
2.738787
5.780842
5.893443
5.907952
6.155344
5.081678
6.384520
6.511495
6.625997
6.771140
8.277820
8.464614
-8.737759
-6.042451
-8.806026
-4.755537
-4.538390
-4.429652
-4.338211
-8.678315
-4.214145
-4.153445
-4.343255
-4.035582
-3.963418
-3.895427
-3.803728
-3.723894
-5.234743
-3.545674
-3.441053
-3.333709
-3.230710
-3.118776
-3.000866
-2.874654
-5.630004
-2.639472
-2.519252
-6.915619
-2.266835
-2.133300
-5.135067
-1.896201
-1.759030
-1.814566
-1.483433
-1.356381
-1.234925
-1.112068
-1.813924
-0.845015
-0.699657
-4.433482
-0.456895
-0.313653
-4.388778
-0.043099
0.090207
-1.301296
0.360264
0.511001
0.622158
0.758129
0.896583
-0.158729
1.171434
-1.182020
1.448341
1.583317
1.659247
1.843918
1.977336
2.119968
2.239085
2.384697
2.501491
2.647458
2.788842
2.386264
3.064539
-356.794312
-356.669617
3.526572
3.066131
3.873647
4.005457
4.130017
4.241323
4.354560
1.291346
4.579129
4.729997
4.723804
5.003547
5.151101
5.348959
5.520682
3.864389
5.940581
6.220237
2.417690
6.748351
7.074399
3.656649
7.195328
7.161481
6.690658
7.283887
7.319071
8.682318
8.739817
-8.916764
-6.189655
-5.283562
-10.763904
-4.668368
-4.502120
-10.751806
-4.182165
-4.052583
-7.227475
-3.838634
-3.771711
-3.772918
-3.627669
-3.613186
-3.577474
-3.571342
-7.497426
-3.574026
-3.387156
-3.756362
-3.127341
-2.948051
-2.788624
-2.613160
-2.373031
-2.058864
-1.876681
-1.720913
-4.512159
-1.538207
-1.467176
-1.351357
-1.190353
-2.805741
-1.120484
-1.071403
-0.992417
-0.925908
-0.875355
-0.782503
-0.586603
-0.410381
-1.886052
-0.041097
0.158740
0.404116
0.776884
-2.347278
1.272130
1.372133
1.077215
1.381062
1.433012
1.624234
1.776203
1.808224
0.415382
1.912838
1.967681
2.049476
2.199718
2.306062
2.469829
2.651987
0.378401
3.065478
3.283614
-0.534670
-356.080994
-355.860809
1.186535
4.313869
4.372142
4.283009
4.632391
4.742345
4.855322
4.830517
4.116329
4.986457
5.045560
1.416714
5.209636
5.351650
1.442581
5.614571
5.860826
6.099439
6.405585
6.752995
7.033916
7.123831
7.106632
6.305242
7.189535
5.010104
7.434188
8.785153
8.866732
-8.794969
-6.072626
-5.199455
-4.850531
-4.668341
-4.570832
-4.482061
-4.355911
-4.467108
-4.151485
-4.065833
-3.900398
-3.753964
-4.224614
-3.483289
-3.418157
-3.335086
-3.240067
-3.141706
-6.331705
-3.040807
-2.993301
-2.946134
-2.841754
-2.753572
-2.656892
-2.545918
-4.563961
-2.213149
-2.013817
-6.269489
-1.612715
-1.345319
-4.817527
-0.928019
-0.814047
-1.232848
-0.638534
-0.474903
-0.454940
-0.432887
-0.391396
-0.335092
-0.242271
-3.515989
0.065385
0.187339
-3.889576
0.560026
0.761840
-1.072009
1.262566
1.622687
1.834047
1.951291
1.893942
1.922726
1.985533
-0.809252
2.211792
2.268780
2.095762
2.277403
2.389492
2.473610
2.597666
2.728436
2.881493
3.085699
-356.638184
-358.027466
4.051103
4.407184
4.625966
4.964744
4.151299
4.783477
4.850595
4.843181
4.979528
5.028121
4.990495
4.987154
4.964855
4.032946
5.116834
5.284836
5.517437
5.811355
3.328155
6.519772
6.997190
7.394313
7.670388
7.752989
3.771674
7.438434
7.476480
7.956370
9.008916
-8.769588
-5.999871
-5.045134
-4.649287
-4.487232
-4.385270
-9.006023
-4.323256
-4.311338
-10.010715
-4.262563
-4.211609
-7.422814
-4.024585
-3.896980
-3.821552
-3.561459
-3.381763
-3.136853
-3.003829
-4.312325
-2.819453
-2.698133
-6.988128
-2.470839
-2.450560
-2.422455
-2.408484
-2.353280
-2.253973
-2.144175
-2.080397
-5.658551
-1.766420
-1.587740
-1.551349
-1.149476
-2.552193
-0.550592
-0.321686
-0.093030
0.027984
0.002197
0.109457
0.188418
0.391806
-2.261366
0.568372
0.562151
0.558614
0.599434
-2.429357
0.827974
0.896897
0.753918
1.036152
1.180297
1.302664
1.440722
1.704186
0.283517
2.480561
2.806538
3.102031
3.278766
3.385460
3.387481
3.496047
0.928029
-356.204468
-356.192719
-0.405159
3.723427
3.675845
0.955122
3.809326
3.917545
3.926212
4.287749
4.536071
4.880138
5.183748
4.473537
5.853327
6.083396
2.405556
6.255782
6.188128
2.255128
6.283489
6.394984
5.305038
6.603766
6.499373
6.328834
6.236764
6.275396
4.868468
8.053367
6.021620
-8.807359
-6.163413
-5.285378
-4.845136
-4.580819
-4.355592
-4.263154
-4.110011
-4.014990
-3.951872
-3.906389
-5.152960
-3.823120
-8.181453
-3.805497
-3.805012
-4.366263
-3.726247
-3.652034
-3.578647
-3.458074
-3.294774
-3.109780
-2.907054
-2.620825
-2.681118
-2.062589
-1.899259
-1.775245
-1.752385
-3.794307
-1.571469
-1.466555
-1.389446
-1.335030
-1.312508
-4.745468
-1.229984
-1.053584
-1.339876
-0.842162
-0.705223
-0.542170
-0.366785
-0.128885
0.169777
0.479644
-2.684390
1.014330
1.044610
-3.143988
1.198225
1.313348
-0.602111
1.527560
1.547938
1.563581
1.571678
1.632336
1.768595
1.867452
0.244016
2.238867
2.460922
-1.410801
3.080683
3.584177
4.322172
4.351074
-355.652496
-355.758087
4.147259
4.112133
1.213015
4.180652
4.329212
4.362286
4.424337
3.216298
4.477838
4.585771
4.743666
4.927144
5.092006
5.253405
5.441309
5.645955
3.958112
6.064393
6.414526
6.796579
6.993249
4.734590
7.123079
7.022821
7.059639
7.188203
7.310616
8.875339
8.792491
-8.704728
-7.098589
-5.158064
-4.825205
-4.647277
-4.531633
-4.434250
-4.332450
-4.257523
-8.362707
-3.956872
-3.826052
-8.987979
-3.557647
-3.450703
-6.456919
-3.287691
-3.176898
-3.177974
-3.034708
-2.994420
-2.973926
-2.964514
-4.263986
-2.917230
-2.819554
-6.965073
-2.569544
-2.371589
-6.397655
-1.910677
-1.637053
-2.508261
-1.183478
-0.998421
-0.860810
-0.836718
-0.734358
-1.651646
-0.509284
-2.337038
-0.316831
-0.307300
-0.240591
-0.225956
-0.159971
-0.083874
0.080464
0.206407
0.382757
0.540920
0.682368
0.553107
1.146049
-1.832914
1.760043
1.969061
1.779275
2.059632
2.141400
2.227908
2.352045
2.503018
-0.652756
2.564574
2.498820
2.464162
2.704947
2.892050
-356.972229
3.141741
1.385376
3.500381
3.850083
-0.015311
4.585672
5.002821
1.968010
5.160088
5.134205
4.823556
5.152343
5.258723
5.428174
5.593685
5.493143
5.467004
5.380314
1.941731
5.632791
5.788306
1.813486
6.110019
6.378854
5.043016
7.312874
7.719482
8.014071
9.414753
9.570316
-8.833095
-6.001073
-9.815351
-4.736918
-4.413329
-4.463850
-4.218368
-4.164701
-4.209418
-4.211379
-4.214233
-4.180054
-4.135096
-4.080327
-6.756501
-3.845399
-3.735632
-3.590749
-3.432894
-4.100501
-2.971276
-2.803378
-2.687751
-2.632428
-2.571868
-2.494055
-2.440613
-2.403893
-3.716509
-2.292186
-2.191409
-2.103893
-1.981776
-4.897792
-1.684561
-1.510966
-1.475624
-1.172242
-0.963532
-0.796763
-0.601900
-0.318156
-0.909866
0.171912
0.227330
0.346877
0.412223
0.490269
0.622215
0.693852
-1.947913
0.769269
0.752555
-3.408206
0.967812
1.159819
-1.426239
1.794342
2.333810
2.577152
2.833035
2.985449
3.093638
3.212407
2.183723
3.125394
3.182930
-0.610277
3.351967
-356.622925
-356.611084
3.312035
3.291459
3.328858
3.518410
3.759684
3.908133
4.069045
4.287777
4.433796
5.029254
3.311553
5.543979
5.593889
5.945672
6.096010
6.012525
6.039742
6.145741
6.193822
3.185410
6.382111
6.317554
6.241609
6.312496
2.886495
6.623244
6.846026
7.982407
8.837946
-8.859035
-6.197223
-5.297168
-4.840942
-8.097123
-4.358556
-4.204715
-4.105680
-4.035351
-3.990654
-3.968749
-3.920336
-6.349102
-3.882429
-3.864257
-8.831059
-3.785322
-3.671011
-7.536021
-3.427908
-3.330062
-3.631393
-3.029595
-2.805165
-2.526221
-2.283432
-2.103023
-2.069933
-1.980695
-2.891019
-1.789361
-1.707870
-1.716050
-1.707455
-1.677277
-1.583492
-1.400673
-1.202510
-1.035942
-0.899588
-0.706992
-2.343847
-0.325209
-2.871395
0.155299
0.357088
0.333171
0.551666
0.683721
0.765801
0.836831
0.926821
0.956156
0.962310
1.006935
0.186354
1.218000
1.292679
1.450215
1.633753
0.848387
2.293729
2.808109
3.066446
3.195698
3.487790
3.703650
3.889411
3.789208
3.345709
-356.249329
3.792744
3.885098
4.036998
2.807825
4.101562
4.092316
0.235409
4.418766
4.615083
0.888015
4.946399
5.109961
4.444176
5.427001
5.648045
5.837849
6.085709
6.349540
6.608325
6.771273
3.947668
6.749817
6.807510
2.712412
6.904955
7.024648
4.359052
8.656964
8.746941
-3.226957
-6.198739
-5.318983
-4.916115
-4.693804
-10.067208
-4.593995
-4.341117
-4.874829
-4.147394
-4.027339
-3.907481
-3.764510
-3.619671
-3.533601
-3.465726
-3.405525
-6.479154
-3.253906
-3.116212
-3.110448
-3.075525
-4.789769
-2.923840
-2.799674
-2.634368
-2.456002
-2.248803
-2.090292
-1.960887
-1.811488
-3.383008
-1.433002
-1.246750
-1.085690
-0.890207
-4.173689
-0.712386
-0.635672
-0.954544
-0.458753
-0.427589
-4.564604
-0.228522
-0.162647
-1.155006
0.246939
0.487066
0.925626
1.194812
1.258820
1.425616
1.592976
-0.550086
1.794935
1.877181
-2.290122
1.964346
2.062801
-1.268586
2.174769
2.238459
2.088917
2.523528
2.691602
2.950008
3.162522
3.458385
3.591201
-356.210663
-356.838470
4.201094
4.344769
4.427453
4.539086
4.679492
4.692881
4.812961
4.896866
5.003803
4.886859
4.838619
4.210753
4.857335
2.366270
5.242011
5.389297
5.505976
5.618887
5.834827
6.066684
6.384570
6.915223
3.729280
7.365048
7.514938
7.325524
7.378685
8.785583
8.838322
-8.662708
-6.986601
-5.106428
-4.697453
-4.541791
-4.442588
-4.375456
-8.117768
-4.301134
-4.249362
-4.221275
-4.122148
-4.010875
-3.877149
-3.746921
-5.486954
-3.456585
-3.304643
-7.908854
-3.069317
-2.945482
-7.068203
-2.745066
-2.669628
-3.548338
-2.569210
-2.526227
-2.428077
-2.339840
-2.248677
-2.112219
-1.954691
-4.973775
-1.585244
-1.347970
-5.514621
-0.932549
-0.741653
-3.215572
-0.519789
-0.395648
-0.291750
-0.178476
-0.027332
-2.249993
0.287892
-3.079342
0.450948
0.400924
0.088970
0.571580
0.663824
0.813528
1.006276
1.179849
1.400269
1.638084
1.894213
0.808697
2.400496
2.601492
2.729440
2.732334
1.628350
2.911603
2.990470
3.084275
3.181243
3.179778
-356.783325
-356.707581
3.372428
3.033209
3.561713
3.639960
3.824625
4.064299
3.382324
4.646457
5.007846
1.421398
5.563917
5.640421
1.773286
5.614858
5.500841
4.435700
5.676957
5.752915
5.903525
6.104196
6.137324
6.169626
6.278130
3.911117
6.461717
6.593239
2.590230
8.209026
8.361168
82.339401
-6.244351
-5.349391
-5.194609
-4.639914
-4.502694
-4.403992
-4.301523
-9.202545
-4.355653
-3.933867
-4.715950
-3.827464
-3.786772
-3.768839
-3.734702
-3.672268
-3.593351
-3.501831
-3.392648
-6.220646
-3.086247
-2.925090
-2.825013
-2.612462
-4.342117
-2.318508
-2.215904
-2.119524
-2.004931
-1.917119
-1.829477
-1.721248
-1.570508
-3.283833
-1.218224
-1.031054
-0.894199
-0.752260
-0.716734
-0.624258
-0.492066
-1.079535
-0.262714
-0.174695
-4.281307
0.138660
0.379681
-1.015753
0.873752
1.031163
1.162538
1.250845
1.304331
1.417129
1.540329
-0.047429
2.000669
1.994376
-2.159365
2.149798
2.295135
-1.205065
2.530208
2.698323
2.482018
3.033117
3.246635
3.402674
-356.397736
-356.209747
3.873464
3.985037
3.154961
4.249322
4.379004
4.511936
4.655485
4.789140
4.810700
4.811686
4.839425
4.985392
5.088072
5.217095
4.710929
5.657935
3.245996
6.116466
6.456867
6.731884
6.921122
6.898154
6.844154
6.850660
6.957978
3.765390
7.229862
8.656998
8.449431
-8.577113
-6.018586
-5.187352
-4.824235
-5.926141
-4.499061
-4.425801
-4.376231
-4.297992
-4.197056
-7.342521
-3.917788
-3.802663
-3.692024
-3.595004
-3.528461
-3.464501
-3.377682
-4.983866
-3.149045
-3.046486
-7.464858
-2.815418
-2.780067
-6.718101
-2.632306
-2.559719
-3.077798
-2.393152
-2.243485
-2.081011
-1.930326
-1.737722
-1.510733
-1.297249
-2.403999
-1.058593
-0.921926
-0.784400
-0.613810
-0.434765
-0.280966
-0.128540
0.014298
0.149814
0.213907
0.245191
-1.492931
0.373712
-2.743079
0.527614
0.609975
0.429945
0.829695
0.982921
1.203902
1.532298
1.770382
2.017066
2.173543
2.256130
1.421213
2.533016
2.695731
2.834544
2.917948
1.876274
3.137530
3.206498
-356.747772
3.375620
3.503595
3.514929
3.577135
3.714027
3.575078
3.982514
4.128399
4.252642
4.454177
3.563660
5.047445
5.248381
1.393923
5.459267
5.575454
1.823262
5.714761
5.859044
4.900887
6.085228
6.023683
6.091837
6.174987
6.296554
6.347693
6.467024
3.853543
8.130111
8.324623
86.262856
-6.052764
-5.262948
-9.386746
-4.599903
-4.396075
-4.465983
-4.199234
-4.124389
-4.075150
-4.064734
-8.647756
-4.244235
-3.991889
-4.616753
-3.866344
-3.804054
-3.728955
-3.629890
-3.499034
-3.353121
-3.199498
-3.024891
-5.735005
-2.615615
-2.475011
-2.393327
-2.278178
-3.789726
-2.043638
-1.949207
-1.882690
-1.813433
-1.757493
-1.658399
-1.466125
-1.275018
-2.786957
-0.980505
-0.865369
-0.712719
-0.579363
-3.863649
-0.218331
0.034971
-0.144992
0.341251
0.514257
-3.562212
0.778635
0.896697
-0.651663
1.218893
1.385809
1.520443
1.623139
1.557406
1.495781
1.523667
-0.563737
1.779779
1.946523
-2.055820
2.337009
2.669800
-0.421319
3.242408
3.472387
3.172197
-356.521637
-356.498657
3.610488
3.801332
3.815468
3.832053
3.827890
2.977315
4.130380
4.226537
4.352053
4.522127
4.732191
5.004312
5.268375
5.492707
5.824319
6.075519
6.223795
5.443932
6.082831
3.740602
6.158299
6.256444
6.272877
6.383536
6.415845
6.415545
6.532677
8.050231
5.105009
-8.469046
-5.925518
-5.284901
-4.791259
-4.662071
-4.481910
-4.328785
-4.867014
-4.101098
-4.020038
-3.976317
-3.920063
-3.881026
-6.976627
-3.782664
-3.736236
-3.687377
-3.598457
-3.518363
-3.398982
-3.263737
-5.277535
-3.031223
-2.945758
-7.414006
-2.718349
-2.591955
-6.240279
-2.323405
-2.188142
-2.535340
-1.975241
-1.852232
-1.721187
-1.602992
-1.471972
-1.342524
-1.220586
-2.131795
-0.965841
-0.842548
-0.686453
-0.579749
-0.442580
-0.337076
-0.188814
-0.065986
0.070841
0.201517
0.329250
-1.272304
0.595154
-2.225770
0.880375
1.013260
0.983232
1.283351
1.404325
1.531098
1.653807
1.766966
1.901676
2.027541
2.164943
1.459272
2.437225
2.566465
2.698308
2.804432
2.070540
3.066663
3.194078
3.328738
3.475065
3.592627
3.733169
3.858737
4.002764
3.922799
4.237783
4.380988
4.499186
4.631028
2.162073
4.885217
5.006547
1.015223
5.246805
5.365835
1.884369
5.616425
5.723516
5.357728
5.985525
6.108553
6.239783
6.353622
6.493370
7.997263
8.185219
42.936584
-5.803899
-4.994194
-12.217409
-4.431634
-4.335259
-7.628626
-4.206508
-4.178730
-4.164886
-4.090866
-4.026006
-3.968391
-3.899101
-5.578259
-3.745511
-3.666944
-3.830349
-3.473978
-3.361765
-3.264994
-3.146510
-3.033823
-2.934889
-2.823146
-2.703128
-5.379292
-2.475625
-2.348465
-2.218905
-2.112557
-3.059493
-1.851007
-1.714848
-1.586183
-1.463346
-1.332880
-1.209914
-1.068519
-0.949319
-2.318118
-0.661885
-0.565980
-0.416372
-0.296928
-3.068737
-0.024984
0.108905
0.120736
0.381350
0.512089
0.631907
0.761421
0.897894
0.180660
1.152716
1.288829
1.414857
1.545046
1.690608
1.803466
1.955101
-0.869102
2.217371
2.337880
-1.719437
2.598703
2.726475
0.265022
-357.005157
3.108409
3.174749
3.372150
3.496034
3.641067
3.760162
2.639576
4.022189
4.125177
0.256616
4.390741
4.524936
0.763543
4.769157
4.914040
5.033786
5.151169
5.285409
5.388948
5.530979
5.651464
5.419991
5.904642
4.241852
6.146877
6.260164
6.385178
6.521954
8.026647
8.214039
-8.401495
-5.830182
-10.424058
-4.621652
-4.435691
-4.439159
-4.268331
-8.865824
-4.171312
-4.130619
-4.426064
-4.017782
-3.968493
-3.887934
-3.809376
-3.724481
-6.277033
-3.557288
-3.453425
-3.353756
-3.249664
-3.147790
-3.035063
-2.921804
-5.589118
-2.694737
-2.580162
-6.981523
-2.339122
-2.204388
-5.319208
-1.964002
-1.842844
-1.909972
-1.589588
-1.461864
-1.330476
-1.194891
-1.894869
-0.951150
-0.810671
-4.565290
-0.558876
-0.410710
-4.492379
-0.148776
-0.020954
-1.343411
0.243912
0.381063
0.505648
0.629626
0.756763
-0.925971
1.032426
-1.227154
1.299184
1.419297
1.506059
1.686400
1.818165
1.975906
2.076814
2.227057
2.339137
2.469942
2.620819
1.852512
2.864715
-0.525410
3.128763
3.270808
2.878478
3.503492
3.651080
3.791963
3.921124
4.059892
4.163426
4.299924
4.431572
4.237398
4.674236
4.794524
4.923821
5.052091
3.088923
5.285409
5.409801
5.539886
5.679740
5.794592
2.596371
6.077459
6.165162
5.936222
6.412205
6.561351
8.062437
8.242118
-8.372603
-5.836274
-4.975944
-11.219861
-4.442685
-4.321933
-10.643335
-4.190669
-4.169783
-6.545678
-4.060915
-4.013220
-3.961151
-3.869725
-3.801119
-3.719857
-3.644794
-5.767090
-3.447828
-3.338269
-3.347725
-3.126776
-3.036237
-2.916868
-2.798320
-2.686334
-2.561346
-2.458104
-2.322953
-4.719299
-2.071454
-1.968486
-1.842731
-1.706492
-2.434175
-1.443429
-1.323536
-1.198303
-1.055780
-0.932223
-0.787264
-0.671891
-0.532204
-1.794650
-0.278036
-0.136304
-0.011631
0.128481
-2.171400
0.403760
0.525538
0.619189
0.782376
0.914369
1.040362
1.171035
1.319415
0.791165
1.578541
1.709145
1.840691
1.982832
2.101211
2.242234
2.360038
-0.847973
2.634452
2.760435
-1.288368
-356.966644
3.144814
1.177997
3.397709
3.530526
3.648717
3.792687
3.907764
4.063293
4.170557
2.686101
4.426122
4.564701
0.623114
4.816914
4.944721
1.414878
5.184125
5.306862
4.803950
5.555923
5.684125
5.795576
5.941150
6.076953
5.760159
6.308734
5.015684
6.569369
8.070380
8.220978
-8.363587
-5.809814
-4.984864
-4.627471
-4.420583
-9.437281
-4.257983
-4.202144
-4.326337
-4.114902
-7.845592
-4.014647
-3.953221
-4.065642
-3.795901
-3.714745
-3.644620
-3.554983
-3.455498
-6.217354
-3.229901
-3.123539
-3.033287
-2.913488
-2.799711
-2.679530
-2.565613
-3.801553
-2.311518
-2.196096
-6.521503
-1.959211
-1.829967
-4.518561
-1.565631
-1.445143
-1.400738
-1.187118
-1.036864
-0.919953
-0.788159
-1.776811
-0.508538
-0.391791
-4.320033
-0.129337
-0.015108
-3.928160
0.250373
0.393146
-0.626612
0.659194
0.784206
0.933322
1.060593
1.188848
1.320535
1.446781
-0.404591
1.721220
1.834831
1.960784
2.084778
2.230226
2.360461
2.492864
2.632499
2.757799
2.889891
-356.968781
1.617010
3.275480
-0.136491
3.537671
3.678414
3.465043
3.923283
4.048649
4.174273
4.301318
4.448730
4.568417
4.697937
4.825014
4.296809
5.077506
5.198714
5.310046
5.449150
3.781495
5.690505
5.799230
5.939647
6.055021
6.200426
2.824019
6.428891
6.583077
7.839165
8.251249
-8.379870
-5.816700
-4.969947
-6.247128
-4.430882
-4.320130
-10.023510
-4.198073
-4.160630
-9.746995
-4.072917
-4.019264
-5.873870
-3.869711
-3.786564
-3.707371
-3.634255
-3.539246
-3.431880
-3.336944
-5.820776
-3.132636
-3.029025
-7.531530
-2.789679
-2.681584
-6.023358
-2.445294
-2.308878
-2.463944
-2.062199
-1.950508
-5.218004
-1.694459
-5.556721
-1.535964
-1.311969
-2.001188
-1.041430
-0.934832
-0.796423
-0.647296
-0.531672
-0.393218
-0.270960
-0.138415
-2.420823
0.137640
0.259225
0.390325
0.528482
-1.339375
0.789623
0.920611
1.046264
1.178111
1.320153
1.446973
1.582776
1.718803
0.330495
1.979991
2.102441
2.247889
2.360120
-1.056075
2.614863
2.757129
2.365647
-356.980469
3.144268
-0.850555
3.403692
3.530977
2.035959
3.798397
3.928856
4.060971
4.179764
4.306072
4.435657
4.554811
2.590058
4.807024
4.933670
0.938240
5.178374
5.304260
2.139117
5.558731
5.687179
5.510305
5.950336
6.069180
6.184962
6.309062
5.810165
6.567143
8.065989
4.644162
-8.376019
-5.807383
-4.973157
-4.630094
-4.435117
-4.330088
-4.262150
-4.200183
-4.153766
-4.107403
-4.064631
-4.755210
-3.950366
-7.132697
-3.795962
-3.711924
-3.670960
-3.546541
-3.440035
-3.345123
-3.242639
-3.126618
-6.842484
-2.911835
-2.802716
-2.876546
-2.558760
-2.452591
-2.313839
-2.204273
-2.843994
-1.965235
-1.830614
-1.696904
-1.567837
-1.457151
-4.202697
-1.186623
-1.051204
-0.947943
-0.793466
-0.662889
-0.527737
-0.405963
-2.066090
-0.136359
-0.002629
-4.089981
0.243556
0.381009
-3.182319
0.637754
0.779343
0.330886
1.044174
1.178261
1.322625
1.444637
1.578896
1.711248
1.827044
-1.317789
2.097318
2.237493
-1.844094
2.491730
2.623838
0.611289
2.860972
-356.986084
3.126673
3.269634
3.406684
1.108199
3.670341
0.795122
3.912682
4.052843
3.996100
4.301701
4.431176
4.562474
4.666162
4.792270
4.933424
5.052705
5.174316
3.737442
5.431733
5.556913
5.691175
5.817835
4.967280
6.075601
6.200337
6.325448
6.442114
6.584874
8.078358
8.266778
-8.340487
-6.871348
-4.980096
-4.611734
-4.432221
-4.314645
-8.352784
-4.185833
-4.160405
-4.248036
-4.061455
-4.008636
-8.749442
-3.873024
-3.790279
-4.642090
-3.642615
-3.536866
-3.430357
NaN
