0.000000
3964.000000
3954.000000
3956.000000
3958.000000
3956.000000
3958.000000
3958.000000
3934.000000
3958.000000
3956.000000
3948.000000
3984.000000
3950.000000
3948.000000
3946.000000
3948.000000
3948.000000
3968.000000
3908.000000
3968.000000
3966.000000
3954.000000
3960.000000
3964.000000
3946.000000
3960.000000
3938.000000
3932.000000
3960.000000
3912.000000
3952.000000
3938.000000
3958.000000
3954.000000
3948.000000
3962.000000
3992.000000
3946.000000
3966.000000
3914.000000
3978.000000
3960.000000
3956.000000
3962.000000
3966.000000
3956.000000
3944.000000
4018.000000
3966.000000
4030.000000
4026.000000
3940.000000
3948.000000
3952.000000
3960.000000
3912.000000
3970.000000
3950.000000
3958.000000
3948.000000
3954.000000
3952.000000
3952.000000
3932.000000
3932.000000
3958.000000
4008.000000
3848.000000
3860.000000
3896.000000
3958.000000
3944.000000
3960.000000
3980.000000
3970.000000
3950.000000
3942.000000
3940.000000
3956.000000
3922.000000
3944.000000
3962.000000
3976.000000
3940.000000
3958.000000
3948.000000
3950.000000
3950.000000
3958.000000
3958.000000
3936.000000
3958.000000
3942.000000
3944.000000
3950.000000
3970.000000
3964.000000
3922.000000
3964.000000
3942.000000
3948.000000
3958.000000
3942.000000
3954.000000
3952.000000
3948.000000
3984.000000
4006.000000
3944.000000
3950.000000
3916.000000
3952.000000
3946.000000
3944.000000
3922.000000
3908.000000
3950.000000
3968.000000
3914.000000
3940.000000
3946.000000
3940.000000
3906.000000
3960.000000
3944.000000
3968.000000
3954.000000
3948.000000
3926.000000
3956.000000
3956.000000
3946.000000
3956.000000
3960.000000
3960.000000
3960.000000
3956.000000
3960.000000
3966.000000
3950.000000
3936.000000
3904.000000
3978.000000
4008.000000
3964.000000
3970.000000
3934.000000
3960.000000
3962.000000
4024.000000
3936.000000
4030.000000
3974.000000
3940.000000
3946.000000
3960.000000
3954.000000
3922.000000
3962.000000
3960.000000
3914.000000
3950.000000
3910.000000
3968.000000
3960.000000
3924.000000
3950.000000
3954.000000
4026.000000
4024.000000
3954.000000
3960.000000
3932.000000
3964.000000
3940.000000
3962.000000
3960.000000
3946.000000
3954.000000
3958.000000
3970.000000
3952.000000
3942.000000
3956.000000
3966.000000
3910.000000
3906.000000
3942.000000
3956.000000
3944.000000
3942.000000
3964.000000
3904.000000
3950.000000
3936.000000
3950.000000
3998.000000
3948.000000
3934.000000
3972.000000
3962.000000
3956.000000
3954.000000
3908.000000
3946.000000
4030.000000
3924.000000
3968.000000
3960.000000
3948.000000
3922.000000
3936.000000
3996.000000
3944.000000
3946.000000
3956.000000
3960.000000
3940.000000
3960.000000
3956.000000
3952.000000
3958.000000
3944.000000
3954.000000
3936.000000
3950.000000
3938.000000
3950.000000
3954.000000
3944.000000
3934.000000
3948.000000
3964.000000
3978.000000
3968.000000
3960.000000
3922.000000
3964.000000
3916.000000
3942.000000
3934.000000
3946.000000
3966.000000
3934.000000
3938.000000
3964.000000
3962.000000
3922.000000
3952.000000
3956.000000
3956.000000
3954.000000
3938.000000
3938.000000
3954.000000
3948.000000
3962.000000
3904.000000
3936.000000
3908.000000
3972.000000
3956.000000
3952.000000
3952.000000
3928.000000
3952.000000
3954.000000
3946.000000
3952.000000
3954.000000
3942.000000
3962.000000
3946.000000
3952.000000
3932.000000
3952.000000
3950.000000
3948.000000
3928.000000
3918.000000
3926.000000
3966.000000
3988.000000
3916.000000
3948.000000
3954.000000
3918.000000
3928.000000
3942.000000
3956.000000
3968.000000
3954.000000
3948.000000
3938.000000
3954.000000
3940.000000
3942.000000
3946.000000
3964.000000
3980.000000
3908.000000
3912.000000
4014.000000
3972.000000
3930.000000
3936.000000
3976.000000
3928.000000
3908.000000
3908.000000
3954.000000
3916.000000
3948.000000
3950.000000
3980.000000
3974.000000
3912.000000
3920.000000
3964.000000
3972.000000
3942.000000
3928.000000
3924.000000
3948.000000
3960.000000
3948.000000
3948.000000
3920.000000
3956.000000
4026.000000
3904.000000
3964.000000
3916.000000
3942.000000
3980.000000
3964.000000
3952.000000
3922.000000
3942.000000
3990.000000
3926.000000
3860.000000
3952.000000
3946.000000
3966.000000
3958.000000
3922.000000
3968.000000
3960.000000
4028.000000
3952.000000
3996.000000
3982.000000
3942.000000
3944.000000
3950.000000
3964.000000
3960.000000
3980.000000
3960.000000
3940.000000
3950.000000
3948.000000
3920.000000
3908.000000
3916.000000
3968.000000
3964.000000
3940.000000
3916.000000
3966.000000
3942.000000
3938.000000
3928.000000
3952.000000
3940.000000
3988.000000
3968.000000
3950.000000
3950.000000
3964.000000
3956.000000
3942.000000
3970.000000
4014.000000
3982.000000
3928.000000
3956.000000
3950.000000
4010.000000
3946.000000
3960.000000
3966.000000
3908.000000
4018.000000
3910.000000
3946.000000
3952.000000
3942.000000
3950.000000
3962.000000
3910.000000
3958.000000
3948.000000
4010.000000
3992.000000
3924.000000
3950.000000
3948.000000
3960.000000
3944.000000
3988.000000
3964.000000
3950.000000
3956.000000
3938.000000
3952.000000
4022.000000
3966.000000
3954.000000
3960.000000
3950.000000
3956.000000
3938.000000
3928.000000
3966.000000
3968.000000
3942.000000
3904.000000
3966.000000
3972.000000
3940.000000
3946.000000
3940.000000
3950.000000
3966.000000
3950.000000
3942.000000
3942.000000
3968.000000
3948.000000
3956.000000
3940.000000
3962.000000
3962.000000
3960.000000
3962.000000
3940.000000
3952.000000
3954.000000
3942.000000
3956.000000
3950.000000
3938.000000
3940.000000
3946.000000
3962.000000
3962.000000
3956.000000
3942.000000
3954.000000
3944.000000
3958.000000
3946.000000
4000.000000
3990.000000
3980.000000
3784.000000
3942.000000
4016.000000
3958.000000
3956.000000
3960.000000
3922.000000
3982.000000
3940.000000
3944.000000
3950.000000
3914.000000
3922.000000
3940.000000
3948.000000
3954.000000
3966.000000
3958.000000
3964.000000
3948.000000
3936.000000
3940.000000
3956.000000
3946.000000
3998.000000
3974.000000
3952.000000
4020.000000
3954.000000
3952.000000
3954.000000
3954.000000
3952.000000
3920.000000
3904.000000
3956.000000
3944.000000
3944.000000
3948.000000
3906.000000
3952.000000
3904.000000
3970.000000
3966.000000
3910.000000
3926.000000
3944.000000
3964.000000
3948.000000
3910.000000
3952.000000
3954.000000
3950.000000
3946.000000
3952.000000
4010.000000
3942.000000
3944.000000
3912.000000
3942.000000
3978.000000
3950.000000
3962.000000
4008.000000
3954.000000
3958.000000
3922.000000
3950.000000
3962.000000
3960.000000
4030.000000
3954.000000
3956.000000
3950.000000
3954.000000
3960.000000
3946.000000
3960.000000
3948.000000
3950.000000
3944.000000
3962.000000
3954.000000
4028.000000
3958.000000
3948.000000
3970.000000
3960.000000
3940.000000
3926.000000
3958.000000
3908.000000
3904.000000
3946.000000
3958.000000
3954.000000
3982.000000
4012.000000
3946.000000
3950.000000
3904.000000
3962.000000
3980.000000
3930.000000
3964.000000
3954.000000
3964.000000
3948.000000
3946.000000
3926.000000
3954.000000
3944.000000
3948.000000
3936.000000
3962.000000
3964.000000
3924.000000
3934.000000
3952.000000
3950.000000
3960.000000
3940.000000
3904.000000
3962.000000
3954.000000
3966.000000
3950.000000
3962.000000
3966.000000
3956.000000
3962.000000
3956.000000
3946.000000
3944.000000
3964.000000
3942.000000
3966.000000
3952.000000
3970.000000
3910.000000
3952.000000
3988.000000
3960.000000
3944.000000
3950.000000
3938.000000
3960.000000
3950.000000
3938.000000
3946.000000
3944.000000
3936.000000
3962.000000
3960.000000
3950.000000
3966.000000
3952.000000
3960.000000
3930.000000
3966.000000
3962.000000
3970.000000
3952.000000
3948.000000
3962.000000
3958.000000
3956.000000
3912.000000
3960.000000
3958.000000
3954.000000
3948.000000
3956.000000
3946.000000
3940.000000
3942.000000
3912.000000
3946.000000
3944.000000
3942.000000
3950.000000
3958.000000
3958.000000
3940.000000
3962.000000
3968.000000
3962.000000
3942.000000
3958.000000
3952.000000
3954.000000
4024.000000
3958.000000
3960.000000
3960.000000
3966.000000
3950.000000
3960.000000
4018.000000
3944.000000
3958.000000
3964.000000
3944.000000
3954.000000
3966.000000
4022.000000
3928.000000
3942.000000
3942.000000
3952.000000
3954.000000
3958.000000
3966.000000
3962.000000
3966.000000
3968.000000
3952.000000
3960.000000
3926.000000
3964.000000
3962.000000
3960.000000
3980.000000
3948.000000
3946.000000
4020.000000
3948.000000
3952.000000
3944.000000
3940.000000
3962.000000
3966.000000
3948.000000
3910.000000
3942.000000
3944.000000
3932.000000
3946.000000
3970.000000
3938.000000
3974.000000
3970.000000
3964.000000
3918.000000
3972.000000
3942.000000
4014.000000
3942.000000
3958.000000
3968.000000
3954.000000
3946.000000
3928.000000
3950.000000
4006.000000
3942.000000
3918.000000
3952.000000
3976.000000
3934.000000
3956.000000
3962.000000
3974.000000
3952.000000
3938.000000
3944.000000
3968.000000
4028.000000
3916.000000
3912.000000
3966.000000
3976.000000
3966.000000
3952.000000
3906.000000
3952.000000
3906.000000
4024.000000
3960.000000
3946.000000
3960.000000
3938.000000
3934.000000
3908.000000
3904.000000
3948.000000
3932.000000
3968.000000
3940.000000
3936.000000
3982.000000
3962.000000
3976.000000
3958.000000
3966.000000
3954.000000
3956.000000
3950.000000
3910.000000
3958.000000
3950.000000
3948.000000
3906.000000
3958.000000
3958.000000
3944.000000
3908.000000
3938.000000
3930.000000
3958.000000
3946.000000
3950.000000
3908.000000
3952.000000
3956.000000
3948.000000
3960.000000
3944.000000
3924.000000
3958.000000
3956.000000
3960.000000
3958.000000
3948.000000
3950.000000
3976.000000
3978.000000
3904.000000
3966.000000
3962.000000
3946.000000
4008.000000
3946.000000
3958.000000
3954.000000
3958.000000
3962.000000
3950.000000
3942.000000
3918.000000
3972.000000
3966.000000
3956.000000
3960.000000
3974.000000
3950.000000
3938.000000
3950.000000
3966.000000
3954.000000
3962.000000
3960.000000
3954.000000
3960.000000
3958.000000
3942.000000
3914.000000
3942.000000
3906.000000
3966.000000
3944.000000
3958.000000
3906.000000
3968.000000
3952.000000
4024.000000
4010.000000
4066.000000
3994.000000
3944.000000
4078.000000
4162.000000
4038.000000
3902.000000
3720.000000
3714.000000
3640.000000
3888.000000
3842.000000
4092.000000
3700.000000
3984.000000
4252.000000
4382.000000
4212.000000
3964.000000
3936.000000
4034.000000
3972.000000
4088.000000
3970.000000
3998.000000
3814.000000
3886.000000
3990.000000
4092.000000
3972.000000
3992.000000
4132.000000
4186.000000
4020.000000
3790.000000
3784.000000
3840.000000
3772.000000
3880.000000
4128.000000
4284.000000
4086.000000
4038.000000
4074.000000
3794.000000
4308.000000
4224.000000
3930.000000
3746.000000
4092.000000
4156.000000
4078.000000
4004.000000
4080.000000
4072.000000
4184.000000
4084.000000
3690.000000
3920.000000
4262.000000
4090.000000
3500.000000
3864.000000
4302.000000
4624.000000
3714.000000
3580.000000
3520.000000
3948.000000
3938.000000
3676.000000
3742.000000
4076.000000
4186.000000
4208.000000
4102.000000
4024.000000
3880.000000
4364.000000
4232.000000
4030.000000
4108.000000
4004.000000
4016.000000
4052.000000
4030.000000
4022.000000
4030.000000
4092.000000
4054.000000
4038.000000
3884.000000
3766.000000
4018.000000
4016.000000
3956.000000
3914.000000
3938.000000
4112.000000
4268.000000
4082.000000
3702.000000
3922.000000
4074.000000
4202.000000
3858.000000
3768.000000
3726.000000
3900.000000
4026.000000
3934.000000
3918.000000
3986.000000
4108.000000
4124.000000
4100.000000
4064.000000
3994.000000
3942.000000
3908.000000
4098.000000
3894.000000
4060.000000
4190.000000
4122.000000
3936.000000
4022.000000
4014.000000
4060.000000
3996.000000
3880.000000
3782.000000
3914.000000
4004.000000
4350.000000
4372.000000
3868.000000
3650.000000
3910.000000
4040.000000
4232.000000
3634.000000
3670.000000
3928.000000
4048.000000
3886.000000
3840.000000
3866.000000
3928.000000
4140.000000
4086.000000
4020.000000
3934.000000
4000.000000
4346.000000
4438.000000
4126.000000
3748.000000
3942.000000
4172.000000
4340.000000
3920.000000
3830.000000
3864.000000
4078.000000
4020.000000
3938.000000
3984.000000
3922.000000
3964.000000
4056.000000
4002.000000
3948.000000
3812.000000
3918.000000
4196.000000
4074.000000
3654.000000
3650.000000
3722.000000
3946.000000
3984.000000
3896.000000
3772.000000
3888.000000
3982.000000
4020.000000
3888.000000
3866.000000
4060.000000
4036.000000
3990.000000
4174.000000
4098.000000
3648.000000
3694.000000
3962.000000
4120.000000
3972.000000
3830.000000
3860.000000
4028.000000
4210.000000
4066.000000
3944.000000
3864.000000
4078.000000
4012.000000
3910.000000
3858.000000
3960.000000
3958.000000
3980.000000
3892.000000
4082.000000
4150.000000
4036.000000
3628.000000
3642.000000
3822.000000
4040.000000
3954.000000
3802.000000
3898.000000
3948.000000
3818.000000
3764.000000
3878.000000
4028.000000
3902.000000
3976.000000
4020.000000
3988.000000
4336.000000
4278.000000
3890.000000
3924.000000
4092.000000
3908.000000
3904.000000
3786.000000
3996.000000
3994.000000
4044.000000
4060.000000
4082.000000
4080.000000
3990.000000
3862.000000
4110.000000
3784.000000
3586.000000
3788.000000
3966.000000
4064.000000
3968.000000
3792.000000
3628.000000
3688.000000
3714.000000
3926.000000
3890.000000
3892.000000
3856.000000
4044.000000
3906.000000
3764.000000
3744.000000
3934.000000
4028.000000
4026.000000
3842.000000
3810.000000
4270.000000
4370.000000
3966.000000
3974.000000
4068.000000
4060.000000
4004.000000
3964.000000
3970.000000
3950.000000
4012.000000
3976.000000
3896.000000
4140.000000
4238.000000
4144.000000
3606.000000
3676.000000
3758.000000
3988.000000
3996.000000
3726.000000
3606.000000
3636.000000
4030.000000
3968.000000
3864.000000
3730.000000
3978.000000
4040.000000
4116.000000
3992.000000
3888.000000
4010.000000
4080.000000
4184.000000
4196.000000
4090.000000
3846.000000
3934.000000
4042.000000
3988.000000
3846.000000
3928.000000
3886.000000
4072.000000
4046.000000
3922.000000
3986.000000
4036.000000
3974.000000
3980.000000
4000.000000
3886.000000
3768.000000
3868.000000
3968.000000
4022.000000
3966.000000
3714.000000
3740.000000
3770.000000
3956.000000
4136.000000
3970.000000
3882.000000
3790.000000
3910.000000
3822.000000
4000.000000
3894.000000
3886.000000
4208.000000
4284.000000
4050.000000
4024.000000
4102.000000
4066.000000
4008.000000
3900.000000
3930.000000
3932.000000
3978.000000
3882.000000
3970.000000
3914.000000
3936.000000
3976.000000
3724.000000
3768.000000
4010.000000
3968.000000
3896.000000
3966.000000
3904.000000
3994.000000
3998.000000
3910.000000
3876.000000
3784.000000
3954.000000
3914.000000
3820.000000
3770.000000
3958.000000
4000.000000
3932.000000
3862.000000
3836.000000
3884.000000
3892.000000
3714.000000
3706.000000
3884.000000
4020.000000
4030.000000
3840.000000
3692.000000
3838.000000
3880.000000
4134.000000
3776.000000
3772.000000
3836.000000
4220.000000
4054.000000
4030.000000
3880.000000
3726.000000
3970.000000
4102.000000
3922.000000
3700.000000
4040.000000
4032.000000
3922.000000
3868.000000
3828.000000
3966.000000
3962.000000
3952.000000
3894.000000
3946.000000
3832.000000
3894.000000
4022.000000
4058.000000
4074.000000
4058.000000
4204.000000
4096.000000
3670.000000
3650.000000
4094.000000
4102.000000
4088.000000
3902.000000
3966.000000
4112.000000
4090.000000
3972.000000
3954.000000
3952.000000
3860.000000
3920.000000
3860.000000
3838.000000
3886.000000
3750.000000
4310.000000
4240.000000
4004.000000
3684.000000
3722.000000
3922.000000
3968.000000
3794.000000
3804.000000
3882.000000
3938.000000
4040.000000
4258.000000
4278.000000
4110.000000
3630.000000
3748.000000
3822.000000
3858.000000
4222.000000
4034.000000
4006.000000
3970.000000
4026.000000
3988.000000
3966.000000
4114.000000
3978.000000
3948.000000
3954.000000
4048.000000
3738.000000
3852.000000
4098.000000
3960.000000
4062.000000
3928.000000
3934.000000
3890.000000
3828.000000
3956.000000
3938.000000
3934.000000
3956.000000
3960.000000
3924.000000
3940.000000
4056.000000
4142.000000
4114.000000
3718.000000
3594.000000
3946.000000
4020.000000
4196.000000
4178.000000
4084.000000
4044.000000
3974.000000
3868.000000
4046.000000
4148.000000
3714.000000
4008.000000
4124.000000
4230.000000
3898.000000
4032.000000
3972.000000
3622.000000
3812.000000
4090.000000
3860.000000
3876.000000
3528.000000
3894.000000
3982.000000
3938.000000
3990.000000
4124.000000
4146.000000
4318.000000
4280.000000
3758.000000
3822.000000
3924.000000
4092.000000
4154.000000
4030.000000
3950.000000
3882.000000
3884.000000
3930.000000
3916.000000
4020.000000
4096.000000
4324.000000
4084.000000
3956.000000
4002.000000
4124.000000
4070.000000
3548.000000
4020.000000
4248.000000
3894.000000
4002.000000
3884.000000
3968.000000
4164.000000
3998.000000
3956.000000
4144.000000
4200.000000
3922.000000
3610.000000
3616.000000
3868.000000
4106.000000
4476.000000
4374.000000
3996.000000
3896.000000
3916.000000
3934.000000
3908.000000
3926.000000
4048.000000
4062.000000
3970.000000
3948.000000
3940.000000
4038.000000
4144.000000
3964.000000
3832.000000
3698.000000
3722.000000
3632.000000
4084.000000
4212.000000
4238.000000
3974.000000
3828.000000
3822.000000
3838.000000
4254.000000
4364.000000
4082.000000
4094.000000
4094.000000
3954.000000
3836.000000
3800.000000
3792.000000
3770.000000
3822.000000
3904.000000
3918.000000
4164.000000
4168.000000
3880.000000
3954.000000
3678.000000
3716.000000
3806.000000
3762.000000
3752.000000
4022.000000
4278.000000
4218.000000
3656.000000
3778.000000
3716.000000
3770.000000
4428.000000
4258.000000
4242.000000
4118.000000
4256.000000
4030.000000
3880.000000
3876.000000
4172.000000
4152.000000
4124.000000
3718.000000
3762.000000
3720.000000
3772.000000
3696.000000
3748.000000
3736.000000
3840.000000
3940.000000
4006.000000
4060.000000
4136.000000
4142.000000
4100.000000
4002.000000
3744.000000
3716.000000
3998.000000
4064.000000
4082.000000
4196.000000
4026.000000
3912.000000
4008.000000
4122.000000
4038.000000
3900.000000
4030.000000
3790.000000
3938.000000
4058.000000
4228.000000
4308.000000
3786.000000
3778.000000
3920.000000
4050.000000
3996.000000
4046.000000
3868.000000
4052.000000
3936.000000
3874.000000
3888.000000
3876.000000
3546.000000
3608.000000
4296.000000
4328.000000
3734.000000
3602.000000
3700.000000
4126.000000
4208.000000
4192.000000
4044.000000
3886.000000
4270.000000
4074.000000
4016.000000
3980.000000
3908.000000
3988.000000
4016.000000
3918.000000
4084.000000
4106.000000
4088.000000
4026.000000
3774.000000
4004.000000
3934.000000
3882.000000
3768.000000
3752.000000
3878.000000
4026.000000
3894.000000
3818.000000
3922.000000
4058.000000
4242.000000
4264.000000
4102.000000
3898.000000
4034.000000
4134.000000
4122.000000
3974.000000
4174.000000
4076.000000
3842.000000
3862.000000
3930.000000
3858.000000
3960.000000
3802.000000
4150.000000
4026.000000
3820.000000
4078.000000
4010.000000
3988.000000
3940.000000
3892.000000
3762.000000
3860.000000
3906.000000
3806.000000
4100.000000
4202.000000
4204.000000
4188.000000
3962.000000
3760.000000
3686.000000
4016.000000
4356.000000
4126.000000
3978.000000
3902.000000
3990.000000
4062.000000
3878.000000
3850.000000
4046.000000
4066.000000
3882.000000
4090.000000
3892.000000
3876.000000
4076.000000
3862.000000
3780.000000
3824.000000
3750.000000
3870.000000
3882.000000
3872.000000
3878.000000
3884.000000
3964.000000
4446.000000
4450.000000
4336.000000
3790.000000
3782.000000
3938.000000
4004.000000
4054.000000
4232.000000
4190.000000
4060.000000
3988.000000
3958.000000
4016.000000
4124.000000
3982.000000
4014.000000
3980.000000
4070.000000
3974.000000
3744.000000
3792.000000
3994.000000
4286.000000
3832.000000
3710.000000
3786.000000
4060.000000
4012.000000
3848.000000
3702.000000
3860.000000
3986.000000
4334.000000
4408.000000
4090.000000
3780.000000
3800.000000
3994.000000
3970.000000
4118.000000
4232.000000
4184.000000
3990.000000
3990.000000
3962.000000
3980.000000
3820.000000
3940.000000
3960.000000
4020.000000
4050.000000
4046.000000
3848.000000
3786.000000
4562.000000
4376.000000
4006.000000
3602.000000
3858.000000
3890.000000
3900.000000
3850.000000
4020.000000
4242.000000
4236.000000
3888.000000
3784.000000
3800.000000
3890.000000
4250.000000
4102.000000
3906.000000
3920.000000
4126.000000
4068.000000
3950.000000
3846.000000
4006.000000
4000.000000
4002.000000
3812.000000
3936.000000
4186.000000
4194.000000
3988.000000
3832.000000
4180.000000
4306.000000
3990.000000
3832.000000
3788.000000
3866.000000
4006.000000
3918.000000
3964.000000
3774.000000
4012.000000
4078.000000
4296.000000
4194.000000
4052.000000
3906.000000
3806.000000
3890.000000
3968.000000
4148.000000
3976.000000
3914.000000
4016.000000
4056.000000
4124.000000
4096.000000
4060.000000
3904.000000
4308.000000
3874.000000
3688.000000
3934.000000
4064.000000
3894.000000
3864.000000
3846.000000
4014.000000
4140.000000
4054.000000
3918.000000
3812.000000
3790.000000
3826.000000
4104.000000
4084.000000
4032.000000
4044.000000
4008.000000
3720.000000
3888.000000
4012.000000
4194.000000
4158.000000
4148.000000
4086.000000
4056.000000
4136.000000
4070.000000
4070.000000
3864.000000
3808.000000
3970.000000
4152.000000
3992.000000
3984.000000
3928.000000
3762.000000
3888.000000
4024.000000
3862.000000
3872.000000
3846.000000
4004.000000
4060.000000
4186.000000
4328.000000
3882.000000
3924.000000
4000.000000
3966.000000
4086.000000
4096.000000
4022.000000
4008.000000
3912.000000
3908.000000
3970.000000
4008.000000
4064.000000
4114.000000
4150.000000
3940.000000
3870.000000
4080.000000
4248.000000
4158.000000
3608.000000
3692.000000
3916.000000
3992.000000
3912.000000
3886.000000
3850.000000
4132.000000
4098.000000
4084.000000
4110.000000
4256.000000
3914.000000
3870.000000
3840.000000
3880.000000
4096.000000
3996.000000
4042.000000
4082.000000
4034.000000
4092.000000
4002.000000
4006.000000
3922.000000
4068.000000
3910.000000
3794.000000
4178.000000
4228.000000
4186.000000
3772.000000
3732.000000
4092.000000
4206.000000
3968.000000
3944.000000
3914.000000
3966.000000
3982.000000
3790.000000
3900.000000
4130.000000
4290.000000
3964.000000
3868.000000
3830.000000
3724.000000
4464.000000
4180.000000
3890.000000
3942.000000
4028.000000
3960.000000
4084.000000
4194.000000
4252.000000
3940.000000
3750.000000
3626.000000
4050.000000
3948.000000
3886.000000
3720.000000
3878.000000
4002.000000
3986.000000
3886.000000
3704.000000
3878.000000
3884.000000
4016.000000
4168.000000
4048.000000
3974.000000
4046.000000
4210.000000
4010.000000
4026.000000
4034.000000
4220.000000
4348.000000
4268.000000
3962.000000
3780.000000
3968.000000
4016.000000
3800.000000
3686.000000
3744.000000
3576.000000
3716.000000
4016.000000
3954.000000
4188.000000
3988.000000
3926.000000
3766.000000
3786.000000
3908.000000
4042.000000
3970.000000
3922.000000
3962.000000
4048.000000
4128.000000
4036.000000
4052.000000
3922.000000
3866.000000
4010.000000
4196.000000
4096.000000
3880.000000
3830.000000
4020.000000
4154.000000
4022.000000
3996.000000
4180.000000
3956.000000
4082.000000
4022.000000
3954.000000
3850.000000
3948.000000
4042.000000
4028.000000
4074.000000
4040.000000
4076.000000
3880.000000
4440.000000
4212.000000
4212.000000
3662.000000
3770.000000
4004.000000
4080.000000
3964.000000
3852.000000
4002.000000
4036.000000
4082.000000
3922.000000
4080.000000
4090.000000
4148.000000
4204.000000
4206.000000
4194.000000
3972.000000
3696.000000
3964.000000
4142.000000
4102.000000
3998.000000
4054.000000
4100.000000
4194.000000
4192.000000
3898.000000
3798.000000
3808.000000
3950.000000
3902.000000
3850.000000
3922.000000
3808.000000
4282.000000
4270.000000
4074.000000
3816.000000
3848.000000
3890.000000
3924.000000
3790.000000
3916.000000
4030.000000
4024.000000
4076.000000
4096.000000
4030.000000
4004.000000
3926.000000
3898.000000
4220.000000
4230.000000
4034.000000
3820.000000
3798.000000
3944.000000
4012.000000
3970.000000
4054.000000
4040.000000
4252.000000
4210.000000
4068.000000
4032.000000
4080.000000
3924.000000
3910.000000
4024.000000
4088.000000
3846.000000
3748.000000
3768.000000
4370.000000
3772.000000
3774.000000
3774.000000
4048.000000
4020.000000
3966.000000
3748.000000
4082.000000
4070.000000
4038.000000
3980.000000
3982.000000
3892.000000
3868.000000
4416.000000
4108.000000
4006.000000
3858.000000
3768.000000
4006.000000
3938.000000
3954.000000
4056.000000
3978.000000
4046.000000
4118.000000
4112.000000
4022.000000
4022.000000
4082.000000
4094.000000
4010.000000
3898.000000
3728.000000
4002.000000
4054.000000
4210.000000
3874.000000
3900.000000
3792.000000
3868.000000
3770.000000
4018.000000
4012.000000
3966.000000
3922.000000
4002.000000
3898.000000
3852.000000
3754.000000
3926.000000
4214.000000
4060.000000
3914.000000
3916.000000
4044.000000
3938.000000
3958.000000
4078.000000
4136.000000
4010.000000
4082.000000
3894.000000
4004.000000
4086.000000
4022.000000
4056.000000
4192.000000
4038.000000
3974.000000
4020.000000
3972.000000
4128.000000
3914.000000
3972.000000
3942.000000
3882.000000
3786.000000
3926.000000
4030.000000
3996.000000
3844.000000
3922.000000
4048.000000
4034.000000
4194.000000
4218.000000
3974.000000
3910.000000
4004.000000
4102.000000
3964.000000
4020.000000
4182.000000
4236.000000
4092.000000
3790.000000
3826.000000
3970.000000
3964.000000
3844.000000
3866.000000
3818.000000
3998.000000
4044.000000
4102.000000
4166.000000
4052.000000
4002.000000
3908.000000
3992.000000
4082.000000
3904.000000
3852.000000
3968.000000
4038.000000
4086.000000
4020.000000
3704.000000
3916.000000
4206.000000
4342.000000
4286.000000
3834.000000
3670.000000
3858.000000
4060.000000
4112.000000
3992.000000
4006.000000
4030.000000
4140.000000
4120.000000
4118.000000
4074.000000
3906.000000
3814.000000
3848.000000
4202.000000
4280.000000
4126.000000
4022.000000
4022.000000
3932.000000
3794.000000
3752.000000
3906.000000
4054.000000
4024.000000
4078.000000
3992.000000
3986.000000
4154.000000
4010.000000
3966.000000
3872.000000
4036.000000
4174.000000
4160.000000
4334.000000
4290.000000
3992.000000
3808.000000
3792.000000
4060.000000
3964.000000
3836.000000
4000.000000
3934.000000
4050.000000
4188.000000
3970.000000
3848.000000
3762.000000
3906.000000
4020.000000
3980.000000
3912.000000
4014.000000
4026.000000
3924.000000
3798.000000
3790.000000
4300.000000
4222.000000
4018.000000
3718.000000
4250.000000
4284.000000
3946.000000
3758.000000
4240.000000
4428.000000
4256.000000
4062.000000
3822.000000
3970.000000
3988.000000
4020.000000
4032.000000
4038.000000
4062.000000
3728.000000
4196.000000
4172.000000
4172.000000
3834.000000
3908.000000
3964.000000
3892.000000
3820.000000
3980.000000
4008.000000
3980.000000
4112.000000
4056.000000
4022.000000
4058.000000
4246.000000
3842.000000
3664.000000
3944.000000
3984.000000
4214.000000
4180.000000
4086.000000
4120.000000
3980.000000
3848.000000
3810.000000
3940.000000
4150.000000
4026.000000
3858.000000
3724.000000
4740.000000
4304.000000
3940.000000
3636.000000
3786.000000
3992.000000
4082.000000
3942.000000
4018.000000
4176.000000
4116.000000
3936.000000
3922.000000
3766.000000
3760.000000
4026.000000
4276.000000
4152.000000
3986.000000
3916.000000
4102.000000
4044.000000
4024.000000
4000.000000
4250.000000
4200.000000
4202.000000
4020.000000
4138.000000
3790.000000
3764.000000
3628.000000
4070.000000
4004.000000
3780.000000
3684.000000
3888.000000
4202.000000
4096.000000
4052.000000
4028.000000
4016.000000
4022.000000
4012.000000
3870.000000
3834.000000
3818.000000
4118.000000
4288.000000
4168.000000
3824.000000
3830.000000
3916.000000
3848.000000
3772.000000
4038.000000
4492.000000
4434.000000
4092.000000
3952.000000
3806.000000
3872.000000
3808.000000
3922.000000
4210.000000
4072.000000
4026.000000
3904.000000
3992.000000
4108.000000
4156.000000
4008.000000
3802.000000
3970.000000
4042.000000
4112.000000
4054.000000
3878.000000
3870.000000
3792.000000
4276.000000
4316.000000
4094.000000
4030.000000
3992.000000
4012.000000
4052.000000
3996.000000
3890.000000
3908.000000
3920.000000
3784.000000
3796.000000
3800.000000
3726.000000
3988.000000
4094.000000
3666.000000
3760.000000
3960.000000
3588.000000
3584.000000
3742.000000
3972.000000
4202.000000
4310.000000
4358.000000
4236.000000
3786.000000
3672.000000
3686.000000
3918.000000
4002.000000
4122.000000
4134.000000
4184.000000
4044.000000
4066.000000
4028.000000
3734.000000
3880.000000
3952.000000
3936.000000
4038.000000
4124.000000
3904.000000
3742.000000
3780.000000
3942.000000
3792.000000
3726.000000
3924.000000
3960.000000
4038.000000
4258.000000
3984.000000
4098.000000
4146.000000
4036.000000
3950.000000
3934.000000
3988.000000
4030.000000
4306.000000
3982.000000
3954.000000
3792.000000
3932.000000
3720.000000
3878.000000
3758.000000
3994.000000
4232.000000
4006.000000
4056.000000
3928.000000
3958.000000
4022.000000
3958.000000
3870.000000
3966.000000
3908.000000
3952.000000
3954.000000
4044.000000
4122.000000
4204.000000
4178.000000
3890.000000
3950.000000
3962.000000
4154.000000
4004.000000
4114.000000
4114.000000
4030.000000
3920.000000
3990.000000
3948.000000
4080.000000
4032.000000
4070.000000
4020.000000
4124.000000
3944.000000
4032.000000
4108.000000
3992.000000
4002.000000
3984.000000
3812.000000
3710.000000
4002.000000
4196.000000
3910.000000
3964.000000
4086.000000
4016.000000
3950.000000
4006.000000
4260.000000
4148.000000
4072.000000
4038.000000
3850.000000
3872.000000
3900.000000
3782.000000
3686.000000
3832.000000
3718.000000
3890.000000
4008.000000
4036.000000
3922.000000
3746.000000
4032.000000
4058.000000
4008.000000
4046.000000
4066.000000
4234.000000
4172.000000
3778.000000
3776.000000
3818.000000
3998.000000
4230.000000
4034.000000
3972.000000
3868.000000
3896.000000
4118.000000
4002.000000
3846.000000
3944.000000
4102.000000
4118.000000
3946.000000
3854.000000
4036.000000
4062.000000
4104.000000
3776.000000
3686.000000
3784.000000
4132.000000
3922.000000
3968.000000
4054.000000
4166.000000
4096.000000
4014.000000
4124.000000
4100.000000
3846.000000
3744.000000
3902.000000
4164.000000
4112.000000
4126.000000
4206.000000
4206.000000
4006.000000
3864.000000
3722.000000
3808.000000
3628.000000
4098.000000
4244.000000
3990.000000
3982.000000
3970.000000
4096.000000
3936.000000
3928.000000
3964.000000
3868.000000
3728.000000
3956.000000
4106.000000
4274.000000
4190.000000
3950.000000
3858.000000
4052.000000
4216.000000
4342.000000
4062.000000
3868.000000
3870.000000
3862.000000
4024.000000
4004.000000
3910.000000
3906.000000
4008.000000
4006.000000
3932.000000
4008.000000
3938.000000
3866.000000
3604.000000
3528.000000
4046.000000
4172.000000
4110.000000
4112.000000
4090.000000
3954.000000
4062.000000
3894.000000
4080.000000
4190.000000
3988.000000
3710.000000
3978.000000
3976.000000
4262.000000
4360.000000
3888.000000
3814.000000
3888.000000
3962.000000
3784.000000
3712.000000
3824.000000
4172.000000
3990.000000
4118.000000
4118.000000
3932.000000
4066.000000
4016.000000
4030.000000
3742.000000
3738.000000
3952.000000
3934.000000
3898.000000
3920.000000
4034.000000
4230.000000
4212.000000
4004.000000
3890.000000
3942.000000
4156.000000
4088.000000
4144.000000
4108.000000
3920.000000
3712.000000
3732.000000
3978.000000
3918.000000
3998.000000
4056.000000
4218.000000
4200.000000
3798.000000
3750.000000
3988.000000
4016.000000
3612.000000
3558.000000
3596.000000
4028.000000
4018.000000
3874.000000
3974.000000
4006.000000
3802.000000
3774.000000
3748.000000
3934.000000
4166.000000
4248.000000
4110.000000
3756.000000
3648.000000
3856.000000
3968.000000
4094.000000
3866.000000
3862.000000
3942.000000
4014.000000
3982.000000
3992.000000
3988.000000
3924.000000
3954.000000
3944.000000
3954.000000
3910.000000
3916.000000
3926.000000
3934.000000
3954.000000
3980.000000
3874.000000
3900.000000
3952.000000
3918.000000
3928.000000
3908.000000
3968.000000
3908.000000
3918.000000
3974.000000
3980.000000
3946.000000
3924.000000
3912.000000
3974.000000
3956.000000
3954.000000
3928.000000
3904.000000
3934.000000
3960.000000
3952.000000
3928.000000
3984.000000
4006.000000
4000.000000
3942.000000
3942.000000
3944.000000
3962.000000
3950.000000
3964.000000
3934.000000
3958.000000
3972.000000
3986.000000
3966.000000
3860.000000
3964.000000
3938.000000
3908.000000
3946.000000
3962.000000
3966.000000
3936.000000
4030.000000
3950.000000
3972.000000
3948.000000
3942.000000
3940.000000
4026.000000
3950.000000
3962.000000
3944.000000
3942.000000
3950.000000
3940.000000
3964.000000
3930.000000
3946.000000
3976.000000
3946.000000
3938.000000
3950.000000
3992.000000
3940.000000
3906.000000
3926.000000
3952.000000
3976.000000
3950.000000
3932.000000
3960.000000
3954.000000
3934.000000
3944.000000
3948.000000
3960.000000
3966.000000
3944.000000
3968.000000
3932.000000
3976.000000
3950.000000
3962.000000
3960.000000
3960.000000
3942.000000
3950.000000
3934.000000
3966.000000
3974.000000
3904.000000
3964.000000
3948.000000
3934.000000
3974.000000
3962.000000
3928.000000
3948.000000
3952.000000
3952.000000
3960.000000
3928.000000
3926.000000
3928.000000
3962.000000
3922.000000
3932.000000
3924.000000
3946.000000
3936.000000
3924.000000
3952.000000
3962.000000
3946.000000
3954.000000
3948.000000
3962.000000
3926.000000
3948.000000
3942.000000
3964.000000
3940.000000
3944.000000
3952.000000
3952.000000
3932.000000
3930.000000
3944.000000
3956.000000
3950.000000
3960.000000
3950.000000
3934.000000
3948.000000
3934.000000
3942.000000
3948.000000
3950.000000
3948.000000
3948.000000
3962.000000
3954.000000
3960.000000
3924.000000
3934.000000
3908.000000
3960.000000
3954.000000
3956.000000
3948.000000
3950.000000
3946.000000
3946.000000
3958.000000
3944.000000
3920.000000
3962.000000
3944.000000
3944.000000
3948.000000
3940.000000
3932.000000
3942.000000
3934.000000
3956.000000
3950.000000
3908.000000
3950.000000
3960.000000
3946.000000
3956.000000
3954.000000
3954.000000
3944.000000
3938.000000
3924.000000
3946.000000
3904.000000
3946.000000
3960.000000
3952.000000
3940.000000
3912.000000
3948.000000
3944.000000
3944.000000
3962.000000
3954.000000
3982.000000
3962.000000
3946.000000
3924.000000
3926.000000
3968.000000
3944.000000
3954.000000
3966.000000
3966.000000
3962.000000
4030.000000
3954.000000
3938.000000
3958.000000
3956.000000
3958.000000
3928.000000
3966.000000
3954.000000
3942.000000
3958.000000
3940.000000
3968.000000
3924.000000
3928.000000
3956.000000
3978.000000
3926.000000
3958.000000
3968.000000
3960.000000
3920.000000
3920.000000
3946.000000
3956.000000
3940.000000
3938.000000
3938.000000
3972.000000
3960.000000
3976.000000
3958.000000
3946.000000
3964.000000
3944.000000
3936.000000
3948.000000
3934.000000
3956.000000
3928.000000
3964.000000
3956.000000
3930.000000
3956.000000
3960.000000
3930.000000
3940.000000
3942.000000
3958.000000
3962.000000
3960.000000
3956.000000
3926.000000
3956.000000
4020.000000
3940.000000
3934.000000
3966.000000
3970.000000
3936.000000
3918.000000
3946.000000
3936.000000
3960.000000
3960.000000
3956.000000
3948.000000
3950.000000
3940.000000
3938.000000
3966.000000
3946.000000
3950.000000
3940.000000
3966.000000
3956.000000
3960.000000
3956.000000
3948.000000
3938.000000
3936.000000
3944.000000
3942.000000
3928.000000
3952.000000
3950.000000
3944.000000
3970.000000
3950.000000
3936.000000
3944.000000
3932.000000
3954.000000
3944.000000
3980.000000
3966.000000
3948.000000
3956.000000
3946.000000
3950.000000
3942.000000
3974.000000
3970.000000
3946.000000
3910.000000
3982.000000
3856.000000
3936.000000
3946.000000
3956.000000
3970.000000
3964.000000
3916.000000
3958.000000
4012.000000
3954.000000
3944.000000
3936.000000
3934.000000
3958.000000
3908.000000
3914.000000
3914.000000
3908.000000
3974.000000
3948.000000
3940.000000
3956.000000
3948.000000
3938.000000
3938.000000
3934.000000
3952.000000
3954.000000
3956.000000
3958.000000
3936.000000
3908.000000
3970.000000
3964.000000
3958.000000
3966.000000
3938.000000
3942.000000
3948.000000
3904.000000
3938.000000
3938.000000
3954.000000
3972.000000
3962.000000
3938.000000
3966.000000
3952.000000
3952.000000
3942.000000
3950.000000
3958.000000
3910.000000
3966.000000
3942.000000
3972.000000
3970.000000
3914.000000
3954.000000
3950.000000
3938.000000
3926.000000
3944.000000
3936.000000
3908.000000
3946.000000
3952.000000
3958.000000
3940.000000
3944.000000
3914.000000
3960.000000
3932.000000
4026.000000
3966.000000
3902.000000
3940.000000
3950.000000
3934.000000
3952.000000
3988.000000
3904.000000
3950.000000
3910.000000
3966.000000
3950.000000
3906.000000
3906.000000
3972.000000
3952.000000
3956.000000
3956.000000
3962.000000
3910.000000
3940.000000
3974.000000
3960.000000
3912.000000
3946.000000
3904.000000
3916.000000
3966.000000
3914.000000
3964.000000
3954.000000
3928.000000
3968.000000
4028.000000
4002.000000
3956.000000
3904.000000
3936.000000
3942.000000
3938.000000
3944.000000
4008.000000
4030.000000
3934.000000
3906.000000
3936.000000
3906.000000
3964.000000
3954.000000
3956.000000
3962.000000
3922.000000
3960.000000
3970.000000
3976.000000
3948.000000
3976.000000
3900.000000
3918.000000
3926.000000
4020.000000
3908.000000
3940.000000
3962.000000
3970.000000
3938.000000
3920.000000
3926.000000
3946.000000
3928.000000
3984.000000
3994.000000
3888.000000
3948.000000
3970.000000
3928.000000
3928.000000
3930.000000
3966.000000
3974.000000
3962.000000
3926.000000
3950.000000
4030.000000
3934.000000
3926.000000
3938.000000
3928.000000
3956.000000
3954.000000
3948.000000
3952.000000
3950.000000
3946.000000
3944.000000
3974.000000
3928.000000
3934.000000
3934.000000
3960.000000
3950.000000
3940.000000
3966.000000
3950.000000
3946.000000
3910.000000
3928.000000
3938.000000
3936.000000
4028.000000
3944.000000
3956.000000
3928.000000
3930.000000
3966.000000
3942.000000
3944.000000
3956.000000
3962.000000
3960.000000
3960.000000
3942.000000
3942.000000
3954.000000
3936.000000
3948.000000
3950.000000
3926.000000
3948.000000
3930.000000
3960.000000
3948.000000
3952.000000
3924.000000
3940.000000
3966.000000
3948.000000
3938.000000
3958.000000
3932.000000
3946.000000
3938.000000
3956.000000
3954.000000
3952.000000
3936.000000
3956.000000
3944.000000
3936.000000
3938.000000
3922.000000
3958.000000
3962.000000
3938.000000
3958.000000
3948.000000
3960.000000
3932.000000
3960.000000
3946.000000
3950.000000
3954.000000
3950.000000
3944.000000
3940.000000
3906.000000
3974.000000
3950.000000
3960.000000
3944.000000
3940.000000
3904.000000
3926.000000
3948.000000
3942.000000
3954.000000
3942.000000
3948.000000
3938.000000
3966.000000
3942.000000
3952.000000
3932.000000
3964.000000
3954.000000
3946.000000
3912.000000
3946.000000
3962.000000
3954.000000
3946.000000
3932.000000
3930.000000
3950.000000
3936.000000
3960.000000
3954.000000
3960.000000
3958.000000
3958.000000
3948.000000
3932.000000
3926.000000
3960.000000
3974.000000
3956.000000
4010.000000
3964.000000
3960.000000
3956.000000
3928.000000
3928.000000
3966.000000
3956.000000
3910.000000
3924.000000
3954.000000
3976.000000
3964.000000
3942.000000
3948.000000
3928.000000
3944.000000
3944.000000
3968.000000
3980.000000
3964.000000
3956.000000
3948.000000
3908.000000
3960.000000
3964.000000
3950.000000
3962.000000
3988.000000
3972.000000
3930.000000
3948.000000
3956.000000
3996.000000
3958.000000
3958.000000
3950.000000
3952.000000
3952.000000
3936.000000
3962.000000
3936.000000
3962.000000
3926.000000
3944.000000
3964.000000
3962.000000
3960.000000
3962.000000
3992.000000
3952.000000
3944.000000
3914.000000
3920.000000
3956.000000
4020.000000
3950.000000
3942.000000
3936.000000
3974.000000
3948.000000
3940.000000
3946.000000
3936.000000
3942.000000
3962.000000
3950.000000
3940.000000
3904.000000
3948.000000
3934.000000
3950.000000
3926.000000
3942.000000
3950.000000
3974.000000
3960.000000
3938.000000
3940.000000
3948.000000
3954.000000
3906.000000
3956.000000
3968.000000
3952.000000
3952.000000
3950.000000
3938.000000
3962.000000
3956.000000
3940.000000
3926.000000
3948.000000
3948.000000
3946.000000
3962.000000
3978.000000
3958.000000
3948.000000
3926.000000
3940.000000
3954.000000
3940.000000
3956.000000
3940.000000
3944.000000
3952.000000
3940.000000
3956.000000
4016.000000
3970.000000
3970.000000
3946.000000
3932.000000
3926.000000
3956.000000
3942.000000
3952.000000
3950.000000
3954.000000
3964.000000
3954.000000
3942.000000
3958.000000
3948.000000
3956.000000
3908.000000
3984.000000
3940.000000
3950.000000
3934.000000
3950.000000
3956.000000
3934.000000
3906.000000
4020.000000
3986.000000
3934.000000
3922.000000
3940.000000
3966.000000
3954.000000
3926.000000
3954.000000
4000.000000
3950.000000
3938.000000
3942.000000
3954.000000
3916.000000
3956.000000
3942.000000
3930.000000
3946.000000
3978.000000
3962.000000
3940.000000
3932.000000
3934.000000
3914.000000
3924.000000
3938.000000
3950.000000
3928.000000
3944.000000
3980.000000
3934.000000
3934.000000
3944.000000
3952.000000
3944.000000
3952.000000
3920.000000
3960.000000
3958.000000
3938.000000
3992.000000
3952.000000
3856.000000
3916.000000
3928.000000
3906.000000
3928.000000
3942.000000
3966.000000
3956.000000
3966.000000
3962.000000
3942.000000
4020.000000
4010.000000
3936.000000
3932.000000
3948.000000
3942.000000
3946.000000
3908.000000
3986.000000
3904.000000
3944.000000
3966.000000
3922.000000
3958.000000
4088.000000
3954.000000
3956.000000
3930.000000
3922.000000
3948.000000
3966.000000
3992.000000
3948.000000
3978.000000
4030.000000
3940.000000
3950.000000
3952.000000
3948.000000
3948.000000
3954.000000
3930.000000
3948.000000
3960.000000
3938.000000
3914.000000
3958.000000
4000.000000
3952.000000
3942.000000
3944.000000
3954.000000
3972.000000
3954.000000
3940.000000
3928.000000
3964.000000
3954.000000
4020.000000
3948.000000
3934.000000
3940.000000
3966.000000
3924.000000
3966.000000
3942.000000
3926.000000
3956.000000
3950.000000
3930.000000
3934.000000
3948.000000
3924.000000
3976.000000
3980.000000
3932.000000
3954.000000
3968.000000
3958.000000
3940.000000
3948.000000
3936.000000
3964.000000
3916.000000
3970.000000
3962.000000
3956.000000
3938.000000
3944.000000
3962.000000
3946.000000
3960.000000
3948.000000
3996.000000
4028.000000
3928.000000
4036.000000
3948.000000
3860.000000
3860.000000
3942.000000
3966.000000
3976.000000
3948.000000
4028.000000
4024.000000
4054.000000
3870.000000
3716.000000
3874.000000
3990.000000
4106.000000
3938.000000
3860.000000
3890.000000
3922.000000
4084.000000
3962.000000
3956.000000
3976.000000
3982.000000
3982.000000
4008.000000
4074.000000
3972.000000
4050.000000
4044.000000
3864.000000
3632.000000
3816.000000
3986.000000
4430.000000
3714.000000
3768.000000
3872.000000
3914.000000
4142.000000
4056.000000
4156.000000
3998.000000
3950.000000
3996.000000
4012.000000
3836.000000
3774.000000
3914.000000
3922.000000
3884.000000
3748.000000
4030.000000
4090.000000
3848.000000
3720.000000
3978.000000
4110.000000
3888.000000
3998.000000
3796.000000
4144.000000
4340.000000
3936.000000
3858.000000
3852.000000
3800.000000
3920.000000
3740.000000
3626.000000
3970.000000
3886.000000
3918.000000
4062.000000
3980.000000
3592.000000
3602.000000
3710.000000
3980.000000
4044.000000
3964.000000
3768.000000
3724.000000
4138.000000
4176.000000
3820.000000
3472.000000
4286.000000
3984.000000
4246.000000
4144.000000
4022.000000
3864.000000
3852.000000
3788.000000
3868.000000
3818.000000
3778.000000
3684.000000
4014.000000
3896.000000
3978.000000
4042.000000
3896.000000
3962.000000
3760.000000
3430.000000
4070.000000
4242.000000
4352.000000
3956.000000
3538.000000
3716.000000
3876.000000
4086.000000
3858.000000
3314.000000
3562.000000
3844.000000
4348.000000
4202.000000
4088.000000
3960.000000
3894.000000
3870.000000
3922.000000
3932.000000
3810.000000
3660.000000
3764.000000
4022.000000
3986.000000
4014.000000
3896.000000
3734.000000
3702.000000
3868.000000
4078.000000
4036.000000
3948.000000
4018.000000
3952.000000
3958.000000
3766.000000
3788.000000
3794.000000
4132.000000
3776.000000
3162.000000
3594.000000
4492.000000
4272.000000
3904.000000
3728.000000
3832.000000
3906.000000
3772.000000
3742.000000
3864.000000
4004.000000
3820.000000
3714.000000
3650.000000
4014.000000
4250.000000
4048.000000
3782.000000
3620.000000
3850.000000
4022.000000
4096.000000
3996.000000
3944.000000
3898.000000
3522.000000
4012.000000
4022.000000
3964.000000
4092.000000
4260.000000
4258.000000
4032.000000
3946.000000
3780.000000
3714.000000
3812.000000
3844.000000
3742.000000
3746.000000
4054.000000
3982.000000
3946.000000
4026.000000
3882.000000
3626.000000
3770.000000
3898.000000
3870.000000
4108.000000
4082.000000
3992.000000
3872.000000
3668.000000
3862.000000
3956.000000
4000.000000
3910.000000
4206.000000
4098.000000
4098.000000
4440.000000
3984.000000
3790.000000
3800.000000
3894.000000
3744.000000
3664.000000
3680.000000
3722.000000
3890.000000
3986.000000
4062.000000
3966.000000
3842.000000
3730.000000
3704.000000
3844.000000
3748.000000
3840.000000
3990.000000
4198.000000
3878.000000
3658.000000
3598.000000
3874.000000
3942.000000
4092.000000
3938.000000
3918.000000
4150.000000
4196.000000
4102.000000
4046.000000
3900.000000
3830.000000
3836.000000
3748.000000
3774.000000
4052.000000
4012.000000
3728.000000
4036.000000
3970.000000
3902.000000
3578.000000
3772.000000
3920.000000
4128.000000
3942.000000
3604.000000
3760.000000
3788.000000
3900.000000
4344.000000
3764.000000
3724.000000
4202.000000
3926.000000
4202.000000
3938.000000
3856.000000
3766.000000
3762.000000
3902.000000
4154.000000
3754.000000
3710.000000
4062.000000
3896.000000
3684.000000
3732.000000
3918.000000
3794.000000
4020.000000
4082.000000
4190.000000
4016.000000
3590.000000
3482.000000
3592.000000
3948.000000
3944.000000
3824.000000
3564.000000
3922.000000
4366.000000
4082.000000
4222.000000
4106.000000
3882.000000
3804.000000
3820.000000
3814.000000
4078.000000
3698.000000
3818.000000
4122.000000
3856.000000
3750.000000
3816.000000
3772.000000
3734.000000
3930.000000
4020.000000
4102.000000
4006.000000
3718.000000
3676.000000
3980.000000
4246.000000
3860.000000
3772.000000
3952.000000
4058.000000
3978.000000
4176.000000
4060.000000
4088.000000
4088.000000
4026.000000
3970.000000
3886.000000
3964.000000
3860.000000
3964.000000
3996.000000
3694.000000
3590.000000
3774.000000
3878.000000
3942.000000
3958.000000
3650.000000
3818.000000
3986.000000
4004.000000
4008.000000
3814.000000
3592.000000
3642.000000
3722.000000
3704.000000
3880.000000
4016.000000
4200.000000
3994.000000
3724.000000
4088.000000
4242.000000
4284.000000
4060.000000
3868.000000
3868.000000
3888.000000
3980.000000
3960.000000
3980.000000
3720.000000
3732.000000
3956.000000
3876.000000
3778.000000
3784.000000
3684.000000
3674.000000
3756.000000
3792.000000
4024.000000
3956.000000
3868.000000
3778.000000
3546.000000
3776.000000
3960.000000
4004.000000
4318.000000
3996.000000
4084.000000
4218.000000
4216.000000
3818.000000
3874.000000
3928.000000
3946.000000
3890.000000
3980.000000
4240.000000
4096.000000
4020.000000
3706.000000
3676.000000
3730.000000
3648.000000
3848.000000
3766.000000
3728.000000
3700.000000
3956.000000
4044.000000
4110.000000
3954.000000
3740.000000
3864.000000
3822.000000
3728.000000
3724.000000
3758.000000
3870.000000
4000.000000
4036.000000
3870.000000
3948.000000
4318.000000
3970.000000
3972.000000
4016.000000
3766.000000
3912.000000
3968.000000
4044.000000
4026.000000
4022.000000
4028.000000
3902.000000
3766.000000
3686.000000
3608.000000
3784.000000
3874.000000
3704.000000
4108.000000
4032.000000
3842.000000
3908.000000
3866.000000
3756.000000
3858.000000
3728.000000
4048.000000
4178.000000
3974.000000
4218.000000
4096.000000
3840.000000
3980.000000
4018.000000
3984.000000
3862.000000
3902.000000
4102.000000
4096.000000
4004.000000
3888.000000
3716.000000
3526.000000
3628.000000
3852.000000
3736.000000
3894.000000
3972.000000
3970.000000
3732.000000
3866.000000
4190.000000
3852.000000
3764.000000
3650.000000
3588.000000
4086.000000
3978.000000
3844.000000
4028.000000
4068.000000
4060.000000
4160.000000
3868.000000
3678.000000
3920.000000
4014.000000
4226.000000
4016.000000
3820.000000
3892.000000
3906.000000
3872.000000
3846.000000
3764.000000
3668.000000
3818.000000
3876.000000
4016.000000
4022.000000
3710.000000
3758.000000
3752.000000
3886.000000
3814.000000
3860.000000
4064.000000
4090.000000
3734.000000
4288.000000
3936.000000
3720.000000
3964.000000
4086.000000
3968.000000
3902.000000
3724.000000
4188.000000
4138.000000
4076.000000
3822.000000
3942.000000
3882.000000
3850.000000
4032.000000
3614.000000
3568.000000
3648.000000
3984.000000
3948.000000
3872.000000
3666.000000
3754.000000
3666.000000
3890.000000
4040.000000
4098.000000
4060.000000
4126.000000
4106.000000
4304.000000
4132.000000
3732.000000
3638.000000
3764.000000
3880.000000
3974.000000
4034.000000
4152.000000
4040.000000
3778.000000
3516.000000
3714.000000
3696.000000
3956.000000
3928.000000
3820.000000
3772.000000
3814.000000
3960.000000
3960.000000
3882.000000
3622.000000
3744.000000
4044.000000
3758.000000
3922.000000
4330.000000
4444.000000
4100.000000
4058.000000
3868.000000
3912.000000
3712.000000
3716.000000
3664.000000
3942.000000
3940.000000
3860.000000
3920.000000
3978.000000
4256.000000
4226.000000
3846.000000
3688.000000
3594.000000
3692.000000
3690.000000
3838.000000
3834.000000
4122.000000
4084.000000
3858.000000
3712.000000
3786.000000
3778.000000
3866.000000
4014.000000
4060.000000
3776.000000
4136.000000
4568.000000
4138.000000
4202.000000
3858.000000
3740.000000
3846.000000
3922.000000
4000.000000
3742.000000
3906.000000
4010.000000
4028.000000
3898.000000
3886.000000
3720.000000
3582.000000
3984.000000
3946.000000
3800.000000
3606.000000
3892.000000
3872.000000
3866.000000
3800.000000
3790.000000
3746.000000
3888.000000
3846.000000
4152.000000
4218.000000
4194.000000
4052.000000
4020.000000
3908.000000
3978.000000
3912.000000
4062.000000
4086.000000
4018.000000
3896.000000
3740.000000
3896.000000
3744.000000
3740.000000
4034.000000
3746.000000
3732.000000
3660.000000
3712.000000
3662.000000
3676.000000
3936.000000
3918.000000
3846.000000
3750.000000
3788.000000
3896.000000
4076.000000
4046.000000
4012.000000
4264.000000
4284.000000
4022.000000
4126.000000
3944.000000
3832.000000
3850.000000
3918.000000
3986.000000
3916.000000
3766.000000
3810.000000
3896.000000
3792.000000
3962.000000
3808.000000
3710.000000
3658.000000
3618.000000
3730.000000
4036.000000
3770.000000
3788.000000
3728.000000
3584.000000
3706.000000
3696.000000
4266.000000
3764.000000
3776.000000
3788.000000
4140.000000
4494.000000
3926.000000
3876.000000
3826.000000
3870.000000
3712.000000
3826.000000
3846.000000
4064.000000
3950.000000
3948.000000
3590.000000
3880.000000
3602.000000
3524.000000
3544.000000
4034.000000
4064.000000
3888.000000
3758.000000
3714.000000
3632.000000
3700.000000
3796.000000
3662.000000
4020.000000
4158.000000
4198.000000
3902.000000
3924.000000
4182.000000
4208.000000
4150.000000
3990.000000
3798.000000
3878.000000
3954.000000
4158.000000
4204.000000
4164.000000
3904.000000
3482.000000
3400.000000
3996.000000
3726.000000
3692.000000
3628.000000
3780.000000
3688.000000
3636.000000
3722.000000
3774.000000
3560.000000
3764.000000
3878.000000
3906.000000
4044.000000
4112.000000
4150.000000
4112.000000
3944.000000
4102.000000
4410.000000
4022.000000
3756.000000
4192.000000
4122.000000
4220.000000
3852.000000
3792.000000
3960.000000
4030.000000
3576.000000
3492.000000
3710.000000
3938.000000
3604.000000
3688.000000
3666.000000
3738.000000
3730.000000
3832.000000
3904.000000
3954.000000
3762.000000
3754.000000
3792.000000
3674.000000
4316.000000
4462.000000
4440.000000
3738.000000
4102.000000
4002.000000
3958.000000
4174.000000
3854.000000
3936.000000
3788.000000
3672.000000
3786.000000
3956.000000
3932.000000
3726.000000
3630.000000
3674.000000
3646.000000
3738.000000
3522.000000
3648.000000
3720.000000
3890.000000
3900.000000
3864.000000
3828.000000
3872.000000
4102.000000
4132.000000
4022.000000
3894.000000
4046.000000
3976.000000
4234.000000
4508.000000
3848.000000
3698.000000
4182.000000
4026.000000
3862.000000
3776.000000
3794.000000
4034.000000
3946.000000
3762.000000
3706.000000
3792.000000
3778.000000
3586.000000
3486.000000
3544.000000
3856.000000
3908.000000
3994.000000
3858.000000
3926.000000
3954.000000
3884.000000
3900.000000
4122.000000
4212.000000
4358.000000
3936.000000
4176.000000
3846.000000
3794.000000
3796.000000
3944.000000
4036.000000
4034.000000
3938.000000
3774.000000
4054.000000
4100.000000
3964.000000
3436.000000
3426.000000
3714.000000
3922.000000
3700.000000
3750.000000
3852.000000
3728.000000
3912.000000
3862.000000
3896.000000
3778.000000
3996.000000
3994.000000
4030.000000
3994.000000
3946.000000
4048.000000
4010.000000
4068.000000
3718.000000
3918.000000
4206.000000
3962.000000
3908.000000
4028.000000
4040.000000
4212.000000
4030.000000
3516.000000
3490.000000
3640.000000
3958.000000
4056.000000
3922.000000
3714.000000
3752.000000
3860.000000
4010.000000
4010.000000
3712.000000
3898.000000
4030.000000
3966.000000
4148.000000
4182.000000
3988.000000
3572.000000
4198.000000
4258.000000
4160.000000
3922.000000
3802.000000
3948.000000
4154.000000
3880.000000
3578.000000
3602.000000
3750.000000
3988.000000
3774.000000
3630.000000
3470.000000
3790.000000
3998.000000
4044.000000
4030.000000
4070.000000
3704.000000
3668.000000
3746.000000
3950.000000
3770.000000
3916.000000
3998.000000
3710.000000
4290.000000
3952.000000
4252.000000
3972.000000
3764.000000
3682.000000
3566.000000
3714.000000
3888.000000
3788.000000
3964.000000
4034.000000
3606.000000
3530.000000
3640.000000
3774.000000
3694.000000
3768.000000
3960.000000
3902.000000
3870.000000
3930.000000
3886.000000
3816.000000
3996.000000
3964.000000
3978.000000
3950.000000
4106.000000
4336.000000
4308.000000
3732.000000
3972.000000
3986.000000
3856.000000
3616.000000
3700.000000
3894.000000
3906.000000
3860.000000
4034.000000
3968.000000
3658.000000
3430.000000
3764.000000
4006.000000
4016.000000
3852.000000
3760.000000
3850.000000
3852.000000
3848.000000
3870.000000
3820.000000
3630.000000
3824.000000
4200.000000
4302.000000
4072.000000
3888.000000
4000.000000
3988.000000
4012.000000
3888.000000
3902.000000
4030.000000
4098.000000
4180.000000
4040.000000
3964.000000
3752.000000
3818.000000
3474.000000
3550.000000
3684.000000
4038.000000
3794.000000
3900.000000
3744.000000
3784.000000
3730.000000
3488.000000
3592.000000
3936.000000
4276.000000
4358.000000
4336.000000
4032.000000
3808.000000
3766.000000
3842.000000
4228.000000
4020.000000
3616.000000
3728.000000
4260.000000
4058.000000
3794.000000
3738.000000
3868.000000
3966.000000
4086.000000
3972.000000
3778.000000
3762.000000
3836.000000
3706.000000
3680.000000
4000.000000
3794.000000
3494.000000
3780.000000
4606.000000
4136.000000
3844.000000
3576.000000
3540.000000
3618.000000
3868.000000
3902.000000
4358.000000
4262.000000
4172.000000
3622.000000
4036.000000
4062.000000
4086.000000
4018.000000
3874.000000
3944.000000
3826.000000
3894.000000
4034.000000
3920.000000
3786.000000
3774.000000
3706.000000
3534.000000
3596.000000
3750.000000
3906.000000
3914.000000
3818.000000
3954.000000
3732.000000
3878.000000
3870.000000
3952.000000
4044.000000
4022.000000
3916.000000
4364.000000
3926.000000
3912.000000
4102.000000
4004.000000
3984.000000
3840.000000
3982.000000
3858.000000
3650.000000
3682.000000
3688.000000
3660.000000
4132.000000
4222.000000
4118.000000
3900.000000
3888.000000
3708.000000
3692.000000
3562.000000
4496.000000
4600.000000
4232.000000
4000.000000
3546.000000
3860.000000
4002.000000
4006.000000
4122.000000
4066.000000
3816.000000
4122.000000
4298.000000
4150.000000
3954.000000
3594.000000
3748.000000
3752.000000
3712.000000
3774.000000
3778.000000
4020.000000
3936.000000
3834.000000
4036.000000
3730.000000
3650.000000
3588.000000
4352.000000
4254.000000
4120.000000
3756.000000
3840.000000
3986.000000
4094.000000
4234.000000
3958.000000
3884.000000
3788.000000
4278.000000
3946.000000
3896.000000
3884.000000
3780.000000
4010.000000
4030.000000
3766.000000
3650.000000
3650.000000
3978.000000
3934.000000
3836.000000
3680.000000
3732.000000
3948.000000
3872.000000
3700.000000
3710.000000
3708.000000
3502.000000
3774.000000
3924.000000
3982.000000
3898.000000
4028.000000
4122.000000
3896.000000
3968.000000
4390.000000
4042.000000
3878.000000
3876.000000
3966.000000
3916.000000
3972.000000
3738.000000
4022.000000
4140.000000
3998.000000
3944.000000
3648.000000
3728.000000
3656.000000
3768.000000
3612.000000
3684.000000
3880.000000
4158.000000
3688.000000
3720.000000
3764.000000
3680.000000
3702.000000
3956.000000
4088.000000
4096.000000
4100.000000
4098.000000
4030.000000
3894.000000
4398.000000
4106.000000
3758.000000
4064.000000
3956.000000
3810.000000
3788.000000
3842.000000
4084.000000
3966.000000
3730.000000
3820.000000
3838.000000
3634.000000
3728.000000
3960.000000
3620.000000
3648.000000
3776.000000
3928.000000
3954.000000
3718.000000
3814.000000
3930.000000
3836.000000
3900.000000
3910.000000
4038.000000
4016.000000
3884.000000
4082.000000
4094.000000
3886.000000
4026.000000
4076.000000
3914.000000
3848.000000
3862.000000
4002.000000
3996.000000
3826.000000
3816.000000
3758.000000
3694.000000
3774.000000
3760.000000
3650.000000
3774.000000
3746.000000
3750.000000
3852.000000
3622.000000
3948.000000
4010.000000
3834.000000
3844.000000
3942.000000
3982.000000
3790.000000
4058.000000
4100.000000
4160.000000
4210.000000
4014.000000
4024.000000
3962.000000
4126.000000
3854.000000
3704.000000
3720.000000
3916.000000
4048.000000
3986.000000
4056.000000
3974.000000
3608.000000
3466.000000
3660.000000
3808.000000
3858.000000
4006.000000
3928.000000
3910.000000
3464.000000
3622.000000
3760.000000
3902.000000
3894.000000
4076.000000
3960.000000
3942.000000
4328.000000
4128.000000
3770.000000
3986.000000
4048.000000
4002.000000
3776.000000
3696.000000
3688.000000
3754.000000
3660.000000
3654.000000
3654.000000
3918.000000
4016.000000
3922.000000
3758.000000
3338.000000
3352.000000
3594.000000
4214.000000
3912.000000
4068.000000
4068.000000
3632.000000
3610.000000
3640.000000
3756.000000
3966.000000
3738.000000
3728.000000
4052.000000
4216.000000
3934.000000
3862.000000
3610.000000
4190.000000
4142.000000
3932.000000
4068.000000
3832.000000
3694.000000
3698.000000
3730.000000
4058.000000
3802.000000
3746.000000
3774.000000
3906.000000
3612.000000
3582.000000
3474.000000
3640.000000
4054.000000
3972.000000
3586.000000
3802.000000
4242.000000
4066.000000
4032.000000
3820.000000
3908.000000
4232.000000
4260.000000
4262.000000
3898.000000
4010.000000
3998.000000
3972.000000
3730.000000
3608.000000
3648.000000
3790.000000
3698.000000
3508.000000
3536.000000
3682.000000
3914.000000
4606.000000
4408.000000
3712.000000
3696.000000
3738.000000
3716.000000
3830.000000
3854.000000
3958.000000
4004.000000
3998.000000
3626.000000
3748.000000
4122.000000
3996.000000
3720.000000
3700.000000
3538.000000
3900.000000
4434.000000
3866.000000
3888.000000
4190.000000
3960.000000
3562.000000
3500.000000
3706.000000
4110.000000
4222.000000
4142.000000
3960.000000
3734.000000
3594.000000
3592.000000
3600.000000
3774.000000
3890.000000
3942.000000
3904.000000
3726.000000
3764.000000
3896.000000
3904.000000
3958.000000
3820.000000
3948.000000
4150.000000
3996.000000
4328.000000
4178.000000
4004.000000
4168.000000
3878.000000
3626.000000
3514.000000
4036.000000
4146.000000
4154.000000
4068.000000
3880.000000
3856.000000
3720.000000
3564.000000
3690.000000
3638.000000
3892.000000
4108.000000
3782.000000
3852.000000
3992.000000
3932.000000
3644.000000
3716.000000
3968.000000
3914.000000
3756.000000
4182.000000
4320.000000
4216.000000
3714.000000
4084.000000
4028.000000
3950.000000
3776.000000
3848.000000
4026.000000
4112.000000
3924.000000
3644.000000
3590.000000
3890.000000
3856.000000
3932.000000
3816.000000
3676.000000
4130.000000
4038.000000
3926.000000
3700.000000
3702.000000
3772.000000
3762.000000
3780.000000
4102.000000
4158.000000
4214.000000
3888.000000
4150.000000
4086.000000
3872.000000
3994.000000
3836.000000
3664.000000
3690.000000
3574.000000
3678.000000
3770.000000
3714.000000
3698.000000
4212.000000
4248.000000
4174.000000
3882.000000
3706.000000
3694.000000
3682.000000
3706.000000
3944.000000
3916.000000
3894.000000
3938.000000
3766.000000
3854.000000
3862.000000
3852.000000
3640.000000
4100.000000
4374.000000
3658.000000
4026.000000
4218.000000
4322.000000
4350.000000
3944.000000
3742.000000
3886.000000
4034.000000
3724.000000
3826.000000
3754.000000
3886.000000
3822.000000
3956.000000
3914.000000
3880.000000
3752.000000
3654.000000
3794.000000
3924.000000
3602.000000
3536.000000
3804.000000
4068.000000
3816.000000
3774.000000
3774.000000
3894.000000
3660.000000
3782.000000
3878.000000
3906.000000
3862.000000
3890.000000
3920.000000
4294.000000
3818.000000
3734.000000
3998.000000
4026.000000
4006.000000
3886.000000
3872.000000
3892.000000
3904.000000
3712.000000
3656.000000
3682.000000
3664.000000
3678.000000
3720.000000
3896.000000
3760.000000
3902.000000
4044.000000
3788.000000
3426.000000
3524.000000
3752.000000
3884.000000
3716.000000
3844.000000
3816.000000
3696.000000
3766.000000
3764.000000
3748.000000
4098.000000
4094.000000
4188.000000
3874.000000
3822.000000
4098.000000
4122.000000
3984.000000
3870.000000
3870.000000
3864.000000
3848.000000
3740.000000
3676.000000
3476.000000
3578.000000
3828.000000
3968.000000
3758.000000
3646.000000
3774.000000
3606.000000
3538.000000
3712.000000
3914.000000
3598.000000
3666.000000
3860.000000
4108.000000
3784.000000
3848.000000
3814.000000
4130.000000
4030.000000
3830.000000
4000.000000
4102.000000
3976.000000
3944.000000
3862.000000
3732.000000
3898.000000
3712.000000
3504.000000
3652.000000
3722.000000
3816.000000
3854.000000
3654.000000
3766.000000
3694.000000
3544.000000
3638.000000
3756.000000
3640.000000
3654.000000
3754.000000
3854.000000
3884.000000
3984.000000
4008.000000
4078.000000
4088.000000
4024.000000
4106.000000
4210.000000
3912.000000
3904.000000
3924.000000
3612.000000
3680.000000
3720.000000
3650.000000
3524.000000
3708.000000
3722.000000
3702.000000
3888.000000
3728.000000
3628.000000
3918.000000
3850.000000
3700.000000
3758.000000
3908.000000
3700.000000
3944.000000
3968.000000
3854.000000
3936.000000
4010.000000
4238.000000
4206.000000
3608.000000
3904.000000
4220.000000
4196.000000
3920.000000
3586.000000
3740.000000
3752.000000
4110.000000
3900.000000
3750.000000
3854.000000
3622.000000
3568.000000
3546.000000
3766.000000
4150.000000
4212.000000
3904.000000
3632.000000
3634.000000
3608.000000
3598.000000
3784.000000
3886.000000
3808.000000
3860.000000
4234.000000
4012.000000
4142.000000
4040.000000
3948.000000
3972.000000
3946.000000
3932.000000
3856.000000
3932.000000
3862.000000
3784.000000
3466.000000
3768.000000
3796.000000
3850.000000
3952.000000
3736.000000
3806.000000
3898.000000
3768.000000
3828.000000
3784.000000
3628.000000
3874.000000
4138.000000
4130.000000
3898.000000
3776.000000
4242.000000
4266.000000
3942.000000
4372.000000
3884.000000
3684.000000
3802.000000
3972.000000
4072.000000
3644.000000
3526.000000
3758.000000
3316.000000
4188.000000
4130.000000
3748.000000
3672.000000
3698.000000
3668.000000
3718.000000
3734.000000
3872.000000
3718.000000
3640.000000
4048.000000
3922.000000
3934.000000
3850.000000
4042.000000
3972.000000
4058.000000
4300.000000
3956.000000
3896.000000
3908.000000
3936.000000
3790.000000
3690.000000
3462.000000
3602.000000
3968.000000
4044.000000
4064.000000
3720.000000
3674.000000
3626.000000
3620.000000
3606.000000
3870.000000
3752.000000
3798.000000
3818.000000
3904.000000
3998.000000
3972.000000
3900.000000
3966.000000
3832.000000
3888.000000
3862.000000
3864.000000
3894.000000
3884.000000
3910.000000
3908.000000
3896.000000
3898.000000
3922.000000
3868.000000
3880.000000
3882.000000
3886.000000
3876.000000
3874.000000
3864.000000
3894.000000
3956.000000
3878.000000
3960.000000
3852.000000
3872.000000
3874.000000
3858.000000
3872.000000
3878.000000
3876.000000
3870.000000
3882.000000
3952.000000
3906.000000
3900.000000
3896.000000
3874.000000
3862.000000
3964.000000
3894.000000
3956.000000
3864.000000
3892.000000
3900.000000
3868.000000
3864.000000
3878.000000
3918.000000
3846.000000
3896.000000
3934.000000
3888.000000
3866.000000
3858.000000
3896.000000
3892.000000
3884.000000
3882.000000
3892.000000
3910.000000
3870.000000
3900.000000
3896.000000
3880.000000
3884.000000
3884.000000
3886.000000
3872.000000
3884.000000
3896.000000
3888.000000
3914.000000
3962.000000
3868.000000
3874.000000
3864.000000
3892.000000
3904.000000
3878.000000
3898.000000
3886.000000
3962.000000
3892.000000
3882.000000
3898.000000
3902.000000
3878.000000
3896.000000
3876.000000
3864.000000
3900.000000
3868.000000
3884.000000
3882.000000
3890.000000
3862.000000
3922.000000
3882.000000
3886.000000
3888.000000
3872.000000
3896.000000
3868.000000
3872.000000
3908.000000
3878.000000
3878.000000
3876.000000
3870.000000
3866.000000
3878.000000
3860.000000
3884.000000
3872.000000
3884.000000
3902.000000
3868.000000
3896.000000
3872.000000
3854.000000
3850.000000
3854.000000
3862.000000
3834.000000
3874.000000
3866.000000
3866.000000
3866.000000
3856.000000
3860.000000
3856.000000
3862.000000
3864.000000
3856.000000
3888.000000
3858.000000
3862.000000
3856.000000
3878.000000
3890.000000
3866.000000
3854.000000
3886.000000
3886.000000
3884.000000
3884.000000
3884.000000
3880.000000
3904.000000
3888.000000
3876.000000
3856.000000
3900.000000
3894.000000
3866.000000
3876.000000
3862.000000
3886.000000
3870.000000
3846.000000
3858.000000
3886.000000
3898.000000
3878.000000
3884.000000
3868.000000
3880.000000
3856.000000
3864.000000
3872.000000
3886.000000
3882.000000
3878.000000
3866.000000
3860.000000
3902.000000
3854.000000
3858.000000
3866.000000
3876.000000
3874.000000
3872.000000
3868.000000
3870.000000
3848.000000
3878.000000
3892.000000
3870.000000
3884.000000
3872.000000
3876.000000
3882.000000
3886.000000
3890.000000
3886.000000
3874.000000
3852.000000
3860.000000
3882.000000
3886.000000
3862.000000
3856.000000
3870.000000
3896.000000
3864.000000
3860.000000
3856.000000
3862.000000
3866.000000
3870.000000
3884.000000
3860.000000
3882.000000
3872.000000
3886.000000
3882.000000
3880.000000
3874.000000
3880.000000
3884.000000
3880.000000
3858.000000
3876.000000
3870.000000
3876.000000
3872.000000
3874.000000
3846.000000
3876.000000
3850.000000
3872.000000
3882.000000
3860.000000
3888.000000
3886.000000
3866.000000
3890.000000
3886.000000
3856.000000
3886.000000
3870.000000
3874.000000
3902.000000
3842.000000
3874.000000
3868.000000
3878.000000
3884.000000
3872.000000
3862.000000
3894.000000
3902.000000
3876.000000
3860.000000
3852.000000
3862.000000
3888.000000
3894.000000
3878.000000
3876.000000
3858.000000
3880.000000
3906.000000
3898.000000
3886.000000
3882.000000
3872.000000
3872.000000
3852.000000
3864.000000
3864.000000
3892.000000
3910.000000
3870.000000
3876.000000
3888.000000
3890.000000
3882.000000
3874.000000
3858.000000
3872.000000
3874.000000
3872.000000
3872.000000
3912.000000
3844.000000
3874.000000
3858.000000
3868.000000
3892.000000
3858.000000
3878.000000
3882.000000
3896.000000
3902.000000
3874.000000
3872.000000
3872.000000
3892.000000
3884.000000
3858.000000
3860.000000
3902.000000
3874.000000
3888.000000
3852.000000
3884.000000
3892.000000
3880.000000
3866.000000
3892.000000
3880.000000
3862.000000
3860.000000
3888.000000
3888.000000
3886.000000
3880.000000
3880.000000
3894.000000
3842.000000
3898.000000
3854.000000
3844.000000
3876.000000
3866.000000
3872.000000
3888.000000
3846.000000
3888.000000
3884.000000
3880.000000
3868.000000
3858.000000
3860.000000
3876.000000
3882.000000
3880.000000
3898.000000
3898.000000
3872.000000
3878.000000
3862.000000
3864.000000
3882.000000
3858.000000
3868.000000
3882.000000
3894.000000
3868.000000
3902.000000
3868.000000
3878.000000
3870.000000
3850.000000
3858.000000
3878.000000
3922.000000
3874.000000
3896.000000
3876.000000
3886.000000
3878.000000
3886.000000
3886.000000
3874.000000
3872.000000
3870.000000
3888.000000
3902.000000
3888.000000
3886.000000
3878.000000
3880.000000
3878.000000
3854.000000
3880.000000
3882.000000
3872.000000
3880.000000
3944.000000
3890.000000
3852.000000
3872.000000
3876.000000
3878.000000
3884.000000
3876.000000
3888.000000
3906.000000
3892.000000
3872.000000
3890.000000
3874.000000
3878.000000
3864.000000
3864.000000
3900.000000
3900.000000
3884.000000
3842.000000
3856.000000
3892.000000
3894.000000
3880.000000
3870.000000
3894.000000
3898.000000
3882.000000
3866.000000
3874.000000
3890.000000
3876.000000
3870.000000
3896.000000
3898.000000
3884.000000
3870.000000
3880.000000
3888.000000
3884.000000
3856.000000
3850.000000
3878.000000
3876.000000
3886.000000
3886.000000
3882.000000
3894.000000
3878.000000
3878.000000
3870.000000
3882.000000
3880.000000
3874.000000
3890.000000
3892.000000
3892.000000
3884.000000
3868.000000
3876.000000
3858.000000
3872.000000
3888.000000
3896.000000
3876.000000
3874.000000
3864.000000
3916.000000
3946.000000
3852.000000
3896.000000
3894.000000
3884.000000
3880.000000
3866.000000
3882.000000
3874.000000
3890.000000
3894.000000
3868.000000
3854.000000
3886.000000
3888.000000
3898.000000
3896.000000
3888.000000
3876.000000
3954.000000
3896.000000
3886.000000
3888.000000
3888.000000
3862.000000
3884.000000
3894.000000
3888.000000
3896.000000
3862.000000
3892.000000
3934.000000
3850.000000
3888.000000
3888.000000
3874.000000
3856.000000
3852.000000
3896.000000
3890.000000
3894.000000
3894.000000
3886.000000
3892.000000
3884.000000
3888.000000
3840.000000
3890.000000
3886.000000
3902.000000
3892.000000
3864.000000
3900.000000
3882.000000
3882.000000
3882.000000
3886.000000
3872.000000
3884.000000
3872.000000
3880.000000
3904.000000
3870.000000
3862.000000
3876.000000
3892.000000
3886.000000
3900.000000
3840.000000
3888.000000
3962.000000
3890.000000
3870.000000
3888.000000
3890.000000
3900.000000
3884.000000
3886.000000
3876.000000
3896.000000
3896.000000
3892.000000
3876.000000
3888.000000
3890.000000
3900.000000
3892.000000
3882.000000
3898.000000
3882.000000
3894.000000
3866.000000
3874.000000
3880.000000
3888.000000
3876.000000
3890.000000
3880.000000
3880.000000
3890.000000
3906.000000
3902.000000
3884.000000
3884.000000
3880.000000
3876.000000
3890.000000
3872.000000
3868.000000
3880.000000
3854.000000
3876.000000
3892.000000
3862.000000
3888.000000
3874.000000
3908.000000
3878.000000
3896.000000
3874.000000
3876.000000
3898.000000
3880.000000
3954.000000
3878.000000
3892.000000
3870.000000
3874.000000
3876.000000
3878.000000
3882.000000
3882.000000
3878.000000
3874.000000
3868.000000
3874.000000
3890.000000
3872.000000
3882.000000
3884.000000
3882.000000
3842.000000
3896.000000
3878.000000
3872.000000
3890.000000
3886.000000
3878.000000
3898.000000
3900.000000
3870.000000
3886.000000
3888.000000
3882.000000
3846.000000
3886.000000
3896.000000
3840.000000
3864.000000
3868.000000
3954.000000
3918.000000
3946.000000
3880.000000
3876.000000
3852.000000
3874.000000
3906.000000
3898.000000
3906.000000
3854.000000
3892.000000
3894.000000
3874.000000
3894.000000
3872.000000
3862.000000
3880.000000
3848.000000
3892.000000
3876.000000
3872.000000
3890.000000
3840.000000
3884.000000
3870.000000
3888.000000
3868.000000
3902.000000
3894.000000
3884.000000
3884.000000
3854.000000
3898.000000
3872.000000
3876.000000
3898.000000
3882.000000
3878.000000
3892.000000
3946.000000
3886.000000
3916.000000
3906.000000
3894.000000
3950.000000
3884.000000
3898.000000
3888.000000
3886.000000
3894.000000
3892.000000
3882.000000
3890.000000
3884.000000
3898.000000
3846.000000
3890.000000
3886.000000
3870.000000
3892.000000
3882.000000
3882.000000
3842.000000
3842.000000
3882.000000
3894.000000
3884.000000
3868.000000
3868.000000
3896.000000
3936.000000
3868.000000
3904.000000
3898.000000
3894.000000
3892.000000
3964.000000
3890.000000
3886.000000
3868.000000
3868.000000
3878.000000
3898.000000
3890.000000
3900.000000
3874.000000
3888.000000
3886.000000
3884.000000
3874.000000
3840.000000
3902.000000
3840.000000
3900.000000
3898.000000
3878.000000
3898.000000
3846.000000
3894.000000
3870.000000
3886.000000
3876.000000
3876.000000
3840.000000
3876.000000
3872.000000
3894.000000
3890.000000
3870.000000
3878.000000
3896.000000
3894.000000
3898.000000
3898.000000
3892.000000
3884.000000
3890.000000
3890.000000
3882.000000
3890.000000
3888.000000
3882.000000
3892.000000
3880.000000
3868.000000
3880.000000
3886.000000
3876.000000
3890.000000
3892.000000
3890.000000
3878.000000
3876.000000
3878.000000
3894.000000
3890.000000
3898.000000
3958.000000
3878.000000
3898.000000
3880.000000
3876.000000
3890.000000
3886.000000
3874.000000
3842.000000
3898.000000
3894.000000
3892.000000
3896.000000
3892.000000
3864.000000
3888.000000
3880.000000
3902.000000
3956.000000
3858.000000
3862.000000
3956.000000
3886.000000
3900.000000
3900.000000
3894.000000
3896.000000
3962.000000
3898.000000
3886.000000
3950.000000
3896.000000
3912.000000
3882.000000
3870.000000
3874.000000
3898.000000
3882.000000
3886.000000
3880.000000
3890.000000
3958.000000
3848.000000
3896.000000
3896.000000
3896.000000
3862.000000
3866.000000
3888.000000
3846.000000
3874.000000
3900.000000
3900.000000
3878.000000
3894.000000
3842.000000
3898.000000
3884.000000
3946.000000
3886.000000
3890.000000
3882.000000
3896.000000
3882.000000
3880.000000
3908.000000
3870.000000
3886.000000
3892.000000
3880.000000
3892.000000
3842.000000
3902.000000
3902.000000
3880.000000
3886.000000
3858.000000
3894.000000
3872.000000
3900.000000
3906.000000
3888.000000
3898.000000
3892.000000
3904.000000
3962.000000
3902.000000
3896.000000
3902.000000
3882.000000
3890.000000
3958.000000
3886.000000
3886.000000
3876.000000
3876.000000
3906.000000
3900.000000
3890.000000
3922.000000
3892.000000
3878.000000
3886.000000
3906.000000
3902.000000
3894.000000
3884.000000
3918.000000
3878.000000
3858.000000
3878.000000
3880.000000
3906.000000
3892.000000
3884.000000
3902.000000
3872.000000
3900.000000
3900.000000
3844.000000
3892.000000
3954.000000
3892.000000
3894.000000
3886.000000
3884.000000
3898.000000
3850.000000
3894.000000
3940.000000
3874.000000
3898.000000
3890.000000
3890.000000
3886.000000
3958.000000
3886.000000
3870.000000
3884.000000
3888.000000
3884.000000
3900.000000
3892.000000
3882.000000
3878.000000
3852.000000
3882.000000
3904.000000
3894.000000
3882.000000
3892.000000
3858.000000
3884.000000
3902.000000
3896.000000
3896.000000
3896.000000
3904.000000
3900.000000
3902.000000
3880.000000
3880.000000
3886.000000
3890.000000
3890.000000
3884.000000
3894.000000
3876.000000
3892.000000
3840.000000
3874.000000
3892.000000
3872.000000
3882.000000
3896.000000
3964.000000
3902.000000
3960.000000
3890.000000
3906.000000
3882.000000
3896.000000
3896.000000
3874.000000
3902.000000
3898.000000
3888.000000
3896.000000
3884.000000
3892.000000
3892.000000
3892.000000
3892.000000
3884.000000
3896.000000
3900.000000
3880.000000
3870.000000
3878.000000
3894.000000
3886.000000
3888.000000
3840.000000
3892.000000
3894.000000
3892.000000
3894.000000
3884.000000
3890.000000
3842.000000
3900.000000
3888.000000
3888.000000
3902.000000
3898.000000
3960.000000
3886.000000
3874.000000
3874.000000
3864.000000
3886.000000
3882.000000
3876.000000
3878.000000
3896.000000
3902.000000
3892.000000
3900.000000
3890.000000
3896.000000
3878.000000
3842.000000
3896.000000
3896.000000
3892.000000
3888.000000
3896.000000
