-1.846793
-2.318795
-2.752524
-3.148036
-6.260308
-3.838502
-4.133161
-4.427082
-4.677569
-4.910707
-5.113223
-5.306932
-6.253098
-5.635520
-5.778158
-5.912597
-6.029624
-6.120487
-7.486460
-6.302580
-6.386967
-6.442040
-6.517640
-6.559519
-6.609983
-6.647588
-6.868556
-6.715567
-6.743994
-6.755561
-6.782182
-6.787741
-9.720767
-6.814374
-6.816283
-6.927757
-6.807534
-9.541744
-6.805840
-6.800972
-6.807543
-6.777466
-6.753640
-6.732847
-6.729296
-6.697587
-6.677800
-6.665208
-6.634436
-7.498581
-6.585911
-8.360776
-6.525500
-6.505976
-6.476635
-6.438168
-6.405577
-6.382521
-6.344078
-6.308571
-6.275471
-6.236819
-6.199964
-8.560529
-6.132136
352.917175
353.902008
-6.022292
-5.988131
-5.952011
-5.904633
-5.865352
-5.829458
-5.800924
-5.739700
-5.711635
-5.661477
-5.628420
-5.587057
-6.082567
-6.886405
-5.458755
-5.412879
-5.354974
-5.324034
-5.287509
-5.256799
-5.211360
-5.152930
-5.114989
-5.072594
-5.032569
-4.989198
-5.096756
-8.009851
-4.849848
-4.793764
-3.611831
-3.287372
-1.276967
-1.843091
-2.326486
-2.757415
-3.155289
-8.648203
-3.844096
-4.142751
-4.456185
-4.678812
-4.911220
-5.120969
-7.412939
-5.487130
-5.641066
-5.783185
-5.916039
-6.035928
-6.135427
-8.691502
-6.316249
-6.387491
-6.442465
-6.525188
-6.566755
-6.620026
-9.825221
-6.692262
-6.720445
-6.932936
-6.773094
-6.797072
-6.806517
-8.016406
-6.834786
-6.832064
-6.831039
-6.824059
-6.831388
-6.822991
-6.815117
-6.785987
-6.774475
-8.186026
-6.751234
-6.740005
-6.712353
-7.224284
-6.669962
-6.640555
-6.624844
-6.596300
-6.569914
-6.544693
-6.510579
-6.489872
-6.450531
-9.961660
-6.403339
-6.362082
-6.835861
-6.444573
-6.260684
-6.217107
-6.185208
-6.150413
353.885651
353.928772
-6.048015
-5.994906
-5.961545
-5.917815
-8.451275
-5.839362
-7.863176
-5.771733
-5.729845
-5.694153
-5.642763
-5.601687
-5.559907
-5.524711
-5.482292
-5.437263
-5.376925
-5.344142
-7.079963
-5.257052
-8.889124
-5.170866
-5.138430
-5.656541
-5.045177
-5.005775
-4.961013
-4.905893
-4.864663
-4.811458
-3.397544
-3.315734
62.319286
-1.831685
-2.312115
-2.752087
-3.147680
-7.164146
-3.836958
-4.139677
-4.436330
-4.681059
-4.919286
-5.118065
-5.313199
-5.491443
-6.166882
-5.795083
-5.929700
-6.044220
-6.146088
-6.246117
-6.330689
-6.409441
-10.618546
-6.539571
-6.586369
-11.044389
-6.668916
-6.703103
-8.247127
-6.770831
-6.792174
-6.827089
-6.833954
-6.852954
-6.858794
-6.859828
-9.094707
-6.853931
-6.854372
-11.108990
-6.835725
-6.824085
-9.927877
-6.784525
-6.761616
-7.045206
-6.707784
-6.698748
-6.675433
-6.653697
-6.625786
-6.920829
-6.572509
-7.678669
-6.517505
-6.485187
-6.446856
-6.418581
-6.393599
-6.350840
-6.314226
-6.282739
-9.229480
-6.211916
-6.178104
-6.196872
353.896667
351.444275
-6.027906
-5.983664
-6.008250
-5.909072
-5.870747
-5.832423
-5.798069
-5.750559
-7.979818
-5.672105
-5.627682
-5.485861
-5.548706
-5.511774
-5.462758
-5.424150
-6.334908
-5.334054
-5.298998
-9.341211
-5.219010
-5.168981
-7.127641
-5.085783
-5.040212
-4.994369
-4.957168
-4.898134
-4.855749
-4.809624
-4.948574
-3.303778
-1.220181
-12.963063
-2.295914
-2.728810
-11.065434
-3.472443
-3.814507
-5.315986
-4.402841
-4.663635
-4.895565
-5.099310
-5.291929
-5.472534
-5.625808
-7.928837
-5.908779
-6.030461
-6.122662
-6.225668
-6.308339
-6.386775
-6.447647
-6.524362
-6.566566
-6.617183
-6.662517
-7.967912
-6.722712
-10.490581
-6.773612
-6.802698
-7.071341
-6.821522
-6.827652
-6.834332
-6.830693
-6.821774
-6.837338
-6.830757
-6.815473
-7.481607
-6.787718
-6.774923
-6.755031
-6.748332
-8.414348
-6.699267
-6.678438
-6.656784
-6.630219
-6.600876
-6.574695
-6.544324
-6.520879
-6.731006
-6.452279
-6.424387
-6.405238
-6.368899
-7.207369
-6.292970
-6.264973
-10.092134
-6.196382
-6.157612
349.864105
353.921448
-6.044640
-7.276509
-5.974044
-5.931462
-5.881717
-5.846069
-5.810267
-5.763031
-5.723902
-8.064748
-5.641670
-5.607356
-9.747101
-5.526363
-5.482907
-8.478016
-5.389001
-5.360070
-5.504580
-5.274141
-5.232534
-5.174431
-5.139721
-5.099730
-5.272582
-5.005072
-5.869039
-4.908796
-4.874143
-4.817997
-3.389457
-3.314464
-1.213514
-1.801769
-2.287335
-8.973707
-3.116630
-3.473365
-3.869327
-4.115211
-7.974389
-4.659291
-4.894199
-5.144253
-5.301973
-5.476240
-5.641671
-5.780978
-5.915602
-8.511381
-6.136707
-6.231234
-6.324085
-6.398779
-6.460726
-6.533676
-6.577591
-7.606717
-6.667263
-6.702301
-11.129766
-6.757751
-6.770195
-8.861151
-6.808938
-6.832146
-6.842183
-6.841847
-6.837937
-6.834065
-6.839920
-8.512295
-6.826907
-6.812543
-10.990020
-6.776746
-6.758187
-10.458675
-6.704505
-6.690640
-7.339429
-6.649974
-6.621811
-6.602283
-6.570241
-6.547399
-6.520442
-6.487208
-8.144459
-6.426136
-6.397055
-6.352998
-6.327040
-6.289582
-6.258060
-6.215427
-6.183528
-6.145454
353.884674
353.935516
-7.336638
-5.999988
-9.426474
-5.920219
-5.879380
-6.097666
-5.808246
-5.759398
-5.713247
-5.674619
-5.636029
-5.590745
-5.552312
-5.519397
-6.159027
-5.436718
-5.371277
-5.344360
-5.301163
-6.876278
-5.228880
-5.170101
-5.124483
-5.089109
-5.040533
-5.004443
-4.958459
-4.901474
-5.118260
-4.800676
-3.383580
-3.303734
-1.213514
-5.337294
-2.277964
-2.709931
-11.403562
-3.462020
-3.795765
-10.946589
-4.389529
-4.643869
-6.585415
-5.091094
-5.279348
-5.452877
-5.611867
-5.765283
-5.894766
-6.007884
-8.828310
-6.212701
-6.301897
-11.048038
-6.435189
-6.510945
-9.977700
-6.607938
-6.655038
-6.945426
-6.705369
-6.738565
-6.755640
-6.788741
-6.797836
-7.053700
-6.820440
-7.896419
-6.819130
-6.814695
-6.821881
-6.810730
-6.800822
-6.784409
-6.779024
-6.760723
-9.723515
-6.736379
-6.705598
-6.722121
-6.667175
-9.095839
-6.617133
-6.597393
-6.621714
-6.548737
-6.515702
-6.479053
-6.448482
-6.421136
-8.491315
-6.357889
-6.321097
-6.289651
-6.256995
-6.214143
-6.186833
-6.148774
352.903992
353.919952
-6.036321
-10.115218
-5.963089
-5.918075
-7.973257
-5.845373
-5.813928
-5.765545
-5.726758
-5.670302
-5.633201
-5.590226
-7.093531
-5.515408
-5.474874
-9.469220
-5.375819
-5.345201
-8.961714
-5.266239
-5.220001
-5.802440
-5.138765
-5.088474
-5.041749
-4.995004
-4.950796
-4.903393
-4.859191
-6.532252
-3.379717
-3.302904
-1.113807
-1.800334
-2.291870
-2.707158
-3.102902
-3.460989
-3.800601
-4.103129
-4.392480
-6.519138
-4.881166
-9.883332
-5.279434
-5.461404
-5.934310
-5.762182
-5.894551
-6.012869
-6.114285
-6.220356
-6.301347
-6.376463
-6.443675
-7.172086
-6.557893
-6.611323
-6.652951
-6.695413
-8.332081
-6.753384
-6.764931
-6.792166
-6.801951
-6.821433
-6.827454
-6.826247
-6.825058
-7.056443
-6.824155
-6.818203
-6.804538
-6.788794
-7.892201
-6.762969
-6.740627
-10.717013
-6.696617
-6.683517
-10.676510
-6.629225
-6.615882
-7.768429
-6.556417
-6.526061
-6.478874
-6.439247
-6.389182
-6.335882
-6.294971
-8.747676
-6.172978
-6.138185
-10.240088
-6.041326
-5.993649
-8.910752
354.091919
354.145874
-5.992198
-5.765644
-5.726901
-5.693526
-5.608673
-5.514504
-5.609938
-5.383150
-6.138604
-5.332180
-5.342563
-5.351729
-5.252057
-5.216546
-5.174346
-5.199525
-5.153900
-8.009719
-5.173767
-5.098633
-5.134896
-5.009926
-7.092991
-4.885447
-4.735579
-4.744616
-4.730932
-4.706690
-4.707814
-4.723516
-3.222049
-5.366840
-1.189691
-1.787876
-2.280819
-2.699358
-3.090013
-3.442335
-3.784380
-5.458880
-4.385390
-4.636519
-10.867152
-5.073923
-5.274957
-8.010328
-5.599915
-5.738488
-5.871568
-5.969778
-6.046244
-6.128339
-6.201071
-8.043779
-6.313973
-6.377545
-10.858741
-6.482920
-6.533595
-10.574342
-6.624382
-6.669660
-7.493872
-6.726469
-6.711618
-6.734071
-6.737094
-6.746260
-6.798175
-6.800147
-8.348376
-6.807746
-6.802147
-6.800310
-6.742967
-6.703083
-6.665911
-6.645161
-6.614231
-6.598105
-6.572065
-6.540603
-7.972508
-6.506701
-9.752782
-6.515269
-6.366626
-6.531577
-6.258220
-6.221257
-6.179582
-6.133435
-6.056769
-5.979765
-5.909038
-5.857306
-6.353627
-5.819832
354.208679
354.190796
-5.814818
-6.991554
-5.743826
-5.725122
-5.693244
-5.703906
-5.707064
-8.914577
-5.560265
-5.527305
-5.635564
-5.450576
-5.435707
-5.396699
-5.373761
-6.465802
-5.264931
-5.225481
-9.132243
-5.184454
-5.134603
-8.866866
-4.998520
-4.909223
-5.845737
-4.796922
-4.734592
-4.680360
-4.638945
-4.575047
-3.141713
-3.057628
38.858776
-1.801960
-2.276707
-12.601412
-3.109848
-3.471295
-8.682439
-4.111660
-4.397486
-4.764743
-4.882403
-5.082269
-5.265131
-5.420744
-9.863353
-5.797067
-5.829597
-6.397789
-6.017519
-6.104358
-6.185246
-6.255259
-6.319986
-6.395043
-6.453461
-6.510099
-9.031682
-6.617314
-6.650805
-6.687145
-6.692440
-8.185271
-6.729571
-6.758179
-6.774554
-6.794910
-6.892391
-6.834161
-6.820010
-6.825996
-8.182508
-6.834201
-6.821747
-6.819456
-6.791573
-9.954681
-6.721445
-6.689289
-6.886841
-6.597874
-6.549028
-10.500587
-6.466846
-6.422187
-7.613737
-6.342067
-6.292698
-6.244057
-6.220864
-6.159267
-6.094239
-6.030158
-8.586063
-5.916838
-5.853302
-9.936523
-5.736099
354.305878
-8.340868
-5.648629
-5.620063
-5.719043
-5.547201
-5.537426
-5.575897
-5.526556
-6.351310
-5.461504
-5.351141
-9.087147
-5.299568
-5.267213
-5.201093
-5.154849
-5.112072
-5.078611
-5.052524
-5.030672
-4.994133
-4.963270
-4.929296
-5.310783
-4.861562
-7.000102
-4.870834
-4.882404
-4.778234
-4.708598
-3.281803
-3.172720
-1.206233
-1.801441
-10.348297
-2.707322
-3.106378
-3.740234
-3.805075
-9.865404
-4.384243
-4.643486
-5.439200
-5.080029
-5.274147
-5.447856
-5.593327
-5.733543
-8.756186
-5.967306
-6.062085
-6.149519
-6.224270
-6.294105
-6.336211
-6.402889
-8.726950
-6.493461
-6.530388
-11.019967
-6.583694
-6.603148
-10.008904
-6.642628
-6.669514
-6.963361
-6.695003
-6.726318
-6.721609
-6.711283
-7.344226
-6.756417
-6.760162
-10.383202
-6.739504
-6.732500
-10.892980
-6.702064
-6.671679
-8.386973
-6.650496
-6.638944
-6.630165
-6.596669
-6.556759
-8.823914
-6.473177
-8.964491
-6.364265
-6.320446
-6.326759
-6.218648
-6.183401
-6.142433
-6.101336
-6.065313
-6.038359
-6.008987
354.064209
352.708069
-5.824489
-5.757106
-5.685045
-5.609145
-6.131264
-5.503016
-5.477992
-5.444868
-5.391122
-5.345609
-5.278304
-5.219893
-5.174916
-5.703675
-5.059859
-5.013553
-4.943605
-4.939897
-7.128997
-4.977623
-4.938652
-4.964813
-4.940655
-4.912993
-8.294053
-4.859274
-4.828104
-5.277284
-4.766997
-4.749904
-3.353404
-3.272765
-1.193734
-1.776907
-2.274972
-10.913195
-3.107833
-3.459520
-11.394762
-4.118797
-4.404269
-7.732918
-4.883537
-5.089332
-5.292517
-5.457388
-5.623263
-5.769828
-5.912812
-7.938416
-6.129550
-6.232452
-10.970648
-6.363647
-6.415573
-6.478728
-6.504790
-6.542140
-6.580937
-6.606034
-6.606215
-10.066024
-6.625521
-6.647608
-6.746121
-6.647888
-7.767319
-6.618289
-6.602548
-6.588592
-6.591069
-6.582466
-6.582037
-6.592603
-6.608979
-9.177755
-6.616986
-6.627669
-6.666092
-6.567266
-8.917067
-6.523917
-6.505377
-6.518026
-6.457066
-6.428854
-6.406351
-6.382392
-6.342436
-7.973515
-6.280396
-6.244685
-6.198974
-6.179671
-6.147289
-6.114682
-6.076594
-9.235924
354.019836
354.080688
349.988892
-5.820149
-5.792922
-7.892915
-5.689692
-5.647598
-5.634254
-5.600596
-5.535143
-5.507224
-5.435549
-6.880954
-5.296439
-5.225534
-9.208380
-5.060388
-4.992092
-8.551359
-4.889822
-4.853846
-5.375155
-4.724588
-4.717322
-4.669879
-4.626139
-4.585561
-4.599402
-4.498021
-5.589592
-4.357905
-2.949514
-2.913433
-1.201261
-1.785526
-2.261954
-2.688156
-3.080000
-3.442301
-3.787719
-4.098395
-5.759740
-4.644955
-8.827418
-5.096667
-5.300225
-5.547758
-5.640752
-5.777434
-5.911159
-6.026212
-6.127544
-10.224597
-6.304369
-6.369521
-6.693454
-6.490456
-6.523642
-6.568037
-6.606279
-7.526358
-6.647567
-6.671116
-6.685196
-6.732027
-6.712506
-9.701649
-6.692623
-6.679457
-6.698925
-6.639822
-6.641728
-6.613543
-6.596477
-8.111877
-6.580019
-6.543413
-10.664346
-6.563671
-6.523533
-10.229547
-6.462201
-6.429086
-7.113400
-6.378492
-6.354586
-6.348094
-6.343882
-6.316085
-6.283901
-6.258318
-9.301771
-6.227309
-6.184330
-10.306798
-6.118096
-6.106362
-8.466423
-6.046267
353.973816
353.992706
-5.949700
-5.922424
-8.379446
-5.845470
-8.873817
-5.778314
-5.732472
-5.879431
-5.628622
-5.555487
-5.480396
-5.382465
-5.306972
-5.229960
-5.154293
-5.075735
-6.779014
-4.980482
-4.929457
-4.881849
-4.829491
-5.766711
-4.699235
-4.643515
-4.592165
-4.558357
-4.496014
-4.458440
-4.473880
-4.524961
-4.136560
-3.020445
-1.182068
-1.779161
-2.264153
-8.958585
-3.095286
-3.448790
-3.987523
-4.100308
-4.375295
-10.517354
-4.875894
-5.083710
-6.472473
-5.453314
-5.606106
-5.750126
-5.889043
-6.006566
-6.095243
-6.183372
-9.256815
-6.324758
-6.375561
-11.025619
-6.462679
-6.502741
-9.560311
-6.548976
-6.565441
-6.731747
-6.598018
-6.614327
-6.609025
-6.628490
-7.509141
-6.635552
-6.651729
-10.547995
-6.635164
-6.644497
-6.635115
-6.622151
-6.609840
-6.618361
-6.637395
-6.644492
-6.615583
-6.621000
-6.613654
-7.081950
-6.558297
-8.541736
-6.501065
-6.468045
-6.457700
-6.398279
-6.382420
-6.282934
-6.251203
-6.116879
-9.415597
-6.019612
-5.965497
-5.996602
-5.852455
-9.094935
-5.781657
354.218506
-6.141438
-5.759005
-5.700727
-5.679155
-5.641280
-5.621616
-8.276854
-5.558700
-5.555238
-5.539722
-5.520639
-5.554299
-5.463766
-5.413515
-7.439866
-5.315877
-5.259555
-9.374315
-5.263727
-5.213038
-8.486450
-5.014147
-4.897707
-5.152753
-4.713654
-4.647156
-4.605912
-4.520226
-4.940805
-4.348200
-2.890317
-6.241108
-1.216615
-1.808175
-12.919180
-2.698607
-3.091372
-6.590254
-3.778321
-4.077803
-4.375575
-4.630167
-4.876836
-5.086128
-5.276947
-8.652735
-5.612916
-5.750222
-5.953871
-6.010032
-6.110842
-6.204493
-6.282865
-6.349628
-6.419662
-6.507230
-6.564808
-8.917613
-6.632973
-6.664786
-6.714824
-6.710775
-7.291303
-6.713500
-6.692449
-6.675516
-6.665561
-6.662705
-6.660239
-6.636581
-6.604784
-7.601810
-6.560482
-6.526966
-6.521758
-6.496941
-8.690065
-6.471729
-6.454281
-6.496663
-6.490594
-6.473817
-6.476526
-6.479961
-6.456082
-6.911570
-6.374262
-6.339348
-6.310703
-6.311962
-6.314328
-6.284423
-6.240624
-9.482983
-6.170129
-6.126033
-10.245277
-6.037906
353.974792
351.853333
-5.962650
-5.867660
-5.840869
-5.736433
-5.628180
-5.565909
-5.533891
-6.959244
-5.414604
-5.354583
-9.380735
-5.232091
-5.177690
-8.763969
-5.095184
-5.065223
-5.006265
-5.030213
-4.990178
-4.949256
-5.045469
-5.015275
-5.329307
-4.948598
-6.130959
-4.803451
-4.773750
-4.719818
-4.675480
-4.588206
-3.132963
-3.016763
-1.204307
-8.402150
-2.295121
-2.716994
-3.218100
-3.465817
-8.328601
-4.111899
-4.394577
-4.742115
-4.890804
-5.092808
-5.290540
-5.480006
-5.626620
-8.459895
-5.911114
-6.027431
-6.117240
-6.201864
-6.258307
-6.312136
-6.358742
-7.342222
-6.435890
-6.474763
-10.998385
-6.545099
-6.598246
-9.003290
-6.695000
-6.717719
-6.752964
-6.829237
-6.765084
-6.788429
-6.798981
-8.331841
-6.826731
-6.812957
-10.978719
-6.751289
-6.697457
-10.429306
-6.671354
-6.667154
-7.197427
-6.588078
-6.553801
-6.506561
-6.494824
-6.461035
-6.408694
-6.402448
-7.534603
-6.338556
-6.319432
-6.287223
-6.240644
-6.166507
-6.067219
-6.007577
-5.985563
-6.103220
-5.950768
-5.901275
352.993256
354.209808
-8.691189
-5.738910
-5.691890
-5.752101
-5.606719
-5.558915
-5.517047
-5.447559
-5.415219
-5.384104
-5.393734
-5.368613
-5.906744
-5.288918
-5.258330
-5.241360
-5.230466
-6.080798
-5.157887
-5.108530
-5.079196
-5.074424
-4.936277
-8.306334
-4.818634
-4.798684
-4.887814
-4.642814
-4.580287
-4.465648
-3.061222
-4.298705
-1.203925
-1.791605
-12.759585
-2.694932
-3.097082
-10.931317
-3.783990
-4.087426
-5.655553
-4.626971
-4.870819
-5.064572
-5.273208
-5.441545
-5.609692
-5.759494
-9.361589
-5.998570
-6.101123
-10.990456
-6.279379
-6.376361
-9.356835
-6.508260
-6.542564
-6.681190
-6.615931
-6.647353
-6.665626
-6.688811
-10.204914
-6.919857
-6.763712
-7.139067
-6.751718
-6.787193
-6.761931
-6.752298
-6.761727
-6.749553
-6.724003
-6.673090
-9.797497
-6.665401
-6.602971
-6.584700
-6.507639
-7.818517
-6.425981
-6.396868
-6.374750
-6.342668
-6.312867
-6.280283
-6.257480
-6.254996
-8.258769
-6.201081
-6.199280
-6.149951
-6.147310
-9.283909
-6.103958
-6.038484
-6.250422
-5.968949
354.042938
354.076233
-5.888134
-5.850379
-7.095657
-5.800651
-5.789359
-5.754039
-5.704222
-5.654991
-5.616682
-5.559968
-7.812127
-5.425850
-5.368784
-9.396226
-5.207390
-5.187108
-8.146465
-5.018806
-4.946799
-5.094692
-4.837879
-4.758534
-4.707500
-4.658924
-5.313133
-4.571190
-4.533457
-8.125194
-4.479542
-4.475409
-7.144593
-3.111638
-1.187437
-4.672456
-2.263020
-2.693593
-3.101208
-3.475626
-3.807998
-6.062403
-4.410259
-7.946047
-4.886679
-5.108641
-5.335250
-5.479993
-5.645441
-5.785650
-5.910247
-6.032162
-6.131113
-6.230773
-6.297169
-7.033419
-6.432542
-10.332030
-6.554866
-6.590160
-7.077004
-6.639440
-6.655005
-6.674884
-6.680825
-6.706039
-10.365184
-6.700890
-6.685612
-6.914142
-6.667008
-6.652912
-6.653162
-6.656915
-8.644181
-6.628038
-6.609738
-10.833974
-6.605669
-6.630476
-10.037460
-6.607558
-6.594024
-6.929329
-6.559431
-6.522267
-6.484578
-6.447008
-6.930690
-6.438878
-6.413374
-9.914013
-6.356470
-6.309545
-10.377835
-6.196282
-6.161263
-7.961415
-6.092522
-6.019164
353.972626
354.040955
-5.839694
-5.751546
-5.694676
-8.217090
-5.814384
-5.564406
-5.586114
-5.454375
-5.414112
-5.355936
-5.305366
-5.250000
-5.201554
-5.162670
-5.133201
-7.871181
-4.982195
-4.909626
-4.907314
-4.885612
-5.913053
-4.882523
-4.859608
-4.838209
-4.791593
-4.784559
-4.760384
-4.705625
-4.655208
-6.643919
-3.183493
-3.123492
-1.200933
-1.809623
-7.646875
-2.710600
-3.116883
-3.552267
-3.815047
-4.122554
-4.413032
-4.673300
-4.900899
-6.900847
-5.308599
-5.484323
-5.635762
-5.776272
-5.906497
-6.023467
-6.105391
-9.890984
-6.265328
-6.327444
-11.003798
-6.433017
-6.461807
-9.031328
-6.530839
-6.562090
-6.615469
-6.614123
-6.618138
-6.636818
-6.636930
-8.030015
-6.689549
-6.698875
-10.884729
-6.723543
-6.761086
-10.676611
-6.773262
-6.736564
-7.504916
-6.694238
-6.684387
-6.672353
-6.620214
-6.599915
-7.906773
-6.553129
-8.008469
-6.491381
-6.438488
-6.433320
-6.418468
-6.391749
-6.340386
-6.307168
-6.312443
-6.249808
-6.170000
-6.104115
-6.738770
-6.018663
-8.827972
-5.886303
354.205566
354.158539
-5.656836
-5.616035
-5.578358
-5.530052
-5.480293
-9.006275
-5.432244
-5.395076
-5.646544
-5.348518
-5.328233
-5.267909
-5.250445
-6.514992
-5.250872
-5.221081
-5.200933
-5.170149
-5.126454
-8.038387
-5.058412
-4.992427
-5.089553
-4.940641
-4.905609
-4.855531
-4.773422
-5.558326
-4.626945
-4.590269
-6.897009
-3.086588
-1.225563
-12.545370
-2.283278
-2.715464
-5.730284
-3.477231
-3.814152
-4.120054
-4.412315
-4.667303
-4.905222
-5.107950
-8.473941
-5.472383
-5.621593
-10.883023
-5.877951
-5.990665
-9.603249
-6.171608
-6.254320
-6.306684
-6.374489
-6.437984
-9.653765
-6.562834
-10.449552
-6.681837
-6.661460
-7.251094
-6.703141
-6.735117
-6.739154
-6.762311
-6.775866
-6.799446
-6.799978
-6.782747
-8.990227
-6.788430
-6.775755
-6.758243
-6.732934
-8.386103
-6.707767
-6.713982
-6.680531
-6.650568
-6.619910
-6.577458
-6.517207
-6.454177
-7.765689
-6.358981
-6.305701
-6.241008
-6.194344
-9.546795
-6.129148
-6.079299
-6.411201
-5.987729
-5.959841
-10.007808
-5.879024
-5.845268
352.606934
354.178009
-5.814517
-5.802882
-5.777185
-5.740613
-5.705538
-5.688169
-7.769999
-5.597508
-5.564827
-9.670921
-5.513782
-5.482801
-8.725277
-5.436314
-5.405166
-5.635476
-5.326348
-5.274282
-5.194127
-5.146540
-5.747400
-5.058024
-5.032569
-8.591965
-4.939726
-4.881657
-4.770799
-4.685168
-4.639731
-4.581321
-3.189677
-3.146991
-1.217462
-1.812588
-2.299356
-3.851078
-3.123720
-7.744521
-3.833414
-4.135012
-4.438420
-4.695362
-4.917025
-5.130279
-5.340079
-5.525109
-9.896128
-5.827294
-5.969807
-6.274510
-6.187071
-10.192530
-6.371029
-6.440231
-6.948351
-6.570610
-6.609903
-6.658047
-6.699039
-6.740032
-9.626800
-6.791223
-6.805980
-6.856332
-6.842748
-6.867113
-6.869935
-6.870255
-8.947565
-6.864218
-6.873114
-11.135218
-6.865736
-6.844590
-10.266033
-6.820289
-6.802002
-7.123015
-6.758765
-6.746928
-6.735682
-6.707696
-7.197220
-6.664704
-6.632383
-10.132947
-6.579933
-6.550443
-10.647969
-6.480053
-6.456491
-8.208255
-6.384741
-6.348745
-6.318166
-6.287636
-6.259274
-6.223524
353.812347
351.390594
-6.122122
-6.083043
-6.096414
-5.995324
-5.956330
-5.918578
-5.880591
-5.826935
-5.788324
-5.742743
-5.711462
-7.248705
-5.639287
-5.597999
-5.550102
-5.522190
-5.997243
-5.439798
-5.390215
-5.351350
-5.314305
-5.252186
-5.219607
-5.165403
-5.121860
-5.918828
-5.026863
-4.972344
-4.933443
-4.884735
-5.511276
-3.388885
-1.220946
-1.801864
-2.286584
-2.719480
-3.123051
-3.485209
-3.823906
-4.828529
-4.424630
-4.681592
-4.924463
-5.130449
-5.334202
-5.505759
-5.667721
-9.957574
-5.955477
-6.074352
-11.009434
-6.271350
-6.361333
-8.672207
-6.495387
-6.567374
-6.622002
-6.666612
-6.714335
-6.746789
-6.775778
-8.515749
-6.824099
-6.850946
-11.161735
-6.883027
-6.887529
-10.580950
-6.888241
-6.879408
-6.883619
-6.884231
-6.871597
-10.478653
-6.851561
-6.823041
-7.036019
-6.802167
-8.047266
-6.748014
-6.731748
-6.706993
-6.690502
-6.668092
-6.642806
-6.619894
-6.592296
-9.584467
-6.522166
-6.489219
-6.502855
-6.426983
-9.153591
-6.354565
-6.312511
-6.388340
-6.245942
-6.213278
353.816711
353.853241
-6.105306
-8.287159
-6.041991
-5.992196
-5.947518
-5.901039
-5.878037
-5.837139
-5.800591
-8.464915
-5.719972
-5.665658
-9.805867
-5.590882
-5.552827
-8.112513
-5.452837
-5.421378
-5.483734
-5.357579
-5.313273
-5.250178
-5.209266
-6.161087
-5.121245
-5.091938
-8.845922
-4.990300
-4.935355
-8.824887
-3.462462
-3.386068
71.921738
-1.810921
-2.279685
-2.719343
-3.122989
-3.482476
-3.822520
-4.125368
-7.564188
-4.683634
-4.919983
-5.141691
-5.332002
-5.503758
-5.663244
-5.813115
-5.946905
-6.066029
-6.175076
-6.273345
-8.212068
-6.430577
-10.493148
-6.568766
-6.616488
-7.072829
-6.703550
-6.745659
-6.773030
-6.802361
-6.817317
-6.845606
-6.856845
-6.875238
-7.673687
-6.891032
-6.894870
-6.883110
-6.893482
-8.947384
-6.875176
-6.859145
-6.860986
-6.823697
-6.805820
-6.803779
-6.766961
-6.749619
-7.155294
-6.705518
-6.692469
-6.668392
-6.640046
-6.609745
-6.580480
-6.547683
-9.835245
-6.490954
-6.463267
-10.568223
-6.386817
-6.356559
-8.291286
-6.281940
-6.239508
-6.220628
353.840576
353.875702
-6.089788
-6.043387
-7.389397
-5.966542
-5.923545
-9.902150
-5.867054
-5.806977
-9.554969
-5.716078
-5.691558
-5.650400
-5.608387
-5.575527
-5.537965
-5.496789
-5.445364
-5.786942
-5.373898
-6.873478
-5.293315
-5.242495
-5.204751
-5.157268
-5.114190
-5.063743
-5.021891
-4.965158
-8.132457
-4.870224
-3.457585
-3.490945
-1.200127
-8.734630
-2.287868
-2.706338
-3.517938
-3.475120
-3.809043
-4.122322
-4.411468
-4.664933
-8.446253
-5.120395
-5.312584
-5.497843
-5.646862
-5.788331
-5.930075
-6.049418
-8.718188
-6.250175
-6.336157
-11.086238
-6.474062
-6.548110
-10.072305
-6.649794
-6.694152
-6.993446
-6.759422
-6.791042
-6.809755
-6.839892
-7.361742
-6.859580
-6.873056
-10.586291
-6.873645
-6.865471
-11.120283
-6.870625
-6.858230
-8.676911
-6.846376
-6.818376
-6.804182
-6.796190
-6.756838
-6.742393
-6.728394
-9.423394
-6.692647
-6.657573
-6.719154
-6.601206
-6.575029
-6.535225
-6.507317
-6.475504
-6.455399
-6.419210
-6.381736
-8.076646
-6.322101
-6.285218
-6.242117
-6.213798
352.905884
353.863434
-6.105880
-6.062498
-6.024165
-5.989437
-5.941043
-5.911311
-5.874307
-6.840166
-5.778462
-5.735243
-5.711803
-5.667353
-8.495414
-5.591100
-5.546332
-5.638392
-5.441396
-5.413461
-9.265419
-5.327860
-5.299647
-6.288080
-5.211363
-5.154488
-5.110249
-5.081809
-5.032355
-4.971025
-4.930362
-7.337665
-3.458022
-3.374180
106.219826
-1.815607
-2.277718
-9.891166
-3.111159
-3.469738
-4.254290
-4.121461
-4.406304
-4.659339
-4.903140
-5.730099
-5.307447
-5.486048
-10.131223
-5.792037
-5.930194
-6.051081
-6.149224
-6.247335
-6.337197
-6.409281
-6.477827
-6.548134
-6.600580
-6.646056
-7.331670
-6.728914
-9.519905
-6.777604
-6.794732
-6.853798
-6.837963
-6.853422
-6.864542
-6.865559
-6.870472
-10.397666
-6.872821
-6.861458
-7.074877
-6.831804
-6.829021
-6.806389
-6.791177
-7.563064
-6.758013
-6.742898
-6.729658
-6.710873
-6.686397
-9.267204
-6.636071
-6.606752
-6.591736
-6.556111
-6.518067
-6.488605
-6.467638
-7.903192
-6.397732
-6.357638
-10.391172
-6.289945
-6.257622
-9.965633
353.809998
353.859894
-6.754324
-6.060107
-6.027730
-5.985270
-5.941412
-5.904741
-5.882736
-5.829899
-8.703477
-5.753590
-5.717772
-9.713843
-5.634001
-5.593327
-8.133014
-5.505259
-5.452864
-5.428727
-5.385441
-5.345394
-7.978140
-5.241914
-8.441591
-5.173687
-5.122926
-5.374933
-5.025463
-4.988224
-4.937554
-4.889656
-3.462315
-3.385825
-1.196330
-1.787739
-6.037219
-2.713592
-3.119970
-3.466658
-3.816775
-6.282779
-4.408982
-4.668963
-4.902955
-5.109979
-5.308046
-5.486348
-5.650632
-5.788693
-7.326435
-6.052160
-6.152874
-6.250987
-6.338370
-9.900083
-6.474708
-6.555758
-6.856706
-6.652507
-6.699857
-11.044999
-6.759922
-6.789215
-8.138770
-6.833539
-6.838472
-6.864484
-6.871331
-6.874575
-6.875097
-6.869753
-9.298637
-6.869907
-6.862847
-11.102032
-6.832436
-6.817625
-10.016174
-6.794975
-6.758860
-6.992425
-6.720956
-6.703872
-6.678987
-6.658693
-7.284789
-6.598625
-6.573636
-10.183762
-6.504858
-6.474302
-6.455522
-6.421068
-6.384085
-6.359838
-6.317688
-6.283483
-6.245313
-6.213716
353.822021
353.357666
-6.091482
-8.421632
-6.016597
-5.972225
-5.933011
-5.893594
-5.866179
-5.815214
-5.778339
-5.736323
-8.970254
-5.663391
-5.624439
-5.709126
-5.539720
-9.036876
-5.441990
-5.405662
-5.897460
-5.340572
-5.291458
-5.243266
-5.195086
-5.149939
-7.633799
-5.082396
-5.022430
-4.977494
-4.921326
-4.877789
-3.451236
-3.380727
11.286067
-1.794665
-2.277076
-12.511539
-3.099370
-3.468454
-10.165423
-4.109413
-4.400990
-5.435529
-4.899909
-5.105308
-5.299341
-5.480061
-5.639687
-5.785841
-5.926923
-7.292032
-6.242795
-6.244328
-6.329920
-6.412540
-6.468924
-6.541611
-6.587314
-6.637987
-6.688469
-6.728206
-6.754633
-9.222983
-6.799577
-9.846744
-6.832342
-6.837173
-6.980966
-6.829513
-6.800395
-6.780920
-6.767069
-6.730305
-6.705521
-6.672189
-6.630918
-8.137627
-6.573676
-6.540550
-6.477859
-6.453093
-7.314868
-6.413083
-6.389585
-6.353316
-6.303823
-6.254274
-6.221867
-6.213687
-6.184904
-6.952129
-6.166331
-6.116838
-6.099335
-6.078953
-8.648860
-6.078331
-6.056090
-6.129362
353.970703
354.077271
350.304749
-5.830052
-5.752172
-6.494802
-5.694610
-5.677787
-5.645401
-5.617781
-5.599456
-5.582056
-5.561388
-8.419291
-5.567325
-5.403857
-9.476684
-5.284957
-5.244556
-7.775341
-5.153009
-5.088954
-5.069647
-4.957860
-4.893425
-4.807514
-4.703955
-5.855464
-4.581357
-4.523668
-8.402093
-4.305166
-2.929079
-2.953690
-1.201999
-1.808626
-2.281898
-2.712691
-3.098715
-10.089360
-3.774121
-4.078492
-4.622268
-4.602096
-7.027267
-5.042681
-5.230106
-5.419593
-5.561255
-5.722205
-5.839114
-5.953560
-6.055030
-9.235332
-6.244868
-6.320215
-6.403837
-6.445487
-9.588992
-6.553705
-6.606793
-6.800752
-6.680101
-6.715343
-6.731855
-6.755071
-6.769627
-8.748664
-6.789007
-6.760230
-6.748854
-6.753309
-6.771338
-6.753282
-6.748974
-9.501663
-6.650678
-6.658393
-10.836282
-6.584277
-6.505378
-9.230242
-6.418297
-6.367375
-6.398512
-6.284024
-6.242993
-6.202077
-6.175107
-7.136786
-6.112176
-6.111564
-10.011264
-6.082769
-6.077506
-10.085801
-6.078222
-6.046954
-7.094320
-5.934060
354.108734
354.153412
-5.821689
-5.746219
-7.430515
-5.620155
-7.390450
-5.525064
-5.492350
-5.484305
-5.466459
-5.437065
-5.418802
-5.403966
-5.386270
-5.378230
-5.356009
-5.244085
-6.160151
-5.152378
-8.164843
-5.062119
-5.034875
-5.158797
-4.861343
-4.798812
-4.718339
-4.664204
-4.601124
-4.549275
-4.509089
-4.419790
-3.380967
-2.896036
-1.183161
-1.789529
-2.274003
-5.695803
-3.092411
-3.444904
-3.785172
-4.086696
-4.371217
-9.399157
-4.872021
-5.079455
-5.441036
-5.437499
-5.588768
-5.734400
-5.875075
-6.915572
-6.102276
-6.196344
-10.615000
-6.350976
-6.417872
-10.907430
-6.537025
-6.592570
-7.999784
-6.678269
-6.711821
-6.736364
-6.735773
-6.771951
-6.786771
-6.782476
-9.238381
-6.802769
-6.765800
-11.042682
-6.735281
-6.700956
-9.843241
-6.584380
-6.572916
-6.507145
-6.485655
-6.478976
-9.387185
-6.430471
-10.074681
-6.436572
-6.392918
-6.963552
-6.396796
-6.375660
-6.350015
-6.334663
-6.325797
-6.307250
-6.254250
-6.219509
-8.140265
-6.158839
-6.143136
-6.086022
-6.064614
-7.779823
353.964081
353.996094
-5.963265
-5.890732
-5.845910
-5.764915
-5.689993
-5.641833
-6.813895
-5.579108
-5.557342
-5.475574
-5.403857
-8.715543
-5.279418
-5.185715
-8.672551
-5.062259
-4.986048
-9.005041
-4.891844
-4.846886
-6.394513
-4.706236
-4.644000
-4.590983
-4.558390
-4.527881
-4.488569
-4.456972
-6.365972
-4.372003
-2.973567
-7.089038
-1.199895
-1.786455
-10.580210
-2.696052
-3.103913
-4.170508
-3.792835
-4.106305
-4.392049
-4.646812
-5.317083
-5.098081
-5.292165
-6.516969
-5.630295
-5.781720
-5.919611
-6.043582
-6.143339
-6.240445
-6.339161
-6.396282
-6.457276
-6.513763
-6.553956
-7.244697
-6.656913
-9.077297
-6.722486
-6.730673
-6.756943
-6.749413
-6.748402
-6.759445
-6.758695
-6.747093
-9.903446
-6.695553
-6.686971
-6.725688
-6.647498
-6.611366
-6.573414
-6.549342
-7.115024
-6.506502
-6.451747
-6.438094
-6.423153
-6.400119
-8.585592
-6.349641
-6.311705
-6.297564
-6.304677
-6.315511
-6.289023
-6.285748
-8.076886
-6.258209
-6.217128
-10.316935
-6.159583
-6.132386
-9.614359
-6.085376
353.942657
353.512390
-6.018740
-5.971410
-5.939019
-5.902857
-5.883014
-5.825893
-5.789504
-6.635766
-5.636804
-5.556402
-5.542141
-5.557263
-5.514131
-5.450794
-5.330163
-5.286426
-5.201717
-5.152521
-5.073144
-6.683619
-4.882063
-7.312227
-4.767558
-4.721686
-4.716857
-4.598593
-4.527105
-4.441897
-4.365731
-4.292367
-2.857891
-2.801810
-1.203132
-3.638994
-2.273210
-10.994446
-3.104336
-3.465265
-4.694263
-4.106667
-4.402076
-4.661736
-4.901323
-5.116843
-5.314029
-5.494380
-5.650949
-6.182669
-5.966665
-6.050982
-6.154619
-6.250823
-8.606163
-6.414196
-6.457903
-6.538025
-6.573987
-6.618226
-10.365811
-6.677357
-6.702306
-7.178468
-6.753748
-6.789448
-6.791975
-6.798002
-7.240469
-6.773351
-6.720540
-10.316222
-6.720897
-6.698982
-10.895226
-6.639390
-6.584794
-8.379941
-6.519472
-6.499269
-6.466412
-6.450833
-6.417696
-6.364869
-6.327594
-8.211257
-6.242802
-6.220396
-10.364964
-6.231623
-6.221746
-6.219864
-6.222435
-6.201997
-6.221704
-6.216404
-6.178271
-8.710058
-6.090569
-9.853127
353.940918
353.973602
-6.898072
-6.029029
-5.951669
-5.893909
-5.827225
-5.761074
-5.751378
-5.682353
-5.624181
-7.196672
-5.527675
-5.448486
-5.377472
-5.321949
-7.243922
-5.195652
-5.192832
-5.220406
-5.129418
-5.076899
-5.028284
-4.964642
-4.901825
-5.707856
-4.766984
-4.684517
-4.598372
-4.466247
-4.895999
-4.404672
-2.961300
-6.378016
-1.218842
-1.803872
-12.974724
-2.712226
-3.101761
-6.928710
-3.782208
-4.081955
-4.364374
-4.621008
-4.857855
-5.070268
-5.269906
-7.694600
-5.617434
-5.820880
-10.891729
-6.031096
-6.135856
-10.254464
-6.337665
-6.427527
-6.866354
-6.569450
-6.599138
-6.656427
-6.699013
-10.875654
-7.340533
-6.784439
-7.678533
-6.772133
-6.789209
-6.792210
-6.795089
-6.803090
-6.800621
-6.795875
-6.800011
-10.546898
-6.779437
-6.773467
-6.842879
-6.727480
-8.840009
-6.680295
-6.641544
-6.618862
-6.546008
-6.472963
-6.416981
-6.381265
-6.324970
-8.857014
-6.234489
-6.189726
-6.171504
-6.134732
-6.013964
-5.981313
-5.933607
-6.510403
-5.837594
-5.805493
-5.779112
-5.794027
-5.800440
352.172791
-5.786773
-5.760562
-5.763415
-5.760789
-5.757940
-5.691926
-5.677516
-7.294291
-5.583992
-5.545815
-9.614177
-5.527019
-5.608907
-9.128879
-5.504852
-5.561464
-5.935471
-5.342851
-5.278678
-5.157318
-5.090206
-5.078358
-4.971938
-4.930389
-5.903821
-5.015699
-4.832039
-4.785347
-4.676641
-4.615920
-3.165444
-3.057112
-1.216287
-1.815101
-2.293660
-2.730845
-5.640419
-3.506259
-8.499416
-4.125381
-4.404467
-4.763322
-4.877997
-5.065521
-5.250522
-5.417507
-5.562294
-5.700184
-5.827660
-5.945620
-6.710321
-6.152721
-6.238533
-6.328529
-6.397946
-7.126833
-6.535729
-6.576065
-6.633191
-6.680026
-6.716624
-10.371110
-6.772696
-6.813634
-6.982677
-6.858374
-6.882120
-6.849583
-6.838887
-9.011021
-6.836600
-6.833981
-11.044671
-6.786287
-6.801652
-10.340178
-6.754184
-6.738858
-7.146917
-6.657835
-6.637737
-6.603086
-6.564998
-6.543380
-6.543549
-6.501458
-9.879133
-6.424631
-6.400219
-10.538579
-6.329231
-6.266405
-8.094188
-6.138731
-6.063701
-6.039386
-5.970071
-5.929416
354.129974
354.193359
-8.268222
-5.745249
-5.612645
-5.610416
-5.505537
-5.453961
-5.402177
-5.328468
-5.281948
-5.230206
-5.195891
-5.145280
-7.361766
-5.088480
-8.844740
-5.091103
-5.102407
-5.661425
-5.079059
-5.043404
-5.020026
-5.014906
-4.977634
-4.918143
-4.855906
-4.799544
-6.123778
-4.764426
-4.710396
-4.667942
-3.232636
-5.106491
-1.220864
-1.817082
-2.319013
-2.751704
-3.150487
-3.511054
-3.852764
-4.146343
-5.412166
-4.703790
-4.930276
-5.135790
-5.348781
-6.036690
-5.688745
-5.811677
-10.228143
-6.086086
-6.179187
-10.997920
-6.352164
-6.400819
-8.327021
-6.548509
-6.570102
-6.588314
-6.615302
-6.639420
-6.658472
-6.678485
-8.857707
-6.690101
-6.687692
-11.024055
-6.688979
-6.671786
-10.033134
-6.638684
-6.642131
-6.911825
-6.599980
-6.560707
-6.546455
-6.528831
-10.266309
-6.924359
-6.484164
-7.143263
-6.501215
-6.476775
-6.451446
-6.416243
-6.390212
-6.378351
-6.353048
-6.340865
-9.664053
-6.291868
-6.273211
-6.334748
-6.221213
-7.739973
-6.149447
-6.110174
-6.064000
-6.053561
353.886078
353.950165
-6.019341
-5.973650
-8.239058
-5.960886
-5.958597
-5.908607
-5.901218
-8.865987
-5.700215
-5.660958
-5.791539
-5.551758
-5.522286
-5.476025
-5.453298
-5.421158
-6.693172
-5.295313
-5.184476
-5.109281
-5.022560
-4.948653
-4.898212
-4.828066
-7.357777
-4.686696
-4.610352
-8.630907
-4.496686
-4.416741
-5.673957
-2.846203
-1.229975
-2.017207
-2.310722
-2.746568
-3.150952
-3.509456
-5.459354
-4.136822
-4.419807
-10.722491
-4.900148
-5.093874
-10.526518
-5.436156
-5.583375
-6.973956
-5.863511
-5.991813
-6.092903
-6.195239
-6.284761
-7.499415
-6.424196
-8.324335
-6.550159
-6.605499
-6.649074
-6.688736
-6.727408
-6.751988
-6.775780
-6.808313
-6.791627
-6.816973
-6.836777
-7.308360
-6.830062
-9.857743
-6.856934
-6.832177
-6.973407
-6.762347
-6.727579
-6.715404
-6.715874
-6.721058
-9.963264
-6.719478
-6.665488
-6.725394
-6.557956
-6.507835
-6.472925
-6.463100
-7.679443
-6.350591
-6.276853
-6.211081
-6.173817
-6.087550
-8.872583
-6.022440
-5.955866
-6.006314
-5.844900
-5.795721
-5.732739
354.332703
353.410858
-5.539401
-5.477244
-9.295125
-5.386787
-5.343067
-9.251631
-5.300368
-5.294734
-6.425434
-5.383066
-5.465575
-5.423098
-5.518249
-5.410083
-5.294069
-5.239686
-6.823131
-5.251344
-5.244676
-5.116558
-5.091452
-5.108200
-4.986718
-4.934166
-4.881158
-4.853151
-4.810892
-4.777421
-6.783083
-3.304206
-6.465322
-1.228937
-1.801659
-2.853681
-2.726201
-3.132941
-3.488876
-3.835387
-4.158043
-4.436036
-4.695020
-4.933684
-6.861847
-5.319899
-5.506135
-5.654470
-5.797726
-7.267221
-6.030205
-6.126657
-6.216993
-6.295006
-6.361065
-6.405390
-6.473635
-6.504071
-7.132045
-6.547348
-6.571868
-6.581977
-6.595729
-9.539858
-6.598452
-6.584679
-10.773532
-6.590358
-6.596555
-10.604404
-6.614181
-6.673304
-7.591134
-6.715335
-6.709270
-6.736328
-6.737247
-6.688253
-6.687392
-6.647740
-9.635949
-6.582413
-6.533834
-10.695719
-6.458350
-6.465631
-9.006963
-6.435939
-6.417377
-6.439889
-6.382122
-6.374762
-6.301717
-6.252263
-7.815965
-6.161236
-6.138752
-10.145734
-6.093709
353.881165
353.907196
-6.057057
-5.911892
-5.841020
-5.813559
-5.782610
-8.781726
-5.632888
-5.571335
-5.605276
-5.433499
-6.701894
-5.331990
-5.256046
-5.196124
-5.126508
-5.045627
-4.936563
-4.883855
-4.822906
-6.985043
-4.750008
-4.690396
-4.637607
-4.575500
-7.112751
-4.516146
-4.476882
-4.522555
-4.488941
-4.516844
-3.165700
-3.117331
-1.208842
-4.324759
-2.282622
-2.718223
-3.122511
-3.494197
-3.830709
-4.131952
-4.419534
-9.043604
-4.919812
-5.116208
-10.872058
-5.487994
-5.653928
-8.948465
-5.937472
-6.048615
-6.220095
-6.248855
-6.334602
-6.398792
-6.463471
-7.936293
-6.586615
-6.643077
-10.970978
-6.722889
-6.746727
-10.859594
-6.767654
-6.757226
-7.653146
-6.766593
-6.746861
-6.729256
-6.697764
-6.662836
-7.800944
-6.617238
-8.150406
-6.539581
-6.528342
-6.475036
-6.449564
-6.437353
-6.402399
-6.384232
-6.394391
-6.347759
-6.318469
-6.322300
-6.847370
-6.394798
-9.346050
-6.386040
-6.399864
-6.402162
-6.241354
-6.178050
-6.175191
-6.224764
-6.095256
-9.371918
-5.990042
-5.947406
353.895264
354.064056
-5.948157
-5.941781
-5.954674
-7.151908
-5.811215
-5.753138
-5.753235
-5.745368
-5.792409
-8.414030
-5.655850
-5.634772
-5.686060
-5.457652
-5.339077
-5.232625
-5.184492
-5.937562
-4.991421
-4.932147
-8.608061
-4.771860
-4.727772
-8.625085
-4.572925
-4.504754
-5.605954
-4.390405
-4.335985
-4.289109
-2.862470
-2.780681
-1.234497
-1.819691
-6.709937
-2.867626
-3.114943
-3.481957
-3.810915
-4.115232
-4.402944
-4.669475
-4.914361
-5.104939
-5.309131
-5.483104
-8.494494
-5.796920
-10.143216
-6.056450
-6.175927
-6.828649
-6.345831
-6.415868
-6.482676
-6.583902
-6.631727
-6.677345
-6.705455
-6.723380
-8.355387
-6.749178
-6.766747
-6.791275
-6.802098
-8.551687
-6.881409
-6.870534
-6.861761
-6.846384
-6.855363
-6.841043
-6.813232
-6.777613
-7.612894
-6.741652
-6.725914
-6.719488
-6.665703
-7.230629
-6.567885
-6.529381
-10.181630
-6.492317
-6.450673
-10.537253
-6.371789
-6.331084
-7.944622
-6.230587
-6.193994
-6.128654
-6.081385
-6.030991
-5.963024
-5.920104
-7.888971
-5.824750
-5.779335
350.168121
-5.665797
-5.610244
-8.787850
-5.509015
-5.429025
-5.761280
-5.329668
-5.283183
-5.255788
-5.238621
-9.109714
-6.024735
-5.302764
-6.174480
-5.242743
-5.223916
-5.223055
-5.210085
-5.171772
-5.114083
-5.058712
-4.977285
-8.591090
-4.930792
-4.957581
-5.326043
-4.912738
-7.050756
-4.782830
-4.748620
-3.356894
-3.270248
-1.220864
-1.817751
-2.311719
-2.749095
-9.555894
-3.503568
-3.852265
-4.264656
-4.441234
-4.704732
-4.945965
-5.153809
-6.412944
-5.544036
-5.664497
-5.817329
-5.950771
-6.064144
-8.811304
-6.251317
-6.327985
-6.420165
-6.439748
-6.511714
-6.549486
-6.585556
-8.098293
-6.638915
-6.652444
-10.970195
-6.647821
-6.659369
-10.604251
-6.662238
-6.655350
-7.447648
-6.607493
-6.594712
-6.598275
-6.599452
-6.627390
-6.632382
-6.605216
-8.001406
-6.613236
-6.591688
-6.570401
-6.572594
-6.554580
-6.544441
-6.556056
-6.539766
-6.506147
-6.475080
-6.451389
-8.504737
-6.454683
-9.655559
-6.573916
-6.570772
-6.834837
-6.422484
-6.357850
-6.334682
-6.300884
-6.306701
353.765778
353.786133
-6.199467
-7.193768
-6.157176
-6.118473
-6.033633
-5.974873
-7.016329
-5.909963
-5.882035
-5.820402
-5.782044
-5.743645
-5.712275
-5.683540
-5.632584
-6.121540
-5.533986
-5.511427
-5.464684
-5.433537
-8.087601
-5.314150
-5.278442
-9.162122
-5.202859
-5.172165
-8.959864
-5.086237
-5.052096
-5.912703
-3.589524
-3.501908
-1.218582
-1.814049
-2.300845
-2.742511
-3.156703
-8.956661
-3.869955
-4.178357
-11.118647
-4.734840
-4.976387
-8.737370
-5.381316
-5.561644
-5.825509
-5.879480
-6.022150
-6.139887
-6.256153
-7.475482
-6.449875
-6.544340
-6.992851
-6.698095
-6.738553
-6.799588
-6.846530
-6.880872
-6.902264
-6.927468
-6.939186
-10.437584
-6.975069
-6.997488
-7.187661
-6.997750
-8.704891
-6.991075
-7.003195
-6.990139
-6.981112
-6.959966
-6.957012
-6.936675
-6.905589
-9.587642
-6.863779
-6.849395
-6.850094
-6.809822
-9.956910
-6.759015
-6.734836
-6.938413
-6.677660
-6.644535
-6.610152
-6.582916
-6.559587
-8.390718
-6.492303
-6.453439
-6.415783
-6.389392
-6.355170
-6.330170
353.716248
351.329010
-6.204248
-6.170073
-10.265944
-6.093542
-6.066801
-8.974528
-5.984916
-5.934073
-6.069415
-5.849663
-5.810745
-5.774969
-5.736987
-6.474585
-5.654017
-5.618059
-9.328429
-5.521666
-5.475763
-9.440980
-5.406724
-5.357808
-6.672463
-5.273736
-5.224736
-5.185757
-5.148919
-5.087125
-6.830910
-4.997737
-5.656373
-3.504773
-1.221779
-1.843665
-2.312006
-2.749901
-3.154681
-3.526401
-3.861834
-4.178035
-4.471246
-4.735988
-6.567063
-5.186586
-9.954384
-5.567286
-5.724794
-6.370851
-6.010275
-6.127074
-6.231512
-6.325916
-6.420585
-6.494554
-6.553786
-6.628316
-7.315423
-6.735010
-6.775882
-6.814212
-6.843174
-8.899849
-6.895419
-6.923347
-6.928777
-6.942962
-6.950701
-10.534429
-6.958329
-6.951934
-7.356343
-6.949752
-6.944283
-6.918096
-6.915115
-7.397118
-6.878767
-6.878207
-10.400280
-6.833200
-6.813328
-10.951533
-6.765423
-6.741469
-8.430744
-6.688319
-6.661103
-6.638689
-6.595932
-6.564119
-6.538850
-6.504191
-8.411887
-6.435639
-6.408298
-10.503392
-6.340253
-6.300104
350.351837
353.770538
-6.200532
-6.154856
-6.114678
-6.065471
-9.362408
-6.000855
-9.760330
-6.061961
-5.880328
-6.687522
-5.806866
-5.768207
-5.734214
-5.685493
-5.639182
-5.607800
-5.548480
-5.516884
-8.129497
-5.444528
-5.395974
-5.366189
-5.309820
-7.377537
-5.227011
-5.175068
-5.156145
-5.078034
-5.047439
-4.996822
-3.577513
-3.500183
88.029007
-1.807492
-2.294206
-2.741678
-3.144709
-3.511252
-3.855947
-4.166670
-5.461500
-4.721842
-4.958587
-10.910196
-5.373335
-5.553772
-8.281338
-5.861391
-5.994313
-6.133232
-6.223628
-6.319171
-6.410475
-6.493834
-8.303105
-6.622316
-6.671182
-11.174481
-6.765951
-6.807424
-10.701329
-6.861825
-6.877131
-7.522365
-6.916244
-6.936774
-6.946521
-6.952876
-6.951185
-6.940220
-6.956456
-8.123363
-6.936613
-6.927344
-6.909494
-6.889636
-6.874921
-6.874813
-6.840147
-6.827060
-6.809475
-6.781046
-6.761399
-7.763894
-6.708867
-9.610984
-6.662127
-6.623075
-6.676842
-6.569146
-6.547142
-6.508180
-6.476703
-6.436814
-6.406508
-6.369707
-6.339242
-6.749762
353.733612
353.775726
-6.193224
-6.152970
-6.937675
-6.078448
-6.038688
-6.002412
-5.968345
-5.923964
-9.129530
-5.850141
-5.807343
-5.784039
-5.728025
-5.691162
-5.651517
-5.606782
-6.970054
-5.521453
-5.476638
-9.435591
-5.402060
-5.347276
-9.008614
-5.268375
-5.229285
-5.895298
-5.141822
-5.090343
-5.040157
-5.002645
-3.577124
-3.493507
-1.194636
-11.114951
-2.302184
-2.738563
-12.166877
-3.502182
-3.856773
-8.199473
-4.459498
-4.722901
-5.020912
-5.175153
-5.375705
-5.552563
-5.711089
-9.557780
-6.093890
-6.130038
-6.429224
-6.326101
-6.411166
-6.486384
-6.551522
-6.622181
-6.673969
-6.725323
-6.768142
-9.668326
-6.833979
-6.865695
-6.882720
-6.912445
-7.917020
-6.941924
-6.950633
-6.954187
-6.959764
-6.944172
-6.962768
-6.951767
-6.937003
-8.574240
-6.901585
-6.897477
-6.883719
-6.877832
-9.546158
-6.831035
-6.817282
-6.874804
-6.770184
-6.745089
-6.719290
-6.687868
-6.661404
-7.591377
-6.602748
-6.575389
-6.549259
-6.509123
-6.476143
-6.443057
-6.409322
-9.185207
-6.343846
-6.306469
349.585205
353.778992
-6.198388
-8.773496
-6.125825
-6.087204
-6.125896
-6.012234
-5.981541
-5.926519
-5.889439
-6.922836
-5.810172
-5.774395
-9.697773
-5.694359
-5.651100
-9.507545
-5.552236
-5.519896
-6.511070
-5.442704
-5.414832
-5.355445
-5.318406
-5.283244
-6.088127
-5.189378
-6.824555
-5.088996
-5.047185
-5.005404
-3.577670
-3.492349
-1.205687
-1.806372
-2.302307
-2.738563
-3.147305
-3.513137
-4.523481
-4.165960
-9.293319
-4.721631
-4.961749
-5.458237
-5.374883
-5.561354
-5.712315
-5.863617
-6.004422
-9.940534
-6.233063
-6.327916
-6.531388
-6.490515
-6.554718
-6.626256
-6.674333
-8.369000
-6.777517
-6.810168
-11.275468
-6.871923
-6.887732
-10.122142
-6.925813
-6.945606
-7.159128
-6.964532
-6.964115
-6.954345
-6.966141
-7.704310
-6.945861
-6.935869
-10.744967
-6.903774
-6.884975
-11.001401
-6.851586
-6.829956
-8.263445
-6.793381
-6.767800
-6.750129
-6.712624
-6.690491
-6.671239
-6.640095
-8.770623
-6.656313
-6.547483
-6.516787
-6.484503
-6.448084
-6.414595
-6.373341
-6.346223
-6.308710
353.724976
353.762604
-8.568477
-6.157437
-9.803144
-6.093392
-6.045846
-6.659708
-5.980121
-5.930945
-5.889234
-5.851234
-5.821578
-5.774327
-5.730757
-5.695261
-7.298460
-5.608941
-5.557578
-5.528803
-5.482382
-7.257430
-5.410535
-5.353226
-5.325755
-5.272746
-5.232338
-5.174009
-5.155373
-5.108087
-6.007913
-4.997720
-3.580897
-3.493599
-1.204731
-3.189117
-2.303290
-2.732922
-10.809356
-3.507509
-3.855803
-11.188418
-4.461977
-4.725380
-7.583360
-5.180733
-5.375009
-5.562853
-5.720624
-5.872360
-6.007472
-6.131995
-8.438931
-6.331027
-6.418362
-11.140330
-6.558493
-6.630892
-10.484390
-6.729936
-6.775634
-7.304219
-6.843513
-6.869217
-6.883253
-6.915738
-6.921370
-6.949963
-6.953116
-7.911790
-6.955249
-6.956763
-6.961599
-6.958932
-6.950383
-6.932836
-6.917307
-6.911622
-6.890330
-6.888357
-6.849046
-7.402538
-6.829733
-9.152973
-6.788666
-6.760136
-6.759097
-6.711473
-6.683315
-6.654138
-6.618785
-6.593830
-9.814295
-6.518138
-6.485869
-6.541166
-6.419854
-6.383586
-6.351633
-6.321181
353.033478
353.758392
-6.211229
-6.165934
-6.129827
-6.088311
-8.632206
-6.017698
-5.987948
-5.943908
-5.903126
-5.851862
-5.819051
-5.778889
-7.305786
-5.691517
-5.665492
-9.675096
-5.558055
-5.531685
-9.041982
-5.459246
-5.415365
-5.925841
-5.331670
-5.286338
-5.234162
-5.186884
-5.153140
-5.100389
-5.057574
-6.083334
-3.660694
-3.499733
-1.209143
-1.811959
-2.295012
-2.741227
-3.148650
-3.509989
-3.859997
-4.171608
-4.456690
-8.317876
-4.957973
-9.033840
-5.381020
-5.549596
-5.847672
-5.857320
