622.915588
616.568787
613.280579
607.951233
604.176147
600.569824
597.066284
593.849915
593.814026
586.573914
583.471619
580.423340
577.605957
583.943298
572.230530
569.907715
567.579163
565.036133
562.842163
564.524719
558.608154
556.523010
554.776794
552.685974
550.925476
549.169373
547.485229
546.867432
544.232788
542.667297
540.906189
539.236206
537.661743
536.223877
534.966919
533.662781
532.619324
531.348145
530.145813
529.051025
527.790710
526.862732
525.450562
524.754456
523.807922
522.810486
521.891235
520.846069
520.012512
519.112915
517.903625
517.386230
516.488770
515.103271
514.872314
513.447327
512.644836
511.976593
511.309326
510.574463
509.870239
509.263550
508.606598
507.879669
506.232422
506.715576
504.730255
505.567200
505.129761
504.457031
503.810120
503.150940
502.689514
502.108826
501.589813
500.684937
499.959747
499.280609
498.897430
498.439728
496.777832
496.957825
497.200287
496.630585
496.132904
495.808044
495.296539
494.825378
494.500061
494.013580
493.825867
493.388092
493.019775
492.504547
491.517883
489.527649
491.386078
490.985565
489.780518
489.167389
622.443604
616.446655
611.584351
607.696045
603.867188
600.333191
596.955933
593.424744
593.851685
586.994690
583.912109
581.045349
582.246765
575.464111
572.796265
570.158447
567.879333
565.527832
563.186340
564.726318
558.906616
556.760925
554.392517
552.427673
550.464600
548.649292
548.345276
545.393250
543.902405
542.364136
540.686707
539.362610
537.949585
537.155029
535.320801
534.021362
532.862244
531.606873
530.394836
529.471130
528.367065
527.036621
525.945740
525.189575
523.952637
522.779724
521.530334
520.476807
519.570679
518.718262
517.904663
517.073303
516.342163
515.416931
514.629272
513.889771
513.145325
512.177979
511.682800
510.967407
510.221252
509.695740
508.922821
508.312836
507.823151
507.025696
506.324036
505.523468
504.893219
503.875244
503.372498
501.217651
500.891602
501.762634
501.293457
500.715881
500.186798
499.688080
498.841675
498.782867
498.377075
497.713135
497.382721
496.616272
496.565308
496.260010
494.475128
495.110168
493.655426
493.903168
493.258698
492.879730
492.501617
492.062286
491.712524
490.965546
490.983795
490.423035
489.573334
489.045471
506.347656
616.520264
769.919250
608.033203
604.321045
602.025330
597.220703
593.982727
590.728882
587.483826
584.316650
580.929626
578.028625
575.191711
573.242432
570.048523
567.733948
565.304138
563.209717
561.885803
558.798645
556.659302
554.723145
552.867920
551.036011
550.858154
547.582947
545.929504
544.334961
542.773132
541.178284
539.755615
538.047241
536.859741
535.042969
533.728394
532.361694
531.587158
530.324219
529.582642
528.152710
527.099426
526.134033
525.185059
524.156860
523.297668
522.176697
521.408569
520.482300
519.504211
517.370361
517.683167
516.727478
514.164368
514.756042
513.889771
512.817383
512.329346
511.655182
510.937134
510.270447
509.648102
508.958466
508.311249
506.950928
507.072083
506.425415
505.733124
505.226959
504.496124
504.284424
503.347626
502.541229
502.144592
501.414246
500.710114
499.570251
499.528198
497.133850
498.452911
498.095917
497.514313
497.072052
496.660736
496.122101
495.780273
495.696320
494.974762
494.508728
493.964752
493.733673
493.573914
493.114807
492.048889
492.227844
491.182190
491.652252
491.211975
490.027740
489.272614
622.182373
882.259521
611.365417
607.468750
604.328674
600.258911
596.880371
593.485168
590.412903
597.468018
584.198730
581.265198
591.631409
575.694519
573.027466
577.815247
568.062988
565.669067
564.115662
560.822327
558.411377
556.220093
554.232727
552.369080
550.560974
548.922363
548.419250
545.408386
543.846558
543.117004
540.756287
539.484741
538.639893
536.716003
535.446899
534.191650
532.873840
531.711060
530.726929
529.413818
528.211365
527.018311
525.614075
524.543091
523.478333
522.498657
521.684998
520.822144
519.952576
519.116760
518.187622
517.435242
516.777405
515.893860
514.794800
514.459839
513.629395
512.888672
512.123779
511.222809
510.687866
510.035889
509.053101
508.168304
507.359924
506.624786
505.895935
505.386200
504.871246
504.289551
503.699646
502.303925
502.576904
501.936829
501.518677
500.999237
500.429504
498.378571
499.976685
499.009552
498.365112
497.959564
497.516754
496.817230
496.643738
495.745789
495.228363
494.558228
491.241974
493.735077
493.390289
490.032745
492.516479
492.125702
491.271210
491.478180
491.125549
490.685150
489.400696
489.616058
622.452515
616.479553
770.873474
607.948914
604.187744
670.217468
597.277649
593.910400
609.897278
587.387146
584.071838
580.884033
577.990051
575.220581
577.718933
570.305664
573.744385
565.434265
563.244446
561.528137
559.064941
556.820374
554.887634
553.079773
551.289978
549.565674
547.816650
546.108887
545.092468
542.916992
541.252075
539.699646
538.124451
536.888367
535.048157
533.792603
532.543518
531.443726
530.171997
529.394043
527.933960
526.680786
525.826721
524.835693
523.859924
522.843445
522.270996
520.608582
520.145691
519.272583
517.015076
517.442200
516.571289
515.087830
514.915588
514.010193
512.953430
512.093140
511.393555
510.581818
509.833069
509.355865
508.765533
508.095367
505.706757
506.859436
506.299286
503.560822
505.133850
504.615234
503.441925
503.488403
502.825684
502.416260
501.840027
501.340149
500.742065
500.170288
498.054688
498.689178
498.084717
494.830078
496.995575
496.611847
496.140594
495.879883
495.588104
495.023071
494.196350
493.985321
492.388611
493.271301
492.962311
492.738434
492.094696
491.423157
491.375122
490.971832
489.694031
489.306122
622.724121
616.129211
611.262146
607.166931
630.383240
599.922729
596.637573
593.762390
590.100769
598.654053
583.957397
581.043579
578.205322
575.530762
572.970215
570.488159
568.036072
565.682007
564.184875
561.336975
559.139465
557.024536
555.104004
553.226563
551.041992
549.103149
548.572693
545.542419
544.064270
543.469666
540.912903
539.617554
538.562195
536.898071
535.486877
534.168335
532.908020
531.733154
530.403442
529.475220
527.617371
527.183472
525.907410
524.192383
523.642456
522.512756
521.102783
520.269043
519.500671
518.661682
517.821411
516.978149
516.169678
515.375000
514.005859
513.731506
513.155579
512.275879
511.606445
510.845001
510.206543
509.635498
508.920746
508.292908
507.578522
506.965942
505.424530
505.507477
504.972626
504.034668
503.258972
502.426117
502.377167
501.881561
501.411102
500.450562
500.301971
499.801300
499.448029
498.981812
497.890137
498.120483
497.527130
497.208374
496.703918
494.553314
495.910675
495.440857
494.792053
494.131500
493.579254
493.025116
492.705322
492.048431
491.509888
491.444916
491.126892
490.688141
489.587830
488.984528
622.024536
616.031738
799.674988
607.637207
604.050476
669.703125
597.183105
593.784180
605.478699
587.234619
583.857971
580.707092
577.737488
575.044067
572.444763
569.705566
571.489563
565.094482
562.867554
565.032349
558.523621
556.514648
557.224609
552.761780
551.005127
549.673157
547.636841
546.042847
544.405823
542.926941
541.290527
540.083862
538.562073
537.275574
535.324951
533.977966
532.687683
531.521423
530.306091
529.363770
528.193359
527.323303
525.636353
525.036377
523.990784
523.073853
522.219543
520.934082
520.349060
519.378662
518.421143
517.501343
516.442932
515.462036
514.417480
513.601318
512.483643
512.050842
511.463593
510.649658
509.776947
509.368774
508.856384
508.097015
507.458008
506.971039
506.490570
503.786285
505.254211
504.635529
503.568024
503.587708
502.948700
502.159729
501.444946
500.664246
500.066650
499.579987
497.398682
498.744324
498.330078
495.197266
497.404999
497.004883
494.568604
495.317322
494.027802
493.402863
492.428314
491.558807
491.334198
490.362274
489.453461
489.703491
489.036072
485.271759
487.676758
486.958160
482.246277
484.861694
614.774231
608.487061
603.299011
598.727783
594.415894
590.239441
586.013123
586.384460
577.866272
586.566711
569.652466
565.327515
561.066345
557.140381
553.513733
549.968140
546.525940
543.285339
544.405090
536.954529
534.034912
531.195496
528.354126
528.152771
523.844727
521.738342
519.735901
517.454773
515.345215
513.296326
511.253357
510.024170
509.173431
507.599396
506.583771
505.681641
505.054443
504.289520
503.851410
503.741608
503.423889
503.861725
504.322357
503.578613
504.458832
504.735718
504.663391
505.305023
505.956482
506.557983
506.732300
507.119598
507.353302
507.399414
507.036469
507.249207
507.408997
504.951965
505.598877
504.926971
502.606232
503.865601
502.827057
501.906464
501.268250
500.706238
500.355621
500.065765
499.889313
499.494446
498.718536
498.182983
498.271851
497.438904
496.779785
496.481934
495.109589
494.622345
493.647614
492.679779
491.623230
490.481171
489.036713
487.727478
486.932983
483.813416
484.053314
482.345215
480.540314
478.515839
476.889893
474.940704
473.245941
471.438477
467.245819
468.027863
466.806854
465.563751
463.775787
462.598389
589.018738
583.886047
605.153564
576.777100
574.025208
571.765930
569.615845
567.695557
585.969177
563.977661
562.492432
561.103943
559.729309
558.540222
557.127075
555.621155
558.181091
553.047363
552.041809
554.980286
549.394287
547.838318
549.033386
544.821289
543.480896
542.455322
540.472595
538.892822
537.419250
535.995728
534.389099
532.711548
531.033203
529.977234
528.341248
527.183716
526.028015
525.036499
523.874878
522.735352
521.514099
520.427917
519.443420
518.145508
516.629272
514.952148
513.684570
511.925629
510.309479
508.295441
506.278564
504.748138
502.754913
500.890015
499.233124
497.794220
496.239136
494.625946
492.883575
490.583954
488.855957
485.382568
484.801941
483.086670
481.494873
479.917664
478.680420
477.659302
476.925903
476.330750
476.102264
475.892914
476.144043
476.501923
477.394989
477.996704
478.622101
479.047821
478.960358
480.568939
481.538361
482.309998
483.108124
483.791229
482.240326
484.478455
484.561737
484.850952
485.281281
485.617493
485.479706
485.949646
485.816925
485.739258
485.510590
481.816467
484.571045
483.958679
479.318726
482.879303
612.470764
699.399597
602.397400
598.286865
594.486145
590.691895
586.616028
582.705017
578.786438
590.281128
571.096863
567.339355
576.633606
559.790100
556.083435
557.669067
548.636597
545.177551
542.165039
538.842529
535.625305
534.184265
528.770020
527.829102
523.126831
520.788025
518.617249
516.341736
514.638245
512.987183
511.178619
510.310150
509.499573
508.961029
508.607666
508.667938
508.256927
508.209442
507.916229
507.715973
507.794861
507.560913
507.931793
507.875244
507.820923
507.920624
507.893188
507.593567
507.565460
507.645874
507.344849
507.162109
506.844482
506.447021
505.560364
505.549164
504.570160
503.761841
502.902191
502.279114
500.388489
500.821350
500.133850
499.386200
498.743286
497.880157
497.190094
496.448029
495.735443
495.255707
494.895782
491.640747
492.880920
492.017151
488.660339
490.148865
488.650940
487.973816
486.270355
484.531799
482.737823
481.044556
479.243896
477.387451
475.159027
472.487823
472.197693
470.549744
469.179260
467.980164
466.778839
465.495239
465.404083
464.746460
464.565613
464.400665
464.655548
463.573975
465.064789
463.492340
594.858765
590.010681
596.838501
584.546753
582.156128
580.085388
577.963074
575.762085
573.865723
571.492188
569.263245
572.438293
564.782715
562.832458
560.814514
559.112671
559.406982
555.057251
553.096863
550.957275
548.972412
546.851563
545.066833
543.139282
541.303589
540.043335
537.765808
535.983032
534.270752
532.637817
531.793335
529.643677
528.158447
526.692200
525.425049
524.319885
523.066772
521.473328
519.514587
518.652771
516.903625
515.506897
514.478577
512.958679
510.948608
509.294312
507.509705
504.627960
504.227142
502.714783
499.615753
499.151306
497.079712
494.780426
493.773041
491.827667
490.489197
489.002228
487.563141
486.090942
484.976990
482.803772
483.238251
482.870361
480.661896
482.408203
482.625397
482.951630
483.452393
483.967926
484.462616
484.926819
485.408752
484.250122
485.929169
483.839172
485.976501
486.036346
485.193207
486.288513
486.809662
486.626770
486.736816
486.924042
487.145966
487.021667
486.831268
486.382324
486.743408
486.182556
485.847046
485.728973
483.958801
484.136871
483.642426
483.214661
482.906494
482.706238
481.798706
481.357910
611.004944
649.264221
600.672791
596.930298
593.448303
589.686157
621.382813
582.358948
578.632874
597.811768
570.646057
566.746155
575.137634
559.108643
555.373901
553.322754
548.090759
544.316772
540.800110
537.539856
534.575623
531.847229
528.990967
528.710632
524.578796
522.873840
522.956848
520.398071
519.494751
519.683594
518.116333
517.648499
517.078186
516.606628
516.217468
515.693298
515.290894
515.264160
514.772583
514.622498
513.810364
514.574036
514.257385
514.219299
513.781372
513.393982
512.878174
512.207764
511.458557
510.647736
510.093353
508.309021
508.433594
507.436920
506.620209
505.795776
504.952179
504.406830
503.744354
502.896912
501.747009
501.446289
500.554230
499.521057
498.976501
497.940338
497.137115
496.244598
495.039368
494.431152
493.219269
492.331482
491.304932
490.219116
489.377777
487.753235
485.762848
484.232666
482.847748
481.235931
479.302948
477.665253
473.936401
473.167175
471.208832
469.667847
468.402374
467.361206
464.067780
466.197540
466.473785
466.433960
467.163727
468.390472
469.128876
470.048676
471.453613
472.537384
472.665924
470.948517
600.084961
596.295044
821.394348
590.681458
588.385071
619.287964
583.810181
580.838989
578.621399
576.056152
573.489380
570.923706
568.274048
571.225708
562.885315
560.558594
564.631897
555.647949
553.581909
551.460571
549.357727
547.338074
545.423157
543.471497
541.756470
541.632080
538.149292
537.676270
534.448181
532.614197
530.728333
528.935669
527.096130
525.208435
523.432861
521.462402
519.159180
516.957153
514.772522
513.158752
511.036713
509.114136
507.276978
504.809662
501.981323
499.575531
497.285583
494.926056
493.170563
491.561798
489.937378
488.738647
487.608521
487.039337
486.709198
486.323029
486.525452
486.286530
485.949371
487.008423
487.504333
487.558380
488.470459
489.052704
487.865417
489.809601
490.052704
490.230896
490.921173
491.452576
491.959015
492.114685
492.213501
491.932129
491.646515
489.130219
490.911652
490.681274
488.138855
490.573456
490.151184
488.782104
489.428528
488.773956
488.299469
488.109528
487.927673
487.860748
487.335846
484.753540
485.877686
485.025177
481.154144
483.730133
483.115173
480.340637
481.880707
481.288605
480.124207
479.590576
606.162476
859.365967
595.214172
702.907471
586.647217
580.896118
580.282715
572.362671
568.203674
564.086060
560.274902
556.138916
552.144653
548.076721
543.942932
544.449341
537.124146
534.466309
532.267395
530.217407
529.455261
527.070435
526.011108
525.243469
524.813843
524.521301
524.264343
524.010742
523.904541
524.296387
523.434448
523.342102
522.955078
522.546326
522.489197
521.543518
521.031006
520.405579
519.699707
518.762268
517.476929
516.837402
516.034729
515.672791
514.784668
513.783447
513.000183
511.994049
511.635498
510.203857
509.382141
507.341248
507.836487
507.210205
505.100769
506.010956
504.981171
503.766357
503.248352
502.644348
501.590057
500.809845
499.655457
498.870331
498.208099
495.933472
496.407104
495.503662
492.364136
493.701141
492.379761
490.027832
489.587311
487.899933
486.512909
484.799438
482.820648
479.466217
479.480438
474.972900
475.088715
473.324860
471.905853
470.909027
469.824280
468.887817
468.626892
468.199860
468.212891
468.515930
469.379150
469.107452
470.742065
471.282318
472.055756
472.930389
473.478424
474.726898
475.062164
475.784363
601.764893
597.339783
594.501953
591.834900
589.715698
598.224670
585.179443
582.774841
579.670410
576.640930
585.610779
570.947021
568.029358
565.723328
563.123657
560.847717
564.550964
556.380127
553.974182
552.226379
549.809082
547.431091
545.335938
542.891052
542.005249
538.271118
536.197998
535.403259
532.113953
529.700439
528.033875
525.037598
522.669861
520.510132
517.681702
515.330811
513.103638
511.023010
508.200409
506.172485
503.587585
501.648193
499.028137
497.272827
495.626984
494.460144
493.397156
493.022980
492.802185
492.815277
492.894348
492.943390
492.759430
491.938202
492.523712
491.891785
492.894928
493.211761
493.359253
493.815948
494.044342
494.741577
495.402161
495.841217
496.588593
496.814789
496.766571
495.935181
496.205811
496.125671
495.503967
494.995880
493.940643
493.947510
493.619537
493.353394
493.168243
493.050903
492.678284
492.090027
491.612823
490.523865
489.862274
489.159637
488.399780
487.886749
486.259735
486.974792
485.889069
484.909943
484.056366
483.192902
479.328400
481.077332
479.107269
477.331055
475.655243
473.980682
470.938171
469.664734
401.292450
585.851685
581.167175
696.531128
572.726135
568.662170
613.080933
561.296143
558.042419
563.581665
552.258484
550.163147
548.734192
547.002380
545.686096
544.518311
543.331177
545.906982
540.987976
540.192749
542.779480
537.911011
536.866760
537.682068
534.662292
533.971191
533.377625
532.693420
531.986389
531.749817
529.728577
529.465820
527.949463
527.274963
526.261475
524.859924
523.646179
521.882446
521.169495
519.813843
518.450012
517.253479
515.826660
514.509155
513.081299
511.935089
510.916870
509.476074
508.358765
507.018341
505.642670
504.279236
502.759979
501.246307
499.583191
497.308990
495.248535
493.007721
491.003723
488.710052
486.958344
485.044739
482.562378
481.273926
479.821167
478.513977
477.530304
476.693817
474.547089
476.193939
476.265015
476.590271
476.782623
476.800690
477.563568
478.178894
478.667023
479.560791
480.074432
478.917267
482.363251
483.520691
481.464478
484.837830
485.323364
484.750000
485.565643
485.696625
485.605957
485.347168
485.401367
485.342834
485.094086
482.225159
483.666260
483.362091
479.501404
482.180634
481.126434
479.074341
606.809509
601.278809
599.352600
592.929077
589.181824
628.572632
581.549194
607.459351
574.476990
570.757141
568.385742
563.363708
559.538269
555.639221
551.922607
548.390198
544.433533
540.735229
536.971802
535.309814
528.886414
525.471863
522.526733
520.016602
517.990356
515.409119
513.274719
511.323517
510.079956
509.010223
507.940582
507.360504
506.777771
506.824432
506.388672
506.394806
506.442108
506.613464
506.532349
506.763519
506.506439
506.349152
506.452911
506.898987
506.653198
507.764130
508.370636
508.173615
508.221771
508.252838
508.050171
508.066376
508.326202
507.028503
505.899811
503.410553
504.294098
503.658722
501.211487
502.114624
500.716095
499.299072
498.351196
497.399078
496.436157
495.330322
494.110291
492.235229
490.467865
487.898010
486.805176
485.013550
481.034729
481.399170
479.538605
476.306793
475.625946
474.199554
472.228394
470.489197
468.840637
465.665192
465.880707
463.261810
464.391632
464.418671
464.253662
464.607544
464.714417
465.303070
466.417053
467.900024
468.999329
470.096283
471.062775
471.048431
473.106018
473.550171
473.357727
473.988770
536.401917
596.899780
593.747620
591.188660
588.027283
584.909302
582.196594
579.790710
576.677612
578.840271
570.463379
567.166687
563.667847
559.915161
562.251282
553.737244
550.932129
548.039063
545.082397
542.446777
543.158936
537.027893
534.357544
531.755554
527.882813
524.708801
521.462524
518.553589
517.159180
513.089966
510.347015
508.468292
505.928375
503.806335
501.684570
499.932220
498.215057
497.050659
495.731537
494.956116
494.384888
494.209534
493.800812
493.733368
493.634857
493.284332
493.918945
494.027435
492.968140
494.450500
494.405548
493.972961
495.071075
496.045532
496.142609
497.213226
497.835754
497.565918
498.885101
497.690765
499.292145
499.746185
499.466644
499.004822
498.168793
497.555176
496.926117
496.401642
495.715668
495.236847
494.078857
492.787415
492.813660
492.128937
491.276001
490.665924
488.746338
488.048523
486.987671
485.704071
484.737885
483.435577
481.776123
480.738861
479.104248
477.265228
476.193237
474.226410
471.700745
469.577606
466.088867
465.885620
464.510742
462.871918
461.753845
460.823059
460.251221
460.335449
459.446625
459.915039
585.072144
581.275757
578.006042
575.277466
573.246399
571.026123
569.185059
597.122070
565.217468
563.424194
580.825745
560.138611
558.721680
563.894043
556.082031
554.435669
553.210876
551.481323
549.968811
548.399780
546.999695
547.140869
543.486938
541.764282
541.878479
538.055359
536.580505
535.134033
534.270447
532.218506
530.269348
528.532898
526.906799
525.526367
523.416260
521.773438
520.283447
518.428284
516.682617
514.708923
512.480103
510.324310
507.583008
505.298370
502.699036
500.857635
498.817627
496.396881
494.529572
492.150665
489.768250
487.991364
486.088165
484.711609
483.201965
482.274933
481.430481
480.452240
479.872742
479.136871
478.786743
478.615753
479.046448
478.993713
479.254822
479.434265
478.654388
480.585388
481.406250
479.627472
482.890045
483.598755
482.296600
485.255096
485.474396
485.434753
486.408203
486.937622
486.758362
487.433136
487.609436
488.052795
487.866577
486.052979
487.173584
486.645142
483.263245
485.934937
485.742004
483.178925
484.695282
484.332397
484.157684
483.870178
483.584076
483.023285
482.711456
481.393738
480.798950
480.487183
687.892761
603.806702
599.893738
596.005432
592.370483
589.203003
586.179993
583.478455
580.935059
597.199097
575.391785
572.812744
570.617371
567.873962
568.520325
562.680847
560.300049
557.701233
555.335388
552.840210
550.754578
548.606628
546.762268
546.504272
542.878723
541.280518
539.878479
538.659790
538.448181
536.254761
535.224548
534.504395
533.216431
532.147156
530.960815
529.736206
528.496216
527.632874
525.708923
525.027039
524.339172
523.302368
522.672729
521.885681
520.999329
518.775269
518.500793
517.429077
515.188843
515.480713
514.677917
513.742371
513.153870
512.314697
511.545471
510.769714
510.390839
509.617004
508.941925
507.244598
506.944733
506.118103
503.589722
504.734680
504.258514
502.213165
503.005859
502.308228
501.724976
501.046204
500.634827
499.980896
499.307098
498.955200
498.285797
497.362976
496.598785
496.749023
495.893219
495.696289
495.246735
494.755951
494.387543
494.197327
493.644806
491.153229
493.133209
492.722168
492.221252
491.825012
490.278595
490.742096
490.391846
490.227142
489.729004
489.468933
489.201019
488.666107
487.986328
485.574188
619.027161
613.808838
609.768738
605.732544
674.488953
598.012207
594.517761
593.477295
587.864197
584.718811
581.702942
578.629822
575.844727
577.378479
570.677979
567.883301
565.604004
563.129639
560.877808
558.341248
556.119812
556.150269
551.785339
549.968872
549.955139
546.355286
544.732300
544.222168
541.480835
539.851807
538.383423
537.077271
535.569092
534.172546
532.750366
531.725952
529.601013
528.482849
526.554443
526.175415
525.064453
523.497864
522.747009
521.865295
520.939026
519.598816
518.804199
517.900513
516.954834
516.117981
514.856506
513.858215
512.538086
512.139038
511.299164
510.541809
509.713379
509.076569
508.279999
507.255890
506.824493
504.891235
505.726837
505.051056
504.419647
503.795563
502.205597
502.211517
501.295380
500.665802
500.088074
499.185852
498.941467
498.561737
498.017303
496.200226
497.069458
496.545349
495.448730
495.427551
494.954285
494.439148
494.094879
493.654816
493.067108
492.457306
491.752045
491.351898
490.847412
489.446777
490.497772
489.645355
489.157898
488.839355
488.532806
488.145874
487.846985
485.854553
486.672424
486.277435
128.429459
612.643372
608.263550
709.136536
600.342224
596.679260
596.136719
589.913086
586.883118
583.728882
580.670288
582.511353
574.923889
572.254822
578.026855
567.110962
564.543396
567.807495
559.885681
557.169067
556.467163
552.723694
550.746460
549.104492
547.053040
545.351807
544.192444
541.811340
541.085876
538.764648
537.255737
535.771667
534.295166
532.965881
531.540710
530.072327
528.488037
527.164001
525.918579
524.547180
523.825500
522.739136
521.553894
520.793579
519.371033
518.563660
517.711609
516.544373
515.663330
514.762756
513.688904
512.461792
511.955170
510.814667
509.965149
509.263855
508.563446
507.799652
507.126801
506.350555
505.951477
505.342621
504.644135
504.051941
503.564484
502.302917
502.605743
502.235260
501.578033
500.856262
500.366425
499.348877
499.151276
497.158112
498.133820
497.672913
494.663025
496.620209
496.409851
494.752075
495.579651
495.231720
494.509216
494.016235
493.236450
492.811523
492.137054
491.380829
491.206207
490.738831
487.667084
491.019135
489.583496
486.130127
488.663269
488.339386
487.362701
487.652588
486.438721
485.799927
616.571777
611.148743
644.819336
603.418884
636.233643
596.458557
593.057617
589.906372
586.642151
583.509705
580.533875
577.569763
574.846069
581.864380
569.128052
566.293640
563.782288
560.576782
561.848755
556.079590
553.920227
551.598267
549.586914
547.627319
545.834900
544.161377
542.527161
541.976807
539.167480
537.638672
536.193298
535.026428
533.817078
532.403564
531.159729
530.117554
528.691467
527.608093
526.731506
525.563721
524.531067
523.490662
522.466858
521.467590
520.512695
519.546753
518.578369
517.399231
516.269226
514.857361
514.211121
513.392944
511.248535
511.915833
511.041595
509.359985
509.681366
508.876465
508.204803
507.546112
506.802338
506.417786
505.438232
504.841309
504.020386
503.090576
500.339203
501.790802
501.350159
498.545898
500.100647
499.647217
498.689362
498.491730
497.946838
497.332977
496.925018
496.435883
495.728943
495.503326
494.346436
494.193268
493.510071
492.966400
492.504333
491.964966
491.715942
491.320099
490.747772
487.927185
489.868835
489.530731
489.042542
488.514404
486.473114
487.960297
487.487854
487.027954
485.974060
485.429413
616.427429
610.450439
606.395142
688.863403
599.134705
595.783630
592.693176
589.050415
585.898438
582.651550
579.748169
579.790100
574.221497
571.519165
569.000977
566.197510
563.762695
564.203186
558.490662
556.129028
553.996521
551.969849
550.031860
548.193848
546.355042
546.122498
543.056702
541.410217
540.955017
538.379089
536.796326
535.970093
533.955627
532.436584
530.814026
529.144897
527.674133
526.435669
525.309326
524.832397
523.166443
522.196106
520.426819
520.064453
519.071289
517.133972
517.261536
516.208862
515.392944
514.423645
513.461121
512.631348
511.542694
510.716217
509.589935
508.899902
507.831268
507.572327
506.765839
505.910889
504.975952
504.728424
503.971069
503.398102
502.757324
500.423737
501.563599
501.055847
500.278473
499.673553
497.519348
497.917267
497.311035
496.834595
496.437653
495.982574
495.458221
494.971130
494.376892
492.264099
493.418579
493.026123
492.549744
492.020264
491.721619
491.253998
490.329285
489.689270
489.273773
488.854584
488.806458
488.134033
487.898712
486.113007
487.038330
486.778992
486.313538
485.799896
484.851654
484.436554
615.637329
827.682434
605.992920
602.019470
693.836975
594.573181
591.156738
619.010071
584.845093
581.670593
580.295776
575.986938
573.223328
570.563171
567.596313
568.534729
562.965393
560.481140
562.624146
555.681335
553.399353
554.562805
549.420105
547.417725
546.697876
543.989136
542.210449
540.587891
539.044128
537.544800
536.378540
534.692810
533.922729
532.004761
530.539307
529.033569
527.498596
526.188232
524.879395
523.904114
522.804932
521.813843
520.668335
519.543579
518.432495
517.474731
516.098755
515.470032
514.665955
513.925354
512.871887
511.897980
510.906158
509.956299
508.784454
507.293793
507.404877
506.671387
505.979645
505.390717
504.925262
504.138428
503.823608
503.071960
502.822968
502.389862
501.918854
501.320160
500.741730
499.496399
499.872925
498.840302
498.081238
497.488007
496.992096
495.883026
495.885101
493.966125
495.020538
494.613678
491.544556
493.617950
493.322937
490.745361
492.328888
491.957794
491.262726
490.948669
490.156952
489.574432
489.154297
488.098816
488.405457
487.919189
484.428009
487.256531
486.817383
483.216309
485.325500
485.177032
465.238983
610.756897
606.985046
602.860291
599.026794
595.366882
606.102722
588.845703
598.659241
582.634460
579.609924
576.643982
573.982605
571.272156
568.598938
566.432434
563.805969
561.473206
559.095886
556.738892
554.833984
552.128052
552.429749
548.238953
546.562622
544.903198
543.140503
541.458801
539.999634
538.346741
536.815063
536.306335
534.142395
532.863770
531.436340
529.908936
528.396484
527.119263
525.976807
524.963440
523.764465
522.877136
521.517639
520.582947
519.648438
518.646790
517.726318
516.807678
515.962769
515.114929
514.035706
513.605957
512.672424
510.604034
509.824432
509.042847
506.704285
507.530060
506.999664
505.293762
505.787628
505.220337
504.596619
503.944550
503.357178
502.738068
502.321686
501.494965
501.008484
500.200562
497.043427
498.255859
497.978882
495.107452
496.862152
495.882263
494.927155
494.615753
492.829254
491.391998
490.298035
489.223969
488.023438
487.613678
485.833313
484.902527
483.969727
482.126740
480.010162
477.727112
476.079559
473.406372
471.198425
466.359222
466.929504
465.632813
463.922516
462.675262
459.572723
460.436493
584.118042
585.011841
576.938293
574.385010
571.949585
569.795898
567.851318
590.984009
564.347168
563.147339
562.467773
561.646545
560.895020
559.874817
558.755310
559.632324
556.604065
554.926514
553.404419
551.468140
550.014282
549.772949
545.975220
544.003052
542.086487
540.423462
539.108093
536.491577
534.494812
533.303528
531.280029
529.549438
527.544250
525.330872
523.439880
521.684875
519.402710
517.091125
514.648804
512.246582
510.128510
507.749207
505.186615
503.252106
499.984985
497.500153
494.111786
492.884247
490.963013
488.241638
487.522858
485.947052
484.572540
483.135132
482.201233
481.797058
481.776764
481.828125
482.301636
483.221802
484.021576
485.186157
486.366455
487.509186
488.824371
489.698151
490.278351
490.527893
490.271973
489.323212
491.641571
491.309875
491.517609
491.727325
490.558838
491.477814
490.834229
490.490479
490.325928
489.638824
489.264893
488.561554
487.650665
485.950989
486.852448
486.929779
486.109741
485.446625
482.310272
484.051331
483.082520
481.771545
481.108826
480.144897
478.652954
477.453583
475.640472
472.996155
471.250854
469.531799
592.870117
586.515259
581.056519
575.929504
570.966309
603.604309
562.519958
558.575684
583.626709
550.923828
547.580566
556.086060
541.675293
539.475342
537.567078
535.339600
533.639221
532.317749
531.184387
532.268433
529.407471
528.664429
530.475159
527.321594
526.889648
528.345520
526.559448
526.635254
526.972717
526.204529
525.503418
524.887695
524.076233
523.444458
522.585327
521.568787
521.160889
519.913147
518.938782
517.650574
516.636108
515.763672
514.830200
514.085754
513.078369
511.283661
510.580872
509.372437
508.011475
506.774780
505.190155
504.167969
502.619446
501.486023
499.702820
498.235168
496.479980
494.611389
492.588470
489.727753
488.264709
485.580078
483.316772
481.178131
477.763123
477.418365
475.888184
474.461975
473.350555
472.558167
472.028656
471.496613
471.578644
471.050964
471.864807
472.422638
472.929657
473.261963
473.370483
474.526154
475.206085
474.283508
476.786926
477.208252
475.532776
479.160034
480.210846
479.089966
481.680908
481.955536
482.742645
482.152618
482.389282
482.105652
482.258972
481.424866
482.151672
481.762238
477.588806
480.684540
610.544067
1006.853821
600.692261
596.461853
605.811829
588.515747
584.912781
581.018921
576.733887
572.531372
571.594849
564.450256
564.927734
556.675842
552.980042
549.362793
545.546814
541.905334
538.451538
535.542725
532.354980
531.758850
525.706970
522.875977
520.211426
517.737793
516.714478
513.721436
512.143066
510.887207
509.702362
509.199982
508.777618
508.663269
508.652893
509.107208
508.920258
509.407684
509.398132
510.052155
509.405792
509.980957
510.425232
510.559021
510.602173
510.507355
510.111298
509.956573
509.396545
509.093567
508.546234
508.070129
507.349487
506.855988
506.079193
504.931946
504.269135
502.141602
502.814758
501.835236
499.108429
500.290619
499.172028
497.130432
497.039581
495.750031
494.655273
493.204041
491.871246
490.046753
488.038086
485.694672
484.526154
482.557739
478.364441
478.924408
477.303223
473.774994
474.508514
472.660339
470.864502
469.499664
467.874451
466.611145
465.855316
465.560272
465.557770
465.602478
465.378845
466.670563
467.620972
468.683594
469.493530
469.913971
471.396729
472.142914
473.208740
471.500732
474.610443
475.838745
626.592529
598.899048
677.568359
592.372864
589.376343
586.547668
583.869568
581.484802
578.677063
576.336365
573.572937
578.743164
568.098083
565.494019
562.426819
560.385010
562.736023
554.789734
551.817017
548.921082
546.449829
543.984375
541.674866
539.467163
536.740417
534.925354
531.281799
528.744629
526.191833
523.845703
521.106262
518.368530
515.313538
512.608643
509.318909
506.498688
504.014801
502.357147
500.112305
498.418091
496.473267
495.328735
494.580078
494.059723
493.977753
494.108612
494.385834
493.935608
494.972656
495.484528
494.185852
495.774078
496.231873
495.959137
496.725372
497.959076
498.926697
499.207153
499.276337
499.407684
499.182343
497.708435
498.342285
497.998108
497.314941
497.172119
496.724335
495.989349
495.643280
495.005707
494.195831
493.421692
492.904419
490.911133
491.872681
491.239899
490.208313
488.981750
487.516785
487.103516
485.819061
484.872681
483.016388
481.534729
479.947540
478.502563
476.758942
473.549957
472.445801
470.288147
468.522797
466.303528
463.062164
462.636200
461.458557
460.541382
459.956512
459.825226
459.169281
459.560150
584.280334
643.101929
578.586060
576.662415
574.478577
572.738770
580.737793
569.801514
568.128479
587.537781
564.813965
563.334656
574.773254
559.750732
557.263184
558.880066
553.669678
551.776306
549.704651
547.833740
546.169067
544.345642
542.783936
542.884521
539.687134
537.107117
536.279175
532.481995
530.406982
529.323608
525.944641
523.791931
521.489441
518.943726
516.485901
514.249817
511.764618
509.407990
507.049255
505.016785
502.964752
501.131012
499.753143
497.774933
496.192108
494.223999
492.407013
490.264923
488.362579
486.039551
485.279968
483.639435
484.176880
484.449921
484.862274
485.359253
485.608521
485.671539
486.187897
486.647980
487.253815
487.791565
488.168365
488.377441
489.577850
490.566376
491.354736
491.417297
491.141083
491.665070
491.735229
491.108948
490.693787
490.230499
490.052887
489.624023
489.875092
489.028137
489.041840
488.695557
488.319275
487.751984
486.904633
486.962036
485.979401
482.410797
484.367645
483.441772
480.180725
482.216003
481.258484
480.337402
480.082397
478.866455
478.216278
476.825867
475.461456
473.600555
470.967377
465.989838
590.722107
584.505920
802.493835
574.678589
570.488159
599.525757
561.657410
557.512268
553.891235
550.852295
548.150696
545.929504
544.126587
549.378479
541.767700
540.047119
538.666138
537.738037
536.839722
535.797607
535.104065
534.039307
533.429382
532.540649
532.042847
532.872131
530.923279
531.323730
529.307495
528.172424
526.870422
525.795532
524.655029
523.748413
523.109436
522.069763
521.105591
519.835510
519.187439
518.766602
517.550781
516.642395
515.485962
514.495178
513.272461
511.607849
510.267609
509.183838
507.826050
506.402039
505.315674
504.220825
502.881256
501.056335
499.413147
497.564423
495.459045
493.549133
491.174011
489.992462
487.850555
483.814453
483.420898
481.240814
478.041870
478.036011
476.799957
475.599670
475.136963
474.826172
475.272369
475.325562
475.776917
476.493011
477.075012
475.434113
477.867889
478.598083
476.904297
480.002380
480.816376
480.855347
482.789063
483.455109
483.837952
484.422638
484.639221
484.572113
484.504791
483.082245
484.479980
483.985901
483.550659
483.509430
483.052795
482.647095
482.522461
482.280060
481.368713
481.332306
609.562378
779.579712
599.493286
715.901367
591.111755
586.929260
588.227905
578.500122
574.532104
570.791199
567.461914
563.775146
560.372253
556.740479
553.127197
552.316833
546.218933
542.891541
539.257446
536.153748
534.412048
529.423279
526.038086
522.940247
519.777954
516.932739
514.255554
512.013367
510.039764
508.835205
507.041107
506.104919
505.567810
505.348663
505.591919
505.046051
504.685669
504.207977
504.069641
504.098053
503.792603
504.384155
504.509308
504.919769
505.302063
505.766785
506.134125
506.291534
506.045990
505.766724
505.511688
504.205200
504.743744
504.254822
502.078400
502.706299
501.744446
500.623596
500.606995
500.463226
499.735443
499.119659
498.598083
498.016479
497.230591
495.167725
495.335480
494.448425
493.534241
492.349579
491.270447
490.592590
489.449951
488.877838
488.199158
487.023560
485.933441
483.398895
482.740295
482.156311
480.830383
479.050842
476.990204
475.474243
473.386871
471.372528
469.118378
466.458557
464.516266
463.206757
462.156799
460.551178
460.965607
460.964050
461.288818
461.694122
461.567627
463.601685
463.738068
464.412292
589.141113
585.660889
583.538879
581.395874
579.647400
585.121765
575.788269
573.757324
571.230591
568.881836
571.146240
564.651794
562.358459
569.679932
557.571838
555.358582
560.003845
551.164612
549.308533
548.998230
545.576416
543.682373
541.802795
540.156677
538.035400
535.865417
533.715576
532.726013
529.630127
527.264893
525.311035
522.571655
520.340149
518.961609
516.398254
514.007263
511.729584
509.702118
507.367065
505.604431
503.685944
501.387604
499.244904
497.407379
495.271576
493.385620
491.944519
490.155212
488.747467
487.472046
486.634216
486.090790
485.628906
484.805969
485.495453
485.936157
486.329742
486.651550
486.714569
486.933044
487.085419
487.483704
487.935822
488.522400
489.084808
489.529297
490.032867
490.107483
490.995514
491.280792
491.600769
491.253174
489.966187
490.775208
490.396423
490.120972
489.843079
489.378876
488.762177
488.559906
488.532867
487.824158
487.564117
487.209747
486.463867
485.923523
485.493073
484.197174
483.279694
480.151550
481.945557
481.485138
477.696259
480.985168
480.405273
478.236877
479.019928
477.989990
476.600494
475.525421
598.335938
592.064880
586.808289
625.771301
576.651611
572.028809
616.391418
563.169006
559.308105
575.539490
551.163513
547.255737
543.670349
540.613342
537.834534
542.804382
534.541260
532.977356
532.006714
530.545837
530.047852
528.011536
526.995789
526.209656
525.400940
524.957703
524.482544
524.205994
523.977417
524.533752
523.324341
522.578308
521.986572
521.148682
520.837158
519.505066
518.713501
517.947632
516.893433
516.446716
515.592285
514.595703
513.751648
513.509644
512.528198
511.605377
510.284851
509.146362
507.090576
506.251953
504.793121
503.806396
502.613525
501.437592
498.860657
498.955872
497.755341
495.908508
494.978546
493.453400
491.786163
490.566589
488.726929
486.597504
484.972382
481.766174
481.165924
479.314423
475.578461
476.015137
474.090881
470.953125
471.380493
470.263458
469.787567
469.552490
469.687988
469.899475
470.803436
470.840271
472.070923
473.040283
474.104004
475.344604
476.040192
476.968933
477.454254
477.981842
478.637848
479.375610
480.253143
477.962280
480.704224
480.887451
481.011200
481.379883
480.112122
481.089508
480.158356
480.618317
606.523376
601.751953
598.075073
594.539429
591.031921
623.694885
583.685547
579.921204
576.310303
573.006165
583.938477
566.455200
563.554993
561.039185
557.482971
554.756104
551.971436
549.134338
546.115906
545.009888
539.598938
536.593201
533.820374
530.950378
528.081787
525.379883
522.625183
520.898315
517.564331
515.343750
513.104858
509.937531
507.932465
506.015411
503.902954
502.167297
500.717987
499.814758
499.278503
498.918182
498.751038
498.572296
498.799408
498.258636
497.296967
498.253296
498.504822
497.758484
498.662109
498.528137
498.460052
498.424042
498.489014
498.400574
498.797699
498.681305
498.580292
498.722595
498.319977
498.474121
498.433228
498.182434
497.734741
497.152893
496.447327
495.706696
494.896088
492.570282
493.532654
492.759125
491.662384
490.801056
488.873627
488.735565
487.769714
486.775146
485.647736
485.002472
484.182251
483.122162
481.868378
478.624634
478.473694
477.020874
475.687561
474.421875
470.905365
471.847076
470.189301
467.610046
465.674438
463.705872
461.599823
460.117767
460.134918
458.613770
459.337860
459.072174
458.333679
458.874207
582.711365
579.456238
576.779419
649.985291
572.211060
570.265503
617.999329
567.196045
564.901978
579.226624
560.529297
558.188171
556.555542
554.448792
552.952454
551.534546
549.838013
550.921936
546.351257
544.705444
546.396179
541.117737
539.556641
540.265259
536.435730
534.994324
533.035767
531.333130
529.805481
528.227112
527.000122
525.775757
524.582153
522.862976
521.712097
520.147400
518.655334
517.194580
515.422058
513.556396
511.499725
509.616974
507.670837
505.568115
503.768311
501.429962
499.026642
496.764954
494.579681
493.250610
491.634827
490.419189
488.914581
487.679291
486.351471
483.899750
482.779572
481.405029
481.360840
481.460999
481.547729
482.013306
482.228882
482.554626
482.971497
483.041870
483.327576
483.360199
480.918518
483.138214
482.943787
482.878082
483.900543
484.248077
484.829163
485.815308
486.210175
486.612488
487.101135
486.128418
487.988861
487.493652
484.677582
486.842438
486.513275
484.224823
485.845795
485.119385
484.726898
484.433716
483.952667
483.575256
483.302490
481.957458
482.162872
481.574615
477.415649
479.335632
477.846069
477.008972
602.076355
596.967529
591.989258
587.336792
582.523926
635.201355
573.493958
569.570190
567.558472
560.800537
565.044983
552.682861
548.870300
545.454834
542.546692
539.133728
536.704102
533.817871
531.156982
531.973999
526.509583
524.253113
522.543762
521.397156
521.463684
518.528992
517.525024
516.631287
515.952515
515.387268
514.682434
514.139099
513.316040
513.188354
512.223877
511.708954
511.401031
510.936340
510.261353
509.356598
508.624237
507.936829
508.366058
508.496979
507.673431
508.392365
508.191620
507.451477
507.277069
506.974304
506.253540
505.733002
505.032806
504.271423
503.187012
501.984283
501.923462
501.211426
498.643463
499.501099
498.475159
496.229340
496.850739
495.782501
494.548828
493.819366
492.911041
492.040222
491.327820
488.692230
488.894836
487.770660
486.317902
485.742767
484.528442
483.157806
481.622894
480.072540
478.222656
476.835510
475.413544
471.632080
472.490540
470.976471
469.167450
467.403870
465.207550
464.713135
463.669556
463.097504
463.023560
463.004211
462.993439
463.212433
463.790710
463.028107
465.528595
466.222992
466.178284
467.069519
168.699188
588.306946
585.633179
589.193115
581.026245
578.764221
576.901123
574.966003
572.965515
578.329834
568.913452
566.800110
564.705811
562.675781
560.554077
558.247131
556.602600
558.980530
553.690063
551.731201
554.047729
548.425720
546.755432
546.691711
542.894714
541.432312
539.958618
538.532532
537.158936
535.641663
533.950562
533.310242
531.024536
529.687073
528.312805
526.828247
525.590210
524.320740
523.298157
522.499451
521.295959
520.167297
519.066345
518.260010
517.129883
516.289124
515.145752
513.999817
512.941528
511.937561
511.021484
510.237549
509.377289
508.677216
507.814880
507.196198
506.658691
504.670441
505.100067
504.369812
503.747406
503.153809
501.433899
500.526245
498.949921
497.658813
495.850555
494.011475
492.889038
492.258545
491.193634
490.759155
491.715698
491.495148
491.648193
491.673065
491.512177
491.831482
491.639404
491.185364
491.563202
491.843933
491.766754
491.341217
490.912292
489.791016
489.883453
489.683624
489.368347
488.777008
488.595734
487.564484
487.760864
485.012177
486.235626
485.582397
481.687042
484.771973
483.628937
481.085510
614.714050
610.148193
612.385376
602.463501
599.071045
595.557678
592.201721
598.982056
584.874634
581.339966
596.681030
574.949280
572.054749
580.067810
566.906677
564.953796
562.533813
559.974854
557.638184
555.358521
553.337769
551.100769
549.348633
547.177185
546.300110
543.268066
541.345642
539.689697
538.314392
536.874817
535.217407
533.746399
532.658264
532.064270
530.502625
529.369568
528.097229
526.833679
525.478271
523.948303
522.585999
521.236511
520.181702
518.985962
518.102600
517.157288
516.392944
515.232361
514.470703
513.632263
512.864990
511.925781
511.044891
510.340912
509.181976
507.160583
507.442383
506.680603
504.044189
504.864990
504.361420
503.274475
503.145081
502.652679
502.095123
501.794800
501.288788
500.870789
500.316315
498.508179
499.032043
498.492035
495.499451
497.130615
496.663910
494.220917
495.589722
495.102386
494.381897
494.426270
493.987457
493.672546
493.066437
492.260284
491.740387
490.680450
487.722260
490.136810
489.652863
488.928925
488.580261
488.545197
488.189240
487.882416
487.560760
484.593231
486.909210
486.492371
485.247223
484.738953
332.792267
611.394775
607.137024
603.530029
599.522156
595.716858
591.595093
587.946045
585.233398
598.159668
578.848511
575.939392
572.974792
569.947327
573.049500
564.234375
561.815308
559.652222
557.167297
555.030151
552.663818
550.614746
549.078186
548.989014
546.087219
544.652954
543.149658
541.460999
539.765564
538.184387
536.541870
535.963318
533.667786
532.463440
531.140564
529.885315
528.497986
527.755310
526.415222
525.797424
524.366882
523.596130
522.289001
521.211914
520.167664
518.559998
517.756042
516.831665
514.632690
514.745544
513.675659
511.761810
510.890747
509.309784
508.295258
507.555573
506.689484
506.131836
505.489044
505.100800
504.496338
503.950104
503.168121
502.929443
502.874420
502.863953
502.953827
502.735352
502.281403
501.554749
501.240479
498.852936
500.337646
499.740540
499.283844
498.950073
497.683441
497.775696
497.387146
497.099152
496.856415
496.411011
496.286072
495.932373
495.399139
493.575195
494.548279
493.458191
493.033569
492.518951
490.581116
491.697662
491.372284
490.223572
490.485413
490.052094
489.739990
489.301025
488.342163
486.959290
619.852051
614.072388
609.710999
605.715820
601.843140
598.686951
595.404602
623.319275
589.089172
585.816101
602.467102
579.904053
577.205566
579.763428
571.732117
569.261963
566.451355
563.662903
561.284424
559.041992
557.058289
557.020081
553.007813
551.145874
551.257507
547.354858
545.793213
545.266479
542.568848
541.090515
539.537598
537.856079
536.407654
534.582825
533.118591
532.613220
530.493164
529.356506
528.562561
527.194946
525.749207
524.819275
523.663513
522.844360
521.842346
520.864929
520.061523
518.249878
518.104614
516.945679
515.904724
515.018494
514.466980
513.575928
513.047791
512.193848
511.474182
510.712555
510.093719
509.257446
508.851349
507.545776
507.481659
506.867767
506.251373
505.554871
503.733582
503.787170
503.074036
502.558319
502.052429
501.557434
501.017029
500.430359
499.934021
499.103790
498.932892
498.529694
497.414398
497.327240
496.528320
496.168365
495.906067
492.912903
494.683655
493.785034
490.386871
492.819122
492.475769
490.761322
491.893524
491.888367
491.236908
490.699158
490.624481
490.285126
489.892822
487.882874
488.534271
488.027405
128.143097
614.462524
610.140076
717.843201
602.292480
598.775757
599.270447
591.955322
588.929443
585.809875
582.690796
594.376831
578.545227
574.270325
573.101807
569.123413
566.659729
564.226318
561.841858
559.760376
557.534912
554.942139
552.855286
553.153015
548.955505
547.301270
545.753052
544.010376
543.195679
540.916992
539.403870
538.075012
536.617249
535.287415
533.864807
532.471924
531.217773
530.296021
528.765015
527.294556
526.030945
525.071167
523.443420
522.723267
521.726135
520.885071
519.883118
518.957397
518.177063
517.201477
516.271667
515.442993
514.694641
514.069275
513.136658
512.316650
511.627869
510.909760
509.895142
507.365082
508.268494
507.213470
504.526642
506.014465
505.549316
504.238098
504.333588
503.692871
502.924500
502.462067
502.039764
501.387360
501.003693
499.272003
499.928711
499.278961
496.105347
498.168610
497.404694
495.018860
496.095551
495.954834
494.996216
494.811188
494.325470
493.860687
493.739075
492.947021
492.235748
492.063873
491.337708
491.132965
490.952057
489.654602
490.146088
489.963470
489.450745
488.921631
487.762970
484.894135
618.264221
613.581848
611.344482
605.510803
637.126404
598.706055
595.187134
592.102173
588.848572
585.769531
582.810913
579.885803
577.099365
580.263000
571.960144
569.195190
566.751892
563.996216
565.721619
559.508911
557.390625
555.549988
553.413208
551.686401
549.698181
548.027100
546.393555
545.313599
543.291687
541.661621
540.089233
538.622070
537.054443
535.415405
533.764893
532.353027
531.016235
529.804932
528.501160
527.729370
526.455017
525.518066
524.421753
523.401917
522.399414
521.378052
520.450684
519.361511
518.561096
517.493591
516.567627
515.605591
513.322021
513.920654
512.593567
511.280029
511.866486
511.070587
510.483429
509.906769
509.366913
507.777863
508.468597
507.810577
507.373505
506.759216
506.123718
505.668762
505.119446
504.493958
504.064728
503.460876
503.061981
502.674133
502.191895
499.874847
501.251648
500.764862
500.425171
499.824066
498.844452
499.122528
498.658661
497.870667
497.091644
496.613098
496.126770
495.781677
495.240356
493.853485
494.157410
493.646118
493.337585
493.134186
490.956177
492.248169
491.800995
491.180878
489.861115
488.965576
620.797668
615.543152
611.200439
627.222168
604.077332
600.694397
597.300781
593.547485
590.315918
587.024292
584.173645
594.446716
578.326233
575.579285
581.997925
570.296387
567.118530
567.680420
562.391113
560.264526
558.325500
556.266052
554.240295
552.323914
550.524231
550.110107
547.112000
545.464783
544.945801
542.326843
540.831299
540.255676
538.165588
536.802612
535.528564
534.181763
532.791748
531.636292
530.543213
528.841797
527.977539
526.649719
525.114075
524.111633
523.119446
522.233704
521.468567
520.419434
519.301147
518.719727
517.757324
516.457703
516.314087
515.204468
514.646179
513.840332
512.916199
512.419189
511.625732
510.850342
510.132751
509.301270
508.744934
507.831879
506.805939
505.464050
505.219604
504.431702
503.838287
503.261841
501.472382
502.090942
501.576965
501.025482
500.535553
499.889862
499.540955
499.063629
498.506714
497.717987
497.480743
496.719971
496.367798
495.735748
495.209320
494.636414
493.478241
490.587158
492.796295
492.218384
488.800110
491.556213
491.212219
489.462006
490.427307
489.960510
489.722443
489.344452
488.321289
487.881073
620.027100
872.439941
610.458069
606.359863
699.228882
598.817200
595.345398
622.038818
589.058411
586.176025
584.220215
580.424133
577.645386
584.391113
572.128723
577.026733
567.644287
565.062439
563.324219
560.271423
557.889832
555.563660
553.631409
551.919983
550.026062
548.418396
546.696106
546.128784
543.597290
541.970886
540.245422
539.069092
538.134277
536.441895
534.945801
533.323364
531.747559
530.595764
529.178223
528.116150
527.122192
526.017883
524.933167
523.916382
522.839478
521.893616
520.701843
520.009766
519.042725
517.949280
517.112915
516.123840
515.001038
513.940918
513.752747
512.574646
511.834320
511.274231
510.422546
509.597382
508.961578
508.432495
507.714355
505.086029
506.488007
505.892181
503.227600
504.615814
504.014526
503.091644
502.920197
502.021912
501.471039
500.914703
500.436218
500.118225
499.469757
497.571747
498.530762
498.063080
495.002991
497.058777
496.460480
494.521393
495.846191
495.454498
494.917267
494.604095
493.962555
491.130371
492.766907
489.471832
491.843933
491.367371
490.931152
490.904480
490.463989
489.912048
488.777283
488.575073
620.154419
614.914978
610.776123
682.870178
603.284729
599.840881
596.354614
593.087097
596.766907
586.480225
583.114929
579.937195
576.978210
574.262573
571.588196
568.876038
566.727051
566.768555
562.097534
560.034851
557.831604
555.786987
555.823914
552.099365
550.244263
548.503906
546.751526
545.150330
543.551636
542.081299
540.444153
539.327698
537.321960
535.630798
534.125183
532.620239
531.015747
529.756165
528.275940
526.622803
525.737427
524.201721
522.411926
522.191223
521.183838
520.140625
519.087463
518.215881
517.047485
516.322876
515.379211
514.470337
513.373108
511.443481
511.357452
510.531067
508.215271
509.066956
508.542847
506.842926
506.934204
506.470245
505.898376
505.165405
504.550934
504.141327
503.793030
501.901398
502.985504
502.045380
501.468414
500.951965
500.387665
499.802765
499.327179
498.789154
498.450714
497.912354
497.670593
495.383911
496.547363
496.319305
495.402008
495.056549
493.797668
493.652283
493.123322
492.737976
492.048706
491.826630
491.665161
491.097900
490.741730
489.294525
489.936768
489.407593
489.265594
488.854584
486.173523
487.384460
618.042480
614.233398
608.449036
604.791931
601.209473
597.954346
594.652161
597.255188
588.264343
585.279541
582.280457
579.405579
576.730530
574.012207
570.986877
575.357605
565.596741
562.985840
565.609314
558.442200
556.380920
556.046265
552.415100
550.712830
548.589355
546.952454
545.308044
543.692932
542.268433
541.657043
539.395447
538.128723
537.061951
535.389832
533.998169
532.651062
530.959717
529.687805
528.465759
527.467773
526.382568
525.350769
524.205078
522.654297
522.197754
521.169983
520.183228
519.124268
518.149231
517.166870
516.256653
515.505798
514.634705
513.881348
512.795349
511.245575
511.075226
510.261078
509.635529
508.786804
508.003265
507.708252
507.089966
506.628845
505.866577
505.285156
504.778412
504.235657
503.442627
502.530640
502.797363
501.874878
501.321503
500.708771
499.107422
499.195679
498.864288
498.129913
497.593353
496.970764
496.409637
496.000946
495.482544
494.877014
494.607239
494.199615
493.787628
493.322357
492.857483
493.019836
492.220978
489.020477
491.379333
490.858917
487.336090
490.216034
489.700378
488.228760
488.320404
487.912537
618.779358
613.187134
608.783875
605.187988
601.475037
633.767578
594.983276
591.734436
619.003662
585.536255
582.687439
592.443604
577.073181
574.349792
572.439270
569.624634
566.734314
564.225586
561.963013
563.668030
557.807739
555.081543
553.340942
550.817688
549.026428
547.309570
545.617920
543.987610
542.504150
540.832458
539.278687
538.610596
536.474670
535.054199
533.756897
532.547974
531.370972
529.935486
528.483765
527.451111
526.398010
525.532227
524.193909
523.003418
521.858398
520.781860
519.939697
519.002747
517.980469
517.304260
515.966797
515.596313
514.758301
513.917725
513.096375
512.458191
511.696533
510.550232
510.008087
509.146912
508.541077
507.903931
507.115662
506.108917
505.190918
504.423157
503.885803
501.396301
502.739532
502.169830
499.139526
500.628296
499.769531
498.173157
498.113586
497.480865
496.623657
496.401001
495.763519
495.564850
495.170074
493.170441
493.910492
493.073792
490.100464
492.818024
492.608673
490.414886
491.980865
491.377075
491.119720
490.544678
490.435150
490.181580
489.949463
487.017242
489.593658
489.326874
487.923981
487.732239
620.438171
615.244690
610.824524
606.977478
603.520020
600.300964
597.004089
617.492249
589.969299
586.670776
583.486938
580.598267
