1042.000000
1034.000000
1046.000000
1082.000000
1036.000000
1080.000000
1084.000000
1034.000000
1086.000000
1024.000000
1054.000000
1036.000000
1046.000000
1036.000000
1012.000000
1038.000000
1052.000000
1052.000000
1044.000000
1058.000000
1064.000000
1046.000000
1070.000000
1062.000000
1058.000000
1064.000000
1044.000000
1062.000000
1050.000000
1060.000000
1046.000000
1050.000000
1068.000000
1044.000000
1046.000000
1040.000000
1060.000000
1064.000000
1060.000000
1040.000000
1062.000000
1046.000000
1054.000000
1038.000000
1034.000000
1034.000000
1072.000000
1046.000000
1050.000000
1050.000000
1062.000000
1044.000000
1042.000000
1048.000000
1052.000000
1036.000000
1046.000000
1042.000000
1062.000000
1072.000000
1084.000000
1026.000000
1044.000000
1044.000000
1052.000000
1028.000000
1048.000000
1036.000000
1066.000000
1042.000000
1044.000000
1086.000000
1036.000000
1046.000000
1046.000000
1038.000000
1050.000000
1032.000000
1034.000000
1046.000000
1044.000000
1040.000000
1054.000000
1034.000000
1084.000000
1044.000000
1056.000000
1034.000000
1038.000000
1052.000000
1038.000000
1030.000000
1038.000000
1084.000000
1026.000000
1036.000000
1044.000000
1030.000000
1032.000000
1048.000000
1048.000000
1078.000000
1036.000000
1084.000000
1064.000000
1026.000000
1040.000000
1052.000000
1040.000000
1058.000000
1082.000000
1032.000000
1060.000000
1052.000000
1026.000000
1086.000000
1044.000000
1034.000000
1044.000000
1082.000000
1028.000000
1044.000000
1034.000000
1086.000000
1046.000000
964.000000
1028.000000
1084.000000
1050.000000
1086.000000
1038.000000
1044.000000
1040.000000
1042.000000
1046.000000
1040.000000
1024.000000
1040.000000
1050.000000
1076.000000
1046.000000
1036.000000
1030.000000
1064.000000
1062.000000
1040.000000
1042.000000
1050.000000
1040.000000
1032.000000
1052.000000
1082.000000
1044.000000
1034.000000
1042.000000
1028.000000
1046.000000
1054.000000
1034.000000
1030.000000
1042.000000
1044.000000
1044.000000
1034.000000
1036.000000
1044.000000
1042.000000
1040.000000
1034.000000
1044.000000
1034.000000
1082.000000
1046.000000
992.000000
1050.000000
1042.000000
1058.000000
1028.000000
1032.000000
1086.000000
1086.000000
1074.000000
1058.000000
1030.000000
1054.000000
1054.000000
1038.000000
1030.000000
1060.000000
1032.000000
1084.000000
1026.000000
1046.000000
1062.000000
1048.000000
1056.000000
1068.000000
1052.000000
1082.000000
1064.000000
1038.000000
1032.000000
1040.000000
1082.000000
1032.000000
1026.000000
1076.000000
1024.000000
1040.000000
1040.000000
1044.000000
1068.000000
1030.000000
1042.000000
1038.000000
1038.000000
1026.000000
1028.000000
1046.000000
1080.000000
1052.000000
1026.000000
1054.000000
1034.000000
1086.000000
1038.000000
1060.000000
1086.000000
1056.000000
1038.000000
982.000000
1072.000000
1082.000000
1038.000000
1034.000000
1034.000000
1034.000000
1054.000000
1068.000000
1048.000000
1068.000000
1026.000000
992.000000
1030.000000
1072.000000
1042.000000
1052.000000
1082.000000
1048.000000
1052.000000
1036.000000
1034.000000
1060.000000
1084.000000
1048.000000
966.000000
1072.000000
1082.000000
1024.000000
1066.000000
970.000000
1024.000000
1086.000000
1068.000000
982.000000
1050.000000
1086.000000
1074.000000
1044.000000
1038.000000
1024.000000
1046.000000
1082.000000
1058.000000
1036.000000
1040.000000
1064.000000
1028.000000
1078.000000
1048.000000
1064.000000
1044.000000
1048.000000
976.000000
1036.000000
1048.000000
1074.000000
1042.000000
1034.000000
1062.000000
1046.000000
1080.000000
1048.000000
1036.000000
1054.000000
1082.000000
1028.000000
1050.000000
1034.000000
1032.000000
1040.000000
1038.000000
1028.000000
1042.000000
1036.000000
1026.000000
1046.000000
1028.000000
1080.000000
1050.000000
1060.000000
1026.000000
1046.000000
1032.000000
1052.000000
1032.000000
1028.000000
1034.000000
1032.000000
1024.000000
1042.000000
1060.000000
1042.000000
1036.000000
1052.000000
1042.000000
1054.000000
1044.000000
1044.000000
1038.000000
1086.000000
1068.000000
1042.000000
1024.000000
1036.000000
1034.000000
1058.000000
1032.000000
1034.000000
1026.000000
1026.000000
1040.000000
1044.000000
1082.000000
1034.000000
1042.000000
1038.000000
1066.000000
1036.000000
1042.000000
1028.000000
1034.000000
1050.000000
1028.000000
1024.000000
1026.000000
1034.000000
1030.000000
1040.000000
1032.000000
1084.000000
1044.000000
1028.000000
1062.000000
1038.000000
1042.000000
1034.000000
1040.000000
1044.000000
1076.000000
1050.000000
1072.000000
1086.000000
1032.000000
1028.000000
1030.000000
1048.000000
1034.000000
1080.000000
1024.000000
1042.000000
1084.000000
1038.000000
1076.000000
1068.000000
1080.000000
1084.000000
1040.000000
1046.000000
1024.000000
1040.000000
1038.000000
1076.000000
1036.000000
1030.000000
1058.000000
968.000000
1080.000000
1040.000000
1076.000000
1026.000000
1036.000000
1040.000000
1066.000000
1040.000000
1036.000000
1078.000000
1034.000000
1040.000000
1078.000000
1044.000000
1080.000000
1028.000000
1052.000000
1048.000000
1064.000000
1030.000000
1034.000000
1052.000000
1032.000000
1026.000000
1030.000000
1034.000000
1084.000000
1030.000000
1044.000000
1048.000000
1080.000000
1026.000000
1086.000000
1052.000000
1070.000000
1062.000000
982.000000
1086.000000
972.000000
1042.000000
1032.000000
1038.000000
1034.000000
1028.000000
1024.000000
1054.000000
1086.000000
1026.000000
1080.000000
1032.000000
1084.000000
1056.000000
1030.000000
1046.000000
1034.000000
1044.000000
1040.000000
1028.000000
1042.000000
974.000000
1034.000000
1068.000000
1028.000000
1024.000000
1052.000000
1058.000000
1042.000000
1072.000000
1030.000000
1044.000000
1042.000000
1032.000000
1056.000000
1042.000000
1050.000000
992.000000
1026.000000
1074.000000
1036.000000
1074.000000
1042.000000
1078.000000
1034.000000
1034.000000
1032.000000
1082.000000
974.000000
1030.000000
1030.000000
1032.000000
1070.000000
1084.000000
1060.000000
974.000000
1064.000000
1030.000000
1054.000000
1028.000000
1054.000000
1058.000000
1080.000000
1040.000000
964.000000
1034.000000
1084.000000
1056.000000
1064.000000
1040.000000
1040.000000
1030.000000
1076.000000
1044.000000
1026.000000
1072.000000
1086.000000
1044.000000
1032.000000
968.000000
1086.000000
1048.000000
1026.000000
1050.000000
1080.000000
1056.000000
1042.000000
1084.000000
1050.000000
1058.000000
1078.000000
1042.000000
1080.000000
1064.000000
1034.000000
1036.000000
1070.000000
1052.000000
1042.000000
1032.000000
1008.000000
1044.000000
1026.000000
1054.000000
1032.000000
1030.000000
1034.000000
1040.000000
1076.000000
1046.000000
1032.000000
1048.000000
1072.000000
1086.000000
1044.000000
1038.000000
1072.000000
1024.000000
1080.000000
1056.000000
1056.000000
1034.000000
1048.000000
1036.000000
1042.000000
974.000000
1078.000000
1030.000000
1024.000000
1046.000000
1040.000000
1076.000000
962.000000
1032.000000
1026.000000
1078.000000
1076.000000
1028.000000
1082.000000
1034.000000
1082.000000
1028.000000
1036.000000
1042.000000
1080.000000
1032.000000
1086.000000
1084.000000
1078.000000
1046.000000
1026.000000
1078.000000
1070.000000
1030.000000
1082.000000
1036.000000
1052.000000
1036.000000
1042.000000
1050.000000
1046.000000
1034.000000
1038.000000
1070.000000
1082.000000
1060.000000
978.000000
1084.000000
1034.000000
1048.000000
1040.000000
1042.000000
1084.000000
1046.000000
1040.000000
1034.000000
1046.000000
1042.000000
970.000000
980.000000
1034.000000
1024.000000
974.000000
1086.000000
1076.000000
1080.000000
984.000000
998.000000
1056.000000
1048.000000
1074.000000
1050.000000
1056.000000
1060.000000
1064.000000
1044.000000
1052.000000
1062.000000
1070.000000
1078.000000
1030.000000
1062.000000
1062.000000
1034.000000
1052.000000
1064.000000
1060.000000
1060.000000
1036.000000
1048.000000
1040.000000
1070.000000
1062.000000
1036.000000
1064.000000
1066.000000
1066.000000
1050.000000
1054.000000
1058.000000
1052.000000
1052.000000
1054.000000
1056.000000
1036.000000
1048.000000
1068.000000
1064.000000
1030.000000
990.000000
1048.000000
1046.000000
1048.000000
1042.000000
1042.000000
1052.000000
1026.000000
1042.000000
1052.000000
1056.000000
1086.000000
1072.000000
1042.000000
1058.000000
1040.000000
1048.000000
1062.000000
1068.000000
1032.000000
1058.000000
1072.000000
1052.000000
1034.000000
1058.000000
1038.000000
1036.000000
1046.000000
1064.000000
1044.000000
1044.000000
1080.000000
1036.000000
1066.000000
1060.000000
1044.000000
1046.000000
1042.000000
1068.000000
1038.000000
1052.000000
1058.000000
1048.000000
1050.000000
1046.000000
1044.000000
1030.000000
1042.000000
1048.000000
1062.000000
1054.000000
1042.000000
1040.000000
992.000000
1058.000000
1046.000000
1080.000000
1036.000000
992.000000
1038.000000
1062.000000
1038.000000
1076.000000
1034.000000
1038.000000
1060.000000
1042.000000
1036.000000
1046.000000
1056.000000
1052.000000
1030.000000
1064.000000
1060.000000
1062.000000
1038.000000
1044.000000
1044.000000
1054.000000
1054.000000
1056.000000
1064.000000
1038.000000
1054.000000
1046.000000
1048.000000
1068.000000
1076.000000
1050.000000
1040.000000
1064.000000
1034.000000
1050.000000
1056.000000
1060.000000
1038.000000
1048.000000
1046.000000
1056.000000
1046.000000
1068.000000
1054.000000
1060.000000
1040.000000
1066.000000
1028.000000
1066.000000
1036.000000
1040.000000
1066.000000
1052.000000
1030.000000
1036.000000
1050.000000
1040.000000
1024.000000
1042.000000
1040.000000
1068.000000
1024.000000
1048.000000
1046.000000
1040.000000
1040.000000
1048.000000
1036.000000
1052.000000
1062.000000
1050.000000
1068.000000
1052.000000
1080.000000
1068.000000
1052.000000
1042.000000
1048.000000
1080.000000
1060.000000
1084.000000
1050.000000
1000.000000
1056.000000
1054.000000
1056.000000
1046.000000
1052.000000
1060.000000
1046.000000
1060.000000
1026.000000
1074.000000
1036.000000
1056.000000
1064.000000
1058.000000
1038.000000
1046.000000
1048.000000
1052.000000
1050.000000
1080.000000
1038.000000
1030.000000
1036.000000
1060.000000
1042.000000
1042.000000
1054.000000
1054.000000
1066.000000
1060.000000
1036.000000
1048.000000
1058.000000
1060.000000
1050.000000
1050.000000
992.000000
1046.000000
1048.000000
1076.000000
1044.000000
1052.000000
1060.000000
982.000000
1050.000000
1062.000000
1040.000000
1046.000000
1068.000000
1050.000000
1064.000000
1056.000000
1064.000000
1048.000000
1046.000000
1050.000000
1046.000000
1040.000000
1048.000000
1054.000000
1056.000000
1086.000000
1052.000000
1068.000000
1064.000000
1068.000000
1058.000000
1066.000000
1072.000000
1052.000000
1044.000000
1072.000000
1058.000000
1044.000000
1066.000000
1078.000000
1038.000000
1062.000000
1078.000000
1040.000000
1048.000000
1060.000000
1046.000000
1042.000000
1070.000000
1044.000000
1056.000000
1078.000000
1076.000000
1042.000000
1064.000000
1046.000000
1052.000000
1056.000000
1044.000000
1058.000000
1044.000000
1066.000000
1060.000000
1062.000000
996.000000
1056.000000
1052.000000
1046.000000
1044.000000
1066.000000
1054.000000
1030.000000
1060.000000
1070.000000
1038.000000
1038.000000
1054.000000
1056.000000
1086.000000
1048.000000
1060.000000
1054.000000
1042.000000
1062.000000
1056.000000
1064.000000
1044.000000
1074.000000
1062.000000
1054.000000
1038.000000
1032.000000
1068.000000
1078.000000
1042.000000
1072.000000
1044.000000
1048.000000
1082.000000
1054.000000
1046.000000
1074.000000
1046.000000
1036.000000
1046.000000
1066.000000
1070.000000
1074.000000
1064.000000
1050.000000
1070.000000
1056.000000
1036.000000
1074.000000
1048.000000
1040.000000
1052.000000
1058.000000
1058.000000
1070.000000
1048.000000
1068.000000
1062.000000
1060.000000
1058.000000
1048.000000
1036.000000
1066.000000
1066.000000
1050.000000
1058.000000
1084.000000
1068.000000
1066.000000
1042.000000
1052.000000
1058.000000
1070.000000
1050.000000
1028.000000
1076.000000
1072.000000
1036.000000
1054.000000
1068.000000
1050.000000
1038.000000
1076.000000
1070.000000
1074.000000
1044.000000
1052.000000
1040.000000
1062.000000
1032.000000
1062.000000
1050.000000
1052.000000
1028.000000
1026.000000
1040.000000
1062.000000
1038.000000
1052.000000
1068.000000
1054.000000
1046.000000
1044.000000
1046.000000
1058.000000
1058.000000
1062.000000
1072.000000
1058.000000
1032.000000
1048.000000
1046.000000
1050.000000
1040.000000
1054.000000
1060.000000
1066.000000
1036.000000
1070.000000
1040.000000
1050.000000
1052.000000
1072.000000
1064.000000
1050.000000
1036.000000
1072.000000
1058.000000
1048.000000
1068.000000
1060.000000
1040.000000
1068.000000
1042.000000
1034.000000
1056.000000
1040.000000
1034.000000
992.000000
1072.000000
1054.000000
1054.000000
1060.000000
1058.000000
1052.000000
1044.000000
1066.000000
1064.000000
1050.000000
1042.000000
1074.000000
1050.000000
1062.000000
1052.000000
1064.000000
1066.000000
1074.000000
1040.000000
1036.000000
1060.000000
1060.000000
1040.000000
1052.000000
1068.000000
1048.000000
1054.000000
1076.000000
1052.000000
1042.000000
1062.000000
1030.000000
1052.000000
998.000000
1034.000000
1044.000000
1048.000000
984.000000
1040.000000
1074.000000
1072.000000
1054.000000
1050.000000
1054.000000
1042.000000
1014.000000
1066.000000
1046.000000
966.000000
982.000000
1058.000000
1074.000000
1064.000000
1046.000000
1066.000000
1064.000000
1048.000000
1002.000000
1042.000000
1056.000000
960.000000
1078.000000
1070.000000
1060.000000
1052.000000
1052.000000
1030.000000
1036.000000
970.000000
974.000000
1024.000000
1032.000000
1062.000000
1074.000000
988.000000
1560.000000
1014.000000
1080.000000
1008.000000
970.000000
986.000000
992.000000
1002.000000
976.000000
1000.000000
968.000000
974.000000
988.000000
990.000000
976.000000
1086.000000
972.000000
996.000000
968.000000
906.000000
998.000000
998.000000
1020.000000
970.000000
1012.000000
904.000000
974.000000
988.000000
840.000000
1034.000000
1072.000000
988.000000
976.000000
970.000000
1012.000000
980.000000
1000.000000
972.000000
966.000000
1040.000000
976.000000
980.000000
980.000000
1014.000000
1004.000000
964.000000
978.000000
904.000000
938.000000
938.000000
974.000000
1064.000000
1070.000000
1016.000000
1054.000000
1058.000000
1086.000000
1040.000000
946.000000
1014.000000
990.000000
1066.000000
1008.000000
1056.000000
972.000000
1000.000000
1038.000000
1066.000000
984.000000
1070.000000
1062.000000
912.000000
972.000000
970.000000
982.000000
1010.000000
1088.000000
968.000000
998.000000
1006.000000
1020.000000
970.000000
1010.000000
982.000000
990.000000
1076.000000
1000.000000
1014.000000
982.000000
980.000000
982.000000
1000.000000
962.000000
1018.000000
1020.000000
982.000000
1008.000000
1010.000000
1016.000000
972.000000
942.000000
992.000000
1018.000000
930.000000
998.000000
980.000000
930.000000
984.000000
964.000000
936.000000
1054.000000
980.000000
970.000000
1084.000000
960.000000
856.000000
874.000000
914.000000
1018.000000
1120.000000
1142.000000
988.000000
852.000000
986.000000
1016.000000
1012.000000
988.000000
998.000000
922.000000
972.000000
1012.000000
936.000000
832.000000
1016.000000
1050.000000
1034.000000
1054.000000
974.000000
954.000000
960.000000
956.000000
964.000000
994.000000
972.000000
988.000000
992.000000
940.000000
1006.000000
1014.000000
1076.000000
1038.000000
994.000000
1012.000000
976.000000
978.000000
978.000000
858.000000
1018.000000
1070.000000
1034.000000
1046.000000
990.000000
1024.000000
1062.000000
1010.000000
1000.000000
998.000000
984.000000
978.000000
1056.000000
1064.000000
1002.000000
992.000000
1006.000000
848.000000
992.000000
994.000000
988.000000
1024.000000
1074.000000
950.000000
1002.000000
876.000000
976.000000
974.000000
904.000000
938.000000
978.000000
1020.000000
916.000000
910.000000
1022.000000
1000.000000
990.000000
952.000000
960.000000
926.000000
1014.000000
964.000000
898.000000
932.000000
942.000000
986.000000
916.000000
978.000000
930.000000
950.000000
1004.000000
964.000000
896.000000
954.000000
978.000000
986.000000
974.000000
992.000000
1020.000000
988.000000
926.000000
916.000000
952.000000
980.000000
912.000000
924.000000
998.000000
1016.000000
974.000000
1004.000000
974.000000
984.000000
940.000000
952.000000
848.000000
916.000000
934.000000
900.000000
998.000000
1010.000000
1022.000000
1014.000000
956.000000
1016.000000
902.000000
918.000000
914.000000
908.000000
846.000000
886.000000
902.000000
890.000000
652.000000
894.000000
930.000000
950.000000
898.000000
972.000000
898.000000
998.000000
946.000000
1006.000000
912.000000
964.000000
1150.000000
1102.000000
872.000000
830.000000
782.000000
860.000000
998.000000
956.000000
1018.000000
1012.000000
1040.000000
1056.000000
964.000000
898.000000
1058.000000
1066.000000
896.000000
930.000000
1022.000000
962.000000
960.000000
936.000000
1000.000000
974.000000
912.000000
984.000000
1044.000000
1074.000000
1070.000000
858.000000
1004.000000
1050.000000
958.000000
940.000000
1036.000000
998.000000
774.000000
936.000000
1050.000000
1072.000000
1006.000000
916.000000
990.000000
1052.000000
966.000000
936.000000
932.000000
914.000000
930.000000
922.000000
1016.000000
950.000000
990.000000
940.000000
992.000000
1000.000000
898.000000
934.000000
944.000000
922.000000
918.000000
920.000000
1084.000000
1018.000000
998.000000
1044.000000
920.000000
972.000000
934.000000
922.000000
966.000000
930.000000
964.000000
1016.000000
1002.000000
1022.000000
924.000000
978.000000
964.000000
990.000000
974.000000
984.000000
1020.000000
966.000000
1004.000000
918.000000
964.000000
1020.000000
964.000000
932.000000
1040.000000
926.000000
952.000000
940.000000
980.000000
980.000000
990.000000
920.000000
986.000000
956.000000
848.000000
942.000000
836.000000
896.000000
918.000000
962.000000
980.000000
906.000000
896.000000
930.000000
924.000000
926.000000
918.000000
862.000000
926.000000
924.000000
904.000000
916.000000
928.000000
926.000000
936.000000
930.000000
950.000000
902.000000
874.000000
832.000000
952.000000
1002.000000
944.000000
958.000000
922.000000
874.000000
860.000000
910.000000
918.000000
948.000000
858.000000
908.000000
958.000000
920.000000
880.000000
928.000000
846.000000
918.000000
844.000000
922.000000
902.000000
904.000000
1004.000000
908.000000
846.000000
894.000000
850.000000
914.000000
896.000000
956.000000
994.000000
922.000000
928.000000
920.000000
952.000000
958.000000
1006.000000
994.000000
1020.000000
988.000000
992.000000
956.000000
934.000000
1022.000000
974.000000
918.000000
1006.000000
978.000000
990.000000
898.000000
932.000000
918.000000
962.000000
938.000000
914.000000
916.000000
998.000000
958.000000
892.000000
948.000000
928.000000
938.000000
920.000000
924.000000
878.000000
948.000000
962.000000
926.000000
930.000000
930.000000
944.000000
934.000000
926.000000
940.000000
940.000000
906.000000
952.000000
914.000000
1004.000000
900.000000
916.000000
958.000000
954.000000
926.000000
914.000000
920.000000
904.000000
958.000000
922.000000
956.000000
924.000000
908.000000
950.000000
914.000000
868.000000
902.000000
938.000000
952.000000
920.000000
844.000000
900.000000
942.000000
904.000000
944.000000
942.000000
914.000000
950.000000
916.000000
836.000000
844.000000
872.000000
952.000000
844.000000
916.000000
1004.000000
1004.000000
944.000000
950.000000
942.000000
898.000000
922.000000
916.000000
914.000000
916.000000
924.000000
922.000000
938.000000
948.000000
950.000000
984.000000
920.000000
926.000000
926.000000
912.000000
912.000000
876.000000
1062.000000
1070.000000
1016.000000
930.000000
952.000000
934.000000
962.000000
906.000000
1010.000000
996.000000
1020.000000
1016.000000
954.000000
922.000000
906.000000
848.000000
926.000000
892.000000
1030.000000
1074.000000
1056.000000
974.000000
924.000000
804.000000
928.000000
906.000000
984.000000
942.000000
862.000000
838.000000
964.000000
994.000000
922.000000
984.000000
966.000000
902.000000
910.000000
930.000000
958.000000
896.000000
918.000000
1000.000000
904.000000
944.000000
928.000000
902.000000
994.000000
1008.000000
906.000000
884.000000
940.000000
970.000000
906.000000
912.000000
932.000000
1054.000000
906.000000
966.000000
968.000000
960.000000
982.000000
948.000000
962.000000
1014.000000
922.000000
1022.000000
912.000000
994.000000
916.000000
954.000000
928.000000
1016.000000
950.000000
994.000000
1000.000000
972.000000
972.000000
1018.000000
1008.000000
1022.000000
944.000000
1016.000000
1006.000000
946.000000
980.000000
1004.000000
1022.000000
972.000000
978.000000
1058.000000
1020.000000
982.000000
980.000000
1020.000000
1014.000000
1022.000000
994.000000
1060.000000
1046.000000
1068.000000
1006.000000
1008.000000
960.000000
978.000000
972.000000
1048.000000
978.000000
1082.000000
1064.000000
982.000000
1008.000000
1014.000000
988.000000
1018.000000
966.000000
996.000000
934.000000
1008.000000
1014.000000
1000.000000
992.000000
974.000000
970.000000
870.000000
896.000000
1008.000000
976.000000
940.000000
960.000000
1002.000000
960.000000
998.000000
988.000000
1006.000000
934.000000
1022.000000
994.000000
900.000000
1006.000000
998.000000
1008.000000
960.000000
950.000000
1022.000000
992.000000
928.000000
958.000000
986.000000
986.000000
968.000000
942.000000
928.000000
1012.000000
1008.000000
968.000000
942.000000
936.000000
934.000000
950.000000
912.000000
980.000000
970.000000
988.000000
988.000000
908.000000
902.000000
998.000000
928.000000
980.000000
978.000000
1010.000000
950.000000
984.000000
1002.000000
922.000000
906.000000
1002.000000
984.000000
1050.000000
944.000000
988.000000
900.000000
918.000000
990.000000
958.000000
982.000000
1018.000000
962.000000
1016.000000
988.000000
964.000000
960.000000
962.000000
978.000000
1000.000000
1008.000000
976.000000
1004.000000
1010.000000
990.000000
990.000000
1004.000000
902.000000
1002.000000
1070.000000
1008.000000
990.000000
856.000000
1022.000000
984.000000
942.000000
966.000000
1008.000000
984.000000
968.000000
1006.000000
978.000000
1002.000000
986.000000
914.000000
1002.000000
934.000000
932.000000
996.000000
980.000000
970.000000
954.000000
966.000000
1022.000000
978.000000
984.000000
934.000000
966.000000
992.000000
926.000000
1010.000000
970.000000
966.000000
1004.000000
928.000000
988.000000
998.000000
1022.000000
944.000000
988.000000
998.000000
1014.000000
1002.000000
994.000000
910.000000
970.000000
1042.000000
1008.000000
996.000000
958.000000
958.000000
934.000000
942.000000
972.000000
974.000000
1014.000000
986.000000
988.000000
1008.000000
996.000000
1010.000000
1010.000000
984.000000
906.000000
1008.000000
1040.000000
904.000000
1044.000000
994.000000
964.000000
976.000000
980.000000
952.000000
1008.000000
994.000000
974.000000
962.000000
980.000000
988.000000
1018.000000
1008.000000
994.000000
964.000000
960.000000
1002.000000
942.000000
990.000000
974.000000
962.000000
1004.000000
1014.000000
910.000000
908.000000
946.000000
976.000000
984.000000
1008.000000
966.000000
922.000000
946.000000
964.000000
998.000000
1020.000000
998.000000
908.000000
978.000000
968.000000
986.000000
1008.000000
1008.000000
982.000000
1012.000000
996.000000
916.000000
968.000000
920.000000
984.000000
940.000000
910.000000
984.000000
900.000000
1022.000000
908.000000
1062.000000
1060.000000
904.000000
938.000000
1020.000000
964.000000
964.000000
898.000000
968.000000
1004.000000
970.000000
910.000000
904.000000
960.000000
918.000000
912.000000
986.000000
932.000000
1016.000000
934.000000
968.000000
976.000000
986.000000
1022.000000
932.000000
930.000000
956.000000
940.000000
972.000000
1036.000000
988.000000
984.000000
996.000000
966.000000
964.000000
988.000000
1016.000000
1074.000000
960.000000
1010.000000
1008.000000
946.000000
918.000000
970.000000
978.000000
1016.000000
982.000000
998.000000
984.000000
1008.000000
1018.000000
1018.000000
976.000000
990.000000
1006.000000
992.000000
988.000000
1004.000000
974.000000
976.000000
1004.000000
992.000000
1016.000000
944.000000
1084.000000
974.000000
968.000000
1000.000000
992.000000
992.000000
1016.000000
1014.000000
1060.000000
1066.000000
932.000000
992.000000
908.000000
984.000000
994.000000
1010.000000
986.000000
1010.000000
1004.000000
998.000000
966.000000
964.000000
1074.000000
896.000000
988.000000
976.000000
1000.000000
906.000000
992.000000
914.000000
1018.000000
986.000000
1016.000000
972.000000
1016.000000
904.000000
928.000000
1002.000000
986.000000
900.000000
1014.000000
922.000000
976.000000
1016.000000
1012.000000
1002.000000
986.000000
930.000000
972.000000
978.000000
980.000000
994.000000
994.000000
972.000000
898.000000
1006.000000
986.000000
998.000000
1008.000000
934.000000
982.000000
996.000000
982.000000
1062.000000
998.000000
1002.000000
1006.000000
978.000000
1034.000000
1518.000000
1060.000000
988.000000
984.000000
980.000000
974.000000
996.000000
988.000000
1004.000000
1058.000000
1070.000000
1014.000000
1038.000000
992.000000
1068.000000
1008.000000
962.000000
1000.000000
1022.000000
1084.000000
1064.000000
958.000000
1012.000000
1016.000000
998.000000
904.000000
1074.000000
968.000000
1116.000000
1034.000000
900.000000
1038.000000
1038.000000
964.000000
978.000000
994.000000
968.000000
930.000000
1020.000000
1006.000000
1072.000000
1040.000000
1066.000000
970.000000
968.000000
1000.000000
992.000000
970.000000
1004.000000
942.000000
948.000000
968.000000
996.000000
1072.000000
1048.000000
980.000000
1000.000000
994.000000
1012.000000
970.000000
960.000000
1078.000000
982.000000
978.000000
914.000000
970.000000
1014.000000
994.000000
994.000000
1006.000000
1000.000000
976.000000
1014.000000
1004.000000
966.000000
998.000000
924.000000
962.000000
1006.000000
962.000000
962.000000
1016.000000
1002.000000
1072.000000
1040.000000
960.000000
974.000000
1082.000000
974.000000
1010.000000
792.000000
1080.000000
1072.000000
1082.000000
1060.000000
966.000000
1022.000000
992.000000
988.000000
1036.000000
1076.000000
906.000000
994.000000
1062.000000
996.000000
1012.000000
970.000000
990.000000
982.000000
976.000000
968.000000
990.000000
1014.000000
990.000000
976.000000
1020.000000
1008.000000
1034.000000
966.000000
1052.000000
1048.000000
990.000000
966.000000
1016.000000
1018.000000
1068.000000
974.000000
1058.000000
992.000000
990.000000
964.000000
1006.000000
1020.000000
990.000000
996.000000
1058.000000
1054.000000
976.000000
984.000000
984.000000
994.000000
1064.000000
996.000000
992.000000
1078.000000
1026.000000
994.000000
984.000000
1082.000000
986.000000
976.000000
1078.000000
976.000000
996.000000
990.000000
966.000000
1050.000000
1012.000000
968.000000
1026.000000
966.000000
1028.000000
1006.000000
1026.000000
1010.000000
1064.000000
1048.000000
1024.000000
1032.000000
1102.000000
1024.000000
1028.000000
1010.000000
1478.000000
904.000000
1050.000000
1032.000000
1030.000000
1044.000000
1072.000000
1038.000000
1018.000000
1028.000000
1078.000000
1000.000000
1032.000000
986.000000
1050.000000
1058.000000
1040.000000
1054.000000
1002.000000
1020.000000
1060.000000
1058.000000
1038.000000
1076.000000
1016.000000
1036.000000
978.000000
1052.000000
962.000000
1000.000000
1042.000000
966.000000
998.000000
1070.000000
962.000000
970.000000
1044.000000
1008.000000
1038.000000
984.000000
986.000000
1038.000000
928.000000
972.000000
1056.000000
992.000000
1034.000000
1010.000000
994.000000
1070.000000
942.000000
998.000000
966.000000
1082.000000
962.000000
976.000000
1050.000000
966.000000
978.000000
992.000000
968.000000
1010.000000
1014.000000
1018.000000
1012.000000
984.000000
1014.000000
988.000000
964.000000
966.000000
970.000000
986.000000
968.000000
972.000000
988.000000
1012.000000
998.000000
990.000000
1034.000000
1076.000000
1060.000000
1004.000000
990.000000
974.000000
1050.000000
1084.000000
994.000000
1056.000000
978.000000
838.000000
1014.000000
960.000000
1030.000000
1086.000000
1042.000000
1042.000000
982.000000
1018.000000
1000.000000
966.000000
1022.000000
1034.000000
1016.000000
1020.000000
1038.000000
1070.000000
998.000000
958.000000
984.000000
994.000000
906.000000
1012.000000
986.000000
982.000000
978.000000
1010.000000
974.000000
1032.000000
960.000000
978.000000
940.000000
986.000000
938.000000
924.000000
1000.000000
906.000000
1086.000000
986.000000
1008.000000
980.000000
996.000000
1018.000000
962.000000
936.000000
916.000000
918.000000
912.000000
978.000000
954.000000
922.000000
960.000000
1012.000000
920.000000
980.000000
974.000000
968.000000
936.000000
954.000000
914.000000
900.000000
958.000000
934.000000
982.000000
1006.000000
908.000000
942.000000
996.000000
1048.000000
988.000000
1000.000000
974.000000
944.000000
992.000000
978.000000
962.000000
982.000000
1006.000000
992.000000
938.000000
1014.000000
930.000000
894.000000
1190.000000
906.000000
1044.000000
1078.000000
934.000000
922.000000
984.000000
918.000000
914.000000
1006.000000
996.000000
1012.000000
936.000000
1000.000000
964.000000
990.000000
984.000000
900.000000
962.000000
982.000000
1020.000000
932.000000
990.000000
990.000000
1020.000000
920.000000
900.000000
1008.000000
906.000000
908.000000
974.000000
980.000000
1012.000000
914.000000
982.000000
1002.000000
944.000000
1016.000000
890.000000
898.000000
1076.000000
904.000000
992.000000
976.000000
980.000000
910.000000
1012.000000
924.000000
906.000000
1056.000000
926.000000
914.000000
972.000000
902.000000
898.000000
954.000000
958.000000
938.000000
966.000000
968.000000
956.000000
930.000000
992.000000
1070.000000
1020.000000
958.000000
1034.000000
1150.000000
898.000000
994.000000
938.000000
950.000000
1000.000000
922.000000
1058.000000
1138.000000
1024.000000
1004.000000
1144.000000
1112.000000
998.000000
916.000000
900.000000
900.000000
990.000000
994.000000
1000.000000
1036.000000
1020.000000
978.000000
924.000000
868.000000
994.000000
1052.000000
940.000000
880.000000
864.000000
912.000000
960.000000
974.000000
930.000000
908.000000
926.000000
894.000000
840.000000
908.000000
974.000000
934.000000
896.000000
832.000000
1020.000000
844.000000
754.000000
952.000000
942.000000
932.000000
780.000000
918.000000
924.000000
842.000000
830.000000
840.000000
976.000000
906.000000
1124.000000
1212.000000
636.000000
686.000000
948.000000
1070.000000
872.000000
804.000000
708.000000
788.000000
872.000000
850.000000
966.000000
986.000000
806.000000
768.000000
896.000000
1026.000000
850.000000
944.000000
770.000000
784.000000
1076.000000
1030.000000
938.000000
834.000000
834.000000
842.000000
840.000000
914.000000
996.000000
986.000000
904.000000
492.000000
1002.000000
846.000000
880.000000
936.000000
884.000000
846.000000
876.000000
988.000000
938.000000
926.000000
906.000000
972.000000
968.000000
1020.000000
972.000000
920.000000
910.000000
938.000000
938.000000
996.000000
924.000000
1002.000000
1022.000000
1018.000000
986.000000
958.000000
1018.000000
980.000000
976.000000
1020.000000
1014.000000
1016.000000
918.000000
946.000000
968.000000
910.000000
868.000000
936.000000
978.000000
942.000000
920.000000
838.000000
942.000000
972.000000
914.000000
924.000000
910.000000
926.000000
944.000000
906.000000
938.000000
938.000000
928.000000
860.000000
866.000000
898.000000
898.000000
950.000000
922.000000
846.000000
948.000000
936.000000
1018.000000
938.000000
948.000000
880.000000
860.000000
902.000000
860.000000
894.000000
850.000000
854.000000
926.000000
950.000000
1038.000000
1094.000000
994.000000
918.000000
880.000000
850.000000
788.000000
822.000000
784.000000
834.000000
918.000000
942.000000
908.000000
832.000000
892.000000
846.000000
852.000000
952.000000
938.000000
910.000000
950.000000
870.000000
856.000000
864.000000
894.000000
854.000000
932.000000
940.000000
948.000000
924.000000
912.000000
896.000000
968.000000
990.000000
820.000000
770.000000
954.000000
910.000000
1022.000000
924.000000
958.000000
946.000000
858.000000
932.000000
958.000000
850.000000
896.000000
968.000000
950.000000
890.000000
958.000000
836.000000
868.000000
928.000000
838.000000
886.000000
918.000000
942.000000
1036.000000
934.000000
872.000000
906.000000
908.000000
864.000000
834.000000
942.000000
856.000000
862.000000
904.000000
896.000000
866.000000
846.000000
936.000000
866.000000
836.000000
800.000000
848.000000
862.000000
882.000000
802.000000
1010.000000
890.000000
944.000000
832.000000
866.000000
834.000000
860.000000
856.000000
806.000000
758.000000
774.000000
816.000000
724.000000
1060.000000
838.000000
806.000000
808.000000
770.000000
762.000000
744.000000
844.000000
856.000000
866.000000
768.000000
894.000000
872.000000
850.000000
822.000000
788.000000
952.000000
804.000000
882.000000
864.000000
868.000000
800.000000
914.000000
968.000000
1018.000000
838.000000
858.000000
834.000000
842.000000
890.000000
904.000000
914.000000
952.000000
878.000000
934.000000
950.000000
948.000000
914.000000
868.000000
896.000000
940.000000
930.000000
852.000000
948.000000
914.000000
916.000000
924.000000
832.000000
958.000000
852.000000
964.000000
858.000000
898.000000
864.000000
894.000000
884.000000
880.000000
984.000000
1022.000000
858.000000
914.000000
910.000000
912.000000
850.000000
926.000000
884.000000
832.000000
914.000000
900.000000
954.000000
896.000000
876.000000
956.000000
868.000000
926.000000
842.000000
918.000000
956.000000
868.000000
926.000000
936.000000
834.000000
852.000000
936.000000
952.000000
872.000000
876.000000
896.000000
938.000000
880.000000
952.000000
912.000000
946.000000
956.000000
914.000000
928.000000
900.000000
932.000000
918.000000
888.000000
866.000000
924.000000
948.000000
948.000000
832.000000
848.000000
854.000000
954.000000
950.000000
920.000000
942.000000
920.000000
956.000000
954.000000
928.000000
1046.000000
1054.000000
1020.000000
992.000000
976.000000
976.000000
942.000000
844.000000
788.000000
968.000000
924.000000
1048.000000
1238.000000
1082.000000
958.000000
826.000000
906.000000
872.000000
928.000000
910.000000
988.000000
984.000000
1034.000000
1050.000000
992.000000
1002.000000
1078.000000
1016.000000
978.000000
972.000000
1012.000000
1010.000000
980.000000
982.000000
1012.000000
962.000000
1042.000000
1084.000000
1082.000000
1034.000000
906.000000
950.000000
998.000000
1020.000000
1024.000000
1042.000000
1000.000000
1012.000000
988.000000
1000.000000
904.000000
1000.000000
1034.000000
978.000000
1044.000000
1026.000000
910.000000
924.000000
1024.000000
972.000000
972.000000
946.000000
1018.000000
1002.000000
970.000000
976.000000
978.000000
994.000000
948.000000
992.000000
986.000000
984.000000
1000.000000
984.000000
992.000000
1008.000000
1016.000000
1010.000000
982.000000
1022.000000
1022.000000
996.000000
988.000000
1018.000000
994.000000
1018.000000
986.000000
1010.000000
960.000000
1008.000000
1010.000000
960.000000
998.000000
996.000000
1004.000000
998.000000
1016.000000
994.000000
998.000000
932.000000
980.000000
978.000000
994.000000
994.000000
1000.000000
982.000000
1058.000000
966.000000
1006.000000
984.000000
974.000000
978.000000
964.000000
1020.000000
976.000000
970.000000
1006.000000
1022.000000
988.000000
988.000000
1014.000000
988.000000
1000.000000
1076.000000
982.000000
970.000000
992.000000
1012.000000
964.000000
964.000000
978.000000
1006.000000
966.000000
972.000000
966.000000
976.000000
974.000000
1004.000000
1010.000000
1006.000000
1070.000000
1016.000000
926.000000
914.000000
994.000000
986.000000
984.000000
1014.000000
960.000000
1012.000000
976.000000
966.000000
994.000000
964.000000
986.000000
992.000000
962.000000
972.000000
1002.000000
922.000000
960.000000
1022.000000
978.000000
988.000000
1008.000000
960.000000
1016.000000
1000.000000
992.000000
1008.000000
990.000000
984.000000
968.000000
1002.000000
996.000000
970.000000
972.000000
962.000000
972.000000
998.000000
998.000000
1006.000000
988.000000
988.000000
992.000000
984.000000
1048.000000
974.000000
966.000000
1008.000000
1012.000000
960.000000
964.000000
980.000000
968.000000
970.000000
984.000000
986.000000
972.000000
974.000000
1042.000000
976.000000
986.000000
994.000000
986.000000
970.000000
982.000000
992.000000
990.000000
990.000000
982.000000
988.000000
996.000000
978.000000
980.000000
1058.000000
998.000000
972.000000
978.000000
974.000000
978.000000
1014.000000
986.000000
982.000000
974.000000
1006.000000
986.000000
998.000000
998.000000
988.000000
970.000000
974.000000
982.000000
978.000000
998.000000
988.000000
1008.000000
986.000000
980.000000
966.000000
1020.000000
992.000000
1016.000000
978.000000
962.000000
978.000000
970.000000
986.000000
960.000000
976.000000
1002.000000
960.000000
980.000000
998.000000
1010.000000
970.000000
978.000000
972.000000
1016.000000
970.000000
1022.000000
978.000000
1002.000000
972.000000
1032.000000
1064.000000
970.000000
996.000000
1016.000000
1020.000000
916.000000
956.000000
964.000000
968.000000
1016.000000
1038.000000
1150.000000
980.000000
838.000000
838.000000
982.000000
974.000000
1080.000000
1010.000000
964.000000
1004.000000
944.000000
868.000000
996.000000
990.000000
990.000000
1020.000000
980.000000
978.000000
990.000000
1002.000000
934.000000
1000.000000
958.000000
974.000000
1022.000000
1066.000000
1004.000000
984.000000
1044.000000
1016.000000
858.000000
922.000000
1018.000000
1012.000000
974.000000
914.000000
1012.000000
968.000000
1014.000000
976.000000
968.000000
960.000000
992.000000
1008.000000
986.000000
992.000000
950.000000
946.000000
962.000000
1028.000000
1056.000000
1030.000000
1020.000000
938.000000
930.000000
898.000000
1008.000000
1016.000000
964.000000
1018.000000
992.000000
1014.000000
968.000000
960.000000
964.000000
992.000000
962.000000
984.000000
964.000000
964.000000
1020.000000
986.000000
1014.000000
984.000000
1010.000000
982.000000
966.000000
974.000000
992.000000
968.000000
976.000000
998.000000
1012.000000
1018.000000
1018.000000
1022.000000
1008.000000
1040.000000
996.000000
988.000000
996.000000
994.000000
978.000000
994.000000
990.000000
984.000000
966.000000
1004.000000
970.000000
994.000000
990.000000
1016.000000
970.000000
1000.000000
1020.000000
982.000000
974.000000
968.000000
994.000000
992.000000
974.000000
980.000000
998.000000
966.000000
962.000000
990.000000
968.000000
1002.000000
976.000000
996.000000
962.000000
976.000000
996.000000
990.000000
988.000000
974.000000
974.000000
1010.000000
964.000000
972.000000
1040.000000
1010.000000
984.000000
1010.000000
992.000000
1072.000000
968.000000
992.000000
1070.000000
992.000000
904.000000
900.000000
966.000000
996.000000
964.000000
990.000000
1026.000000
1022.000000
958.000000
1012.000000
1020.000000
996.000000
934.000000
974.000000
994.000000
994.000000
990.000000
986.000000
1022.000000
990.000000
994.000000
980.000000
984.000000
992.000000
986.000000
972.000000
974.000000
1004.000000
1080.000000
964.000000
966.000000
978.000000
1008.000000
1016.000000
986.000000
984.000000
1000.000000
978.000000
1008.000000
968.000000
982.000000
996.000000
1022.000000
988.000000
1002.000000
998.000000
962.000000
960.000000
1004.000000
992.000000
1022.000000
990.000000
990.000000
984.000000
970.000000
996.000000
992.000000
994.000000
982.000000
972.000000
982.000000
982.000000
992.000000
992.000000
980.000000
980.000000
970.000000
984.000000
992.000000
966.000000
962.000000
984.000000
996.000000
992.000000
990.000000
960.000000
988.000000
970.000000
962.000000
960.000000
994.000000
1010.000000
990.000000
958.000000
984.000000
980.000000
996.000000
970.000000
968.000000
992.000000
984.000000
984.000000
960.000000
964.000000
982.000000
1022.000000
988.000000
996.000000
982.000000
992.000000
1004.000000
974.000000
984.000000
1002.000000
974.000000
970.000000
978.000000
984.000000
1012.000000
998.000000
976.000000
1006.000000
996.000000
988.000000
996.000000
924.000000
1068.000000
860.000000
1054.000000
1006.000000
984.000000
984.000000
1020.000000
982.000000
1026.000000
1008.000000
926.000000
942.000000
1018.000000
1020.000000
996.000000
1002.000000
1004.000000
972.000000
938.000000
896.000000
1030.000000
932.000000
984.000000
964.000000
1022.000000
954.000000
972.000000
968.000000
906.000000
968.000000
924.000000
1018.000000
1016.000000
904.000000
932.000000
1010.000000
942.000000
1000.000000
952.000000
928.000000
968.000000
998.000000
984.000000
984.000000
956.000000
920.000000
990.000000
982.000000
978.000000
970.000000
996.000000
1010.000000
976.000000
984.000000
1006.000000
978.000000
978.000000
966.000000
1000.000000
984.000000
970.000000
966.000000
1020.000000
976.000000
906.000000
970.000000
998.000000
1016.000000
960.000000
978.000000
1004.000000
998.000000
976.000000
982.000000
1008.000000
896.000000
956.000000
966.000000
1022.000000
1016.000000
976.000000
936.000000
1022.000000
988.000000
964.000000
964.000000
1006.000000
1008.000000
962.000000
900.000000
1010.000000
974.000000
1018.000000
974.000000
988.000000
1008.000000
968.000000
1004.000000
960.000000
908.000000
956.000000
968.000000
1020.000000
1006.000000
1022.000000
974.000000
1018.000000
962.000000
988.000000
986.000000
958.000000
900.000000
946.000000
1014.000000
970.000000
982.000000
1004.000000
916.000000
1018.000000
968.000000
1020.000000
976.000000
1018.000000
972.000000
1022.000000
1020.000000
1004.000000
1012.000000
968.000000
1008.000000
1006.000000
1004.000000
1016.000000
994.000000
952.000000
960.000000
982.000000
976.000000
1012.000000
1018.000000
960.000000
1000.000000
1004.000000
1008.000000
1020.000000
1010.000000
1018.000000
1016.000000
992.000000
896.000000
994.000000
982.000000
990.000000
1012.000000
974.000000
1008.000000
972.000000
964.000000
1010.000000
962.000000
968.000000
968.000000
962.000000
988.000000
1020.000000
966.000000
958.000000
1000.000000
960.000000
910.000000
1000.000000
972.000000
976.000000
980.000000
960.000000
960.000000
978.000000
968.000000
986.000000
964.000000
966.000000
994.000000
986.000000
1014.000000
998.000000
970.000000
960.000000
960.000000
960.000000
952.000000
998.000000
970.000000
976.000000
986.000000
902.000000
972.000000
1000.000000
988.000000
994.000000
1012.000000
974.000000
992.000000
956.000000
902.000000
956.000000
918.000000
1012.000000
902.000000
974.000000
974.000000
978.000000
972.000000
982.000000
924.000000
972.000000
982.000000
976.000000
942.000000
920.000000
942.000000
1018.000000
1076.000000
1000.000000
1022.000000
918.000000
1004.000000
986.000000
994.000000
1014.000000
1022.000000
906.000000
986.000000
1018.000000
924.000000
1000.000000
982.000000
1012.000000
1016.000000
912.000000
956.000000
930.000000
978.000000
986.000000
988.000000
970.000000
976.000000
950.000000
904.000000
972.000000
1004.000000
994.000000
1020.000000
988.000000
994.000000
1004.000000
1000.000000
956.000000
952.000000
982.000000
1004.000000
960.000000
998.000000
1012.000000
1022.000000
946.000000
1020.000000
990.000000
998.000000
968.000000
1014.000000
994.000000
1012.000000
980.000000
992.000000
1006.000000
1004.000000
1014.000000
986.000000
990.000000
1018.000000
936.000000
1022.000000
982.000000
994.000000
1008.000000
930.000000
996.000000
964.000000
1010.000000
1000.000000
1004.000000
1002.000000
1014.000000
1012.000000
984.000000
1004.000000
1006.000000
1006.000000
972.000000
996.000000
962.000000
928.000000
1014.000000
1020.000000
1000.000000
1018.000000
992.000000
1014.000000
940.000000
966.000000
1002.000000
1000.000000
940.000000
1006.000000
1000.000000
968.000000
1016.000000
1004.000000
990.000000
966.000000
1002.000000
960.000000
990.000000
994.000000
1010.000000
948.000000
994.000000
1004.000000
990.000000
1012.000000
986.000000
1014.000000
988.000000
966.000000
948.000000
954.000000
972.000000
986.000000
974.000000
972.000000
1006.000000
1022.000000
978.000000
1020.000000
958.000000
1004.000000
1008.000000
1008.000000
1010.000000
910.000000
898.000000
866.000000
1008.000000
1122.000000
954.000000
842.000000
982.000000
926.000000
1020.000000
938.000000
1022.000000
1006.000000
952.000000
912.000000
914.000000
934.000000
984.000000
956.000000
972.000000
1008.000000
1010.000000
968.000000
982.000000
922.000000
914.000000
974.000000
976.000000
972.000000
1002.000000
974.000000
976.000000
918.000000
924.000000
960.000000
900.000000
894.000000
936.000000
906.000000
1046.000000
856.000000
906.000000
890.000000
938.000000
850.000000
954.000000
948.000000
948.000000
930.000000
916.000000
962.000000
1020.000000
1016.000000
856.000000
924.000000
932.000000
974.000000
886.000000
994.000000
922.000000
872.000000
1016.000000
1074.000000
968.000000
1012.000000
844.000000
946.000000
806.000000
896.000000
1106.000000
900.000000
1096.000000
1120.000000
868.000000
984.000000
960.000000
956.000000
940.000000
1014.000000
982.000000
904.000000
956.000000
930.000000
1002.000000
910.000000
840.000000
848.000000
998.000000
920.000000
918.000000
958.000000
858.000000
920.000000
872.000000
924.000000
936.000000
852.000000
912.000000
856.000000
834.000000
916.000000
866.000000
922.000000
928.000000
836.000000
874.000000
844.000000
1014.000000
900.000000
892.000000
912.000000
902.000000
930.000000
854.000000
868.000000
872.000000
886.000000
864.000000
838.000000
840.000000
958.000000
940.000000
952.000000
896.000000
844.000000
858.000000
856.000000
852.000000
864.000000
884.000000
880.000000
848.000000
872.000000
944.000000
906.000000
1008.000000
852.000000
858.000000
902.000000
932.000000
934.000000
838.000000
860.000000
928.000000
918.000000
920.000000
864.000000
892.000000
938.000000
950.000000
1022.000000
946.000000
894.000000
884.000000
882.000000
882.000000
936.000000
898.000000
872.000000
922.000000
932.000000
940.000000
950.000000
858.000000
936.000000
856.000000
928.000000
914.000000
894.000000
870.000000
816.000000
872.000000
894.000000
788.000000
850.000000
948.000000
806.000000
866.000000
888.000000
774.000000
858.000000
858.000000
842.000000
884.000000
790.000000
784.000000
770.000000
886.000000
754.000000
882.000000
824.000000
796.000000
832.000000
778.000000
810.000000
866.000000
894.000000
814.000000
808.000000
870.000000
854.000000
824.000000
854.000000
864.000000
860.000000
776.000000
788.000000
852.000000
804.000000
870.000000
786.000000
782.000000
806.000000
860.000000
858.000000
838.000000
772.000000
814.000000
828.000000
884.000000
840.000000
858.000000
780.000000
840.000000
830.000000
708.000000
748.000000
842.000000
880.000000
798.000000
810.000000
818.000000
728.000000
866.000000
874.000000
862.000000
852.000000
842.000000
842.000000
880.000000
954.000000
808.000000
868.000000
800.000000
788.000000
860.000000
860.000000
858.000000
822.000000
856.000000
862.000000
810.000000
780.000000
794.000000
866.000000
894.000000
806.000000
826.000000
784.000000
820.000000
860.000000
764.000000
776.000000
834.000000
808.000000
790.000000
784.000000
846.000000
720.000000
808.000000
810.000000
730.000000
876.000000
890.000000
818.000000
790.000000
788.000000
770.000000
776.000000
710.000000
712.000000
796.000000
806.000000
778.000000
880.000000
804.000000
822.000000
718.000000
828.000000
802.000000
804.000000
826.000000
802.000000
772.000000
768.000000
806.000000
778.000000
744.000000
762.000000
902.000000
876.000000
958.000000
934.000000
894.000000
892.000000
834.000000
954.000000
902.000000
896.000000
938.000000
850.000000
904.000000
864.000000
868.000000
912.000000
906.000000
864.000000
860.000000
894.000000
936.000000
910.000000
874.000000
868.000000
772.000000
932.000000
836.000000
878.000000
870.000000
800.000000
886.000000
776.000000
860.000000
842.000000
770.000000
848.000000
774.000000
840.000000
784.000000
800.000000
882.000000
850.000000
814.000000
796.000000
940.000000
848.000000
814.000000
790.000000
824.000000
842.000000
780.000000
774.000000
794.000000
794.000000
848.000000
804.000000
780.000000
798.000000
794.000000
796.000000
800.000000
750.000000
798.000000
802.000000
818.000000
798.000000
824.000000
780.000000
824.000000
824.000000
772.000000
810.000000
824.000000
726.000000
798.000000
824.000000
824.000000
852.000000
794.000000
828.000000
868.000000
796.000000
794.000000
790.000000
744.000000
776.000000
800.000000
890.000000
924.000000
874.000000
848.000000
878.000000
838.000000
866.000000
872.000000
894.000000
850.000000
852.000000
848.000000
836.000000
832.000000
882.000000
836.000000
886.000000
880.000000
932.000000
850.000000
878.000000
862.000000
894.000000
866.000000
866.000000
896.000000
840.000000
838.000000
858.000000
886.000000
924.000000
870.000000
844.000000
792.000000
884.000000
876.000000
836.000000
872.000000
892.000000
848.000000
856.000000
804.000000
844.000000
822.000000
770.000000
854.000000
844.000000
886.000000
878.000000
828.000000
794.000000
784.000000
816.000000
848.000000
844.000000
860.000000
884.000000
862.000000
798.000000
880.000000
882.000000
822.000000
840.000000
876.000000
856.000000
848.000000
794.000000
860.000000
892.000000
810.000000
864.000000
864.000000
848.000000
854.000000
892.000000
840.000000
884.000000
888.000000
818.000000
862.000000
802.000000
858.000000
890.000000
936.000000
874.000000
908.000000
908.000000
862.000000
890.000000
842.000000
814.000000
856.000000
858.000000
844.000000
894.000000
842.000000
890.000000
904.000000
840.000000
870.000000
864.000000
846.000000
868.000000
790.000000
874.000000
1012.000000
866.000000
844.000000
862.000000
864.000000
836.000000
770.000000
960.000000
788.000000
864.000000
850.000000
850.000000
872.000000
876.000000
800.000000
888.000000
800.000000
808.000000
828.000000
726.000000
852.000000
856.000000
756.000000
780.000000
782.000000
778.000000
884.000000
862.000000
762.000000
808.000000
798.000000
764.000000
792.000000
884.000000
736.000000
744.000000
814.000000
794.000000
796.000000
824.000000
810.000000
850.000000
882.000000
770.000000
812.000000
768.000000
806.000000
828.000000
884.000000
844.000000
888.000000
882.000000
918.000000
864.000000
886.000000
872.000000
820.000000
862.000000
892.000000
988.000000
946.000000
878.000000
846.000000
854.000000
796.000000
870.000000
1012.000000
922.000000
834.000000
870.000000
934.000000
840.000000
946.000000
912.000000
872.000000
892.000000
812.000000
912.000000
852.000000
944.000000
884.000000
920.000000
950.000000
848.000000
880.000000
844.000000
848.000000
834.000000
858.000000
832.000000
848.000000
936.000000
836.000000
774.000000
958.000000
798.000000
806.000000
954.000000
790.000000
882.000000
834.000000
818.000000
854.000000
852.000000
840.000000
768.000000
750.000000
758.000000
856.000000
858.000000
862.000000
850.000000
838.000000
860.000000
776.000000
874.000000
868.000000
808.000000
828.000000
828.000000
706.000000
832.000000
866.000000
888.000000
788.000000
792.000000
850.000000
844.000000
774.000000
892.000000
860.000000
870.000000
878.000000
870.000000
816.000000
856.000000
888.000000
956.000000
774.000000
812.000000
944.000000
922.000000
772.000000
788.000000
848.000000
932.000000
898.000000
904.000000
912.000000
876.000000
886.000000
852.000000
830.000000
782.000000
854.000000
814.000000
848.000000
846.000000
836.000000
882.000000
848.000000
762.000000
842.000000
832.000000
802.000000
816.000000
722.000000
712.000000
830.000000
828.000000
826.000000
810.000000
798.000000
724.000000
798.000000
780.000000
794.000000
760.000000
818.000000
782.000000
674.000000
752.000000
786.000000
878.000000
856.000000
724.000000
754.000000
714.000000
780.000000
706.000000
656.000000
648.000000
772.000000
880.000000
670.000000
624.000000
666.000000
750.000000
724.000000
748.000000
648.000000
692.000000
598.000000
650.000000
660.000000
846.000000
710.000000
668.000000
554.000000
606.000000
710.000000
764.000000
816.000000
780.000000
784.000000
824.000000
758.000000
802.000000
758.000000
830.000000
718.000000
742.000000
716.000000
706.000000
800.000000
830.000000
820.000000
824.000000
862.000000
866.000000
824.000000
772.000000
814.000000
800.000000
796.000000
774.000000
892.000000
834.000000
884.000000
860.000000
872.000000
938.000000
868.000000
882.000000
784.000000
882.000000
842.000000
852.000000
870.000000
866.000000
876.000000
780.000000
772.000000
836.000000
780.000000
844.000000
854.000000
802.000000
866.000000
868.000000
788.000000
880.000000
864.000000
836.000000
816.000000
854.000000
820.000000
810.000000
876.000000
854.000000
816.000000
820.000000
872.000000
822.000000
802.000000
856.000000
778.000000
870.000000
874.000000
832.000000
780.000000
776.000000
782.000000
800.000000
792.000000
876.000000
822.000000
856.000000
808.000000
840.000000
886.000000
884.000000
790.000000
770.000000
770.000000
894.000000
872.000000
798.000000
776.000000
858.000000
874.000000
862.000000
824.000000
770.000000
836.000000
892.000000
860.000000
842.000000
840.000000
844.000000
884.000000
888.000000
882.000000
844.000000
854.000000
848.000000
890.000000
862.000000
882.000000
838.000000
868.000000
852.000000
842.000000
850.000000
884.000000
860.000000
886.000000
850.000000
806.000000
868.000000
820.000000
750.000000
882.000000
868.000000
892.000000
886.000000
802.000000
886.000000
854.000000
788.000000
848.000000
800.000000
866.000000
790.000000
878.000000
778.000000
854.000000
798.000000
802.000000
808.000000
894.000000
778.000000
812.000000
798.000000
866.000000
860.000000
836.000000
812.000000
856.000000
886.000000
814.000000
822.000000
886.000000
878.000000
874.000000
822.000000
810.000000
832.000000
814.000000
868.000000
798.000000
822.000000
776.000000
746.000000
872.000000
872.000000
882.000000
868.000000
890.000000
784.000000
780.000000
854.000000
826.000000
964.000000
854.000000
832.000000
860.000000
894.000000
880.000000
832.000000
834.000000
848.000000
880.000000
950.000000
866.000000
842.000000
870.000000
886.000000
888.000000
844.000000
858.000000
876.000000
894.000000
884.000000
858.000000
868.000000
858.000000
862.000000
890.000000
886.000000
848.000000
850.000000
892.000000
876.000000
870.000000
844.000000
800.000000
846.000000
768.000000
888.000000
856.000000
780.000000
862.000000
830.000000
762.000000
876.000000
848.000000
776.000000
862.000000
874.000000
780.000000
750.000000
780.000000
826.000000
804.000000
738.000000
770.000000
828.000000
832.000000
846.000000
820.000000
730.000000
862.000000
744.000000
804.000000
850.000000
824.000000
710.000000
730.000000
722.000000
828.000000
772.000000
776.000000
880.000000
822.000000
774.000000
782.000000
828.000000
870.000000
882.000000
790.000000
800.000000
812.000000
770.000000
754.000000
822.000000
794.000000
786.000000
874.000000
820.000000
890.000000
878.000000
788.000000
796.000000
826.000000
828.000000
788.000000
868.000000
718.000000
830.000000
862.000000
924.000000
808.000000
718.000000
804.000000
822.000000
880.000000
956.000000
892.000000
778.000000
826.000000
788.000000
806.000000
806.000000
774.000000
812.000000
818.000000
902.000000
718.000000
728.000000
902.000000
710.000000
714.000000
740.000000
732.000000
784.000000
736.000000
818.000000
748.000000
706.000000
758.000000
766.000000
772.000000
722.000000
742.000000
732.000000
718.000000
704.000000
716.000000
800.000000
804.000000
754.000000
712.000000
750.000000
706.000000
802.000000
704.000000
730.000000
778.000000
766.000000
758.000000
792.000000
794.000000
756.000000
722.000000
782.000000
724.000000
762.000000
704.000000
720.000000
730.000000
756.000000
732.000000
750.000000
734.000000
646.000000
718.000000
714.000000
830.000000
784.000000
732.000000
746.000000
684.000000
720.000000
812.000000
808.000000
782.000000
820.000000
728.000000
790.000000
886.000000
708.000000
738.000000
790.000000
828.000000
802.000000
756.000000
720.000000
790.000000
798.000000
856.000000
790.000000
750.000000
878.000000
884.000000
798.000000
866.000000
816.000000
850.000000
1012.000000
682.000000
690.000000
790.000000
786.000000
882.000000
796.000000
782.000000
814.000000
804.000000
754.000000
710.000000
788.000000
816.000000
740.000000
762.000000
704.000000
820.000000
778.000000
762.000000
718.000000
830.000000
750.000000
814.000000
742.000000
712.000000
708.000000
710.000000
816.000000
782.000000
756.000000
720.000000
750.000000
750.000000
770.000000
780.000000
726.000000
762.000000
770.000000
760.000000
780.000000
740.000000
776.000000
720.000000
758.000000
740.000000
774.000000
830.000000
758.000000
802.000000
944.000000
812.000000
782.000000
758.000000
856.000000
764.000000
806.000000
778.000000
948.000000
912.000000
1008.000000
882.000000
806.000000
744.000000
866.000000
912.000000
816.000000
1012.000000
916.000000
876.000000
880.000000
868.000000
890.000000
814.000000
832.000000
954.000000
940.000000
874.000000
858.000000
942.000000
844.000000
870.000000
834.000000
1004.000000
874.000000
862.000000
836.000000
850.000000
860.000000
778.000000
874.000000
892.000000
774.000000
852.000000
844.000000
952.000000
880.000000
736.000000
752.000000
830.000000
790.000000
880.000000
868.000000
794.000000
810.000000
844.000000
782.000000
780.000000
888.000000
754.000000
804.000000
784.000000
742.000000
782.000000
790.000000
744.000000
788.000000
882.000000
848.000000
768.000000
830.000000
826.000000
810.000000
778.000000
822.000000
780.000000
744.000000
850.000000
876.000000
748.000000
824.000000
790.000000
720.000000
818.000000
726.000000
728.000000
818.000000
784.000000
816.000000
804.000000
776.000000
812.000000
828.000000
736.000000
774.000000
790.000000
646.000000
836.000000
844.000000
812.000000
912.000000
620.000000
666.000000
724.000000
790.000000
682.000000
696.000000
780.000000
860.000000
826.000000
818.000000
730.000000
754.000000
826.000000
826.000000
834.000000
828.000000
774.000000
894.000000
822.000000
820.000000
784.000000
808.000000
788.000000
792.000000
840.000000
848.000000
798.000000
850.000000
764.000000
790.000000
878.000000
808.000000
862.000000
864.000000
816.000000
808.000000
798.000000
804.000000
772.000000
810.000000
780.000000
830.000000
872.000000
750.000000
776.000000
778.000000
782.000000
870.000000
712.000000
742.000000
758.000000
814.000000
774.000000
838.000000
876.000000
710.000000
856.000000
788.000000
802.000000
894.000000
760.000000
748.000000
736.000000
844.000000
868.000000
886.000000
776.000000
732.000000
838.000000
874.000000
782.000000
774.000000
802.000000
784.000000
748.000000
802.000000
798.000000
768.000000
804.000000
782.000000
784.000000
782.000000
776.000000
788.000000
790.000000
786.000000
844.000000
758.000000
872.000000
910.000000
854.000000
868.000000
808.000000
816.000000
832.000000
934.000000
850.000000
890.000000
870.000000
856.000000
878.000000
870.000000
834.000000
910.000000
928.000000
864.000000
888.000000
878.000000
854.000000
956.000000
868.000000
888.000000
874.000000
862.000000
846.000000
872.000000
876.000000
878.000000
898.000000
832.000000
864.000000
888.000000
942.000000
870.000000
858.000000
874.000000
814.000000
848.000000
788.000000
836.000000
832.000000
858.000000
858.000000
858.000000
886.000000
878.000000
810.000000
778.000000
856.000000
884.000000
818.000000
880.000000
870.000000
804.000000
796.000000
784.000000
786.000000
892.000000
828.000000
888.000000
866.000000
800.000000
730.000000
724.000000
830.000000
666.000000
780.000000
726.000000
796.000000
786.000000
818.000000
808.000000
648.000000
780.000000
790.000000
842.000000
882.000000
844.000000
810.000000
824.000000
784.000000
714.000000
832.000000
850.000000
832.000000
908.000000
714.000000
734.000000
810.000000
750.000000
932.000000
864.000000
742.000000
778.000000
886.000000
888.000000
852.000000
834.000000
882.000000
890.000000
894.000000
886.000000
886.000000
864.000000
920.000000
872.000000
870.000000
886.000000
838.000000
860.000000
876.000000
882.000000
876.000000
856.000000
858.000000
898.000000
882.000000
748.000000
716.000000
714.000000
872.000000
894.000000
864.000000
932.000000
772.000000
780.000000
870.000000
804.000000
790.000000
768.000000
892.000000
956.000000
928.000000
860.000000
828.000000
830.000000
822.000000
886.000000
724.000000
770.000000
840.000000
784.000000
862.000000
874.000000
846.000000
786.000000
720.000000
748.000000
746.000000
722.000000
798.000000
824.000000
818.000000
766.000000
800.000000
706.000000
742.000000
820.000000
748.000000
752.000000
854.000000
868.000000
796.000000
826.000000
708.000000
732.000000
728.000000
718.000000
820.000000
658.000000
836.000000
1038.000000
528.000000
756.000000
992.000000
1020.000000
598.000000
564.000000
756.000000
770.000000
788.000000
868.000000
736.000000
710.000000
718.000000
804.000000
810.000000
818.000000
758.000000
672.000000
868.000000
792.000000
888.000000
840.000000
822.000000
844.000000
858.000000
772.000000
798.000000
824.000000
728.000000
710.000000
738.000000
752.000000
812.000000
794.000000
870.000000
776.000000
816.000000
746.000000
814.000000
828.000000
824.000000
818.000000
814.000000
716.000000
706.000000
712.000000
718.000000
736.000000
724.000000
728.000000
892.000000
784.000000
780.000000
756.000000
682.000000
746.000000
826.000000
724.000000
752.000000
812.000000
758.000000
736.000000
792.000000
764.000000
718.000000
746.000000
730.000000
696.000000
754.000000
790.000000
774.000000
746.000000
774.000000
828.000000
760.000000
718.000000
914.000000
842.000000
856.000000
890.000000
790.000000
830.000000
776.000000
772.000000
876.000000
938.000000
866.000000
870.000000
876.000000
848.000000
844.000000
878.000000
906.000000
940.000000
938.000000
882.000000
848.000000
836.000000
906.000000
916.000000
908.000000
852.000000
832.000000
870.000000
872.000000
884.000000
864.000000
944.000000
912.000000
874.000000
850.000000
780.000000
858.000000
852.000000
882.000000
846.000000
904.000000
876.000000
922.000000
876.000000
946.000000
872.000000
862.000000
854.000000
818.000000
866.000000
774.000000
868.000000
784.000000
794.000000
878.000000
800.000000
830.000000
742.000000
790.000000
772.000000
796.000000
818.000000
794.000000
822.000000
730.000000
820.000000
738.000000
668.000000
800.000000
770.000000
718.000000
704.000000
710.000000
830.000000
820.000000
718.000000
816.000000
758.000000
758.000000
830.000000
708.000000
758.000000
724.000000
722.000000
886.000000
794.000000
872.000000
862.000000
912.000000
754.000000
866.000000
870.000000
770.000000
870.000000
836.000000
850.000000
778.000000
894.000000
856.000000
878.000000
894.000000
780.000000
848.000000
904.000000
944.000000
864.000000
880.000000
836.000000
844.000000
850.000000
854.000000
884.000000
878.000000
860.000000
862.000000
844.000000
838.000000
832.000000
854.000000
888.000000
852.000000
880.000000
880.000000
866.000000
866.000000
956.000000
878.000000
848.000000
834.000000
854.000000
872.000000
810.000000
830.000000
808.000000
854.000000
864.000000
810.000000
860.000000
854.000000
826.000000
796.000000
872.000000
822.000000
870.000000
802.000000
734.000000
798.000000
830.000000
826.000000
774.000000
752.000000
794.000000
864.000000
762.000000
814.000000
752.000000
760.000000
776.000000
860.000000
812.000000
774.000000
744.000000
878.000000
798.000000
726.000000
772.000000
800.000000
820.000000
756.000000
820.000000
798.000000
778.000000
770.000000
802.000000
812.000000
762.000000
764.000000
724.000000
818.000000
824.000000
810.000000
806.000000
810.000000
824.000000
812.000000
788.000000
818.000000
800.000000
710.000000
748.000000
722.000000
802.000000
828.000000
824.000000
888.000000
884.000000
828.000000
798.000000
800.000000
800.000000
878.000000
772.000000
878.000000
802.000000
856.000000
856.000000
790.000000
808.000000
788.000000
858.000000
932.000000
866.000000
840.000000
778.000000
796.000000
882.000000
874.000000
878.000000
850.000000
858.000000
824.000000
808.000000
860.000000
860.000000
884.000000
848.000000
794.000000
814.000000
846.000000
788.000000
778.000000
796.000000
782.000000
732.000000
890.000000
792.000000
842.000000
876.000000
856.000000
886.000000
858.000000
738.000000
714.000000
738.000000
816.000000
856.000000
822.000000
852.000000
812.000000
858.000000
880.000000
862.000000
880.000000
776.000000
886.000000
854.000000
794.000000
758.000000
810.000000
832.000000
794.000000
804.000000
876.000000
842.000000
774.000000
812.000000
826.000000
826.000000
772.000000
780.000000
858.000000
820.000000
772.000000
806.000000
794.000000
828.000000
806.000000
786.000000
774.000000
836.000000
876.000000
784.000000
818.000000
840.000000
876.000000
892.000000
802.000000
828.000000
880.000000
842.000000
822.000000
828.000000
818.000000
794.000000
880.000000
770.000000
828.000000
818.000000
882.000000
868.000000
872.000000
826.000000
888.000000
830.000000
884.000000
860.000000
772.000000
858.000000
858.000000
1046.000000
1284.000000
2126.000000
594.000000
272.000000
722.000000
-42.000000
-568.000000
-1024.000000
-1220.000000
-1164.000000
-1126.000000
-798.000000
-662.000000
-582.000000
-390.000000
-358.000000
-126.000000
-178.000000
-14.000000
42.000000
290.000000
212.000000
338.000000
440.000000
608.000000
662.000000
746.000000
844.000000
2260.000000
790.000000
804.000000
734.000000
1122.000000
896.000000
848.000000
970.000000
990.000000
984.000000
914.000000
986.000000
1012.000000
988.000000
926.000000
948.000000
956.000000
946.000000
960.000000
714.000000
1056.000000
914.000000
926.000000
782.000000
956.000000
1002.000000
952.000000
976.000000
938.000000
978.000000
936.000000
1012.000000
986.000000
906.000000
748.000000
932.000000
902.000000
998.000000
968.000000
924.000000
948.000000
954.000000
940.000000
960.000000
946.000000
954.000000
914.000000
898.000000
1016.000000
910.000000
912.000000
922.000000
950.000000
976.000000
984.000000
916.000000
944.000000
896.000000
918.000000
916.000000
1022.000000
994.000000
962.000000
944.000000
928.000000
1014.000000
1012.000000
978.000000
904.000000
906.000000
978.000000
984.000000
912.000000
946.000000
1002.000000
1012.000000
906.000000
928.000000
986.000000
996.000000
940.000000
954.000000
944.000000
1000.000000
1004.000000
992.000000
996.000000
1010.000000
976.000000
980.000000
994.000000
1020.000000
1028.000000
1022.000000
1006.000000
934.000000
1048.000000
1032.000000
1084.000000
1034.000000
912.000000
1028.000000
1244.000000
872.000000
968.000000
1118.000000
1094.000000
1042.000000
1076.000000
1044.000000
1112.000000
1142.000000
1052.000000
1140.000000
1120.000000
1076.000000
1138.000000
1150.000000
1066.000000
1138.000000
1050.000000
1048.000000
1036.000000
1078.000000
1106.000000
1092.000000
1140.000000
1144.000000
1050.000000
1068.000000
1136.000000
1038.000000
1126.000000
1138.000000
1138.000000
1086.000000
1056.000000
1126.000000
1122.000000
1104.000000
1134.000000
1120.000000
1114.000000
1120.000000
1138.000000
1074.000000
1108.000000
1052.000000
1098.000000
1136.000000
1024.000000
1090.000000
1052.000000
1142.000000
1112.000000
1054.000000
1060.000000
1012.000000
1116.000000
1140.000000
1090.000000
1150.000000
1056.000000
1040.000000
1140.000000
1106.000000
1136.000000
1062.000000
1142.000000
1110.000000
1118.000000
1108.000000
1218.000000
1130.000000
972.000000
1050.000000
1090.000000
1140.000000
1198.000000
1142.000000
982.000000
1056.000000
1138.000000
1056.000000
1044.000000
1096.000000
1090.000000
1052.000000
1090.000000
1136.000000
1110.000000
1094.000000
1036.000000
1078.000000
1032.000000
1024.000000
1050.000000
1108.000000
1098.000000
1094.000000
1060.000000
982.000000
1084.000000
1072.000000
1062.000000
1030.000000
1114.000000
1138.000000
1024.000000
1066.000000
1128.000000
1038.000000
1040.000000
1040.000000
1136.000000
1090.000000
1088.000000
1114.000000
1052.000000
1046.000000
1054.000000
1026.000000
894.000000
1298.000000
1206.000000
1110.000000
848.000000
1162.000000
1014.000000
928.000000
1116.000000
1136.000000
1074.000000
1042.000000
1136.000000
1180.000000
1072.000000
1208.000000
1032.000000
1160.000000
1000.000000
1196.000000
976.000000
1064.000000
1146.000000
1188.000000
1008.000000
1254.000000
1250.000000
1330.000000
1332.000000
1188.000000
1236.000000
1200.000000
722.000000
814.000000
1364.000000
1430.000000
1448.000000
1108.000000
1030.000000
1112.000000
1046.000000
1036.000000
1062.000000
1028.000000
1124.000000
986.000000
1148.000000
1194.000000
1152.000000
1062.000000
1108.000000
1150.000000
1094.000000
1042.000000
1074.000000
1126.000000
1102.000000
1140.000000
1208.000000
1150.000000
1130.000000
1148.000000
1132.000000
1032.000000
1028.000000
1142.000000
1120.000000
1148.000000
1110.000000
1104.000000
1128.000000
1134.000000
1142.000000
1148.000000
1028.000000
1086.000000
1066.000000
1078.000000
1064.000000
1066.000000
1026.000000
1048.000000
1134.000000
1038.000000
1078.000000
1148.000000
1038.000000
1120.000000
1108.000000
1040.000000
1066.000000
1026.000000
1104.000000
1038.000000
1032.000000
1014.000000
1046.000000
1044.000000
1074.000000
1070.000000
1040.000000
1052.000000
1142.000000
1036.000000
1086.000000
1072.000000
1084.000000
1036.000000
1034.000000
1080.000000
1142.000000
1094.000000
1108.000000
1044.000000
1078.000000
1046.000000
1074.000000
1048.000000
1086.000000
1032.000000
1080.000000
1076.000000
1050.000000
1058.000000
1066.000000
1084.000000
1028.000000
1056.000000
1058.000000
1076.000000
1026.000000
1058.000000
1074.000000
1124.000000
1038.000000
1074.000000
1066.000000
1004.000000
1060.000000
1070.000000
1058.000000
1042.000000
1084.000000
1042.000000
1058.000000
1054.000000
1026.000000
1064.000000
1068.000000
1044.000000
1032.000000
1034.000000
1028.000000
1062.000000
1040.000000
1046.000000
1044.000000
1070.000000
1032.000000
1060.000000
1116.000000
1034.000000
1036.000000
1040.000000
1048.000000
1066.000000
1024.000000
1042.000000
1070.000000
1082.000000
1046.000000
1066.000000
1040.000000
1064.000000
1026.000000
1050.000000
1040.000000
1044.000000
1082.000000
1036.000000
1036.000000
1056.000000
1030.000000
1054.000000
1114.000000
1034.000000
1042.000000
1100.000000
1044.000000
1040.000000
1038.000000
1038.000000
1024.000000
1058.000000
1030.000000
1062.000000
1046.000000
1036.000000
1038.000000
1062.000000
1014.000000
1062.000000
1108.000000
1126.000000
1116.000000
1052.000000
1072.000000
1040.000000
1066.000000
1026.000000
1076.000000
1096.000000
1028.000000
1054.000000
1068.000000
1062.000000
1078.000000
1052.000000
1024.000000
1056.000000
1028.000000
1094.000000
1038.000000
1046.000000
1046.000000
1042.000000
1028.000000
1050.000000
1058.000000
1058.000000
1028.000000
1044.000000
1042.000000
1040.000000
1050.000000
1130.000000
1044.000000
1082.000000
1060.000000
1048.000000
1072.000000
1064.000000
1086.000000
1056.000000
1054.000000
1084.000000
1024.000000
1040.000000
1074.000000
1054.000000
1038.000000
1064.000000
1056.000000
1026.000000
1028.000000
1052.000000
1056.000000
1048.000000
1028.000000
1032.000000
1056.000000
1028.000000
1068.000000
1028.000000
1070.000000
1030.000000
1040.000000
1058.000000
1062.000000
1114.000000
1036.000000
1064.000000
1030.000000
1070.000000
1036.000000
1056.000000
1114.000000
1046.000000
1048.000000
1038.000000
1034.000000
1076.000000
1036.000000
1046.000000
1052.000000
1072.000000
1058.000000
1040.000000
1076.000000
1062.000000
1030.000000
1052.000000
1046.000000
1042.000000
1034.000000
1048.000000
1044.000000
1068.000000
1034.000000
1058.000000
1034.000000
1068.000000
1084.000000
1052.000000
1062.000000
1044.000000
1044.000000
1060.000000
1056.000000
1040.000000
1042.000000
1056.000000
1076.000000
1054.000000
1046.000000
1074.000000
1056.000000
1038.000000
1042.000000
1052.000000
1052.000000
1052.000000
1032.000000
1068.000000
1078.000000
1070.000000
1060.000000
1066.000000
1052.000000
1068.000000
1024.000000
1052.000000
1062.000000
1072.000000
1076.000000
1060.000000
1084.000000
1060.000000
1036.000000
1060.000000
1040.000000
1058.000000
1056.000000
1080.000000
1052.000000
1066.000000
1050.000000
1042.000000
1042.000000
1024.000000
1036.000000
1036.000000
1064.000000
1042.000000
1046.000000
1066.000000
1034.000000
1046.000000
1034.000000
1056.000000
1086.000000
1056.000000
1028.000000
1054.000000
1046.000000
1050.000000
1028.000000
1046.000000
1060.000000
1040.000000
1142.000000
1112.000000
1046.000000
1044.000000
1086.000000
1040.000000
1066.000000
1042.000000
1046.000000
1042.000000
1060.000000
1038.000000
1080.000000
1058.000000
1080.000000
1034.000000
1030.000000
1072.000000
1062.000000
1078.000000
1078.000000
1040.000000
972.000000
994.000000
1068.000000
1028.000000
1064.000000
1056.000000
1056.000000
1034.000000
1044.000000
1004.000000
1032.000000
1064.000000
1084.000000
1070.000000
1032.000000
1056.000000
1060.000000
1054.000000
1044.000000
1048.000000
1068.000000
1038.000000
1066.000000
1070.000000
1030.000000
1060.000000
1056.000000
1068.000000
1084.000000
1064.000000
1052.000000
1042.000000
1056.000000
1024.000000
1040.000000
1056.000000
968.000000
1024.000000
1026.000000
1060.000000
1146.000000
1046.000000
1032.000000
1074.000000
1064.000000
1064.000000
1040.000000
1052.000000
1070.000000
1006.000000
1062.000000
982.000000
1030.000000
1064.000000
1074.000000
980.000000
1074.000000
1046.000000
976.000000
1066.000000
1066.000000
1068.000000
1030.000000
984.000000
1016.000000
982.000000
1026.000000
1104.000000
1128.000000
1114.000000
1080.000000
1026.000000
1086.000000
1010.000000
1060.000000
1094.000000
1056.000000
964.000000
1106.000000
1086.000000
1076.000000
1006.000000
1042.000000
1070.000000
1146.000000
1092.000000
1108.000000
1104.000000
1112.000000
1126.000000
1048.000000
1040.000000
1052.000000
1054.000000
1114.000000
1096.000000
1134.000000
1132.000000
1032.000000
1054.000000
1072.000000
1062.000000
1090.000000
1042.000000
1044.000000
1032.000000
1144.000000
1146.000000
1078.000000
1080.000000
1016.000000
1056.000000
1060.000000
1126.000000
1050.000000
1068.000000
972.000000
1032.000000
1146.000000
1092.000000
1132.000000
1038.000000
1034.000000
1050.000000
1038.000000
1030.000000
1036.000000
1062.000000
1050.000000
1036.000000
1084.000000
1036.000000
1092.000000
1066.000000
888.000000
826.000000
1096.000000
1146.000000
972.000000
1022.000000
946.000000
1064.000000
1040.000000
1044.000000
988.000000
982.000000
992.000000
1082.000000
1030.000000
1002.000000
1042.000000
1046.000000
1012.000000
1056.000000
1000.000000
968.000000
1034.000000
1056.000000
996.000000
1064.000000
1032.000000
1080.000000
1048.000000
1062.000000
1050.000000
986.000000
1058.000000
1074.000000
1046.000000
1054.000000
1042.000000
1044.000000
1002.000000
990.000000
1058.000000
1052.000000
1064.000000
1070.000000
1038.000000
988.000000
1068.000000
1018.000000
1038.000000
1064.000000
1078.000000
1086.000000
984.000000
1050.000000
1082.000000
1012.000000
1030.000000
1052.000000
1076.000000
968.000000
1062.000000
1064.000000
1006.000000
1062.000000
990.000000
988.000000
986.000000
1002.000000
1032.000000
1052.000000
966.000000
998.000000
1060.000000
1052.000000
1068.000000
1074.000000
978.000000
1032.000000
994.000000
1052.000000
1036.000000
1072.000000
1038.000000
1022.000000
922.000000
966.000000
1084.000000
1070.000000
1026.000000
1040.000000
1066.000000
1046.000000
1036.000000
1060.000000
996.000000
982.000000
998.000000
1052.000000
1060.000000
1030.000000
1030.000000
1024.000000
1002.000000
972.000000
980.000000
1016.000000
1074.000000
1082.000000
960.000000
1050.000000
1050.000000
970.000000
1058.000000
982.000000
1008.000000
1080.000000
1044.000000
1026.000000
980.000000
1008.000000
970.000000
1080.000000
1038.000000
1052.000000
1068.000000
962.000000
1078.000000
1054.000000
984.000000
1006.000000
1008.000000
1056.000000
1086.000000
1038.000000
1074.000000
970.000000
1024.000000
1132.000000
1134.000000
1004.000000
986.000000
1014.000000
1086.000000
1056.000000
1074.000000
1070.000000
1042.000000
1028.000000
1034.000000
1052.000000
1048.000000
1060.000000
1126.000000
1070.000000
1076.000000
1062.000000
1078.000000
1074.000000
1062.000000
1064.000000
1120.000000
1082.000000
1052.000000
1060.000000
1058.000000
1058.000000
1058.000000
1068.000000
1066.000000
1036.000000
1066.000000
1054.000000
1028.000000
1084.000000
1054.000000
1052.000000
1042.000000
1076.000000
1146.000000
1104.000000
1050.000000
1052.000000
1080.000000
1066.000000
1076.000000
1090.000000
1048.000000
1028.000000
1056.000000
1064.000000
1072.000000
1048.000000
1068.000000
1028.000000
1056.000000
1070.000000
1056.000000
1054.000000
1064.000000
1064.000000
1060.000000
1086.000000
1066.000000
1070.000000
1046.000000
984.000000
1044.000000
1048.000000
978.000000
1022.000000
1062.000000
1054.000000
1084.000000
1078.000000
1048.000000
1032.000000
958.000000
1054.000000
1244.000000
1098.000000
904.000000
966.000000
1124.000000
1030.000000
1044.000000
1056.000000
1086.000000
1026.000000
1052.000000
1072.000000
1030.000000
1036.000000
1062.000000
1070.000000
1078.000000
1078.000000
1034.000000
1086.000000
1064.000000
1044.000000
1084.000000
1086.000000
1030.000000
1034.000000
1082.000000
1028.000000
1024.000000
1028.000000
1070.000000
1032.000000
1046.000000
1078.000000
1086.000000
1024.000000
1032.000000
1080.000000
1024.000000
1044.000000
1018.000000
1080.000000
1084.000000
1032.000000
1074.000000
1038.000000
1084.000000
1034.000000
1026.000000
1080.000000
1072.000000
1034.000000
1086.000000
1080.000000
1036.000000
1086.000000
1084.000000
1042.000000
1084.000000
1078.000000
1030.000000
1032.000000
1032.000000
1032.000000
1028.000000
1084.000000
1082.000000
1086.000000
1038.000000
1052.000000
1028.000000
1070.000000
1030.000000
1040.000000
1030.000000
1028.000000
1028.000000
1030.000000
1078.000000
1054.000000
1024.000000
1028.000000
1030.000000
1030.000000
1044.000000
1028.000000
1028.000000
1032.000000
1026.000000
1038.000000
1026.000000
1026.000000
1032.000000
1030.000000
1032.000000
1024.000000
1076.000000
1086.000000
1076.000000
1074.000000
1034.000000
1036.000000
1076.000000
1084.000000
1084.000000
1074.000000
968.000000
1032.000000
1070.000000
1080.000000
1000.000000
978.000000
1124.000000
1114.000000
1018.000000
966.000000
1004.000000
1140.000000
1084.000000
1002.000000
904.000000
1098.000000
1074.000000
1042.000000
1082.000000
976.000000
990.000000
1004.000000
1038.000000
1104.000000
1078.000000
984.000000
984.000000
1104.000000
1040.000000
988.000000
1018.000000
1068.000000
1036.000000
1066.000000
1084.000000
1082.000000
982.000000
1006.000000
942.000000
896.000000
1238.000000
1162.000000
1082.000000
956.000000
1030.000000
1036.000000
1046.000000
1008.000000
998.000000
1014.000000
1126.000000
1034.000000
960.000000
1070.000000
1078.000000
1080.000000
1068.000000
1078.000000
1070.000000
1024.000000
1064.000000
1076.000000
1056.000000
1020.000000
1048.000000
1030.000000
1074.000000
1034.000000
1012.000000
1056.000000
1028.000000
1044.000000
1056.000000
1064.000000
1068.000000
1024.000000
1034.000000
1026.000000
1004.000000
1010.000000
1082.000000
1024.000000
1070.000000
1058.000000
1034.000000
1080.000000
1056.000000
1082.000000
1072.000000
1082.000000
1068.000000
1080.000000
1060.000000
1058.000000
1038.000000
1072.000000
1002.000000
1036.000000
1050.000000
1036.000000
1060.000000
1014.000000
1086.000000
1056.000000
1062.000000
1080.000000
1072.000000
1040.000000
1086.000000
1084.000000
1056.000000
1084.000000
1042.000000
1056.000000
1030.000000
1020.000000
988.000000
962.000000
1028.000000
1090.000000
1044.000000
992.000000
970.000000
1032.000000
1086.000000
1044.000000
1046.000000
1030.000000
1082.000000
1078.000000
1050.000000
1040.000000
1030.000000
1050.000000
962.000000
1024.000000
1048.000000
1146.000000
1074.000000
1036.000000
1066.000000
1016.000000
952.000000
970.000000
1076.000000
1080.000000
1026.000000
978.000000
1082.000000
1108.000000
1096.000000
986.000000
970.000000
976.000000
1082.000000
1064.000000
1074.000000
1024.000000
1036.000000
974.000000
1044.000000
1078.000000
1078.000000
1080.000000
1110.000000
1130.000000
1066.000000
1076.000000
1056.000000
1076.000000
1050.000000
1000.000000
1054.000000
1090.000000
1024.000000
1016.000000
1058.000000
1052.000000
1042.000000
1072.000000
1036.000000
1068.000000
1084.000000
1028.000000
1084.000000
1066.000000
1050.000000
1050.000000
1038.000000
1046.000000
1044.000000
1060.000000
1042.000000
1048.000000
1062.000000
1060.000000
1048.000000
1066.000000
1044.000000
1068.000000
1046.000000
1044.000000
1018.000000
1044.000000
1098.000000
1038.000000
1078.000000
1064.000000
1028.000000
1060.000000
1030.000000
1062.000000
1042.000000
1068.000000
1054.000000
1054.000000
1058.000000
1058.000000
1058.000000
1078.000000
1058.000000
1056.000000
1062.000000
1074.000000
1044.000000
1044.000000
1044.000000
1076.000000
1034.000000
1040.000000
1066.000000
1068.000000
1042.000000
1070.000000
1074.000000
1050.000000
1054.000000
1076.000000
1048.000000
1072.000000
1036.000000
1044.000000
1070.000000
1052.000000
1040.000000
1038.000000
1076.000000
1062.000000
1052.000000
1060.000000
1060.000000
1054.000000
1070.000000
1066.000000
1052.000000
1054.000000
1142.000000
1042.000000
1042.000000
1044.000000
1066.000000
1056.000000
1072.000000
1030.000000
1030.000000
1082.000000
1062.000000
1086.000000
1068.000000
1026.000000
1114.000000
1036.000000
1076.000000
1104.000000
1036.000000
1026.000000
1054.000000
1074.000000
1040.000000
1068.000000
1068.000000
1028.000000
1030.000000
1134.000000
1040.000000
1048.000000
1064.000000
1136.000000
1128.000000
1132.000000
1066.000000
1150.000000
1096.000000
1088.000000
1048.000000
1024.000000
1108.000000
1098.000000
1042.000000
1080.000000
1074.000000
1050.000000
1060.000000
1090.000000
1130.000000
1132.000000
1148.000000
1140.000000
1054.000000
970.000000
1124.000000
970.000000
1026.000000
1078.000000
1044.000000
1088.000000
1130.000000
1078.000000
1072.000000
1076.000000
1072.000000
1052.000000
1106.000000
1082.000000
1074.000000
1060.000000
1006.000000
1080.000000
1062.000000
1004.000000
1074.000000
1084.000000
1026.000000
1026.000000
1030.000000
1064.000000
1034.000000
1050.000000
1046.000000
1056.000000
1120.000000
1104.000000
982.000000
970.000000
1064.000000
1028.000000
1050.000000
994.000000
980.000000
1110.000000
1046.000000
1080.000000
1024.000000
986.000000
1086.000000
1014.000000
1140.000000
1142.000000
1060.000000
1008.000000
1058.000000
1036.000000
1044.000000
1020.000000
1100.000000
1038.000000
1034.000000
1056.000000
1028.000000
1052.000000
998.000000
1062.000000
970.000000
1016.000000
1030.000000
1034.000000
1048.000000
1008.000000
1034.000000
1028.000000
1118.000000
1076.000000
1032.000000
1066.000000
1082.000000
1050.000000
1096.000000
1118.000000
1110.000000
1068.000000
1026.000000
1138.000000
1080.000000
892.000000
1074.000000
1186.000000
1060.000000
962.000000
960.000000
1040.000000
1130.000000
1028.000000
1072.000000
1084.000000
1086.
