-2.601124
-3.474726
-3.938783
-4.479086
-4.931209
-5.349075
-5.701789
-7.330263
-6.290422
-6.541584
-6.752993
-6.933790
-7.080710
-7.228820
-7.339766
-8.068193
-7.540994
-7.615859
-7.680750
-7.736394
-7.774702
-10.095787
-7.853471
-7.869133
-7.895363
-7.906612
-7.904757
-7.902884
-7.903673
-7.896210
-7.895003
-7.877883
-7.864999
-7.850584
-7.820496
-7.800160
-7.763758
-7.744099
-8.888789
-7.679299
-10.729006
-7.616609
-7.580631
-7.601091
-7.519044
-7.466370
-7.426456
-7.387443
-7.330215
-7.305873
-7.261937
-7.206144
-10.436235
-7.112117
-9.738443
-7.374221
-6.972255
-6.964424
-6.864112
-6.822917
-6.767485
-6.733888
-6.675662
-6.632785
-6.571229
-6.521811
353.530304
-6.415785
-8.780312
-8.893023
-6.256441
-6.232732
-6.284863
-6.099223
-6.054442
-6.006325
-5.944619
-5.889834
-5.835265
-5.780873
-5.725466
-5.674919
-7.803767
-5.559897
-5.512883
-5.456048
-7.283727
-5.360292
-5.311222
-5.254210
-5.192512
-5.143542
-5.081501
-5.034552
-4.971547
-4.933990
-6.625952
-3.397454
-3.318818
-1.731458
-2.635029
-3.324270
-3.943414
-6.319521
-4.944356
-5.360304
-5.716017
-6.032007
-6.295805
-6.544254
-8.359985
-6.932206
-7.083152
-7.222393
-7.345690
-7.459101
-7.543661
-11.331796
-7.675280
-7.731581
-8.057705
-7.811009
-7.841686
-7.858902
-8.922609
-7.888627
-7.894778
-7.899063
-7.902947
-7.893121
-7.895901
-7.869926
-7.863691
-7.836893
-10.337486
-7.792425
-7.761418
-7.803846
-8.302943
-7.679415
-7.659375
-7.629634
-7.581540
-7.547611
-7.518703
-7.459013
-7.415131
-7.378366
-7.325270
-7.296433
-7.252614
-8.699803
-7.445678
-7.111912
-7.074274
-7.009940
-6.959264
-6.929412
-6.868633
-6.817849
-6.777143
-6.737330
-6.675375
-10.029684
-6.576188
-10.169488
353.338531
-6.414283
-7.059322
-6.320336
-6.261727
-6.214920
-6.155213
-6.106368
-6.050644
-6.007049
-5.947038
-8.946180
-5.849963
-5.783237
-5.792757
-5.689536
-8.353419
-5.569705
-5.510874
-5.598151
-5.426332
-5.356549
-5.299815
-5.254558
-5.183797
-7.721897
-5.076542
-5.020741
-4.985965
-4.928444
-4.836394
-3.395832
-3.323073
14.971179
-2.625780
-3.313561
-13.017936
-4.475835
-4.937840
-11.651585
-5.698231
-6.025225
-6.889109
-6.534794
-6.743731
-6.928517
-7.079723
-7.219797
-7.333416
-7.445341
-11.098536
-7.596061
-7.667539
-12.468312
-7.759381
-7.805879
-10.691574
-7.859464
-7.870915
-8.027884
-7.909809
-7.905424
-11.574195
-7.897323
-11.636261
-7.873451
-7.875108
-8.394571
-7.830817
-7.801219
-7.768409
-7.742654
-7.720232
-7.670017
-7.639575
-7.622571
-10.710484
-7.533138
-7.519276
-7.491969
-7.412222
-9.879123
-7.322865
-7.295580
-7.311599
-7.198549
-7.152595
-7.109194
-7.071637
-7.017780
-8.325644
-6.925055
-6.867746
-6.824666
-6.754495
-6.720869
-6.668080
-6.621542
-8.001101
-6.518779
353.537689
349.429596
-6.354200
-6.313998
-9.092390
-6.222774
-6.163997
-6.363210
-6.056874
-6.011625
-5.948595
-5.899520
-5.846029
-5.790627
-5.732937
-9.075726
-5.629266
-5.553634
-9.613435
-5.457258
-5.418826
-7.458628
-5.306256
-5.257147
-5.209390
-5.143910
-5.078769
-5.028425
-4.966329
-7.877693
-4.928988
-3.387967
-3.544887
-1.734231
-2.601943
-3.310733
-3.928429
-4.473048
-4.933517
-5.349506
-5.691428
-10.538997
-6.280642
-6.522902
-6.742405
-6.911442
-9.420817
-7.212950
-7.329534
-7.448824
-7.528504
-7.595808
-7.667747
-7.727290
-7.760390
-9.121773
-7.838401
-7.866009
-7.878596
-7.896097
-7.904444
-7.906935
-7.909090
-8.834872
-7.903017
-7.877624
-7.866980
-7.839376
-7.808984
-10.315032
-7.762084
-7.729650
-7.791233
-7.674709
-7.624992
-7.619621
-7.574859
-8.574961
-7.513791
-7.446842
-11.656126
-7.374820
-7.328699
-11.432639
-7.254109
-7.202250
-8.779478
-7.104208
-7.067539
-7.009598
-6.958758
-6.912542
-6.854195
-6.820609
-8.519579
-6.726019
-6.672315
-6.699625
-6.565956
-6.524079
353.528870
-6.422629
-6.369431
-6.322713
-6.270593
-6.221872
-7.775156
-6.100180
-6.053322
-6.044724
-5.949482
-7.067783
-5.834130
-5.776010
-5.723320
-5.679331
-5.618249
-5.552289
-5.522021
-5.458889
-7.845544
-5.367675
-5.313332
-5.261866
-5.195627
-8.514923
-5.072895
-5.028473
-5.418924
-4.935636
-4.846985
-3.391478
-3.328650
-1.728180
-6.197041
-3.298657
-3.896122
-4.455631
-4.902447
-5.316795
-5.677262
-5.991948
-8.372748
-6.507391
-6.713357
-12.513270
-7.059301
-7.196483
-12.214235
-7.437152
-7.522037
-7.803115
-7.661515
-7.717126
-7.753749
-7.798777
-7.834852
-7.859142
-7.868179
-9.677411
-8.009979
-7.892761
-7.890168
-7.883461
-7.879999
-7.863359
-7.853910
-7.833410
-7.815592
-7.783604
-7.758505
-10.651471
-7.719098
-11.431642
-7.678882
-7.617326
-8.218263
-7.534723
-7.510561
-7.460434
-7.421606
-7.381603
-7.331923
-7.295156
-7.245394
-9.526899
-7.149686
-7.105382
-7.064014
-7.012836
-9.402204
-6.919099
-6.868005
-6.874266
-6.769084
-6.734857
-6.670825
-6.630982
-6.566229
-8.288877
353.533417
-6.420416
-6.366850
-6.322836
-6.270497
-6.227487
-6.157781
-8.723560
-6.057147
-6.007978
-10.086391
-5.898946
-5.842573
-8.822821
-5.725903
-5.670985
-5.789516
-5.548156
-5.510109
-5.456786
-5.409619
-5.961342
-5.301092
-5.245242
-8.713277
-5.137763
-5.074111
-9.120630
-4.982141
-4.933642
-6.826595
-3.392765
-3.313671
-0.776297
-2.580196
-3.284136
-9.283680
-4.429554
-9.997878
-5.345059
-5.667925
-6.183712
-6.263074
-6.498232
-6.712940
-6.903417
-7.051545
-7.193688
-7.315453
-7.435270
-10.160402
-7.594190
-7.665048
-7.725507
-7.759908
-9.511533
-7.835713
-7.848820
-7.863707
-7.884367
-7.891390
-7.889503
-7.893116
-7.888799
-9.706401
-7.864267
-7.862366
-7.830848
-7.811080
-7.786879
-7.753786
-7.740663
-8.311590
-7.678500
-7.631160
-11.530369
-7.577448
-7.533486
-9.624279
-7.456869
-7.406696
-7.373427
-7.318938
-7.289897
-7.243735
-7.200912
-8.441083
-7.115259
-7.067089
-11.022471
-6.954469
-6.919768
-10.830935
-6.822098
-6.765873
-7.866469
-6.666536
-6.627007
-6.577909
-6.522262
353.524872
-6.415730
-6.359337
-8.320093
-6.251933
-6.213745
-6.161073
-6.099305
-6.049606
-5.997446
-5.945439
-5.892731
-5.848652
-5.782472
-5.727255
-7.647246
-5.625708
-5.560287
-5.511694
-5.465337
-6.386254
-5.356365
-5.309650
-5.266443
-5.187356
-5.135038
-5.077472
-5.023480
-4.958296
-6.429555
-4.838761
-3.397130
-3.304112
-1.696979
-8.527734
-3.277238
-3.893267
-5.081563
-4.888745
-5.306380
-12.730600
-5.989865
-6.261299
-7.403368
-6.721990
-6.899107
-7.057818
-7.190888
-7.312687
-7.431066
-7.520817
-9.477768
-7.656165
-7.709099
-12.474031
-7.793211
-7.826864
-12.029774
-7.867317
-7.880985
-8.720183
-7.893299
-7.896034
-7.884294
-7.885644
-7.862723
-7.862011
-7.833078
-9.436639
-7.786011
-7.751471
-7.730640
-7.706326
-7.662893
-7.614467
-7.597287
-7.564395
-7.517142
-7.501900
-7.451002
-9.304376
-7.363755
-10.924732
-7.284870
-7.234254
-7.715170
-7.147568
-7.100096
-7.052062
-6.973029
-6.919635
-6.866274
-6.785784
-6.720478
-8.058213
-6.605972
-6.541708
-6.492548
-6.418574
-9.020499
353.688843
-6.244348
-6.276336
-6.096115
-6.036345
-5.992665
-5.921511
-5.857804
-6.967652
-5.803154
-5.732146
-5.696349
-5.680820
-5.618670
-5.582988
-5.562166
-7.874479
-5.469882
-5.406742
-9.451040
-5.289011
-5.242765
-8.510128
-5.086911
-5.024647
-5.404721
-4.918629
-4.853579
-4.784331
-4.719871
-4.605340
-3.182067
-3.198234
70.925743
-2.599771
-3.313547
-3.907296
-4.451724
-4.903970
-5.336843
-5.707110
-6.036617
-6.320564
-6.565462
-6.773162
-9.597681
-7.102632
-11.761996
-7.334263
-7.445109
-8.015316
-7.615196
-7.685383
-7.739164
-7.765392
-7.801210
-7.802233
-7.792824
-7.788307
-9.545296
-7.781121
-7.775076
-7.775626
-7.760982
-10.422219
-7.769205
-7.785000
-7.858937
-7.787984
-7.768195
-7.703833
-7.669872
-7.626359
-8.825323
-7.579660
-7.551490
-7.504283
-7.455807
-7.429241
-7.348494
-7.295398
-9.462194
-7.143020
-7.103289
-11.296325
-7.005159
-6.943633
-10.340966
-6.844000
-6.795717
-7.236105
-6.760967
-6.726292
-6.677598
-6.629434
-6.575031
-6.527719
-6.485307
-7.384814
-6.412911
353.621216
-6.316666
-6.235929
-6.209960
-6.147280
-6.097003
-6.007654
-5.938468
-5.867254
-5.800135
-7.771299
-5.722413
-8.831764
-5.562840
-5.542457
-5.861902
-5.439831
-5.372914
-5.389775
-5.318338
-5.311489
-5.219235
-5.159980
-5.160513
-6.662848
-5.062440
-4.954890
-4.895182
-4.823864
-6.944613
-4.692018
-3.240062
-3.210215
-1.718399
-2.569459
-3.290912
-3.908102
-4.440044
-7.023699
-5.330914
-5.692404
-6.009105
-6.291146
-6.540402
-6.762097
-6.949083
-10.454758
-7.207920
-7.331221
-12.673295
-7.548431
-7.602010
-11.435017
-7.689633
-7.688619
-8.107158
-7.736560
-7.742543
-7.772382
-7.786683
-9.198849
-7.798637
-7.817883
-11.335032
-7.842823
-7.843798
-7.861345
-7.826084
-7.789631
-7.748565
-7.719245
-7.703172
-7.710328
-7.668336
-7.588389
-9.377568
-7.472455
-10.485112
-7.380541
-7.313865
-7.507127
-7.236345
-7.187635
-7.166578
-7.147962
-7.087544
-7.053147
-7.035619
-6.998335
-8.297062
-6.882875
-6.883404
-6.808979
-6.731406
-8.546954
-6.625601
-6.581829
-6.546151
-6.467738
-6.382107
353.704742
-6.204404
-6.128176
-7.070318
-6.016059
-5.968650
-6.001507
-5.900984
-5.842242
-5.833412
-5.798003
-8.545481
-5.709589
-5.642972
-9.713791
-5.520994
-5.461660
-8.261688
-5.351273
-5.292342
-5.400685
-5.229214
-5.160951
-5.085436
-4.998153
-5.588965
-4.836393
-4.825616
-8.365947
-4.686689
-4.597389
-7.278156
-3.116637
-1.698250
-2.582723
-3.280230
-3.887762
-4.429225
-4.890801
-5.301298
-8.166614
-5.966703
-9.964805
-6.476171
-6.681310
-6.964396
-7.033698
-7.177317
-7.315197
-7.435338
-7.526415
-7.612645
-7.682677
-7.732516
-9.106965
-7.767493
-7.791977
-7.814412
-7.827707
-9.148327
-7.861277
-7.856746
-7.855833
-7.841095
-7.846749
-7.840341
-7.840034
-7.823000
-8.677644
-7.737179
-7.702976
-7.676982
-7.653809
-8.121417
-7.554771
-7.518965
-11.074150
-7.404594
-7.390629
-11.595302
-7.310554
-7.289088
-9.295794
-7.239278
-7.195561
-7.157035
-7.080209
-7.029895
-6.977080
-6.905643
-8.159314
-6.832547
-6.763572
-10.719144
-6.614367
-6.560633
-10.341507
-6.481154
-6.439147
-7.414517
353.666382
-6.291148
-6.249576
-6.220191
-6.173973
-7.598319
-6.069426
-7.679756
-5.981933
-5.914568
-5.833478
-5.754010
-5.692404
-5.584000
-5.496244
-5.443417
-5.399574
-5.365135
-5.410539
-6.386402
-5.335190
-8.858264
-5.270377
-5.249654
-5.825767
-5.138958
-5.026027
-4.956736
-4.810266
-4.745996
-4.644552
-3.175486
-3.095334
5.154849
-2.611082
-3.304080
-3.922405
-4.458390
-10.083460
-5.348918
-5.708476
-12.348887
-6.303694
-6.536338
-12.512236
-6.927759
-7.076257
-8.649041
-7.322461
-7.407085
-7.475687
-7.548868
-7.596736
-7.656925
-7.686461
-10.273307
-7.806249
-7.835795
-12.467518
-7.902861
-7.897505
-11.648670
-7.877017
-7.862399
-8.385308
-7.790870
-7.761446
-7.704725
-7.678463
-7.686612
-8.795216
-7.601669
-8.646625
-7.545892
-7.519452
-7.510153
-7.480165
-7.462596
-7.477223
-7.438099
-7.382947
-7.322692
-7.256332
-7.206999
-7.858165
-7.057068
-10.079208
-6.912758
-6.896006
-7.105740
-6.789575
-6.750066
-6.695789
-6.683554
-6.628641
-6.616900
-6.558852
-6.528337
-6.918790
-6.460996
353.592590
-6.365870
-6.287156
-8.335037
-6.156392
-6.094107
-6.023937
-5.945134
-5.886939
-9.505472
-5.814245
-5.762001
-6.354195
-5.662110
-5.611402
-5.576660
-5.532796
-5.467512
-5.422260
-5.370391
-7.820013
-5.259984
-5.179344
-9.227324
-5.048232
-4.950418
-7.814294
-4.816813
-4.814432
-5.042945
-4.713051
-3.250625
-3.194030
-1.717975
-9.743179
-4.890228
-3.911367
-5.682893
-4.932151
-5.351684
-5.713708
-6.026331
-6.292171
-6.529064
-6.735275
-6.908956
-7.076314
-7.208674
-7.317007
-8.085423
-7.496973
-10.863446
-7.623851
-7.677791
-7.888468
-7.773491
-7.814942
-7.836590
-7.862063
-7.889822
-11.958173
-7.906022
-7.893848
-8.298359
-7.860113
-7.834399
-7.819472
-7.777235
-9.669903
-7.722286
-7.687181
-7.681411
-7.649226
-7.594352
-11.118457
-7.553109
-7.528496
-7.958727
-7.479579
-7.428783
-7.376548
-7.326913
-7.263026
-7.221992
-7.160700
-10.249164
-7.030389
-6.979133
-11.131980
-6.874716
-6.825788
-9.403622
-6.761618
-6.695015
-6.748005
-6.616682
-6.585626
-6.563486
-6.508651
-7.348483
353.624939
-6.307759
-6.618365
-6.216490
-6.136379
-6.113054
-6.039851
-5.990610
-5.959011
-5.900566
-5.837673
-5.776003
-5.731910
-5.662643
-6.249942
-5.542700
-7.600240
-5.387401
-5.330503
-5.292998
-5.211571
-5.153494
-5.107135
-5.041340
-4.981063
-8.345063
-4.893132
-4.864808
-5.042731
-4.788726
-4.717204
-3.262397
-3.165077
72.081619
-2.619264
-3.312864
-3.937827
-4.462639
-4.934917
-11.126295
-5.705307
-6.024426
-6.609426
-6.534548
-6.721895
-6.903464
-7.044506
-7.851538
-7.290223
-7.405268
-11.827819
-7.562306
-7.645672
-12.556484
-7.755500
-7.804012
-9.842784
-7.845016
-7.853270
-7.877861
-7.852089
-7.844523
-7.827092
-7.824665
-9.481076
-7.785765
-7.772962
-12.078235
-7.748652
-7.741772
-7.716414
-7.701820
-7.699264
-7.659341
-7.610369
-7.581556
-11.247152
-7.472835
-7.452811
-7.730432
-7.321708
-8.920779
-7.226068
-7.211712
-7.166895
-7.127952
-7.073188
-7.028884
-7.000439
-6.946569
-10.267971
-6.861083
-6.797368
-6.883173
-6.651318
-10.109722
-6.496547
-6.449804
-6.935456
-6.350183
353.689362
-6.255413
-6.202884
-6.181656
-7.843558
-6.123654
-6.057023
-6.021741
-5.947618
-5.924677
-5.847808
-5.789540
-6.882005
-5.644187
-5.561664
-9.469431
-5.433035
-5.365687
-9.271659
-5.327156
-5.264805
-6.521213
-5.143363
-5.115782
-5.073647
-5.006719
-4.935076
-4.884964
-4.843406
-6.823159
-4.691051
-3.236531
-7.320339
-1.701118
-2.590632
-10.804243
-3.918989
-4.459401
-4.936632
-5.348488
-5.706577
-11.513303
-6.272097
-6.495296
-7.026194
-6.856219
-8.294947
-7.135032
-7.252472
-7.393281
-7.483132
-7.551323
-7.616844
-7.693511
-7.741894
-10.076556
-7.848795
-7.870580
-8.016893
-7.871743
-11.180262
-7.871058
-7.865314
-8.100634
-7.823510
-7.783391
-7.762225
-7.712785
-7.671612
-9.321404
-7.569839
-7.533432
-7.579278
-7.471272
-7.510443
-7.473209
-7.429185
-9.098017
-7.422233
-7.331350
-11.454014
-7.276678
-7.258416
-10.998901
-7.169115
-7.094498
-7.845436
-6.944682
-6.879818
-6.779148
-6.713828
-6.698566
-6.717290
-6.654922
-9.206928
-6.557709
-6.486820
-10.646027
-6.430418
-6.431680
350.469513
-6.330162
-6.252267
-6.199428
-6.115452
-6.051882
-9.407025
-5.917089
-9.527266
-5.991667
-5.776870
-6.366186
-5.696816
-5.637740
-5.566062
-5.526089
-5.478278
-5.443538
-5.461020
-5.373205
-8.515046
-5.299825
-5.234204
-5.247537
-5.035527
-7.537865
-4.859404
-4.817755
-4.856663
-4.723128
-4.674177
-3.207500
-3.160607
-1.671680
-8.056082
-3.300693
-3.933223
-4.559723
-4.945825
-5.359874
-5.711959
-6.006653
-11.409035
-6.530614
-6.717742
-12.637457
-7.018347
-7.140625
-11.432821
-7.362553
-7.451859
-8.078699
-7.600007
-7.652325
-7.670735
-7.729536
-7.773617
-7.812269
-7.808414
-11.493060
-7.840866
-7.841980
-12.355701
-7.845576
-7.835266
-10.366998
-7.744832
-7.676387
-7.671680
-7.619799
-7.625074
-7.580550
-7.580582
-10.649257
-7.748222
-7.508494
-7.719346
-7.498659
-7.454321
-7.398642
-7.341536
-7.290392
-7.245910
-7.188797
-7.107220
-10.415103
-6.936898
-6.882322
-6.944787
-6.853187
-8.434107
-6.765201
-6.685899
-6.667981
-6.628368
-6.569799
-6.517925
-6.523993
-6.527721
-8.916380
353.657684
-6.273376
-6.190153
-6.106988
-6.018641
-5.960741
-5.901335
-6.658275
-5.838526
-5.773074
-5.729906
-5.690462
-5.665070
-8.220494
-5.564778
-5.512565
-5.604459
-5.423335
-5.371948
-5.298838
-5.256390
-6.005363
-5.070368
-5.009191
-8.637489
-4.904321
-4.865217
-8.884067
-4.772126
-4.721776
-6.259861
-3.198214
-3.075598
-1.608446
-2.630725
-3.318000
-3.930150
-4.454183
-9.124044
-5.480154
-5.692691
-6.060025
-6.256818
-6.477298
-6.669616
-6.856752
-7.011745
-7.153398
-7.292968
-7.406351
-10.970159
-7.585700
-7.664256
-7.766259
-7.764652
-9.000933
-7.819777
-7.852897
-7.876499
-7.888539
-7.874485
-7.855347
-7.830207
-7.786986
-10.220686
-7.734859
-7.740150
-7.729000
-7.716759
-11.158895
-7.669683
-7.666494
-8.003992
-7.600287
-7.588314
-7.541504
-7.497631
-7.457275
-9.473346
-7.394086
-7.339576
-7.275120
-7.190968
-7.135309
-7.072720
-7.023942
-8.392479
-6.950801
-6.899585
-10.934238
-6.803713
-6.791457
-10.586784
-6.674688
-6.639693
-7.649337
-6.599846
-6.501563
-6.459268
-6.422077
353.621948
-6.324384
-6.244098
-7.748993
-6.148646
-6.021584
-5.949392
-5.928838
-5.922920
-5.805900
-5.791719
-5.730377
-5.691093
-5.650062
-5.644569
-8.113420
-5.526622
-9.099172
-5.416905
-5.375418
-6.004344
-5.255660
-5.155391
-5.097914
-5.033847
-4.956292
-4.877627
-4.832829
-4.780513
-6.892404
-4.641925
-3.202431
-3.155692
-1.667760
-7.525786
-3.274233
-3.913143
-4.672312
-4.913702
-5.328496
-5.686421
-6.008279
-6.270636
-8.918332
-6.675067
-6.852531
-7.003026
-7.165627
-7.285189
-7.388361
-7.477575
-10.056269
-7.626821
-7.693866
-12.543513
-7.802392
-7.860979
-11.797462
-7.875883
-7.854276
-8.375164
-7.868262
-7.879940
-7.854691
-7.826651
-7.773306
-7.749245
-7.692578
-8.630635
-7.730113
-7.645377
-7.623242
-7.631461
-7.636323
-7.597658
-7.570710
-7.547231
-7.523357
-7.504120
-7.405725
-9.725866
-7.324693
-10.440868
-7.206036
-7.102705
-7.289991
-6.997400
-6.958875
-6.927971
-6.829773
-6.768524
-6.730654
-6.661337
-6.603873
-8.411252
-6.509406
-6.463502
-6.424778
-6.354125
-8.194047
353.733734
-6.234785
-6.178104
-6.153406
-6.094141
-6.046173
-5.959569
-5.880493
-7.305965
-5.791516
-5.780722
-5.780483
-5.675793
-5.589191
-5.556609
-5.503167
-8.406251
-5.459364
-5.398873
-9.413241
-5.308259
-5.219447
-7.727299
-5.090367
-5.027283
-4.978920
-4.889341
-4.834393
-4.775411
-4.754964
-5.544897
-3.238891
-3.173676
83.754669
-2.601342
-3.309777
-12.705195
-4.473826
-4.947218
-8.021018
-5.706577
-6.016133
-6.285163
-6.505240
-6.697975
-8.134224
-7.021191
-10.147507
-7.298719
-7.411733
-7.559521
-7.576274
-7.655267
-7.750980
-7.756460
-7.812379
-7.866222
-7.860790
-7.858805
-9.631576
-7.864274
-7.841350
-7.842912
-7.841993
-8.951963
-7.804103
-7.784294
-7.756587
-7.730382
-7.704459
-7.703676
-7.696018
-7.683131
-8.885087
-7.589735
-7.558067
-7.496333
-7.430180
-10.824664
-7.358084
-7.349759
-10.884663
-7.217121
-7.183080
-11.335120
-7.103363
-7.042957
-7.158139
-6.973925
-6.912254
-6.877015
-6.847847
-6.813008
-6.769655
-6.702886
-8.026965
-6.538006
-6.472849
-10.409823
-6.317671
353.698822
349.815857
-6.222023
-6.192666
-7.076022
-6.139090
-6.134832
-6.064676
-6.012901
-5.955399
-7.646484
-5.773038
-7.382548
-5.638218
-5.550722
-5.480846
-5.423767
-5.367457
-5.341738
-5.296003
-5.258412
-5.200138
-5.162077
-5.131212
-6.302432
-5.035652
-8.582076
-4.942071
-4.875186
-5.455769
-4.676622
-3.229435
-3.135875
-1.756156
-2.611369
-3.287073
-3.933784
-4.448965
-6.479892
-5.328489
-5.683894
-6.008354
-6.283578
-10.702679
-6.742754
-6.915451
-7.273741
-7.213145
-7.339686
-12.482873
-7.506118
-7.562119
-9.193370
-7.681114
-7.718957
-7.767512
-7.806938
-7.846034
-7.870380
-7.889122
-10.112517
-7.883033
-7.883582
-12.355645
-7.903599
-7.823509
-10.319305
-7.762836
-7.711326
-8.369972
-7.657115
-7.644603
-7.633626
-7.606913
-7.556041
-9.015664
-7.518381
-8.679285
-7.527793
-7.456418
-7.409715
-7.336004
-7.254919
-7.208788
-7.132778
-7.075291
-7.007672
-6.962263
-6.929665
-7.882100
-6.826375
-10.049852
-6.749815
-6.716516
-7.049613
-6.649931
-6.603999
-6.572147
-6.502708
-6.474232
353.606781
-6.319575
-6.270039
-6.822191
-6.099469
-6.047143
-6.008747
-5.966130
-8.238914
-5.865719
-5.818849
-5.811561
-5.723687
-5.686972
-9.351667
-5.577971
-5.512299
-6.202837
-5.399338
-5.324711
-5.260666
-5.185794
-5.143212
-5.098078
-5.039059
-7.442597
-4.946865
-4.887915
-8.951696
-4.810398
-4.734365
-6.457816
-3.246319
-1.692267
-2.921418
-3.317618
-3.936242
-4.459183
-4.915601
-11.999514
-7.684135
-6.010595
-7.428632
-6.516988
-6.712537
-6.889578
-7.039794
-7.177156
-7.292169
-7.400733
-7.496075
-7.566015
-7.638249
-7.693605
-8.808443
-7.783100
-10.934124
-7.832143
-7.845500
-8.017815
-7.879983
-7.879170
-7.878191
-7.869404
-7.872073
-7.843316
-7.841609
-7.808080
-8.139629
-7.759220
-7.731949
-7.708633
-7.692632
-9.452205
-7.613852
-7.582301
-7.555674
-7.506009
-7.487468
-10.910035
-7.393773
-7.356789
-7.819659
-7.275929
-7.222089
-7.174110
-7.131108
-7.091640
-7.050395
-6.987892
-10.032603
-6.904264
-6.850766
-10.996299
-6.754495
-6.704996
-9.315776
-6.613155
-6.557295
-6.586384
353.548737
-6.403805
-6.353900
-6.304148
-7.197217
-6.205958
-6.148629
-6.416090
-6.040864
-5.993225
-5.941423
-5.887266
-5.830524
-5.777294
-5.710548
-5.664182
-5.615668
-5.539605
-5.510874
-5.930187
-5.426079
-7.588061
-5.293156
-5.246485
-5.200811
-5.131958
-5.071700
-5.014341
-4.962476
-4.931258
-8.337605
-3.386464
-3.302443
20.492079
-2.562027
-3.255969
-3.862832
-4.403926
-6.783693
-5.275131
-5.635823
-5.955714
-6.223732
-6.465222
-11.165799
-6.862435
-7.017421
-7.409294
-7.290250
-7.401594
-7.491663
-7.554684
-8.281846
-7.688636
-7.719253
-12.008578
-7.793707
-7.817179
-12.435315
-7.854246
-7.856704
-9.834127
-7.865371
-7.858307
-7.864887
-7.835457
-7.832382
-7.810938
-7.783063
-9.172837
-7.739210
-7.714726
-7.800043
-7.653727
-7.617589
-7.575778
-7.553126
-7.507545
-7.484490
-7.428298
-7.393076
-10.834611
-7.304349
-7.274003
-7.464862
-7.179000
-8.671424
-7.086081
-7.055422
-6.993875
-6.948950
-6.908335
-6.854891
-6.811170
-6.764194
-9.549810
-6.653996
-6.608524
-6.584029
-6.501266
350.107269
-6.406878
-6.350758
-6.780978
-6.249720
-6.205835
-6.141675
-6.094620
-6.034457
-8.274522
-5.936082
-5.882827
-5.833707
-5.763730
-5.713390
-5.673293
-5.614643
-6.813927
-5.502405
-5.448098
-9.421481
-5.346543
-5.292555
-9.049118
-5.175655
-5.122949
-6.055801
-5.011015
-4.955243
-4.921853
-4.829786
-3.386286
-3.317425
-1.688319
-5.156011
-3.399717
-3.859540
-4.397397
-4.851036
-5.270276
-5.619233
-5.934984
-6.213870
-6.454922
-6.667123
-6.848993
-10.499159
-7.144280
-12.006249
-7.399590
-7.475346
-8.384801
-7.607657
-7.673447
-7.707500
-7.750663
-7.792261
-7.814408
-7.823615
-7.842596
-9.980798
-7.854872
-7.853509
-7.841116
-7.848406
-10.483011
-7.821648
-7.799921
-7.850163
-7.751054
-7.725478
-7.698087
-7.682059
-7.631125
-9.176504
-7.584712
-7.549656
-7.506534
-7.484688
-7.432027
-7.380850
-7.347138
-10.009862
-7.272808
-7.218026
-11.402557
-7.126272
-7.081395
-10.400877
-6.989599
-6.934689
-7.259680
-6.851257
-6.802276
-6.748184
-6.709613
-7.103259
-6.609972
-6.545821
-10.518101
353.553314
-6.395541
-10.495699
-6.304272
-6.242575
-6.200111
-6.134408
-6.095877
-6.043842
-5.997869
-5.935686
-7.865631
-5.834212
-8.730477
-5.714851
-5.660630
-5.789735
-5.541073
-5.500998
-5.448863
-5.411668
-5.349330
-5.290792
-5.242032
-5.173429
-6.728740
-5.057125
-5.008904
-4.966622
-4.915999
-6.558292
-3.390869
-3.322526
-1.399484
-2.548531
-3.254972
-3.865987
-4.393872
-4.860011
-7.138797
-5.634013
-5.955966
-6.223951
-6.466267
-6.674151
-6.856670
-7.008781
-12.192691
-7.260586
-7.385874
-12.581864
-7.543151
-7.605955
-10.754760
-7.705513
-7.754682
-7.887708
-7.812429
-7.828286
-7.845326
-7.855383
-8.712113
-7.862229
-7.854310
-11.830041
-7.843046
-7.824602
-12.062898
-7.785997
-7.760473
-9.284670
-7.703411
-7.678240
-7.639971
-7.609795
-7.580819
-9.050945
-7.500668
-9.886962
-7.435859
-7.385078
-7.397906
-7.299793
-7.275369
-7.224173
-7.186131
-7.130370
-7.089591
-7.047540
-6.993342
-7.779324
-6.903758
-6.847474
-6.803833
-6.752213
-7.756899
-6.657684
-6.609890
-6.550110
-6.505064
353.544586
-6.402316
-6.344269
-6.301266
-6.723790
-6.213594
-6.150664
-6.096341
-6.040386
-6.758179
-5.935658
-5.885887
-9.379546
-5.778947
-5.721845
-9.746778
-5.606228
-5.540370
-7.394668
-5.448030
-5.407180
-5.352533
-5.286380
-5.243248
-5.178271
-5.120955
-6.743936
-5.019587
-4.965024
-8.963535
-4.833953
-3.392970
-7.080873
-1.715954
-2.559186
-3.244835
-3.859608
-4.409705
-4.869334
-5.282194
-5.641998
-6.934562
-6.213159
-8.498501
-6.668558
-6.852901
-7.012076
-7.159057
-7.277498
-7.398025
-7.477767
-7.556050
-11.933112
-7.681739
-7.720109
-7.772899
-7.800849
-11.581697
-7.833578
-7.856957
-8.310838
-7.873029
-7.873320
-7.859601
-7.861947
-7.846632
-11.134499
-7.809306
-7.781144
-7.865877
-7.736656
-7.713469
-7.694544
-7.645633
-9.259545
-7.592266
-7.549881
-11.721670
-7.489722
-7.429159
-11.321473
-7.367505
-7.307190
-8.234683
-7.233872
-7.184000
-7.141052
-7.101476
-7.051188
-6.999571
-6.951040
-9.466432
-6.841463
-6.804544
-10.936946
-6.700802
-6.655144
-9.540820
-6.558907
-6.503698
353.381897
-6.406605
-6.351305
-9.723915
-6.256591
-9.783543
-6.362305
-6.094278
-6.659666
-5.995260
-5.943431
-5.888168
-5.833844
-5.772336
-5.717652
-5.670002
-5.615107
-8.521091
-5.509542
-5.441534
-5.454411
-5.342636
-7.775930
-5.247004
-5.180184
-5.199194
-5.067588
-5.016131
-4.969867
-4.915153
-4.835503
-5.606419
-3.316632
-1.671653
-2.561836
-3.258796
-3.860864
-4.393818
-4.860229
-9.514145
-5.625332
-5.945851
-12.700752
-6.466130
-6.670969
-11.350505
-7.007886
-7.149436
-7.678587
-7.393087
-7.479717
-7.548213
-7.615722
-8.211986
-7.714872
-7.763714
-11.555454
-7.818534
-7.828809
-12.122192
-7.852247
-7.850983
-10.282331
-7.849178
-7.854789
-7.851734
-7.822925
-7.799344
-10.743452
-7.764865
-10.619401
-7.736193
-7.693444
-7.783234
-7.613914
-7.584917
-7.556398
-7.512730
-7.489647
-7.435675
-7.392892
-7.360122
-9.633232
-7.269126
-7.219207
-7.181732
-7.130397
-8.564543
-7.050204
-6.988042
-6.941984
-6.905534
-6.844127
-6.806853
-6.751790
-6.713615
-8.258668
-6.618086
-6.557569
-6.501744
353.547729
350.033661
-6.350444
-6.312864
-9.486492
-6.204797
-6.146156
-10.221816
-6.032722
-5.998757
-7.021699
-5.884726
-5.835742
-5.815776
-5.714168
-5.671517
-5.612253
-5.545718
-6.570947
-5.456281
-5.414523
-9.193681
-5.296523
-5.247838
-9.135936
-5.143842
-5.077588
-6.182939
-4.976123
-4.928027
-4.851906
-3.387612
-3.316974
95.912109
-2.556741
-6.646830
-3.862640
-4.392015
-4.865304
-5.275200
-5.634621
-5.946548
-6.225467
-6.466397
-6.670955
-6.855038
-7.019190
-9.111609
-7.285762
-7.394671
-7.491109
-7.561213
-8.423903
-7.687313
-7.725372
-7.769390
-7.792082
-7.821070
-7.826458
-7.845964
-7.858627
-8.872101
-7.865773
-7.857450
-7.858788
-7.832681
-10.794112
-7.796458
-7.753076
-7.883400
-7.700992
-7.664032
-11.796159
-7.576006
-7.534841
-8.828005
-7.462612
-7.420946
-7.403887
-7.344594
-7.292078
-7.261179
-7.224033
-9.417439
-7.190459
-7.140410
-11.292005
-7.041725
-6.989934
-9.238645
-6.852057
-6.802603
-7.212697
-6.683540
-6.642903
-6.603240
-6.559412
-6.518953
-6.462656
-6.408936
352.785187
-6.297391
-6.232596
-6.193336
-6.143333
-6.115868
-6.032079
-5.966745
-5.915858
-5.875336
-5.801486
-5.762370
-6.062259
-5.641264
-8.429920
-5.552344
-5.507901
-5.596848
-5.392630
-5.330817
-5.280610
-5.203546
-5.142973
-5.110305
-5.053129
-4.965205
-5.388846
-4.850321
-4.776784
-4.760961
-4.680540
-4.981730
-3.241982
-1.729409
-2.634523
-3.318697
-3.936147
-11.428982
-4.918033
-5.331248
-6.555959
-6.008709
-6.281577
-6.515738
-6.726361
-6.915007
-7.065298
-7.207551
-11.284610
-7.427911
-7.509722
-12.392623
-7.631537
-7.693748
-10.654996
-7.800903
-7.826328
-7.940049
-7.860438
-7.863554
-7.856446
-7.854029
-10.394768
-7.850376
-7.851713
-11.912194
-7.818356
-7.780513
-7.756497
-7.743125
-7.722090
-7.718400
-7.719857
-7.642471
-11.253524
-7.551353
-7.495226
-7.876908
-7.421318
-9.325493
-7.320840
-7.286684
-7.240159
-7.200176
-7.147422
-7.126518
-7.097052
-7.056424
-10.327670
-6.921775
-6.906261
-6.998575
-6.773844
-6.708539
-6.641523
-6.586246
-7.219263
-6.503366
-6.467082
-6.410138
353.637238
-6.310627
-9.077847
-6.280475
-6.213670
-6.182517
-6.090777
-6.026209
-5.940255
-5.881496
-7.115232
-5.773626
-5.715121
-9.675556
-5.616920
-5.579802
-9.427931
-5.467150
-5.437505
-6.465140
-5.384634
-5.306621
-5.242872
-5.191605
-5.096774
-5.011056
-4.955081
-6.766360
-5.203363
-4.797168
-4.723123
-3.272721
-3.203435
-1.718781
-2.603760
-3.305979
-3.923730
-4.460453
-4.937294
-11.161020
-5.707035
-6.013101
-6.503231
-6.529863
-8.023913
-6.915410
-7.077933
-7.207079
-7.321675
-7.429327
-7.511910
-7.578623
-7.644658
-11.008713
-7.747218
-7.801531
-7.875433
-7.841732
-11.096378
-7.869824
-7.871594
-8.083795
-7.890445
-7.883420
-7.862324
-7.829461
-7.806236
-10.152905
-7.751791
-7.722108
-7.705862
-7.703080
-7.695630
-7.637362
-7.589578
-11.026834
-7.562142
-7.483394
-11.692290
-7.377092
-7.353905
-10.929797
-7.279309
-7.257672
-7.779050
-7.146107
-7.095249
-7.044566
-7.008403
-6.953112
-6.913638
-6.828790
-9.837635
-6.718688
-6.668229
-10.822206
-6.600092
-6.565590
-9.153054
-6.449767
353.586243
-6.368234
-6.298234
-6.249412
-7.583601
-6.184142
-9.283413
-6.014433
-5.957030
-6.215425
-5.869720
-5.803460
-5.751335
-5.705659
-5.666439
-5.604691
-5.538917
-5.467389
-7.674275
-5.354743
-5.294147
-5.186300
-5.162146
-7.131713
-5.031586
-4.984528
-4.925650
-4.856489
-4.812499
-4.783016
-4.689535
-3.253719
-4.682104
-1.746157
-2.603924
-3.311484
-3.924863
-4.469728
-4.938175
-5.361465
-10.370435
-6.042382
-6.299411
-12.747076
-6.731109
-6.918238
-9.358407
-7.201427
-7.322222
-7.612383
-7.536175
-7.623211
-7.694133
-7.752263
-8.325753
-7.832924
-7.862465
-11.794712
-7.893179
-7.907055
-12.055769
-7.881447
-7.873532
-10.072062
-7.856011
-7.831451
-7.826060
-7.789785
-7.780345
-10.109160
-7.741157
-10.596501
-7.712398
-7.670570
-7.770980
-7.610940
-7.553365
-7.508658
-7.464525
-7.403334
-7.380782
-7.339993
-7.285156
-8.864775
-7.247587
-7.190735
-7.121859
-7.093443
-8.711852
-6.999735
-6.949524
-6.911572
-6.843498
-6.802222
-6.715084
-6.679041
-6.597907
-7.992512
-6.489335
-6.424140
353.632874
-6.308251
-6.248961
-6.212310
-6.153715
-9.940692
-6.055410
-6.037001
-10.122326
-5.948323
-5.880170
-8.509677
-5.769981
-5.707504
-5.755040
-5.562617
-5.501098
-5.422637
-5.397090
-6.161682
-5.336399
-5.274908
-9.292567
-5.178531
-5.134292
-9.087689
-5.029954
-4.983619
-6.476572
-4.875367
-4.822861
-3.323476
-3.232252
-1.735748
-6.249456
-3.325951
-8.773820
-4.488416
-4.943346
-5.450599
-5.697527
-5.999263
-6.273511
-6.516674
-6.744250
-6.920198
-7.093127
-7.246066
-9.218962
-7.519394
-7.614316
-7.687801
-7.753109
-9.347814
-7.813493
-7.844769
-7.844954
-7.866466
-7.879901
-7.896272
-7.894217
-7.881228
-8.960348
-7.854495
-7.880588
-7.863704
-7.843580
-8.329736
-7.817228
-7.774065
-11.173283
-7.697930
-7.677530
-11.966787
-7.612978
-7.589964
-9.787001
-7.491686
-7.456684
-7.473398
-7.385516
-7.332241
-7.273490
-7.245125
-9.543432
-7.136790
-7.087121
-10.998303
-7.012665
-6.945053
-10.897824
-6.850346
-6.816465
-8.086351
-6.702585
-6.650177
-6.588290
-6.531930
-6.483447
-7.669119
353.624451
351.545929
-6.269793
-6.241024
-6.213574
-6.167682
-6.139012
-6.139371
-6.045863
-5.960125
-5.908952
-5.831081
-5.804378
-6.780922
-5.681329
-5.637408
-5.578737
-5.532331
-6.502338
-5.440735
-5.374914
-5.268071
-5.195949
-5.121097
-5.052261
-5.035222
-4.973632
-5.611109
-4.931139
-4.818703
-4.803617
-3.295609
-4.002810
-1.723262
-2.592039
-12.691561
-3.920069
-4.467338
-12.855062
-5.364088
-5.748399
-9.107014
-6.351020
-6.593205
-6.787437
-6.954445
-7.087038
-7.199242
-7.321655
-9.380672
-7.511648
-7.580464
-12.587552
-7.675221
-7.694951
-12.040530
-7.722653
-7.740353
-8.516503
-7.771827
-7.806115
-7.837863
-7.841884
-7.869666
-8.974058
-7.864916
-9.485202
-7.845940
-7.821214
-7.801400
-7.760835
-7.715156
-7.673849
-7.621768
-7.591115
-7.564290
-7.548311
-7.500797
-8.172085
-7.370542
-10.842602
-7.265503
-7.205455
-7.688111
-7.120880
-7.115316
-7.063270
-7.040960
-7.004852
-10.543839
-6.925072
-6.886737
-6.842556
-6.787810
-6.717311
-6.678795
-6.604970
-9.009882
-6.488789
-6.416626
349.632172
-6.273772
-6.202338
-9.076044
-6.090672
-6.051514
-6.963784
-5.898224
-5.870232
-5.818440
-5.776569
-5.730800
-5.695765
-5.648668
-7.980302
-5.578928
-5.512491
-9.555141
-5.406332
-5.376108
-7.263373
-5.279101
-5.220059
-5.205101
-5.100066
-5.003045
-4.947643
-4.884950
-8.491594
-5.373663
-4.693039
-4.066166
-3.180442
-1.717429
-2.597080
-3.299450
-3.934289
-4.474947
-4.930792
-5.335674
-11.585629
-6.016605
-6.302683
-6.853654
-6.742932
-10.794378
-7.058648
-7.184823
-7.490385
-7.386656
-7.468269
-7.528719
-7.592041
-7.629580
-11.235705
-7.696966
-7.752936
-7.973628
-7.837958
-7.878365
-7.909423
-7.940858
-9.927123
-7.900521
-7.868589
-12.245275
-7.851346
-7.829103
-10.500420
-7.742182
-7.690350
-8.199133
-7.606195
-7.539936
-7.503934
-7.490824
-7.401106
-7.364794
-7.347538
-11.279029
-7.281465
-7.276760
-11.487272
-7.223822
-7.185193
-9.930645
-7.088801
-7.035674
-7.205727
-6.934971
-6.911616
-10.539686
-6.803596
-10.212453
-6.988442
-6.566261
-6.972434
-6.448561
-6.408780
-6.350660
353.725647
-6.233542
-6.182599
-6.199251
-6.125902
-9.319308
-6.031696
-6.010117
-6.122962
-5.920688
-8.182804
-5.803555
-5.746458
-5.750971
-5.652970
-5.572698
-5.489726
-5.400700
-5.355993
-8.378167
-5.310882
-5.205035
-5.258561
-5.071564
-5.004996
-4.966360
-4.866945
-6.243072
-4.795109
-4.802509
-8.791617
-3.218332
-3.173345
103.221169
-2.617652
-3.319039
-4.361613
-4.464087
-4.920984
-5.341275
-5.706714
-6.423664
-6.289077
-6.506182
-11.779957
-6.883718
-7.025785
-12.596467
-7.272399
-7.370967
-9.858777
-7.494895
-7.557168
-7.689474
-7.695111
-7.758061
-7.809396
-7.846619
-11.059143
-8.052499
-7.884678
-8.049864
-7.860920
-7.855708
-7.857157
-7.842087
-7.841858
-7.787760
-7.760844
-7.711925
-10.986162
-7.630533
-7.569189
-7.583383
-7.460938
-9.136326
-7.424445
-7.416553
-7.403347
-7.354313
-7.328750
-7.323164
-7.287738
-7.263997
-9.965148
-7.131654
-7.094101
-7.055536
-7.014796
-6.945845
-6.906002
-6.792959
-7.566433
-6.708839
-6.622412
-6.560031
-6.504866
-6.448397
-9.084329
-6.341003
353.702362
-6.366909
-6.210767
-6.189524
-6.178331
-6.126700
-6.811389
-6.019215
-5.953642
-9.632419
-5.857958
-5.794636
-9.737817
-5.656304
-5.615950
-7.356402
-5.468108
-5.386724
-5.342927
-5.378219
-5.241760
-5.169402
-5.157078
-7.631150
-5.122148
-4.989938
-5.026846
-4.908077
-4.856984
-4.809134
-4.724400
-3.296142
-3.245161
-1.709082
-2.623349
-9.560944
-3.933401
-4.454566
-4.969581
-5.309952
-8.005298
-5.965829
-6.232305
-6.454355
-6.658831
-6.836392
-7.010454
-7.182730
-7.317130
-10.181774
-7.540645
-7.631899
-7.696933
-7.741479
-11.975383
-7.805542
-7.829059
-8.630374
-7.878007
-7.897461
-12.246840
-7.858934
-7.848789
-10.538966
-7.805418
-7.780864
-7.831282
-7.717126
-7.702569
-7.649353
-7.636440
-8.775154
-7.643133
-7.600410
-11.533937
-7.583564
-7.545462
-11.659324
-7.442238
-7.377133
-8.727080
-7.332534
-7.264584
-7.225871
-7.190500
-7.143484
-7.022316
-6.963274
-9.130733
-6.896067
-6.810215
-6.747429
-6.667361
-6.614036
-6.559711
-6.517643
-6.468338
-6.436909
-6.406047
-6.335074
351.017151
-6.227955
-6.178132
-6.138940
-6.077053
-7.034993
-5.953299
-5.919316
-5.887949
-5.850610
-5.816977
-5.751496
-5.697705
-5.617782
-6.905695
-5.483469
-5.436443
-5.403287
-5.385855
-8.573231
-5.311947
-5.249035
-5.544076
-5.179426
-5.158150
-9.101118
-4.978379
-4.932782
-6.694045
-4.843647
-4.733549
-3.282007
-3.170941
-1.724696
-2.607776
-3.319858
-7.143672
-4.451369
-4.916059
-12.636087
-5.672870
-5.995807
-12.073830
-6.520738
-6.737584
-8.277986
-7.080761
-7.228765
-7.351936
-7.471429
-7.559725
-7.617880
-7.666868
-9.552217
-7.731315
-7.774550
-7.807940
-7.835657
-7.847598
-7.871508
-7.870942
-7.876459
-7.886304
-7.890504
-7.891095
-10.075002
-7.880414
-11.654074
-7.814042
-7.784441
-8.408453
-7.725476
-7.706019
-7.639649
-7.586968
-7.577062
-7.475542
-7.434565
-7.411912
-8.442970
-7.366077
-7.323615
-7.270628
-7.252577
-10.011676
-7.190257
-7.135342
-7.245838
-7.043811
-6.947990
-10.878577
-6.845306
-6.759337
-7.902415
-6.613697
-6.583391
-6.559138
-6.529417
-6.477259
-6.449480
353.590942
351.488220
-6.337657
-6.291458
-10.407530
-6.206204
-6.163164
-9.399093
-6.012764
-5.942272
-5.922353
-5.804402
-5.741294
-5.655225
-5.582099
-5.541990
-5.499233
-5.423136
-6.383499
-5.415600
-5.391607
-5.310145
-5.258684
-5.222306
-5.202628
-5.111016
-5.029264
-5.018706
-4.931829
-4.869301
-6.174449
-3.297047
-6.288052
-1.756074
-2.619155
-3.658417
-3.919208
-4.455986
-4.916285
-5.323776
-5.675671
-5.992173
-6.262617
-6.515526
-7.722872
-6.906415
-7.076680
-7.210604
-7.348405
-9.878862
-7.529987
-7.618598
-7.710536
-7.751419
-7.773511
-7.782406
-7.806155
-7.818599
-8.548770
-7.829440
-7.834013
-7.898726
-7.862556
-7.857388
-7.872544
-7.846294
-10.986693
-7.834041
-7.823293
-12.178954
-7.756655
-7.717844
-10.456191
-7.653351
-7.606585
-7.744429
-7.525204
-7.477445
-7.437696
-7.378212
-8.043215
-7.288336
-7.277083
-11.390613
-7.190623
-7.108732
-11.244069
-7.076013
-7.051474
-7.025936
-6.989112
-6.951652
-6.821396
-6.775420
-6.710740
-7.510617
-6.570408
-8.939190
-6.448750
-6.387598
353.626221
-6.284905
-6.238333
-6.214441
-6.223642
-6.094626
-6.084329
-6.024515
-6.006767
-6.220916
-5.920537
-5.889466
-5.775159
-5.720522
-6.811615
-5.615510
-5.553458
-5.495058
-5.450817
-5.369264
-8.565398
-5.191866
-5.151927
-5.352353
-5.042364
-5.017402
-4.996425
-4.915939
-5.367431
-4.854015
-4.746250
-6.770222
-3.216283
-1.682158
-11.833272
-3.281609
-3.910985
-8.459338
-4.931140
-5.360052
-5.754880
-6.042676
-6.293796
-6.471765
-6.717735
-8.439445
-7.030934
-7.170692
-12.353289
-7.390642
-7.476937
-7.550439
-7.620701
-7.686769
-7.740364
-7.795519
-7.822135
-7.855044
-7.867113
-7.892378
-7.931514
-7.900039
-9.960602
-7.858531
-7.838970
-7.804319
-7.780666
-7.759087
-7.743203
-7.720192
-7.681317
-11.188276
-7.653009
-7.608224
-7.781308
-7.583107
-7.582700
-7.532886
-7.506511
-8.341782
-7.412488
-7.374950
-7.326444
-7.287581
-7.225033
-10.123782
-7.083801
-7.020497
-7.066856
-6.877489
-6.823220
-6.804256
-6.831532
-8.677409
-6.676111
-6.629385
-10.317410
-6.523926
-6.443040
-10.513593
353.618317
-6.328154
-7.649095
-6.259028
-6.202113
-6.155333
-6.086720
-6.018272
-5.977233
-5.926357
-7.551763
-5.841176
-5.769804
-9.857554
-5.664349
-5.557221
-5.485142
-5.396239
-5.390096
-5.339935
-5.285480
-5.204434
-8.464467
-5.069269
-5.015426
-5.137572
-4.935923
-6.155584
-4.826337
-4.819912
-4.732934
-3.283629
-3.212803
-1.720448
-2.596930
-3.291691
-9.613387
-4.452640
-4.900951
-5.399687
-5.652755
-11.233299
-6.225597
-6.469852
-7.157708
-6.834595
-6.992040
-7.129000
-7.279212
-7.403001
-10.438518
-7.595119
-7.666139
-7.712513
-7.727313
-7.759980
-7.795570
-7.803629
-9.608712
-7.801010
-7.779315
-12.189434
-7.771772
-7.750049
-10.816146
-7.709099
-7.705370
-8.614165
-7.670082
-7.702338
-7.673592
-7.653267
-7.666049
-7.636351
-7.611537
-9.025507
-7.670988
-7.488127
-7.459041
-7.418626
-7.376650
-7.318266
-7.234763
-7.213058
-7.137675
-7.069089
-7.006552
-9.564455
-6.919788
-10.419078
-6.825856
-6.815048
-7.312281
-6.709850
-6.690195
-6.695420
-6.634926
-6.573827
-6.497750
-6.434617
353.627136
351.661987
-6.264793
-6.224181
-6.145846
-6.092222
-8.352854
-5.923783
-5.849741
-5.846334
-5.740356
-5.708876
-5.633747
-5.582688
-5.559068
-6.005036
-5.473005
-5.408117
-5.377248
-5.339054
-5.315785
-5.267825
-5.216186
-7.605441
-5.069931
-5.012443
-9.044555
-4.887532
-4.830770
-7.784099
-4.735810
-3.231118
-3.441495
-1.754271
-2.614183
-3.286937
-3.901340
-5.004205
-4.892748
-5.303490
-11.736850
-5.983335
-6.255629
-12.495405
-6.709525
-6.909276
-9.537501
-7.233133
-7.359815
-7.482074
-7.562253
-7.618140
-9.370270
-7.738201
-10.837379
-7.814811
-7.846930
-7.991111
-7.884853
-7.906600
-7.915801
-7.921504
-7.914624
-7.904805
-7.899803
-7.884867
-8.721946
-7.846373
-7.835751
-7.812694
-7.782008
-9.178209
-7.745927
-7.702781
-7.662360
-7.626731
-7.602679
-7.568505
-7.549083
-7.492119
-7.962516
-7.417140
-7.369277
-7.338849
-7.294018
-7.708798
-7.193494
-7.152197
-10.561058
-7.055620
-7.001079
-11.154049
-6.913836
-6.870770
-8.989496
-6.774335
-6.724470
-6.700828
-6.624231
-6.587067
353.465881
-6.484593
-7.705444
-6.380278
-6.331914
-10.265031
-6.223446
-6.162594
-9.935015
-6.071963
-6.009342
-5.961893
-5.900671
-5.846279
-5.784355
-5.744314
-5.681230
-6.524464
-5.576451
-7.154532
-5.487298
-5.431893
-5.368383
-5.325114
-5.263136
-5.214125
-5.151695
-5.103113
-5.052136
-5.007169
-4.916397
-3.955555
-3.386587
104.687859
-2.556673
-3.249193
-4.964473
-4.420920
-4.874689
-5.300281
-5.663656
-5.981088
-9.907171
-6.495199
-6.706615
-7.234667
-7.049666
-7.193112
-7.316617
-7.435796
-10.379842
-7.591785
-7.659375
-12.341868
-7.761527
-7.809967
-12.348428
-7.862538
-7.880958
-9.194301
-7.909528
-7.912399
-7.910128
-7.909576
-7.906424
-7.888877
-7.890944
-10.246372
-7.838596
-7.818243
-12.141322
-7.763705
-7.751692
-11.158700
-7.671533
-7.653909
-8.032448
-7.575383
-7.553393
-7.497788
-7.459330
-11.222690
-7.728114
-7.336172
-8.036357
-7.249406
-7.196172
-7.150708
-7.114654
-7.055770
-7.008332
-6.966350
-6.913043
-7.803623
-6.822796
-6.779459
-6.722148
-6.686006
-9.225604
-6.577231
353.469635
-6.568030
-6.417516
-6.374937
-6.318404
-6.282593
-6.209527
-9.056422
-6.098237
-6.058043
-6.032893
-5.949052
-5.899714
-5.841471
-5.783481
-7.136689
-5.674441
-5.627134
-9.704140
-5.523284
-5.479826
-8.634104
-5.361232
-5.322013
-5.537751
-5.206803
-5.147714
-5.098824
-5.044924
-5.656577
-4.907387
-3.457693
-6.795282
-1.707088
-2.555102
-12.631087
-3.881710
-4.419021
-8.855050
-5.301121
-5.655091
-6.010724
-6.251914
-6.500827
-11.210722
-6.893799
-10.706158
-7.336399
-7.322109
-7.593498
-7.528522
-7.602157
-7.667056
-7.721930
-7.758580
-7.802063
-7.837827
-7.865527
-11.326659
-7.902785
-7.906628
-7.944953
-7.917299
-9.408818
-7.907569
-7.880994
-7.883574
-7.857110
-7.837568
-7.816658
-7.786977
-7.762796
-9.822001
-7.700726
-7.676669
-7.648308
-7.604331
-11.155079
-7.545300
-7.490978
-7.962154
-7.411615
-7.360431
-7.330174
-7.291676
-7.248013
-9.433906
-7.152593
-7.114367
-7.079594
-7.006856
-6.975694
-6.918084
-6.872477
-8.094495
-6.783679
-6.724743
-10.734546
-6.622838
-6.569131
349.586212
-6.471697
-6.411984
-7.339537
-6.322871
-6.272758
-6.204500
-6.158837
-6.111283
-6.062332
-6.001501
-7.591726
-5.811659
-5.839190
-5.785189
-5.746226
-5.688450
-5.615447
-5.587489
-5.526987
-5.481534
-5.416846
-5.367414
-7.240880
-5.241232
-8.814611
-5.144510
-5.096502
-5.593463
-5.013972
-4.922875
-3.471653
-3.395552
-1.691037
-2.568284
-3.273959
-3.886191
-7.119801
-4.889182
-5.308771
-5.665501
-5.984838
-10.177046
-6.507637
-6.710522
-7.017931
-7.057815
-7.201021
-7.317338
-7.433351
-7.527337
-8.851778
-7.670261
-7.728323
-7.771954
-7.810504
-7.848917
-7.872855
-7.891208
-10.640508
-7.923513
-7.926494
-12.440703
-7.920047
-7.919860
-11.103058
-7.894072
-7.862731
-8.054044
-7.814497
-7.786252
-7.771091
-7.754861
-8.324629
-7.670365
-7.635774
-11.248812
-7.571633
-7.554288
-11.732007
-7.452615
-7.412529
-7.364236
-7.340291
-7.294640
-7.256865
-7.206964
-7.154847
-8.540919
-7.051016
-9.656178
-6.962075
-6.910803
-6.959084
-6.816212
-6.770525
-6.713938
-6.673179
-6.615789
-6.571972
353.481506
-6.475358
-7.324073
-6.370743
-6.323841
-6.275667
-6.214691
-7.468718
-6.112690
-6.064764
-6.006214
-5.955896
-5.899250
-5.842386
-5.784492
-5.743316
-6.283667
-5.603624
-5.573460
-5.528018
-5.470633
-6.067797
-5.362100
-5.318878
-8.805157
-5.197575
-5.136887
-8.831857
-5.041331
-4.998952
-6.715359
-3.456774
-3.397549
-1.712580
-2.559828
-3.261925
-3.880754
-4.417587
-10.358218
-5.295766
-5.666170
-12.566081
-6.254611
-6.500520
-12.027025
-6.902864
-7.058587
-8.276464
-7.320890
-7.440946
-7.529140
-7.606078
-7.671026
-8.875079
-7.778808
-9.378350
-7.852886
-7.876798
-7.891013
-7.910646
-7.912195
-7.918236
-7.924809
-7.912838
-7.916421
-7.893221
-7.890489
-8.645952
-7.847270
-11.335972
-7.791409
-7.773820
-8.182295
-7.709475
-7.664682
-7.660302
-7.617009
-7.581025
-11.323548
-7.504960
-7.458073
-7.452418
-7.368696
-7.344532
-7.302317
-7.251592
-9.575495
-7.155161
-7.116880
-11.143106
-7.001461
-6.969219
-10.774587
-6.866179
-6.812524
-7.697258
-6.719443
-6.677195
-6.621690
-6.561454
353.479401
-6.470331
-6.409416
-9.990648
-6.322926
-6.286418
-10.365369
-6.163468
-6.107335
-9.042303
-6.004834
-5.958287
-6.033190
-5.840419
-5.787005
-5.741745
-5.681612
-6.280271
-5.569949
-5.522950
-6.062496
-5.423751
-5.370835
-5.330708
-5.260166
-5.197664
-5.135876
-5.091324
-5.039685
-8.756335
-4.918036
-3.455135
-3.845829
-1.691037
-6.734276
-3.265135
-3.875918
-4.551022
-4.889613
-5.302698
-5.666840
-5.984394
-6.259789
-11.647231
-6.715194
-6.896067
-7.054222
-7.197978
-7.320740
-7.438767
-7.531295
-9.452544
-7.669498
-7.725493
-7.761332
-7.810236
-7.839166
-11.627711
-7.875924
-7.894362
-8.265464
-7.910719
-7.906076
-7.900947
-7.909393
-7.889047
-7.878048
-7.858890
-11.176827
-7.814941
-7.783196
-12.107360
-7.740736
-7.691825
-10.259144
-7.636082
-7.591928
-7.550589
-7.532636
-7.478206
-7.431620
-7.400249
-8.281203
-7.314383
-7.272018
-7.549504
-7.175681
-7.132867
-7.087975
-7.037411
-6.984453
-6.948428
-6.895176
-6.856303
-10.428358
-6.763476
-6.702887
-7.166455
-6.602361
-8.542004
353.501923
-6.449049
-6.405522
-6.351632
-6.294676
-6.261077
-6.190334
-6.146448
-9.405375
-6.048207
-5.985696
-6.111966
-5.890384
-5.823658
-5.777580
-5.723017
-6.717090
-5.605290
-5.576888
-5.526072
-5.483610
-5.421771
-8.254753
-5.301775
-5.239995
-5.374839
-5.136969
-5.098462
-5.040559
-5.002039
-5.690421
-3.461579
-3.387431
74.573280
-2.551482
-3.264616
-12.892547
-4.417054
-4.877393
-8.772618
-5.662912
