585.486694
536.515015
614.723022
489.841278
476.325226
500.752380
457.995605
451.405396
444.826111
440.257507
584.430237
536.328430
508.794098
525.984619
476.487274
466.113525
458.064850
451.509033
444.635315
440.956451
583.794495
535.838684
518.564575
489.564880
476.146057
465.843414
457.774963
477.961365
444.414856
440.103729
584.045593
536.106812
508.621216
520.864258
476.482574
466.110016
471.773926
451.530334
444.655212
440.308258
584.107788
1186.588379
508.530243
489.640778
476.697632
465.752533
457.715332
433.690216
444.415985
440.089935
496.766296
536.093018
508.642395
489.928131
476.457031
486.925873
458.042694
451.467499
448.374603
440.308258
584.107788
536.211304
508.568970
489.728394
518.233459
465.755371
457.713104
451.840820
444.440704
425.702972
584.169922
536.014282
547.665710
489.928925
476.422211
466.061340
458.011047
451.499908
421.458771
440.256195
584.296875
831.916382
508.772583
489.778259
476.132111
465.767761
484.503601
451.184601
444.383179
440.062195
583.745056
536.086121
508.733063
489.987701
476.538910
469.514648
458.170471
451.647247
461.261230
440.467529
168.253418
536.494202
508.934204
490.115570
476.424896
466.079437
457.904846
451.405396
444.600586
440.292542
584.107788
536.321716
614.673706
490.179413
512.580994
466.913208
458.318512
453.712372
444.847473
440.528687
584.470520
536.305115
508.741211
489.808105
476.236603
465.891876
457.782410
451.220276
439.563446
460.386475
583.745056
579.412354
508.473083
489.727631
476.138031
465.752472
457.597015
450.956696
444.106354
439.733002
584.241089
536.091187
508.371246
505.456421
475.804291
487.028931
486.602600
450.703888
443.925507
439.673370
583.682922
535.886780
508.378632
489.579437
476.085297
465.664490
457.582611
451.061218
444.196106
461.193207
131.959686
536.200317
508.743988
518.174072
475.988281
465.502899
457.360901
450.805115
443.910583
439.612183
583.856689
535.867249
508.422394
546.625977
476.156464
465.774353
457.744049
464.725677
444.175507
439.824493
651.428833
536.191528
508.645508
489.806549
476.054779
465.499481
457.233612
468.950623
443.643463
439.199280
598.512695
3073.721191
508.257538
489.513702
517.862061
465.641510
457.597473
451.316040
444.308533
439.999664
583.968140
1983.894653
508.897766
489.997772
484.347137
466.043579
457.820496
451.099518
427.414185
439.830017
583.305298
691.244385
508.437378
489.752350
476.175964
469.250366
457.716125
451.219818
456.865112
440.048065
583.605713
536.090393
508.595337
489.876923
476.307098
499.532379
457.741760
450.975616
444.971558
439.682220
583.110229
535.450195
572.469910
489.511230
476.126984
465.758331
457.787842
451.251770
444.568909
440.276886
584.101257
536.402100
586.599121
490.385864
476.904388
466.586670
488.555725
451.661255
444.667877
440.434845
583.605713
536.047302
508.742004
490.012909
476.562012
466.230743
443.707825
451.596405
444.738892
462.013153
210.906067
536.465149
509.103058
491.006805
476.807770
466.276276
458.056519
451.388336
444.446838
440.131012
583.354980
536.014954
508.723206
521.802856
507.782257
466.100464
474.595428
454.767059
444.663422
440.302582
583.788086
536.324036
508.983765
490.177216
476.508942
465.929810
457.739441
451.099518
437.759979
439.956635
175.678162
587.138367
508.514557
496.726501
476.329681
465.976196
457.883423
451.357483
444.502045
440.157898
583.599487
536.253235
508.756256
489.975861
473.481598
486.797882
457.645966
477.685211
444.216858
439.843842
586.202271
535.944763
508.518829
489.788452
476.304443
466.041321
457.888275
451.391205
444.514709
460.713257
583.537354
2918.600098
509.463928
490.094574
501.727203
465.829956
457.718750
451.152924
444.391296
440.100006
583.599487
536.202209
508.786041
546.318481
476.571899
466.261871
458.229980
451.643097
466.455841
440.495758
583.843872
539.840759
509.067444
490.123596
476.523804
466.155609
458.006287
470.488190
444.720917
440.365265
602.528015
536.441406
509.092834
490.349152
476.836761
495.519135
458.342133
451.818481
444.866028
440.484283
583.710815
1959.173584
508.702942
489.867371
486.834991
465.890137
457.817993
451.295502
444.345154
430.755676
583.348877
536.271118
528.409241
490.011536
476.453400
453.701874
457.895111
451.275604
464.902588
439.850220
583.348877
540.243042
508.281830
489.459991
475.903473
465.584198
431.165161
450.875519
443.937622
403.369751
583.348877
536.053406
588.015747
489.743805
476.195160
496.037506
457.624878
450.969421
444.095459
439.436157
582.736694
535.632690
508.099304
456.831573
475.822113
465.492676
438.485840
450.778046
443.943451
431.822388
583.160522
536.050659
537.746277
489.767273
476.211884
465.732971
457.583160
447.266785
443.900421
439.395203
108.939468
535.590393
508.193420
500.933960
475.912415
465.567657
483.362915
450.867096
443.997131
441.215485
583.348877
536.152039
508.720093
489.904907
514.190002
465.912170
457.805145
452.268127
444.067932
439.539459
116.886086
535.822815
508.489594
536.882385
476.124634
465.773987
457.584503
451.029846
446.804260
439.784424
583.781677
558.260925
508.810028
490.014343
476.395935
465.921539
457.640472
476.955505
443.778137
439.182465
583.664917
535.859924
604.264893
489.569885
475.950104
478.279388
457.329132
450.765778
443.844940
439.384583
583.593262
1287.305908
508.733887
489.819275
477.315186
465.569550
457.246521
450.561401
443.589294
454.737061
583.098450
535.770142
508.301392
489.466064
475.846161
487.986237
457.290558
450.733917
446.462585
439.341156
583.231567
536.085632
508.535980
532.325073
475.864288
465.111359
456.874359
450.169830
443.163666
431.346954
582.736694
535.552673
525.837646
489.237427
475.596313
465.124878
456.958344
476.946899
443.486084
439.043335
583.419861
535.915344
508.364502
503.936218
475.715485
465.025940
486.541351
450.126709
443.169189
438.974884
582.736694
1128.445923
508.100464
489.200500
475.825134
465.126862
456.958344
450.262970
443.461517
438.996887
131.865051
535.852356
508.328766
517.199890
475.771423
491.548401
456.806152
450.042297
446.656006
438.701202
582.736694
535.497314
508.057739
489.245514
475.633148
465.213928
457.060944
472.446442
443.675537
435.518311
589.929504
536.047302
520.227783
489.715210
476.003204
465.547516
457.174286
450.424194
443.460846
439.083038
582.548767
2730.907227
508.192902
521.921631
498.083923
465.428009
469.246918
450.688934
443.845856
439.458405
583.404968
536.180237
508.621185
489.862427
476.211029
465.582916
457.244354
450.558533
454.815338
439.091400
579.244263
554.725891
508.412567
489.533783
475.902313
465.458435
457.299377
450.698181
443.746368
439.359039
582.981323
536.072021
508.584503
489.649323
511.299194
490.895508
456.932770
450.311035
447.239166
438.893860
582.548767
535.558655
508.006104
489.238464
475.604401
465.264160
457.022797
450.421021
467.011292
409.544159
583.169434
535.818848
605.616150
489.443695
475.714417
465.245819
456.785187
450.154602
443.113220
438.698242
582.486694
535.400818
621.808228
489.143127
475.510101
465.862061
452.429169
450.359161
443.409088
455.298737
582.981323
535.818848
508.281647
489.378845
475.554962
464.969116
472.654480
450.067627
443.117188
441.389862
582.486694
535.425476
507.906921
537.510193
475.489838
465.061096
463.448273
450.315277
443.408386
438.953247
126.654312
535.811829
508.284149
524.345093
475.491547
464.927460
456.703888
450.061096
443.186798
438.749695
391.065979
535.463745
507.962952
489.144867
475.582825
465.194702
457.036133
466.506378
443.546539
439.172943
583.342896
535.969482
508.441376
489.443359
504.829132
465.151031
456.843872
457.461853
443.402435
438.946899
582.848267
726.677734
508.138947
489.357880
475.786835
465.373962
457.213470
450.660309
443.717468
439.354156
583.342896
1056.611816
508.544189
489.481659
486.003265
499.479126
457.015045
450.405914
443.557800
439.121948
582.981323
535.708069
508.229187
489.475586
475.853668
465.441223
457.257660
450.776855
463.596100
454.058197
583.154724
541.258667
509.642548
489.393707
475.596497
465.106567
456.892456
450.213898
584.291748
535.964172
613.902832
489.410461
475.804260
500.122437
457.363434
450.814178
444.158783
439.545288
583.834229
535.779419
508.488678
523.841797
476.094910
465.729797
457.756287
451.033447
444.173706
441.984009
584.518127
536.085205
517.886658
489.499390
475.811127
465.428833
457.426392
477.279938
443.974365
439.693970
584.022888
535.912659
508.514679
522.169128
476.277557
465.941742
470.438354
451.292664
444.441925
440.061340
584.580261
1127.239502
508.771790
489.765808
476.563934
465.773743
457.735016
434.255554
444.343811
439.905609
522.150330
536.126282
508.726501
489.995209
476.502136
487.338470
458.102722
451.497162
447.915924
440.232941
584.580261
536.178955
508.601990
489.705658
518.212402
465.722107
457.708496
451.688751
444.192047
426.117859
584.029602
536.054382
544.979980
489.848328
476.356781
465.998688
457.908722
451.226288
421.561066
440.009064
584.447083
802.267578
508.316071
489.486328
475.900269
465.570618
483.489929
450.845154
444.075623
439.630402
583.896362
535.881897
508.503723
489.699982
476.147400
469.571381
457.703247
451.079498
460.246826
439.790039
171.273956
536.182739
508.405029
489.489380
475.820801
465.378723
457.368896
450.654083
443.922302
439.514893
584.085022
535.780457
613.073059
489.580994
512.915283
465.995026
457.689606
452.356171
444.194519
439.826050
584.580261
536.080139
508.389313
489.492065
475.880127
465.450439
457.418671
450.751495
441.543213
459.588226
584.196106
572.630981
508.577850
489.779419
476.256165
465.926483
457.899719
451.207611
444.427673
440.005676
584.691101
536.228149
508.580353
506.857697
476.108398
486.368866
485.863800
451.102142
444.232391
440.037842
584.196106
536.197449
508.763275
489.991638
476.443451
466.031097
458.048309
451.359100
444.484833
461.173187
132.149155
536.046814
508.519379
518.900024
476.025604
465.661682
457.634125
451.003296
444.088379
439.702118
583.834229
536.040588
508.518280
547.035583
476.274506
465.853577
457.904907
461.949768
444.214386
439.710449
662.864197
535.723633
508.192993
489.367706
475.820953
465.494171
457.501648
464.535065
444.018555
439.690674
620.701477
535.953003
508.547119
489.727478
517.795227
465.856110
457.769989
452.327545
444.145172
439.635559
583.834229
2489.579834
508.251678
489.375488
492.207703
465.572266
457.505554
450.790771
420.557526
439.558472
584.196106
825.372925
508.581146
489.704254
476.241791
465.839386
457.768463
451.121704
464.422729
439.591919
583.834229
535.699036
508.214844
489.492706
475.992188
489.629242
457.662994
451.004761
449.310974
439.809692
584.329285
536.197449
605.663818
490.058105
476.507446
466.191132
458.078613
451.411682
444.361298
439.903107
584.329285
536.022217
616.977234
489.795013
476.348267
466.802429
482.690186
451.277283
444.458008
441.315094
584.440125
536.391846
509.016876
490.168030
476.652802
466.222015
458.144165
451.273529
444.291687
454.317413
149.699554
535.925720
512.334656
499.302826
476.282837
465.889923
457.836700
451.220581
444.333252
439.911133
584.440125
536.304199
508.928040
504.874817
485.320404
466.121063
487.865906
466.925354
444.115662
439.485291
583.583679
535.760193
508.329254
489.646667
476.141968
465.762451
457.745972
451.069458
444.214752
439.853302
126.104637
781.729004
508.733368
526.133545
476.387878
466.022217
457.895844
451.038635
444.046112
439.522522
583.583679
535.634216
508.295502
489.563843
476.011169
499.543884
457.552124
454.107300
444.334808
439.691315
680.329834
536.084473
508.661072
489.841156
476.232697
465.938385
457.728455
450.897064
443.872498
429.078247
583.395325
535.609558
541.801208
489.439514
515.697327
465.495117
457.461548
451.574982
443.942688
439.552795
583.827881
535.988037
508.484253
523.057190
476.171814
465.846252
470.285736
451.056061
429.627747
439.479309
583.466492
674.324890
508.277802
489.451996
476.003662
465.664551
457.582550
451.009094
444.101288
439.727478
465.253845
536.200928
508.793701
489.951080
476.475739
482.458282
457.962158
451.118042
453.317169
439.640747
583.639526
535.901245
508.559570
489.745483
517.844910
465.869354
457.763214
452.225739
444.298492
439.968994
584.433228
536.357056
494.916565
490.073822
476.452179
444.487549
457.656525
450.907166
420.758911
439.445221
583.389282
838.013794
508.461456
489.611145
476.020599
465.652252
457.567291
450.931732
444.053406
398.297760
583.688354
536.137268
574.288025
489.808075
476.173981
467.159760
457.348877
450.484985
461.155609
439.237549
582.966003
535.593201
508.301178
489.382080
475.819641
465.408844
415.591278
450.649292
443.801788
408.304108
583.688354
535.972900
616.795959
489.637085
475.945892
475.101624
457.147980
450.366211
443.419983
438.979340
400.628418
535.498901
508.165802
471.702942
475.628754
465.274353
438.817230
450.472382
443.578186
454.037659
583.139221
535.872559
511.848633
489.480896
475.793701
465.281006
456.947784
474.090485
443.156860
438.700592
588.195984
535.496277
508.090637
505.444550
475.614044
465.216217
483.615143
450.529449
443.592957
439.223572
583.571228
1766.148560
508.489746
489.650238
480.980194
465.368469
457.136719
450.351105
443.468811
438.984924
268.586975
535.850159
508.376190
489.502380
475.880371
471.326965
457.434631
450.708649
454.656891
439.398499
583.932251
536.196594
508.585449
489.478058
512.601563
465.179504
457.000610
451.784760
443.388611
438.985657
582.827271
535.693054
567.837585
489.310883
475.715942
465.275024
457.164154
450.428741
441.872253
439.054962
583.321167
567.169006
508.017334
489.021484
475.203705
464.735992
486.433136
449.826691
442.975708
438.242126
582.960327
535.446594
594.723450
488.980408
475.312317
483.953400
456.620422
449.803162
442.892761
438.274048
210.244766
535.374329
507.642487
489.285889
474.729065
464.219696
456.103210
449.438141
442.426361
446.508179
582.960327
535.334839
516.733643
488.724213
505.580536
464.558289
456.280151
452.624298
442.515533
437.911560
583.071228
535.330261
507.607941
501.557678
474.444153
463.829193
485.567291
448.759521
427.938751
437.535400
582.350037
669.488953
507.400482
488.178802
474.342865
463.790955
455.555145
448.815125
441.767853
437.158203
144.115784
535.194763
507.341888
499.677399
474.160980
486.439606
455.288422
448.491852
441.456055
436.856659
582.710632
535.189026
507.532654
488.353424
474.524963
463.907715
455.705627
474.345306
441.843231
458.138977
591.701538
535.251953
507.387024
488.128387
474.292786
463.641174
455.405548
448.591858
441.613373
436.981079
582.710632
535.323669
507.544495
545.128784
515.726746
463.980988
455.835419
450.049530
441.747192
437.029358
582.710632
535.088379
507.251801
487.948212
474.138062
463.520508
455.341949
464.971161
418.823822
436.883514
609.701904
807.519958
507.486481
488.333038
474.585571
463.993958
455.682251
448.812500
441.811676
437.154633
582.523071
2290.743164
507.175873
487.980255
483.730042
468.536926
455.351349
448.540680
456.508179
436.730682
582.843933
535.127747
507.315765
488.210358
474.458740
463.849030
455.618500
448.669342
457.634644
437.088684
582.954651
535.158447
618.901794
487.943695
474.074066
470.543884
455.231110
448.378967
441.334076
436.800659
582.781799
535.111633
589.312317
488.248047
474.419586
463.857819
455.535675
448.675354
441.654175
455.050659
582.829224
535.395447
509.055389
488.069855
474.151276
463.474548
484.157349
448.409241
441.327850
436.875885
582.594299
535.190613
507.545502
525.350342
474.587250
463.982819
469.162567
448.897400
582.839600
534.432068
610.192749
487.003998
472.806396
496.079956
453.386719
446.026764
439.290527
433.392090
583.568298
534.656738
506.389069
523.400146
472.404266
461.397125
452.621643
445.480896
438.340454
433.115936
583.457458
534.461792
516.984985
486.533844
472.418396
461.684448
453.032196
472.174316
438.605743
433.383545
583.952271
534.854797
506.457214
516.473755
472.201477
461.073669
466.079407
445.021393
437.794067
432.528687
583.457458
1213.818970
506.072632
486.403625
472.680298
461.294006
452.663574
428.770020
437.989105
432.631836
496.936340
534.552307
505.931091
486.086060
471.724365
481.583099
451.964813
444.718689
441.128876
432.143646
583.096375
534.254456
505.838531
486.127869
513.445251
460.819763
452.115143
445.626129
437.606506
418.515594
583.457458
534.191772
543.188477
485.959290
471.605072
460.828735
452.274902
444.893311
414.680603
432.577423
583.457458
821.059265
506.038086
486.581909
472.465637
461.714722
479.498535
445.853638
438.652771
433.404297
583.457458
534.319763
505.935364
486.301178
472.077606
464.707703
452.688751
445.511444
454.848145
433.088562
168.229950
534.407837
506.224426
486.730164
472.504425
461.702423
452.858551
445.956421
438.769287
433.366486
583.818604
534.438538
613.281799
486.383179
506.680176
462.029144
452.740143
447.403656
438.242126
433.145599
583.269409
534.424438
506.195953
486.545349
472.265808
461.419586
452.852570
445.623352
432.308075
453.885498
583.630371
582.085815
506.141266
486.303101
472.041412
461.331085
452.628845
445.767120
438.484558
433.448120
583.269409
534.482422
506.251343
501.518372
472.423828
485.681915
482.695404
446.068787
438.976746
433.809814
583.701904
534.809753
506.469421
486.801697
472.615265
461.717102
453.185730
446.124115
439.068146
455.247345
128.123154
534.728394
506.680939
520.531677
473.030609
462.226105
453.554352
446.532654
439.269318
434.029999
583.701904
534.799805
506.431091
543.360413
472.389282
461.492798
453.370697
451.140625
438.453949
433.316040
680.883606
534.452148
506.239166
486.535461
472.284851
461.365509
452.609070
452.929688
437.923462
432.622986
640.415894
534.241882
505.627258
485.820557
510.461182
460.594696
451.552917
446.459076
436.930817
431.780945
582.846375
2738.076904
505.533173
485.827881
491.174591
460.290253
451.316467
443.880432
412.072571
430.955750
583.207275
877.338501
505.307098
485.233276
470.780487
459.788055
451.035645
443.834351
456.514069
430.557922
582.846375
533.988892
505.501892
485.582062
471.180847
482.587006
451.436646
444.026611
442.195984
431.067841
583.341003
534.217651
604.745667
485.383850
470.866943
459.811493
450.904572
443.587616
436.116974
430.905914
582.658569
533.877930
614.879150
485.516693
471.149933
461.247162
474.057556
443.712341
436.327271
432.097321
583.090881
534.166870
505.511597
485.504791
470.804810
459.702423
450.794617
443.488220
435.948883
442.129059
144.815399
533.968628
511.353180
496.820007
471.405212
460.155273
451.246429
443.855560
436.335205
431.242737
583.451660
534.265076
505.669800
499.396179
471.358154
460.597687
481.808990
462.606476
437.689301
432.804230
582.957336
534.442810
506.293549
486.623932
472.452271
461.537781
452.870117
445.682648
438.657318
433.211090
124.266685
829.685852
505.991577
525.826599
471.903503
461.199738
452.671387
445.365967
438.110901
432.958923
583.451660
534.423950
506.163330
486.370697
471.944702
494.356476
452.108795
444.935791
437.516357
431.776642
690.694092
533.734680
505.375702
485.478851
471.224335
460.051270
450.894623
443.491241
435.997589
418.978363
582.841064
533.998413
543.886597
485.610840
509.725189
460.057465
451.041138
444.292755
435.614868
430.254547
582.408813
533.544128
504.887787
515.772522
470.485077
459.463806
462.853668
443.125610
421.312195
429.966309
582.841064
675.078735
505.274261
485.267487
470.794495
459.606567
451.032715
443.528168
436.051849
430.245422
462.593048
533.591614
504.809235
484.957397
470.543762
475.021729
450.404388
442.921387
444.670868
430.261475
583.201660
533.997620
505.589081
485.696320
512.823059
460.260223
451.207336
444.531647
436.275238
430.828094
582.841064
533.835815
487.988007
485.865204
471.508179
441.785675
452.052094
444.991486
416.941223
432.963745
583.085510
764.668884
506.492859
486.793518
472.438171
462.076294
453.008179
445.734619
438.566101
389.621155
582.764221
534.536194
573.897766
486.616180
472.602875
468.837189
452.817719
445.719299
451.763763
433.579468
583.556335
535.188354
507.013336
499.574524
473.037750
461.970612
411.957184
445.683044
438.570007
403.101990
583.422791
535.005188
620.745605
487.249512
473.246094
467.714111
453.264435
446.292389
439.345215
434.112793
365.778503
534.975220
506.327972
475.451721
470.849182
459.645905
433.463684
443.167297
435.642792
449.942047
582.514709
534.085693
506.697266
485.828705
471.337555
460.214935
451.194672
469.715942
435.992279
430.593903
583.384399
534.307556
505.556244
506.458252
470.648621
459.147430
470.363861
442.400055
434.971039
429.381775
582.226257
1307.705566
505.088074
484.980927
471.746094
459.148834
450.083344
421.731354
434.057526
428.784027
370.254089
533.883911
505.128448
484.777771
469.735229
475.249420
449.348083
441.803192
438.793182
428.998047
582.092590
533.579224
505.210754
485.259857
512.436279
459.517181
450.421417
443.435516
436.083435
416.002899
582.946289
534.422180
535.686401
485.675537
470.757080
459.688934
450.449738
443.185913
450.614136
431.055359
582.398987
540.360596
505.523010
485.800323
471.245544
460.115448
473.406952
443.825073
436.709595
431.990967
583.056763
534.676636
612.624390
486.193054
471.438110
466.772461
451.691895
444.528320
436.878235
431.776917
361.843597
534.217651
506.024536
486.199829
471.753876
461.003845
435.338470
444.976807
437.267059
452.536133
582.994629
534.611206
506.709290
486.211731
513.137390
460.580658
451.720245
444.425140
437.399170
432.090210
582.336914
534.319824
506.028351
509.191498
472.147797
461.088745
476.098755
445.030701
440.860229
432.556885
583.056763
576.369812
506.419983
486.404449
471.953461
460.797638
451.867249
444.628632
437.243347
432.087219
189.284897
534.203491
607.177734
487.590271
471.646729
469.685974
451.792999
444.599579
437.122620
432.334808
582.869446
534.604980
506.290527
486.385406
471.631866
460.708374
451.466217
469.106415
437.384247
446.302429
582.447510
534.461792
506.351624
486.748077
472.539124
461.710541
453.252625
446.170593
439.012878
433.865479
583.167114
2388.937988
507.021515
530.421631
510.136993
462.230865
453.460724
446.409485
439.331055
434.205292
582.807373
535.030029
506.935760
487.398041
473.320770
462.560089
453.961456
473.185242
432.284698
434.653809
583.300598
621.868469
506.905762
487.229828
473.024170
462.170654
453.517700
446.319641
439.044678
433.860748
582.940796
1252.493774
506.814331
487.127289
473.747406
489.031067
453.317932
446.164764
442.158386
433.852936
582.807373
534.627930
506.287506
486.668701
472.373627
483.769867
452.927948
445.668579
441.706757
404.242401
582.807373
534.700012
603.147034
486.666779
