-1078.000000
-1084.000000
-1066.000000
-1100.000000
-1098.000000
-1080.000000
-1076.000000
-1102.000000
-1094.000000
-1064.000000
-1096.000000
-1094.000000
-1076.000000
-1088.000000
-1096.000000
-1068.000000
-1082.000000
-1086.000000
-1086.000000
-1094.000000
-1080.000000
-1098.000000
-1092.000000
-1106.000000
-1118.000000
-1078.000000
-1088.000000
-1104.000000
-1104.000000
-1076.000000
-1088.000000
-1094.000000
-1102.000000
-1090.000000
-1094.000000
-1094.000000
-1096.000000
-1086.000000
-1094.000000
-1086.000000
-1104.000000
-1082.000000
-1076.000000
-1102.000000
-1114.000000
-1090.000000
-1084.000000
-1096.000000
-1118.000000
-1094.000000
-1086.000000
-1104.000000
-1106.000000
-1104.000000
-1104.000000
-1080.000000
-1112.000000
-1100.000000
-1096.000000
-1102.000000
-1116.000000
-1094.000000
-1100.000000
-1096.000000
-1122.000000
-1094.000000
-1096.000000
-1098.000000
-1116.000000
-1098.000000
-1090.000000
-1072.000000
-1092.000000
-1110.000000
-1108.000000
-1052.000000
-1102.000000
-1112.000000
-1104.000000
-1084.000000
-1096.000000
-1110.000000
-1092.000000
-1102.000000
-1114.000000
-1106.000000
-1100.000000
-1088.000000
-1086.000000
-1110.000000
-1106.000000
-1088.000000
-1100.000000
-1110.000000
-1108.000000
-1078.000000
-1090.000000
-1104.000000
-1110.000000
-1060.000000
-1106.000000
-1116.000000
-1106.000000
-1086.000000
-1114.000000
-1094.000000
-1096.000000
-1074.000000
-1104.000000
-1108.000000
-1122.000000
-1090.000000
-1088.000000
-1100.000000
-1108.000000
-1062.000000
-1092.000000
-1100.000000
-1106.000000
-1090.000000
-1082.000000
-1094.000000
-1116.000000
-1086.000000
-1094.000000
-1086.000000
-1116.000000
-1092.000000
-1094.000000
-1096.000000
-1112.000000
-1076.000000
-1104.000000
-1124.000000
-1106.000000
-1098.000000
-1110.000000
-1108.000000
-1120.000000
-1106.000000
-1116.000000
-1084.000000
-1098.000000
-1112.000000
-1110.000000
-1084.000000
-1100.000000
-1100.000000
-1102.000000
-1102.000000
-1108.000000
-1104.000000
-1106.000000
-1096.000000
-1096.000000
-1098.000000
-1112.000000
-1072.000000
-1114.000000
-1094.000000
-1084.000000
-1086.000000
-1110.000000
-1096.000000
-1118.000000
-1112.000000
-1100.000000
-1096.000000
-1108.000000
-1114.000000
-1088.000000
-1110.000000
-1102.000000
-1100.000000
-1096.000000
-1102.000000
-1108.000000
-1112.000000
-1112.000000
-1104.000000
-1110.000000
-1112.000000
-1112.000000
-1076.000000
-1100.000000
-1130.000000
-1112.000000
-1116.000000
-1124.000000
-1108.000000
-1096.000000
-1112.000000
-1116.000000
-1118.000000
-1098.000000
-1098.000000
-1130.000000
-1112.000000
-1116.000000
-1096.000000
-1110.000000
-1112.000000
-1128.000000
-1106.000000
-1120.000000
-1124.000000
-1106.000000
-1118.000000
-1108.000000
-1116.000000
-1116.000000
-1104.000000
-1116.000000
-1098.000000
-1122.000000
-1112.000000
-1100.000000
-1136.000000
-1124.000000
-1094.000000
-1118.000000
-1114.000000
-1134.000000
-1100.000000
-1108.000000
-1134.000000
-1114.000000
-1118.000000
-1132.000000
-1114.000000
-1132.000000
-1124.000000
-1128.000000
-1118.000000
-1118.000000
-1112.000000
-1122.000000
-1142.000000
-1126.000000
-1114.000000
-1106.000000
-1108.000000
-1146.000000
-1100.000000
-1122.000000
-1132.000000
-1132.000000
-1102.000000
-1142.000000
-1108.000000
-1128.000000
-1112.000000
-1112.000000
-1126.000000
-1124.000000
-1126.000000
-1126.000000
-1104.000000
-1150.000000
-1120.000000
-1126.000000
-1128.000000
-1150.000000
-1126.000000
-1130.000000
-1126.000000
-1134.000000
-1128.000000
-1126.000000
-1122.000000
-1122.000000
-1128.000000
-1134.000000
-1108.000000
-1128.000000
-1132.000000
-1128.000000
-1120.000000
-1130.000000
-1112.000000
-1114.000000
-1132.000000
-1136.000000
-1110.000000
-1124.000000
-1140.000000
-1122.000000
-1118.000000
-1142.000000
-1144.000000
-1112.000000
-1136.000000
-1122.000000
-1122.000000
-1134.000000
-1110.000000
-1140.000000
-1130.000000
-1132.000000
-1122.000000
-1116.000000
-1118.000000
-1126.000000
-1142.000000
-1122.000000
-1126.000000
-1138.000000
-1120.000000
-1128.000000
-1126.000000
-1120.000000
-1124.000000
-1126.000000
-1126.000000
-1124.000000
-1124.000000
-1124.000000
-1112.000000
-1146.000000
-1126.000000
-1112.000000
-1124.000000
-1156.000000
-1100.000000
-1102.000000
-1110.000000
-1146.000000
-1110.000000
-1126.000000
-1114.000000
-1138.000000
-1116.000000
-1136.000000
-1136.000000
-1112.000000
-1118.000000
-1110.000000
-1118.000000
-1126.000000
-1106.000000
-1124.000000
-1114.000000
-1130.000000
-1114.000000
-1114.000000
-1170.000000
-1124.000000
-1106.000000
-1140.000000
-1148.000000
-1118.000000
-1114.000000
-1128.000000
-1126.000000
-1134.000000
-1110.000000
-1142.000000
-1126.000000
-1120.000000
-1096.000000
-1136.000000
-1134.000000
-1110.000000
-1100.000000
-1138.000000
-1122.000000
-1124.000000
-1130.000000
-1148.000000
-1102.000000
-1108.000000
-1128.000000
-1130.000000
-1120.000000
-1110.000000
-1126.000000
-1142.000000
-1124.000000
-1116.000000
-1138.000000
-1132.000000
-1116.000000
-1138.000000
-1114.000000
-1124.000000
-1114.000000
-1144.000000
-1118.000000
-1118.000000
-1114.000000
-1152.000000
-1118.000000
-1120.000000
-1126.000000
-1138.000000
-1078.000000
-1122.000000
-1130.000000
-1136.000000
-1122.000000
-1128.000000
-1116.000000
-1118.000000
-1112.000000
-1120.000000
-1142.000000
-1124.000000
-1110.000000
-1130.000000
-1146.000000
-1138.000000
-1112.000000
-1118.000000
-1134.000000
-1152.000000
-1102.000000
-1108.000000
-1172.000000
-1148.000000
-1102.000000
-1140.000000
-1140.000000
-1108.000000
-1132.000000
-1150.000000
-1122.000000
-1134.000000
-1130.000000
-1128.000000
-1116.000000
-1152.000000
-1124.000000
-1132.000000
-1128.000000
-1130.000000
-1132.000000
-1160.000000
-1148.000000
-1122.000000
-1134.000000
-1150.000000
-1130.000000
-1118.000000
-1134.000000
-1176.000000
-1114.000000
-1084.000000
-1110.000000
-1162.000000
-1118.000000
-1104.000000
-1144.000000
-1164.000000
-1124.000000
-1116.000000
-1144.000000
-1124.000000
-1094.000000
-1134.000000
-1106.000000
-1098.000000
-1080.000000
-1124.000000
-1124.000000
-1128.000000
-1092.000000
-1122.000000
-1114.000000
-1130.000000
-1082.000000
-1132.000000
-1102.000000
-1110.000000
-1104.000000
-1138.000000
-1100.000000
-1100.000000
-1130.000000
-1126.000000
-1112.000000
-1118.000000
-1132.000000
-1136.000000
-1108.000000
-1126.000000
-1138.000000
-1176.000000
-1110.000000
-1100.000000
-1144.000000
-1136.000000
-1128.000000
-1108.000000
-1136.000000
-1148.000000
-1130.000000
-1134.000000
-1160.000000
-1128.000000
-1126.000000
-1148.000000
-1156.000000
-1138.000000
-1100.000000
-1136.000000
-1156.000000
-1144.000000
-1104.000000
-1140.000000
-1164.000000
-1122.000000
-1118.000000
-1136.000000
-1142.000000
-1134.000000
-1106.000000
-1166.000000
-1166.000000
-1124.000000
-1114.000000
-1150.000000
-1162.000000
-1116.000000
-1138.000000
-1140.000000
-1136.000000
-1112.000000
-1144.000000
-1144.000000
-1166.000000
-1114.000000
-1168.000000
-1144.000000
-1178.000000
-1120.000000
-1134.000000
-1160.000000
-1146.000000
-1098.000000
-1164.000000
-1162.000000
-1122.000000
-1132.000000
-1138.000000
-1168.000000
-1138.000000
-1124.000000
-1140.000000
-1152.000000
-1150.000000
-1142.000000
-1148.000000
-1146.000000
-1142.000000
-1122.000000
-1158.000000
-1158.000000
-1130.000000
-1130.000000
-1144.000000
-1160.000000
-1122.000000
-1122.000000
-1134.000000
-1132.000000
-1118.000000
-1166.000000
-1122.000000
-1130.000000
-1146.000000
-1136.000000
-1164.000000
-1144.000000
-1144.000000
-1140.000000
-1120.000000
-1124.000000
-1090.000000
-1132.000000
-1144.000000
-1126.000000
-1094.000000
-1132.000000
-1138.000000
-1122.000000
-1100.000000
-1160.000000
-1122.000000
-1114.000000
-1094.000000
-1136.000000
-1120.000000
-1120.000000
-1124.000000
-1146.000000
-1114.000000
-1128.000000
-1118.000000
-1154.000000
-1116.000000
-1110.000000
-1126.000000
-1160.000000
-1108.000000
-1122.000000
-1144.000000
-1146.000000
-1114.000000
-1138.000000
-1118.000000
-1158.000000
-1118.000000
-1120.000000
-1134.000000
-1172.000000
-1112.000000
-1124.000000
-1128.000000
-1136.000000
-1114.000000
-1136.000000
-1160.000000
-1162.000000
-1118.000000
-1146.000000
-1164.000000
-1140.000000
-1122.000000
-1116.000000
-1140.000000
-1132.000000
-1122.000000
-1116.000000
-1166.000000
-1120.000000
-1124.000000
-1132.000000
-1158.000000
-1138.000000
-1110.000000
-1128.000000
-1128.000000
-1162.000000
-1118.000000
-1114.000000
-1148.000000
-1132.000000
-1124.000000
-1122.000000
-1146.000000
-1132.000000
-1128.000000
-1146.000000
-1168.000000
-1160.000000
-1114.000000
-1130.000000
-1136.000000
-1158.000000
-1124.000000
-1156.000000
-1142.000000
-1132.000000
-1118.000000
-1140.000000
-1168.000000
-1160.000000
-1108.000000
-1136.000000
-1176.000000
-1140.000000
-1114.000000
-1140.000000
-1146.000000
-1146.000000
-1124.000000
-1144.000000
-1134.000000
-1146.000000
-1118.000000
-1132.000000
-1172.000000
-1140.000000
-1122.000000
-1148.000000
-1170.000000
-1156.000000
-1120.000000
-1164.000000
-1164.000000
-1158.000000
-1128.000000
-1164.000000
-1160.000000
-1140.000000
-1142.000000
-1162.000000
-1154.000000
-1128.000000
-1122.000000
-1142.000000
-1164.000000
-1160.000000
-1120.000000
-1150.000000
-1172.000000
-1148.000000
-1156.000000
-1150.000000
-1180.000000
-1156.000000
-1144.000000
-1174.000000
-1192.000000
-1178.000000
-1136.000000
-1176.000000
-1184.000000
-1154.000000
-1144.000000
-1178.000000
-1174.000000
-1150.000000
-1130.000000
-1170.000000
-1168.000000
-1154.000000
-1122.000000
-1150.000000
-1188.000000
-1172.000000
-1152.000000
-1158.000000
-1180.000000
-1158.000000
-1156.000000
-1140.000000
-1162.000000
-1178.000000
-1148.000000
-1170.000000
-1178.000000
-1172.000000
-1144.000000
-1146.000000
-1174.000000
-1172.000000
-1156.000000
-1176.000000
-1182.000000
-1152.000000
-1150.000000
-1178.000000
-1174.000000
-1144.000000
-1140.000000
-1148.000000
-1166.000000
-1176.000000
-1136.000000
-1156.000000
-1192.000000
-1162.000000
-1138.000000
-1176.000000
-1164.000000
-1168.000000
-1144.000000
-1148.000000
-1164.000000
-1186.000000
-1164.000000
-1146.000000
-1212.000000
-1216.000000
-1144.000000
-1132.000000
-1182.000000
-1210.000000
-1146.000000
-1170.000000
-1192.000000
-1192.000000
-1148.000000
-1174.000000
-1198.000000
-1196.000000
-1164.000000
-1150.000000
-1176.000000
-1198.000000
-1132.000000
-1150.000000
-1170.000000
-1172.000000
-1148.000000
-1152.000000
-1170.000000
-1172.000000
-1166.000000
-1170.000000
-1178.000000
-1184.000000
-1168.000000
-1168.000000
-1170.000000
-1184.000000
-1146.000000
-1154.000000
-1168.000000
-1182.000000
-1162.000000
-1152.000000
-1170.000000
-1178.000000
-1174.000000
-1184.000000
-1150.000000
-1174.000000
-1156.000000
-1180.000000
-1152.000000
-1162.000000
-1154.000000
-1182.000000
-1168.000000
-1166.000000
-1188.000000
-1182.000000
-1162.000000
-1164.000000
-1180.000000
-1176.000000
-1176.000000
-1166.000000
-1146.000000
-1178.000000
-1170.000000
-1178.000000
-1160.000000
-1174.000000
-1180.000000
-1174.000000
-1192.000000
-1190.000000
-1174.000000
-1172.000000
-1180.000000
-1180.000000
-1178.000000
-1190.000000
-1160.000000
-1188.000000
-1164.000000
-1182.000000
-1178.000000
-1176.000000
-1168.000000
-1188.000000
-1166.000000
-1162.000000
-1176.000000
-1180.000000
-1166.000000
-1184.000000
-1184.000000
-1180.000000
-1178.000000
-1178.000000
-1182.000000
-1170.000000
-1196.000000
-1180.000000
-1190.000000
-1182.000000
-1170.000000
-1182.000000
-1172.000000
-1182.000000
-1170.000000
-1182.000000
-1174.000000
-1166.000000
-1180.000000
-1186.000000
-1172.000000
-1178.000000
-1186.000000
-1186.000000
-1180.000000
-1194.000000
-1182.000000
-1166.000000
-1198.000000
-1184.000000
-1182.000000
-1190.000000
-1178.000000
-1170.000000
-1188.000000
-1204.000000
-1184.000000
-1176.000000
-1166.000000
-1184.000000
-1182.000000
-1192.000000
-1174.000000
-1178.000000
-1214.000000
-1204.000000
-1190.000000
-1206.000000
-1184.000000
-1196.000000
-1178.000000
-1184.000000
-1178.000000
-1196.000000
-1164.000000
-1176.000000
-1196.000000
-1198.000000
-1174.000000
-1182.000000
-1192.000000
-1204.000000
-1166.000000
-1192.000000
-1170.000000
-1184.000000
-1174.000000
-1182.000000
-1184.000000
-1204.000000
-1180.000000
-1180.000000
-1182.000000
-1186.000000
-1186.000000
-1188.000000
-1172.000000
-1194.000000
-1178.000000
-1180.000000
-1182.000000
-1214.000000
-1180.000000
-1200.000000
-1198.000000
-1190.000000
-1194.000000
-1196.000000
-1184.000000
-1182.000000
-1202.000000
-1194.000000
-1164.000000
-1166.000000
-1200.000000
-1220.000000
-1184.000000
-1198.000000
-1180.000000
-1204.000000
-1202.000000
-1174.000000
-1174.000000
-1184.000000
-1210.000000
-1180.000000
-1178.000000
-1194.000000
-1192.000000
-1194.000000
-1166.000000
-1166.000000
-1206.000000
-1210.000000
-1180.000000
-1186.000000
-1212.000000
-1190.000000
-1178.000000
-1210.000000
-1208.000000
-1184.000000
-1174.000000
-1190.000000
-1200.000000
-1194.000000
-1176.000000
-1198.000000
-1214.000000
-1204.000000
-1138.000000
-1182.000000
-1194.000000
-1198.000000
-1154.000000
-1174.000000
-1188.000000
-1226.000000
-1172.000000
-1172.000000
-1194.000000
-1218.000000
-1172.000000
-1172.000000
-1188.000000
-1194.000000
-1180.000000
-1184.000000
-1166.000000
-1188.000000
-1184.000000
-1188.000000
-1184.000000
-1216.000000
-1172.000000
-1174.000000
-1190.000000
-1190.000000
-1196.000000
-1188.000000
-1178.000000
-1186.000000
-1196.000000
-1198.000000
-1164.000000
-1200.000000
NaN
-1170.000000
-1184.000000
-1178.000000
-1180.000000
-1178.000000
-1180.000000
-1184.000000
-1198.000000
-1186.000000
-1172.000000
-1176.000000
-1174.000000
-1200.000000
-1166.000000
-1162.000000
-1190.000000
-1194.000000
-1176.000000
-1182.000000
-1166.000000
-1188.000000
-1206.000000
-1180.000000
-1176.000000
-1198.000000
-1194.000000
-1164.000000
-1178.000000
-1192.000000
-1192.000000
-1172.000000
-1178.000000
-1192.000000
-1188.000000
-1182.000000
-1170.000000
-1188.000000
-1188.000000
-1180.000000
-1176.000000
-1188.000000
-1202.000000
-1170.000000
-1182.000000
-1184.000000
-1182.000000
-1172.000000
-1178.000000
-1188.000000
-1180.000000
-1180.000000
-1158.000000
-1178.000000
-1204.000000
-1174.000000
-1144.000000
-1186.000000
-1200.000000
-1174.000000
-1164.000000
-1176.000000
-1196.000000
-1170.000000
-1168.000000
-1188.000000
-1204.000000
-1182.000000
-1164.000000
-1180.000000
-1208.000000
-1168.000000
-1162.000000
-1178.000000
-1208.000000
-1164.000000
-1158.000000
-1180.000000
-1184.000000
-1196.000000
-1156.000000
-1182.000000
-1210.000000
-1184.000000
-1170.000000
-1176.000000
-1196.000000
-1184.000000
-1170.000000
-1174.000000
-1186.000000
-1182.000000
-1162.000000
-1168.000000
-1176.000000
-1192.000000
-1174.000000
-1180.000000
-1172.000000
-1184.000000
-1176.000000
-1178.000000
-1174.000000
-1180.000000
-1164.000000
-1170.000000
-1166.000000
-1190.000000
-1166.000000
-1168.000000
-1192.000000
-1186.000000
-1170.000000
-1210.000000
-1194.000000
-1168.000000
-1166.000000
-1180.000000
-1174.000000
-1186.000000
-1162.000000
-1176.000000
-1180.000000
-1198.000000
-1174.000000
-1174.000000
-1184.000000
-1170.000000
-1164.000000
-1194.000000
-1188.000000
-1166.000000
-1180.000000
-1182.000000
-1174.000000
-1190.000000
-1184.000000
-1186.000000
-1184.000000
-1198.000000
-1162.000000
-1196.000000
-1196.000000
-1172.000000
-1190.000000
-1198.000000
-1184.000000
-1182.000000
-1180.000000
-1178.000000
-1174.000000
-1204.000000
-1172.000000
-1200.000000
-1188.000000
-1184.000000
-1180.000000
-1182.000000
-1188.000000
-1194.000000
-1164.000000
-1184.000000
-1200.000000
-1196.000000
-1166.000000
-1182.000000
-1200.000000
-1200.000000
-1182.000000
-1200.000000
-1188.000000
-1192.000000
-1172.000000
-1190.000000
-1170.000000
-1208.000000
-1178.000000
-1184.000000
-1182.000000
-1188.000000
-1176.000000
-1186.000000
-1182.000000
-1184.000000
-1188.000000
-1182.000000
-1172.000000
-1186.000000
-1174.000000
-1176.000000
-1192.000000
-1200.000000
-1176.000000
-1194.000000
-1188.000000
-1178.000000
-1180.000000
-1206.000000
-1192.000000
-1158.000000
-1196.000000
-1188.000000
-1180.000000
-1178.000000
-1182.000000
-1194.000000
-1184.000000
-1182.000000
-1180.000000
-1196.000000
-1202.000000
-1184.000000
-1186.000000
-1186.000000
-1184.000000
-1174.000000
-1182.000000
-1190.000000
-1186.000000
-1176.000000
-1176.000000
-1186.000000
-1188.000000
-1184.000000
-1168.000000
-1170.000000
-1188.000000
-1194.000000
-1170.000000
-1180.000000
-1178.000000
-1170.000000
-1170.000000
-1172.000000
-1190.000000
-1174.000000
-1168.000000
-1182.000000
-1178.000000
-1166.000000
-1172.000000
-1198.000000
-1186.000000
-1178.000000
-1186.000000
-1180.000000
-1170.000000
-1182.000000
-1188.000000
-1182.000000
-1178.000000
-1168.000000
-1152.000000
-1180.000000
-1160.000000
-1192.000000
-1170.000000
-1192.000000
-1180.000000
-1186.000000
-1176.000000
-1180.000000
-1166.000000
-1188.000000
-1178.000000
-1184.000000
-1174.000000
-1156.000000
-1194.000000
-1200.000000
-1198.000000
-1186.000000
-1170.000000
-1188.000000
-1196.000000
-1196.000000
-1170.000000
-1174.000000
-1176.000000
-1186.000000
-1176.000000
-1166.000000
-1176.000000
-1180.000000
-1176.000000
-1186.000000
-1172.000000
-1180.000000
-1192.000000
-1188.000000
-1194.000000
-1184.000000
-1162.000000
-1192.000000
-1184.000000
-1162.000000
-1192.000000
-1180.000000
-1180.000000
-1188.000000
-1170.000000
-1172.000000
-1172.000000
-1192.000000
-1164.000000
-1156.000000
-1176.000000
-1182.000000
-1184.000000
-1180.000000
-1192.000000
-1184.000000
-1174.000000
-1190.000000
-1184.000000
-1170.000000
-1176.000000
-1196.000000
-1186.000000
-1188.000000
-1178.000000
-1186.000000
-1194.000000
-1180.000000
-1188.000000
-1192.000000
-1174.000000
-1184.000000
-1180.000000
-1178.000000
-1160.000000
-1182.000000
-1184.000000
-1174.000000
-1176.000000
-1190.000000
-1160.000000
-1192.000000
-1186.000000
-1158.000000
-1192.000000
-1184.000000
-1170.000000
-1182.000000
-1188.000000
-1192.000000
-1174.000000
-1178.000000
-1176.000000
-1198.000000
-1176.000000
-1170.000000
-1200.000000
-1210.000000
-1172.000000
-1176.000000
-1192.000000
-1186.000000
-1178.000000
-1170.000000
-1162.000000
-1176.000000
-1178.000000
-1166.000000
-1178.000000
-1194.000000
-1178.000000
-1174.000000
-1176.000000
-1190.000000
-1190.000000
-1188.000000
-1178.000000
-1188.000000
-1168.000000
-1176.000000
-1184.000000
-1188.000000
-1176.000000
-1182.000000
-1178.000000
-1194.000000
-1198.000000
-1190.000000
-1170.000000
-1186.000000
-1208.000000
-1192.000000
-1178.000000
-1192.000000
-1190.000000
-1178.000000
-1190.000000
-1216.000000
-1188.000000
-1176.000000
-1174.000000
-1200.000000
-1180.000000
-1184.000000
-1186.000000
-1182.000000
-1206.000000
-1186.000000
-1184.000000
-1196.000000
-1192.000000
-1176.000000
-1188.000000
-1200.000000
-1188.000000
-1180.000000
-1164.000000
-1170.000000
-1206.000000
-1194.000000
-1172.000000
-1174.000000
-1220.000000
-1184.000000
-1180.000000
-1230.000000
-1202.000000
-1176.000000
-1170.000000
-1186.000000
-1190.000000
-1192.000000
-1164.000000
-1194.000000
-1220.000000
-1186.000000
-1178.000000
-1204.000000
-1208.000000
-1186.000000
-1166.000000
-1182.000000
-1212.000000
-1198.000000
-1172.000000
-1172.000000
-1228.000000
-1196.000000
-1172.000000
-1196.000000
-1200.000000
-1184.000000
-1176.000000
-1188.000000
-1208.000000
-1166.000000
-1190.000000
-1194.000000
-1206.000000
-1210.000000
-1188.000000
-1204.000000
-1194.000000
-1196.000000
-1184.000000
-1184.000000
-1218.000000
-1212.000000
-1182.000000
-1196.000000
-1190.000000
-1186.000000
-1180.000000
-1184.000000
-1180.000000
-1188.000000
-1194.000000
-1198.000000
-1194.000000
-1194.000000
-1176.000000
-1192.000000
-1216.000000
-1178.000000
-1186.000000
-1188.000000
-1206.000000
-1184.000000
-1168.000000
-1190.000000
-1204.000000
-1178.000000
-1176.000000
-1172.000000
-1182.000000
-1202.000000
-1178.000000
-1186.000000
-1178.000000
-1194.000000
-1176.000000
-1184.000000
-1178.000000
-1184.000000
-1184.000000
-1200.000000
-1186.000000
-1184.000000
-1182.000000
-1188.000000
-1182.000000
-1184.000000
-1176.000000
-1176.000000
-1178.000000
-1180.000000
-1168.000000
-1178.000000
-1190.000000
-1192.000000
-1184.000000
-1182.000000
-1190.000000
-1182.000000
-1174.000000
-1200.000000
-1188.000000
-1182.000000
-1182.000000
-1180.000000
-1190.000000
-1172.000000
-1160.000000
-1188.000000
-1186.000000
-1180.000000
-1178.000000
-1188.000000
-1204.000000
-1190.000000
-1176.000000
-1186.000000
-1190.000000
-1176.000000
-1184.000000
-1184.000000
-1184.000000
-1184.000000
-1202.000000
-1216.000000
-1180.000000
-1188.000000
-1188.000000
-1186.000000
-1182.000000
-1186.000000
-1180.000000
-1176.000000
-1188.000000
-1182.000000
-1168.000000
-1190.000000
-1180.000000
-1186.000000
-1192.000000
-1218.000000
-1186.000000
-1182.000000
-1178.000000
-1206.000000
-1212.000000
-1186.000000
-1182.000000
-1182.000000
-1188.000000
-1176.000000
-1186.000000
-1204.000000
-1186.000000
-1200.000000
-1170.000000
-1198.000000
-1196.000000
-1214.000000
-1182.000000
-1188.000000
-1190.000000
-1188.000000
-1182.000000
-1200.000000
-1192.000000
-1188.000000
-1204.000000
-1204.000000
-1204.000000
-1198.000000
-1180.000000
-1194.000000
-1190.000000
-1210.000000
-1178.000000
-1186.000000
-1206.000000
-1192.000000
-1184.000000
-1202.000000
-1182.000000
-1184.000000
-1198.000000
-1194.000000
-1198.000000
-1206.000000
-1180.000000
-1184.000000
-1184.000000
-1210.000000
-1162.000000
-1200.000000
-1192.000000
-1192.000000
-1190.000000
-1214.000000
-1200.000000
-1182.000000
-1190.000000
-1216.000000
-1190.000000
-1184.000000
-1186.000000
-1202.000000
-1206.000000
-1204.000000
-1184.000000
-1210.000000
-1192.000000
-1200.000000
-1192.000000
-1212.000000
-1204.000000
-1188.000000
-1212.000000
-1200.000000
-1182.000000
-1176.000000
-1204.000000
-1202.000000
-1192.000000
-1208.000000
-1170.000000
-1186.000000
-1212.000000
-1198.000000
-1190.000000
-1186.000000
-1200.000000
-1206.000000
-1186.000000
-1204.000000
-1198.000000
-1188.000000
-1178.000000
-1214.000000
-1206.000000
-1190.000000
-1216.000000
-1216.000000
-1178.000000
-1200.000000
-1192.000000
-1188.000000
-1204.000000
-1196.000000
-1190.000000
-1222.000000
-1226.000000
-1190.000000
-1222.000000
-1212.000000
-1204.000000
-1196.000000
-1178.000000
-1196.000000
-1218.000000
-1202.000000
-1188.000000
-1192.000000
-1206.000000
-1198.000000
-1188.000000
-1198.000000
-1222.000000
-1202.000000
-1212.000000
-1220.000000
-1212.000000
-1190.000000
-1202.000000
-1222.000000
-1204.000000
-1176.000000
-1218.000000
-1224.000000
-1206.000000
-1208.000000
-1190.000000
-1242.000000
-1234.000000
-1210.000000
-1214.000000
-1234.000000
-1228.000000
-1218.000000
-1202.000000
-1222.000000
-1234.000000
-1206.000000
-1202.000000
-1222.000000
-1236.000000
-1220.000000
-1212.000000
-1238.000000
-1216.000000
-1220.000000
-1208.000000
-1222.000000
-1216.000000
-1216.000000
-1194.000000
-1216.000000
-1226.000000
-1226.000000
-1216.000000
-1216.000000
-1224.000000
-1212.000000
-1222.000000
-1220.000000
-1206.000000
-1226.000000
-1208.000000
-1224.000000
-1222.000000
-1216.000000
-1220.000000
-1248.000000
-1224.000000
-1226.000000
-1214.000000
-1242.000000
-1222.000000
-1218.000000
-1218.000000
-1214.000000
-1234.000000
-1236.000000
-1204.000000
-1226.000000
-1242.000000
-1238.000000
-1216.000000
-1224.000000
-1226.000000
-1222.000000
-1236.000000
-1242.000000
-1222.000000
-1226.000000
-1230.000000
-1216.000000
-1240.000000
-1210.000000
-1208.000000
-1242.000000
-1236.000000
-1230.000000
-1224.000000
-1240.000000
-1218.000000
-1228.000000
-1224.000000
-1230.000000
-1238.000000
-1232.000000
-1222.000000
-1228.000000
-1240.000000
-1238.000000
-1200.000000
-1240.000000
-1218.000000
-1226.000000
-1230.000000
-1234.000000
-1214.000000
-1228.000000
-1212.000000
-1216.000000
-1214.000000
-1222.000000
-1208.000000
-1194.000000
-1226.000000
-1244.000000
-1214.000000
-1220.000000
-1236.000000
-1222.000000
-1218.000000
-1240.000000
-1232.000000
-1212.000000
-1222.000000
-1226.000000
-1216.000000
-1230.000000
-1206.000000
-1206.000000
-1230.000000
-1224.000000
-1224.000000
-1234.000000
-1228.000000
-1224.000000
-1206.000000
-1214.000000
-1214.000000
-1222.000000
-1210.000000
-1220.000000
-1224.000000
-1244.000000
-1198.000000
-1230.000000
-1234.000000
-1212.000000
-1208.000000
-1238.000000
-1214.000000
-1196.000000
-1208.000000
-1208.000000
-1224.000000
-1228.000000
-1208.000000
-1216.000000
-1234.000000
-1226.000000
-1208.000000
-1224.000000
-1218.000000
-1226.000000
-1220.000000
-1224.000000
-1218.000000
-1220.000000
-1208.000000
-1238.000000
-1212.000000
-1218.000000
-1204.000000
-1226.000000
-1214.000000
-1232.000000
-1222.000000
-1212.000000
-1234.000000
-1232.000000
-1204.000000
-1206.000000
-1238.000000
-1222.000000
-1220.000000
-1234.000000
-1224.000000
-1228.000000
-1200.000000
-1202.000000
-1222.000000
-1230.000000
-1232.000000
-1240.000000
-1222.000000
-1222.000000
-1208.000000
-1224.000000
-1248.000000
-1224.000000
-1212.000000
-1230.000000
-1220.000000
-1226.000000
-1226.000000
-1240.000000
-1238.000000
-1238.000000
-1220.000000
-1194.000000
-1234.000000
-1234.000000
-1208.000000
-1238.000000
-1248.000000
-1222.000000
-1228.000000
-1240.000000
-1232.000000
-1236.000000
-1236.000000
-1234.000000
-1236.000000
-1218.000000
-1210.000000
-1256.000000
-1244.000000
-1242.000000
-1238.000000
-1222.000000
-1234.000000
-1238.000000
-1200.000000
-1236.000000
-1254.000000
-1234.000000
-1218.000000
-1250.000000
-1224.000000
-1238.000000
-1236.000000
-1252.000000
-1230.000000
-1234.000000
-1244.000000
-1244.000000
-1218.000000
-1238.000000
-1234.000000
-1244.000000
-1228.000000
-1224.000000
-1226.000000
-1230.000000
-1244.000000
-1252.000000
-1226.000000
-1242.000000
-1234.000000
-1228.000000
-1226.000000
-1240.000000
-1222.000000
-1254.000000
-1238.000000
-1236.000000
-1232.000000
-1254.000000
-1210.000000
-1218.000000
-1248.000000
-1240.000000
-1232.000000
-1248.000000
-1240.000000
-1234.000000
-1222.000000
-1238.000000
-1232.000000
-1346.000000
-1350.000000
-1344.000000
-1340.000000
-1358.000000
-1362.000000
-1366.000000
-1344.000000
-1360.000000
-1360.000000
-1354.000000
-1320.000000
-1358.000000
-1370.000000
-1354.000000
-1342.000000
-1376.000000
-1366.000000
-1346.000000
-1354.000000
-1366.000000
-1356.000000
-1370.000000
-1338.000000
-1336.000000
-1348.000000
-1350.000000
-1334.000000
-1350.000000
-1366.000000
-1354.000000
-1340.000000
-1350.000000
-1346.000000
-1370.000000
-1338.000000
-1344.000000
-1366.000000
-1350.000000
-1322.000000
-1374.000000
-1350.000000
-1346.000000
-1348.000000
-1352.000000
-1336.000000
-1352.000000
-1348.000000
-1346.000000
-1350.000000
-1364.000000
-1342.000000
-1342.000000
-1350.000000
-1368.000000
-1332.000000
-1358.000000
-1350.000000
-1322.000000
-1352.000000
-1368.000000
-1350.000000
-1340.000000
-1328.000000
-1342.000000
-1338.000000
-1336.000000
-1338.000000
-1362.000000
-1340.000000
-1356.000000
-1326.000000
-1358.000000
-1358.000000
-1336.000000
-1334.000000
-1354.000000
-1330.000000
-1338.000000
-1328.000000
-1344.000000
-1336.000000
-1354.000000
-1318.000000
-1322.000000
-1348.000000
-1364.000000
-1326.000000
-1346.000000
-1354.000000
-1348.000000
-1352.000000
-1380.000000
-1360.000000
-1340.000000
-1324.000000
-1360.000000
-1342.000000
-1372.000000
-1316.000000
-1326.000000
-1348.000000
-1336.000000
-1328.000000
-1356.000000
-1350.000000
-1362.000000
-1334.000000
-1340.000000
-1376.000000
-1350.000000
-1324.000000
-1334.000000
-1358.000000
-1368.000000
-1332.000000
-1364.000000
-1366.000000
-1340.000000
-1360.000000
-1374.000000
-1374.000000
-1372.000000
-1338.000000
-1348.000000
-1358.000000
-1380.000000
-1342.000000
-1350.000000
-1368.000000
-1372.000000
-1350.000000
-1364.000000
-1370.000000
-1366.000000
-1354.000000
-1376.000000
-1352.000000
-1370.000000
-1346.000000
-1350.000000
-1372.000000
-1384.000000
-1334.000000
-1370.000000
-1382.000000
-1362.000000
-1350.000000
-1372.000000
-1396.000000
-1370.000000
-1348.000000
-1362.000000
-1378.000000
-1380.000000
-1352.000000
-1374.000000
-1384.000000
-1382.000000
-1364.000000
-1374.000000
-1364.000000
-1360.000000
-1366.000000
-1370.000000
-1382.000000
-1364.000000
-1362.000000
-1372.000000
-1356.000000
-1356.000000
-1356.000000
-1370.000000
-1376.000000
-1398.000000
-1336.000000
-1382.000000
-1394.000000
-1386.000000
-1350.000000
-1382.000000
-1378.000000
-1368.000000
-1378.000000
-1378.000000
-1346.000000
-1386.000000
-1364.000000
-1384.000000
-1392.000000
-1380.000000
-1362.000000
-1358.000000
-1380.000000
-1388.000000
-1346.000000
-1374.000000
-1394.000000
-1378.000000
-1372.000000
-1378.000000
-1370.000000
-1378.000000
-1354.000000
-1364.000000
-1364.000000
-1376.000000
-1374.000000
-1376.000000
-1388.000000
-1376.000000
-1342.000000
-1380.000000
-1400.000000
-1366.000000
-1360.000000
-1370.000000
-1376.000000
-1374.000000
-1348.000000
-1370.000000
-1384.000000
-1376.000000
-1346.000000
-1374.000000
-1394.000000
-1372.000000
-1346.000000
-1360.000000
-1396.000000
-1376.000000
-1370.000000
-1384.000000
-1366.000000
-1368.000000
-1370.000000
-1388.000000
-1390.000000
-1380.000000
-1354.000000
-1388.000000
-1380.000000
-1380.000000
-1364.000000
-1370.000000
-1376.000000
-1390.000000
-1358.000000
-1362.000000
-1374.000000
-1360.000000
-1356.000000
-1378.000000
-1364.000000
-1370.000000
-1340.000000
-1374.000000
-1378.000000
-1352.000000
-1358.000000
-1370.000000
-1374.000000
-1366.000000
-1356.000000
-1370.000000
-1376.000000
-1364.000000
-1356.000000
-1382.000000
-1384.000000
-1388.000000
-1362.000000
-1372.000000
-1376.000000
-1366.000000
-1378.000000
-1392.000000
-1384.000000
-1376.000000
-1342.000000
-1374.000000
-1374.000000
-1374.000000
-1362.000000
-1380.000000
-1390.000000
-1386.000000
-1366.000000
-1368.000000
-1380.000000
-1374.000000
-1348.000000
-1378.000000
-1382.000000
-1354.000000
-1366.000000
-1370.000000
-1396.000000
-1402.000000
-1358.000000
-1398.000000
-1390.000000
-1392.000000
-1358.000000
-1396.000000
-1378.000000
-1392.000000
-1362.000000
-1392.000000
-1374.000000
-1392.000000
-1358.000000
-1388.000000
-1390.000000
-1384.000000
-1368.000000
-1398.000000
-1386.000000
-1366.000000
-1380.000000
-1408.000000
-1376.000000
-1402.000000
-1366.000000
-1386.000000
-1398.000000
-1398.000000
-1366.000000
-1382.000000
-1384.000000
-1404.000000
-1388.000000
-1388.000000
-1388.000000
-1382.000000
-1382.000000
-1386.000000
-1402.000000
-1370.000000
-1368.000000
-1384.000000
-1390.000000
-1400.000000
-1386.000000
-1378.000000
-1386.000000
-1398.000000
-1366.000000
-1388.000000
-1376.000000
-1406.000000
-1356.000000
-1368.000000
-1398.000000
-1394.000000
-1378.000000
-1400.000000
-1390.000000
-1376.000000
-1388.000000
-1406.000000
-1392.000000
-1398.000000
-1384.000000
-1408.000000
-1388.000000
-1382.000000
-1376.000000
-1396.000000
-1382.000000
-1378.000000
-1390.000000
-1404.000000
-1394.000000
-1398.000000
-1384.000000
-1386.000000
-1386.000000
-1382.000000
-1370.000000
-1390.000000
-1384.000000
-1380.000000
-1382.000000
-1382.000000
-1388.000000
-1388.000000
-1374.000000
-1390.000000
-1394.000000
-1384.000000
-1358.000000
-1378.000000
-1364.000000
-1380.000000
-1374.000000
-1390.000000
-1376.000000
-1376.000000
-1348.000000
-1378.000000
-1380.000000
-1394.000000
-1346.000000
-1380.000000
-1388.000000
-1392.000000
-1356.000000
-1396.000000
-1386.000000
-1374.000000
-1368.000000
-1388.000000
-1364.000000
-1390.000000
-1356.000000
-1372.000000
-1394.000000
-1376.000000
-1340.000000
-1372.000000
-1392.000000
-1402.000000
-1348.000000
-1368.000000
-1404.000000
-1390.000000
-1354.000000
-1386.000000
-1384.000000
-1370.000000
-1364.000000
-1392.000000
-1384.000000
-1380.000000
-1362.000000
-1376.000000
-1366.000000
-1396.000000
-1354.000000
-1378.000000
-1386.000000
-1384.000000
-1346.000000
-1386.000000
-1406.000000
-1394.000000
-1360.000000
-1388.000000
-1388.000000
-1390.000000
-1358.000000
-1378.000000
-1374.000000
-1372.000000
-1388.000000
-1390.000000
-1378.000000
-1406.000000
-1374.000000
-1382.000000
-1368.000000
-1394.000000
-1372.000000
-1390.000000
-1380.000000
-1382.000000
-1368.000000
-1400.000000
-1372.000000
-1382.000000
-1374.000000
-1390.000000
-1378.000000
-1390.000000
-1378.000000
-1406.000000
-1396.000000
-1380.000000
-1366.000000
-1406.000000
-1402.000000
-1376.000000
-1380.000000
-1392.000000
-1386.000000
-1392.000000
-1398.000000
-1398.000000
-1386.000000
-1380.000000
-1364.000000
-1394.000000
-1412.000000
-1400.000000
-1370.000000
-1394.000000
-1404.000000
-1396.000000
-1382.000000
-1376.000000
-1394.000000
-1384.000000
-1386.000000
-1396.000000
-1418.000000
-1410.000000
-1376.000000
-1378.000000
-1408.000000
-1398.000000
-1388.000000
-1410.000000
-1380.000000
-1380.000000
-1390.000000
-1400.000000
-1402.000000
-1406.000000
-1368.000000
-1392.000000
-1414.000000
-1388.000000
-1360.000000
-1394.000000
-1400.000000
-1408.000000
-1368.000000
-1388.000000
-1394.000000
-1400.000000
-1378.000000
-1402.000000
-1392.000000
-1406.000000
-1382.000000
-1394.000000
-1408.000000
-1390.000000
-1390.000000
-1402.000000
-1384.000000
-1396.000000
-1374.000000
-1406.000000
-1394.000000
-1386.000000
-1376.000000
-1406.000000
-1416.000000
-1402.000000
-1368.000000
-1422.000000
-1402.000000
-1388.000000
-1382.000000
-1404.000000
-1406.000000
-1396.000000
-1370.000000
-1406.000000
-1382.000000
-1410.000000
-1378.000000
-1386.000000
-1406.000000
-1404.000000
-1380.000000
-1392.000000
-1416.000000
-1394.000000
-1368.000000
-1396.000000
-1396.000000
-1404.000000
-1378.000000
-1398.000000
-1390.000000
-1396.000000
-1392.000000
-1386.000000
-1400.000000
-1404.000000
-1380.000000
-1376.000000
-1402.000000
-1408.000000
-1360.000000
-1384.000000
-1406.000000
-1394.000000
-1364.000000
-1400.000000
-1388.000000
-1396.000000
-1392.000000
-1396.000000
-1392.000000
-1404.000000
-1390.000000
-1382.000000
-1400.000000
-1402.000000
-1368.000000
-1404.000000
-1404.000000
-1412.000000
-1344.000000
-1354.000000
-1350.000000
-1392.000000
-1350.000000
-1368.000000
-1346.000000
-1354.000000
-1374.000000
-1376.000000
-1378.000000
-1394.000000
-1342.000000
-1366.000000
-1390.000000
-1394.000000
-1360.000000
-1388.000000
-1382.000000
-1372.000000
-1400.000000
-1398.000000
-1374.000000
-1346.000000
-1364.000000
-1394.000000
-1394.000000
-1378.000000
-1380.000000
-1394.000000
-1380.000000
-1384.000000
-1380.000000
-1394.000000
-1376.000000
-1386.000000
-1372.000000
-1386.000000
-1370.000000
-1386.000000
-1350.000000
-1388.000000
-1398.000000
-1376.000000
-1364.000000
-1382.000000
-1390.000000
-1384.000000
-1402.000000
-1382.000000
-1372.000000
-1386.000000
-1378.000000
-1380.000000
-1408.000000
-1394.000000
-1382.000000
-1406.000000
-1406.000000
-1394.000000
-1380.000000
-1418.000000
-1402.000000
-1362.000000
-1396.000000
-1414.000000
-1374.000000
-1396.000000
-1408.000000
-1340.000000
-1294.000000
-1368.000000
-1330.000000
-1324.000000
-1298.000000
-1326.000000
-1344.000000
-1342.000000
-1326.000000
-1326.000000
-1370.000000
-1376.000000
-1340.000000
-1332.000000
-1352.000000
-1394.000000
-1384.000000
-1362.000000
-1374.000000
-1380.000000
-1386.000000
-1394.000000
-1356.000000
-1384.000000
-1398.000000
-1386.000000
-1360.000000
-1388.000000
-1382.000000
-1388.000000
-1374.000000
-1394.000000
-1388.000000
-1378.000000
-1364.000000
-1380.000000
-1370.000000
-1374.000000
-1348.000000
-1356.000000
-1384.000000
-1382.000000
-1376.000000
-1380.000000
-1366.000000
-1394.000000
-1342.000000
-1382.000000
-1392.000000
-1390.000000
-1370.000000
-1400.000000
-1406.000000
-1418.000000
-1400.000000
-1414.000000
-1380.000000
-1414.000000
-1392.000000
-1394.000000
-1376.000000
-1390.000000
-1382.000000
-1400.000000
-1396.000000
-1390.000000
-1352.000000
-1400.000000
-1388.000000
-1382.000000
-1394.000000
-1384.000000
-1396.000000
-1382.000000
-1354.000000
-1386.000000
-1380.000000
-1376.000000
-1344.000000
-1372.000000
-1378.000000
-1388.000000
-1382.000000
-1386.000000
-1392.000000
-1364.000000
-1354.000000
-1390.000000
-1386.000000
-1378.000000
-1346.000000
-1372.000000
-1380.000000
-1394.000000
-1364.000000
-1374.000000
-1380.000000
-1380.000000
-1356.000000
-1372.000000
-1382.000000
-1356.000000
-1366.000000
-1384.000000
-1386.000000
-1374.000000
-1384.000000
-1380.000000
-1362.000000
-1382.000000
-1370.000000
-1374.000000
-1366.000000
-1378.000000
-1364.000000
-1364.000000
-1376.000000
-1380.000000
-1364.000000
-1408.000000
-1364.000000
-1374.000000
-1388.000000
-1364.000000
-1346.000000
-1382.000000
-1352.000000
-1388.000000
-1384.000000
-1390.000000
-1360.000000
-1386.000000
-1380.000000
-1362.000000
-1366.000000
-1384.000000
-1370.000000
-1366.000000
-1368.000000
-1364.000000
-1358.000000
-1384.000000
-1340.000000
-1374.000000
-1388.000000
-1390.000000
-1360.000000
-1372.000000
-1372.000000
-1390.000000
-1332.000000
-1374.000000
-1348.000000
-1372.000000
-1362.000000
-1372.000000
-1372.000000
-1384.000000
-1364.000000
-1350.000000
-1362.000000
-1388.000000
-1350.000000
-1374.000000
-1346.000000
-1394.000000
-1360.000000
-1362.000000
-1368.000000
-1396.000000
-1352.000000
-1368.000000
-1394.000000
-1384.000000
-1354.000000
-1362.000000
-1348.000000
-1362.000000
-1360.000000
-1344.000000
-1362.000000
-1374.000000
-1364.000000
-1358.000000
-1358.000000
-1388.000000
-1362.000000
-1374.000000
-1376.000000
-1372.000000
-1364.000000
-1372.000000
-1360.000000
-1384.000000
-1356.000000
-1354.000000
-1338.000000
-1388.000000
-1360.000000
-1360.000000
-1366.000000
-1386.000000
-1354.000000
-1366.000000
-1378.000000
-1398.000000
-1354.000000
-1366.000000
-1382.000000
-1390.000000
-1340.000000
-1376.000000
-1394.000000
-1374.000000
-1360.000000
-1360.000000
-1360.000000
-1380.000000
-1372.000000
-1374.000000
-1372.000000
-1410.000000
-1332.000000
-1338.000000
-1382.000000
-1396.000000
-1352.000000
-1356.000000
-1382.000000
-1392.000000
-1360.000000
-1378.000000
-1388.000000
-1382.000000
-1362.000000
-1382.000000
-1394.000000
-1404.000000
-1340.000000
-1390.000000
-1418.000000
-1404.000000
-1368.000000
-1390.000000
-1408.000000
-1400.000000
-1360.000000
-1378.000000
-1374.000000
-1398.000000
