13.500086
6.521472
3.712191
2.119999
1.025313
0.227482
-0.415427
-0.960904
-2.097458
-1.808577
-2.138405
-2.464304
-2.724669
-6.706256
-3.212328
-3.386556
-3.664627
-3.764244
-3.907807
-7.933696
-4.177648
-4.298592
-4.567068
-4.511853
-4.616913
-4.709372
-4.793225
-7.047552
-4.943377
-5.019428
-5.094251
-5.144608
-5.208010
-9.124336
-5.307232
-5.362631
-5.925752
-5.480746
-5.506495
-5.579411
-5.622901
-6.553469
-5.705393
-5.729759
-5.749302
-5.766739
-5.818339
-5.843981
-5.865630
-5.886451
-7.548097
-5.931180
-5.953975
-5.966252
-6.018012
-6.407954
-6.025492
-6.044807
-6.074931
-6.092082
-6.101873
-6.116228
-6.123662
-6.165624
-8.750677
-6.173412
-8.923886
-6.243910
-6.221919
-6.226968
353.746094
-6.243207
-6.265779
-6.280078
-6.277771
-6.284076
-6.303525
-6.303897
-6.303975
-6.305267
-8.049291
-7.009442
-6.316563
-6.328058
-6.329505
-6.353390
-6.331377
-6.348764
-6.339908
-6.338942
-6.360317
-6.336822
-6.356946
-6.346956
-7.082181
-8.671826
-6.379404
-6.367465
-5.011355
-4.950721
13.354684
6.466529
3.769414
2.138932
1.028318
-4.513229
-0.401016
-0.917395
-1.535579
-6.373309
-2.140296
-2.474024
-3.266304
-2.953859
-3.184474
-3.399472
-3.582507
-3.759913
-3.883768
-6.726617
-4.180261
-4.286004
-4.422807
-4.526778
-4.612782
-4.708753
-6.454314
-4.897638
-4.964388
-5.035478
-5.112003
-5.166796
-5.225447
-6.519311
-5.332220
-5.371342
-5.415672
-5.473936
-5.504486
-5.570491
-8.239923
-5.574553
-5.550576
-5.748828
-5.749117
-5.776424
-5.810279
-6.223309
-5.870794
-5.893677
-5.937681
-5.951786
-5.956297
-5.996203
-6.002493
-6.023872
-6.044043
-6.611767
-9.087509
-6.093994
-6.108621
-6.149355
-6.117433
-6.142046
-6.169002
-6.177483
-6.193518
-6.198803
-6.236358
-6.221477
353.746582
351.560394
-8.052843
-6.280064
-6.304983
-6.282054
-6.295779
-6.310687
-6.304699
-6.326645
-6.322209
-6.316738
-6.308258
-6.339710
-6.318262
-9.832252
-7.110244
-6.334722
-6.714114
-6.347943
-6.364060
-6.348303
-6.366638
-6.356389
-6.361822
-6.387558
-6.381835
-6.360123
-4.983925
-4.944433
34.191296
6.442105
1.534617
2.137416
1.064136
0.262043
-0.393940
-0.898175
-1.401161
-1.776776
-2.127770
-5.463652
-2.724513
-2.960600
-3.190539
-3.402901
-6.316448
-3.751557
-3.892183
-4.082381
-4.167816
-4.287961
-4.424563
-4.516924
-4.629339
-6.166625
-4.802496
-4.888117
-4.948564
-5.018688
-5.104850
-5.173995
-5.219460
-9.406681
-5.330284
-5.388142
-9.757126
-5.485923
-5.518629
-6.832262
-5.613387
-5.739963
-5.828852
-5.711775
-5.741188
-5.760851
-5.810109
-8.706554
-5.858445
-5.901074
-10.272699
-5.940516
-5.963168
-8.626694
-6.014863
-6.023182
-6.083631
-6.059874
-6.087430
-6.083872
-6.103102
-7.513986
-6.119127
-6.139369
-10.320829
-6.169055
-6.187753
-9.964669
-6.212849
-6.226995
353.747986
-6.255938
-6.253156
-9.423714
-6.297853
-6.273093
-6.362073
-6.307409
-7.602886
-6.310239
-6.338438
-6.320194
-6.317546
-6.336800
-6.333302
-6.349278
-6.331643
-8.311782
-6.339130
-6.338484
-6.359210
-6.354533
-8.582775
-6.392056
-6.370400
-6.372375
-6.380681
-6.364679
-4.989635
-4.938146
13.436251
4.577080
3.720660
2.154806
1.089831
0.281687
-0.385921
-0.902075
-1.380301
-6.765307
-2.138849
-2.425693
-7.712934
-2.953319
-3.180717
-4.688718
-3.586332
-3.755877
-3.910679
-4.027781
-4.167901
-4.291919
-4.409833
-7.689600
-4.625206
-4.706619
-9.453758
-4.868279
-4.956009
-7.748774
-5.097731
-5.164587
-5.255496
-5.287378
-5.330747
-5.377425
-5.425873
-6.964092
-5.512218
-5.569049
-9.965403
-5.531939
-5.866230
-5.714077
-5.740751
-5.766726
-5.800676
-5.833272
-5.857994
-8.678319
-5.918331
-5.932648
-6.012878
-5.979148
-7.016231
-6.040954
-6.050531
-6.058699
-6.087143
-6.087915
-6.105684
-6.128686
-6.137008
-7.723891
-6.178906
-6.167429
-6.189775
-6.204855
-8.489419
-6.223593
353.762024
-6.251826
-6.256872
-6.274423
-6.274507
-6.272506
-6.287843
-6.876391
-6.309030
-6.317533
-6.343724
-6.340821
-7.092664
-6.343754
-6.333698
-10.220575
-6.335468
-6.367254
-10.386454
-6.342302
-6.373786
-7.476692
-6.366036
-6.353663
-6.354281
-6.355114
-6.356646
-6.349290
-4.970497
-7.721975
13.110232
6.456148
-3.344802
2.119289
1.091552
-3.342371
-0.356688
-0.926780
-1.431753
-1.756395
-2.139586
-2.423808
-2.713953
-4.333632
-3.176059
-3.391849
-3.955361
-3.760187
-3.906922
-4.040130
-4.174199
-4.289927
-4.402764
-4.519072
-4.611790
-7.650495
-4.803865
-4.878921
-4.945286
-5.031895
-6.118337
-5.176889
-5.214216
-5.280953
-5.324427
-5.384216
-5.432768
-5.484448
-5.503128
-6.746751
-5.591913
-5.746772
-5.594358
-5.713871
-8.125941
-5.771493
-5.804993
-5.862805
-5.869154
-5.882981
-5.934369
-5.936398
-5.958155
-6.333068
-6.009843
-6.020778
-6.050545
-6.063371
-6.084002
-6.086167
-6.098745
-10.013330
-6.120711
-6.154832
-10.278959
-6.175120
-6.197589
-7.435723
-6.222451
-6.207447
353.764343
-6.242579
-6.255738
-6.257265
-6.267007
-8.992806
-6.292378
-6.293816
-10.511085
-6.313258
-6.306130
-9.003531
-6.304815
-6.330476
-6.397588
-6.348582
-6.341452
-6.349489
-6.338924
-9.802537
-6.425484
-6.343776
-6.740413
-6.362604
-6.352232
-6.363283
-6.365812
-6.347358
-4.996758
-4.945127
13.217125
2.954213
3.732955
2.119671
1.057264
0.275799
-1.793650
-0.918577
-1.385554
-1.751614
-2.135823
-2.412210
-2.720093
-2.969261
-3.167679
-4.435290
-3.579147
-3.750355
-3.898415
-4.033266
-7.027493
-4.277353
-4.409437
-4.567560
-4.601720
-4.704035
-4.787512
-4.883331
-4.949980
-5.411490
-5.093637
-5.182583
-5.211104
-5.287591
-5.323709
-5.393168
-5.423486
-9.428663
-5.510774
-5.577608
-9.965358
-5.566219
-5.757016
-7.213304
-5.732206
-5.772941
-5.793245
-5.824842
-5.852154
-5.887666
-5.907164
-8.463076
-5.955860
-5.966560
-10.322643
-6.020074
-6.036939
-9.012361
-6.077376
-6.089801
-6.209121
-6.119029
-6.144671
-9.012707
-6.166516
-9.786186
-6.207124
-6.185375
-6.673599
-6.208499
353.759827
-6.235885
-6.238239
-6.262074
-6.268428
-6.265935
-6.284564
-8.040514
-6.305177
-6.294188
-6.327851
-6.328295
-7.615146
-6.327593
-6.327046
-6.355029
-6.351048
-6.365526
-6.352708
-6.344139
-6.373028
-7.180958
-6.372328
-6.366218
-6.359308
-6.362402
-9.162037
-6.371455
-4.987818
-5.076809
13.254731
6.415399
-2.076285
2.152511
1.085965
-0.467243
-0.371332
-0.906453
-1.405799
-1.781858
-2.136560
-2.436532
-2.722095
-7.191944
-3.193579
-3.384691
-8.519588
-3.749388
-3.913544
-6.003123
-4.164380
-4.293370
-4.403099
-4.520245
-4.621136
-4.707141
-4.787949
-7.343910
-4.959904
-5.037555
-9.684625
-5.166887
-5.222650
-8.591417
-5.332389
-5.377892
-5.434872
-5.474220
-5.508247
-8.268436
-5.607694
-9.486103
-5.795527
-5.713892
-6.406578
-5.765722
-5.814514
-5.844384
-5.865931
-5.886772
-5.917928
-5.921925
-5.952425
-7.446354
-6.002972
-6.025143
-6.031803
-6.055038
-7.632064
-6.105332
-6.107924
-6.116734
-6.136312
-6.169312
-6.170792
-6.180188
-6.207424
-6.770477
-6.221099
-6.220684
353.774811
-6.232729
-9.289572
-6.270379
-6.282608
-10.348204
-6.287897
-6.301739
-10.123839
-6.320170
-6.328029
-7.019414
-6.321645
-6.343794
-6.324928
-6.358909
-6.345174
-6.348901
-6.343139
-9.609885
-6.374148
-6.340552
-10.544296
-6.353390
-6.355286
-8.372739
-6.366878
-6.360670
-4.978030
-4.935715
13.254731
6.409579
3.720278
0.232149
1.084667
0.245227
-0.562154
-0.909213
-1.384987
-1.779467
-2.122559
-2.446218
-2.729970
-2.962608
-3.182329
-6.186626
-3.591694
-3.740307
-3.906823
-4.028464
-5.023915
-4.274785
-4.411742
-4.521799
-4.611324
-4.698344
-4.791009
-4.874957
-4.956899
-6.343674
-5.094591
-5.164708
-5.217665
-5.274411
-7.318825
-5.376668
-5.429189
-5.478137
-5.515838
-5.570429
-5.606109
-5.607949
-5.584850
-6.116961
-5.737199
-5.762122
-5.806489
-5.826940
-6.775506
-5.886321
-5.907997
-10.010107
-5.972342
-5.971696
-10.076299
-6.014542
-6.042540
-7.052464
-6.084193
-6.082383
-6.111381
-6.119807
-6.138634
-6.151377
-6.173333
-9.190676
-6.189037
-6.205866
-10.488696
-6.204182
353.755554
351.360382
-6.263074
-6.260612
-6.288973
-6.267519
-6.291708
-6.292177
-6.295424
-9.238532
-6.353000
-6.317189
-6.449874
-6.325012
-6.322961
-6.331985
-6.334300
-6.348505
-6.354722
-6.337309
-6.359668
-8.539954
-6.364418
-6.363068
-6.344699
-6.358891
-6.979300
-6.349905
-4.968933
-4.910003
13.275537
6.389239
3.709391
2.166363
1.073602
-0.722460
-0.371141
-0.898278
-1.390513
-1.772309
-4.510420
-2.447147
-2.720947
-2.971529
-3.184775
-3.419703
-7.682438
-3.767075
-3.918189
-4.237167
-4.162673
-4.281294
-4.416940
-4.521437
-5.466464
-4.700709
-4.783937
-9.168560
-4.945335
-5.020332
-9.458585
-5.162689
-5.216199
-6.448928
-5.322835
-5.380712
-5.450636
-5.479404
-5.509435
-5.563783
-5.609340
-8.576257
-5.579082
-5.726583
-10.160675
-5.815063
-5.865563
-8.479478
-5.979421
-6.006471
-6.093204
-6.077223
-6.096125
-8.725717
-6.092399
-9.025515
-5.971138
-6.029862
-6.179624
-6.145207
-6.347336
-6.363468
-6.383004
-6.428258
-6.501551
-6.749512
-6.932436
-8.244008
-6.983184
-7.045347
352.854492
-7.265590
-8.332622
-7.662686
-7.827951
-7.941832
-7.915299
-8.001296
-8.037408
-7.855159
-7.712972
-8.466049
-7.725822
-7.753518
-7.803514
-7.798099
-9.856677
-7.773849
-7.829627
-7.842409
-7.802847
-7.688803
-11.041841
-7.649179
-7.716590
-8.076214
-7.601379
-7.528345
-6.037570
-5.782720
-4.968668
7.284826
4.280244
-2.719696
1.693592
0.917304
-5.495818
-0.419188
-0.880516
-3.512450
-1.698008
-2.000070
-2.247513
-2.333596
-2.516311
-2.676879
-2.908696
-4.841218
-3.358516
-3.383065
-3.568265
-3.709997
-3.856346
-4.027008
-4.132166
-4.238011
-4.368197
-4.438431
-4.510466
-6.946821
-4.589944
-7.956485
-4.475870
-4.292223
-4.554188
-4.433858
-4.445915
-4.437482
-4.417674
-4.501224
-4.511022
-4.559391
-4.593103
-5.814726
-4.902946
-4.924003
-4.931719
-4.980727
-5.892056
-4.859190
-4.794533
-4.773189
-4.811591
-4.866947
-4.969291
-5.053664
-5.083554
-5.267258
-4.855783
-4.742354
-4.665689
-4.685181
-6.890788
-4.757403
-4.784905
-9.054058
-4.844119
-4.874512
-8.413371
-4.905408
355.065887
-5.310968
-4.958289
-4.984487
-4.996605
-5.000465
-5.449764
-4.930237
-4.847041
-8.397408
-4.724901
-4.645213
-8.774352
-4.597083
-4.600579
-6.188195
-4.646970
-4.651011
-4.628071
-4.624694
-4.647613
-4.613620
-4.653510
-6.762300
-4.729564
-4.702373
-4.665252
-4.581917
-3.123361
-3.005647
18.632071
9.810275
6.334028
4.253901
2.863194
-0.289344
1.117131
-4.012789
-0.095741
-0.538866
-1.320004
-1.331490
-1.642781
-1.928176
-2.159488
-2.369691
-2.611159
-2.817218
-2.969369
-3.837925
-3.277265
-3.389992
-3.504690
-3.643105
-4.572899
-3.817043
-3.889718
-3.970968
-4.032647
-4.122426
-7.786304
-4.260071
-4.290536
-4.461477
-4.389618
-4.435743
-4.476152
-4.521712
-6.532044
-4.566535
-4.580204
-9.014362
-4.581260
-4.655363
-8.180815
-4.679831
-4.716097
-5.056658
-4.739400
-4.750385
-4.767997
-4.796153
-5.389521
-4.803666
-4.824135
-8.616940
-4.824130
-4.820263
-9.077974
-4.813101
-4.810174
-6.355777
-4.811227
-4.830705
-4.827389
-4.825857
-4.834857
-4.810567
-4.806089
-6.910000
355.170563
-4.807145
-4.834034
-4.831559
-4.806166
-4.812498
-4.808068
-4.791571
-4.762715
-4.763843
-4.768806
-6.268667
-4.742682
-8.264048
-4.716064
-4.745017
-5.001553
-4.658866
-4.626139
-4.622235
-4.656724
-4.643065
-4.633081
-4.626759
-4.582769
-5.164927
-4.534576
-4.502045
-3.117391
-3.054626
98.695465
10.231671
6.588411
4.499542
3.082306
2.038207
-3.393336
0.512717
-0.047909
-0.664705
-0.947090
-1.294819
-1.611847
-1.901880
-3.698323
-2.389116
-2.584972
-7.667588
-2.927193
-3.099657
-7.517525
-3.360195
-3.500154
-4.285918
-3.690529
-3.786235
-3.877632
-3.955740
-4.011910
-4.098522
-4.173717
-7.889951
-4.276177
-4.333826
-8.891830
-4.429401
-4.456529
-6.485996
-4.516469
-4.577726
-4.613071
-4.635647
-4.641577
-4.698065
-4.705710
-7.295725
-4.760616
-4.746889
-4.815386
-4.776825
-4.798330
-4.796153
-4.824958
-4.826834
-4.835972
-4.843670
-4.856205
-6.486064
-4.867640
-8.594649
-4.861155
-4.872000
-5.188581
-4.878380
-4.885719
-4.865582
-4.880237
-4.853024
-4.864665
-4.841928
355.157990
-5.418174
-4.832545
-4.852172
-4.844593
-4.817566
-6.221576
-4.827716
-4.817493
-4.798417
-4.795716
-4.784918
-8.073916
-4.766007
-4.751171
-4.849130
-4.722758
-4.730945
-4.702528
-4.675797
-5.875531
-4.670659
-4.652793
-8.684096
-4.627897
-4.623709
-8.501442
-4.564227
-3.179963
-3.957737
19.352764
10.268008
6.590460
4.500266
3.092620
2.055610
1.241959
-3.480253
-0.021053
-0.475516
-6.308557
-1.286267
-1.602531
-4.666768
-2.131047
-2.367936
-2.607669
-2.763597
-2.936707
-5.973005
-3.220544
-6.613316
-3.497535
-3.603874
-3.826957
-3.781529
-3.887262
-3.950204
-4.032085
-4.090481
-4.167871
-4.237490
-4.291432
-5.855365
-4.379615
-8.390658
-4.470903
-4.504459
-5.138053
-4.579075
-4.619164
-4.656483
-4.636048
-4.694609
-4.710949
-4.732710
-4.758143
-5.377814
-4.795073
-4.800539
-4.812619
-4.817975
-6.695535
-4.855800
-4.850077
-4.871312
-4.858609
-4.866449
-8.262968
-4.880256
-4.878313
-5.069571
-4.884351
-4.900537
-4.908094
-4.902109
-5.773516
-4.884347
-4.906930
-8.870046
355.089111
-4.861363
-8.915250
-4.866993
-4.846724
-5.865577
-4.835785
-4.829875
-4.827151
-4.814004
-4.797479
-4.792800
-4.780685
-6.329847
-4.873227
-4.775213
-4.745209
-4.736451
-4.732533
-4.707304
-4.707439
-4.670099
-4.647575
-4.631001
-4.622255
-6.945406
-4.609545
-7.526234
-3.188944
-3.120852
36.680191
10.354451
6.633108
4.527750
3.099341
2.078040
1.256985
0.593047
0.006500
-2.058658
-0.889388
-5.952783
-1.564897
-1.865400
-2.831947
-2.345307
-2.558102
-2.756139
-2.931619
-3.085389
-3.229242
-3.352958
-3.480316
-4.104174
-3.689050
-3.791804
-3.886565
-3.973023
-6.022547
-4.105371
-4.178054
-4.244269
-4.293839
-4.342319
-7.802122
-4.432396
-4.475947
-4.727127
-4.548059
-4.602048
-4.625164
-4.658699
-5.607445
-4.706405
-4.715935
-8.827832
-4.760985
-4.776491
-8.965409
-4.805771
-4.835029
-5.940639
-4.852736
-4.846388
-4.848328
-4.872964
-4.878034
-4.891147
-4.893786
-6.432348
-5.005272
-4.907271
-4.901113
-4.905714
-4.925143
-4.893585
-4.900713
-4.890276
-4.917612
-4.861490
355.115692
-7.256028
-4.865480
-7.944896
-4.828624
-4.842537
-5.008016
-4.811173
-4.823012
-4.819454
-4.807055
-4.809069
-4.785166
-4.796935
-4.766607
-6.115754
-4.767905
-4.739620
-4.720457
-4.701622
-5.416986
-4.676430
-4.684472
-4.648957
-4.629980
-4.614468
-4.602489
-4.579882
-3.187647
-3.702582
19.388786
10.424364
6.708021
4.577870
0.210703
2.085799
1.276684
0.554019
0.021643
-0.449575
-5.162464
-1.239720
-1.573974
-2.253478
-2.111062
-2.338484
-2.564017
-2.765182
-3.449569
-3.078200
-3.212023
-7.585064
-3.475696
-3.575210
-8.334356
-3.778903
-3.873786
-5.565255
-4.040617
-4.111950
-4.178978
-4.228605
-4.286887
-4.334181
-4.396675
-6.638363
-4.593615
-4.519595
-4.553512
-4.594118
-4.637236
-4.628038
-4.663625
-4.695162
-4.708087
-4.724746
-4.753178
-7.220346
-4.782922
-8.396955
-4.821095
-4.817695
-5.223499
-4.835241
-4.827517
-4.842222
-4.849661
-4.865957
-4.857436
-4.860024
-4.870389
-6.220498
-4.869885
-4.855021
-4.877454
-4.855527
-6.066340
-4.829337
-4.843696
-4.823869
355.158386
-4.813457
-4.824021
-4.820220
-4.806439
-5.258059
-4.777142
-4.786257
-4.772237
-4.774443
-7.547340
-4.772309
-4.752954
-8.865336
-4.729574
-4.755980
-8.501622
-4.721574
-4.695520
-5.301483
-4.669552
-4.644622
-4.642425
-4.608639
-4.616661
-4.608485
-4.588917
-7.869526
-3.163201
-3.096434
118.002083
10.404407
6.669390
1.647227
3.175047
2.115128
1.263515
0.595485
0.063245
-0.422889
-0.864192
-3.460371
-1.573967
-1.853147
-2.166817
-2.328730
-2.535098
-2.752891
-2.902355
-3.063720
-3.205630
-3.327199
-3.464983
-6.159282
-3.674432
-7.978230
-3.868336
-3.942548
-4.731505
-4.079864
-4.152803
-4.232768
-4.279311
-4.329347
-4.368088
-4.415541
-4.467662
-5.838279
-4.531332
-4.564527
-4.615045
-4.580271
-6.166461
-4.674850
-4.704870
-4.721843
-4.750268
-4.755706
-4.775648
-4.771723
-4.803740
-5.254158
-4.824180
-4.824190
-4.846354
-4.859352
-6.028347
-4.876885
-4.857791
-8.970939
-4.862193
-4.864200
-8.812161
-4.870197
-4.874271
-5.662911
-4.872382
-4.862832
-4.863859
-4.857555
355.129791
-4.847471
-4.854620
-8.097114
-4.828364
-4.825912
-9.063632
-4.813305
-4.810322
-6.843390
-4.805921
-4.791584
-4.781669
-4.772045
-4.755816
-4.742333
-4.735995
-7.424021
-4.785036
-4.694976
-4.779252
-4.683363
-4.668803
-4.636363
-4.644460
-4.643872
-4.616532
-4.609853
-3.220069
-5.163071
19.507168
3.637806
6.762048
4.659191
2.527599
2.162776
1.330888
0.663678
0.083244
-0.407501
-0.847731
-1.195030
-1.521942
-2.879232
-2.067369
-2.336442
-2.510598
-2.716469
-4.656024
-3.039797
-3.182158
-3.312732
-3.429186
-3.535825
-7.716656
-3.753339
-3.839343
-4.204198
-4.012873
-4.069480
-4.133975
-4.215816
-5.362702
-4.311764
-4.358549
-8.676457
-4.451683
-4.486093
-8.694782
-4.576035
-4.603676
-5.530187
-4.645041
-4.677663
-4.696551
-4.717793
-4.752324
-4.752769
-4.770355
-8.033248
-4.806684
-4.822018
-9.183978
-4.833274
-4.851149
-7.117201
-4.873909
-4.875984
-4.902365
-4.893151
-4.886222
-4.896903
-4.887289
-7.730667
-4.915772
-4.896208
-4.978373
-4.884429
-4.902859
-4.865014
355.109436
-4.883630
-4.874838
-4.885722
-4.862897
-6.725266
-4.847001
-8.578502
-4.834228
-4.826749
-5.276821
-4.806706
-4.783663
-4.795951
-4.771183
-4.792924
-4.755400
-4.768088
-4.753740
-5.293513
-4.792502
-4.756036
-4.765033
-4.701721
-5.900573
-4.140248
-3.814593
-3.327690
-1.508670
-1.338992
110.045097
6.216285
3.291506
1.482306
1.060201
0.100823
-0.528686
-0.813652
-2.139545
-1.314762
-1.679641
-6.986805
-2.092713
-2.246545
-7.292758
-2.670247
-2.820170
-4.251291
-3.176232
-3.438233
-3.726664
-3.991520
-4.041966
-4.159105
-4.238071
-5.475836
-4.444714
-4.366778
-4.359026
-4.328094
-4.544432
-4.701666
-4.687040
-4.675563
-4.749108
-4.879381
-4.946827
-7.311841
-4.837314
-7.351514
-4.719974
-4.601643
-4.628634
-4.656422
-4.727560
-4.786395
-5.064252
-5.657428
-5.629346
-5.543869
-5.391757
-6.295939
-5.082559
-8.445584
-4.981127
-4.914834
-5.099291
-4.757098
-4.709685
-4.729240
-4.709675
-4.784478
-8.581724
-4.875771
-4.904352
-5.196928
-4.927406
-4.968796
-5.055855
-5.183397
353.512787
-5.367398
-5.407087
-5.424173
-5.364425
-5.229891
-7.838733
-4.940784
-4.818682
-4.760387
-4.765022
-4.757515
-4.763132
-4.766226
-6.061079
-4.780466
-4.715183
-8.759917
-4.620135
-4.612720
-8.395830
-4.676642
-4.844967
-5.674203
-5.184202
-5.328551
-5.524086
-5.694200
-4.100372
-3.768347
12.586903
3.645401
3.108689
1.547042
0.527610
-0.264045
-0.857382
-1.304838
-1.669355
-1.990670
-2.260672
-2.500388
-2.705654
-4.895709
-3.061217
-5.886043
-3.371776
-3.514091
-3.671472
-3.759354
-3.861902
-3.947483
-4.065018
-4.149012
-4.219812
-4.295407
-4.342447
-5.145850
-4.425654
-7.894330
-4.477729
-4.505466
-4.747652
-4.575017
-4.604583
-4.633233
-4.677670
-4.701893
-8.393899
-4.823472
-4.880726
-5.074016
-5.029914
-5.106210
-5.153060
-5.178298
-6.241251
-5.148681
-5.092753
-5.023791
-4.968265
-4.918249
-7.491779
-4.870376
-4.862992
-4.894930
-4.829594
-4.864646
-4.849786
-4.860011
-6.292954
-4.864596
-4.878122
-9.088303
-4.971533
-5.031050
-8.885146
-5.247399
-5.226760
-5.780000
354.802765
-5.158695
-5.154889
-5.101215
-5.384438
-4.961615
-4.922611
-8.320648
-4.809789
-4.754458
-8.969836
-4.680539
-4.643562
-4.646465
-4.627736
-4.655186
-4.651929
-4.704396
-4.738843
-6.210301
-4.839733
-7.116072
-4.958055
-5.012528
-5.093606
-5.174181
-5.168910
-4.995116
-3.505278
-3.328011
11.418626
5.310410
2.863513
0.645348
0.526285
-4.683465
-0.777059
-1.263392
-1.934653
-1.967775
-2.222027
-2.479836
-2.681940
-2.880270
-6.991403
-3.223130
-3.385470
-3.682121
-3.674412
-3.786815
-3.897480
-3.981497
-5.421863
-4.139354
-4.224392
-4.280623
-4.327415
-4.386350
-7.371109
-4.471064
-4.515465
-4.636605
-4.594927
-4.635183
-4.672122
-4.706642
-6.086999
-4.778237
-4.813128
-9.178843
-4.916721
-4.965992
-9.022981
-5.017417
-5.025240
-5.748564
-5.058972
-5.048797
-5.042231
-5.021373
-5.001829
-4.991024
-4.971889
-5.936452
-4.955323
-4.947100
-4.932348
-4.944136
-4.966869
-4.958625
-4.982937
-5.014177
-5.047142
-5.078381
-5.123997
-6.459830
-5.153171
-7.492195
-5.162365
-5.136733
354.851501
-5.083221
-5.042437
-5.007381
-4.960515
-4.923284
-4.908131
-4.882631
-4.852614
-5.209868
-4.852339
-8.036457
-4.839425
-4.858529
-5.062341
-4.887973
-4.910219
-4.921316
-4.933955
-4.936649
-8.059081
-4.955840
-4.963027
-5.001088
-4.926116
-4.906862
-4.869146
-4.813761
-4.447072
-3.321106
11.241384
-2.944106
2.850522
1.449411
-3.046901
-0.155841
-0.704577
-1.252286
-1.573835
-1.897964
-2.185690
-2.472261
-4.391352
-2.897988
-3.065656
-8.193186
-3.417176
-3.559556
-7.943584
-3.792552
-3.894038
-4.621144
-4.095416
-4.166928
-4.231640
-4.320583
-4.732522
-4.428832
-4.482229
-8.324672
-4.573004
-4.613338
-9.152862
-4.706319
-4.747257
-4.784370
-4.830219
-4.852529
-4.884223
-4.913491
-4.946173
-6.029866
-5.060132
-7.151695
-5.014872
-4.999026
-5.027888
-5.015479
-5.004432
-5.011934
-4.994063
-4.988982
-8.812055
-4.990915
-4.979611
-5.317200
-5.009037
-8.088099
-5.027276
-5.041284
-5.201531
-5.080321
-5.075624
-5.110278
-5.123178
-5.111824
-8.007384
-5.106164
-5.097342
-5.111174
354.939819
-5.036708
-5.002029
-4.988585
-5.928626
-4.947353
-4.952650
-9.154764
-4.907925
-4.920514
-7.409561
-4.913202
-4.897891
-4.946092
-4.907118
-4.941248
-4.947136
-4.957366
-6.479511
-4.962221
-4.965756
-9.047649
-4.927633
-4.879073
-8.464646
-4.836292
-4.795080
-5.262546
-3.334045
-3.261041
11.066872
5.147169
3.662604
1.487893
0.577020
-5.122400
-0.639526
-1.141706
-7.056810
-1.855726
-2.160029
-2.468286
-2.684406
-2.908090
-3.073941
-3.239461
-3.429928
-4.718114
-3.682185
-6.150272
-3.880651
-3.979687
-4.078531
-4.140249
-4.215386
-4.295290
-4.357148
-4.408249
-8.531718
-4.521041
-4.556360
-4.964201
-4.663277
-7.960472
-4.738335
-4.769963
-4.976996
-4.835935
-4.856312
-4.883527
-4.903412
-4.912478
-7.999404
-4.900430
-4.906859
-4.938094
-4.923127
-4.925860
-4.947400
-4.963275
-5.945174
-4.992479
-5.007290
-9.343426
-5.022723
-5.030291
-7.474442
-5.031726
-5.033273
-5.055245
-5.052919
-5.055800
-5.039834
-5.058095
-6.631174
-5.040530
-5.048779
-9.227883
-5.020092
-5.001973
351.388489
-4.976124
-4.956691
-5.413218
-4.943070
-4.939840
-4.950409
-4.956643
-5.447210
-4.970798
-4.999379
-8.604948
-4.975045
-4.997400
-9.135074
-4.956671
-4.932028
-4.914063
-4.884900
-4.865601
-4.880052
-4.830492
-4.823459
-5.630346
-4.789362
-6.819109
-4.786993
-4.746907
-3.381289
-3.320607
11.313318
5.243994
2.878621
1.534516
-4.565881
-0.118890
-0.682310
-1.386233
-1.540497
-5.679007
-2.188941
-2.438363
-2.833495
-2.901075
-3.071120
-3.245266
-3.410400
-3.549325
-6.602637
-3.775374
-3.882850
-3.976893
-4.049903
-4.146364
-4.211390
-4.279884
-5.249947
-4.420825
-4.463767
-9.113015
-4.555942
-4.610262
-7.020525
-4.689112
-4.714192
-4.755690
-4.772439
-4.784667
-4.797029
-4.832919
-6.759909
-4.894115
-4.949923
-9.284675
-4.919925
-4.935642
-8.554356
-4.963126
-4.978839
-5.354850
-4.997232
-5.003558
-5.005323
-5.004746
-5.665423
-5.040871
-5.042382
-8.912613
-5.044569
-5.033416
-5.042934
-5.041648
-5.028892
-5.032851
-5.032295
-5.013865
-5.009901
-4.969451
-4.957241
-5.460921
355.040161
353.369049
-4.967674
-4.975293
-4.960146
-4.953432
-4.969179
-4.973637
-4.968099
-4.949419
-8.170650
-4.912396
-4.870024
-4.921777
-4.854184
-7.409856
-4.780931
-4.765281
-4.783267
-4.721874
-4.753945
-4.716237
-4.728253
-4.743549
-6.697621
-4.721674
-4.724347
-4.718460
-3.350348
-6.986568
11.102019
5.151363
2.135387
1.466159
0.542391
-6.168430
-0.718278
-1.192727
-3.998928
-1.926268
-2.216207
-2.478511
-2.724219
-2.909572
-3.115366
-3.265627
-5.937720
-3.570342
-3.676823
-8.648138
-3.896985
-4.001503
-7.676631
-4.195109
-4.267576
-4.568036
-4.396493
-4.444743
-4.496998
-4.545907
-5.432434
-4.634484
-4.670275
-8.838274
-4.724950
-4.747806
-4.789818
-4.810380
-4.821665
-4.860888
-4.884912
-4.920155
-8.762070
-4.937272
-4.959520
-5.239920
-4.987146
-6.493197
-5.002916
-5.005377
-5.030755
-5.016112
-5.034932
-5.034403
-5.033768
-5.040209
-7.827638
-5.016699
-5.001881
-5.012953
-5.004753
-7.422899
-4.981668
-5.005012
-5.015629
-4.996065
-4.987798
-4.991813
-5.003905
-4.984638
353.371582
-5.006819
-4.997658
-4.995797
-4.983901
-8.589470
-4.957650
-4.937655
-8.440062
-4.909544
-4.896038
-9.054551
-4.874587
-4.869089
-6.521652
-4.855065
-4.820307
-4.827927
-4.803266
-4.793208
-4.813546
-4.800870
-7.046283
-4.774858
-4.791179
-8.966467
-4.777465
-4.755944
-6.426871
-3.308907
11.347961
4.866107
2.867952
1.482278
0.565122
-0.109861
-1.544307
-1.162497
-1.572073
-2.308377
-2.184454
-2.461756
-2.711508
-2.886172
-3.084904
-3.239734
-3.400975
-3.558016
-7.608752
-3.781416
-3.888871
-4.122496
-4.089723
-5.701281
-4.230298
-4.295400
-4.357605
-4.410427
-4.464924
-4.505538
-4.565861
-4.606166
-7.196468
-4.694435
-4.715326
-4.761257
-4.777527
-7.322960
-4.828732
-4.869071
-4.927349
-4.944597
-4.940914
-4.941165
-4.952629
-4.952772
-6.336628
-4.961220
-4.970951
-4.967005
-4.982049
-5.332335
-4.983173
-4.985580
-8.459278
-5.000389
-5.000868
-9.292248
-5.015951
-5.008049
-6.974416
-5.015011
-5.003170
-5.014560
-5.038414
-5.006557
-5.019026
-5.003397
-6.983103
-4.996850
355.018311
350.784821
-4.985364
-4.964788
-8.334669
-4.941042
-4.925274
-5.217242
-4.912720
-4.913479
-4.910791
-4.894064
-8.521525
-5.533120
-4.865058
-5.389337
-4.849847
-4.846375
-4.814030
-4.817585
-4.808641
-4.773330
-4.771918
-4.761123
-8.109346
-4.729837
-4.688583
-4.919984
-3.296137
-4.813386
11.102019
5.111816
2.861559
1.466364
0.543293
-0.135747
-0.681914
-1.192761
-4.690546
-1.895970
-2.193490
-2.484836
-2.710558
-6.243756
-3.100326
-3.277758
-3.545946
-3.580068
-3.706589
-3.826778
-3.958761
-4.063333
-5.678487
-4.307114
-4.389992
-4.451405
-4.490695
-4.525159
-4.660262
-4.757136
-8.586971
-4.744888
-4.702395
-9.136582
-4.738658
-4.751438
-6.764436
-4.702207
-4.723875
-4.899032
-4.990644
-5.008350
-5.030837
-5.061001
-6.795537
-5.320052
-5.514867
-9.987550
-5.751204
-5.789080
-9.720404
-6.135457
-6.243049
-6.415508
-6.077223
-5.968547
-5.934514
-5.899980
-6.585324
-5.836100
-5.880383
-6.565546
-6.072640
-6.083539
-6.055211
-6.115028
-6.254990
-6.344628
-6.532966
-6.487703
350.458923
-6.590153
-6.573342
-6.699916
-6.968167
-8.386258
-6.852385
-6.577324
-6.505862
-6.319268
-6.258429
-6.278093
-6.368909
-6.506121
-8.675415
-6.822542
-6.865293
-6.880836
-6.866693
-9.746659
-7.016665
-7.098935
-7.196418
-6.947746
-6.977891
-7.037471
-7.049705
-6.946639
-6.426140
-5.340741
15.625216
7.566244
4.415195
2.640405
1.367751
0.479038
-4.551394
-0.774917
-1.225352
-7.046397
-1.980559
-2.330672
-5.190272
-2.930192
-3.168689
-3.407402
-3.609234
-3.797121
-3.966861
-4.110085
-6.211060
-4.355917
-4.488579
-9.276618
-4.691053
-4.774555
-8.695784
-4.963865
-5.045805
-5.546268
-5.207651
-5.282178
-5.327158
-5.401311
-9.556772
-5.837798
-5.532834
-6.369022
-5.612523
-5.648658
-5.691343
-5.685441
-5.794667
-5.810307
-5.854132
-5.872532
-9.176340
-5.938074
-5.939007
-5.974397
-5.961327
-7.618469
-6.012475
-6.044034
-6.073302
-6.095732
-6.144979
-6.143162
-6.148219
-6.145439
-8.019271
-6.138618
-6.166296
-6.196456
-6.202839
-9.266901
-6.253091
-6.262666
-6.426046
-6.243770
353.722412
-6.256731
-6.276693
-6.300405
-7.174958
-6.302258
-6.310259
-6.323541
-6.338741
-6.346234
-6.348983
-6.343731
-9.393317
-6.339806
-6.312211
-10.538943
-6.324670
-6.348232
-8.571741
-6.340554
-6.363234
-6.345012
-6.352602
-6.339170
-6.348080
-6.325717
-8.012468
-6.323936
-4.964561
-9.059087
14.507059
7.080290
-1.510186
2.452602
1.274259
-0.035507
-0.287075
-0.862638
-1.343856
-1.746532
-6.999840
-2.777189
-2.737148
-3.847207
-3.228761
-3.435460
-3.632791
-3.811338
-3.981047
-4.114620
-4.265952
-4.377552
-8.052828
-4.625575
-4.708101
-4.828932
-4.902817
-6.732348
-5.057350
-5.127341
-5.193334
-5.263684
-5.320112
-5.386386
-5.438846
-5.487075
-7.292595
-5.588527
-5.613790
-5.678797
-5.718524
-8.961384
-5.768613
-5.816447
-6.023069
-5.872149
-5.924377
-5.925404
-5.969354
-5.983521
-6.917711
-5.998737
-6.028144
-6.047791
-6.075439
-6.106852
-6.112632
-6.141140
-9.201245
-6.152584
-6.152990
-10.451911
-6.163796
-6.188205
-8.584267
-6.225828
-6.245878
-6.264606
-6.259526
-6.237104
353.735657
-6.259244
-7.856994
-6.289804
-6.287607
-10.435398
-6.285971
-6.307600
-9.915847
-6.331481
-6.335145
-6.791395
-6.336001
-6.319274
-9.854074
-6.316097
-10.235221
-6.562017
-6.343405
-7.217016
-6.357756
-6.338058
-6.345983
-6.320837
-6.310445
-6.323518
-6.337610
-6.334032
-7.532221
-4.916228
14.293467
6.963357
4.070517
-0.044638
1.298384
0.419370
-0.296282
-0.871647
-1.319725
-1.752112
-2.114274
-2.444852
-4.528413
-2.983967
-3.214793
-3.455322
-3.650529
-7.562533
-3.962776
-4.120214
-4.519495
-4.373573
-4.508820
-9.093560
-4.718218
-4.804743
-6.070045
-4.986826
-5.034604
-5.131380
-5.196533
-5.268902
-5.323150
-5.378065
-8.478563
-5.485267
-5.535893
-10.052547
-5.626194
-5.679319
-8.369061
-5.776647
-5.777161
-5.874681
-5.838162
-5.871774
-5.908422
-5.911272
-7.283755
-5.975346
-5.994269
-10.222819
-6.037214
-6.039977
-9.969646
-6.100234
-6.123136
-6.151262
-6.149626
-6.157323
-9.656194
-6.179053
-6.189833
-6.352813
-6.224928
-7.476066
-6.245031
-6.244210
-6.276820
-6.268741
353.709259
-6.271661
-6.298290
-6.301798
-8.784151
-6.313774
-6.319876
-6.338349
-6.332471
-8.491146
-6.338520
-6.332926
-6.322641
-6.340816
-6.331786
-6.349593
-6.358335
-6.351640
-7.700051
-6.337370
-6.378895
-6.347887
-6.355457
-9.886948
-6.353544
-6.354595
-9.962084
-6.341716
-4.964370
-9.041445
14.122152
7.031632
2.282018
2.411894
1.247308
0.397103
-0.288536
-0.871005
-1.339054
-1.751436
-5.064963
-2.471489
-2.749006
-8.135118
-3.213216
-3.435979
-7.050249
-3.843020
-3.982416
-4.254550
-4.249587
-4.362895
-4.509578
-4.618897
-5.873997
-4.810492
-4.896546
-9.398008
-5.058006
-5.138346
-5.193948
-5.260555
-5.317520
-5.394020
-5.435134
-5.482169
-8.964912
-5.574722
-5.601803
-5.742020
-5.702596
-7.095522
-5.787502
-5.807548
-5.824092
-5.848845
-5.897597
-5.914653
-5.950700
-5.959070
-8.229381
-6.005867
-6.029606
-6.041958
-6.071246
-8.395498
-6.119421
-6.121182
-6.165089
-6.156613
-6.161623
-6.181662
-6.177538
-6.219446
-7.386402
-6.233463
-6.258828
-6.265110
-6.265591
-9.863360
353.717804
-6.264940
-9.991292
-6.311634
-6.316526
-10.470682
-6.327895
-6.335002
-7.874508
-6.336002
-6.341853
-6.340876
-6.343241
-6.338180
-6.336649
-6.366982
-8.725359
-6.393311
-6.361949
-10.535047
-6.367878
-6.354615
-9.347750
-6.372159
-6.352280
-6.517311
-6.359398
-6.339776
-4.967928
-4.907441
-2.024348
6.894550
4.063618
1.921186
1.242294
0.422498
-0.295448
-0.876578
-1.331636
-1.766285
-2.107525
-2.433596
-6.626060
-2.984943
-3.223222
-3.491686
-3.630715
-5.515402
-3.981484
-4.111232
-4.231384
-4.367368
-4.481786
-4.592167
-4.696843
-4.782801
-7.159822
-4.959650
-5.031261
-5.107316
-5.177202
-7.934652
-5.301874
-5.374911
-5.446533
-5.474082
-5.520505
-5.551661
-5.595683
-5.645514
-6.762081
-5.719485
-5.765335
-5.801469
-5.810856
-6.262290
-5.872386
-5.895296
-9.584929
-5.970339
-5.980916
-10.281860
-6.013875
-6.032744
-7.782284
-6.063890
-6.093699
-6.105268
-6.127701
-6.141560
-6.151050
-6.158808
-8.443495
-6.206373
-6.206787
-10.489095
-6.230032
-6.238405
-9.414008
-6.253783
353.727814
-6.451404
-6.269603
-6.282346
-6.295749
-6.296015
-9.866152
-6.658426
-6.314384
-6.651393
-6.333220
-6.335917
-6.314391
-6.337251
-6.339654
-6.342148
-6.337032
-6.331361
-9.271194
-6.336776
-6.372120
-6.392331
-6.345532
-7.687162
-6.334446
-6.337895
-6.335752
-6.328499
-4.942780
-4.893477
14.172149
6.934507
1.202711
2.388521
1.265653
0.392896
-0.259631
-4.239586
-1.324062
-1.724594
-2.184283
-2.455316
-2.742394
-2.971112
-3.205730
-3.398597
-4.550509
-3.796383
-3.950325
-4.099119
-4.242070
-4.353981
-4.479833
-4.589433
-8.484752
-4.789390
-4.875592
-9.583608
-5.045990
-5.123051
-7.230816
-5.246769
-5.292877
-5.384511
-5.418082
-5.463371
-5.510236
-5.564115
-7.734062
-5.656988
-5.694587
-10.138522
-5.753642
-5.793908
-9.204298
-5.832732
-5.883772
-6.144523
-5.923277
-5.953660
-5.976538
-5.988321
-9.829076
-6.262013
-6.049089
-6.697657
-6.079246
-6.103915
-6.126704
-6.133486
-6.142758
-6.162209
-6.174916
-6.185814
-9.226701
-6.206006
-6.224732
-6.225687
-6.233230
-7.658807
353.760468
-6.248862
-6.258252
-6.275584
-6.270477
-6.291221
-6.295888
-6.302231
-7.879194
-6.300048
-6.311500
-6.299266
-6.287425
-9.265627
-6.309370
-6.332818
-6.428864
-6.320180
-6.302335
-6.301819
-6.332444
-6.310997
-7.147164
-6.326868
-6.308690
-6.312235
-6.302216
-6.307838
-4.912160
-4.847318
20.645481
6.906421
4.021790
-4.279287
1.224481
0.366204
-3.223059
-0.875444
-1.339839
-1.779194
-2.131479
-2.443971
-2.732278
-2.984000
-5.194722
-3.443704
-3.646328
-8.693735
-3.957288
-4.110976
-8.258327
-4.375735
-4.477602
-4.608054
-4.707495
-4.787729
-8.618462
-4.955822
-9.217974
-5.249248
-5.179840
-6.102149
-5.303342
-5.367373
-5.412603
-5.466817
-5.506237
-5.557602
-5.590335
-5.637942
-8.195151
-5.707014
-5.708719
-5.780151
-5.808635
-7.503581
-5.880726
-5.900419
-5.917710
-5.942506
-5.976422
-5.979394
-5.994211
-6.029527
-7.381181
-6.075249
-6.083958
-6.100718
-6.118180
-9.154070
-6.129235
-6.138809
-6.292518
-6.173971
-6.187717
-6.187701
-6.225715
-6.222682
-6.984223
-6.218812
353.739594
-6.230106
-6.244550
-6.252224
-6.263250
-6.270389
-9.579515
-6.304526
-6.282747
-10.429172
-6.304779
-6.310987
-8.242267
-6.317402
-6.306952
-6.335946
-6.333590
-6.335419
-6.317293
-6.318109
-8.277532
-6.301053
-6.315255
-10.478497
-6.319004
-6.338073
-9.518744
-6.319361
-4.931667
-5.136010
14.097727
6.886244
-0.800324
2.365026
-4.040544
0.279406
-0.290244
-1.463196
-1.351007
-1.757542
-2.131158
-2.441956
-2.732026
-2.980900
-3.216870
-3.446976
-5.984576
-3.826996
-3.941244
-4.122816
-4.236989
-5.657984
-4.495238
-4.600969
-4.696797
-4.791422
-4.886224
-4.968063
-5.037881
-5.103388
-6.220604
-5.245233
-5.297028
-5.359267
-5.414445
-8.091341
-5.525181
-5.551585
-5.642968
-5.642279
-5.678304
-5.706621
-5.707298
-5.776163
-6.271306
-5.832370
-5.863050
-5.893664
-5.920497
-6.374338
-5.971600
-6.000151
-9.725299
-6.199285
-6.413330
-10.767766
-6.248292
-5.564071
-6.846169
-5.123971
-5.046008
-4.916629
-4.989099
-5.040815
-5.051146
-5.118435
-7.672227
-5.327695
-5.308149
-9.390029
354.893707
-5.293674
-8.670197
-5.587947
-5.634586
-5.709125
-5.778939
-5.800540
-9.072824
-6.034545
-9.658784
-6.066071
-6.085429
-6.581594
-6.382890
-6.397650
-6.476614
-6.548513
-6.606477
-7.091293
-7.266964
-7.681604
-9.479900
-7.653715
-7.517784
-6.789863
-7.056651
-8.044448
-5.838422
-5.965396
13.649981
6.714451
4.031748
2.540794
1.463866
-0.095217
-1.939052
-1.539045
-2.018159
-2.655610
-3.345777
-6.203519
-3.719616
-3.897026
-3.971667
-4.076227
-4.240705
-8.404378
-4.630905
-4.784296
-5.392076
-5.061128
-5.205458
-5.349709
-5.450277
-5.970132
-5.616325
-5.672260
-9.579545
-5.705660
-5.703891
-10.173031
-5.758536
-5.772650
-6.973633
-5.940543
-6.060159
-6.164516
-6.455812
-6.605975
-6.690501
-6.812203
-9.979678
-6.833838
-6.843922
-11.205052
-6.988119
-7.013350
-9.192199
-6.731215
-6.722764
-6.728720
-6.701942
-6.802582
-8.804955
-6.753808
-10.167326
-7.091260
-7.086769
-7.352675
-7.233225
-7.168065
-7.192709
-7.242855
-7.214609
-7.262841
-7.403309
-7.588883
-8.627061
-7.551355
352.524872
-7.447929
-7.445243
-8.103944
-7.484010
-7.514658
-7.623937
-7.445031
-7.336563
-7.339262
-7.375082
-7.398941
-7.630637
-7.363350
-7.299569
-7.322062
-7.271143
-9.232922
-7.439200
-7.539845
-7.667008
-7.880807
-7.941789
-10.956841
-7.819699
-7.755393
-7.883616
-7.677537
-6.318128
-6.305735
14.056187
7.915813
4.133955
2.543936
-4.578557
0.317901
-0.378599
-6.297303
-1.563890
-2.001237
-3.542213
-2.735203
-3.034787
-3.321077
-3.565571
-3.792378
-4.008035
-4.198777
-6.088847
-4.532894
-4.675179
-4.798831
-4.944101
-5.079924
-5.189281
-5.302297
-5.429760
-5.514185
-5.612660
-5.674224
-7.400287
-5.807674
-8.833722
-5.936686
-5.982886
-6.154200
-6.124270
-6.203889
-6.294753
-6.286421
-6.351873
-6.386446
-6.317187
-6.513188
-7.172823
-6.614885
-10.368359
-6.714311
-6.751779
-7.250870
-6.840598
-6.857790
-6.899457
-6.894933
-6.914037
-10.237272
-6.905480
-6.924795
-7.035447
-6.954366
-6.952914
-6.973827
-6.992421
-8.595341
-7.038568
-7.064260
-11.364696
-7.152530
-7.209537
-9.978559
352.672058
-7.361104
-7.458766
-7.402333
-7.433167
-7.438843
-7.426886
-8.661884
-7.403499
-7.385065
-11.545145
-7.379284
-7.366486
-11.214020
-7.396995
-7.406401
-8.019903
-7.374652
-7.355469
-7.348832
-7.396628
-7.388773
-7.439367
-7.513511
-8.739103
-7.626971
-7.684127
-7.729651
-6.368179
-6.367049
14.383256
6.922144
4.002652
2.257655
1.092331
0.192307
-2.035999
-1.116632
-4.894769
-2.017048
-2.397228
-2.776546
-3.022555
-3.297534
-3.542758
-3.757681
-3.967477
-4.162792
-4.322529
-4.493108
-5.031964
-4.787244
-8.705893
-5.029137
-5.154507
-5.693315
-5.377603
-5.468649
-5.557323
-5.643485
-5.720778
-9.028849
-5.838447
-5.887804
-5.987900
-5.985272
-6.048677
-6.089090
-6.128858
-7.667373
-6.237400
-6.220049
-10.829818
-6.407505
-6.468705
-9.281418
-6.586954
-6.634726
-6.738077
-6.718320
-6.753185
-6.791005
-6.838996
-8.248465
-6.890459
-6.935497
-11.150819
-6.972429
-6.990012
-10.811934
-6.948748
-6.940632
-7.636480
-6.987597
-7.023213
-7.038879
-7.099966
-7.112751
-7.166629
-7.183782
351.635895
-7.266929
-7.314322
-7.338225
-7.359100
-7.365883
-7.404852
-7.433911
-7.421872
-7.459295
-7.483437
-7.497719
-8.298848
-7.515268
-9.943331
-7.476335
-7.445949
-7.450515
-7.391088
-7.353306
-7.390038
-7.399244
-7.416097
-10.938661
-7.501296
-7.538787
-7.778295
-7.613449
-9.513748
-6.250468
14.142232
6.847995
3.914214
2.235443
1.105854
0.196870
-0.485983
-4.404364
-1.571834
-2.025491
-2.403245
-2.752046
-3.044999
-3.308599
-3.548332
-5.216958
-3.969260
-4.161283
-9.197710
-4.484990
-4.621839
-7.464910
-4.910810
-5.032701
-5.180310
-5.258559
-5.363780
-5.466362
-5.544557
-7.173685
-5.714243
-5.794373
-10.327664
-5.928943
-5.988184
-9.916733
-6.098892
-6.159390
-6.701730
-6.254257
-6.289097
-6.352084
-6.265069
-6.411057
-6.457121
-6.492023
-7.612036
-6.598963
-6.646170
-6.674689
-6.742421
-6.785213
-6.848033
-6.878397
-6.901230
-6.947539
-6.981937
-6.991621
-7.673865
-7.020823
-9.395991
-7.063821
-7.056269
-7.095008
-7.101774
-7.106294
-7.137068
-7.133078
-7.169102
-10.564179
352.804749
-7.209009
-7.359182
-7.269144
-10.569822
-7.329232
-7.373993
-7.698855
-7.432185
-7.470073
-7.494023
-7.526379
-7.504865
-9.901791
-7.528517
-7.544842
-7.517890
-7.521221
-7.515056
-7.506767
-7.501519
-10.273654
-7.502874
-7.506367
-11.682349
-7.527073
-7.543405
-10.123263
-6.199125
-6.179509
22.253012
6.861014
4.005261
2.297584
1.106824
-1.191421
-0.471121
-1.072051
-6.944338
-2.003340
-2.397310
-7.472356
-3.035641
-3.306221
-4.396478
-3.777147
-3.980755
-4.174991
-4.326419
-4.492002
-4.636736
-4.762088
-6.310047
-5.032578
-5.129653
-5.241426
-5.335213
-5.438478
-5.547439
-5.629434
-5.695055
-5.802133
-5.867903
-5.943895
-6.734197
-6.071355
-8.956540
-6.161187
-6.208440
-6.272580
-6.299093
-6.354867
-6.449928
-6.431533
-6.457169
-9.997550
-6.513680
-6.542115
-6.741814
-6.615895
-10.309890
-6.719834
-6.761816
-7.247555
-6.856185
-6.884217
-6.917514
-6.934330
-6.974235
-9.444803
-6.998991
-7.036733
-7.040287
-7.057620
-7.083018
-7.090994
-7.113367
-9.671736
-7.137287
-7.120083
348.603302
-7.148739
-7.176161
-10.050561
-7.224846
-7.240658
-7.386219
-7.315353
-7.344636
-7.373672
-7.399726
-8.521441
-7.429146
-7.473153
-11.501830
-7.493342
-7.481110
-11.328773
-7.485003
-7.501166
-8.274724
-7.520186
-7.555610
-7.537766
-7.535439
-7.531977
-7.525749
-7.509064
-7.381083
-6.096584
13.913148
6.736759
3.879517
2.156554
1.062319
0.180641
-0.529888
-1.102767
-1.604858
-2.028680
-3.273124
-2.753146
-6.138009
-3.354026
-3.579013
-3.825368
-4.017098
-4.209562
-4.371952
-4.525818
-4.657868
-8.401354
-4.920540
-5.040598
-5.219164
-5.252824
-9.209678
-5.441494
-5.548272
-6.053546
-5.714068
-5.804000
-5.870805
-5.946496
-6.010176
-8.280004
-6.154036
-6.172870
-6.236762
-6.285355
-6.344903
-6.371502
-6.517445
-9.241251
-6.476812
-6.516789
-10.923372
-6.583390
-6.610312
-9.408152
-6.696324
-6.723010
-6.847439
-6.797234
-6.845346
-6.877837
-6.930533
-8.223324
-6.970560
-7.010715
-11.190856
-7.054137
-7.078741
-10.943438
-7.136117
-7.162943
-7.837381
-7.189031
-7.214905
-7.193330
352.773010
-7.234199
-7.250542
-7.274281
-8.454621
-7.279604
-7.317849
-7.346758
-7.368787
-7.391758
-7.418290
-7.438747
-7.453325
-7.477620
-7.495677
-7.524658
-8.108005
-7.553944
-9.796127
-7.556968
-7.609867
-7.599656
-7.598996
-7.604278
-7.604022
-7.600860
-7.581176
-10.438607
-6.198940
-6.171921
17.501741
6.813681
-1.174591
2.183834
1.077168
-0.175936
-0.537797
-1.106195
-1.625410
-2.030914
-2.424733
-4.932311
-3.063351
-3.340755
-3.569861
-3.782420
-4.021374
-4.217844
-4.376580
-7.917710
-4.666304
-4.790119
-9.671754
-5.054035
-5.144627
-7.815456
-5.363724
-5.448635
-5.555306
-5.612356
-5.697915
-5.778885
-5.847732
-7.655313
-5.993499
-6.050902
-10.534468
-6.190628
-6.228135
-10.044463
-6.334081
-6.380372
-6.996849
-6.472097
-6.501818
-6.533141
-6.580937
-6.608935
-6.649989
-6.669204
-7.598585
-6.727498
-6.771268
-6.806462
-6.831139
-6.880433
-6.903103
-6.946528
-6.968334
-6.995880
-7.030656
-7.059437
-7.490738
-7.118012
-9.030101
-7.164801
-7.209414
-7.200778
-7.233934
-7.244433
352.743408
-7.266219
-7.289720
-9.871255
-7.314485
-7.307580
-7.342724
-7.328850
-10.416308
-7.373631
-7.406351
-7.569163
-7.430963
-7.460353
-7.469709
-7.522787
-7.515507
-8.899117
-7.563680
-7.566401
-7.589315
-7.588919
-7.620299
-7.622856
-7.607683
-10.782232
-7.611959
-7.611598
-10.388914
-6.178403
14.159608
3.767197
3.965427
2.213614
1.048904
0.212907
-0.494016
-1.103976
-1.586068
-4.248553
-2.420744
-2.737129
-8.224010
-3.325981
-3.553257
-7.843863
-4.005228
-4.206133
-4.752093
-4.511420
-4.648473
-4.793019
-4.929222
-9.293795
-5.625226
-5.265070
-6.141165
-5.455880
-5.549072
-5.628611
-5.712759
-5.788082
-5.856260
-5.931658
-5.989979
-9.598372
-6.118144
-6.167706
-6.289917
-6.301532
-7.894134
-6.410581
-6.607729
-6.489316
-6.518436
-6.542478
-6.600648
-6.639855
-6.661702
-8.723152
-6.716514
-6.751984
-6.785345
-6.807684
-9.812517
-6.879251
-6.899333
-7.058762
-6.959877
-6.981400
-7.021599
-7.043755
-7.075039
-8.070619
-7.127018
-7.157178
-7.174976
-7.206188
-7.223839
-7.226811
352.741302
349.477539
-7.288449
-7.296520
-11.528821
-7.304657
-7.335962
-9.357416
-7.355960
-7.368713
-7.386994
-7.405498
-7.416660
-7.446269
-7.444834
-9.347062
-7.490877
-7.520121
-11.697249
-7.543671
-7.571802
-10.912804
-7.598689
-7.590877
-7.928613
-7.615271
-7.632348
-7.647839
-6.275363
-10.020846
52.842018
6.884250
3.088964
2.260865
1.132410
0.311330
-0.324026
-0.854148
-1.464518
-1.987856
-2.439356
-6.167052
-2.989114
-3.253814
-3.521400
-3.750632
-6.279108
-4.135898
-4.316381
-4.483283
-4.659992
-4.794949
-4.945429
-5.072889
-5.130345
-7.305129
-5.276544
-5.474512
-5.606518
-5.685929
-9.118160
-5.718979
-5.867440
-5.895464
-5.650755
-5.723359
-5.984098
-5.906048
-5.843097
-7.483029
-5.909827
-6.071326
-6.064405
-5.890630
-5.749424
-5.629671
-5.587076
-8.307152
-5.566119
-5.491065
-9.746939
-5.371241
-5.242146
-7.789865
-5.149895
-5.346283
-5.337719
-5.184914
-5.329429
-5.481271
-5.285187
-6.355271
-4.986381
-5.026704
-9.018257
-4.769727
-4.711804
-8.129438
-4.118180
-4.315361
-4.600452
-3.964860
-3.909500
-7.283092
-3.652124
-3.538572
-4.018457
-3.701159
-4.519028
-3.563683
-3.592483
-3.734790
-3.793094
-4.030929
-3.951547
-3.922088
-3.941138
-6.937165
-4.101211
-4.074276
-4.229592
-4.477658
-6.200159
-4.113682
-3.892688
-3.780372
-3.786343
-3.797757
-2.353940
-2.223850
9.796906
1.977770
2.494764
1.258849
0.410965
-0.284713
-5.258373
-1.364192
-1.736667
-2.295064
-2.331952
-2.586797
-7.889959
-3.036347
-3.189214
-4.693444
-3.420352
-3.526594
-3.621492
-3.717082
-3.790598
-3.845976
-3.945783
-7.051778
-4.083603
-4.126543
-8.828465
-4.221739
-4.245172
-7.156486
-4.271062
-4.293730
-4.376029
-4.331919
-4.339163
-4.343568
-4.393414
-5.802062
-4.548991
-4.672990
-8.900229
-4.501926
-4.415140
-4.476166
-4.440180
-4.433534
-4.466160
-4.453252
-4.417787
-8.039873
-4.461233
-4.455060
-4.623331
-4.387324
-5.305493
-4.339253
-4.321674
-4.314529
-4.324695
-4.301671
-4.297391
-4.331404
-4.333879
-6.763758
-4.403712
-4.394722
-4.375390
-4.336389
-6.127089
-4.221255
355.778198
-4.187757
-4.126304
-4.086999
-4.063902
-4.051328
-4.048497
-5.244549
-4.082073
-4.082354
-4.089912
-4.083567
-7.166880
-4.062716
-4.033851
-7.916643
-3.972783
-3.941437
-7.928692
-3.895509
-3.880200
-4.865524
-3.842890
-3.820080
-3.798794
-3.820431
-3.779083
-3.715699
-2.291744
-5.169854
9.807112
4.272112
-4.946700
0.891945
0.048432
-3.876997
-1.042821
-1.446202
-1.811416
-2.035975
-2.300246
-2.523775
-2.718085
-4.736115
-3.054734
-3.188467
-3.410155
-3.477205
-3.573169
-3.660218
-3.745017
-3.804738
-3.880313
-3.930537
-3.988786
-7.090426
-4.079391
-8.272938
-4.164455
-4.191451
-4.874847
-4.245916
-4.266084
-4.285139
-4.303343
-4.316249
-4.325735
-4.339459
-4.333929
-5.989003
-4.355190
-4.312952
-4.385025
-4.355689
-5.797448
-4.347733
-4.353830
-4.331046
-4.334445
-4.335369
-4.328639
-4.327116
-4.337754
-4.935748
-4.343318
-4.325238
-4.320663
-4.298245
-7.057713
-4.263599
-4.244143
-8.360547
-4.237054
-4.230427
-8.114650
-4.207575
-4.200728
-4.932268
-4.160814
-4.138173
355.860138
-4.105849
-4.065105
-4.062821
-4.045488
-7.282077
-4.026285
-4.016659
-8.222657
-4.004339
-4.011802
-6.052273
-3.969231
-3.942737
-3.895335
-3.878075
-3.820879
-3.799382
-3.764572
-6.123613
-3.837949
-3.697193
-3.715261
-3.670273
-3.679354
-3.646869
-3.627240
-3.587490
-2.184319
-2.106247
9.514110
0.450812
2.089078
-4.665985
0.066559
-0.499673
-1.428140
-1.393596
-1.758127
-2.027731
-2.301448
-2.538282
-2.742790
-2.936613
-3.088660
-4.312545
-3.376209
-3.506568
-3.601121
-3.673536
-4.945652
-3.835607
-3.911608
-3.979644
-4.037736
-4.076331
-8.113381
-4.176859
-4.213415
-4.463992
-4.264934
-4.281949
-4.294250
-4.334547
-5.947765
-4.361566
-4.370855
-8.785751
-4.382344
-4.421427
-8.270549
-4.371018
-4.423431
-4.942039
-4.412989
-4.412852
-4.418273
-4.404327
-4.386696
-4.370538
-4.383335
-7.991786
-4.391084
-4.377632
-8.662872
-4.367661
-4.340362
-6.073671
-4.321895
-4.307776
-4.274086
-4.267583
-4.232902
-4.224703
-4.229788
-6.327529
-4.210372
-4.178584
-4.171004
-4.143869
355.834412
-4.128949
-4.126850
-4.112285
-4.090772
-4.057776
-4.044317
-5.631138
-3.974115
-7.317651
-3.941861
-3.920025
-4.029310
-3.888615
-3.868465
-3.854388
-3.827518
-3.798973
-3.787220
-3.745717
-3.748337
-4.288920
-3.698862
-3.676762
-3.638714
-3.635231
-4.472934
-3.598493
-2.212821
-2.124388
9.730599
4.303681
-2.660471
0.973648
0.163930
-0.575898
-0.986117
-1.404121
-1.750429
-2.050175
-4.396356
-2.540037
-2.749272
-8.029140
-3.091399
-3.254631
-7.442036
-3.500257
-3.587836
-4.082846
-3.774947
-3.849770
-3.915799
-3.983315
-4.663874
-4.088217
-4.132142
-8.274565
-4.196239
-4.240154
-8.718224
-4.288764
-4.296896
-5.759080
-4.325126
-4.349695
-4.349572
-4.339650
-4.356345
-4.372496
-4.383679
-6.163359
-4.419754
-4.398295
-4.394090
-4.392232
-4.412467
-4.390721
-4.391839
-4.391609
-4.398184
-4.384059
-4.367855
-5.554570
-4.358651
-7.278093
-4.302508
-4.297166
-4.340855
-4.270511
-4.274784
-4.251873
-4.252026
-4.259510
-7.992226
-4.220675
-4.221383
-4.452952
-4.150459
-4.143296
355.848236
-4.119495
-4.679125
-4.082573
-4.068861
-4.036356
-4.032596
-4.014227
-6.719005
-3.970544
-3.966326
-3.951703
-3.907951
-3.906250
-3.859572
-3.854757
-5.990065
-3.830337
-3.796940
-7.976697
-3.792460
-3.747197
-6.791803
-3.712566
-3.720376
-3.843858
-3.652895
-3.581725
-2.178746
-2.117340
-1.059071
4.262933
2.165399
-5.208001
0.147811
-0.492474
-6.426595
-1.365162
-1.722644
-3.270012
-2.334226
-2.560746
-2.768390
-2.933348
-3.092697
-3.249713
-3.386440
-4.948971
-3.597044
-3.683607
-3.759435
-3.825591
-3.909508
-3.967747
-4.007332
-4.054414
-4.123281
-4.154988
-4.185614
-5.091988
-4.248502
-6.672093
-4.291162
-4.325541
-4.339169
-4.337680
-4.361986
-4.372678
-4.371621
-4.406151
-7.697022
-4.347993
-4.336753
-4.451891
-4.385463
-7.875164
-4.385557
-4.380203
-4.656352
-4.359541
-4.378752
-4.364573
-4.349441
-4.350305
-6.341572
-4.338468
-4.324830
-4.326400
-4.314327
-4.299539
-4.279032
-4.266504
-7.044399
-4.240249
-4.222877
-8.467277
-4.190469
-4.171084
-6.892589
-4.144143
355.850739
-4.197332
-4.114160
-4.087710
-4.083601
-4.059825
-5.329813
-4.032054
-4.002966
-8.035081
-3.995218
-3.984474
-7.723704
-3.926713
-3.887207
-4.592677
-3.863425
-3.857166
-3.821652
-3.777347
-3.782235
-4.569531
-3.714530
-4.664278
-3.656903
-3.620764
-3.611019
-3.569929
-2.159457
-2.114826
9.675808
4.174127
-4.002098
0.952638
0.124944
-0.755546
-1.020145
-3.919796
-1.798118
-2.096695
-2.363084
-2.586612
-2.792309
-2.952001
-3.108058
-3.251421
-6.501607
-3.516154
-3.606418
-3.700218
-3.777160
-7.638660
-3.893266
-3.958769
-4.357176
-4.062547
-4.107058
-4.163162
-4.197845
-4.225381
-5.951177
-4.279010
-4.292671
-4.317826
-4.328246
-4.341897
-4.402577
-4.373999
-7.018839
-4.409621
-4.421355
-8.888782
-4.404942
-4.430677
-7.389742
-4.423316
-4.442165
-4.524374
-4.428012
-4.406240
-4.405649
-4.393724
-5.463117
-4.357244
-4.366437
-8.466464
-4.327480
-4.322985
-8.348797
-4.321396
-4.300246
-5.220162
-4.279388
-4.269755
-4.271302
-4.252872
-4.239223
-4.916476
-4.193052
-5.501875
355.811676
-4.165695
-4.142764
-4.122161
-4.114077
-4.081067
-4.068837
-4.050550
-7.450859
-4.009257
-3.998224
-4.095902
-3.949806
-6.267843
-3.922191
-3.921569
-3.899611
-3.863566
-3.851035
-3.810228
-3.803716
-3.761233
-6.155073
-3.698236
-3.699168
-3.682168
-3.644548
-3.602434
-2.205370
-2.127865
62.558502
4.256895
2.187993
-5.624192
0.099713
-0.533879
-3.396286
-1.411191
-1.796670
-2.087919
-2.346254
-2.588211
-2.790383
-2.956147
-5.594732
-3.257144
-3.401180
-8.430175
-3.612066
-3.699549
-7.550266
-3.852782
-3.924067
-4.295235
-4.040575
-4.100092
-4.147061
-4.188595
-4.940385
-4.252585
-4.280936
-8.421626
-4.328535
-4.358913
-4.356830
-4.384457
-4.388077
-4.401204
-4.387792
-4.428619
-4.413094
-4.463513
-4.447805
-4.979995
-4.426834
-6.184740
-4.450573
-4.434647
-4.436577
-4.428458
-4.427472
-4.412036
-4.408884
-4.391088
-7.673418
-4.390159
-4.347437
-4.412856
-4.339038
-7.107471
-4.299850
-4.304712
-4.378480
-4.299917
-4.279799
-4.259798
-4.251600
-4.215713
-6.388138
-4.190315
355.810577
-4.152813
-4.151685
-4.148799
-4.146561
-4.125313
-7.240736
-4.105124
-4.074929
-8.204797
-4.027525
-4.007806
-6.206528
-3.923176
-3.887712
-3.890820
-3.849525
-3.840876
-3.818189
-3.800406
-5.352373
-3.774743
-3.766835
-7.861565
-3.709052
-3.670003
-7.224995
-3.581848
-2.167039
-2.621619
9.502868
4.236350
2.162599
0.916779
0.099631
-0.509331
-0.990038
-2.467063
-1.778993
-2.092420
-2.346609
-2.598572
-2.803224
-2.975230
-3.126937
-3.268380
-3.419956
-3.528937
-3.605697
-4.293427
-3.781510
-6.226023
-3.919835
-3.984821
-4.033048
-4.077835
-4.109155
-4.156825
-4.200262
-4.226142
-7.585789
-4.304152
-4.341720
-4.468909
-4.480021
-8.063156
-4.533126
-4.567997
-4.912705
-4.659992
-4.797883
-4.842414
-4.696263
-4.505406
-6.574505
-4.360902
-4.390228
-4.552686
-4.329015
-4.050844
-3.901144
-3.865635
-6.258786
-3.896425
-3.901445
-8.248594
-4.000355
-4.060528
-7.261362
-4.266468
-4.552936
-5.049558
-5.293616
-5.945528
-6.095032
-6.189859
-7.069325
-6.436890
-6.603918
-10.662602
353.278534
-6.543626
-10.513228
-6.738698
-6.755762
-7.685932
-6.862111
-6.918683
-6.887574
-6.866175
-6.849704
-7.844420
-6.771358
-8.189230
-6.506830
-6.226745
-6.318338
-6.452843
-6.572654
-6.672685
-6.464860
-6.436597
-10.409728
-6.121287
-5.956020
-6.158125
-5.890963
-8.367967
-4.412662
-4.406395
17.035828
6.199838
2.777521
1.150809
0.025592
-0.579614
-5.242623
-1.709718
-2.308114
-2.762919
-2.958362
-7.911579
-3.617881
-3.827918
-4.628438
-4.199314
-4.384611
-4.495631
-4.585208
-4.697166
-7.037107
-4.991969
-5.068650
-5.025158
-5.071622
-5.146244
-5.272115
-5.477417
-8.374349
-5.608808
-5.651644
-10.253737
-5.823517
-5.878320
-9.048370
-5.962927
-5.976600
-6.126418
-6.012707
-6.046804
-6.020845
-5.902773
-7.044878
-5.974279
-6.100961
-10.322101
-6.181541
-6.160867
-10.158009
-6.192061
-6.225163
-7.002638
-6.264639
-6.291793
-6.312358
-6.363332
-6.387027
-7.046523
-6.435579
-8.132778
-6.442098
-6.444296
-6.398003
-6.335095
-6.256962
-6.280646
-6.300766
-6.354777
-9.922160
-6.393706
353.589264
353.405579
-6.422135
-9.144278
-6.478579
-6.494200
-6.590065
-6.495225
-6.515369
-6.526688
-6.525489
-6.507259
-9.031303
-6.443802
-6.359886
-6.329539
-6.356970
-6.434524
-6.464853
-6.501766
-7.303635
-6.519045
-6.516356
-6.473219
-6.470067
-6.472477
-8.321117
-6.454837
-5.059747
-5.045087
9.705082
4.121698
1.903133
0.586335
-3.056149
-0.892150
-1.390710
-7.475368
-2.250372
-2.606166
-7.056114
-3.205708
-3.429893
-3.973422
-3.846948
-4.030472
-4.215420
-4.381351
-5.181750
-4.603111
-4.721273
-9.117113
-4.931373
-5.015436
-9.631209
-5.156701
-5.232645
-5.308157
-5.386796
-5.464021
-5.545312
-5.602133
-5.651928
-6.368558
-5.755081
-7.877072
-5.855718
-5.897842
-5.911901
-5.969230
-5.986145
-5.974262
-6.140524
-6.042411
-9.565315
-6.046873
-6.064123
-6.214649
-6.123169
-9.193130
-6.195992
-6.216640
-6.372898
-6.268311
-6.283010
-6.293412
-6.314682
-6.331183
-8.715632
-6.351246
-6.359179
-6.365790
-6.362555
-6.379983
-6.395888
-6.383277
-7.321306
-6.406687
-6.427999
-10.652057
353.552856
353.561951
-8.556091
-6.462348
-6.464659
-6.442742
-6.445948
-6.447701
-6.451220
-6.430614
-8.203762
-6.443930
-6.432635
-10.605163
-6.420347
-6.439792
-9.942239
-6.433704
-6.457585
-6.832948
-6.487482
-6.485782
-6.506513
-6.478868
-7.005656
-6.501779
-6.507757
-10.111857
-5.099840
-5.035128
104.126648
4.136314
1.950207
0.638067
-0.239884
-0.897395
-1.441008
-1.891899
-2.273916
-3.268694
-2.932045
-5.858327
-3.445555
-3.675366
-3.871646
-4.044638
-4.232905
-4.394018
-4.490022
-4.622349
-8.431217
-4.853036
-4.955483
-5.144721
-5.139575
-8.666286
-5.290035
-5.358830
-5.620590
-5.470424
-5.541674
-5.616314
-5.649686
-5.710331
-8.121124
-5.791874
-5.832083
-5.861136
-5.892294
-5.958599
-5.986199
-6.113205
-9.168586
-6.063283
-6.089418
-10.483846
-6.154385
-6.155150
-8.633503
-6.192744
-6.205848
-6.259377
-6.251088
-6.268119
-6.269732
-6.298678
-7.849269
-6.320241
-6.342592
-10.568643
-6.343757
-6.347143
-10.014616
-6.367962
-6.376353
-6.862333
-6.366677
-6.387398
-6.403930
-6.395072
353.559418
353.556030
-6.473279
-7.465649
-6.476571
-6.474652
-6.475304
-6.478573
-6.476342
-6.455066
-6.465097
-6.458369
-6.450175
-6.464757
-6.444908
-6.906458
-6.438501
-8.870416
-6.435756
-6.433785
-6.458611
-6.437165
-6.438198
-6.457387
-6.457670
-6.472068
-9.583821
-6.447844
-5.088611
-5.113190
9.585553
-0.738706
1.924321
0.619734
-0.587172
-0.885101
-1.461908
-1.912752
-2.306516
-2.647222
-5.508311
-3.211486
-3.464803
-3.660551
-3.880996
-4.047377
-4.221799
-4.391388
-7.768029
-4.634998
-4.756008
-9.611024
-4.953609
-5.055001
-7.935951
-5.216214
-5.285361
-5.420288
-5.434781
-5.493336
-5.545856
-5.617542
-7.114622
-5.711132
-5.751083
-10.177747
-5.839441
-5.859603
-9.841879
-5.943596
-5.958923
-6.623106
-5.979444
-6.044460
-6.071263
-6.077083
-6.122529
-6.151790
-6.168775
-7.343555
-6.213669
-6.229925
-6.252071
-6.274335
-6.294429
-6.297626
-6.319135
-6.333327
-6.342101
-6.344826
-6.351885
-6.873737
-6.367404
-8.737723
-6.400778
-6.389274
-6.408164
-6.389325
-6.405992
-6.392682
353.597137
353.567047
-9.378036
-6.460094
-6.450821
-6.483408
-6.469744
-9.867098
-6.477899
-6.480379
-6.816401
-6.473505
-6.464478
-6.494031
-6.479632
-6.485035
-8.277872
-6.446505
-6.448092
-6.447773
-6.469388
-6.446269
-6.446845
-6.460365
-9.115051
-6.444836
-6.424880
-10.572862
-5.036094
-4.996845
100.053162
4.012306
1.903926
0.532417
-0.240308
-0.894649
-1.446281
-1.903729
-3.843439
-2.658970
-2.956996
-8.292751
-3.476954
-3.676145
-8.404802
-4.068215
-4.226171
-5.177229
-4.502375
-4.641832
-4.749939
-4.848470
-4.956443
-6.024231
-5.125777
-6.526237
-5.289033
-5.358161
-5.439851
-5.501253
-5.547801
-5.618006
-5.673148
-5.728571
-9.702650
-5.809385
-5.851618
-6.135177
-5.921070
-8.262343
-6.001891
-6.100668
-5.976569
-6.069342
-6.077847
-6.105284
-6.133061
-6.145868
-8.963012
-6.162882
-6.206722
-6.239658
-6.246239
-9.842248
-6.281219
-6.304572
-6.703990
-6.319203
-6.348876
-6.345563
-6.353456
-6.371118
-8.025624
-6.380037
-6.397746
-6.393099
-6.409174
-6.410293
-6.411388
-6.409593
-9.043108
353.588470
-6.429594
-10.674049
-6.446614
-6.416500
-9.165019
-6.434532
-6.449377
-6.518833
-6.456996
-6.443398
-6.438236
-6.446002
-7.598773
-6.451308
-6.448112
-10.471044
-6.451937
-6.448798
-10.304260
-6.463966
-6.479404
-7.224615
-6.458968
-6.465538
-6.451667
-6.440207
-5.052951
-5.800875
9.528904
3.429758
1.845869
0.567552
-0.275005
-0.940043
-1.489693
-1.937382
-2.311605
-2.662597
-7.802988
-3.243035
-3.491809
-3.945930
-3.895367
-6.934313
-4.236962
-4.391870
-4.568518
-4.653361
-4.759843
-4.852254
-4.968608
-5.061196
-8.084867
-5.233110
-5.322123
-5.398012
-5.436891
-5.499259
-5.564434
-5.613841
-6.268819
-5.713044
-5.747862
-5.791825
-5.843822
-5.877997
-7.574761
-5.959255
-5.974454
-5.999609
-6.029891
-6.063741
-6.093844
-6.105360
-8.450229
-6.155458
-6.185037
-10.538664
-6.223900
-6.224993
-9.431416
-6.248852
-6.272081
-6.471004
-6.295776
-6.297046
-6.323728
-6.325155
-7.167424
-6.344603
-6.339988
-10.330523
-6.379577
-6.393700
-10.475433
-6.399625
-6.414639
-7.548418
353.559143
353.569183
-6.448049
-6.437896
-6.435440
-7.099642
-6.453010
-8.253467
-6.446644
-6.459793
-6.458170
-6.444913
-6.439588
-6.446575
-6.434144
-6.452879
-9.821563
-6.475430
-6.442307
-6.572056
-6.455660
-9.246305
-6.459733
-6.434752
-6.532303
-6.443026
-6.454406
-6.435494
-5.043368
-4.982543
99.837280
4.074652
1.838301
0.617399
-0.271809
-0.947720
-1.474011
-1.936685
-3.329959
-2.671442
-2.965520
-8.461846
-3.481694
-3.693733
-6.190161
-4.070900
-4.226321
-4.413887
-4.540761
-4.634759
-4.761885
-4.852131
-7.127074
-5.066582
-5.132124
-9.863256
-5.294438
-5.361448
-9.062267
-5.476710
-5.545570
-5.912267
-5.656203
-5.693688
-5.725740
-5.767087
-6.484696
-5.867386
-5.886987
-9.895237
-5.966565
-5.894519
-10.207643
-6.052813
-6.074883
-6.086938
-6.136845
-6.141326
-6.174498
-6.191542
-6.207644
-6.721050
-6.237311
-8.320271
-6.273584
-6.289853
-6.306103
-6.313151
-6.341144
-6.332382
-6.340206
-6.344411
-9.564479
-6.363700
-6.378088
-6.429736
-6.393465
-9.475587
-6.410569
-6.395386
353.435089
353.589081
-6.426834
-6.432228
-6.445084
-6.434682
-8.537665
-6.435024
-6.444705
-6.415137
-6.471530
-6.450364
-6.424985
-6.446084
-9.531826
-6.454859
-6.421823
-10.638206
-6.436002
-6.418910
-8.647489
-6.432916
-6.440547
-6.428679
-6.424489
-6.418252
-6.422311
-6.415072
-6.666037
-4.983772
9.594529
-4.266280
1.854448
0.566623
-5.451838
-0.918692
-1.480910
-2.439735
-2.337279
-2.677903
-2.992909
-3.250363
-3.496440
-3.698111
-3.907791
-5.140098
-4.252556
-4.399155
-4.528705
-4.652866
-4.769794
-4.863479
-4.977135
-5.059962
-5.138555
-5.210552
-5.312094
-5.791026
-5.440897
-7.956544
-5.562824
-5.627812
-5.663134
-5.718370
-5.756079
-5.788165
-5.835167
-5.882074
-9.050212
-5.938132
-5.994805
-5.920918
-6.008251
-9.430246
-6.079978
-6.094588
