-1.695802
-2.006086
-2.388052
-2.613206
-2.883319
-3.134818
-3.374630
-3.588720
-4.391079
-3.959982
-4.130158
-4.280158
-4.413654
-8.649294
-4.651653
-4.746553
-4.925644
-4.920783
-4.974183
-8.788632
-5.095525
-5.140306
-5.216630
-5.227636
-5.255033
-5.278474
-5.297018
-7.559308
-5.317524
-5.331255
-5.328766
-5.339128
-5.332413
-8.142622
-5.319476
-5.314384
-5.377537
-5.294720
-5.287247
-5.271781
-5.257514
-6.153097
-5.218770
-5.200690
-5.160946
-5.145459
-5.113743
-5.079754
-5.054705
-5.011899
-5.536299
-4.967548
-4.923801
-4.903464
-4.866570
-5.026130
-4.800359
-4.761165
-4.732229
-4.698966
-4.668515
-4.623503
-4.590890
-4.563810
-5.766241
-4.470252
-6.892645
355.615753
-4.361036
-4.311420
-4.269915
-4.228074
-4.194709
-4.158251
-4.124446
-4.070097
-4.047775
-3.995302
-6.651499
-3.900205
-5.351029
-3.903257
-3.778357
-3.732367
-3.687906
-3.647670
-3.609966
-3.554665
-3.499373
-3.454164
-3.409636
-3.375406
-3.325315
-3.301674
-3.773465
-3.884868
-3.153311
-3.104198
-1.674612
-1.597123
-1.706018
-2.021071
-2.302319
-2.605638
-2.876120
-9.179625
-3.371741
-3.584540
-3.906171
-7.137796
-4.129107
-4.279557
-4.418497
-4.535928
-4.649901
-4.739589
-4.842337
-4.915841
-4.972034
-7.482547
-5.092546
-5.143969
-5.180521
-8.739798
-5.246502
-5.268960
-5.758399
-5.309080
-5.316844
-5.330245
-5.328064
-5.340628
-5.342010
-6.385665
-5.319370
-5.313189
-5.319976
-5.298084
-5.288661
-5.272956
-6.304780
-5.232230
-5.215424
-5.180697
-5.151971
-5.141313
-5.112698
-5.342845
-5.053441
-5.012056
-5.000307
-4.971619
-4.931397
-4.906933
-7.223886
-4.839653
-4.807080
-4.791491
-7.400579
-4.699758
-4.655921
-4.625020
-4.573897
-4.545641
-4.508584
-4.463995
-4.432329
355.618805
-4.365038
-4.312486
-4.276567
-4.691734
-5.638912
-4.160136
-4.127683
-4.081913
-4.045398
-4.001462
-3.953615
-3.899878
-3.855942
-3.821704
-3.774737
-3.734273
-3.684231
-5.398077
-4.059269
-3.557943
-3.513532
-3.466567
-3.423959
-3.387850
-3.335800
-3.303006
-3.255587
-3.214321
-3.160824
-6.163569
-1.678945
-4.633515
1.089893
-1.981470
-2.453990
-2.576282
-2.852296
-3.110878
-3.350430
-3.556099
-3.771841
-3.949997
-4.117441
-6.863977
-4.401797
-4.528896
-4.643918
-4.732684
-5.493209
-4.909731
-4.963716
-5.025244
-5.076127
-5.118099
-5.160352
-5.202406
-5.233349
-6.029525
-5.283442
-5.301394
-5.313323
-5.334133
-7.145484
-5.340628
-5.333192
-5.337597
-5.313574
-5.309453
-8.845378
-5.284943
-5.275892
-5.379002
-5.247549
-5.222859
-5.217275
-5.183497
-6.325199
-5.138362
-5.115321
-9.167506
-5.051276
-5.013176
-8.733129
-4.965103
-4.928282
-5.344476
-4.860764
-4.829967
-4.795072
-4.751589
-4.707695
-4.681371
-4.644842
-8.292599
-4.576547
-4.546625
-8.584145
-4.458654
-4.422561
353.969116
-4.356446
-4.314330
-4.272756
-4.236529
-4.195392
-4.157021
-4.108367
-6.536752
-4.030809
-3.976082
-3.964079
-3.889755
-3.842609
-3.809710
-3.768057
-3.718693
-3.678309
-3.643682
-3.595055
-4.559782
-3.505042
-6.539388
-3.421855
-3.375406
-3.520358
-3.299489
-3.239693
-3.193318
-3.150381
-3.090869
-1.665961
-1.579952
-1.665078
-2.257615
-2.274807
-2.563318
-2.834237
-3.094069
-4.493443
-3.552233
-3.760961
-3.936295
-4.102537
-4.261983
-7.899803
-4.510404
-4.626184
-4.720338
-4.813319
-4.891122
-4.954385
-5.021059
-7.832861
-5.121169
-5.159511
-9.857155
-5.240600
-5.264022
-8.506224
-5.312637
-5.314222
-5.407930
-5.323538
-5.337543
-5.331167
-5.329053
-6.422862
-5.300598
-5.301107
-9.419012
-5.279081
-5.260368
-9.253524
-5.228412
-5.222937
-6.019752
-5.157394
-5.145233
-5.122268
-5.089965
-5.060394
-5.031064
-5.007130
-6.246604
-4.934894
-4.909543
-4.868796
-4.833219
-4.803501
-4.760454
-4.721834
-4.692983
-4.660306
-4.615102
-4.584484
-4.913379
-4.510661
-6.516126
-4.433012
355.609253
-4.367784
-4.315928
-4.273057
-4.230751
-4.201812
-4.151462
-6.841181
-4.061806
-4.036314
-4.003307
-3.942154
-6.951825
-3.851803
-3.817729
-3.913185
-3.730728
-3.684067
-3.650730
-3.603873
-3.563673
-5.008271
-3.462087
-3.421349
-3.379955
-3.329864
-3.286463
-3.245451
-3.206794
-6.639911
-3.112206
-1.682268
-5.701982
-1.690664
-1.989352
-5.165781
-2.568714
-2.835057
-3.096658
-3.333929
-3.549836
-3.761070
-3.938167
-7.132033
-4.268608
-4.392883
-10.007545
-4.633314
-4.720475
-8.482605
-4.900240
-4.960277
-5.144202
-5.080725
-5.122188
-5.163527
-5.204611
-6.598507
-5.257773
-5.290986
-9.613485
-5.312833
-5.331990
-5.328066
-5.338821
-5.332277
-5.327578
-5.315654
-5.308053
-8.545021
-5.284229
-5.274690
-5.409929
-5.243301
-6.336317
-5.210676
-5.182713
-5.152695
-5.141634
-5.112281
-5.087000
-5.058434
-5.020197
-6.970291
-4.963163
-4.932449
-4.895787
-4.868673
-6.966136
-4.798856
-4.755386
-4.718678
-4.693419
-4.653120
-4.611250
-4.574239
-4.554083
-5.340529
-4.469678
-4.427411
355.611816
-4.357102
-4.307186
-4.271813
-4.231639
-8.162038
-4.153920
-4.113613
-7.932611
-4.036491
-3.982297
-4.664624
-3.902842
-3.858004
-3.812729
-3.775352
-3.734218
-3.687633
-3.657451
-6.863540
-3.572430
-3.520294
-7.581067
-3.428405
-3.388656
-5.662838
-3.290671
-3.251366
-3.232332
-3.159643
-3.111800
-1.676708
-1.596447
9.145111
-1.982850
-2.276856
-11.967806
-2.830795
-3.092847
-3.337269
-3.550232
-3.762648
-3.936336
-4.106526
-4.260603
-8.047936
-4.507241
-4.625473
-4.775345
-4.819233
-5.746443
-4.954355
-5.027025
-5.080382
-5.128861
-5.166012
-5.211157
-5.241170
-5.269795
-6.980769
-5.311747
-5.318150
-5.336839
-5.330377
-7.099533
-5.331782
-5.331193
-5.311009
-5.303907
-5.313310
-5.285442
-5.283781
-5.266474
-5.904968
-5.223474
-5.208129
-5.193333
-5.161076
-8.091585
-5.123148
-5.090142
-5.146141
-5.023025
-4.996960
-8.576818
-4.929020
-4.895459
-5.450933
-4.834339
-4.798870
-4.764812
-4.729292
-4.697518
-4.657942
-4.619023
-8.010098
-4.554138
-4.518556
-8.604988
-4.435826
355.614288
-6.135191
-4.305233
-4.270775
-4.229480
-4.192823
-4.150095
-4.107698
-4.061874
-6.517257
-3.984141
-3.933534
-8.063411
-3.853537
-3.816800
-3.783671
-3.726002
-3.687749
-3.649310
-3.606120
-3.570360
-5.749995
-3.459867
-3.434006
-3.384620
-3.341523
-3.780532
-3.258394
-3.214143
-3.168051
-3.106684
-1.689259
-1.610736
-1.663330
-1.979243
-4.330189
-2.564670
-2.834032
-3.090579
-3.340909
-5.386200
-3.753611
-3.938167
-4.105706
-4.257939
-4.390144
-4.511544
-4.629011
-4.717852
-5.219306
-4.901098
-4.960970
-5.030403
-5.082615
-7.696693
-5.173221
-5.211689
-5.268476
-5.263993
-5.293907
-8.760383
-5.312159
-5.327964
-5.481184
-5.333521
-5.331850
-5.325191
-5.313673
-5.307995
-5.314163
-5.291316
-9.074850
-5.267383
-5.254406
-9.400032
-5.216052
-5.192677
-6.201962
-5.144242
-5.116189
-5.080355
-5.049930
-5.011284
-4.987582
-4.958068
-7.922801
-4.885323
-4.863277
-9.016300
-4.790674
-4.757463
-4.725604
-4.683488
-4.644910
-4.604270
-4.576725
-4.553988
-6.021922
-4.458791
-7.576852
355.624054
-4.351201
-4.426673
-4.267210
-4.220465
-4.191075
-4.147172
-4.112274
-4.061286
-4.035549
-3.979866
-4.467587
-3.893266
-3.852267
-3.826076
-3.773658
-4.240533
-3.673276
-3.636817
-3.589386
-3.552568
-3.501476
-6.512238
-3.405060
-3.370590
-3.389246
-3.283738
-3.241120
-3.200551
-3.160476
-4.358467
-1.674157
-1.594442
106.361351
-1.976183
-2.274015
-7.909348
-2.828240
-3.078141
-3.513269
-3.540526
-3.743878
-3.929650
-4.103766
-5.516477
-4.387604
-4.512388
-9.662905
-4.713150
-4.819896
-9.568396
-4.963811
-5.035976
-6.012768
-5.126750
-5.168843
-5.208516
-5.236632
-5.258683
-5.280877
-5.301277
-6.560545
-5.319297
-5.320894
-5.333210
-5.332697
-5.332768
-5.318496
-5.314030
-5.313822
-5.291196
-5.289908
-5.267916
-6.226418
-5.236465
-7.752942
-5.198791
-5.163964
-5.166734
-5.115109
-5.079002
-5.057354
-5.017937
-5.000457
-8.555543
-4.934580
-4.908368
-5.092977
-4.839215
-8.141728
-4.773882
-4.736287
-4.863423
-4.669403
-4.632615
-4.589798
-4.557840
-4.517463
-7.027352
-4.434746
355.617706
-4.365107
-4.309618
-4.277578
-4.236488
-4.202399
-5.181276
-4.107302
-4.071368
-8.175176
-3.995930
-3.950856
-5.540803
-3.859370
-3.829545
-3.780010
-3.734949
-3.689053
-3.647213
-3.606312
-5.348122
-3.513948
-3.475522
-7.523322
-3.389735
-3.347964
-6.514493
-3.274131
-3.218473
-3.383181
-3.124320
-1.702434
-1.622255
-1.688314
-5.265985
-2.262622
-2.567676
-10.978090
-3.090921
-3.334209
-10.261623
-3.756139
-3.933030
-4.106854
-4.258172
-4.397343
-4.522715
-4.641056
-4.731072
-5.316349
-4.909420
-6.565880
-5.042248
-5.091643
-5.135920
-5.172161
-5.212179
-5.240411
-5.260571
-5.284872
-8.505448
-5.316755
-5.329504
-5.371516
-5.344628
-7.574500
-5.337914
-5.325554
-5.327267
-5.321099
-5.304509
-5.297844
-5.277225
-5.265874
-7.097152
-5.233838
-5.203790
-5.172421
-5.154181
-8.592693
-5.093838
-5.064404
-5.265060
-4.992131
-4.967884
-9.023794
-4.901783
-4.869165
-6.062858
-4.757014
-4.670228
-4.591159
-4.535601
-4.502091
-4.482078
-4.466923
-7.012569
-4.413098
-4.337282
-8.433905
355.775360
-4.235279
-7.090624
-4.167011
-4.106906
-4.167374
-4.119756
-4.009357
-3.993408
-3.923957
-5.021046
-3.899206
-3.881573
-7.917774
-3.881373
-3.818532
-3.758172
-3.621202
-3.483261
-3.396201
-3.407290
-3.369162
-6.711064
-3.236128
-3.155207
-3.221701
-3.010770
-4.010254
-3.020275
-3.065366
-2.989430
-1.516943
-1.427523
-1.596954
-1.959955
-2.278236
-8.255134
-2.881488
-3.148301
-3.426041
-3.632665
-6.936992
-4.034267
-4.204908
-4.340858
-4.448631
-4.535846
-4.628502
-4.694489
-4.779038
-6.345891
-4.849348
-4.912257
-4.945967
-4.972980
-8.392102
-5.002208
-5.030267
-9.274570
-5.053622
-5.022440
-9.089315
-4.995356
-4.990854
-5.851374
-4.987939
-4.959977
-4.892879
-4.886436
-4.911059
-4.904157
-4.880707
-8.028032
-4.843632
-4.774273
-8.983004
-4.621599
-4.487045
-6.802838
-4.553804
-4.603963
-4.690266
-4.616889
-4.582907
-4.517917
-4.420854
-5.981472
-4.103815
-4.082021
-8.220576
-4.045716
-4.033761
-3.999377
-3.955566
-3.888548
-3.807864
-3.738941
-3.717512
-6.656090
-3.682305
352.746979
-3.647349
-3.585289
-3.900620
-3.525766
-3.519449
-3.506664
-3.458380
-3.408853
-3.372542
-3.328388
-3.287344
-4.841610
-3.276564
-3.513280
-3.940137
-3.987495
-4.883667
-3.718390
-3.739275
-3.880430
-3.938636
-4.016200
-4.003022
-3.882308
-3.713612
-4.232274
-3.492908
-3.183469
-2.782459
-2.625566
-3.410098
-1.109233
-1.656226
-1.980350
-2.241982
-2.533033
-9.770403
-3.052583
-3.292565
-4.006980
-3.703020
-3.882631
-4.046591
-4.187240
-5.153589
-4.428653
-4.541069
-9.374021
-4.724588
-4.795684
-9.605536
-4.903052
-4.950130
-6.234015
-5.014234
-5.040715
-5.064516
-5.079720
-5.106443
-5.126235
-5.110621
-6.698790
-5.192764
-5.121597
-5.111880
-5.111556
-5.107626
-5.107386
-5.125172
-5.108512
-5.094550
-5.073508
-5.041920
-7.131508
-5.023372
-7.749689
-4.984877
-4.972593
-5.001366
-4.905693
-4.867960
-4.820182
-4.799875
-4.764391
-4.724620
-4.697752
-4.662962
-5.594293
-4.586014
-7.946055
-4.496684
-4.465483
-4.738620
-4.381086
-4.338898
-4.303484
-4.269336
-4.216496
-7.788643
355.869507
-4.117171
-4.322554
-4.021187
-3.985547
-3.945926
-3.898813
-5.056070
-3.812340
-3.786547
-3.743719
-3.691992
-3.647912
-6.299606
-3.560408
-3.511693
-3.485873
-3.413025
-3.388718
-3.333022
-3.297522
-4.752043
-3.165021
-3.133908
-7.116839
-3.027505
-2.989002
-6.444561
-2.883828
-2.840434
-3.226144
-1.358142
-1.286251
-1.653221
-1.948467
-3.280662
-2.488978
-2.744242
-10.056553
-3.241018
-3.448121
-10.276080
-3.833351
-4.007611
-6.154772
-4.288163
-4.417195
-4.525978
-4.613685
-4.716384
-6.656746
-4.842957
-7.123407
-4.955659
-4.989087
-5.026540
-5.068367
-5.095862
-5.114582
-5.138415
-5.158407
-5.166185
-5.181036
-5.170033
-6.070145
-5.175565
-8.165189
-5.148512
-5.138071
-5.195215
-5.112324
-5.100431
-5.085338
-5.069145
-5.038266
-8.352208
-4.991877
-4.951962
-5.042118
-4.899746
-8.526055
-4.825921
-4.780868
-5.248100
-4.730705
-4.681521
-4.647099
-4.606886
-4.569532
-6.724396
-4.472753
-4.411866
-4.367319
-4.315763
-4.258799
-4.205217
-4.175814
-6.635615
-4.057858
-4.032038
351.856171
-3.952550
-3.906937
-6.577003
-3.827838
-3.782657
-3.817602
-3.687341
-3.655136
-3.625765
-3.577540
-4.782213
-3.485831
-3.438453
-7.411037
-3.364570
-3.314619
-6.933646
-3.227375
-3.177013
-3.774262
-3.126212
-3.091235
-3.040218
-2.985873
-3.328280
-2.912155
-2.851492
-3.700234
-2.742707
-2.691132
-1.267372
-1.190061
-1.643659
-1.935749
-2.202844
-2.490344
-2.751592
-3.004000
-3.240492
-3.979468
-3.654976
-7.046709
-4.006150
-4.160664
-4.293975
-4.414279
-4.525311
-4.614177
-4.716210
-4.791108
-8.153271
-4.921052
-4.963565
-5.024254
-5.041381
-8.376471
-5.107871
-5.127788
-5.284058
-5.169251
-5.161014
-5.180580
-5.173925
-5.174391
-6.809565
-5.159449
-5.140248
-5.130841
-5.124841
-5.094887
-5.084387
-5.072169
-8.476549
-5.037898
-5.015285
-9.230146
-4.934033
-4.919516
-6.789995
-4.856721
-4.824971
-4.790792
-4.750452
-4.730234
-4.679609
-4.649436
-6.627638
-4.574354
-4.536659
-8.677691
-4.456345
-4.421141
-7.625741
-4.333097
-4.291619
-4.491492
-4.215105
-4.170147
-4.131104
355.915558
355.125427
-4.024962
-3.987309
-4.384471
-3.885383
-3.843802
-3.797088
-3.740923
-3.700241
-3.654516
-3.613950
-3.565062
-6.768102
-3.448940
-3.405893
-3.455690
-3.318734
-4.795456
-3.227673
-3.177515
-3.116739
-3.062050
-3.029938
-2.985709
-2.922642
-2.894377
-5.008719
-2.799612
-2.750870
-2.706356
-1.277904
-3.650896
-1.652251
-1.924793
-2.251639
-2.498035
-2.747876
-2.996131
-3.231018
-3.448203
-5.348126
-3.830782
-3.994593
-4.143691
-4.276907
-4.908822
-4.511409
-4.606612
-9.061037
-4.780002
-4.839075
-9.714520
-4.942555
-4.990477
-6.810697
-5.062525
-5.093771
-5.112870
-5.131558
-5.143239
-5.146602
-5.157576
-7.676406
-5.157989
-5.163554
-9.540236
-5.144892
-5.132699
-8.143955
-5.106385
-5.097310
-5.187818
-5.065026
-5.034598
-5.013775
-4.979132
-6.084811
-4.920943
-4.893442
-5.139367
-4.830742
-4.777787
-4.761073
-4.727577
-4.688406
-4.659298
-4.632663
-4.596976
-7.401281
-4.523816
-4.487135
-4.483159
-4.418612
-5.498150
-4.324582
-4.299153
-4.268872
-4.217685
-4.178314
355.867920
-4.106502
-4.056942
-5.755126
-3.973307
-3.933604
-3.890753
-3.840364
-5.718550
-3.764144
-3.713994
-3.663851
-3.616370
-3.571929
-3.533798
-3.484700
-3.445472
-4.139422
-3.352115
-3.306568
-3.268671
-3.208406
-3.948314
-3.103343
-3.065404
-6.811328
-2.990580
-2.941514
-6.827586
-2.845550
-2.786252
-2.423050
-1.282463
-1.665693
-1.943890
-2.208022
-2.479580
-2.750417
-2.998009
-8.578613
-3.448920
-3.650646
-10.242978
-4.002434
-4.149387
-7.513324
-4.410321
-4.524178
-4.644513
-4.710391
-4.789482
-4.848251
-4.912257
-6.742490
-5.002544
-5.036336
-5.185219
-5.104575
-5.127272
-5.147577
-5.164758
-5.169889
-5.178559
-5.174981
-5.174951
-7.799476
-5.167160
-9.131168
-5.144726
-5.141165
-5.879282
-5.105718
-5.079115
-5.067287
-5.040356
-5.031302
-4.994800
-4.963430
-4.937001
-6.298364
-4.868455
-4.842948
-4.799664
-4.774740
-6.284450
-4.705796
-4.676838
-4.631461
-4.599954
-4.566889
-4.527955
-4.484088
-4.448270
-4.889895
-4.366702
-4.329062
-4.299031
-4.256290
-5.391399
-4.177494
355.873932
351.897827
-4.051969
-4.013168
-7.748982
-3.933795
-3.882407
-4.546606
-3.793939
-3.763953
-3.710087
-3.667362
-3.615878
-3.571983
-3.533607
-6.713194
-3.442815
-3.393607
-7.457332
-3.310735
-3.258637
-5.125258
-3.157310
-3.112755
-3.067153
-3.012438
-2.977875
-2.926037
-2.878706
-5.200244
-2.850555
-1.340639
-1.342808
-1.636856
-1.924793
-2.208104
-2.485795
-2.747972
-2.995004
-3.231681
-3.445156
-6.880274
-3.830270
-9.232201
-4.149845
-4.277808
-5.020154
-4.515517
-4.605475
-4.705528
-4.784827
-4.834461
-4.907941
-4.953178
-5.000267
-6.141226
-5.074783
-5.103775
-5.120183
-5.146095
-6.437165
-5.162901
-5.177784
-5.169315
-5.177789
-5.165563
-5.161607
-5.147413
-5.136560
-5.413707
-5.099374
-5.090616
-5.066090
-5.047923
-6.503301
-5.006925
-4.978886
-9.120865
-4.924085
-4.897643
-8.546751
-4.834786
-4.795327
-5.302488
-4.738546
-4.699143
-4.669434
-4.629180
-5.058437
-4.558871
-4.522559
-7.989970
-4.441700
-4.405935
-8.499759
-4.328639
-4.284947
-5.915781
-4.201907
-4.162673
355.886902
-4.081558
-4.028842
-3.996844
-3.948910
-6.110413
-3.879073
-3.807853
-3.776714
-3.728873
-3.669420
-3.623649
-3.569419
-3.513626
-3.481574
-3.436984
-3.390441
-4.912961
-3.314521
-6.744141
-3.231426
-3.182759
-3.478602
-3.098022
-3.059578
-3.009754
-2.987329
-2.929008
-2.896437
-2.852209
-2.790412
-1.982605
-1.286247
-1.665324
-1.928973
-2.209893
-4.441087
-2.758039
-3.005366
-3.238169
-3.454275
-3.658432
-8.853779
-4.001095
-4.145200
-4.419924
-4.403788
-4.518154
-4.607835
-4.705709
-6.797729
-4.834997
-4.904024
-9.726768
-4.991749
-5.034658
-8.913643
-5.093902
-5.117015
-5.535054
-5.159442
-5.161029
-5.173953
-5.163778
-5.798898
-5.170918
-5.164701
-9.003963
-5.133504
-5.134082
-9.335345
-5.096996
-5.080161
-6.484387
-5.031183
-5.009814
-4.991426
-4.955077
-4.937035
-4.906269
-4.874056
-6.746030
-4.815176
-4.779398
-4.751127
-4.707298
-4.676948
-4.632090
-4.603806
-4.556166
-4.524827
-4.481616
-4.450634
-5.472183
-4.362877
-7.529416
-4.296271
-4.259159
-4.334304
-4.164558
355.878174
-4.097828
-4.042338
-4.005095
-3.959401
-3.925462
-3.871068
-4.127956
-3.774623
-3.739037
-3.686932
-3.632733
-4.267137
-3.513695
-3.426072
-3.255110
-3.060762
-2.890392
-5.528152
-2.736193
-2.690461
-2.633394
-2.553692
-2.493386
-2.427362
-2.360995
-4.298978
-2.190630
-2.158121
-6.251616
-2.106621
-0.746116
-3.862468
-1.652224
-1.913837
-2.702172
-2.471957
-2.732344
-2.966475
-3.200521
-4.573421
-3.616311
-3.810838
-9.671778
-4.139668
-4.268943
-9.782377
-4.508438
-4.586334
-6.109101
-4.755444
-4.807659
-4.877970
-4.921944
-4.930525
-6.727155
-4.970642
-6.708376
-4.990790
-5.002572
-4.993053
-4.940697
-4.881999
-4.810447
-4.757531
-4.737265
-4.656292
-4.607288
-4.541580
-5.386724
-4.523141
-7.092688
-4.493277
-4.483975
-4.543385
-4.554637
-4.556582
-4.766577
-4.742832
-4.629715
-7.937245
-4.626131
-4.663190
-4.786222
-4.705611
-8.153109
-4.652482
-4.594537
-4.941491
-4.404522
-4.304771
-4.229527
-4.242422
-4.226397
-6.454144
-4.112135
-4.193832
-4.093609
-3.997972
-3.935514
356.147675
-3.839729
-6.028502
-3.826772
-3.855623
-8.054914
-3.854785
-3.842495
-6.854028
-3.792189
-3.706863
-3.810618
-3.597150
-3.558774
-3.484443
-3.392096
-4.338417
-3.212026
-3.158773
-7.031679
-3.109459
-3.082588
-6.874873
-3.015780
-2.998161
-3.791817
-2.976995
-2.947040
-2.914339
-2.872843
-2.812556
-2.361486
-1.290687
73.368240
-1.890792
-2.176043
-2.461330
-2.722276
-2.970784
-3.209360
-3.418839
-3.615519
-9.384410
-3.941085
-4.089418
-4.486758
-4.327180
-7.075937
-4.507844
-4.594186
-4.673120
-4.718614
-4.777800
-4.822744
-4.855413
-4.893255
-7.680800
-4.948447
-4.955338
-5.029006
-5.027286
-8.573783
-5.043862
-4.997080
-5.271116
-4.987421
-4.987666
-4.963260
-4.947679
-4.942744
-6.208385
-4.888941
-4.862585
-4.832110
-4.783343
-4.759119
-4.732261
-4.703733
-7.667178
-4.667199
-4.641440
-8.846989
-4.559658
-4.536250
-6.895233
-4.448926
-4.408972
-4.398880
-4.333235
-4.301017
-4.268312
-4.223927
-5.886750
-4.146238
-4.098180
-8.199034
-4.030645
-3.986389
-7.331172
-3.904177
356.151276
-4.173424
-3.776576
-3.740152
-3.698583
-3.663757
-7.415841
-3.830584
-3.555019
-4.237381
-3.473885
-3.423702
-3.374841
-3.322231
-3.286832
-3.240930
-3.196799
-3.147897
-5.662801
-3.076507
-3.046717
-3.008091
-2.944557
-4.448296
-2.869883
-2.823030
-2.789451
-2.742530
-2.694878
-2.651839
-2.605830
-1.185020
-2.766544
-1.576095
-1.864578
-2.146195
-2.420267
-8.808795
-2.921061
-3.151631
-3.600761
-3.552079
-3.715776
-3.871205
-4.018657
-4.142038
-5.423952
-4.361903
-4.447397
-4.531379
-4.604551
-4.656238
-4.720535
-4.762360
-8.270225
-4.838246
-4.863044
-9.511633
-4.908401
-4.927876
-7.412236
-4.937766
-4.943635
-4.955724
-4.932788
-4.928353
-4.915911
-4.896178
-6.620611
-4.876484
-4.861652
-9.112959
-4.822977
-4.794919
-8.345963
-4.765615
-4.725138
-4.691582
-4.677604
-4.649324
-8.079573
-4.577581
-8.401203
-4.665717
-4.492830
-5.178813
-4.424353
-4.386066
-4.342442
-4.313790
-4.285374
-4.246207
-4.210921
-4.170772
-6.499183
-4.084241
-4.047666
-4.019911
-3.975459
-5.413034
356.099243
-3.871680
-3.816218
-3.775286
-3.729292
-3.704096
-3.662434
-3.630391
-4.805873
-3.560250
-3.505522
-3.451446
-3.415071
-6.118975
-3.328291
-3.282868
-3.325841
-3.202764
-3.172501
-3.123424
-3.083743
-3.021717
-3.598445
-2.937185
-2.902825
-2.864742
-2.823302
-2.776271
-2.733393
-2.687458
-5.902256
-1.204414
-1.119341
106.016350
-1.880096
-2.147383
-6.228576
-2.670599
-2.907298
-3.137513
-3.341563
-3.528836
-3.701528
-3.861882
-6.891920
-4.136717
-4.248841
-9.710549
-4.445027
-4.526970
-8.420097
-4.640699
-4.694999
-4.738746
-4.770706
-4.805758
-8.144155
-4.867185
-8.767283
-4.942976
-4.920403
-5.383209
-4.924325
-4.919984
-4.922432
-4.907118
-4.900588
-4.879789
-4.868360
-4.872933
-6.777083
-4.828822
-4.810245
-4.794462
-4.786847
-5.845180
-4.727897
-4.686425
-4.676614
-4.653177
-4.611558
-4.586051
-4.544898
-4.521818
-5.341679
-4.456275
-4.437099
-4.402936
-4.361034
-6.834170
-4.287764
-4.251671
-4.257189
-4.183927
-4.146906
-7.734417
-4.081325
-4.048216
-4.565820
-3.969610
356.073059
-3.898099
-3.854098
-3.813221
-3.775136
-3.741526
-7.078593
-3.660184
-3.610439
-7.689522
-3.544673
-3.505268
-5.112195
-3.423153
-3.382537
-3.343369
-3.299156
-3.251286
-3.212629
-3.175197
-5.362998
-3.088694
-3.034449
-7.116673
-2.958436
-2.912055
-5.837245
-2.833993
-2.795077
-2.759865
-2.692327
-1.273102
-3.711388
-1.549320
-9.232276
-2.140471
-2.410213
-3.335819
-2.904456
-3.141051
-3.342259
-3.536855
-3.712484
-3.864560
-4.006602
-4.128835
-6.016986
-4.355192
-4.431428
-4.529849
-4.606180
-5.689874
-4.717571
-4.760574
-4.804040
-4.835937
-4.876969
-4.900630
-4.911414
-4.938091
-5.470590
-4.947086
-4.958966
-4.944056
-4.943923
-7.158340
-4.934906
-4.919824
-4.911998
-4.907623
-4.880712
-8.282269
-4.849703
-4.844500
-5.087894
-4.763511
-4.765292
-4.730152
-4.710922
-5.459385
-4.645470
-4.616753
-8.432466
-4.551160
-4.523183
-8.533885
-4.454283
-4.421460
-5.546099
-4.357298
-4.316970
-4.285808
-4.253829
-4.215360
-4.177916
-4.139456
-5.724627
-4.137869
-4.026754
-3.986208
356.060944
-3.914341
-3.865286
-3.830023
-3.788100
-3.746375
-3.704740
-3.658750
-5.594227
-3.593636
-6.433666
-3.509216
-3.467690
-3.555167
-3.391566
-3.339722
-3.298322
-3.253253
-3.215982
-3.159030
-3.106829
-3.058286
-3.914129
-2.956070
-6.487711
-2.875056
-2.845841
-3.326969
-2.758556
-2.712108
-2.656250
-1.225021
-1.149893
103.813782
-1.871477
-2.140266
-2.826717
-2.653046
-2.899634
-3.129399
-3.324126
-6.099597
-3.695552
-3.854226
-4.002067
-4.124184
-4.240867
-8.108954
-4.432767
-4.527390
-4.749731
-4.649349
-4.711047
-4.748358
-4.785355
-5.976209
-4.854639
-4.882475
-9.255653
-4.919032
-4.936445
-9.099467
-4.953942
-4.941133
-5.812788
-4.944708
-4.932369
-4.920176
-4.903299
-4.905253
-4.876822
-4.866251
-6.093843
-4.837034
-4.812747
-4.762602
-4.764343
-4.726880
-4.712308
-4.677663
-4.647027
-4.615666
-4.562984
-4.544392
-5.853083
-4.471411
-7.017763
-4.406639
-4.370405
-4.384236
-4.305454
-4.271205
-4.237764
-4.195784
-4.149557
-4.106275
-4.077828
-4.036031
-4.423943
-3.966592
352.800079
-3.899124
-3.860847
-4.083942
-3.779562
-3.750664
-3.700942
-3.675607
-3.627173
-6.558853
-3.549659
-3.509230
-3.404798
-3.416856
-3.387208
-3.346826
-3.307693
-4.398068
-3.235763
-3.190278
-7.274488
-3.106036
-3.057145
-5.392857
-2.979610
-2.928911
-2.925078
-2.858165
-2.806210
-2.771504
-2.719098
-2.831741
-1.223724
-1.569688
-11.808064
-2.117044
-2.391388
-9.989257
-2.888562
-3.121271
-4.028358
-3.517123
-3.692273
-3.849089
-3.989362
-4.677074
-4.231783
-4.340019
-8.936386
-4.513040
-4.589614
-9.506577
-4.703506
-4.750429
-4.793483
-4.827567
-4.862447
-4.882133
-4.903470
-4.928200
-5.720260
-4.947726
-7.089440
-4.951523
-4.959076
-4.960619
-4.949209
-4.927993
-4.916028
-4.914238
-4.890623
-8.426600
-4.859484
-4.842902
-4.951823
-4.789916
-7.696578
-4.738164
-4.725545
-4.805982
-4.656664
-4.627565
-4.587833
-4.566993
-4.540074
-6.903129
-4.466865
-4.425258
-4.395854
-4.343365
-4.296083
-4.241767
-4.194857
-4.898515
-4.090680
-4.046757
-8.169999
-3.984695
-3.944150
-5.809335
356.136749
-3.834838
-3.800345
-3.768401
-3.719142
-3.682526
-3.647995
-5.591065
-3.584621
-3.552040
-7.631681
-3.470830
-3.443280
-6.677384
-3.367100
-3.315284
-3.545555
-3.244647
-3.215511
-3.169398
-3.131207
-3.809074
-3.048068
-3.013164
-6.715539
-2.942449
-2.903584
-2.866403
-2.825608
-2.782644
-2.729067
-1.291950
-1.221408
-1.552776
-1.837722
-2.128546
-3.122041
-2.647008
-6.075427
-3.122582
-3.318033
-3.511467
-3.681482
-3.838974
-3.985947
-4.109096
-4.228938
-8.093416
-4.418495
-4.515847
-4.630397
-4.636731
-7.828578
-4.752874
-4.788029
-4.903689
-4.864874
-4.884608
-4.909296
-4.931182
-4.950599
-6.869039
-4.956686
-4.948673
-4.958622
-4.950521
-4.939906
-4.923112
-4.906257
-8.370260
-4.889629
-4.882436
-9.139823
-4.845128
-4.800603
-6.822280
-4.780073
-4.746743
-4.735831
-4.698666
-4.660032
-4.632783
-4.590387
-6.643555
-4.545341
-4.511859
-8.670382
-4.448617
-4.415402
-7.586817
-4.340520
-4.301558
-4.489019
-4.240631
-4.193502
-4.155316
-4.127047
-4.857743
-4.038393
-3.999937
355.556427
-3.927578
-3.887252
-3.849052
-3.806705
-3.772562
-3.744382
-3.693160
-3.649740
-6.945373
-3.575464
-3.540662
-3.578722
-3.436226
-5.000335
-3.369543
-3.323553
-3.280942
-3.242593
-3.204082
-3.161949
-3.105107
-3.058115
-5.286340
-2.989452
-2.938583
-2.901821
-2.861096
-5.304495
-2.778778
-2.721342
-1.343436
-1.220688
-1.552776
-1.847721
-2.119557
-2.386703
-4.820141
-2.883754
-3.112767
-3.314891
-3.512895
-4.181718
-3.841494
-3.987054
-8.872477
-4.225492
-4.332895
-9.596220
-4.503856
-4.581195
-6.565726
-4.695486
-4.741067
-4.781079
-4.819947
-4.853410
-4.876610
-4.890095
-7.425647
-4.925402
-4.917111
-9.381280
-4.896992
-4.884769
-7.960841
-4.855123
-4.828959
-4.957275
-4.809491
-4.764076
-4.745319
-4.710859
-5.633455
-4.615949
-4.565592
-4.818254
-4.481008
-4.478880
-4.447711
-4.398313
-4.343921
-4.257026
-4.204959
-4.133432
-6.889797
-4.104687
-4.067397
-4.095749
-3.978141
-4.741767
-3.801520
-3.806970
-3.784129
-3.799236
-3.695781
-3.647103
-3.561100
-3.526210
-5.053562
356.507935
-3.492837
-3.425244
-3.359218
-5.580287
-3.375263
-3.305911
-3.363358
-3.244956
-3.227592
-3.152661
-3.078764
-2.927122
-3.832309
-2.803241
-2.680022
-2.565532
-2.459646
-2.933144
-2.379903
-2.363917
-5.830619
-2.214956
-2.117173
-6.034029
-1.911958
-1.851297
-3.220835
-1.718243
-1.619121
-1.516472
-0.141084
-0.164979
-1.637621
-1.885697
-8.742451
-2.435416
-2.684123
-11.091162
-3.159752
-3.363802
-8.167504
-3.747987
-3.906900
-4.190587
-4.163963
-4.288105
-4.388647
-4.467010
-8.056244
-4.717423
-4.686007
-4.992643
-4.804806
-4.853392
-4.898271
-4.933932
-4.954515
-4.990867
-5.005516
-4.993604
-7.323713
-4.995108
-5.005579
-5.028114
-5.026510
-5.753450
-4.996066
-4.951897
-4.944376
-4.947774
-4.979909
-4.959027
-4.918423
-4.852526
-6.047880
-4.793159
-4.781891
-4.768807
-4.709553
-6.563100
-4.613030
-4.573359
-4.537555
-4.489640
-4.412617
-4.389970
-4.358895
-4.316446
-4.567053
-4.268763
-4.237464
-4.174530
-4.132905
-4.933977
-4.060458
-4.025932
-7.828931
-3.939901
-3.899314
352.181152
-3.823350
-3.777272
-4.783094
-3.696275
-3.651736
-3.607000
-3.566297
-3.508902
-3.479585
-3.418615
-6.264610
-3.331578
-3.273900
-7.361273
-3.195496
-3.140866
-5.377975
-3.064857
-3.026060
-3.010565
-2.927843
-2.848811
-5.385882
-2.745601
-5.456403
-2.682094
-2.621814
-2.648262
-2.497060
-2.433029
-0.993553
-0.917704
-1.567475
-1.846260
-2.103042
-2.385747
-6.025547
-2.879806
-9.735169
-3.309236
-3.512943
-4.256843
-3.853706
-4.002804
-4.133828
-4.246444
-4.354701
-4.442476
-4.541556
-4.612952
-5.270992
-4.736508
-4.781704
-4.820624
-4.854306
-6.468306
-4.920717
-4.940103
-4.954096
-4.973816
-4.966470
-8.333975
-4.975777
-4.979606
-5.061412
-4.960124
-4.944160
-4.927806
-4.926717
-6.108818
-4.891086
-4.868083
-8.993416
-4.812932
-4.805469
-8.602329
-4.728895
-4.705656
-5.380483
-4.637396
-4.607033
-4.565054
-4.530260
-4.498301
-4.455319
-4.418794
-5.440511
-4.410266
-4.312397
-4.269118
-4.226741
-4.192616
-4.146156
-4.108999
-4.059215
-4.030112
-3.983302
-3.944464
-5.813529
356.161102
-6.160804
-3.765456
-3.726163
-3.709225
-3.639688
-3.602369
-3.555382
-3.506443
-3.479872
-3.427180
-3.374989
-3.329953
-4.146744
-3.234663
-6.330171
-3.143940
-3.089233
-3.243986
-3.005187
-2.964926
-2.898084
-2.856194
-2.812923
-6.213158
-2.705913
-2.661160
-2.812779
-2.591496
-2.540452
-2.469451
-1.029002
-1.996464
-1.558800
-1.844702
-2.094846
-2.380610
-2.632555
-7.548917
-3.105138
-3.307651
-3.532019
-3.677240
-3.846316
-3.988857
-4.114949
-6.363660
-4.341713
-4.423017
-9.598562
-4.587913
-4.643912
-8.785225
-4.752903
-4.793715
-5.267739
-4.863796
-4.892023
-4.897342
-4.908367
-5.486745
-4.926995
-4.934294
-8.817347
-4.932416
-4.924559
-9.198481
-4.886714
-4.877703
-6.290160
-4.855062
-4.849951
-4.825360
-4.797426
-4.779778
-6.063405
-4.731203
-6.536314
-4.666751
-4.636675
-4.604277
-4.584603
-4.536845
-4.508670
-4.472695
-4.428982
-4.396568
-4.362515
-4.326377
-4.705433
-4.246032
-6.855544
-4.155734
-4.128958
-4.148396
-4.051866
-4.022681
-3.964478
-3.923741
-3.888099
353.210480
-3.807135
-3.754405
-3.755110
-3.668681
-7.245030
-3.579174
-3.527023
-4.029840
-3.450270
-3.397769
-3.347545
-3.302427
-3.251606
-5.003122
-3.166686
-3.121619
-3.072362
-3.041122
-2.980195
-2.914519
-2.863345
-5.250900
-2.786920
-2.735478
-6.773250
-2.642548
-2.587512
-5.332246
-2.498221
-2.436591
-1.103966
-0.930630
-1.543610
-1.828583
-2.103739
-5.134665
-2.626285
-2.864643
-10.482556
-3.306510
-3.498367
-9.476863
-3.839418
-3.980483
-5.043616
-4.232210
-4.340572
-4.429960
-4.521007
-4.593083
-5.462883
-4.710729
-5.929088
-4.796590
-4.835676
-4.872093
-4.897310
-4.909602
-4.931813
-4.954790
-4.947150
-8.630630
-4.951842
-4.959339
-5.097482
-4.940213
-6.813743
-4.901742
-4.897163
-4.872745
-4.859530
-4.833625
-4.812528
-4.788302
-4.762985
-7.142185
-4.702114
-4.680554
-4.652678
-4.601934
-7.808882
-4.530883
-4.507468
-4.694409
-4.429037
-4.390626
-4.354060
-4.317949
-4.278833
-5.488170
-4.200007
-4.164299
-4.125843
-4.069999
-4.017305
-3.993694
-3.961349
-6.766371
-3.868387
356.177826
352.052765
-3.739269
-3.691111
-6.013308
-3.620604
-3.577138
-3.553934
-3.478753
-3.430203
-3.385940
-3.345851
-4.806394
-3.239094
-3.208845
-7.206676
-3.107378
-3.066482
-6.558493
-2.978378
-2.933835
-3.335592
-2.833573
-2.785158
-2.732473
-2.680587
-6.445802
-3.047054
-2.545065
-3.300973
-2.436540
-1.018244
-0.928779
-1.559156
-1.832107
-2.104476
-2.376075
-2.623239
-8.974739
-3.100056
-3.302453
-3.574599
-3.671871
-5.999103
-3.984315
-4.110510
-4.228679
-4.340910
-4.427996
-4.517042
-4.593271
-4.645675
-6.962696
-4.752378
-4.793183
-4.829527
-4.863109
-7.910529
-4.905503
-4.925971
-5.025032
-4.949232
-4.957525
-4.948558
-4.949449
-4.941453
-5.845070
-4.914852
-4.900571
-4.904338
-4.878117
-4.856594
-4.828570
-4.798294
-8.228934
-4.766297
-4.732398
-8.930746
-4.665309
-4.642692
-6.460948
-4.573032
-4.528977
-4.491970
-4.474047
-4.434869
-4.405092
-4.367611
-6.438272
-4.286155
-4.237221
-8.382856
-4.148644
-4.116923
-7.191012
-4.036484
-4.005114
-4.138852
-3.903360
-3.867882
356.192596
-3.790374
-7.221833
-3.889104
-3.643218
-4.022096
-3.557836
-3.504729
-3.459902
-3.427717
-3.373044
-3.327751
-3.273290
-3.237700
-5.810587
-3.150335
-3.102508
-3.045875
-3.000647
-3.973878
-2.916397
-2.870032
-2.808786
-2.774066
-2.718041
-2.688277
-2.658749
-2.604820
-3.877832
-2.491104
-2.443278
-1.003303
-0.916734
95.578018
-1.827640
-2.104831
-2.412180
-2.620520
-2.868762
-3.097283
-3.302234
-3.502684
-4.375955
-3.835811
-3.980483
-4.109499
-4.229662
-4.903254
-4.421559
-4.516335
-8.977526
-4.645746
-4.702958
-9.472868
-4.797164
-4.836725
-6.455550
-4.897393
-4.911068
-4.928830
-4.951693
-4.944526
-4.955204
-4.945230
-7.666068
-4.942482
-4.932543
-9.294280
-4.903573
-4.902562
-7.682928
-4.858512
-4.834765
-4.883234
-4.774771
-4.774999
-7.804645
-4.702654
-7.832824
-4.687662
-4.608546
-4.762263
-4.530931
-4.513717
-4.481997
-4.443913
-4.411267
-4.370302
-4.330243
-4.280212
-6.363158
-4.206127
-4.174325
-4.139791
-4.078864
-4.640860
-4.011343
-3.970065
-3.919219
-3.871556
356.174469
-3.802654
-3.756208
-3.701998
-4.418704
-3.625863
-3.577848
-3.534782
-3.479873
-5.263972
-3.402496
-3.355974
-3.286253
-3.228534
-3.198381
-6.555621
-3.100104
-3.055177
-3.225148
-2.981759
-2.928684
-2.866849
-2.811716
-3.627498
-2.733832
-2.685634
-6.458868
-2.612286
-2.565665
-6.432615
-2.434621
-1.009969
-1.928620
-1.552831
-1.847831
-2.096690
-2.377769
-2.628662
-2.869752
-3.104407
-5.741377
-3.700882
-3.670396
-3.836775
-3.984862
-4.110018
-4.230195
-4.342358
-4.425940
-4.525843
-4.592899
-4.647454
-7.375721
-4.764137
-8.021683
-4.832678
-4.870744
-5.007617
-4.914526
-4.931748
-4.949794
-4.952121
-4.966436
-4.955209
-4.961554
-4.946504
-6.158091
-4.915439
-8.632183
-4.900950
-4.876194
-5.335830
-4.843884
-4.821277
-4.788855
-4.757009
-4.735601
-4.695564
-4.682023
-4.646265
-4.932160
-4.579679
-4.529838
-4.509851
-4.476171
-5.911775
-4.399164
-4.359401
-4.317211
-4.289201
-4.248354
-6.996273
-4.158711
-4.120324
-4.160704
-4.034476
-3.996972
-3.956336
-3.910559
-5.089283
356.180267
-3.798570
-7.760052
-3.704170
-3.653600
-7.358849
-3.582725
-3.548634
-4.108401
-3.437375
-3.383167
-3.341835
-3.286212
-3.234913
-3.201837
-3.160689
-4.128020
-3.078769
-3.023760
-2.971117
-2.929108
-2.893419
-2.838306
-2.799788
-2.745949
-2.690914
-2.641359
-2.591481
-3.990578
-2.518193
-4.703968
-1.011428
-0.933857
-0.452474
-1.839826
-2.101457
-2.370024
-2.619974
-2.871897
-3.091225
-3.298772
-3.495047
-4.431928
-3.830040
-8.362104
-4.101514
-4.222900
-4.592056
-4.420913
-4.520519
-4.588671
-4.647621
-4.713776
-8.347596
-4.793189
-4.830024
-4.932927
-4.898421
-4.909596
-4.932834
-4.951123
-6.028331
-4.959834
-4.941839
-4.945571
-4.944848
-4.933793
-7.403315
-4.899734
-4.900950
-4.904171
-4.861610
-4.846090
-4.822104
-4.796717
-6.313547
-4.741407
-4.706315
-8.875090
-4.649154
-4.602248
-8.223475
-4.526525
-4.507700
-4.984965
-4.422015
-4.369766
-4.335468
-4.307499
-4.703029
-4.217823
-4.177522
-7.643051
-4.094697
-4.051284
-8.134707
-3.948847
-3.879729
-3.805866
-3.756058
356.295197
-3.681254
-3.632049
-3.614572
-4.479752
-3.573612
-5.719687
-3.519114
-3.495583
-3.499352
-3.465211
-3.465011
-3.472868
-3.486988
-3.498472
-7.226824
-3.425678
-3.415450
-3.884309
-3.462782
-6.227208
-3.253930
-3.181694
-3.262363
-3.141130
-3.124781
-3.087992
-3.065257
-3.018977
-5.576860
-2.891400
-1.492187
-1.421369
-1.742956
-1.969941
-2.212366
-2.475168
-4.376097
-2.958886
-3.188658
-10.529620
-3.567427
-3.739306
-7.468045
-4.052542
-4.170185
-4.336333
-4.422996
-4.515563
-4.619959
-4.718677
-6.579612
-4.864255
-4.911049
-9.602589
-4.967060
-5.003358
-9.045534
-5.081054
-5.105915
-5.696359
-5.164341
-5.183618
-5.189051
-5.220488
-5.659012
-5.243672
-5.235819
-8.987127
-5.216758
-5.169670
-5.132004
-5.084129
-5.049583
-5.028820
-5.001318
-4.984398
-4.973567
-4.966070
-4.943241
-5.560763
-4.867311
-6.606154
-4.819690
-4.819928
-4.799369
-4.795533
-4.782900
-4.750027
-4.740035
-4.709788
-8.160588
-4.659774
-4.618491
-4.736980
-4.530416
-7.256134
-4.457057
-4.403821
-4.468938
355.723816
-4.249376
-4.196824
-4.188635
-4.160004
-6.585644
-4.108568
-4.082618
-4.048159
-4.001753
-3.937723
-3.905148
-3.848282
-4.351062
-3.713213
-3.642382
-7.663483
-3.494905
-3.532439
-5.271635
-3.498131
-3.447798
-3.376218
-3.343021
-3.321836
-3.345751
-3.430150
-5.338234
-3.279788
-3.204449
-7.179615
-1.669581
-1.602994
100.986893
-2.002466
-2.284479
-2.872329
-2.792778
-3.030118
-3.257492
-3.452929
-4.799300
-3.815100
-3.978842
-9.524261
-4.245344
-4.361686
-4.469915
-4.562616
-4.658690
-4.737843
-4.797991
-4.861492
-4.915071
-4.958787
-4.998831
-5.349438
-5.081368
-6.650012
-5.129947
-5.150328
-5.159805
-5.179428
-5.177593
-5.192967
-5.192394
-5.184922
-7.904262
-5.156487
-5.168376
-5.150409
-5.133414
-7.445304
-5.101704
-5.078763
-5.086183
-5.044025
-5.013386
-5.003889
-4.970508
-4.934714
-6.414964
-4.880663
-4.860315
-4.837823
-4.794697
-8.245461
-4.731018
-4.707352
-8.383900
-4.639505
-4.608849
-8.652280
-4.547799
-4.505641
-5.767582
-4.442984
-4.398386
-4.352308
-4.319262
355.731323
-4.251753
-4.201755
-6.720327
-4.123366
-4.085207
-8.183800
-4.007144
-3.969079
-6.621650
-3.896414
-3.854304
-3.878636
-3.764759
-3.735534
-3.694469
-3.648192
-4.866735
-3.560879
-3.521637
-7.475767
-3.435572
-3.383301
-3.340173
-3.303525
-3.257416
-3.218633
-3.186452
-3.130501
-6.175458
-3.036087
-1.617337
-1.630257
-1.670051
-3.398830
-2.198145
-2.470783
-2.730336
-2.970538
-3.203322
-3.408779
-3.612165
-3.789549
-6.819750
-4.106104
-4.233685
-4.359316
-4.467832
-6.726481
-4.659291
-4.740073
-4.800279
-4.869451
-4.918028
-4.964839
-5.013188
-5.049004
-6.005325
-5.107460
-5.129443
-5.154008
-5.162624
-8.334902
-5.179049
-5.182478
-9.400784
-5.187241
-5.172985
-9.147180
-5.175090
-5.148237
-5.904806
-5.123771
-5.118964
-5.093283
-5.083450
-5.056620
-5.029027
-5.017843
-8.292322
-4.950868
-4.927478
-9.103012
-4.870800
-4.844380
-6.852702
-4.785261
-4.749473
-4.713267
-4.681623
-4.655911
-4.615365
-4.583208
-6.419339
-4.512923
-4.471922
-8.584209
-4.413344
-4.367567
-4.332088
355.721313
-4.245660
-4.213790
-4.166274
-4.121003
-6.476948
-4.047588
-7.682565
-3.968341
-3.937372
-4.483305
-3.848690
-3.799610
-3.757614
-3.728827
-3.683103
-3.648076
-3.599462
-3.574410
-4.798521
-3.493459
-3.427915
-3.389762
-3.343424
-4.585995
-3.259268
-3.226631
-3.181247
-3.137884
-3.092571
-3.038304
-1.607403
-1.541044
24.014725
-1.942893
-2.211328
-2.480195
-2.731361
-8.030002
-3.213704
-3.416763
-10.190224
-3.800457
-3.964752
-9.389959
-4.251451
-4.374414
-5.210790
-4.581836
-4.684761
-4.758135
-4.818236
-4.885990
-4.941390
-4.987065
-8.887913
-5.071747
-5.099550
-9.660120
-5.148352
-5.168222
-7.135645
-5.189534
-5.183895
-5.198417
-5.195455
-5.199614
-5.185884
-5.180517
-7.573661
-5.179557
-5.147785
-5.157124
-5.127877
-5.102716
-5.084482
-5.064093
-5.038153
-5.020937
-4.996735
-4.960185
-6.593396
-4.897083
-8.413305
-4.856387
-4.810352
-5.110036
-4.757519
-4.724550
-4.693876
-4.659681
-4.620296
-4.592101
-4.561554
-4.518701
-5.113823
-4.456234
-4.419368
-4.374698
-4.334684
354.634491
-4.268159
-4.213189
-4.181355
-4.144554
-4.104728
-7.354014
-4.033481
-3.984611
-4.066339
-3.898942
-3.861640
-3.822041
-3.772777
-5.283296
-3.692570
-3.648089
-7.669981
-3.573659
-3.528256
-6.978728
-3.431460
-3.388533
-3.822152
-3.304447
-3.259828
-3.223237
-3.180229
-3.574394
-3.088650
-3.036388
-5.055265
-1.538462
-1.673548
-11.843990
-2.206751
-2.483869
-5.684489
-2.991084
-3.227439
-3.425540
-3.631727
-3.808919
-3.972627
-4.130112
-7.039841
-4.381494
-4.495515
-4.595869
-4.688777
-4.771451
-4.825305
-4.893023
-4.942115
-4.992373
-5.034429
-5.077973
-6.457300
-5.132930
-8.725123
-5.187314
-5.189854
-5.345235
-5.199495
-5.211025
-5.205488
-5.206253
-5.194018
-5.180602
-5.189908
-5.170534
-5.451776
-5.146933
-5.128294
-5.107955
-5.092070
-5.956832
-5.044887
-5.027255
-4.998853
-4.972028
-4.946808
-7.669724
-4.887882
-4.854912
-4.833766
-4.785834
-4.757888
-4.727979
-4.693166
-6.524405
-4.625665
-4.591049
-8.718613
-4.512895
-4.481867
-7.777892
-4.421158
-4.377922
-4.624243
355.703979
-4.269566
-4.225756
-4.186764
-4.861969
-4.109290
-4.071439
-7.758298
-3.987889
-3.954270
-7.905791
-3.864427
-3.818079
-4.984234
-3.743458
-3.699523
-3.652133
-3.608737
-3.574198
-5.004315
-3.500092
-5.128325
-3.407404
-3.353137
-3.319180
-3.268994
-3.232560
-3.193630
-3.153313
-3.097713
-3.049724
-1.616428
-1.539849
54.762581
-1.945174
-7.818572
-2.486560
-2.741852
-3.071741
-3.230561
-3.435977
-3.637567
-3.817368
-3.983630
-8.575562
-4.265329
-4.389663
-4.588976
-4.595305
-9.116809
-4.769500
-4.831688
-5.481813
-4.949787
-4.998918
-5.040196
-5.080049
-5.111307
-7.372004
-5.161756
-5.187221
-5.193792
-5.208584
-5.210660
-5.224372
-5.218780
-7.911270
-5.199083
-5.193114
-9.529534
-5.177026
-5.169051
-7.868838
-5.134558
-5.113057
-5.154505
-5.080513
-5.046841
-5.034140
-5.007616
-6.409127
-4.951425
-4.911673
-9.022954
-4.867930
-4.828903
-8.489177
-4.766699
-4.737623
-5.222041
-4.665064
-4.624558
-4.595980
-4.561582
-4.989246
-4.482632
-4.450196
-5.234333
-4.372744
-4.340326
355.714233
-4.274743
-4.223898
-4.187747
-4.149062
-4.113634
-7.425376
-4.028796
-3.983477
-4.197862
-3.911864
-5.556456
-3.824472
-3.779580
-3.749195
-3.698526
-3.655958
-3.620874
-3.577532
-3.535667
-5.661976
-3.446165
-3.403989
-3.364850
-3.315464
-5.916279
-3.259013
-3.204114
-3.221246
-3.106531
-3.061837
-1.638193
-1.551245
-1.685979
-3.289492
-2.217557
-2.484511
-2.751045
-2.998467
-3.915998
-3.444678
-3.646255
-9.312201
-3.990918
-4.144483
-9.856953
-4.397999
-4.511054
-6.385545
-4.705999
-4.784527
-4.841223
-4.906540
-4.958525
-5.002017
-5.044699
-7.785386
-5.114011
-5.135529
-9.709278
-5.178794
-5.190556
-8.031590
-5.203555
-5.214643
-5.271645
-5.214718
-5.200217
-5.191595
-5.201475
-6.538768
-5.172599
-5.158223
-5.324785
-5.116916
-5.104051
-5.074427
-5.043822
-5.037138
-5.008859
-4.972301
-4.954492
-7.503607
-4.894576
-4.867213
-4.839176
-4.801421
-5.632057
-4.736448
-4.709763
-4.670009
-4.641497
-4.611198
-4.578630
-4.531296
-4.490459
-5.802109
-4.424942
-4.380039
-4.344164
355.702118
-5.814104
-4.226480
-4.195233
-4.157040
-4.119221
-4.076944
-4.040967
-4.002779
-3.965649
-4.373544
-3.873675
-3.831548
-3.784293
-3.757432
-4.851475
-3.672972
-3.619215
-7.536439
-3.539922
-3.494108
-7.179663
-3.404221
-3.361681
-3.986297
-3.277156
-3.239998
-3.196929
-3.149837
-3.107153
-3.057606
-1.627845
-4.850862
-1.656978
-1.952715
-12.183527
-2.500931
-2.752753
-6.403678
-3.237043
-3.434057
-3.648877
-3.822395
-3.993193
-4.142427
-4.276907
-7.445018
-4.555269
-4.606193
-4.732869
-4.785039
-4.841882
-4.910851
-4.964967
-5.014939
-5.055042
-5.091237
-5.126974
-7.050363
-5.172847
-8.929561
-5.200892
-5.212366
-5.575900
-5.225783
-5.222201
-5.218974
-5.216022
-5.204910
-5.207927
-5.185123
-5.180136
-5.801777
-5.150984
-5.125338
-5.118093
-5.093688
-5.966362
-5.046851
-5.020880
-4.982785
-4.957566
-4.913742
-8.230632
-4.872479
-4.834148
-4.929856
-4.768160
-4.740041
-4.702550
-4.668998
-6.521753
-4.602578
-4.564191
-8.680185
-4.488096
-4.464321
-7.657780
-4.382293
-4.348303
355.433350
-4.275331
-4.221795
-4.195479
-4.155154
-4.880733
-4.077641
-4.041937
-7.793644
-3.961892
-3.921850
-7.822589
-3.834048
-3.792243
-4.801276
-3.714180
-3.675527
-3.619194
-3.590556
-3.548166
-3.511709
-3.445264
-4.869652
-3.362439
-3.324774
-3.279505
-3.254211
-3.200207
-3.160335
-3.119809
-3.059132
-1.632821
-1.561992
-1.700418
-3.595047
-2.222256
-8.282742
-2.756564
-3.005106
-3.334960
-3.464062
-3.676089
-3.868875
-4.047055
-4.202840
-9.253253
-4.491416
-4.619172
-4.959197
-4.826252
-8.927003
-4.984541
-5.126163
-5.513411
-5.306462
-5.332788
-5.344867
-5.359336
-5.374154
-7.954165
-5.419888
-5.435713
-5.487226
-5.473512
-5.484219
-5.475028
-5.468463
-8.064962
-5.441560
-5.423463
-9.712361
-5.399990
-5.361721
-8.240702
-5.263594
-5.206387
-5.209760
-5.102637
-5.058572
-4.991770
-4.889253
-6.452626
-4.717948
-4.657076
-8.719024
-4.526763
-4.485374
-8.129665
-4.400908
-4.370371
-4.827855
-4.306982
-4.279510
-4.278430
-4.285027
-4.626968
-4.182685
-3.949260
-4.386158
-3.425832
356.828400
-2.584927
-2.090585
-1.922843
-1.857383
-1.959939
-2.173042
-2.631940
-2.829189
-3.001431
-3.712231
-3.401135
-5.189500
-3.284378
-3.210880
-3.179664
-3.065345
-2.971023
-2.902907
-2.755208
-2.307772
-5.011487
-2.154304
-2.186472
-2.281585
-2.194994
-4.750084
-2.010088
-1.920813
-1.927948
-1.777208
-0.366729
-0.290324
-1.658548
-1.937374
-5.054476
-2.446973
-2.682962
-2.918650
-3.144746
-3.345879
-3.528932
-3.682315
-8.792241
-3.961823
-4.068559
-9.626441
-4.279087
-4.358533
-6.494915
-4.499069
-4.540965
-4.597383
-4.629265
-4.651384
-4.673998
-4.703468
-6.900383
-4.722539
-4.756506
-9.270284
-4.749011
-4.747681
-8.158510
-4.702775
-4.704678
-4.919494
-4.676020
-4.650023
-4.639672
-4.602935
-5.466621
-4.551148
-4.515203
-4.811374
-4.476130
-4.419411
-4.380767
-4.350185
-4.307918
-4.263287
-4.222043
-4.180719
-7.192566
-4.132087
-4.081230
-4.143195
-3.994505
-5.138706
-3.912175
-3.869101
-3.829934
-3.785114
-3.738831
-3.688478
-3.639336
-3.603745
-5.473703
-3.511553
-3.458480
356.595184
-3.372639
-5.379266
-3.263241
-3.206346
-3.157148
-3.110008
-3.056792
-3.008823
-2.969848
-2.910804
-3.498042
-2.807799
-2.762018
-2.727918
-2.675268
-3.399034
-2.554176
-2.506196
-6.200404
-2.395110
-2.345139
-6.214994
-2.251010
-2.195777
-3.188841
-2.111869
-2.061629
-2.016681
-1.964722
-1.900479
-0.474653
-0.397343
40.565296
-1.894098
-2.137807
-11.810397
-2.635123
-2.857738
-6.968287
-3.263302
-3.442885
-3.619614
-3.756308
-3.894389
-4.001814
-4.110991
-7.527227
-4.357983
-4.367146
-4.493008
-4.468547
-4.521344
-4.556493
-4.588925
-4.621452
-4.644623
-4.665038
-4.669821
-6.835818
-4.698764
-8.591537
-4.688183
-4.667303
-5.089451
-4.650600
-4.642325
-4.613377
-4.599336
-4.587154
-4.553314
-4.536937
-4.512319
-5.399446
-4.446567
-4.403615
-4.392077
-4.355482
-5.447326
-4.282878
-4.234620
-4.193718
-4.132279
-4.086407
-7.579741
-3.993926
-3.947087
-4.083406
-3.853387
-3.806539
-3.753602
-3.706253
-5.045475
-3.621365
-3.572160
-7.615339
-3.490978
-3.439974
-7.040493
-3.346834
356.706116
-3.821915
-3.219792
-3.180541
-3.133440
-3.090335
-3.529586
-2.996686
-2.940207
-6.379656
-2.851559
-2.815323
-6.782081
-2.730886
-2.696826
-4.155370
-2.586719
-2.525517
-2.481047
-2.453526
-2.410567
-2.346976
-2.295675
-4.209198
-2.195197
-2.140127
-2.103324
-2.057681
-1.996191
-1.944416
-1.891921
-0.459077
-0.370087
-1.635271
-1.885601
-4.447791
-2.385528
-8.660006
-2.835273
-3.052484
-3.382025
-3.428132
-3.580415
-3.733024
-3.863954
-3.982935
-8.663818
-4.178990
-4.263108
-4.600415
-4.404434
-4.447804
-4.502432
-4.535751
-5.282232
-4.595307
-4.623930
-4.640972
-4.646466
-4.653737
-7.255032
-4.657311
-4.660139
-4.647883
-4.644686
-4.632712
-4.619044
-4.596483
-6.936165
-4.572859
-4.534179
-8.835612
-4.481515
-4.463696
-7.472450
-4.459595
-4.370452
-4.471049
-4.303132
-4.260509
-4.226281
-4.189797
-5.101831
-4.115688
-4.077821
-7.994825
-3.986989
-3.945177
-7.854758
-3.861003
-3.812574
-4.684131
-3.724380
-3.683616
-3.631938
-3.586115
-3.548721
-4.566682
-3.450914
-4.507160
356.648438
-3.323489
-3.270008
-3.228133
-3.174025
-3.135879
-3.087263
-3.035085
-6.623605
-2.949125
-2.886120
-3.109718
-2.777240
-4.623969
-2.681923
-2.640447
-2.587313
-2.544143
-2.500356
-2.451040
-2.399632
-2.359400
-4.908673
-2.267170
-2.218003
-2.151978
-2.099138
-5.152529
-1.997133
-1.955911
-2.075930
-0.435564
-0.342780
-1.617499
-1.876545
-2.126346
-5.053277
-2.613321
-2.839843
-3.047115
-3.236439
-3.417006
-3.571366
-3.727594
-7.840299
-3.977519
-4.082318
-9.542086
-4.248383
-4.334048
-7.353324
-4.437699
-4.494991
-4.576575
-4.559784
-4.586769
-4.615610
-4.635500
-6.336874
-4.656681
-4.658786
-9.071931
-4.645715
-4.630137
-8.352044
-4.609397
-4.587581
-5.005095
-4.539981
-4.530635
-4.491692
-4.475353
-8.307124
-4.709303
-4.362877
-4.976059
-4.316112
-4.275514
-4.246749
-4.206625
-4.159823
-4.130286
-4.082194
-4.045781
-6.841083
-3.951483
-3.918441
-3.884552
-3.829358
-5.129164
-3.742059
-3.694751
-3.662293
-3.617035
-3.562980
-3.521652
-3.485064
-3.442719
-5.016927
-3.347175
356.711548
-3.253206
-3.197772
-5.775002
-3.105327
-3.074640
-3.091484
-2.995675
-2.949168
-2.913444
-2.858949
-2.800037
-3.392244
-2.702200
-2.661747
-2.617881
-2.563688
-2.502977
-2.471252
-2.416288
-5.649948
-2.299199
-2.238841
-6.284203
-2.131136
-2.082194
-3.931138
-1.991735
-1.937157
-1.888975
-1.811417
-0.375472
-0.292410
-1.631146
-8.300269
-2.108383
-2.361718
-11.341102
-2.810343
-3.033039
-8.663250
-3.402922
-3.554700
-3.704221
-3.839665
-3.947849
-8.231261
-4.151605
-8.629030
-4.407370
-4.375166
-4.915692
-4.470288
-4.508763
-4.537067
-4.556311
-4.586627
-4.602352
-4.611586
-4.631690
-6.844675
-4.634354
-4.627229
-4.622975
-4.613511
-5.763002
-4.591163
-4.570313
-4.551364
-4.546812
-4.500885
-4.482337
-4.457746
-4.431273
-5.383300
-4.443202
-4.341014
-4.307063
-4.280811
-6.803730
-4.200121
-4.165065
-4.153938
-4.072938
-4.032803
-7.777926
-3.926555
-3.886233
-4.528210
-3.801826
-3.757919
-3.708425
-3.669028
-3.627321
-3.573075
-3.532293
-6.803429
-3.445124
-3.395959
-7.488661
356.721039
-3.256553
-5.146985
-3.160173
-3.106420
-3.068984
-3.027404
-2.976387
-2.919374
-2.888801
-4.768507
-2.779301
-2.718938
-6.853835
-2.642363
-2.593811
-2.549734
-2.499685
-2.455673
-2.398734
-2.342852
-2.282465
-4.918078
-2.191116
-5.682445
-2.130032
-2.062350
-2.468011
-1.964977
-1.920114
-1.853375
-0.420107
-0.339310
-1.632307
-1.881476
-2.115923
-5.577016
-2.596219
-2.816832
-3.035627
-3.219794
-5.289905
-3.555157
-3.704870
-3.839358
-3.948457
-4.053338
-4.148644
-4.224214
-4.310740
-5.151110
-4.416416
-4.467363
-4.504312
-4.535009
-7.550365
-4.585245
-4.602419
-9.023779
-4.620801
-4.625330
-8.740648
-4.625725
-4.612607
-5.403838
-4.597273
-4.579805
-4.554245
-4.532629
-4.521311
-4.489564
-4.475377
-7.743603
-4.431731
-4.372234
-8.667818
-4.334334
-4.293075
-6.390793
-4.235285
-4.195606
-4.164103
-4.107144
-4.082480
-4.042550
-3.998857
-6.405204
-4.029516
-3.881213
-3.864992
-3.792562
-3.750171
-3.705829
-3.658385
-3.603702
-3.561718
-3.525867
-3.488878
-5.586728
-3.377269
353.101501
-3.284776
-3.224655
-3.665443
-3.116734
-3.070159
-3.013579
-2.966429
-2.912653
-2.865442
-2.807655
-2.760190
-3.738863
-2.633638
-2.588718
-2.535071
-2.486719
-3.608969
-2.407520
-2.353969
-2.310709
-2.252474
-2.204765
-5.796965
-2.119265
-2.083621
-2.353022
-2.009658
-1.950756
-1.908728
-1.849717
-1.761611
-0.360531
-1.600956
-11.714053
-2.107427
-2.360830
-10.262588
-2.818068
-3.033312
-4.142587
-3.404350
-3.559802
-3.713742
-3.844105
-4.331344
-4.067811
-4.155088
-8.510688
-4.321269
-4.384339
-9.341690
-4.481524
-4.523083
-6.519279
-4.581160
-4.605959
-4.625204
-4.633526
-4.637494
-4.648715
-4.632649
-6.730433
-4.626491
-4.611959
-4.601252
-4.588991
-4.563407
-4.544578
-4.535337
-4.494031
-4.477504
-4.454905
-4.421663
-5.928875
-4.412364
-7.544155
-4.292242
-4.271508
-4.377503
-4.180600
-4.143503
-4.089905
-4.056505
-4.027530
-3.977807
-3.944532
-3.906955
-4.367987
-3.839747
-3.807233
-3.759815
-3.729106
-4.263417
-3.630503
-3.577414
-3.538121
-3.499861
-3.445915
-6.425269
356.650299
-3.326071
-3.316467
-3.222041
-3.167741
-3.125251
-3.085064
-5.176404
-2.975122
-2.935547
-7.013863
-2.824981
-2.771858
-5.770512
-2.667948
-2.608960
-2.735556
-2.509889
-2.482447
-2.424163
-2.379913
-3.268212
-2.260370
-2.223382
-6.064834
-2.120716
-2.084589
-5.876119
-1.983814
-1.920455
-2.728114
-0.430352
-0.340331
-1.647183
-1.881831
-2.109011
-2.356855
-2.588596
-4.806869
-3.025703
-3.220156
-3.396864
-3.551899
-3.703265
-3.831510
-3.939291
-4.046302
-4.147609
-4.218733
-4.300580
-5.018468
-4.403462
-7.144493
-4.475338
-4.506326
-4.544580
-4.568048
-4.580692
-4.571526
-4.556294
-4.541727
-7.855604
-4.627854
-4.665946
-4.710461
-4.578685
-7.745668
-4.600117
-4.624710
-4.772700
-4.515099
-4.496591
-4.471502
-4.465595
-4.424246
-6.251672
-4.310825
-4.280555
-4.300502
-4.255434
-4.240139
-4.163221
-4.116119
-7.220713
-3.991391
-3.976263
-8.196012
-3.991527
-4.006137
-6.137163
-4.083459
-4.070425
-3.964556
-3.909968
-3.831639
-3.692406
-3.582216
-5.132563
-3.555157
-3.549322
352.407440
-3.486690
-3.450065
-7.014244
-3.457341
-3.454166
-3.892775
-3.427685
-3.314214
-3.189316
-3.171376
-6.984211
-4.053420
-3.345644
-3.956532
-3.279152
-3.268229
-3.256695
-3.283587
-3.264522
-3.368822
-3.430067
-3.385165
-6.915661
-3.399571
-3.383666
-3.652022
-3.303425
-4.994671
-3.190044
-3.069302
-1.273451
-1.120018
-1.729091
-1.963780
-2.230985
-2.507666
-7.484476
-3.039619
-3.295038
-3.523587
-3.726031
-8.220880
-4.126108
-4.289809
-4.490829
-4.553161
-4.662807
-4.772292
-4.888065
-4.942069
-6.463389
-5.023333
-5.059998
-5.100052
-5.104332
-5.106568
-5.106424
-5.082783
-8.577621
-5.073100
-5.058818
-9.528924
-5.082188
-5.110370
-7.245362
-5.129990
-5.126140
-5.130929
-5.126452
-5.108793
-5.094151
-5.078822
-6.951340
-5.016177
-4.986407
-9.208215
-4.941116
-4.949575
-8.341432
-4.941183
-4.934821
-5.230478
-4.917532
-4.905202
-4.871004
-4.828865
-8.337112
-5.218495
-4.735609
-5.059794
-4.583113
-4.527364
-4.455154
-4.382398
-4.330278
-4.316584
-4.327242
-4.330834
-7.414895
355.711731
-4.269593
-4.216604
-4.092248
-5.151474
-4.006441
-3.972989
-3.929239
-3.872486
-3.808950
-3.753376
-3.728492
-3.732183
-5.598255
-3.672260
-3.643679
-3.633555
-3.613812
-5.767686
-3.482398
-3.446659
-3.482229
-3.401667
-3.362644
-3.346391
-3.279054
-3.228086
-3.927042
-3.120528
-3.065065
-3.024404
-1.603970
-2.050931
-1.590684
-1.895833
-11.064619
-2.442000
-2.702114
-10.961635
-3.176145
-3.374061
-5.435894
-3.748479
-3.911995
-4.063859
-4.185246
-4.308776
-4.416114
-4.507462
-7.983773
-4.687074
-4.748199
-9.684550
-4.864820
-4.917233
-7.756109
-4.996576
-5.031083
-5.108090
-5.080814
-5.104079
-5.105746
-5.122233
-8.698923
-5.176418
-5.120629
-5.442413
-5.100769
-5.096806
-5.095013
-5.079061
-5.074408
-5.049609
-5.039925
-5.007893
-6.792726
-4.962077
-4.937011
-4.915821
-4.890355
-5.741899
-4.839909
-4.801461
-4.784343
-4.762800
-4.725699
-4.695976
-4.669096
-4.630977
-5.586103
-4.554155
-4.513431
-4.481561
-4.439390
-6.572020
-4.357490
-4.324248
-4.305577
-4.261303
-4.229977
355.813263
-4.165474
-4.114561
-4.336236
-4.028851
-3.991429
-3.947935
-3.899036
-4.586897
-3.828635
-3.784782
-7.471313
-3.694863
-3.653140
-7.604919
-3.575145
-3.534456
-4.655689
-3.441344
-3.391768
-3.356466
-3.298367
-3.254545
-3.205331
-3.163089
-5.900064
-3.098333
-3.057839
-7.116463
-2.970904
-2.917740
-4.079227
-1.416728
-1.569633
-1.897595
-2.154022
-2.431550
-2.687347
-2.934694
-8.943851
-3.416176
-3.586675
-4.113361
-3.932554
-4.078025
-4.215135
-4.335209
-4.453431
-4.535769
-4.642895
-4.712366
-6.762805
-4.826755
-4.878186
-4.921712
-4.968197
-5.883036
-5.035958
-5.062006
-5.083105
-5.099729
-5.107116
-5.116093
-5.116169
-5.120716
-5.752477
-5.108489
-5.096296
-5.087342
-5.093599
-7.163140
-5.057227
-5.036318
-5.022474
-4.993105
-4.990512
-8.293844
-4.916391
-4.895590
-5.042033
-4.833976
-4.805143
-4.773819
-4.754365
-5.653730
-4.687860
-4.659599
-8.495313
-4.593643
-4.556958
-8.492975
-4.476753
-4.444268
-5.405220
-4.364981
-4.326672
-4.292596
-4.247179
-4.210636
-4.164558
355.883759
352.861511
-4.047393
-4.010067
-8.105736
-3.943904
-3.890535
-6.062294
-3.807081
-3.783119
-3.742831
-3.684834
-3.640290
-5.505637
-3.576282
-6.351453
-3.486091
-3.439676
-3.501675
-3.358778
-3.312336
-3.271757
-3.220046
-3.177580
-3.130810
-3.078636
-3.048363
-3.670897
-2.965524
-6.391873
-2.851621
-1.429111
-1.792928
-1.582542
-1.872897
-2.153462
-2.437028
-2.696773
-9.247578
-3.176534
-3.391642
-3.776964
-3.767296
-3.931666
-4.083107
-4.216555
-6.186792
-4.446813
-4.544506
-4.641642
-4.714938
-4.775114
-7.439428
-4.893243
-4.939679
-5.016350
-5.012121
-5.038012
-5.062466
-5.084273
-7.010345
-5.114655
-5.129514
-9.485179
-5.128407
-5.127470
-8.936454
-5.104537
-5.097649
-5.618226
-5.072422
-5.066687
-5.049391
-5.029168
-5.008500
-4.997315
-4.962316
-6.029691
-4.907686
-4.885813
-4.849207
-4.829151
-4.786058
-4.759188
-4.734632
-4.695154
-4.670732
-4.635859
-4.601238
-5.534536
-4.526465
-7.016736
-4.461316
-4.429500
-4.424144
-4.339827
-4.311803
-4.271836
-4.227479
-4.181005
355.862701
-4.109671
-4.063498
-4.159443
-3.985738
-7.366895
-3.898089
-3.868860
-4.189093
-3.790290
-3.739675
-3.693235
-3.653936
-3.607896
-5.943844
-3.529643
-3.483175
-3.439512
-3.400110
-3.359571
-3.313108
-3.263895
-5.884373
-3.170470
-3.122552
-7.183177
-3.038336
-2.997290
-5.178669
-2.908872
-2.845911
-1.438444
-1.349409
-1.581572
-1.891161
-2.165647
-5.532251
-2.701881
-2.951489
-10.739480
-3.404653
-3.607835
-9.196777
-3.946836
-4.098721
-5.128064
-4.345130
-4.463061
-4.557817
-4.648189
-4.726576
-4.782873
-4.848403
-6.251750
-4.946846
-4.990919
-5.027534
-5.056035
-5.082604
-5.100822
-5.117523
-5.123106
-5.137292
-5.129784
-5.138548
-5.700476
-5.131332
-7.757986
-5.104452
-5.104531
-5.100668
-5.070836
-5.057027
-5.039461
-5.013418
-5.004070
-8.180804
-4.941376
-4.923594
-4.919431
-4.863373
-8.166927
-4.798093
-4.774091
-5.020879
-4.708856
-4.679857
-4.641652
-4.609175
-4.568556
-6.484818
-4.491247
-4.460128
-4.421180
-4.374543
-4.346780
-4.313087
-4.276235
-7.455755
-4.195034
355.864990
351.726807
-4.070192
-4.043166
-5.962614
-3.966280
-3.918798
-3.882561
-3.829907
-3.797967
-3.753335
-3.704436
-5.441465
-3.610547
-3.576896
-7.605804
-3.485245
-3.437402
-6.798874
-3.365281
-3.333400
-3.667026
-3.221507
-3.180708
-3.136349
-3.092160
-3.591349
-3.010923
-2.968338
-3.751008
-2.853984
-1.441053
-1.355710
-1.588990
-1.895983
-2.176466
-2.460210
-2.711526
-2.968401
-3.208007
-3.408253
-3.948764
-3.791871
-6.979768
-4.111691
-4.240932
-4.361820
-4.478327
-4.566649
-4.666227
-4.744236
-4.795102
-7.699800
-4.912257
-4.954612
-4.992126
-5.033045
-8.326857
-5.089085
-5.110974
-5.274186
-5.142014
-5.154074
-5.146868
-5.158639
-5.153220
-6.596882
-5.126112
-5.121033
-5.124212
-5.093121
-5.087625
-5.068214
-5.052588
-8.485491
-5.008913
-4.981871
-9.183558
-4.933689
-4.906741
-6.680163
-4.845537
-4.805845
-4.786016
-4.748969
-4.708022
-4.684433
-4.645804
-6.939703
-4.576506
-4.544566
-8.689518
-4.469881
-4.435961
-7.414892
-4.354702
-4.322773
-4.360014
-4.242697
-4.205662
355.847900
-4.132539
-5.148078
-4.047510
-4.010026
-4.361379
-3.921748
-3.868956
-3.820440
-3.800372
-3.748909
-3.698890
-3.645043
-3.603047
-6.313999
-3.528085
-3.475320
-3.469948
-3.403676
-4.450817
-3.303949
-3.256996
-3.196392
-3.164200
-3.112962
-3.070460
-3.043281
-2.986846
-4.430333
-2.893586
-2.845282
-1.425217
-1.343034
93.641762
-1.900396
-2.176330
-2.469936
-2.718438
-2.966795
-3.196765
-3.403383
-3.609508
-4.543035
-3.951706
-4.103235
-4.231896
-4.352438
-5.497852
-4.562701
-4.661262
-9.652369
-4.794211
-4.862136
-9.286539
-4.953504
-4.989959
-6.000079
-5.056137
-5.082320
-5.096747
-5.120671
-5.123593
-5.141466
-5.131013
-8.581782
-5.138993
-5.135629
-9.463269
-5.110370
-5.108261
-7.288566
-5.077137
-5.059588
-5.047486
-5.019702
-5.001591
-4.980621
-4.948274
-6.618682
-4.896557
-4.863284
-4.934042
-4.794910
-4.776386
-4.744646
-4.706410
-4.673983
-4.644930
-4.608218
-4.571684
-6.267632
-4.502585
-8.275391
-4.432600
-4.385663
-4.844059
-4.313196
-4.272615
-4.227753
-4.190608
355.854431
-4.119384
-4.071640
-4.031432
-4.474588
-3.957278
-3.918484
-3.871578
-3.822066
-5.263890
-3.749210
-3.706335
-3.663280
-3.603252
-3.575421
-6.852215
-3.490114
-3.435701
-3.543025
-3.352044
-3.312712
-3.260787
-3.204268
-4.837337
-3.125366
-3.088595
-7.045376
-2.996115
-2.951106
-6.355974
-2.853403
-1.426112
-1.672873
-1.590233
-1.893661
-2.167013
-2.456767
-2.712291
-2.974001
-3.205863
-9.615638
-3.617103
-3.790908
-10.037856
-4.105080
-4.237708
-6.752140
-4.475735
-4.566908
-4.664704
-4.739803
-4.796458
-4.863946
-4.913934
-7.778606
-4.998118
-5.036788
-5.114057
-5.088198
-5.111661
-5.129706
-5.131620
-5.145022
-5.139749
-5.143239
-5.139071
-6.419506
-5.117264
-8.761874
-5.112280
-5.088203
-5.375244
-5.065073
-5.044105
-5.028561
-5.006208
-4.980702
-4.947625
-4.936571
-4.899733
-5.101262
-4.840476
-4.802403
-4.774952
-4.747528
-5.846492
-4.676141
-4.648263
-4.606101
-4.571575
-4.539443
-7.310312
-4.459827
-4.430538
-4.391632
-4.352585
-4.314890
-4.282628
-4.238873
-5.960583
355.849731
-4.119957
-8.219532
-4.039615
-3.992951
-7.340066
-3.906941
-3.867016
-4.118182
-3.793637
-3.740754
-3.695939
-3.646887
-4.349395
-3.569534
-3.520012
-7.185520
-3.437408
-3.401367
-7.144862
-3.309550
-3.254982
-4.473064
-3.164910
-3.126848
-3.076730
-3.038466
-2.999339
-2.953011
-2.910389
NaN
