587.646851
538.700378
617.383789
490.888794
476.831879
501.074097
457.781799
450.881622
443.921783
439.049133
588.300720
538.964111
510.459595
530.505920
476.727539
465.901337
457.358002
450.477020
443.394073
444.437469
587.450134
538.497498
515.887939
490.627655
476.587891
465.978455
457.541962
477.245758
443.656860
438.838013
588.059692
538.904663
510.390747
528.158020
476.752319
465.923279
465.453278
450.359253
443.387817
438.556061
587.701050
1127.510498
510.106995
490.576324
476.897339
465.958649
457.541962
438.337830
443.655273
438.822174
638.211304
538.857361
510.400879
490.944092
476.813232
491.692139
457.456238
450.495789
445.789856
438.611115
587.701050
538.659119
510.249786
490.781891
512.950867
466.177002
457.822266
450.979095
443.995056
431.792755
588.551880
539.195923
534.114502
491.187592
477.102814
466.270081
457.758362
450.793030
433.659851
439.017761
588.059692
640.488220
510.477173
513.858521
476.993042
466.465179
477.134705
451.218109
444.134979
439.382904
588.551880
539.298767
510.766174
491.163513
476.930389
493.454559
457.730438
450.776184
447.116119
438.952423
236.988937
538.752808
510.226746
490.864044
476.845551
466.227234
457.797729
450.911224
443.872986
439.023376
588.059692
539.022949
560.992126
490.878815
518.598938
465.795502
457.368652
450.396851
443.369690
438.544861
587.701050
538.451843
510.022125
490.593353
476.558044
465.920105
471.822266
450.648682
458.119873
445.317505
588.059692
544.192200
510.242004
490.885651
476.662018
465.810669
457.325592
450.294769
443.262878
438.483215
587.701050
538.477173
617.838745
534.218079
476.574982
472.299469
467.115234
450.571442
443.632446
438.820251
588.059692
538.880920
510.352081
490.909668
476.778015
465.993408
454.524414
450.366455
443.294373
449.257233
221.006836
538.398010
510.045319
492.276794
476.495483
465.908356
457.519073
450.622864
443.565674
438.768494
587.996948
538.866333
510.349640
527.499634
478.391113
466.025177
457.458679
475.600800
443.394318
438.522430
587.450134
538.539978
510.157898
490.798828
476.701782
466.067383
457.735504
477.371063
443.872986
439.062561
588.300720
2448.114502
510.622833
491.217560
496.628845
466.192139
457.732025
450.778046
443.703857
438.981720
587.996948
1178.164673
510.413025
490.990417
477.661774
466.390869
458.012329
451.117828
455.576630
439.307617
588.300720
558.738831
510.681702
491.098297
476.841766
489.562195
457.579742
450.644867
446.729767
438.809845
587.450134
538.680176
510.295593
490.843018
476.758514
490.272491
457.706696
450.841034
443.774597
427.343811
587.808716
538.943787
534.314270
490.744476
476.495056
465.760651
457.314667
450.371979
443.404968
439.012299
587.450134
538.460815
527.586792
490.695618
476.586578
465.904205
478.103485
450.665527
443.600922
438.821198
587.942200
538.815613
510.328827
490.768463
476.500916
465.717773
467.491211
450.288757
443.262878
446.706726
376.081055
538.460815
510.045502
490.592407
476.529877
465.927948
457.495636
450.571442
443.604828
438.804382
587.808716
538.783752
510.326782
547.772827
518.636169
465.775757
459.038361
450.425751
443.333557
438.477570
587.450134
538.460815
510.078583
490.674561
476.651245
466.071686
457.706696
431.668793
454.979980
439.059265
353.098511
549.159485
510.589661
490.955963
476.756866
465.974457
457.557861
450.646759
443.673950
438.887390
587.745911
538.790283
615.901672
490.969391
493.747894
473.430786
457.984344
465.516663
444.089111
439.225464
588.112366
539.145264
510.515472
490.922119
476.762238
466.099396
450.664429
450.821411
443.888428
456.688202
588.049622
1392.211304
510.412140
491.116760
479.360352
466.453339
458.115784
451.191620
444.254303
439.362701
587.916260
538.812256
510.264893
524.405457
476.711243
472.025238
457.718353
450.817993
457.991577
438.970398
587.557800
538.818787
510.364441
490.983276
476.934967
466.281555
457.918640
476.393646
443.986786
439.141327
587.503296
538.630249
624.905762
490.532867
476.485962
469.378937
457.416290
450.609497
443.544098
438.731384
587.440613
962.752625
510.200836
490.762909
476.730316
466.138306
457.720001
450.790741
443.748596
396.535950
587.798767
538.828613
576.784912
490.554443
476.366699
471.505188
457.264893
450.321289
457.486053
438.607758
586.948975
538.417542
510.034851
502.048279
476.565857
465.916351
417.463257
450.633850
443.673279
407.555054
587.610840
538.828613
624.838867
490.592407
476.361267
469.394318
457.202637
450.277344
443.278351
438.543732
350.546814
538.432068
510.052856
485.391174
476.486389
465.920685
441.870117
450.657532
443.620361
460.340271
587.548096
538.763367
510.370575
490.637543
476.387848
465.671814
457.293640
411.532135
443.355347
438.643677
113.347298
538.484253
510.211151
522.456909
476.715424
466.072144
475.531708
450.836792
443.892365
439.053589
587.297546
538.927307
510.259552
490.770020
505.745758
465.982483
457.570374
450.686707
443.719360
438.898529
167.951782
538.729004
510.474304
495.635254
476.973022
466.414124
458.024780
451.185425
467.364655
439.233276
587.297546
538.741943
510.228912
490.800323
498.957703
466.134796
457.784058
457.660950
443.863129
439.025452
587.297546
538.782898
613.089905
491.101959
477.057953
466.409790
458.023956
451.043335
432.353790
438.995178
586.752319
612.092163
509.970673
490.580078
476.524109
465.967194
484.054718
450.600067
443.618713
439.433960
586.939758
538.560120
590.119446
490.815155
476.775909
490.024109
457.722656
450.725830
443.579529
438.611053
167.898926
538.117126
509.740753
494.874725
476.404846
465.753235
457.327942
450.500702
443.445770
459.606537
586.877075
538.475281
510.178162
490.704865
497.126923
465.986603
457.571198
458.192719
443.282990
438.458435
586.394653
537.974670
509.671936
544.845703
476.312469
465.675507
460.784271
450.357941
428.868561
438.590973
586.689636
626.582153
510.016724
490.632050
476.596497
465.959167
457.539825
450.480225
443.282318
438.419189
317.297089
538.023438
509.664093
490.384949
476.289703
493.088165
457.212585
450.325317
443.350739
438.546112
586.689636
538.372620
510.042358
490.669952
476.596497
465.861908
457.537994
462.868866
443.307556
459.762604
586.332031
537.983582
509.543701
490.346588
476.346832
465.694458
457.297455
450.482330
443.494385
438.651520
586.689636
977.504700
510.215851
548.164429
477.129761
466.102905
457.989838
450.552063
443.492767
438.641357
586.332031
538.228271
509.960449
490.641235
476.579163
465.904907
457.579376
463.843384
462.833862
438.898529
623.413452
538.790283
510.455963
490.978546
476.946442
466.161072
457.604675
450.618469
443.559601
438.724335
586.689636
2397.952637
593.172119
490.706421
487.863922
493.941284
457.730011
450.857941
443.833893
439.080505
587.047302
538.827698
510.489349
490.926666
476.662354
463.407776
457.452484
450.518311
459.499298
432.848419
586.689636
538.401062
536.639404
490.641235
476.637939
465.994751
457.642456
450.740204
443.737183
438.983856
587.180725
538.671143
586.555908
490.662231
476.437103
465.733795
482.899628
450.315460
443.293915
440.402802
586.502258
538.219299
509.824646
490.486237
476.467743
465.838348
487.235779
450.518311
443.561920
439.062225
120.657532
538.520142
510.169861
541.532227
476.378296
465.582886
457.119965
450.141602
443.127289
438.275452
159.522263
538.046387
509.791626
502.037476
476.324097
465.722076
457.252167
451.377380
443.394501
438.577301
682.889404
538.354614
510.075409
490.597046
502.799255
465.531433
457.063019
455.370880
443.098083
438.190125
586.082153
538.022949
509.594849
490.273804
517.915222
465.621246
457.254791
450.559784
430.933594
438.579681
586.573120
619.581848
510.016357
490.597046
476.433807
465.652405
457.128693
450.129333
443.031311
438.170959
586.082153
699.103333
509.638428
490.259857
476.185852
493.160400
457.186493
450.272766
443.125000
438.217072
586.082153
537.855652
509.612823
490.273804
476.123322
461.421600
457.163818
450.291565
465.581055
459.280731
586.439697
538.323730
510.136688
490.659027
476.638397
465.990265
457.645874
450.760498
443.732513
438.936768
587.288025
538.781250
612.109741
547.669861
476.867371
479.495422
457.874359
450.492523
443.296234
438.110352
585.233765
536.693176
507.882874
487.879272
473.076447
461.982727
453.350616
458.696320
438.838684
448.099731
614.512451
529.410583
504.178986
480.810303
466.914001
457.354736
449.985168
444.172455
438.271088
434.196747
581.492493
2354.663818
505.445770
502.642426
481.398376
459.963440
478.768707
444.568604
437.810608
433.472687
578.171265
530.651550
502.207184
482.987366
469.152313
459.499146
451.417969
444.852295
452.835327
434.408783
161.613403
533.987061
506.260223
493.327087
473.331818
462.566559
453.612305
446.018738
438.466675
433.468445
577.476135
530.217041
569.121582
482.355072
468.109894
457.542938
449.478912
469.161011
436.786652
432.697479
578.037476
530.975891
503.905609
485.294891
472.177795
462.404816
484.520111
448.035614
440.845001
435.440521
579.887512
2730.920898
502.594543
483.258362
434.045685
459.119263
450.907532
421.428162
437.291748
432.536652
165.179214
529.448181
502.403351
491.595001
470.433350
460.450134
452.426544
446.112579
425.609619
435.074158
581.164063
2595.023438
506.169983
487.172272
470.479462
461.955597
452.939178
471.264893
437.402802
432.447266
578.962769
529.077026
501.533295
482.917175
469.332581
427.758362
450.959290
444.329651
408.020294
433.065186
577.118469
2781.305420
502.684052
483.851532
496.160583
459.833862
452.316803
446.307373
440.262909
437.594055
581.164063
533.298828
494.401398
484.585236
470.377960
447.341827
451.794525
445.149780
445.500427
433.798492
577.189880
559.299744
502.004181
483.125946
469.541412
459.332947
441.440948
445.552521
439.468445
393.031097
579.825623
533.068848
576.629578
486.878113
473.709442
498.288086
455.537994
448.634766
445.637604
436.029724
579.243469
531.142761
502.761566
532.687317
469.475311
459.102478
450.544189
443.369049
436.909180
419.096344
576.208923
529.592773
529.667542
483.917175
470.562805
460.510742
452.826721
471.874847
440.433014
436.395294
583.417297
534.865784
506.910065
509.341125
473.627472
462.430817
474.175751
446.912628
439.996368
435.374817
578.016235
1472.065430
503.894867
484.773132
473.189667
460.427368
452.114655
424.450928
438.592987
434.463531
355.571869
531.277893
503.943115
485.007965
471.471771
476.160645
454.196472
448.092377
447.597504
437.854370
581.817017
533.890503
505.578430
486.367493
514.080811
462.069183
454.089142
447.509674
440.616364
418.709229
578.996887
531.742249
538.562134
484.703522
471.008301
460.513184
452.605774
446.305908
453.177277
436.000824
580.355652
540.440735
506.643188
488.450287
475.237366
465.114044
480.516113
449.128510
441.753448
436.327332
578.487366
531.148193
579.645630
484.528503
470.923157
492.232513
452.755188
446.062134
439.206146
434.638611
302.402405
530.013855
502.501892
483.798401
470.437836
460.284698
452.847076
447.275024
441.525024
425.583252
582.346436
535.504578
544.318909
487.969116
501.578369
461.598267
452.754517
445.852417
438.717529
434.415039
576.995239
529.825989
501.842133
482.850586
469.205170
459.250427
480.778900
445.228027
447.049255
434.809296
578.506531
545.826660
505.819305
487.833099
474.605896
464.556366
456.323303
449.282349
441.934692
436.788147
131.750809
531.946533
603.713196
515.763062
471.719604
470.928986
451.876007
445.009766
438.471497
434.329437
576.944153
530.524719
502.843597
484.327881
471.757477
462.363708
447.006805
438.761108
442.631592
453.110626
577.466980
534.076660
505.534698
485.917969
471.657318
461.084991
452.931763
446.221558
439.077942
434.365265
576.453796
529.392944
501.663849
527.333679
496.956329
459.054138
451.480927
452.931885
438.902191
435.209015
579.578735
533.653320
506.561188
488.185822
474.740601
464.446320
456.133453
475.019836
441.668945
436.271332
578.373535
1092.664307
501.987396
483.064911
470.188965
458.739227
450.622559
443.971497
437.379791
433.199402
576.586792
1356.961792
502.557709
484.633240
473.431122
456.208496
455.406647
449.479919
465.582672
438.558990
581.988892
534.026123
505.263428
485.347290
470.961578
476.036255
452.048431
445.579681
444.350769
434.157928
576.229492
528.970276
598.358887
482.552948
469.087433
475.477478
451.179932
444.732483
438.511780
418.787415
580.068970
533.732178
539.994934
487.808197
474.274780
463.811188
455.179657
447.876007
440.262787
455.886841
576.811157
529.387756
501.727844
482.407806
468.497559
457.883209
474.345673
442.824463
436.112152
431.681305
574.217957
527.663696
500.535919
509.688782
468.847382
459.031982
471.853577
446.883026
441.175385
437.243835
305.444794
533.765259
505.185730
485.460052
471.015656
459.682159
450.977966
444.273804
437.707367
432.896698
126.333878
527.952087
500.049072
515.571289
506.964783
457.352661
449.655182
444.060516
437.259552
433.445557
577.658875
531.405273
504.393250
486.047546
472.671692
462.406982
454.111938
456.318237
448.152527
434.248352
661.819519
539.771240
500.388275
481.609070
468.022705
457.779816
449.479370
442.409821
435.702728
431.200195
573.492065
527.380249
601.815430
482.249725
510.730682
467.446167
452.056702
446.804108
440.390656
436.462555
579.884033
532.240417
504.266479
485.362091
471.368256
460.847321
447.937592
446.228455
422.474396
447.049805
576.259460
695.424988
501.700897
482.823303
469.365875
459.287537
451.660919
445.514801
439.274445
435.162354
119.263359
532.480225
505.622345
537.247925
473.866882
482.100891
455.119568
447.872894
447.462158
435.333069
576.678467
529.068970
500.925964
481.747589
468.031921
457.439697
449.136230
468.442902
436.108765
431.753204
574.217957
527.775208
561.438232
483.012848
470.421539
461.271576
454.228302
448.395111
442.137329
437.831055
580.364380
1028.107544
503.898529
484.492767
470.418457
459.742493
463.681366
444.745728
437.852631
440.573090
575.136902
528.018494
500.235870
481.491882
468.251648
487.986694
451.786530
446.488068
442.126709
437.753632
582.059509
534.680725
506.213989
468.607147
471.890900
460.525726
427.510162
444.681732
437.620483
409.008972
574.932495
528.114075
570.370789
481.496948
467.490479
457.023346
448.859802
442.253448
435.755035
431.548645
186.345444
528.252014
501.678162
495.014832
471.154755
461.256470
460.493866
446.189056
439.192108
443.073792
575.289856
528.038879
500.398102
481.467926
469.840393
457.140076
448.499115
402.116425
434.809174
430.371979
114.586693
526.505371
499.661774
537.434937
469.033569
460.028473
454.566528
447.167847
440.754761
436.040039
578.127441
839.222046
501.874146
482.417816
456.455780
458.612274
450.403381
426.122467
435.632874
430.538666
400.878662
524.875000
497.854584
479.832947
466.909607
457.325928
450.391418
445.073425
396.796875
435.751404
579.332092
531.887329
503.795532
484.365997
481.622437
459.201569
450.252777
457.274719
436.425415
432.039795
573.176636
526.570984
606.992859
479.878967
466.133575
456.204712
447.945343
441.654694
414.959015
431.250458
573.503357
677.190430
500.622070
482.497955
469.634766
460.186066
473.882080
446.547089
439.260773
435.602051
574.871155
527.748291
572.126953
480.899658
467.319672
487.807007
448.359924
441.233307
434.533905
429.878204
149.984604
525.223938
497.960114
488.542236
466.267944
456.253357
448.621979
442.569275
436.659180
453.250153
575.718384
529.541260
501.945068
482.669952
484.217041
458.045898
449.964142
454.227753
436.434998
431.283844
572.461975
525.406799
497.654114
533.792786
465.019806
455.161194
448.239166
441.457764
416.620605
430.760376
573.666626
643.459778
501.613861
483.778595
470.434937
459.617493
450.343079
442.413666
436.008789
431.556335
666.477539
526.485168
498.594971
479.204651
465.337738
484.772552
447.264709
441.345276
435.698120
431.902435
574.350830
528.216187
501.562347
483.487122
510.463470
461.530731
453.841766
448.513397
439.417419
455.158905
574.616699
527.243896
499.589661
480.541962
466.382965
455.701874
446.824493
439.899689
411.518890
427.894073
570.542969
692.737915
497.259186
534.715637
465.578888
455.639679
448.369232
442.458374
436.421783
432.485260
576.157715
528.707214
500.260071
480.629486
466.514801
488.540771
448.253052
458.728455
435.815155
429.945953
591.521301
524.281433
496.632080
477.800201
464.350189
454.291107
446.445648
440.254517
434.069000
430.246429
573.973572
1897.478271
572.833923
482.526001
474.280090
458.130219
449.626801
442.206665
434.676666
429.873199
571.075378
524.940369
496.976135
477.694000
463.842163
461.646210
435.078186
439.289825
441.428131
448.082855
571.451294
525.307556
498.408173
480.657684
467.905273
458.334229
450.493896
443.833984
436.876587
412.072327
573.616455
526.225830
539.332336
520.791016
465.167511
454.437958
455.408966
439.127686
432.648193
428.246735
570.676025
524.078857
497.015533
478.523560
465.305847
455.600708
472.116302
442.781128
437.215546
433.507263
228.453308
528.635071
500.572357
482.352173
466.976715
456.311523
447.861176
440.617126
433.040253
427.800049
319.468475
521.566895
494.319366
476.003113
466.945862
453.053711
445.341309
462.114960
433.813843
430.570282
575.177734
528.842834
501.627991
482.369537
506.215973
457.073608
448.445190
443.907623
435.095703
430.405396
571.075378
1875.984375
496.902527
478.349854
471.548645
455.988068
448.617371
442.747101
448.828979
433.646484
577.718933
538.474670
502.502228
482.852570
468.379547
457.421692
448.553650
441.585632
457.009613
429.764923
570.718262
524.100098
599.574768
478.074005
464.425568
461.605560
446.871033
440.802032
434.518280
430.692535
573.973572
528.194702
601.701843
483.019928
469.119019
472.517090
446.263367
441.941437
434.883057
442.102386
572.279541
526.036011
498.502258
479.393555
465.386230
454.746826
446.353821
440.314667
434.161621
421.272278
573.259399
527.698364
532.437378
518.427490
469.961334
459.365601
450.466370
443.432800
436.782104
432.471649
573.962463
527.148315
499.143860
479.749786
465.967865
455.401917
470.810211
466.005280
434.318268
432.412842
572.362915
526.734680
500.169281
482.143188
469.238373
459.621704
451.908539
445.147705
437.970459
432.604370
118.176239
994.718994
498.863434
528.029785
466.209625
455.419678
446.887695
440.398010
433.623077
429.457855
571.698181
525.434448
498.652496
481.027771
468.635559
488.617157
452.101105
442.089905
440.287354
434.559326
660.299622
528.549316
500.282532
480.924896
467.295502
456.991669
449.190735
442.930664
436.082672
412.894836
572.769409
526.243896
508.923889
480.070129
507.020813
456.607239
449.589813
444.002319
437.918274
433.512421
575.667664
527.413635
499.015625
512.349365
465.993652
455.393097
457.230316
439.661804
426.720978
428.141022
569.943115
626.948792
496.757111
478.476776
464.853241
454.989899
448.038483
429.604431
436.956635
432.635040
591.706787
529.446045
500.835876
480.933716
466.701843
480.687744
447.577606
441.060364
434.884094
429.147491
571.994202
2988.090576
497.467133
478.541565
504.480896
454.945435
446.966003
440.620972
434.302460
430.465149
575.443665
529.256287
481.670959
483.358856
469.359222
443.837067
450.241425
443.708221
422.116974
432.323456
573.912354
651.131287
499.834381
481.053711
467.489868
457.385834
449.419220
442.906281
436.295776
385.161469
575.606262
529.367859
571.511353
483.909729
469.989227
481.653046
451.125244
444.252289
442.764862
433.196411
575.249146
528.401855
500.186462
479.354340
466.399963
455.627350
419.308472
440.725983
434.423492
401.110657
572.841187
526.246704
603.074097
480.263062
467.077209
457.797638
450.928009
445.364136
439.312134
435.078461
288.949860
529.239258
500.991089
486.476776
467.570526
457.390594
439.612518
442.612762
435.509583
445.629913
573.198181
525.734741
499.071075
479.787659
471.273590
456.770386
449.257935
461.327423
436.741119
432.442719
576.157715
530.006897
503.088959
535.481934
471.271057
460.849670
455.239960
445.858429
438.986359
433.865082
575.473450
760.826111
501.146088
482.463837
468.415100
457.820709
449.704437
447.989105
436.541107
432.263062
676.209534
528.092163
501.148895
482.766846
469.374542
493.732788
451.912872
446.200684
440.143677
435.914856
578.371338
2827.573486
502.573944
483.378998
489.482819
458.902893
451.074127
444.472961
437.364075
446.443115
574.045166
527.417358
500.964691
480.624664
467.358307
449.185089
450.406219
444.413269
458.804565
433.832550
577.300232
530.513123
503.476440
532.252686
471.429504
461.038391
456.526306
446.454041
439.813660
435.403961
577.300232
530.023315
594.814636
483.128662
468.122894
457.348328
448.669159
439.575317
435.208832
431.363586
664.841797
527.199585
500.317749
482.737762
470.431732
461.084076
456.703644
447.086792
440.006226
443.943451
576.881531
2894.703857
500.955872
481.352417
490.112488
456.144806
447.443085
440.687622
434.255493
430.507446
573.331238
527.151917
500.118927
536.248718
469.476349
449.287872
454.926117
446.812408
463.825989
435.530823
577.790283
530.559509
501.509308
482.238403
468.243500
457.263611
448.571655
441.639191
434.596619
430.077057
640.419312
526.674805
595.892334
481.383362
468.235809
458.683594
451.648407
445.769104
439.584045
435.293671
578.147217
530.387634
502.266205
483.033417
505.051849
459.185669
477.116974
445.841064
437.293152
432.683105
573.983826
526.931213
499.380798
480.544647
467.324402
457.453064
449.596863
443.330414
437.337830
434.015259
162.710022
1631.754150
504.823792
491.082855
477.533051
460.967560
452.349457
445.181519
438.000763
433.106598
574.697815
527.456848
499.832886
480.835876
484.368988
456.967560
448.704132
451.707520
458.166321
431.809875
575.382263
530.805115
502.451324
484.563019
471.625854
462.024689
454.383850
447.752411
440.465973
435.293945
577.300232
658.043152
582.926941
482.194824
468.379639
479.937317
449.442810
442.199982
435.537933
430.948303
574.250244
527.438416
500.051849
481.573578
468.406616
490.256073
450.803253
444.882202
438.818817
430.383301
577.411560
530.152039
522.007690
482.946472
468.657990
457.988617
450.026306
443.576813
436.995392
452.340240
575.677673
528.633667
501.293335
482.446014
468.961304
458.755768
477.699371
444.235809
437.765259
434.346405
576.881531
530.135437
503.046539
539.986633
471.752136
462.349426
455.972229
448.912964
442.601685
438.359009
139.208115
535.956787
508.470612
508.329224
475.914307
465.849152
457.916870
458.746277
444.667114
440.232208
645.845154
537.346497
509.676086
490.781952
477.072174
466.733704
458.638702
473.339752
445.291992
440.897339
612.607056
2680.606934
509.933716
490.899353
493.498688
466.764343
458.630280
452.050201
445.355682
440.923798
585.379089
538.164673
510.369843
491.442535
514.768616
467.460480
459.314880
456.053101
465.075958
441.114502
585.379089
537.903625
510.064087
491.136108
477.501129
467.187561
459.041718
452.362396
423.523895
441.087677
585.735962
886.877502
597.797974
491.359253
477.631866
467.060760
458.669067
451.935730
445.096069
440.555267
584.889160
537.669006
509.897675
490.908691
477.119568
468.359192
487.460968
452.053192
462.612549
441.198273
585.379089
538.063599
510.168732
491.063995
477.164429
466.714386
458.489471
451.743195
444.964111
440.471100
177.644608
537.708862
621.229919
493.952789
477.171753
474.209473
458.714172
452.090851
445.380341
440.764374
585.379089
538.129761
510.174469
491.014343
498.519135
466.799988
458.595612
463.451721
445.277222
459.925232
585.379089
538.073914
511.800995
491.317413
477.615540
467.297821
459.179230
452.567322
430.650574
441.295929
586.225952
632.080627
510.314392
533.748962
477.378876
466.968719
469.169525
452.163818
445.424530
440.933838
585.441711
538.167786
510.266510
491.275269
477.584412
496.017944
459.114014
452.400574
445.720154
441.117065
218.790619
538.082886
510.105042
493.171112
477.236755
466.920837
458.834106
452.264557
445.504272
462.354340
586.225952
538.657227
510.756989
491.775085
478.071777
467.729218
459.554230
408.891113
445.908722
441.221832
115.922325
538.314331
510.376709
528.051331
477.524719
467.409790
473.128815
452.735229
446.045013
441.531921
586.582825
573.368530
511.081512
492.298340
452.161591
468.403717
460.196320
430.196747
446.598297
441.977448
193.289764
539.053772
511.149963
495.773254
478.433899
468.031006
459.922211
453.208557
426.078247
442.065063
587.126709
2743.812012
511.586945
492.423157
476.536774
468.140594
459.797546
479.857056
446.259613
441.713715
587.944031
539.013794
511.146332
492.085510
478.413147
433.835876
459.985321
453.340118
417.505951
442.087677
587.072754
2774.278564
511.113403
492.038422
503.088226
467.758972
459.686249
453.032684
446.354645
442.478241
586.582825
539.022766
504.055573
492.216705
478.489838
468.120880
460.012299
453.278778
442.990845
441.697174
586.225952
578.691284
510.898926
491.900177
478.205566
467.910339
489.986481
452.955505
446.161041
441.530731
586.582825
538.833740
598.101379
491.913635
478.022522
485.732819
459.187286
452.423706
445.676270
441.051697
209.084579
538.350952
510.529999
492.532623
477.701172
467.385773
444.923492
452.569702
445.845642
461.199158
586.225952
538.635681
510.677551
491.453430
506.749603
467.109650
458.881500
455.482849
445.508209
440.974060
585.869080
538.264832
510.493561
546.890381
477.697388
467.276123
459.211670
452.509521
437.235382
441.273346
586.582825
596.237671
510.391083
491.268158
477.414063
467.043701
458.880463
473.466553
445.507080
440.977325
597.448975
538.359863
591.866516
491.431946
477.760834
491.875336
459.187775
452.555939
445.774841
441.254120
586.225952
2133.097168
510.399292
491.202301
491.657074
467.058990
458.948822
452.314728
445.504791
462.363831
586.225952
538.431824
510.508362
491.490723
477.777832
467.396759
459.213226
452.513000
463.510315
441.052643
586.225952
548.036682
510.222382
548.346252
477.448334
467.120239
459.159271
452.270447
445.509399
441.052643
586.225952
538.518616
586.504639
491.593903
477.840393
499.782440
459.273682
469.167511
445.609009
440.996582
610.004395
538.161926
510.273376
491.247101
477.527863
467.221252
458.971558
452.331696
445.603271
449.076294
586.225952
2090.443848
519.532471
491.586761
487.081299
467.442688
459.272125
452.442780
445.633362
441.045044
585.806274
538.343811
510.434814
491.432373
477.756165
468.477875
489.549774
452.654846
459.657806
441.696228
586.653137
538.999634
511.007416
492.037292
478.276276
467.857483
459.521240
452.752380
446.006622
441.409424
586.163086
538.761719
571.287109
547.196106
478.109589
467.756531
459.785736
452.965668
446.216583
441.697174
587.009888
539.165649
511.094513
492.013947
478.071564
467.508636
488.965210
442.938965
445.777069
441.178741
573.330322
538.516724
510.644135
491.572845
477.818756
467.451660
459.343079
452.654846
445.917511
441.354309
248.462067
538.826660
510.743530
491.502106
509.900513
467.214569
458.969971
457.817047
445.508209
441.051697
586.225952
538.462769
510.585114
491.490723
515.553955
467.401062
459.211670
453.835236
445.777191
441.257385
586.653137
996.432007
510.471954
491.305481
477.838348
467.131287
458.885712
452.335083
443.453857
441.096802
586.296387
600.885620
510.666779
491.676056
477.902039
467.633575
459.494781
452.786377
460.889282
441.537537
586.653137
538.745605
605.624268
491.587494
477.885040
480.545319
459.471985
452.817108
446.019470
441.570038
586.653137
539.062683
616.762329
492.178925
478.456512
468.643433
450.428192
453.131348
446.216583
457.832764
586.582825
538.736694
510.903503
491.935211
478.175049
467.776367
459.623138
452.946533
446.218933
460.135132
586.823059
539.053589
511.080933
539.510010
478.130402
467.567932
459.276886
452.504272
445.777069
441.259705
586.163086
538.525757
510.662659
512.264526
477.822479
467.490997
484.769775
479.253143
445.977692
441.462158
587.087891
538.732727
510.618958
491.432373
477.558136
467.142578
458.975250
452.342041
445.604401
441.104401
147.848160
1317.626465
510.590149
507.571442
479.233124
467.410004
459.275818
452.651398
445.849091
441.270630
586.653137
538.509644
510.475525
491.291962
477.530701
485.401886
458.948822
473.560516
449.816467
441.085144
611.835693
538.525757
510.651428
491.610596
477.812103
467.427643
459.274780
452.651398
445.944153
425.686279
586.653137
3038.346680
542.399292
491.439484
516.842773
467.394623
459.279999
452.651398
445.918640
441.364258
586.653137
538.880615
511.069702
504.254120
478.248871
467.943085
482.670563
453.136932
441.953979
441.700500
586.653137
579.715637
510.860291
491.824402
478.085052
467.785065
459.557373
452.840942
446.158722
441.655304
326.450348
539.062683
511.110352
492.126984
478.314362
502.843719
459.733337
452.898804
446.176331
441.312469
586.466370
538.428711
510.622040
491.594330
519.179810
467.467010
459.251984
452.994293
445.872162
441.383514
586.653137
538.826660
570.618164
491.830872
478.040405
467.666595
459.298584
452.507507
446.688843
440.998932
585.976563
594.530273
510.452393
491.491180
477.697388
467.331177
455.806274
452.472260
445.776001
395.996002
586.653137
538.754578
581.117432
491.769867
477.954193
500.013855
459.302795
452.480133
447.080536
440.943817
585.619812
538.343811
510.493469
477.097717
477.752380
467.368408
432.356873
452.584625
445.944092
413.506073
586.653137
538.785583
595.103943
491.361511
476.940826
465.701050
456.730835
449.328369
441.842072
436.677917
234.531738
532.075989
504.413605
494.832977
471.729706
460.576569
450.311371
445.573364
438.765533
447.411346
576.931274
529.362488
501.673218
483.518280
478.185272
461.221802
453.493439
404.110931
441.383667
437.259918
116.130577
532.857239
503.628571
534.439026
471.530701
461.446869
459.276154
445.608459
438.371002
433.350800
576.350891
1482.795166
503.116730
484.663605
474.110626
461.127167
453.420868
426.326294
440.766449
436.298889
366.097717
531.372742
502.481781
483.030487
469.671967
474.279358
451.381165
444.367554
443.478210
432.817444
576.707520
529.936523
502.937927
484.458893
512.508606
461.133759
453.564514
447.512695
440.790802
416.329437
578.929688
530.757568
538.750549
484.744934
471.576355
461.059448
452.672852
445.615082
451.126343
434.260651
577.554077
537.377380
503.189117
484.358521
470.728424
460.500153
477.526917
446.878204
440.631989
436.238098
579.481323
531.083191
606.631531
483.434448
469.471741
465.635956
450.034851
443.089325
435.941376
431.198517
312.870636
528.096130
500.974091
482.454163
469.176666
459.147308
448.942627
445.533264
439.558044
446.713562
578.929688
531.057373
502.114990
482.102417
508.543274
457.183228
448.220032
441.813477
435.212097
430.817047
574.434570
527.773499
500.622040
537.422668
468.774750
458.746429
453.401642
445.480347
448.787201
435.572052
579.286255
542.905334
502.639862
482.891907
468.805786
458.423767
450.108093
424.891357
436.413330
431.641174
369.542480
527.408569
589.597961
481.074066
467.858917
479.112244
450.570801
444.678772
438.920807
435.284851
580.379272
533.170898
505.427673
485.933136
507.088470
460.137909
447.797882
446.982330
437.451599
444.187836
576.034302
528.747131
500.693634
481.377869
467.609100
457.502777
449.976654
444.030090
437.719757
433.743500
578.145264
817.763550
504.751221
522.282288
472.473663
461.727417
452.605072
445.371246
438.234955
433.362701
576.707520
529.260254
501.176666
481.686157
467.681671
463.439362
449.459595
468.727936
459.774536
432.328094
576.167419
529.532410
502.682190
484.942108
472.208038
462.464142
454.389008
447.390594
439.977264
434.918488
577.726807
1080.019531
593.838989
482.727081
468.975250
478.774323
450.360321
443.882843
437.358459
432.801758
576.167419
529.196045
502.050262
484.231323
472.299042
488.005951
455.615723
449.251373
444.585724
440.423615
580.744873
531.689392
515.524475
483.748322
470.005554
459.657928
451.335846
444.176819
437.252106
425.176208
575.810974
528.818176
521.183777
482.376312
469.101349
459.249603
480.541901
445.408630
439.570313
436.522827
580.622192
533.097351
504.844879
509.655029
470.542236
459.463898
468.619934
444.298553
437.419067
432.892059
123.103569
529.213684
501.233215
522.437744
468.321564
457.675690
449.212463
442.916229
436.813599
432.831970
424.519104
530.030334
503.193451
484.974823
471.428772
460.783417
452.298279
468.350525
437.855103
432.731903
592.549866
527.660034
499.615295
480.513947
507.331421
455.674255
447.433136
440.768097
434.118042
429.893860
573.272095
526.879150
499.786957
481.728607
505.477875
459.233124
452.058167
446.206635
456.701508
435.628601
578.929688
534.024841
501.563812
481.887756
467.710114
456.981659
448.751312
441.478546
411.472107
429.784607
572.733276
810.878845
607.188416
480.543427
467.416626
462.172729
450.169739
444.464081
438.577545
434.571899
578.083435
530.254944
502.228760
483.118591
469.266541
464.946320
451.558899
443.787231
450.784332
440.870483
575.259583
527.695068
499.773468
480.715637
467.310822
457.370453
449.718018
443.385834
436.876343
433.064148
577.726807
530.816284
616.296082
515.711853
469.722473
463.324402
449.815125
442.984314
436.322327
431.672607
574.831482
527.452148
499.482208
480.167694
466.076141
455.870514
448.473816
467.412720
436.444305
452.912048
575.810974
528.894287
502.161285
483.646912
470.589478
460.544983
451.974579
444.838226
437.298553
431.903809
574.341919
1072.115967
499.005737
506.293518
467.407227
455.927216
468.768402
441.290161
435.363708
431.512329
574.843201
528.320801
501.146973
483.051270
470.189575
489.176666
451.911652
444.441620
438.043579
431.984833
247.995148
527.700928
500.053955
482.302948
467.795288
457.280334
448.982880
441.933197
435.056030
429.166504
574.964722
528.171692
512.292908
482.613861
469.705811
460.022339
452.836029
469.021759
440.300415
435.454681
578.573120
529.623535
500.966461
511.763855
467.787323
457.903992
462.116211
442.934998
435.965088
431.172028
574.056946
587.392822
500.322449
482.074005
442.712708
459.526611
452.278992
423.580719
439.791870
435.161316
219.134506
529.483093
500.630737
482.623840
467.211456
456.982025
449.151337
442.634430
407.351898
430.137512
572.600159
2799.427979
499.293945
481.435730
471.671997
459.634094
452.357391
470.557037
440.201660
435.495514
578.389038
530.248718
501.653503
482.087341
468.002075
419.478943
449.445282
442.740387
408.699280
431.171631
573.446167
2233.182617
497.892517
478.748749
479.505676
455.959381
448.496307
442.421356
436.514465
428.259705
578.032593
531.183167
515.981262
485.264282
470.881256
447.540924
451.145050
443.790924
453.747223
431.908142
574.292114
535.794922
499.064087
479.534485
465.660797
455.617950
425.792267
441.681702
435.390381
435.049652
575.199585
528.781555
502.066010
484.247040
471.254028
495.505402
453.522858
446.096313
438.576233
433.102661
136.462936
527.723938
499.835052
495.883118
466.535065
455.464661
447.216644
440.500000
434.042755
445.422089
573.579285
527.290222
501.312714
481.898590
475.147980
460.207428
453.096344
464.565796
440.347382
435.619751
578.511169
529.832397
501.203674
531.703552
467.831787
457.162170
451.066223
440.793030
433.656464
428.966370
571.887207
730.608276
497.329895
479.104462
466.094482
456.594482
449.124023
444.851135
437.558075
434.178864
668.080261
531.354675
502.948273
483.172943
468.484711
491.180084
448.789520
441.994354
435.134949
430.163269
573.579285
2757.994385
498.937073
480.398804
485.880432
457.545868
450.189240
444.485565
438.452332
450.688812
579.173096
532.495728
505.573578
485.760590
471.715240
452.031250
451.720642
444.617218
461.284637
433.282745
576.329224
528.324829
500.055786
530.801697
466.278870
456.280853
451.113953
442.632629
436.445618
432.338867
575.984131
529.362610
597.660461
484.486694
471.344299
478.339325
452.529449
448.095551
437.570801
432.656433
655.085083
528.507202
500.848694
481.356049
467.222443
456.535614
448.683502
442.840790
436.874695
442.398804
576.278931
2715.893799
505.745972
483.859833
487.875885
461.394562
453.404022
446.602264
439.262299
434.344452
577.664978
529.485352
501.558563
513.743164
469.015472
458.861206
468.503082
443.821930
454.596100
431.219818
573.517944
526.560303
499.108917
480.717682
467.540924
457.642059
450.113708
444.258698
438.619843
435.170013
180.938919
533.122192
586.025330
492.010864
472.253052
461.036560
451.983856
444.682739
437.588928
432.609680
575.433044
527.991516
500.175659
480.574829
466.177856
455.480164
476.813629
457.018585
435.089111
431.036346
620.082520
528.737366
502.266174
484.386475
471.315338
461.483307
453.481384
446.786896
439.356964
433.943390
195.595139
2996.905518
499.461517
480.861725
505.704315
454.861755
446.396790
439.870026
433.330963
429.247345
573.343994
526.473328
499.169037
480.777557
496.815582
458.689117
451.461243
449.668762
426.743683
435.079437
578.511169
647.268250
501.836151
482.476074
468.434723
457.527191
449.295868
441.822937
426.853821
429.537292
572.315674
575.219177
497.362823
479.013184
466.052185
480.123596
448.841278
442.809204
441.428406
432.850677
577.614441
530.750305
585.053223
484.482605
470.806702
487.478271
451.179626
443.628296
436.587189
431.610352
573.874390
526.196716
591.019348
479.453583
465.862823
455.657776
447.936401
442.041290
436.003357
452.044830
576.055908
529.716797
502.672394
484.359955
470.681915
460.132904
464.270538
444.371887
436.954376
438.132568
574.169189
527.247559
498.490051
533.900269
464.951141
454.215485
446.291931
440.502808
434.712219
430.820099
574.720276
527.954956
501.056458
539.550476
470.095947
459.984100
452.665222
465.349762
437.688477
432.063385
584.405334
525.838379
497.756287
478.943268
464.397064
453.969147
445.946045
439.729340
433.875336
430.240356
225.253632
1803.666260
499.987183
483.414215
474.524597
460.087677
452.424561
446.015381
439.128418
433.770050
576.412170
528.154541
499.799103
480.754639
470.067780
463.751373
447.243469
464.084747
442.598724
429.470856
573.100220
526.774048
499.927185
481.617523
468.602142
459.064117
451.974457
445.870697
439.435272
413.354431
578.816772
2255.477783
546.400452
480.375397
476.869019
455.881836
447.125519
439.653229
432.428925
427.828491
571.469666
524.873840
497.889587
479.427399
466.303253
456.569855
476.544128
443.223022
453.050537
433.158020
578.237671
541.988342
502.093353
482.122253
466.524384
455.320160
446.647949
439.585602
432.307495
427.377472
168.079468
523.417603
495.980621
477.687134
464.901917
482.454620
448.211700
442.884888
437.257507
433.582031
578.593872
531.026428
502.780487
482.953308
505.799927
457.304138
449.117157
443.538513
435.729797
439.248230
572.610718
525.043945
505.094055
478.296234
465.362152
455.729889
448.153717
442.507477
440.575165
433.030334
578.593872
550.452271
503.714752
484.944702
470.986542
460.413879
480.849243
443.582397
436.880035
432.363007
575.015076
528.372192
592.841003
481.529724
467.003174
477.037079
447.671844
440.505035
434.309357
430.237701
573.589905
527.486694
500.619415
454.881775
469.509979
459.717346
433.759247
445.439362
438.082947
435.766815
575.504578
527.388489
511.780029
480.220825
466.535431
455.915985
447.071747
428.965118
433.676361
429.219940
94.720924
525.290100
498.454071
492.475220
467.093933
457.484528
479.391998
444.576141
438.764618
435.410156
580.936157
532.820923
504.217590
484.034760
442.626617
457.875763
449.316589
415.742889
435.777008
430.848938
130.290237
525.014954
497.274689
516.972717
464.925415
455.132568
447.531036
441.494568
435.574951
431.808105
577.074524
1789.157471
503.899078
485.448425
467.718475
461.572693
452.707947
458.683136
437.963593
433.067841
667.247192
528.136230
500.180389
480.665619
466.163788
474.312988
446.757843
439.972412
437.843658
429.914001
573.691833
527.041138
499.853729
481.785126
510.097656
459.950592
452.884979
446.916687
440.405151
422.507111
578.042175
528.911499
525.723450
481.122314
467.542938
457.256714
448.645721
441.196075
451.628296
429.111450
571.898132
527.872864
498.538116
501.896057
467.880615
458.861877
471.726471
445.975494
439.894379
435.993225
580.802734
532.472351
614.988892
483.706421
469.371552
461.710571
449.989899
443.433380
436.693054
431.290802
404.670471
525.309448
497.523560
478.703186
465.864807
456.396027
453.172302
442.406189
436.232635
437.675903
577.074524
530.121216
502.801422
484.369385
511.385345
460.823608
452.625519
444.989960
436.930969
431.711365
131.207962
526.470947
499.183990
500.071411
466.021332
455.636688
447.749939
441.842865
455.250763
431.441559
575.343323
529.456543
501.557770
483.869446
471.023010
461.058716
452.977783
468.887665
437.929596
431.833801
590.443970
526.389465
610.368347
480.178986
465.492767
456.701385
446.823334
440.563629
434.323303
430.104218
573.651306
2917.992432
499.890808
481.955933
501.269592
459.821198
454.493103
445.932526
439.022369
446.012360
576.768494
528.452148
500.297729
480.627655
466.552704
456.244904
447.516113
440.657532
446.010468
429.666962
130.120529
531.687256
499.556061
501.420380
468.646881
459.199036
452.046753
446.390900
440.492889
436.555817
580.261902
531.770874
503.008820
483.318390
469.089874
489.027863
449.934723
464.680511
436.573914
431.642548
573.274170
526.339905
498.690735
480.276978
467.097778
457.403900
449.941681
444.218994
438.449829
431.277100
579.905823
856.073242
590.968750
485.299011
470.857849
459.432404
450.288757
443.034332
435.827850
431.004791
572.917969
525.891418
497.697876
478.750183
464.954437
487.557312
445.981049
441.130341
435.491821
441.720886
577.012817
530.093628
502.778198
484.184326
470.363831
459.839539
450.917175
443.137146
435.573669
436.525146
572.428650
524.978088
501.906555
528.803528
464.529816
454.575470
451.840271
441.081177
435.131378
431.522644
576.228821
529.689209
502.812561
522.455994
471.090515
460.968903
460.650299
445.046478
437.075439
431.811859
271.236603
526.327881
498.584900
479.419373
465.225830
454.970245
447.040131
429.337250
434.692444
430.953796
633.806641
528.006042
501.137665
482.870911
481.704681
459.647614
451.260834
465.694336
436.690796
431.570862
573.630432
526.215881
498.643341
479.321869
499.896881
454.890747
446.981232
440.815186
434.592438
430.809265
574.119812
1175.702881
500.536987
482.918823
470.955963
460.504761
452.538574
445.719757
461.326569
432.751282
574.832214
527.113953
499.579315
481.043152
467.271271
456.427032
447.983734
441.106476
456.530060
430.379608
573.407471
526.616272
612.023193
481.271545
468.521576
459.897827
451.560822
445.021088
438.570648
434.263123
577.858459
528.867615
605.777161
480.694794
466.765533
487.368958
460.693665
440.405640
433.149170
431.805664
571.226868
524.153992
497.336670
479.133057
465.999786
456.214935
448.602722
442.362976
436.312988
421.798126
135.187683
530.419617
534.305298
499.738525
468.120331
456.793335
447.914856
440.604095
433.502289
428.933899
571.716248
524.867554
497.643127
479.261322
465.959076
455.974274
470.915741
460.038055
435.596588
433.914459
576.300537
529.862610
502.701935
484.024719
470.297607
459.686798
451.116821
443.933685
437.120483
432.839691
117.645050
772.565247
500.861084
533.663513
469.123566
459.230194
451.709167
445.421295
438.970306
434.822266
578.152649
530.882446
503.287689
484.467163
470.941254
495.142975
452.894958
446.330414
440.234436
435.702087
605.210571
532.144348
504.878174
486.628571
473.645844
463.973694
456.366272
450.081177
443.704102
453.254730
584.346619
536.523254
510.620789
490.362335
517.507141
466.757172
458.825256
452.362274
445.624939
441.126282
585.905029
537.557007
509.513092
539.287048
477.042725
466.711243
461.602020
452.027313
433.101105
440.738708
585.548645
650.096375
509.364716
490.225098
476.563324
466.181274
458.147583
450.186401
444.821442
440.413116
677.784424
537.051453
509.210938
490.275116
476.629883
455.328400
458.246155
451.719269
406.347656
440.536804
585.192383
3020.498779
509.078613
490.026093
517.910095
465.976898
457.882019
451.524017
444.690430
440.234497
584.650269
536.995605
488.687439
490.323547
476.751526
449.710846
458.386047
451.851685
428.788513
440.635864
585.192383
690.782410
509.250946
490.324249
476.618835
466.365662
458.422577
451.824493
445.101959
393.281738
585.192383
537.429565
579.417603
490.835388
477.201050
484.987762
458.912994
452.220673
453.093597
440.824921
585.192383
537.128967
509.355652
490.738129
476.856293
466.589661
424.165985
451.862396
445.147308
409.770874
585.192383
537.335632
617.007751
490.600739
476.914001
467.239441
458.273804
451.542969
444.738403
440.187286
295.611023
536.752625
509.084808
495.071716
476.448730
466.152679
458.094391
451.500366
444.840454
461.643768
584.650269
537.069031
509.290985
490.305450
494.388397
466.067139
457.879944
459.531281
444.441040
439.982391
584.346619
536.680664
508.875092
547.195435
476.386230
466.102020
458.266144
451.402893
428.187073
440.232422
584.650269
650.317261
509.265320
490.244354
476.418762
465.981659
457.816864
464.731171
444.444031
439.982391
611.384827
536.711426
508.967621
490.144348
476.556305
494.591827
458.248444
451.699951
445.011200
440.639130
585.006409
2087.079346
509.485352
490.450500
484.677032
466.317230
458.184174
451.596344
444.950500
461.977783
584.650269
537.123047
509.437256
490.564240
476.968353
472.002899
458.732239
452.108215
456.387878
440.861206
585.548645
537.301697
509.437622
547.835999
476.833252
466.554779
458.651550
451.907013
445.248047
416.089691
585.006409
537.310730
580.564758
490.712280
477.092773
466.716553
458.671814
468.198212
445.151947
440.492889
608.183044
536.859253
509.059723
490.241211
476.663757
466.415833
466.294891
451.637024
444.980560
449.318054
584.943665
1979.326538
509.390747
490.519318
483.388794
466.540588
458.301727
451.478058
444.743713
440.096741
584.294128
536.608704
509.067108
547.400452
476.455536
471.910400
458.885529
451.559875
455.639465
440.411438
584.836121
537.090881
509.404297
490.430206
476.760803
466.415833
458.146484
451.790100
444.576965
416.571777
674.782532
536.608704
562.078247
490.100403
476.456177
466.155396
458.097015
451.522644
444.841461
440.362579
584.650269
537.065979
509.257843
490.488342
516.144226
466.426636
486.736206
453.449371
444.674042
440.096649
584.231506
536.765442
509.052094
490.276154
476.597534
466.405457
458.339722
451.749939
445.082336
440.656067
256.758240
1331.810181
509.641907
490.874329
480.175354
466.729706
458.517944
451.765472
445.051666
440.555450
584.650269
537.176025
509.477051
490.609955
514.224121
457.361115
458.648193
453.269958
469.208038
440.857819
585.077026
537.545227
509.649567
490.747253
476.916504
466.488800
458.343811
451.620667
447.232941
440.509918
584.836121
558.311340
604.349976
490.424042
476.721863
485.298157
458.402802
451.779053
445.089905
440.659393
585.077026
537.326660
606.250183
490.437286
476.632538
478.946289
458.036804
451.396698
444.744751
448.315002
584.650269
536.884155
518.157593
490.299377
476.684448
466.364075
448.706299
451.705383
445.012207
458.936737
584.943665
537.232788
509.313751
504.466400
476.566925
466.212677
487.692963
451.393341
444.742432
440.226868
584.773438
536.893188
509.180481
535.525208
476.663086
466.399017
458.226013
451.687012
444.986237
440.545044
175.977310
537.247681
509.363739
496.884674
476.479370
466.116791
458.005096
477.948975
444.718750
440.249390
584.773438
536.947144
509.279419
490.424042
476.832642
466.614197
458.492615
478.732635
445.255493
440.845215
586.604126
1226.490723
509.517883
490.482971
477.246521
466.417480
458.377655
451.900879
445.253113
440.792999
585.006409
3046.619141
509.693878
490.802124
518.216553
492.513367
458.864227
452.356354
447.921753
440.864471
584.943665
537.188904
509.316254
490.441956
476.848724
466.650085
458.535919
451.936768
435.351074
437.412994
585.077026
634.679199
521.792664
490.720062
477.037140
466.851166
458.625519
451.871735
445.062103
440.435150
584.650269
536.891479
509.180481
522.793457
476.731842
494.961212
468.902466
451.831055
447.802399
440.624298
585.139709
537.310730
509.554260
490.689819
476.977753
466.634430
458.370941
439.161530
444.826355
412.439484
629.150330
536.931335
595.295715
490.357788
476.672485
466.448730
458.344452
451.820953
445.061493
440.666077
585.077026
3023.706787
509.617706
490.617065
518.913208
466.674316
462.152466
451.689636
444.849426
447.234406
584.650269
536.828430
509.132202
490.315033
476.638184
466.310211
458.255676
451.687592
468.560364
440.516571
585.077026
537.310730
509.558105
537.759521
477.018921
466.755493
458.433990
451.742432
444.937714
440.467712
584.943665
537.191956
612.087708
490.669067
477.018921
466.784363
458.715668
453.596191
445.505127
441.060333
681.917053
537.910278
510.167358
491.133148
477.421234
466.961975
486.526947
452.130310
445.411316
441.947418
585.432983
537.537537
509.822418
490.875916
454.434174
467.038300
458.955658
424.120483
445.676056
441.242889
126.230095
537.901245
509.980713
531.873230
477.129761
466.747314
458.629944
452.043610
445.382507
440.888275
585.619141
1768.751587
509.771057
490.940948
472.635132
467.069214
459.021362
459.062653
445.747375
441.226959
677.075867
537.847229
509.822418
490.807098
477.078461
461.533173
458.700134
452.136536
404.275665
441.028748
585.432983
3024.413818
509.935852
491.007935
519.316772
467.114136
459.119598
453.272552
445.783966
441.275787
585.789063
537.741211
492.089355
490.771820
477.122284
448.457855
458.790070
452.250977
425.809692
441.021729
585.247009
722.235413
509.976837
491.066833
477.489471
467.289276
459.118439
452.604431
445.850525
461.645447
586.145203
537.869080
509.961487
490.904816
477.264191
481.390045
458.938904
452.282135
453.395813
441.089966
585.789063
537.813293
510.002106
545.680237
477.489471
467.230316
459.142334
452.517212
445.783966
425.001587
585.789063
537.662354
540.322144
490.726837
477.059753
466.761627
458.725891
476.543152
445.415070
440.950317
589.847046
537.656372
509.833374
510.729431
477.288696
466.963287
479.670258
452.173859
445.445587
440.813385
585.432983
1465.437744
509.460419
490.440887
478.452545
466.599823
458.509827
431.231537
445.150360
440.689728
423.253754
537.577454
509.763855
490.873840
477.222473
487.715973
458.775085
