0.000000
-1074.000000
-1088.000000
-1066.000000
-1038.000000
-1078.000000
-1064.000000
-1072.000000
-1056.000000
-1070.000000
-1062.000000
-1056.000000
-1052.000000
-1056.000000
-1062.000000
-1076.000000
-1062.000000
-1088.000000
-1082.000000
-1066.000000
-1048.000000
-1072.000000
-1074.000000
-1062.000000
-1074.000000
-1068.000000
-1072.000000
-1072.000000
-1054.000000
-1086.000000
-1074.000000
-1072.000000
-1060.000000
-1100.000000
-1076.000000
-1066.000000
-1060.000000
-1076.000000
-1074.000000
-1076.000000
-1052.000000
-1064.000000
-1064.000000
-1064.000000
-1048.000000
-1082.000000
-1078.000000
-1064.000000
-1056.000000
-1068.000000
-1080.000000
-1066.000000
-1056.000000
-1068.000000
-1068.000000
-1080.000000
-1054.000000
-1074.000000
-1070.000000
-1056.000000
-1042.000000
-1068.000000
-1062.000000
-1090.000000
-1040.000000
-1062.000000
-1062.000000
-1074.000000
-1056.000000
-1068.000000
-1062.000000
-1064.000000
-1052.000000
-1070.000000
-1058.000000
-1068.000000
-1056.000000
-1088.000000
-1072.000000
-1066.000000
-1050.000000
-1066.000000
-1046.000000
-1062.000000
-1056.000000
-1060.000000
-1070.000000
-1066.000000
-1050.000000
-1080.000000
-1078.000000
-1072.000000
-1048.000000
-1066.000000
-1066.000000
-1060.000000
-1058.000000
-1082.000000
-1066.000000
-1068.000000
-1062.000000
-1072.000000
-1062.000000
-1060.000000
-1060.000000
-1054.000000
-1064.000000
-1060.000000
-1036.000000
-1064.000000
-1068.000000
-1076.000000
-1054.000000
-1054.000000
-1066.000000
-1074.000000
-1060.000000
-1068.000000
-1068.000000
-1058.000000
-1060.000000
-1072.000000
-1066.000000
-1078.000000
-1058.000000
-1066.000000
-1082.000000
-1080.000000
-1046.000000
-1072.000000
-1084.000000
-1068.000000
-1048.000000
-1060.000000
-1056.000000
-1076.000000
-1046.000000
-1080.000000
-1062.000000
-1080.000000
-1052.000000
-1070.000000
-1064.000000
-1060.000000
-1046.000000
-1048.000000
-1070.000000
-1080.000000
-1050.000000
-1080.000000
-1074.000000
-1088.000000
-1052.000000
-1074.000000
-1070.000000
-1054.000000
-1042.000000
-1072.000000
-1058.000000
-1066.000000
-1050.000000
-1066.000000
-1072.000000
-1074.000000
-1052.000000
-1062.000000
-1054.000000
-1106.000000
-1050.000000
-1044.000000
-1078.000000
-1070.000000
-1050.000000
-1068.000000
-1066.000000
-1078.000000
-1056.000000
-1054.000000
-1072.000000
-1048.000000
-1038.000000
-1068.000000
-1054.000000
-1052.000000
-1056.000000
-1056.000000
-1062.000000
-1060.000000
-1056.000000
-1072.000000
-1062.000000
-1072.000000
-1040.000000
-1074.000000
-1082.000000
-1074.000000
-1052.000000
-1058.000000
-1056.000000
-1064.000000
-1070.000000
-1058.000000
-1072.000000
-1054.000000
-1044.000000
-1070.000000
-1060.000000
-1064.000000
-1062.000000
-1076.000000
-1076.000000
-1080.000000
-1040.000000
-1062.000000
-1072.000000
-1078.000000
-1054.000000
-1058.000000
-1066.000000
-1054.000000
-1044.000000
-1064.000000
-1062.000000
-1064.000000
-1050.000000
-1072.000000
-1076.000000
-1050.000000
-1042.000000
-1054.000000
-1076.000000
-1088.000000
-1056.000000
-1068.000000
-1066.000000
-1044.000000
-1052.000000
-1074.000000
-1076.000000
-1070.000000
-1052.000000
-1066.000000
-1068.000000
-1066.000000
-1060.000000
-1068.000000
-1092.000000
-1072.000000
-1054.000000
-1048.000000
-1064.000000
-1068.000000
-1052.000000
-1068.000000
-1074.000000
-1078.000000
-1048.000000
-1062.000000
-1074.000000
-1066.000000
-1052.000000
-1054.000000
-1064.000000
-1078.000000
-1052.000000
-1080.000000
-1058.000000
-1076.000000
-1058.000000
-1058.000000
-1060.000000
-1056.000000
-1056.000000
-1070.000000
-1056.000000
-1060.000000
-1056.000000
-1074.000000
-1076.000000
-1072.000000
-1056.000000
-1066.000000
-1070.000000
-1062.000000
-1052.000000
-1062.000000
-1074.000000
-1070.000000
-1052.000000
-1072.000000
-1066.000000
-1066.000000
-1052.000000
-1064.000000
-1086.000000
-1076.000000
-1056.000000
-1060.000000
-1064.000000
-1060.000000
-1054.000000
-1056.000000
-1072.000000
-1082.000000
-1044.000000
-1080.000000
-1088.000000
-1076.000000
-1046.000000
-1078.000000
-1090.000000
-1066.000000
-1050.000000
-1074.000000
-1070.000000
-1080.000000
-1050.000000
-1072.000000
-1068.000000
-1070.000000
-1046.000000
-1074.000000
-1074.000000
-1066.000000
-1058.000000
-1058.000000
-1064.000000
-1064.000000
-1050.000000
-1064.000000
-1080.000000
-1048.000000
-1062.000000
-1074.000000
-1088.000000
-1072.000000
-1050.000000
-1078.000000
-1064.000000
-1076.000000
-1052.000000
-1066.000000
-1076.000000
-1080.000000
-1054.000000
-1058.000000
-1072.000000
-1070.000000
-1054.000000
-1064.000000
-1070.000000
-1072.000000
-1054.000000
-1062.000000
-1078.000000
-1070.000000
-1066.000000
-1070.000000
-1076.000000
-1070.000000
-1058.000000
-1078.000000
-1066.000000
-1070.000000
-1056.000000
-1082.000000
-1062.000000
-1072.000000
-1042.000000
-1066.000000
-1062.000000
-1072.000000
-1046.000000
-1064.000000
-1064.000000
-1064.000000
-1052.000000
-1062.000000
-1064.000000
-1074.000000
-1054.000000
-1070.000000
-1066.000000
-1058.000000
-1060.000000
-1070.000000
-1078.000000
-1060.000000
-1058.000000
-1064.000000
-1082.000000
-1062.000000
-1066.000000
-1086.000000
-1056.000000
-1072.000000
-1062.000000
-1076.000000
-1068.000000
-1084.000000
-1050.000000
-1064.000000
-1064.000000
-1052.000000
-1042.000000
-1102.000000
-1062.000000
-1076.000000
-1062.000000
-1074.000000
-1074.000000
-1068.000000
-1038.000000
-1066.000000
-1076.000000
-1074.000000
-1054.000000
-1066.000000
-1068.000000
-1072.000000
-1058.000000
-1050.000000
-1052.000000
-1068.000000
-1052.000000
-1058.000000
-1074.000000
-1104.000000
-1050.000000
-1066.000000
-1044.000000
-1066.000000
-1048.000000
-1062.000000
-1074.000000
-1052.000000
-1052.000000
-1074.000000
-1096.000000
-1060.000000
-1046.000000
-1068.000000
-1068.000000
-1064.000000
-1056.000000
-1068.000000
-1074.000000
-1070.000000
-1062.000000
-1066.000000
-1080.000000
-1066.000000
-1062.000000
-1076.000000
-1066.000000
-1074.000000
-1066.000000
-1060.000000
-1060.000000
-1062.000000
-1038.000000
-1082.000000
-1066.000000
-1082.000000
-1054.000000
-1070.000000
-1096.000000
-1068.000000
-1058.000000
-1078.000000
-1062.000000
-1074.000000
-1056.000000
-1082.000000
-1064.000000
-1076.000000
-1058.000000
-1064.000000
-1056.000000
-1080.000000
-1068.000000
-1060.000000
-1088.000000
-1058.000000
-1044.000000
-1076.000000
-1062.000000
-1074.000000
-1054.000000
-1084.000000
-1082.000000
-1052.000000
-1062.000000
-1054.000000
-1068.000000
-1062.000000
-1060.000000
-1074.000000
-1058.000000
-1054.000000
-1056.000000
-1070.000000
-1072.000000
-1072.000000
-1054.000000
-1068.000000
-1072.000000
-1068.000000
-1066.000000
-1072.000000
-1072.000000
-1068.000000
-1050.000000
-1076.000000
-1072.000000
-1056.000000
-1042.000000
-1078.000000
-1086.000000
-1076.000000
-1048.000000
-1066.000000
-1046.000000
-1074.000000
-1050.000000
-1068.000000
-1064.000000
-1068.000000
-1064.000000
-1060.000000
-1070.000000
-1078.000000
-1042.000000
-1078.000000
-1070.000000
-1074.000000
-1058.000000
-1076.000000
-1072.000000
-1070.000000
-1052.000000
-1052.000000
-1052.000000
-1086.000000
-1052.000000
-1058.000000
-1066.000000
-1064.000000
-1056.000000
-1060.000000
-1072.000000
-1086.000000
-1050.000000
-1058.000000
-1062.000000
-1064.000000
-1052.000000
-1064.000000
-1070.000000
-1062.000000
-1060.000000
-1070.000000
-1062.000000
-1058.000000
-1060.000000
-1066.000000
-1068.000000
-1066.000000
-1058.000000
-1072.000000
-1094.000000
-1066.000000
-1056.000000
-1070.000000
-1074.000000
-1070.000000
-1052.000000
-1084.000000
-1072.000000
-1066.000000
-1054.000000
-1058.000000
-1066.000000
-1072.000000
-1062.000000
-1062.000000
-1092.000000
-1078.000000
-1046.000000
-1072.000000
-1058.000000
-1060.000000
-1054.000000
-1076.000000
-1068.000000
-1086.000000
-1056.000000
-1064.000000
-1056.000000
-1072.000000
-1058.000000
-1068.000000
-1058.000000
-1070.000000
-1070.000000
-1082.000000
-1062.000000
-1070.000000
-1058.000000
-1070.000000
-1072.000000
-1072.000000
-1068.000000
-1066.000000
-1078.000000
-1074.000000
-1062.000000
-1064.000000
-1068.000000
-1056.000000
-1056.000000
-1072.000000
-1080.000000
-1084.000000
-1060.000000
-1082.000000
-1080.000000
-1062.000000
-1056.000000
-1074.000000
-1060.000000
-1078.000000
-1060.000000
-1084.000000
-1092.000000
-1070.000000
-1056.000000
-1070.000000
-1090.000000
-1070.000000
-1054.000000
-1064.000000
-1074.000000
-1078.000000
-1052.000000
-1078.000000
-1068.000000
-1080.000000
-1048.000000
-1086.000000
-1074.000000
-1070.000000
-1058.000000
-1064.000000
-1080.000000
-1078.000000
-1046.000000
-1070.000000
-1064.000000
-1066.000000
-1064.000000
-1068.000000
-1076.000000
-1094.000000
-1052.000000
-1068.000000
-1072.000000
-1072.000000
-1062.000000
-1094.000000
-1076.000000
-1072.000000
-1060.000000
-1070.000000
-1056.000000
-1080.000000
-1054.000000
-1100.000000
-1068.000000
-1068.000000
-1054.000000
-1070.000000
-1072.000000
-1072.000000
-1060.000000
-1084.000000
-1082.000000
-1064.000000
-1052.000000
-1088.000000
-1076.000000
-1072.000000
-1054.000000
-1068.000000
-1062.000000
-1052.000000
-1062.000000
-1082.000000
-1066.000000
-1068.000000
-1058.000000
-1078.000000
-1064.000000
-1050.000000
-1054.000000
-1066.000000
-1072.000000
-1074.000000
-1056.000000
-1064.000000
-1074.000000
-1070.000000
-1060.000000
-1072.000000
-1058.000000
-1070.000000
-1052.000000
-1056.000000
-1068.000000
-1062.000000
-1048.000000
-1068.000000
-1062.000000
-1068.000000
-1056.000000
-1064.000000
-1060.000000
-1064.000000
-1060.000000
-1058.000000
-1064.000000
-1070.000000
-1064.000000
-1090.000000
-1062.000000
-1082.000000
-1078.000000
-1054.000000
-1082.000000
-1052.000000
-1058.000000
-1086.000000
-1074.000000
-1088.000000
-1054.000000
-1070.000000
-1054.000000
-1072.000000
-1058.000000
-1074.000000
-1066.000000
-1060.000000
-1050.000000
-1074.000000
-1060.000000
-1064.000000
-1046.000000
-1066.000000
-1060.000000
-1076.000000
-1054.000000
-1056.000000
-1082.000000
-1062.000000
-1048.000000
-1064.000000
-1078.000000
-1074.000000
-1050.000000
-1076.000000
-1082.000000
-1100.000000
-1056.000000
-1068.000000
-1064.000000
-1064.000000
-1036.000000
-1078.000000
-1060.000000
-1076.000000
-1052.000000
-1068.000000
-1106.000000
-1070.000000
-1050.000000
-1086.000000
-1080.000000
-1078.000000
-1044.000000
-1070.000000
-1066.000000
-1070.000000
-1046.000000
-1072.000000
-1068.000000
-1054.000000
-1050.000000
-1064.000000
-1064.000000
-1080.000000
-1038.000000
-1088.000000
-1068.000000
-1076.000000
-1058.000000
-1076.000000
-1058.000000
-1058.000000
-1052.000000
-1084.000000
-1068.000000
-1068.000000
-1058.000000
-1070.000000
-1048.000000
-1072.000000
-1064.000000
-1072.000000
-1078.000000
-1076.000000
-1050.000000
-1072.000000
-1070.000000
-1070.000000
-1052.000000
-1074.000000
-1070.000000
-1086.000000
-1052.000000
-1074.000000
-1072.000000
-1070.000000
-1056.000000
-1054.000000
-1078.000000
-1080.000000
-1052.000000
-1050.000000
-1072.000000
-1082.000000
-1054.000000
-1068.000000
-1096.000000
-1074.000000
-1056.000000
-1056.000000
-1072.000000
-1070.000000
-1054.000000
-1062.000000
-1078.000000
-1068.000000
-1046.000000
-1056.000000
-1086.000000
-1082.000000
-1064.000000
-1070.000000
-1060.000000
-1072.000000
-1050.000000
-1062.000000
-1070.000000
-1070.000000
-1058.000000
-1072.000000
-1060.000000
-1056.000000
-1070.000000
-1078.000000
-1070.000000
-1066.000000
-1060.000000
-1066.000000
-1068.000000
-1048.000000
-1054.000000
-1086.000000
-1066.000000
-1058.000000
-1056.000000
-1066.000000
-1078.000000
-1064.000000
-1046.000000
-1084.000000
-1088.000000
-1062.000000
-1048.000000
-1072.000000
-1068.000000
-1084.000000
-1040.000000
-1068.000000
-1076.000000
-1070.000000
-1048.000000
-1088.000000
-1082.000000
-1066.000000
-1056.000000
-1072.000000
-1070.000000
-1068.000000
-1044.000000
-1078.000000
-1076.000000
-1068.000000
-1060.000000
-1078.000000
-1068.000000
-1076.000000
-1056.000000
-1070.000000
-1078.000000
-1066.000000
-1054.000000
-1070.000000
-1052.000000
-1080.000000
-1042.000000
-1072.000000
-1070.000000
-1074.000000
-1054.000000
-1074.000000
-1072.000000
-1090.000000
-1056.000000
-1064.000000
-1074.000000
-1064.000000
-1058.000000
-1070.000000
-1072.000000
-1088.000000
-1052.000000
-1078.000000
-1066.000000
-1086.000000
-1050.000000
-1064.000000
-1078.000000
-1066.000000
-1058.000000
-1086.000000
-1072.000000
-1076.000000
-1058.000000
-1080.000000
-1074.000000
-1066.000000
-1060.000000
-1076.000000
-1090.000000
-1068.000000
-1052.000000
-1070.000000
-1078.000000
-1070.000000
-1050.000000
-1088.000000
-1076.000000
-1072.000000
-1052.000000
-1086.000000
-1060.000000
-1072.000000
-1054.000000
-1072.000000
-1074.000000
-1074.000000
-1060.000000
-1072.000000
-1076.000000
-1086.000000
-1052.000000
-1076.000000
-1068.000000
-1076.000000
-1044.000000
-1054.000000
-1082.000000
-1066.000000
-1054.000000
-1072.000000
-1056.000000
-1052.000000
-1060.000000
-1068.000000
-1056.000000
-1074.000000
-1062.000000
-1078.000000
-1074.000000
-1068.000000
-1042.000000
-1080.000000
-1070.000000
-1072.000000
-1064.000000
-1084.000000
-1076.000000
-1064.000000
-1058.000000
-1060.000000
-1086.000000
-1080.000000
-1056.000000
-1066.000000
-1088.000000
-1076.000000
-1058.000000
-1062.000000
-1068.000000
-1076.000000
-1058.000000
-1074.000000
-1086.000000
-1072.000000
-1048.000000
-1080.000000
-1080.000000
-1070.000000
-1048.000000
-1084.000000
-1082.000000
-1074.000000
-1058.000000
-1068.000000
-1074.000000
-1064.000000
-1048.000000
-1088.000000
-1070.000000
-1088.000000
-1058.000000
-1086.000000
-1076.000000
-1072.000000
-1046.000000
-1068.000000
-1080.000000
-1086.000000
-1050.000000
-1070.000000
-1072.000000
-1072.000000
-1058.000000
-1066.000000
-1076.000000
-1080.000000
-1068.000000
-1070.000000
-1074.000000
-1080.000000
-1042.000000
-1074.000000
-1088.000000
-1102.000000
-1054.000000
-1090.000000
-1066.000000
-1068.000000
-1062.000000
-1070.000000
-1060.000000
-1066.000000
-1060.000000
-1060.000000
-1066.000000
-1076.000000
-1066.000000
-1076.000000
-1080.000000
-1044.000000
-1048.000000
-1058.000000
-1080.000000
-1082.000000
-1058.000000
-1074.000000
-1062.000000
-1078.000000
-1052.000000
-1064.000000
-1076.000000
-1076.000000
-1056.000000
-1072.000000
-1070.000000
-1066.000000
-1042.000000
-1086.000000
-1076.000000
-1076.000000
-1050.000000
-1082.000000
-1058.000000
-1080.000000
-1050.000000
-1070.000000
-1056.000000
-1092.000000
-1058.000000
-1080.000000
-1060.000000
-1076.000000
-1070.000000
-1056.000000
-1080.000000
-1072.000000
-1066.000000
-1088.000000
-1072.000000
-1052.000000
-1060.000000
-1092.000000
-1070.000000
-1068.000000
-1066.000000
-1076.000000
-1078.000000
-1070.000000
-1048.000000
-1066.000000
-1086.000000
-1062.000000
-1052.000000
-1084.000000
-1052.000000
-1046.000000
-1060.000000
-1088.000000
-1084.000000
-1084.000000
-1052.000000
-1074.000000
-1072.000000
-1060.000000
-1038.000000
-1064.000000
-1082.000000
-1054.000000
-1058.000000
-1086.000000
-1080.000000
-1062.000000
-1050.000000
-1076.000000
-1056.000000
-1052.000000
-1054.000000
-1070.000000
-1060.000000
-1066.000000
-1054.000000
-1072.000000
-1056.000000
-1078.000000
-1060.000000
-1074.000000
-1060.000000
-1074.000000
-1054.000000
-1052.000000
-1060.000000
-1058.000000
-1074.000000
-1056.000000
-1078.000000
-1068.000000
-1038.000000
-1072.000000
-1064.000000
-1072.000000
-1040.000000
-1054.000000
-1072.000000
-1074.000000
-1038.000000
-1054.000000
-1072.000000
-1084.000000
-1046.000000
-1066.000000
-1060.000000
-1062.000000
-1040.000000
-1060.000000
-1054.000000
-1070.000000
-1052.000000
-1062.000000
-1072.000000
-1084.000000
-1048.000000
-1056.000000
-1052.000000
-1050.000000
-1038.000000
-1046.000000
-1052.000000
-1050.000000
-1048.000000
-1068.000000
-1050.000000
-1058.000000
-1042.000000
-1066.000000
-1052.000000
-1070.000000
-1046.000000
-1060.000000
-1050.000000
-1050.000000
-1040.000000
-1036.000000
-1046.000000
-1056.000000
-1044.000000
-1068.000000
-1072.000000
-1046.000000
-1042.000000
-1036.000000
-1066.000000
-1056.000000
-1044.000000
-1058.000000
-1060.000000
-1056.000000
-1052.000000
-1058.000000
-1060.000000
-1048.000000
-1042.000000
-1066.000000
-1052.000000
-1070.000000
-1044.000000
-1064.000000
-1070.000000
-1086.000000
-1032.000000
-1064.000000
-1048.000000
-1064.000000
-1052.000000
-1054.000000
-1044.000000
-1036.000000
-1038.000000
-1048.000000
-1068.000000
-1094.000000
-1032.000000
-1054.000000
-1056.000000
-1050.000000
-1034.000000
-1058.000000
-1038.000000
-1072.000000
-1050.000000
-1050.000000
-1060.000000
-1054.000000
-1042.000000
-1056.000000
-1042.000000
-1064.000000
-1052.000000
-1050.000000
-1044.000000
-1050.000000
-1034.000000
-1070.000000
-1064.000000
-1044.000000
-1034.000000
-1064.000000
-1054.000000
-1062.000000
-1032.000000
-1060.000000
-1052.000000
-1056.000000
-1058.000000
-1050.000000
-1060.000000
-1066.000000
-1032.000000
-1052.000000
-1072.000000
-1060.000000
-1036.000000
-1064.000000
-1056.000000
-1064.000000
-1044.000000
-1044.000000
-1054.000000
-1056.000000
-1038.000000
-1050.000000
-1052.000000
-1052.000000
-1034.000000
-1060.000000
-1082.000000
-1062.000000
-1054.000000
-1044.000000
-1060.000000
-1056.000000
-1026.000000
-1052.000000
-1044.000000
-1058.000000
-1048.000000
-1048.000000
-1052.000000
-1064.000000
-1046.000000
-1068.000000
-1058.000000
-1048.000000
-1040.000000
-1066.000000
-1058.000000
-1062.000000
-1032.000000
-1054.000000
-1060.000000
-1056.000000
-1042.000000
-1050.000000
-1054.000000
-1038.000000
-1046.000000
-1068.000000
-1048.000000
-1058.000000
-1042.000000
-1054.000000
-1044.000000
-1062.000000
-1054.000000
-1042.000000
-1050.000000
-1064.000000
-1032.000000
-1046.000000
-1054.000000
-1068.000000
-1050.000000
-1056.000000
-1052.000000
-1074.000000
-1040.000000
-1058.000000
-1048.000000
-1056.000000
-1052.000000
-1062.000000
-1048.000000
-1052.000000
-1046.000000
-1058.000000
-1074.000000
-1044.000000
-1042.000000
-1054.000000
-1038.000000
-1054.000000
-1040.000000
-1028.000000
-1048.000000
-1046.000000
-1042.000000
-1058.000000
-1050.000000
-1066.000000
-1052.000000
-1054.000000
-1046.000000
-1056.000000
-1040.000000
-1032.000000
-1044.000000
-1042.000000
-1034.000000
-1060.000000
-1058.000000
-1048.000000
-1032.000000
-1062.000000
-1050.000000
-1058.000000
-1042.000000
-1038.000000
-1048.000000
-1042.000000
-1040.000000
-1050.000000
-1044.000000
-1050.000000
-1030.000000
-1048.000000
-1040.000000
-1054.000000
-1034.000000
-1078.000000
-1078.000000
-1046.000000
-1036.000000
-1056.000000
-1046.000000
-1054.000000
-1052.000000
-1076.000000
-1076.000000
-1032.000000
-1018.000000
-1038.000000
-1046.000000
-1048.000000
-1036.000000
-1042.000000
-1048.000000
-1036.000000
-1040.000000
-1052.000000
-1054.000000
-1036.000000
-1028.000000
-1054.000000
-1050.000000
-1044.000000
-1048.000000
-1062.000000
-1040.000000
-1038.000000
-1040.000000
-1034.000000
-1062.000000
-1046.000000
-1048.000000
-1050.000000
-1054.000000
-1058.000000
-1034.000000
-1046.000000
-1048.000000
-1050.000000
-1026.000000
-1052.000000
-1054.000000
-1050.000000
-1008.000000
-1036.000000
-1046.000000
-1050.000000
-1024.000000
-1046.000000
-1058.000000
-1030.000000
-1032.000000
-1044.000000
-1030.000000
-1042.000000
-1026.000000
-1178.000000
-1094.000000
-1026.000000
-1008.000000
-1018.000000
-1022.000000
-1034.000000
-1036.000000
-1048.000000
-1040.000000
-1026.000000
-1016.000000
-1024.000000
-1032.000000
-1034.000000
-1018.000000
-1034.000000
-1024.000000
-1016.000000
-1030.000000
-1032.000000
-1036.000000
-1038.000000
-1026.000000
-1050.000000
-1040.000000
-1034.000000
-1008.000000
-1042.000000
-1072.000000
-1042.000000
-1014.000000
-1034.000000
-1040.000000
-1038.000000
-1014.000000
-1032.000000
-1036.000000
-1036.000000
-1024.000000
-1038.000000
-1038.000000
-1024.000000
-1024.000000
-1040.000000
-1026.000000
-1032.000000
-1016.000000
-1030.000000
-1034.000000
-1040.000000
-1036.000000
-1044.000000
-1038.000000
-1038.000000
-1020.000000
-1046.000000
-1032.000000
-1046.000000
-1010.000000
-1038.000000
-1038.000000
-1030.000000
-1036.000000
-1050.000000
-1024.000000
-1034.000000
-1024.000000
-1032.000000
-1036.000000
-1038.000000
-1026.000000
-1050.000000
-1032.000000
-1038.000000
-1014.000000
-1032.000000
-1042.000000
-1028.000000
-1032.000000
-1034.000000
-1034.000000
-1038.000000
-1018.000000
-1042.000000
-1024.000000
-1052.000000
-1028.000000
-1040.000000
-1038.000000
-1038.000000
-1016.000000
-1032.000000
-1040.000000
-1024.000000
-1012.000000
-1046.000000
-1024.000000
-1044.000000
-1044.000000
-1062.000000
-1044.000000
-1040.000000
-1008.000000
-1042.000000
-1042.000000
-1018.000000
-1022.000000
-1040.000000
-1046.000000
-1040.000000
-1006.000000
-1026.000000
-1022.000000
-1034.000000
-1006.000000
-1034.000000
-1026.000000
-1030.000000
-1020.000000
-1038.000000
-1030.000000
-1046.000000
-1036.000000
-1034.000000
-1034.000000
-1028.000000
-1008.000000
-1010.000000
-1036.000000
-1032.000000
-1024.000000
-1030.000000
-1022.000000
-1034.000000
-1014.000000
-1044.000000
-1040.000000
-1032.000000
-1018.000000
-1030.000000
-1032.000000
-1016.000000
-994.000000
-1026.000000
-1026.000000
-1040.000000
-1022.000000
-1014.000000
-1032.000000
-1034.000000
-1028.000000
-1030.000000
-1022.000000
-1024.000000
-1022.000000
-1030.000000
-1036.000000
-1022.000000
-1012.000000
-1016.000000
-1026.000000
-1022.000000
-1024.000000
-1030.000000
-1038.000000
-1030.000000
-1012.000000
-1028.000000
-1032.000000
-1038.000000
-1010.000000
-1042.000000
-1030.000000
-1032.000000
-1014.000000
-1034.000000
-1024.000000
-1020.000000
-1008.000000
-1040.000000
-1024.000000
-1038.000000
-1026.000000
-1036.000000
-1024.000000
-1026.000000
-1012.000000
-1018.000000
-1028.000000
-1038.000000
-1004.000000
-1038.000000
-1026.000000
-1028.000000
-1018.000000
-1026.000000
-1028.000000
-1034.000000
-1008.000000
-1020.000000
-1014.000000
-1022.000000
-1024.000000
-1026.000000
-1032.000000
-1030.000000
-1030.000000
-1034.000000
-1042.000000
-1034.000000
-1032.000000
-1024.000000
-1034.000000
-1012.000000
-1008.000000
-1034.000000
-1028.000000
-1042.000000
-1024.000000
-1016.000000
-1028.000000
-1034.000000
-1024.000000
-1030.000000
-1018.000000
-1018.000000
-1004.000000
-1024.000000
-1020.000000
-1028.000000
-1046.000000
-1030.000000
-1030.000000
-1034.000000
-1018.000000
-1024.000000
-1024.000000
-1034.000000
-1018.000000
-1034.000000
-1034.000000
-1036.000000
-1036.000000
-1034.000000
-1024.000000
-1044.000000
-1008.000000
-1016.000000
-1046.000000
-1024.000000
-1012.000000
-1032.000000
-1052.000000
-1030.000000
-1020.000000
-1054.000000
-1036.000000
-1022.000000
-1020.000000
-1042.000000
-1016.000000
-1000.000000
-1030.000000
-1054.000000
-1046.000000
-1038.000000
-1004.000000
-1026.000000
-1028.000000
-1014.000000
-1018.000000
-1024.000000
-1028.000000
-1040.000000
-1016.000000
-1018.000000
-1046.000000
-1028.000000
-1018.000000
-1028.000000
-1022.000000
-1042.000000
-1020.000000
-1028.000000
-1032.000000
-1026.000000
-996.000000
-1062.000000
-1072.000000
-1022.000000
-996.000000
-996.000000
-1018.000000
-1022.000000
-1006.000000
-1036.000000
-998.000000
-1012.000000
-1020.000000
-1018.000000
-1034.000000
-1016.000000
-1004.000000
-1000.000000
-1018.000000
-1026.000000
-1026.000000
-1022.000000
-1010.000000
-1050.000000
-1028.000000
-1032.000000
-1020.000000
-1010.000000
-1010.000000
-1018.000000
-1036.000000
-1036.000000
-1004.000000
-1024.000000
-1032.000000
-1010.000000
-1006.000000
-1032.000000
-1036.000000
-1026.000000
-1010.000000
-1014.000000
-1020.000000
-1030.000000
-998.000000
-1018.000000
-1010.000000
-1016.000000
-1008.000000
-1022.000000
-1022.000000
-1010.000000
-1008.000000
-1024.000000
-1018.000000
-1008.000000
-1000.000000
-1020.000000
-1004.000000
-1036.000000
-1014.000000
-1026.000000
-1020.000000
-1016.000000
-1006.000000
-1014.000000
-1024.000000
-1016.000000
-1006.000000
-1014.000000
-1014.000000
-1014.000000
-1014.000000
-1028.000000
-1028.000000
-1030.000000
-1016.000000
-1026.000000
-1008.000000
-1008.000000
-1010.000000
-1034.000000
-1020.000000
-1002.000000
-1016.000000
-1032.000000
-1018.000000
-1014.000000
-1002.000000
-1012.000000
-1018.000000
-1030.000000
-1020.000000
-1030.000000
-1026.000000
-1016.000000
-996.000000
-1022.000000
-1008.000000
-1026.000000
-1008.000000
-1006.000000
-1022.000000
-1020.000000
-1002.000000
-1022.000000
-1010.000000
-1016.000000
-1000.000000
-1036.000000
-1002.000000
-1012.000000
-1008.000000
-1026.000000
-1016.000000
-1014.000000
-1010.000000
-1010.000000
-1022.000000
-1026.000000
-980.000000
-994.000000
-1002.000000
-1020.000000
-1012.000000
-1010.000000
-1008.000000
-1016.000000
-1000.000000
-1020.000000
-1018.000000
-1018.000000
-1000.000000
-1014.000000
-1014.000000
-1006.000000
-978.000000
-998.000000
-1012.000000
-1018.000000
-994.000000
-1018.000000
-1006.000000
-1014.000000
-978.000000
-1008.000000
-1006.000000
-1008.000000
-1000.000000
-998.000000
-1040.000000
-982.000000
-988.000000
-994.000000
-1008.000000
-996.000000
-988.000000
-1002.000000
-992.000000
-986.000000
-990.000000
-994.000000
-994.000000
-1004.000000
-968.000000
-980.000000
-980.000000
-982.000000
-970.000000
-986.000000
-988.000000
-994.000000
-972.000000
-992.000000
-978.000000
-1000.000000
-970.000000
-980.000000
-970.000000
-984.000000
-988.000000
-998.000000
-1000.000000
-1014.000000
-978.000000
-960.000000
-978.000000
-962.000000
-984.000000
-996.000000
-996.000000
-972.000000
-976.000000
-966.000000
-988.000000
-982.000000
-982.000000
-992.000000
-990.000000
-988.000000
-978.000000
-1002.000000
-980.000000
-988.000000
-962.000000
-976.000000
-980.000000
-990.000000
-972.000000
-976.000000
-1004.000000
-974.000000
-984.000000
-1002.000000
-980.000000
-992.000000
-1036.000000
-960.000000
-952.000000
-970.000000
-956.000000
-994.000000
-988.000000
-984.000000
-966.000000
-956.000000
-972.000000
-984.000000
-976.000000
-980.000000
-988.000000
-998.000000
-964.000000
-966.000000
-980.000000
-978.000000
-962.000000
-972.000000
-974.000000
-968.000000
-954.000000
-966.000000
-976.000000
-990.000000
-974.000000
-970.000000
-994.000000
-1006.000000
-956.000000
-974.000000
-972.000000
-976.000000
-956.000000
-960.000000
-982.000000
-994.000000
-958.000000
-956.000000
-948.000000
-968.000000
-972.000000
-958.000000
-962.000000
-976.000000
-982.000000
-976.000000
-978.000000
-962.000000
-970.000000
-974.000000
-954.000000
-968.000000
-962.000000
-968.000000
-970.000000
-952.000000
-972.000000
-972.000000
-982.000000
-972.000000
-960.000000
-1000.000000
-992.000000
-1790.000000
-894.000000
-912.000000
-962.000000
-982.000000
-966.000000
-956.000000
-962.000000
-952.000000
-954.000000
-960.000000
-974.000000
-968.000000
-934.000000
-948.000000
-966.000000
-944.000000
-952.000000
-958.000000
-956.000000
-958.000000
-946.000000
-962.000000
-956.000000
-952.000000
-942.000000
-956.000000
-960.000000
-964.000000
-972.000000
-984.000000
-980.000000
-974.000000
-954.000000
-966.000000
-950.000000
-968.000000
-944.000000
-946.000000
-958.000000
-972.000000
-966.000000
-974.000000
-968.000000
-970.000000
-964.000000
-970.000000
-972.000000
-956.000000
-946.000000
-950.000000
-948.000000
-942.000000
-958.000000
-956.000000
-954.000000
-960.000000
-938.000000
-972.000000
-954.000000
-968.000000
-946.000000
-954.000000
-962.000000
-970.000000
-968.000000
-970.000000
-964.000000
-966.000000
-966.000000
-962.000000
-948.000000
-970.000000
-948.000000
-956.000000
-966.000000
-976.000000
-946.000000
-968.000000
-962.000000
-964.000000
-936.000000
-970.000000
-938.000000
-962.000000
-956.000000
-954.000000
-938.000000
-956.000000
-944.000000
-966.000000
-958.000000
-968.000000
-962.000000
-958.000000
-972.000000
-966.000000
-954.000000
-958.000000
-938.000000
-954.000000
-928.000000
-936.000000
-956.000000
-956.000000
-932.000000
-948.000000
-980.000000
-966.000000
-958.000000
-958.000000
-966.000000
-948.000000
-948.000000
-952.000000
-948.000000
-970.000000
-956.000000
-956.000000
-932.000000
-948.000000
-964.000000
-958.000000
-934.000000
-940.000000
-918.000000
-942.000000
-958.000000
-956.000000
-954.000000
-974.000000
-978.000000
-946.000000
-932.000000
-938.000000
-932.000000
-948.000000
-926.000000
-958.000000
-948.000000
-946.000000
-922.000000
-948.000000
-970.000000
-938.000000
-928.000000
-942.000000
-952.000000
-962.000000
-918.000000
-942.000000
-938.000000
-948.000000
-952.000000
-940.000000
-934.000000
-958.000000
-920.000000
-936.000000
-952.000000
-956.000000
-954.000000
-952.000000
-950.000000
-934.000000
-912.000000
-938.000000
-952.000000
-940.000000
-934.000000
-942.000000
-954.000000
-944.000000
-966.000000
-952.000000
-922.000000
-930.000000
-924.000000
-942.000000
-944.000000
-950.000000
-922.000000
-942.000000
-964.000000
-944.000000
-916.000000
-924.000000
-950.000000
-956.000000
-944.000000
-950.000000
-952.000000
-932.000000
-1052.000000
-908.000000
-950.000000
-922.000000
-958.000000
-962.000000
-940.000000
-924.000000
-914.000000
-946.000000
-932.000000
-940.000000
-914.000000
-946.000000
-942.000000
-914.000000
-916.000000
-922.000000
-914.000000
-942.000000
-932.000000
-954.000000
-944.000000
-944.000000
-906.000000
-934.000000
-964.000000
-934.000000
-934.000000
-954.000000
-946.000000
-930.000000
-930.000000
-932.000000
-940.000000
-948.000000
-910.000000
-918.000000
-952.000000
-954.000000
-920.000000
-940.000000
-944.000000
-934.000000
-914.000000
-910.000000
-910.000000
-906.000000
-898.000000
-914.000000
-938.000000
-944.000000
-910.000000
-910.000000
-946.000000
-930.000000
-924.000000
-934.000000
-934.000000
-914.000000
-892.000000
-902.000000
-906.000000
-914.000000
-912.000000
-926.000000
-940.000000
-932.000000
-918.000000
-930.000000
-922.000000
-666.000000
-848.000000
-872.000000
-896.000000
-900.000000
-930.000000
-936.000000
-912.000000
-920.000000
-814.000000
-844.000000
-834.000000
-864.000000
-884.000000
-902.000000
-902.000000
-890.000000
-902.000000
-928.000000
-928.000000
-910.000000
-876.000000
-906.000000
-882.000000
-884.000000
-902.000000
-914.000000
-900.000000
-922.000000
-914.000000
-920.000000
-912.000000
-894.000000
-904.000000
-904.000000
-900.000000
-904.000000
-904.000000
-912.000000
-902.000000
-922.000000
-904.000000
-908.000000
-914.000000
-900.000000
-890.000000
-916.000000
-916.000000
-900.000000
-888.000000
-932.000000
-938.000000
-912.000000
-912.000000
-918.000000
-908.000000
-912.000000
-882.000000
-918.000000
-900.000000
-906.000000
-904.000000
-914.000000
-906.000000
-908.000000
-900.000000
-896.000000
-896.000000
-900.000000
-896.000000
-916.000000
-916.000000
-916.000000
-892.000000
-904.000000
-874.000000
-896.000000
-900.000000
-916.000000
-902.000000
-892.000000
-894.000000
-900.000000
-912.000000
-904.000000
-872.000000
-894.000000
-900.000000
-928.000000
-910.000000
-904.000000
-884.000000
-894.000000
-862.000000
-886.000000
-902.000000
-892.000000
-898.000000
-916.000000
-912.000000
-888.000000
-876.000000
-908.000000
-916.000000
-908.000000
-890.000000
-892.000000
-920.000000
-906.000000
-880.000000
-908.000000
-914.000000
-900.000000
-892.000000
-896.000000
-910.000000
-908.000000
-882.000000
-912.000000
-896.000000
-908.000000
-910.000000
-922.000000
-914.000000
-894.000000
-858.000000
-878.000000
-894.000000
-900.000000
-896.000000
-922.000000
-908.000000
-898.000000
-896.000000
-900.000000
-918.000000
-892.000000
-878.000000
-882.000000
-914.000000
-916.000000
-876.000000
-880.000000
-888.000000
-918.000000
-872.000000
-882.000000
-890.000000
-886.000000
-888.000000
-912.000000
-894.000000
-880.000000
-896.000000
-906.000000
-878.000000
-898.000000
-890.000000
-904.000000
-902.000000
-886.000000
-878.000000
-878.000000
-882.000000
-904.000000
-882.000000
-904.000000
-902.000000
-898.000000
-888.000000
-888.000000
-908.000000
-916.000000
-854.000000
-868.000000
-892.000000
-916.000000
-900.000000
-886.000000
-896.000000
-894.000000
-890.000000
-892.000000
-870.000000
-898.000000
-882.000000
-902.000000
-882.000000
-892.000000
-880.000000
-902.000000
-898.000000
-896.000000
-894.000000
-884.000000
-892.000000
-898.000000
-872.000000
-896.000000
-900.000000
-910.000000
-892.000000
-902.000000
-896.000000
-890.000000
-882.000000
-886.000000
-908.000000
-906.000000
-884.000000
-882.000000
-900.000000
-898.000000
-884.000000
-898.000000
-902.000000
-890.000000
-896.000000
-922.000000
-908.000000
-894.000000
-896.000000
-900.000000
-892.000000
-904.000000
-896.000000
-896.000000
-894.000000
-898.000000
-882.000000
-892.000000
-884.000000
-902.000000
-884.000000
-890.000000
-886.000000
-888.000000
-884.000000
-900.000000
-894.000000
-900.000000
-876.000000
-892.000000
-898.000000
-898.000000
-888.000000
-898.000000
-902.000000
-906.000000
-882.000000
-892.000000
-896.000000
-892.000000
-886.000000
-898.000000
-878.000000
-890.000000
-878.000000
-896.000000
-888.000000
-896.000000
-892.000000
-902.000000
-892.000000
-884.000000
-892.000000
-890.000000
-876.000000
-870.000000
-898.000000
-896.000000
-900.000000
-890.000000
-886.000000
-898.000000
-888.000000
-904.000000
-870.000000
-914.000000
-890.000000
-898.000000
-890.000000
-886.000000
-884.000000
-896.000000
-890.000000
-886.000000
-880.000000
-890.000000
-886.000000
-902.000000
-886.000000
-884.000000
-894.000000
-912.000000
-900.000000
-894.000000
-884.000000
-878.000000
-894.000000
-902.000000
-896.000000
-906.000000
-884.000000
-898.000000
-878.000000
-872.000000
-878.000000
-892.000000
-896.000000
-896.000000
-900.000000
-902.000000
-904.000000
-898.000000
-906.000000
-884.000000
-838.000000
-880.000000
-896.000000
-898.000000
-912.000000
-894.000000
-890.000000
-880.000000
-896.000000
-892.000000
-894.000000
-910.000000
-876.000000
-902.000000
-908.000000
-894.000000
-856.000000
-878.000000
-898.000000
-894.000000
-894.000000
-912.000000
-906.000000
-904.000000
-878.000000
-880.000000
-876.000000
-888.000000
-922.000000
-904.000000
-900.000000
-876.000000
-894.000000
-902.000000
-908.000000
-898.000000
-880.000000
-868.000000
-870.000000
-900.000000
-890.000000
-888.000000
-888.000000
-882.000000
-896.000000
-914.000000
-896.000000
-892.000000
-890.000000
-902.000000
-918.000000
-882.000000
-898.000000
-886.000000
-902.000000
-896.000000
-898.000000
-914.000000
-914.000000
-880.000000
-858.000000
-876.000000
-906.000000
-900.000000
-890.000000
-902.000000
-896.000000
-902.000000
-874.000000
-902.000000
-890.000000
-902.000000
-890.000000
-900.000000
-890.000000
-908.000000
-892.000000
-896.000000
-906.000000
-894.000000
-890.000000
-890.000000
-896.000000
-896.000000
-896.000000
-900.000000
-890.000000
-890.000000
-890.000000
-888.000000
-890.000000
-894.000000
-888.000000
-884.000000
-894.000000
-890.000000
-886.000000
-900.000000
-892.000000
-898.000000
-890.000000
-880.000000
-898.000000
-888.000000
-892.000000
-888.000000
-898.000000
-898.000000
-876.000000
-898.000000
-898.000000
-892.000000
-868.000000
-910.000000
-914.000000
-902.000000
-878.000000
-902.000000
-856.000000
-880.000000
-888.000000
-910.000000
-906.000000
-892.000000
-892.000000
-886.000000
-884.000000
-884.000000
-876.000000
-892.000000
-872.000000
-884.000000
-884.000000
-900.000000
-902.000000
-886.000000
-892.000000
-894.000000
-896.000000
-888.000000
-876.000000
-894.000000
-884.000000
-880.000000
-892.000000
-906.000000
-890.000000
-896.000000
-888.000000
-888.000000
-872.000000
-880.000000
-864.000000
-880.000000
-906.000000
-898.000000
-888.000000
-888.000000
-896.000000
-888.000000
-882.000000
-894.000000
-874.000000
-886.000000
-886.000000
-896.000000
-882.000000
-890.000000
-886.000000
-882.000000
-894.000000
-882.000000
-886.000000
-886.000000
-890.000000
-878.000000
-876.000000
-880.000000
-876.000000
-884.000000
-882.000000
-888.000000
-882.000000
-888.000000
-900.000000
-896.000000
-876.000000
-906.000000
-888.000000
-886.000000
-876.000000
-884.000000
-898.000000
-900.000000
-902.000000
-894.000000
-860.000000
-884.000000
-870.000000
-896.000000
-868.000000
-888.000000
-892.000000
-896.000000
-886.000000
-902.000000
-894.000000
-900.000000
-892.000000
-902.000000
-900.000000
-894.000000
-886.000000
-900.000000
-892.000000
-892.000000
-884.000000
-886.000000
-888.000000
-890.000000
-876.000000
-872.000000
-902.000000
-870.000000
-874.000000
-878.000000
-868.000000
-808.000000
-908.000000
-916.000000
-934.000000
-928.000000
-788.000000
-1092.000000
-966.000000
-906.000000
-976.000000
-954.000000
-952.000000
-954.000000
-980.000000
-972.000000
-964.000000
-960.000000
-972.000000
-982.000000
-976.000000
-972.000000
-972.000000
-994.000000
-982.000000
-978.000000
-972.000000
-998.000000
-980.000000
-970.000000
-970.000000
-990.000000
-982.000000
-980.000000
-968.000000
-986.000000
-986.000000
-970.000000
-968.000000
-982.000000
-988.000000
-982.000000
-972.000000
-988.000000
-980.000000
-974.000000
-966.000000
-992.000000
-964.000000
-994.000000
-984.000000
-1002.000000
-984.000000
-968.000000
-974.000000
-986.000000
-984.000000
-996.000000
-964.000000
-984.000000
-978.000000
-988.000000
-970.000000
-984.000000
-972.000000
-956.000000
-974.000000
-982.000000
-982.000000
-982.000000
-974.000000
-970.000000
-994.000000
-968.000000
-970.000000
-974.000000
-978.000000
-968.000000
-974.000000
-978.000000
-972.000000
-978.000000
-976.000000
-984.000000
-982.000000
-978.000000
-970.000000
-974.000000
-974.000000
-988.000000
-970.000000
-970.000000
-980.000000
-978.000000
-962.000000
-970.000000
-980.000000
-986.000000
-962.000000
-962.000000
-982.000000
-982.000000
-960.000000
-982.000000
-980.000000
-974.000000
-970.000000
-970.000000
-986.000000
-994.000000
-958.000000
-992.000000
-982.000000
-974.000000
-968.000000
-1002.000000
-976.000000
-972.000000
-970.000000
-974.000000
-984.000000
-962.000000
-958.000000
-994.000000
-976.000000
-970.000000
-970.000000
-952.000000
-974.000000
-986.000000
-946.000000
-962.000000
-964.000000
-978.000000
-970.000000
-968.000000
-980.000000
-986.000000
-952.000000
-966.000000
-988.000000
-982.000000
-954.000000
-976.000000
-984.000000
-972.000000
-980.000000
-976.000000
-962.000000
-972.000000
-964.000000
-968.000000
-972.000000
-972.000000
-962.000000
-982.000000
-960.000000
-972.000000
-956.000000
-972.000000
-968.000000
-976.000000
-964.000000
-968.000000
-978.000000
-980.000000
-958.000000
-952.000000
-974.000000
-962.000000
-952.000000
-964.000000
-962.000000
-982.000000
-960.000000
-958.000000
-948.000000
-982.000000
-978.000000
-970.000000
-984.000000
-986.000000
-966.000000
-980.000000
-984.000000
-962.000000
-954.000000
-968.000000
-972.000000
-968.000000
-964.000000
-970.000000
-962.000000
-982.000000
-960.000000
-984.000000
-970.000000
-946.000000
-936.000000
-982.000000
-978.000000
-1026.000000
-992.000000
-994.000000
-968.000000
-956.000000
-958.000000
-974.000000
-984.000000
-980.000000
-970.000000
-994.000000
-1004.000000
-1012.000000
-980.000000
-976.000000
-976.000000
-962.000000
-966.000000
-984.000000
-984.000000
-982.000000
-986.000000
-996.000000
-992.000000
-968.000000
-988.000000
-992.000000
-1000.000000
-966.000000
-978.000000
-988.000000
-996.000000
-980.000000
-970.000000
-992.000000
-1006.000000
-990.000000
-972.000000
-986.000000
-994.000000
-1000.000000
-980.000000
-988.000000
-1008.000000
-992.000000
-1032.000000
-1072.000000
-986.000000
-1018.000000
-998.000000
-1016.000000
-1008.000000
-1006.000000
-986.000000
-1012.000000
-1026.000000
-1010.000000
-1000.000000
-1022.000000
-1014.000000
-998.000000
-994.000000
-1028.000000
-1016.000000
-1006.000000
-1008.000000
-1020.000000
-1016.000000
-1016.000000
-1016.000000
-1020.000000
-1018.000000
-1022.000000
-1006.000000
-1012.000000
-1016.000000
-1004.000000
-1004.000000
-1016.000000
-1002.000000
-1018.000000
-1016.000000
-1020.000000
-1000.000000
-1012.000000
-1022.000000
-1000.000000
-1022.000000
-1016.000000
-1014.000000
-1014.000000
-1016.000000
-1032.000000
-1004.000000
-1002.000000
-1012.000000
-1024.000000
-1022.000000
-1022.000000
-1004.000000
-1010.000000
-1022.000000
-1014.000000
-1004.000000
-1016.000000
-1020.000000
-1016.000000
-1014.000000
-1018.000000
-992.000000
-1018.000000
-1026.000000
-1010.000000
-1008.000000
-1006.000000
-1018.000000
-1020.000000
-998.000000
-1014.000000
-1018.000000
-1016.000000
-1014.000000
-1034.000000
-1012.000000
-1016.000000
-996.000000
-1002.000000
-1008.000000
-1012.000000
-1006.000000
-1024.000000
-1002.000000
-1002.000000
-1006.000000
-1016.000000
-1004.000000
-996.000000
-1004.000000
-1006.000000
-1010.000000
-1012.000000
-1004.000000
-1002.000000
-1004.000000
-1034.000000
-1006.000000
-1016.000000
-1008.000000
-1020.000000
-986.000000
-990.000000
-1008.000000
-1008.000000
-988.000000
-1002.000000
-1010.000000
-1018.000000
-998.000000
-1010.000000
-1004.000000
-1010.000000
-988.000000
-1000.000000
-1008.000000
-1008.000000
-978.000000
-1012.000000
-1012.000000
-1008.000000
-990.000000
-1020.000000
-1000.000000
-1012.000000
-1000.000000
-1004.000000
-1004.000000
-1012.000000
-1004.000000
-1012.000000
-1026.000000
-1008.000000
-990.000000
-1002.000000
-1014.000000
-1004.000000
-996.000000
-1010.000000
-1016.000000
-1016.000000
-1010.000000
-1008.000000
-1026.000000
-1016.000000
-1000.000000
-1010.000000
-1010.000000
-1018.000000
-998.000000
-996.000000
-1010.000000
-1002.000000
-1012.000000
-996.000000
-1004.000000
-1010.000000
-1012.000000
-1014.000000
-996.000000
-1014.000000
-996.000000
-1018.000000
-1020.000000
-1010.000000
-990.000000
-998.000000
-1022.000000
-996.000000
-1004.000000
-1010.000000
-1010.000000
-994.000000
-984.000000
-1000.000000
-1004.000000
-1012.000000
-982.000000
-1014.000000
-1000.000000
-1014.000000
-990.000000
-1000.000000
-1008.000000
-1008.000000
-994.000000
-1004.000000
-1008.000000
-1004.000000
-992.000000
-1008.000000
-1014.000000
-1004.000000
-996.000000
-1012.000000
-1000.000000
-1006.000000
-1004.000000
-998.000000
-998.000000
-1028.000000
-992.000000
-996.000000
-1020.000000
-1030.000000
-982.000000
-1020.000000
-1016.000000
-1020.000000
-1008.000000
-1004.000000
-1002.000000
-1016.000000
-1004.000000
-998.000000
-1008.000000
-992.000000
-998.000000
-1020.000000
-1004.000000
-1010.000000
-990.000000
-996.000000
-1008.000000
-998.000000
-996.000000
-1004.000000
-1002.000000
-1016.000000
-988.000000
-1008.000000
-1002.000000
-1004.000000
-1002.000000
-1024.000000
-1012.000000
-996.000000
-990.000000
-1016.000000
-1022.000000
-1012.000000
-996.000000
-1012.000000
-1008.000000
-1006.000000
-1002.000000
-1008.000000
-1010.000000
-998.000000
-984.000000
-994.000000
-1012.000000
-1006.000000
-972.000000
-992.000000
-1000.000000
-994.000000
-992.000000
-1012.000000
-994.000000
-1008.000000
-984.000000
-1002.000000
-1006.000000
-1004.000000
-990.000000
-1008.000000
-1008.000000
-1004.000000
-1000.000000
-1012.000000
-1012.000000
-1008.000000
-984.000000
-1010.000000
-1012.000000
-1024.000000
-998.000000
-1014.000000
-1008.000000
-1018.000000
-1004.000000
-1022.000000
-1012.000000
-1014.000000
-1000.000000
-1014.000000
-1010.000000
-1008.000000
-1000.000000
-990.000000
-1006.000000
-1028.000000
-1002.000000
-1000.000000
-1006.000000
-1008.000000
-1000.000000
-998.000000
-998.000000
-1006.000000
-1004.000000
-1020.000000
-1016.000000
-1006.000000
-1014.000000
-1008.000000
-994.000000
-1002.000000
-984.000000
-1016.000000
-990.000000
-1016.000000
-1008.000000
-1012.000000
-1016.000000
-1012.000000
-992.000000
-1000.000000
-990.000000
-1006.000000
-996.000000
-1002.000000
-1012.000000
-998.000000
-992.000000
-1010.000000
-1004.000000
-998.000000
-988.000000
-1006.000000
-998.000000
-1004.000000
-990.000000
-992.000000
-1006.000000
-1026.000000
-990.000000
-998.000000
-1006.000000
-1008.000000
-994.000000
-994.000000
-1004.000000
-1006.000000
-984.000000
-994.000000
-1006.000000
-1004.000000
-994.000000
-1020.000000
-1012.000000
-1006.000000
-986.000000
-1000.000000
-1004.000000
-1012.000000
-990.000000
-994.000000
-1000.000000
-1006.000000
-994.000000
-994.000000
-1018.000000
-1028.000000
-996.000000
-1006.000000
-1012.000000
-1014.000000
-992.000000
-1006.000000
-1006.000000
-1006.000000
-1010.000000
-1008.000000
-1012.000000
-1012.000000
-994.000000
-1012.000000
-990.000000
-1002.000000
-992.000000
-1020.000000
-1004.000000
-1024.000000
-1008.000000
-992.000000
-1006.000000
-1014.000000
-996.000000
-1006.000000
-1008.000000
-1014.000000
-1018.000000
-1002.000000
-1010.000000
-1018.000000
-996.000000
-1014.000000
-1030.000000
-1020.000000
-994.000000
-1012.000000
-1022.000000
-1024.000000
-992.000000
-1018.000000
-1016.000000
-1010.000000
-990.000000
-1004.000000
-1004.000000
-1018.000000
-998.000000
-1000.000000
-1010.000000
-1004.000000
-992.000000
-1014.000000
-1012.000000
-992.000000
-998.000000
-1016.000000
-1008.000000
-1006.000000
-1002.000000
-1006.000000
-1004.000000
-1008.000000
-996.000000
-988.000000
-998.000000
-1006.000000
-980.000000
-1004.000000
-1000.000000
-996.000000
-1000.000000
-1004.000000
-1002.000000
-1022.000000
-984.000000
-1020.000000
-1006.000000
-1014.000000
-978.000000
-1000.000000
-1014.000000
-1028.000000
-998.000000
-996.000000
-996.000000
-1000.000000
-988.000000
-1012.000000
-1004.000000
-1008.000000
-990.000000
-1000.000000
-1010.000000
-1002.000000
-986.000000
-1008.000000
-1002.000000
-1006.000000
-988.000000
-1012.000000
-1002.000000
-996.000000
-992.000000
-1000.000000
-996.000000
-1006.000000
-986.000000
-998.000000
-998.000000
-1006.000000
-1000.000000
-1002.000000
-1012.000000
-1002.000000
-1008.000000
-1004.000000
-1000.000000
-1008.000000
-1000.000000
-992.000000
-1018.000000
-1006.000000
-1004.000000
-996.000000
-1006.000000
-1000.000000
-1000.000000
-1012.000000
-1004.000000
-996.000000
-966.000000
-1008.000000
-1010.000000
-994.000000
-994.000000
-998.000000
-1016.000000
-996.000000
-1000.000000
-1002.000000
-1020.000000
-1012.000000
-996.000000
-1012.000000
-1002.000000
-998.000000
-992.000000
-990.000000
-1018.000000
-1000.000000
-990.000000
-998.000000
-1028.000000
-1024.000000
-994.000000
-1018.000000
-1000.000000
-998.000000
-988.000000
-1000.000000
-1002.000000
-1000.000000
-1002.000000
-1000.000000
-1000.000000
-1000.000000
-996.000000
-994.000000
-1000.000000
-1010.000000
-990.000000
-1002.000000
-1022.000000
-994.000000
-1012.000000
-1014.000000
-1014.000000
-1006.000000
-990.000000
-988.000000
-1018.000000
-1004.000000
-1004.000000
-1006.000000
-1014.000000
-994.000000
-996.000000
-1008.000000
-1004.000000
-1010.000000
-996.000000
-1010.000000
-1006.000000
-1020.000000
-986.000000
-994.000000
-994.000000
-1006.000000
-980.000000
-994.000000
-1008.000000
-994.000000
-986.000000
-1002.000000
-1000.000000
-990.000000
-994.000000
-1012.000000
-1018.000000
-996.000000
-996.000000
-1020.000000
-1002.000000
-1010.000000
-992.000000
-1004.000000
-1014.000000
-994.000000
-1006.000000
-1006.000000
-1012.000000
-1024.000000
-984.000000
-998.000000
-1010.000000
-1008.000000
-992.000000
-1010.000000
-992.000000
-1022.000000
-988.000000
-1010.000000
-994.000000
-998.000000
-980.000000
-992.000000
-1010.000000
-1010.000000
-992.000000
-1004.000000
-1034.000000
-1008.000000
-1004.000000
-1012.000000
-994.000000
-1010.000000
-986.000000
-1008.000000
-1008.000000
-1006.000000
-998.000000
-1010.000000
-1012.000000
-1014.000000
-986.000000
-1012.000000
-994.000000
-1012.000000
-1002.000000
-1020.000000
-1014.000000
-1006.000000
-992.000000
-996.000000
-1000.000000
-1004.000000
-988.000000
-1004.000000
-998.000000
-1004.000000
-976.000000
-1006.000000
-1014.000000
-1014.000000
-998.000000
-990.000000
-1002.000000
-1002.000000
-988.000000
-992.000000
-1020.000000
-1028.000000
-988.000000
-994.000000
-994.000000
-1002.000000
-986.000000
-988.000000
-996.000000
-1006.000000
-992.000000
-1000.000000
-1012.000000
-1020.000000
-992.000000
-986.000000
-1008.000000
-1012.000000
-994.000000
-996.000000
-1004.000000
-1002.000000
-998.000000
-1000.000000
-1016.000000
-1004.000000
-982.000000
-980.000000
-988.000000
-992.000000
-982.000000
-1002.000000
-998.000000
-986.000000
-996.000000
-1026.000000
-1018.000000
-1000.000000
-982.000000
-988.000000
-988.000000
-980.000000
-992.000000
-1006.000000
-988.000000
-996.000000
-984.000000
-1012.000000
-994.000000
-1020.000000
-986.000000
-994.000000
-998.000000
-992.000000
-986.000000
-1002.000000
-994.000000
-988.000000
-982.000000
-998.000000
-996.000000
-1018.000000
-988.000000
-1002.000000
-1014.000000
-998.000000
-996.000000
-994.000000
-1008.000000
-1008.000000
-986.000000
-1002.000000
-1022.000000
-996.000000
-970.000000
-968.000000
-976.000000
-994.000000
-990.000000
-988.000000
-994.000000
-988.000000
-986.000000
-1002.000000
-988.000000
-994.000000
-980.000000
-986.000000
-988.000000
-998.000000
-990.000000
-1008.000000
-996.000000
-994.000000
-988.000000
-1006.000000
-994.000000
-976.000000
-976.000000
-1012.000000
-984.000000
-992.000000
-992.000000
-1000.000000
-990.000000
-976.000000
-954.000000
-976.000000
-994.000000
-986.000000
-984.000000
-994.000000
-990.000000
-994.000000
-980.000000
-988.000000
-974.000000
-982.000000
-990.000000
-998.000000
-986.000000
-976.000000
-982.000000
-992.000000
-986.000000
-992.000000
-976.000000
-988.000000
-994.000000
-986.000000
-982.000000
-992.000000
-986.000000
-996.000000
-974.000000
-986.000000
-990.000000
-980.000000
-964.000000
-984.000000
-976.000000
-982.000000
-966.000000
-974.000000
-982.000000
-978.000000
-972.000000
-1002.000000
-1006.000000
-986.000000
-960.000000
-970.000000
-982.000000
-988.000000
-958.000000
-970.000000
-986.000000
-986.000000
-962.000000
-974.000000
-990.000000
-984.000000
-978.000000
-962.000000
-982.000000
-978.000000
-976.000000
-984.000000
-990.000000
-982.000000
-966.000000
-1000.000000
-998.000000
-986.000000
-946.000000
-982.000000
-984.000000
-984.000000
-986.000000
-996.000000
-988.000000
-990.000000
-972.000000
-970.000000
-992.000000
-966.000000
-956.000000
-984.000000
-998.000000
-998.000000
-976.000000
-990.000000
-996.000000
-982.000000
-976.000000
-970.000000
-972.000000
-984.000000
-976.000000
-984.000000
-992.000000
-984.000000
-994.000000
-986.000000
-982.000000
-972.000000
-970.000000
-970.000000
-980.000000
-992.000000
-964.000000
-980.000000
-984.000000
-1002.000000
-972.000000
-980.000000
-978.000000
-972.000000
-962.000000
-980.000000
-974.000000
-990.000000
-976.000000
-984.000000
-984.000000
-972.000000
-964.000000
-972.000000
-986.000000
-972.000000
-966.000000
-968.000000
-988.000000
-982.000000
-960.000000
-986.000000
-986.000000
-980.000000
-954.000000
-968.000000
-982.000000
-980.000000
-968.000000
-978.000000
-978.000000
-982.000000
-964.000000
-974.000000
-974.000000
-972.000000
-958.000000
-978.000000
-980.000000
-970.000000
-974.000000
-980.000000
-988.000000
-996.000000
-968.000000
-958.000000
-964.000000
-970.000000
-970.000000
-986.000000
-982.000000
-994.000000
-972.000000
-976.000000
-980.000000
-978.000000
-946.000000
-960.000000
-984.000000
-996.000000
-972.000000
-968.000000
-974.000000
-972.000000
-970.000000
-980.000000
-972.000000
-974.000000
-948.000000
-994.000000
-980.000000
-980.000000
-982.000000
-970.000000
-968.000000
-986.000000
-976.000000
-980.000000
-980.000000
-978.000000
-964.000000
-986.000000
-984.000000
-984.000000
-950.000000
-984.000000
-976.000000
-972.000000
-956.000000
-976.000000
-998.000000
-1002.000000
-958.000000
-986.000000
-966.000000
-974.000000
-968.000000
-972.000000
-974.000000
-980.000000
-976.000000
-984.000000
-978.000000
-974.000000
-976.000000
-978.000000
-990.000000
-974.000000
-966.000000
-970.000000
-980.000000
-980.000000
-966.000000
-978.000000
-978.000000
-990.000000
-976.000000
-986.000000
-974.000000
-968.000000
-974.000000
-982.000000
-976.000000
-980.000000
-958.000000
-962.000000
-990.000000
-980.000000
-978.000000
-978.000000
-980.000000
-992.000000
-966.000000
-974.000000
-988.000000
-974.000000
-988.000000
-980.000000
-984.000000
-994.000000
-976.000000
-976.000000
-972.000000
-970.000000
-956.000000
-972.000000
-980.000000
-990.000000
-968.000000
-980.000000
-984.000000
-976.000000
-952.000000
-976.000000
-978.000000
-986.000000
-968.000000
-990.000000
-984.000000
-982.000000
-974.000000
-978.000000
-970.000000
-964.000000
-964.000000
-990.000000
-968.000000
-970.000000
-962.000000
-982.000000
-988.000000
-980.000000
-962.000000
-978.000000
-956.000000
-976.000000
-956.000000
-980.000000
-968.000000
-982.000000
-958.000000
-974.000000
-986.000000
-964.000000
-964.000000
-976.000000
-974.000000
-994.000000
-980.000000
-976.000000
-980.000000
-976.000000
-970.000000
-972.000000
-976.000000
-982.000000
-976.000000
-974.000000
-984.000000
-976.000000
-974.000000
-976.000000
-992.000000
-976.000000
-960.000000
-974.000000
-978.000000
-984.000000
-952.000000
-970.000000
-950.000000
-980.000000
-964.000000
-984.000000
-984.000000
-982.000000
-960.000000
-972.000000
-990.000000
-974.000000
-968.000000
-976.000000
-986.000000
-992.000000
-974.000000
-974.000000
-974.000000
-986.000000
-964.000000
-970.000000
-978.000000
-978.000000
-966.000000
-978.000000
-976.000000
-980.000000
-968.000000
-982.000000
-972.000000
-982.000000
-948.000000
-962.000000
-974.000000
-980.000000
-956.000000
-972.000000
-982.000000
-988.000000
-970.000000
-980.000000
-970.000000
-984.000000
-972.000000
-970.000000
-980.000000
-982.000000
-958.000000
-974.000000
-964.000000
-976.000000
-970.000000
-964.000000
-976.000000
-972.000000
-976.000000
-982.000000
-974.000000
-978.000000
-972.000000
-990.000000
-974.000000
-974.000000
-952.000000
-980.000000
-978.000000
-992.000000
-964.000000
-984.000000
-986.000000
-982.000000
-970.000000
-980.000000
-970.000000
-968.000000
-972.000000
-972.000000
-974.000000
-976.000000
-968.000000
-976.000000
-996.000000
-990.000000
-962.000000
-974.000000
-976.000000
-970.000000
-964.000000
-982.000000
-980.000000
-984.000000
-962.000000
-964.000000
-960.000000
-982.000000
-942.000000
-960.000000
-976.000000
-976.000000
-978.000000
-984.000000
-970.000000
-980.000000
-950.000000
-968.000000
-986.000000
-980.000000
-976.000000
-970.000000
-980.000000
-980.000000
-956.000000
-982.000000
-960.000000
-976.000000
-940.000000
-986.000000
-976.000000
-972.000000
-978.000000
-990.000000
-982.000000
-974.000000
-970.000000
-976.000000
-978.000000
-958.000000
-960.000000
-978.000000
-978.000000
-984.000000
-966.000000
-970.000000
-974.000000
-974.000000
-962.000000
-974.000000
-980.000000
-982.000000
-972.000000
-970.000000
-980.000000
-958.000000
-952.000000
-968.000000
-954.000000
-966.000000
-970.000000
-976.000000
-974.000000
-982.000000
-970.000000
-962.000000
-984.000000
-982.000000
-918.000000
-954.000000
-966.000000
-978.000000
-968.000000
-972.000000
-978.000000
-972.000000
-966.000000
-972.000000
-966.000000
-960.000000
-968.000000
-970.000000
-976.000000
-968.000000
-960.000000
-964.000000
-966.000000
-988.000000
-962.000000
-946.000000
-980.000000
-970.000000
-964.000000
-972.000000
-946.000000
-966.000000
-956.000000
-986.000000
-982.000000
-966.000000
-954.000000
-932.000000
-970.000000
-962.000000
-958.000000
-966.000000
-950.000000
-978.000000
-966.000000
-962.000000
-958.000000
-964.000000
-952.000000
-966.000000
-982.000000
-962.000000
-946.000000
-962.000000
-998.000000
-958.000000
-942.000000
-964.000000
-972.000000
-968.000000
-962.000000
-962.000000
-960.000000
-970.000000
-940.000000
-962.000000
-972.000000
-962.000000
-940.000000
-962.000000
-950.000000
-972.000000
-948.000000
-950.000000
-962.000000
-974.000000
-944.000000
-964.000000
-952.000000
-974.000000
-950.000000
-974.000000
-974.000000
-964.000000
-936.000000
-980.000000
-972.000000
-968.000000
-952.000000
-970.000000
-982.000000
-990.000000
-966.000000
-962.000000
-960.000000
-954.000000
-962.000000
-960.000000
-956.000000
-954.000000
-944.000000
-958.000000
-966.000000
-956.000000
-948.000000
-950.000000
-966.000000
-966.000000
-950.000000
-954.000000
-968.000000
-958.000000
-966.000000
-964.000000
-970.000000
-952.000000
-934.000000
-966.000000
-956.000000
-980.000000
-948.000000
-972.000000
-970.000000
-962.000000
-948.000000
-958.000000
-972.000000
-958.000000
-930.000000
-944.000000
-950.000000
-964.000000
-946.000000
-942.000000
-964.000000
-968.000000
-954.000000
-954.000000
-956.000000
-964.000000
-946.000000
-944.000000
-960.000000
-956.000000
-950.000000
-962.000000
-974.000000
-958.000000
-940.000000
-964.000000
-954.000000
-978.000000
-928.000000
-948.000000
-970.000000
-982.000000
-940.000000
-968.000000
-972.000000
-968.000000
-932.000000
-954.000000
-956.000000
-940.000000
-934.000000
-948.000000
-950.000000
-966.000000
-940.000000
-942.000000
-954.000000
-958.000000
-934.000000
-938.000000
-934.000000
-960.000000
-954.000000
-942.000000
-944.000000
-952.000000
-930.000000
-964.000000
-944.000000
-944.000000
-936.000000
-956.000000
-952.000000
-976.000000
-956.000000
-966.000000
-966.000000
-946.000000
-950.000000
-952.000000
-958.000000
-958.000000
-932.000000
-950.000000
-948.000000
-940.000000
-950.000000
-966.000000
-964.000000
-964.000000
-952.000000
-950.000000
-954.000000
-946.000000
-948.000000
-972.000000
-960.000000
-952.000000
-944.000000
-962.000000
-960.000000
-940.000000
-946.000000
-962.000000
-962.000000
-962.000000
-946.000000
-952.000000
-950.000000
-974.000000
-938.000000
-928.000000
-944.000000
-964.000000
-944.000000
-954.000000
-956.000000
-942.000000
-950.000000
-946.000000
-962.000000
-950.000000
-946.000000
-966.000000
-974.000000
-960.000000
-944.000000
-950.000000
-962.000000
-956.000000
-948.000000
-962.000000
-982.000000
-976.000000
-944.000000
-950.000000
-968.000000
-952.000000
-940.000000
-942.000000
-948.000000
-950.000000
-944.000000
-950.000000
-968.000000
-956.000000
-926.000000
-962.000000
-958.000000
-966.000000
-948.000000
-950.000000
-934.000000
-954.000000
-934.000000
-962.000000
-954.000000
-952.000000
-932.000000
-960.000000
-960.000000
-958.000000
-952.000000
-964.000000
-944.000000
-954.000000
-936.000000
-940.000000
-926.000000
-936.000000
-932.000000
-970.000000
-972.000000
-956.000000
-924.000000
-960.000000
-946.000000
-944.000000
-948.000000
-966.000000
-938.000000
-954.000000
-942.000000
-968.000000
-936.000000
-960.000000
-948.000000
-960.000000
-960.000000
-952.000000
-958.000000
-972.000000
-962.000000
-950.000000
-940.000000
-958.000000
-964.000000
-966.000000
-924.000000
-956.000000
-978.000000
-952.000000
-924.000000
-952.000000
-952.000000
-944.000000
-954.000000
-972.000000
-958.000000
-946.000000
-934.000000
-956.000000
-942.000000
-948.000000
-940.000000
-964.000000
-972.000000
-956.000000
-936.000000
-922.000000
-968.000000
-940.000000
-942.000000
-950.000000
-964.000000
-950.000000
-930.000000
-944.000000
-952.000000
-952.000000
-930.000000
-932.000000
-952.000000
-950.000000
-932.000000
-952.000000
-958.000000
-968.000000
-946.000000
-954.000000
-948.000000
-922.000000
-930.000000
-934.000000
-952.000000
-950.000000
-952.000000
-952.000000
-952.000000
-956.000000
-932.000000
-948.000000
-958.000000
-948.000000
-952.000000
-938.000000
-940.000000
-934.000000
-950.000000
-958.000000
-954.000000
-940.000000
-916.000000
-954.000000
-918.000000
-956.000000
-940.000000
-958.000000
-934.000000
-966.000000
-950.000000
-948.000000
-954.000000
-960.000000
-936.000000
-940.000000
-948.000000
-948.000000
-950.000000
-946.000000
-964.000000
-944.000000
-916.000000
-946.000000
-962.000000
-952.000000
-932.000000
-934.000000
-954.000000
-960.000000
-922.000000
-962.000000
-952.000000
-930.000000
-944.000000
-946.000000
-976.000000
-976.000000
-934.000000
-946.000000
-924.000000
-930.000000
-914.000000
-948.000000
-972.000000
-964.000000
-938.000000
-958.000000
-934.000000
-944.000000
-920.000000
-934.000000
-926.000000
-942.000000
-940.000000
-942.000000
-938.000000
-948.000000
-950.000000
-940.000000
-952.000000
-966.000000
-924.000000
-956.000000
-960.000000
-950.000000
-924.000000
-936.000000
-956.000000
-952.000000
-926.000000
-942.000000
-934.000000
-946.000000
-952.000000
-940.000000
-948.000000
-966.000000
-960.000000
-960.000000
-942.000000
-932.000000
-944.000000
-942.000000
-954.000000
-962.000000
-938.000000
-952.000000
-944.000000
-940.000000
-934.000000
-944.000000
-964.000000
-968.000000
-920.000000
-936.000000
-938.000000
-936.000000
-906.000000
-952.000000
-940.000000
-948.000000
-934.000000
-942.000000
-966.000000
-964.000000
-942.000000
-962.000000
-920.000000
-932.000000
-916.000000
-942.000000
-942.000000
-936.000000
-934.000000
-948.000000
-966.000000
-934.000000
-936.000000
-940.000000
-940.000000
-942.000000
-926.000000
-940.000000
-952.000000
-960.000000
-928.000000
-930.000000
-946.000000
-940.000000
-932.000000
-950.000000
-928.000000
-938.000000
-930.000000
-958.000000
-958.000000
-932.000000
-934.000000
-956.000000
-968.000000
-944.000000
-912.000000
-934.000000
-942.000000
-978.000000
-908.000000
-944.000000
-964.000000
-956.000000
-934.000000
-938.000000
-924.000000
-944.000000
-922.000000
-942.000000
-956.000000
-946.000000
-932.000000
-940.000000
-948.000000
-950.000000
-918.000000
-906.000000
-936.000000
-954.000000
-944.000000
-968.000000
-942.000000
-954.000000
-930.000000
-948.000000
-932.000000
-940.000000
-934.000000
-958.000000
-950.000000
-946.000000
-932.000000
-928.000000
-942.000000
-934.000000
-928.000000
-944.000000
-942.000000
-962.000000
-942.000000
-964.000000
-942.000000
-918.000000
-918.000000
-942.000000
-942.000000
-950.000000
-940.000000
-954.000000
-956.000000
-956.000000
-942.000000
-948.000000
-936.000000
-922.000000
-938.000000
-932.000000
-948.000000
-952.000000
-920.000000
-960.000000
-950.000000
-954.000000
-910.000000
-940.000000
-942.000000
-946.000000
-928.000000
-944.000000
-946.000000
-958.000000
-942.000000
-952.000000
-940.000000
-952.000000
-920.000000
-926.000000
-942.000000
-924.000000
-946.000000
-944.000000
-936.000000
-952.000000
-920.000000
-938.000000
-938.000000
-926.000000
-910.000000
-944.000000
-958.000000
-952.000000
-920.000000
-942.000000
-946.000000
-932.000000
-914.000000
-934.000000
-942.000000
-938.000000
-938.000000
-968.000000
-920.000000
-922.000000
-928.000000
-960.000000
-982.000000
-938.000000
-936.000000
-930.000000
-934.000000
-936.000000
-914.000000
-918.000000
-928.000000
-952.000000
-926.000000
-940.000000
-940.000000
-966.000000
-922.000000
-940.000000
-920.000000
-932.000000
-920.000000
-916.000000
-926.000000
-922.000000
-920.000000
-932.000000
-950.000000
-950.000000
-948.000000
-954.000000
-930.000000
-934.000000
-936.000000
-920.000000
-958.000000
-918.000000
-926.000000
-946.000000
-942.000000
-932.000000
-930.000000
-940.000000
-946.000000
-944.000000
-934.000000
-926.000000
-932.000000
-930.000000
-932.000000
-942.000000
-954.000000
-932.000000
-936.000000
-958.000000
-948.000000
-948.000000
-920.000000
-926.000000
-924.000000
-932.000000
-942.000000
-940.000000
-954.000000
-952.000000
-938.000000
-934.000000
-948.000000
-934.000000
-920.000000
-930.000000
-920.000000
-938.000000
-914.000000
-926.000000
-930.000000
-918.000000
-938.000000
-960.000000
-952.000000
-924.000000
-924.000000
-936.000000
-932.000000
-902.000000
-926.000000
-954.000000
-940.000000
-946.000000
-928.000000
-944.000000
-938.000000
-934.000000
-908.000000
-952.000000
-960.000000
-944.000000
-920.000000
-938.000000
-946.000000
-938.000000
-938.000000
-950.000000
-932.000000
-928.000000
-924.000000
-962.000000
-916.000000
-928.000000
-920.000000
-944.000000
-920.000000
-938.000000
-928.000000
-932.000000
-954.000000
-932.000000
-910.000000
-932.000000
-922.000000
-952.000000
-922.000000
-922.000000
-926.000000
-936.000000
-914.000000
-916.000000
-936.000000
-960.000000
-910.000000
-914.000000
-930.000000
-946.000000
-912.000000
-936.000000
-948.000000
-932.000000
-906.000000
-930.000000
-936.000000
-930.000000
-936.000000
-932.000000
-924.000000
-664.000000
-836.000000
-934.000000
-898.000000
-896.000000
-908.000000
-900.000000
-1008.000000
-958.000000
-916.000000
-904.000000
-922.000000
-932.000000
-898.000000
-906.000000
-900.000000
-924.000000
-922.000000
-910.000000
-934.000000
-898.000000
-914.000000
-918.000000
-914.000000
-924.000000
-898.000000
-898.000000
-906.000000
-904.000000
-900.000000
-910.000000
-924.000000
-894.000000
-918.000000
-920.000000
-930.000000
-912.000000
-906.000000
-908.000000
-932.000000
-904.000000
-908.000000
-914.000000
-918.000000
-900.000000
-902.000000
-936.000000
-912.000000
-922.000000
-896.000000
-910.000000
-910.000000
-902.000000
-900.000000
-914.000000
-920.000000
-912.000000
-908.000000
-938.000000
-922.000000
-910.000000
-900.000000
-914.000000
-898.000000
-898.000000
-896.000000
-934.000000
-920.000000
-918.000000
-896.000000
-906.000000
-916.000000
-906.000000
-892.000000
-906.000000
-904.000000
-906.000000
-890.000000
-910.000000
-922.000000
-922.000000
-906.000000
-920.000000
-894.000000
-916.000000
-902.000000
-910.000000
-928.000000
-916.000000
-878.000000
-912.000000
-888.000000
-900.000000
-896.000000
-918.000000
-902.000000
-906.000000
-914.000000
-930.000000
-940.000000
-906.000000
-872.000000
-922.000000
-902.000000
-916.000000
-898.000000
-920.000000
-902.000000
-934.000000
-912.000000
-912.000000
-952.000000
-918.000000
-896.000000
-932.000000
-932.000000
-918.000000
-896.000000
-912.000000
-928.000000
-924.000000
-908.000000
-898.000000
-914.000000
-916.000000
-896.000000
-896.000000
-918.000000
-930.000000
-918.000000
-924.000000
-912.000000
-900.000000
-890.000000
-902.000000
-910.000000
-918.000000
-904.000000
-914.000000
-916.000000
-918.000000
-910.000000
-912.000000
-906.000000
-918.000000
-912.000000
-914.000000
-926.000000
-902.000000
-904.000000
-948.000000
-934.000000
-938.000000
-892.000000
-894.000000
-908.000000
-912.000000
-894.000000
-902.000000
-918.000000
-924.000000
-920.000000
-918.000000
-910.000000
-900.000000
-898.000000
-896.000000
-914.000000
-906.000000
-910.000000
-924.000000
-910.000000
-924.000000
-886.000000
-922.000000
-904.000000
-914.000000
-914.000000
-920.000000
-904.000000
-912.000000
-906.000000
-912.000000
-924.000000
-910.000000
-898.000000
-912.000000
-916.000000
-906.000000
-904.000000
-910.000000
-924.000000
-916.000000
-912.000000
-918.000000
-910.000000
-932.000000
-898.000000
-920.000000
-886.000000
-910.000000
-900.000000
-918.000000
-908.000000
-904.000000
-900.000000
-926.000000
-906.000000
-920.000000
-904.000000
-918.000000
-896.000000
-916.000000
-892.000000
-912.000000
-914.000000
-904.000000
-902.000000
-932.000000
-910.000000
-916.000000
-904.000000
-912.000000
-920.000000
-914.000000
-886.000000
-906.000000
-900.000000
-918.000000
-900.000000
-930.000000
-920.000000
-916.000000
-900.000000
-908.000000
-912.000000
-914.000000
-914.000000
-920.000000
-922.000000
-910.000000
-916.000000
-922.000000
-912.000000
-908.000000
-904.000000
-926.000000
-898.000000
-888.000000
-926.000000
-920.000000
-920.000000
-912.000000
-894.000000
-942.000000
-912.000000
-914.000000
-902.000000
-914.000000
-914.000000
-900.000000
-914.000000
-914.000000
-936.000000
-936.000000
-900.000000
-928.000000
-930.000000
-946.000000
-908.000000
-950.000000
-912.000000
-946.000000
-904.000000
-912.000000
-912.000000
-906.000000
-896.000000
-920.000000
-918.000000
-930.000000
-898.000000
-908.000000
-944.000000
-914.000000
-896.000000
-914.000000
-920.000000
-908.000000
-900.000000
-916.000000
-898.000000
-902.000000
-910.000000
-926.000000
-922.000000
-928.000000
-898.000000
-904.000000
-910.000000
-904.000000
-902.000000
-918.000000
-954.000000
-908.000000
-892.000000
-908.000000
-908.000000
-916.000000
-900.000000
-904.000000
-916.000000
-924.000000
-916.000000
-918.000000
-906.000000
-912.000000
-908.000000
-900.000000
-910.000000
-904.000000
-910.000000
-904.000000
-910.000000
-916.000000
-896.000000
-908.000000
-920.000000
-912.000000
-908.000000
-906.000000
-916.000000
-910.000000
-910.000000
-902.000000
-916.000000
-914.000000
-894.000000
-916.000000
-900.000000
-918.000000
-906.000000
-914.000000
-926.000000
-930.000000
-906.000000
-906.000000
-904.000000
-904.000000
-898.000000
-912.000000
-922.000000
-910.000000
-900.000000
-902.000000
-918.000000
-904.000000
-908.000000
-920.000000
-906.000000
-900.000000
-900.000000
-916.000000
-922.000000
-914.000000
-894.000000
-892.000000
-914.000000
-910.000000
-892.000000
-904.000000
-918.000000
-908.000000
-892.000000
-924.000000
-898.000000
-900.000000
-896.000000
-908.000000
-904.000000
-910.000000
-900.000000
-916.000000
-902.000000
-908.000000
-898.000000
-908.000000
-916.000000
-920.000000
-884.000000
-896.000000
-896.000000
-912.000000
-902.000000
-918.000000
-924.000000
-944.000000
-910.000000
-906.000000
-902.000000
-898.000000
-900.000000
-902.000000
-922.000000
-904.000000
-906.000000
-930.000000
-912.000000
-910.000000
-886.000000
-918.000000
-928.000000
-898.000000
-898.000000
-918.000000
-916.000000
-912.000000
-898.000000
-928.000000
-904.000000
-912.000000
-896.000000
-896.000000
-908.000000
-930.000000
-904.000000
-932.000000
-908.000000
-908.000000
-894.000000
-914.000000
-900.000000
-912.000000
-902.000000
-908.000000
-906.000000
-930.000000
-912.000000
-908.000000
-888.000000
-882.000000
-900.000000
-914.000000
-948.000000
-950.000000
-956.000000
-948.000000
-964.000000
-962.000000
-968.000000
-814.000000
-918.000000
-982.000000
-950.000000
-990.000000
-938.000000
-976.000000
-990.000000
-978.000000
-1004.000000
-998.000000
-984.000000
-996.000000
-994.000000
-986.000000
-976.000000
-978.000000
-990.000000
-1002.000000
-972.000000
-1010.000000
-986.000000
-984.000000
-982.000000
-996.000000
-988.000000
-1000.000000
-992.000000
-1002.000000
-1002.000000
-984.000000
-980.000000
-1004.000000
-1004.000000
-1004.000000
-994.000000
-994.000000
-1004.000000
-1002.000000
-986.000000
-994.000000
-1008.000000
-992.000000
-982.000000
-994.000000
-1000.000000
-1004.000000
-984.000000
-1010.000000
-990.000000
-1008.000000
-1000.000000
-996.000000
-1006.000000
-1004.000000
-1004.000000
-1006.000000
-1006.000000
-1018.000000
-986.000000
-998.000000
-1012.000000
-1004.000000
-998.000000
-1012.000000
-994.000000
-1000.000000
-988.000000
-1004.000000
-1010.000000
-1010.000000
-988.000000
-1002.000000
-1012.000000
-1016.000000
-1002.000000
-1010.000000
-1008.000000
-1006.000000
-982.000000
-994.000000
-1010.000000
-1002.000000
-994.000000
-1002.000000
-1004.000000
-1000.000000
-1002.000000
-1012.000000
-1020.000000
-1008.000000
-996.000000
-1010.000000
-1002.000000
-998.000000
-994.000000
-1002.000000
-1014.000000
-1008.000000
-1000.000000
-1010.000000
-996.000000
-1006.000000
-1000.000000
-1006.000000
-996.000000
-1012.000000
-986.000000
-1004.000000
-996.000000
-1010.000000
-990.000000
-1016.000000
-1012.000000
-1002.000000
-1000.000000
-1012.000000
-1012.000000
-1008.000000
-984.000000
-1008.000000
-1006.000000
-1004.000000
-1000.000000
-1016.000000
-992.000000
-998.000000
-1004.000000
-1000.000000
-1006.000000
-1000.000000
-988.000000
-1004.000000
-1032.000000
-1038.000000
-990.000000
-1016.000000
-1000.000000
-1010.000000
-1004.000000
-1022.000000
-1004.000000
-1008.000000
-1010.000000
-992.000000
-1006.000000
-990.000000
-984.000000
-1004.000000
-1008.000000
-994.000000
-996.000000
-1014.000000
-994.000000
-1000.000000
-996.000000
-990.000000
-1012.000000
-1000.000000
-1008.000000
-998.000000
-1016.000000
-1026.000000
-1006.000000
-1004.000000
-1010.000000
-1002.000000
-990.000000
-1006.000000
-1002.000000
-1008.000000
-1002.000000
-1010.000000
-1016.000000
-1012.000000
-986.000000
-1002.000000
-1004.000000
-1000.000000
-984.000000
-1016.000000
-992.000000
-1006.000000
-994.000000
-1018.000000
-1004.000000
-998.000000
-1004.000000
-1016.000000
-998.000000
-1020.000000
-990.000000
-1008.000000
-1002.000000
-1022.000000
-1000.000000
-1014.000000
-1008.000000
-998.000000
-986.000000
-1014.000000
-1008.000000
-1006.000000
-994.000000
-1000.000000
-1004.000000
-1006.000000
-994.000000
-1012.000000
-996.000000
-1006.000000
-990.000000
-1016.000000
-1008.000000
-1002.000000
-992.000000
-1008.000000
-1002.000000
-1024.000000
-988.000000
-1014.000000
-1004.000000
-1004.000000
-982.000000
-1014.000000
-1006.000000
-1014.000000
-996.000000
-1016.000000
-1014.000000
-1032.000000
-986.000000
-1006.000000
-1000.000000
-1020.000000
-994.000000
-1002.000000
-1004.000000
-1014.000000
-998.000000
-996.000000
-1002.000000
-1006.000000
-994.000000
-1006.000000
-1006.000000
-1002.000000
-984.000000
-1012.000000
-1012.000000
-1010.000000
-986.000000
-996.000000
-1014.000000
-1000.000000
-994.000000
-1002.000000
-1002.000000
-1004.000000
-986.000000
-998.000000
-992.000000
-1002.000000
-1002.000000
-1006.000000
-996.000000
-996.000000
-990.000000
-1016.000000
-1000.000000
-998.000000
-996.000000
-1008.000000
-1008.000000
-1018.000000
-998.000000
-1006.000000
-1014.000000
-1032.000000
-994.000000
-1010.000000
-1004.000000
-1012.000000
-1000.000000
-992.000000
-1008.000000
-1012.000000
-1000.000000
-990.000000
-1014.000000
-1016.000000
-1008.000000
-1022.000000
-998.000000
-996.000000
-1002.000000
-1022.000000
-1014.000000
-1006.000000
-992.000000
-998.000000
-1000.000000
-990.000000
-990.000000
-998.000000
-1014.000000
-1016.000000
-990.000000
-1014.000000
-996.000000
-1020.000000
-984.000000
-1004.000000
-1006.000000
-1006.000000
-1012.000000
-1008.000000
-986.000000
-1010.000000
-996.000000
-1006.000000
-998.000000
-1008.000000
-996.000000
-1012.000000
-1006.000000
-1008.000000
-1006.000000
-1024.000000
-1006.000000
-994.000000
-998.000000
-1002.000000
-1004.000000
-1024.000000
-992.000000
-1000.000000
-996.000000
-1022.000000
-1000.000000
-1010.000000
-1026.000000
-996.000000
-1002.000000
-992.000000
-1010.000000
-1006.000000
-992.000000
-1004.000000
-1002.000000
-1018.000000
-1004.000000
-1004.000000
-1000.000000
-1006.000000
-986.000000
-1006.000000
-1006.000000
-1012.000000
-1004.000000
-1004.000000
-994.000000
-1026.000000
-984.000000
-1000.000000
-1018.000000
-1016.000000
-988.000000
-1004.000000
-1002.000000
-1014.000000
-976.000000
-1010.000000
-1016.000000
-1002.000000
-1002.000000
-998.000000
-1000.000000
-1016.000000
-994.000000
-1000.000000
-1018.000000
-1000.000000
-998.000000
-1010.000000
-1014.000000
-1000.000000
-1004.000000
-1006.000000
-994.000000
-1010.000000
-996.000000
-996.000000
-1016.000000
-1016.000000
-1002.000000
-1002.000000
-1004.000000
-1000.000000
-1000.000000
-1010.000000
-1006.000000
-998.000000
-992.000000
-1004.000000
-1014.000000
-988.000000
-994.000000
-1002.000000
-1024.000000
-992.000000
-986.000000
-1006.000000
-1008.000000
-1004.000000
-1000.000000
-1010.000000
-1014.000000
-996.000000
-992.000000
-1006.000000
-1002.000000
-1010.000000
-988.000000
-1024.000000
-1014.000000
-998.000000
-990.000000
-1006.000000
-1020.000000
-1010.000000
-990.000000
-996.000000
-1004.000000
-1008.000000
-992.000000
-994.000000
-1008.000000
-1008.000000
-986.000000
-1014.000000
-1000.000000
-1014.000000
-996.000000
-1002.000000
-1012.000000
-998.000000
-990.000000
-1024.000000
-1030.000000
-1020.000000
-988.000000
-1022.000000
-1006.000000
-996.000000
-990.000000
-1016.000000
-1010.000000
-1012.000000
-1006.000000
-1002.000000
-1030.000000
-1016.000000
-1000.000000
-1014.000000
-1002.000000
-1006.000000
-988.000000
-1012.000000
-1004.000000
-998.000000
-1000.000000
-1010.000000
-1010.000000
-998.000000
-1002.000000
-1002.000000
-994.000000
-986.000000
-988.000000
-982.000000
-1018.000000
-1002.000000
-992.000000
-1020.000000
-1016.000000
-1010.000000
-988.000000
-1004.000000
-1008.000000
-1030.000000
-998.000000
-1002.000000
-1000.000000
-1026.000000
-1010.000000
-1010.000000
-996.000000
-1008.000000
-990.000000
-1002.000000
-1004.000000
-1008.000000
-994.000000
-1006.000000
-1038.000000
-992.000000
-996.000000
-1012.000000
-1008.000000
-1018.000000
-1000.000000
-1014.000000
-992.000000
-1016.000000
-1002.000000
-1002.000000
-1010.000000
-1010.000000
-988.000000
-1010.000000
-1012.000000
-1012.000000
-996.000000
-1012.000000
-1002.000000
-1016.000000
-992.000000
-1000.000000
-994.000000
-992.000000
-988.000000
-1022.000000
-1004.000000
-1016.000000
-988.000000
-1016.000000
-1002.000000
-1008.000000
-998.000000
-1000.000000
-1002.000000
-1002.000000
-998.000000
-1008.000000
-1002.000000
-1014.000000
-1006.000000
-1004.000000
-1000.000000
-1012.000000
-996.000000
-1002.000000
-1008.000000
-1010.000000
-980.000000
-992.000000
-1016.000000
-1014.000000
-990.000000
-994.000000
-1004.000000
-1010.000000
-1000.000000
-1014.000000
-1002.000000
-1026.000000
-988.000000
-1008.000000
-1014.000000
-1018.000000
-986.000000
-994.000000
-1020.000000
-1004.000000
-990.000000
-1018.000000
-998.000000
-986.000000
-990.000000
-1014.000000
-1004.000000
-1010.000000
-998.000000
-1000.000000
-1004.000000
-1010.000000
-978.000000
-990.000000
-996.000000
-1010.000000
-1006.000000
-1006.000000
-1004.000000
-1002.000000
-988.000000
-1012.000000
-1018.000000
-1000.000000
-1008.000000
-1000.000000
-998.000000
-1002.000000
-988.000000
-994.000000
-1000.000000
-1022.000000
-998.000000
-992.000000
-1026.000000
-1012.000000
-996.000000
-1008.000000
-1008.000000
-1008.000000
-996.000000
-1016.000000
-1008.000000
-1020.000000
-998.000000
-1004.000000
-1002.000000
-994.000000
-984.000000
-988.000000
-1008.000000
-990.000000
-994.000000
-1008.000000
-994.000000
-1006.000000
-984.000000
-992.000000
-1012.000000
-1000.000000
-994.000000
-996.000000
-1004.000000
-1018.000000
-994.000000
-1016.000000
-1006.000000
-1006.000000
-1000.000000
-1004.000000
-998.000000
-1012.000000
-1004.000000
-1010.000000
-994.000000
-1002.000000
-1002.000000
-1004.000000
-1004.000000
-990.000000
-982.000000
-994.000000
-998.000000
-992.000000
-986.000000
-1008.000000
-994.000000
-998.000000
-994.000000
-1006.000000
-1012.000000
-1006.000000
-988.000000
-1000.000000
-1002.000000
-1006.000000
-982.000000
-1012.000000
-988.000000
-996.000000
-988.000000
-988.000000
-996.000000
-992.000000
-990.000000
-998.000000
-994.000000
-1000.000000
-994.000000
-1000.000000
-998.000000
-992.000000
-986.000000
-998.000000
-996.000000
-998.000000
-988.000000
-990.000000
-1000.000000
-998.000000
-970.000000
-1004.000000
-996.000000
-1008.000000
-992.000000
-1002.000000
-988.000000
-996.000000
-992.000000
-994.000000
-992.000000
-1008.000000
-980.000000
-994.000000
-1010.000000
-984.000000
-990.000000
-1008.000000
-996.000000
-986.000000
-980.000000
-992.000000
-1004.000000
-992.000000
-980.000000
-1014.000000
-1006.000000
-992.000000
-984.000000
-998.000000
-998.000000
-1008.000000
-984.000000
-994.000000
-1002.000000
-990.000000
-986.000000
-1012.000000
-984.000000
-984.000000
-974.000000
-992.000000
-1002.000000
-990.000000
-984.000000
-988.000000
-1002.000000
-990.000000
-976.000000
-1004.000000
-1004.000000
-996.000000
-992.000000
-992.000000
-994.000000
-994.000000
-982.000000
-990.000000
-988.000000
-998.000000
-988.000000
-986.000000
-994.000000
-1004.000000
-976.000000
-998.000000
-994.000000
-1014.000000
-968.000000
-984.000000
-1008.000000
-1010.000000
-982.000000
-998.000000
-976.000000
-986.000000
-974.000000
-1002.000000
-1002.000000
-1002.000000
-980.000000
-1006.000000
-988.000000
-986.000000
-990.000000
-1002.000000
-1018.000000
-996.000000
-980.000000
-990.000000
-996.000000
-990.000000
-974.000000
-996.000000
-1004.000000
-996.000000
-982.000000
-1008.000000
-994.000000
-988.000000
-978.000000
-1000.000000
-998.000000
-982.000000
-986.000000
-982.000000
-996.000000
-986.000000
-976.000000
-1002.000000
-1006.000000
-1008.000000
-992.000000
-996.000000
-990.000000
-1006.000000
-976.000000
-982.000000
-996.000000
-996.000000
-984.000000
-1004.000000
-998.000000
-1004.000000
-982.000000
-1000.000000
-988.000000
-994.000000
-996.000000
-994.000000
-992.000000
-996.000000
-988.000000
-1000.000000
-1002.000000
-992.000000
-988.000000
-982.000000
-990.000000
-980.000000
-976.000000
-1006.000000
-1000.000000
-986.000000
-986.000000
-986.000000
-988.000000
-996.000000
