-2.632008
-3.311987
-3.937932
-4.464874
-4.933669
-5.337666
-5.690833
-6.006123
-6.273975
-6.509665
-6.710734
-6.899972
-10.813670
-7.193936
-7.317415
-7.472429
-7.506500
-7.571741
-7.636834
-7.692771
-7.733193
-8.486133
-7.808685
-7.837075
-7.853444
-7.870875
-10.211523
-7.881575
-7.881891
-7.871448
-7.874070
-7.849216
-7.834886
-7.810813
-7.795540
-10.466165
-7.757651
-7.726255
-7.770943
-7.666437
-9.270681
-7.586033
-7.557270
-7.524498
-7.485809
-7.458949
-7.404944
-7.369858
-7.322948
-7.282598
-7.246044
-7.190719
-8.244459
-7.098941
-8.135477
-7.008037
-6.971278
-6.917601
-6.877541
-6.825969
-6.762247
-6.731756
-6.678001
-6.613611
-6.571970
-6.518672
350.427765
-6.426971
-6.822450
-6.574288
-6.265893
-6.212883
-6.153521
-6.115881
-6.056665
-6.006979
-5.942937
-5.907644
-5.840873
-5.794892
-5.742968
-5.698709
-5.649593
-7.811165
-5.530625
-5.470417
-5.451261
-5.354015
-5.315074
-5.265887
-5.198817
-5.156222
-5.090591
-7.010891
-4.997826
-4.928006
-4.848159
-3.434258
-3.326452
-1.796079
-4.090021
-3.343898
-3.947590
-4.482264
-4.940165
-5.357146
-5.697042
-9.850420
-6.272931
-6.513879
-6.722632
-6.897732
-7.051267
-7.191293
-10.630378
-7.423853
-7.508720
-7.684934
-7.641229
-7.701533
-7.741991
-9.862438
-7.815130
-7.841362
-7.854213
-7.876077
-7.889307
-7.876297
-7.880021
-7.863161
-7.867266
-9.230615
-7.830436
-7.813207
-7.789421
-8.814635
-7.746665
-7.716347
-7.702628
-7.675664
-7.628466
-7.594332
-7.568321
-7.535542
-7.494361
-11.019683
-7.406890
-7.378847
-7.802154
-7.933726
-7.250374
-7.198669
-7.145276
-7.094529
-7.065104
-7.004935
-6.969952
-6.912519
-6.873880
-6.823141
-9.984593
-6.734406
-8.961005
-6.771075
-6.576533
-6.561593
353.527008
-6.432312
-6.363761
-6.326831
-6.277067
-6.230505
-6.170569
-6.119105
-8.763250
-6.000134
-5.944576
-5.941494
-5.849683
-6.746556
-5.743828
-5.701523
-5.635099
-5.575084
-5.527265
-5.463860
-5.430552
-5.360559
-6.009404
-5.280477
-5.215688
-5.158250
-5.095331
-7.765558
-4.994787
-4.938381
-4.966331
-3.426915
-3.330725
-1.781257
-2.631421
-3.326563
-4.602619
-4.466227
-4.923356
-5.335010
-5.689658
-5.999177
-6.266216
-6.507622
-10.358595
-6.887282
-7.052363
-12.650609
-7.312128
-7.419926
-9.398204
-7.578018
-7.636810
-7.888231
-7.741265
-7.781088
-7.804686
-7.835393
-8.605268
-7.863547
-7.882812
-12.026111
-7.872122
-7.866187
-12.213696
-7.845404
-7.840671
-9.473719
-7.792515
-7.785906
-7.750090
-7.725568
-7.709089
-8.882381
-7.636252
-10.145818
-7.569107
-7.538712
-7.546372
-7.465580
-7.403585
-7.367044
-7.323371
-7.284681
-7.241700
-7.191498
-7.146041
-7.098190
-7.059640
-7.009170
-6.969556
-6.913393
-7.868534
-6.820818
-6.760949
-6.731537
-6.669818
-6.615401
-10.061732
-6.519738
353.538971
-6.682010
-6.360661
-6.317227
-6.264021
-6.215971
-7.604581
-6.110486
-6.054766
-9.948558
-5.934782
-5.904051
-9.681911
-5.810478
-5.746738
-6.766992
-5.629327
-5.584359
-5.533316
-5.462781
-5.431234
-5.364609
-5.306707
-7.690987
-5.206003
-5.164595
-9.212795
-5.050086
-4.995238
-7.860315
-4.863414
-3.427585
-3.589685
-1.777023
-2.630451
-8.127202
-3.922578
-4.449534
-5.182718
-5.318439
-7.028417
-5.989054
-6.263778
-6.496571
-6.699962
-6.879578
-7.042121
-7.170690
-7.309284
-9.174974
-7.503205
-7.562523
-7.653267
-7.684230
-10.768841
-7.772465
-7.803765
-7.933151
-7.841854
-7.865534
-7.871958
-7.871495
-7.868195
-10.217194
-7.868769
-7.842672
-7.837150
-7.807381
-7.789820
-7.786388
-7.750745
-10.680859
-7.706452
-7.669681
-11.946080
-7.590118
-7.556095
-10.378717
-7.483944
-7.455636
-7.561096
-7.371094
-7.319307
-7.282543
-7.244712
-8.208049
-7.155535
-7.102520
-10.853564
-7.025003
-6.972657
-11.012682
-6.879495
-6.828181
-8.327413
-6.736865
-6.682782
-6.634293
-6.577625
-6.520353
351.350342
-6.429594
-8.718209
-6.323334
-6.273502
-6.261556
-6.164040
-6.117534
-6.058823
-6.001637
-5.940273
-5.906387
-5.851336
-5.803389
-7.038791
-5.698764
-5.645611
-5.594187
-5.535611
-6.382719
-5.437040
-5.362102
-5.306783
-5.261120
-5.204637
-5.158387
-5.096103
-5.046364
-5.760369
-4.937036
-4.862830
-3.441395
-3.346998
101.768257
-2.608690
-3.299311
-4.237532
-4.434289
-4.901349
-11.085353
-5.669018
-5.989765
-6.592235
-6.500048
-6.704409
-6.883846
-7.037760
-7.169822
-7.296658
-7.409606
-10.564503
-7.565409
-7.632116
-12.525738
-7.733042
-7.782094
-9.869206
-7.831638
-7.850706
-8.063329
-7.883885
-7.881770
-7.885827
-7.874395
-7.876956
-7.846303
-7.847484
-8.556325
-7.797617
-7.790640
-7.756643
-7.723683
-7.703946
-7.662906
-7.626956
-7.610370
-11.455143
-7.534873
-7.495262
-7.813647
-7.408298
-9.836568
-7.324306
-7.286969
-7.295685
-7.198150
-7.147694
-7.109337
-7.068874
-7.014634
-9.992161
-6.916604
-6.886189
-6.820996
-6.763968
-6.732657
-6.672960
-6.620975
-7.693282
-6.533562
353.523895
-6.433173
-6.360101
-6.324713
-8.609140
-6.217720
-6.168561
-6.116100
-6.060435
-6.008673
-5.954220
-5.903013
-6.910057
-5.817254
-5.755959
-9.562835
-5.637175
-5.592275
-9.465116
-5.485588
-5.435326
-6.443711
-5.315956
-5.270013
-5.218031
-5.156945
-5.107653
-5.056698
-5.011658
-7.168062
-4.876012
-3.441740
-7.453584
-1.745112
-2.600234
-3.294734
-3.912852
-4.440928
-4.902018
-5.312695
-5.663943
-7.778188
-6.264495
-6.498258
-6.746340
-6.880568
-8.036292
-7.174597
-7.300907
-7.406239
-7.498519
-7.572795
-7.637258
-7.692983
-7.731602
-9.779692
-7.808005
-7.831063
-7.848466
-7.870122
-10.872246
-7.881992
-7.873999
-8.008727
-7.873191
-7.852255
-7.846104
-7.814447
-7.794188
-8.994054
-7.747505
-7.725101
-7.705366
-7.673069
-7.634237
-7.607371
-7.568315
-10.195205
-7.496068
-7.463060
-11.675275
-7.373765
-7.334443
-10.311377
-7.257648
-7.201880
-7.353502
-7.114446
-7.065801
-7.020823
-6.976345
-7.758834
-6.889330
-6.819097
-10.408639
-6.736004
-6.675351
-10.753636
-6.581942
-6.520557
351.897461
-6.436629
-6.366807
-6.320656
-6.275196
-6.227391
-7.837586
-6.121660
-8.727801
-6.013822
-5.950068
-6.005602
-5.848768
-5.805096
-5.752066
-5.712001
-5.645228
-5.590445
-5.533671
-5.469748
-6.399461
-5.357450
-5.316959
-5.273305
-5.204753
-6.310434
-5.100768
-5.058556
-4.995203
-4.931558
-4.859760
-3.432191
-3.337719
-1.749839
-3.024402
-3.290622
-3.910175
-4.442171
-4.908916
-11.028375
-5.671934
-5.978877
-12.727979
-6.493989
-6.701622
-12.407879
-7.034605
-7.173559
-8.886402
-7.416876
-7.504820
-7.573697
-7.641272
-7.702599
-7.743959
-7.780377
-10.380618
-7.843930
-7.850032
-12.477226
-7.886088
-7.887909
-11.452435
-7.877748
-7.885190
-8.178086
-7.847785
-7.818894
-7.801579
-7.786716
-7.744417
-8.296098
-7.683421
-8.566724
-7.570190
-7.516304
-7.461429
-7.416110
-7.369061
-7.332795
-7.263470
-7.228091
-7.166167
-7.120094
-7.069702
-7.160939
-6.963552
-9.626931
-6.865116
-6.809715
-6.856448
-6.688680
-6.633512
-6.554919
-6.489108
-6.458658
-9.527637
-6.355375
-6.331260
-6.393120
353.720215
-6.189868
-6.099064
-6.028707
-7.362466
-5.907820
-5.852365
-5.767815
-5.700593
-5.639692
-8.346836
-5.553130
-5.482971
-5.636541
-5.384014
-5.350192
-5.323130
-5.263941
-5.894429
-5.126463
-5.081699
-8.661145
-5.008638
-5.017890
-8.983050
-4.870016
-4.781129
-6.249359
-4.699491
-4.593368
-4.495981
-3.037086
-2.928632
-1.746410
-2.592830
-10.509381
-3.884561
-4.415329
-12.770588
-5.278797
-5.625106
-5.932350
-6.199725
-6.442838
-6.643347
-6.821404
-6.962372
-9.119572
-7.230706
-7.333401
-7.594084
-7.493689
-8.825181
-7.597373
-7.623063
-7.655757
-7.679468
-7.686870
-7.696814
-7.714335
-7.718840
-8.899863
-7.708174
-7.707369
-7.710434
-7.677661
-10.951033
-7.669733
-7.629495
-7.858296
-7.598073
-7.552088
-7.515726
-7.483381
-7.427760
-9.012020
-7.351722
-7.318342
-7.277680
-7.227111
-7.152247
-7.101125
-7.038689
-9.154861
-6.952790
-6.907567
-11.075750
-6.837290
-6.815051
-10.290106
-6.723574
-6.676850
-6.978000
-6.596611
-6.526359
-6.452237
-6.393250
-6.723714
-6.278668
-6.223813
350.590149
-6.156359
-6.057892
-10.133308
-5.926200
-5.843193
-5.770197
-5.702819
-5.638466
-5.579067
-5.535653
-5.503064
-7.419397
-5.478258
-8.129737
-5.372595
-5.333970
-5.409902
-5.217311
-5.161638
-5.107463
-5.039956
-4.978251
-4.910533
-4.874377
-4.807417
-5.811074
-4.732859
-4.714292
-4.645018
-4.524131
-4.287721
-2.926739
-1.753991
-2.606368
-3.295007
-3.912005
-4.436652
-4.889799
-5.299705
-6.670569
-5.962266
-6.249667
-6.474346
-6.676966
-7.570001
-7.009951
-7.134449
-11.874412
-7.378569
-7.456108
-12.446669
-7.585046
-7.637312
-9.491136
-7.693443
-7.715769
-7.736339
-7.731027
-7.754611
-7.753273
-7.740101
-9.937886
-7.727681
-7.738932
-12.103498
-7.704299
-7.714395
-11.441184
-7.649292
-7.611721
-7.656604
-7.564569
-7.511282
-7.482750
-7.448494
-7.402081
-7.892440
-7.297262
-8.169281
-7.190879
-7.132844
-7.069882
-7.016609
-6.960180
-6.900641
-6.855745
-6.810202
-10.696936
-6.754282
-6.746182
-7.131959
-6.644850
-9.162604
-6.514379
-6.476498
-6.505184
-6.371837
-6.306494
-6.251174
353.810852
-6.145431
-9.313624
-6.045072
-5.996633
-6.043413
-5.904697
-5.823195
-5.738774
-5.660729
-6.829004
-5.536040
-5.458751
-5.411349
-5.367211
-5.334045
-7.040431
-5.272110
-5.300113
-5.380389
-5.135849
-5.106052
-5.067111
-5.026401
-5.603336
-4.834274
-4.769402
-8.385849
-4.685694
-4.640872
-8.545163
-3.134194
-2.998897
88.345810
-2.624222
-3.297412
-3.911855
-4.430750
-4.905064
-5.299281
-5.656102
-9.542105
-6.532095
-6.482645
-6.737904
-6.861587
-7.015016
-7.150820
-7.268846
-7.373914
-7.454351
-7.524267
-7.582162
-9.154394
-7.679094
-7.717126
-7.803496
-7.743401
-8.799006
-7.759027
-7.764606
-7.759512
-7.749989
-7.748112
-7.753031
-7.723864
-7.729072
-8.729013
-7.670476
-7.671528
-7.650918
-7.597058
-10.580351
-7.527859
-7.488378
-7.620116
-7.411438
-7.388953
-7.333981
-7.291752
-7.202518
-8.825214
-7.083440
-7.027196
-6.982426
-6.942333
-6.889390
-6.846251
-6.809300
-8.971867
-6.720692
-6.697519
-10.852029
-6.625666
-6.538230
-9.800110
-6.455186
-6.390032
-6.694804
-6.261966
353.786560
-6.173175
-6.113572
-6.597470
-5.983561
-5.926713
-9.317265
-5.770848
-5.707997
-9.768514
-5.573519
-5.538008
-5.491208
-5.465212
-5.416799
-5.393646
-5.360621
-5.330140
-7.070962
-5.245684
-7.612005
-5.120340
-5.016773
-4.981704
-4.916656
-4.882522
-4.807992
-4.756382
-4.681595
-4.582576
-4.485107
-3.041631
-4.187869
-1.775985
-2.636256
-3.319870
-3.915529
-6.073165
-4.909169
-5.316499
-5.667734
-5.976610
-6.262842
-6.485540
-6.692484
-6.868068
-7.826849
-7.157405
-7.287253
-7.391284
-7.466831
-10.934975
-7.590379
-7.631556
-12.105036
-7.692506
-7.714149
-12.212934
-7.735740
-7.747667
-9.025023
-7.750571
-7.757532
-7.757834
-7.759434
-7.738378
-7.744197
-7.696855
-9.992574
-7.652462
-7.598142
-11.925384
-7.544891
-7.522060
-10.861215
-7.413776
-7.375109
-7.696222
-7.295212
-7.253449
-7.179439
-7.137871
-10.753069
-7.137353
-6.988532
-7.528397
-6.887669
-6.843971
-6.824094
-6.816381
-6.859208
-6.720386
-6.636641
-6.584399
-6.520827
-6.488423
-6.431267
-6.831275
-6.315633
-8.460987
353.820465
-6.144625
-6.090691
-6.001495
-5.945762
-5.876716
-5.819525
-5.761367
-8.978920
-5.665797
-5.581852
-5.544141
-5.503051
-5.482069
-5.467588
-5.442086
-6.197367
-5.308536
-5.196137
-5.154173
-5.143929
-5.050072
-7.595121
-4.924713
-4.854992
-4.786223
-4.735817
-4.679125
-4.622487
-4.516412
-5.505141
-3.013235
-2.915876
95.632607
-2.617269
-3.314310
-12.492034
-4.450777
-4.911567
-7.356349
-5.660370
-5.968106
-6.239675
-6.482931
-6.695065
-6.864244
-7.015743
-9.226079
-7.377251
-7.378719
-7.466158
-7.515617
-7.585351
-7.631890
-7.661716
-7.688872
-7.705175
-7.724887
-7.732878
-10.612853
-7.766583
-11.503246
-7.762535
-7.769797
-8.212874
-7.734454
-7.711399
-7.684253
-7.654958
-7.648203
-7.608108
-7.579491
-7.555430
-9.319405
-7.457881
-7.443317
-7.370990
-7.325124
-9.152137
-7.222043
-7.162192
-7.132967
-7.080674
-7.041779
-7.008142
-6.959490
-6.928977
-8.260648
-6.862889
-6.815302
-6.773379
-6.678859
-10.274222
-6.600367
-6.528517
-9.986929
-6.453903
-6.401602
-10.496788
-6.265573
353.800781
351.698517
-6.047715
-5.990880
-5.924465
-5.863260
-5.813528
-5.768430
-5.709309
-7.138359
-5.637177
-5.630652
-9.594512
-5.517750
-5.473708
-9.202229
-5.334646
-5.291173
-5.957840
-5.227884
-5.134695
-5.060433
-5.026861
-4.971861
-6.199071
-4.909276
-6.047186
-4.738357
-4.648647
-4.567768
-4.465054
-3.028780
-2.914770
-1.779878
-2.621968
-3.306346
-3.910912
-4.432226
-6.035679
-5.302341
-10.746594
-5.975121
-6.255589
-6.789579
-6.701622
-6.871381
-7.045165
-7.174361
-7.299059
-11.997519
-7.480115
-7.540383
-7.842250
-7.649009
-7.668981
-7.705237
-7.719050
-9.616171
-7.744453
-7.766573
-7.771514
-7.766258
-7.768312
-11.117435
-7.780553
-7.749529
-8.193126
-7.701517
-7.693231
-7.691066
-7.627693
-8.061798
-7.586214
-7.558574
-11.106193
-7.457859
-7.408836
-11.632864
-7.318859
-7.272614
-9.285882
-7.149120
-7.093713
-7.043800
-6.994993
-6.935147
-6.896616
-6.855404
-8.256849
-6.793459
-6.764582
-6.818700
-6.657445
-6.641171
-6.545607
-6.538134
-6.428344
-6.375525
-6.357515
-6.281091
350.670319
-6.157493
-6.099980
-6.252532
-5.992712
-7.289130
-5.839701
-5.779850
-5.722709
-5.661070
-5.610853
-5.559126
-5.501877
-5.476086
-8.222026
-5.421472
-5.367888
-5.335522
-5.252165
-8.527631
-5.183469
-5.077816
-5.401798
-4.950810
-4.912653
-4.679474
-6.737039
-4.548241
-4.679474
-6.737039
-4.548241
-4.436650
-3.009823
-2.918092
-1.799180
-2.613184
-3.315689
-7.969246
-4.451965
-4.916396
-12.798999
-5.678006
-5.989867
-11.956181
-6.492794
-6.707530
-7.597854
-7.038040
-7.165735
-7.287932
-7.390150
-7.475426
-7.542763
-7.606926
-8.899099
-7.745681
-7.729830
-7.751289
-7.765309
-7.775000
-7.783187
-7.777539
-7.771997
-7.762872
-7.753473
-7.759653
-8.749251
-7.730206
-10.925222
-7.673061
-7.665087
-7.870175
-7.585762
-7.570846
-7.540256
-7.495406
-7.477386
-7.404363
-7.366796
-7.320198
-7.321791
-7.228247
-7.209444
-7.151797
-7.087889
-8.697740
-6.964190
-6.901356
-6.844613
-6.802374
-6.748571
-6.690215
-6.642904
-6.607284
-7.198514
-6.545661
-6.498313
-6.421309
-6.390961
-6.796806
-6.286418
353.760956
350.509613
-6.098641
-6.055590
-10.140961
-5.916440
-5.865382
-7.809372
-5.743801
-5.685659
-5.636521
-5.558649
-5.497519
-5.452672
-5.392948
-6.669225
-5.270995
-5.220795
-9.151330
-5.123997
-5.101329
-8.873271
-5.053977
-4.981731
-5.906582
-4.875145
-4.799816
-4.779611
-4.714599
-4.620197
-5.459994
-3.104541
-4.393345
-1.792623
-2.614304
-3.316222
-3.923289
-4.459151
-4.915931
-5.322982
-5.678887
-5.980892
-6.260077
-6.492521
-7.290043
-6.876456
-11.254524
-7.169737
-7.287820
-7.711824
-7.475023
-7.540653
-7.601833
-7.663202
-7.690015
-11.463033
-7.746310
-7.763550
-7.926559
-7.795618
-7.805258
-7.794165
-7.787783
-9.719538
-7.779585
-7.762321
-12.155895
-7.703641
-7.686336
-11.168794
-7.632621
-7.610538
-8.047723
-7.541929
-7.518861
-7.460850
-7.427469
-7.764517
-7.315799
-7.289895
-10.581467
-7.180894
-7.123396
-11.037372
-7.036931
-6.980622
-9.285379
-6.891809
-6.843437
-6.834946
-6.760552
-6.712012
-6.674985
-6.615558
-7.816952
-6.517780
-6.457468
-6.546976
-6.367229
-6.307127
353.758453
-6.229374
-6.103080
-6.064469
-6.000458
-5.949730
-8.851555
-5.839300
-5.786284
-5.752185
-5.666492
-6.907897
-5.559209
-5.524389
-5.463271
-5.418767
-5.350935
-5.296774
-5.245752
-5.195324
-7.276123
-5.102254
-5.048875
-5.000589
-4.927809
-8.131643
-4.816441
-4.767542
-5.054449
-4.648973
-4.551958
-3.127100
-3.029835
-1.741274
-5.443164
-3.289461
-3.901814
-4.449793
-4.903029
-5.311793
-5.672753
-5.977654
-8.501813
-6.488218
-6.681050
-12.554030
-7.017283
-7.155140
-12.022532
-7.395600
-7.475615
-7.661366
-7.608106
-7.654545
-7.689805
-7.728114
-7.780921
-7.789077
-7.802578
-9.033352
-7.812462
-7.815133
-7.800291
-7.794072
-7.760008
-7.730414
-7.705938
-7.668961
-7.646625
-7.635765
-7.596230
-8.963421
-7.554836
-10.756401
-7.495420
-7.465829
-7.630148
-7.403474
-7.359314
-7.325132
-7.270157
-7.228521
-7.180456
-7.134655
-7.091422
-8.032240
-6.981215
-6.919840
-6.873996
-6.805262
-8.369718
-6.686973
-6.632406
-6.553607
-6.483793
-6.431501
-6.372022
-6.318192
-6.277206
-6.259972
353.803741
-6.165525
-6.118258
-6.097240
-6.546791
-5.990097
-5.934955
-9.294447
-5.825886
-5.767622
-9.808291
-5.652878
-5.597868
-7.596436
-5.458135
-5.419696
-5.370852
-5.297750
-5.234482
-5.155074
-5.085155
-7.635121
-4.946825
-4.902166
-8.827861
-4.794502
-4.733959
-8.331453
-4.659439
-4.606229
-4.558692
-3.167279
-3.042324
-1.763280
-2.614646
-3.308381
-3.964433
-4.448372
-7.015996
-5.311957
-5.664749
-5.976698
-6.247434
-6.486394
-6.696104
-6.860582
-7.025787
-11.776263
-7.269375
-7.377326
-7.712912
-7.526928
-11.079888
-7.643394
-7.676351
-7.925035
-7.747125
-7.769389
-7.787910
-7.818487
-7.820293
-10.881506
-7.811875
-7.790479
-7.811303
-7.750816
-7.745444
-7.710314
-7.689758
-10.188784
-7.653258
-7.615069
-11.929309
-7.552769
-7.518145
-9.765676
-7.396781
-7.364460
-7.709559
-7.274486
-7.216656
-7.179132
-7.137788
-7.509537
-7.060843
-7.025046
-10.358034
-6.931192
-6.873872
-11.013123
-6.781343
-6.735208
-8.767660
-6.635679
-6.578378
-6.570905
-6.483191
-6.412217
-8.246610
-6.287402
351.046753
-6.271475
-6.117110
-6.200281
-6.076068
-5.980015
-5.945883
-5.885185
-5.783088
-5.679607
-5.614022
-5.572432
-7.636174
-5.485197
-5.457329
-5.428575
-5.356987
-6.554683
-5.282314
-5.217803
-5.173019
-5.073588
-5.022264
-4.984456
-4.917154
-4.866383
-6.569668
-4.806597
-4.773810
-4.673896
-4.586375
-6.356534
-3.023848
-1.754319
-3.138986
-3.292480
-3.903426
-12.934911
-4.895967
-5.301056
-8.636702
-5.974861
-6.250083
-6.497671
-6.696104
-6.875390
-7.028785
-7.179416
-9.558243
-7.409154
-7.493390
-12.482965
-7.615828
-7.670971
-11.807202
-7.748882
-7.775998
-8.616518
-7.796268
-7.806900
-7.802975
-7.797086
-7.810302
-7.782108
-7.795195
-9.011935
-7.729558
-7.678642
-7.642404
-7.626678
-7.593781
-7.563314
-7.567438
-7.543589
-7.511949
-7.474770
-7.444538
-8.779552
-7.370140
-10.675647
-7.281728
-7.243315
-7.427299
-7.135926
-7.081470
-7.026194
-6.973948
-6.942107
-6.890675
-6.825233
-6.764719
-7.727237
-6.646421
-6.588059
-6.548790
-6.492426
-8.294788
-6.412025
-6.369250
-6.296268
353.753387
-6.200536
-6.069872
-6.053131
-6.026905
-6.533547
-5.915202
-5.875800
-5.827826
-5.759630
-5.684701
-5.642564
-5.577118
-8.856374
-5.475593
-5.427988
-9.491643
-5.340064
-5.256516
-7.519911
-5.113815
-5.038857
-5.019717
-4.959717
-4.939475
-4.842839
-4.796244
-5.882059
-4.644726
-4.557530
-8.359795
-3.055688
-2.960047
105.505188
-2.613075
-3.308395
-3.920147
-4.457252
-4.907195
-5.314286
-5.676893
-5.982893
-7.268513
-6.488689
-8.937969
-6.864353
-7.015682
-7.149099
-7.272974
-7.373290
-7.460717
-7.524647
-7.589204
-11.948888
-7.670889
-7.712051
-8.133705
-7.754638
-11.550696
-7.785559
-7.758795
-8.212613
-7.751443
-7.748241
-7.745161
-7.721730
-7.711625
-9.717348
-7.659538
-7.648394
-7.715915
-7.584382
-7.572513
-7.537183
-7.502380
-9.048042
-7.416759
-7.369794
-11.514720
-7.299040
-7.247945
-10.962252
-7.173046
-7.133351
-7.713017
-7.005389
-6.942447
-6.901330
-6.845664
-6.800030
-6.769022
-6.697969
-9.676758
-6.607075
-6.541740
-10.679059
-6.430502
-6.375183
-9.098143
-6.256393
353.789642
-6.275054
-6.135100
-6.078922
-9.183914
-5.919131
-9.065886
-5.932996
-5.787910
-5.999848
-5.665167
-5.631185
-5.498926
-5.435760
-5.363455
-5.274719
-5.195118
-5.157301
-7.789800
-5.069178
-5.074029
-5.030708
-4.960069
-6.626768
-4.837063
-4.791230
-4.739669
-4.664325
-4.616784
-4.571873
-4.523312
-3.117074
-5.000860
-1.809835
-2.649056
-3.337874
-3.953136
-11.765991
-4.951885
-5.351955
-6.657866
-6.022460
-6.289849
-12.159686
-6.740220
-6.923393
-10.010344
-7.218676
-7.355914
-7.463707
-7.550255
-7.617229
-7.689672
-7.745180
-9.523528
-7.823483
-7.855303
-12.399370
-7.891053
-7.907946
-12.100535
-7.924984
-7.925054
-8.111867
-7.917790
-7.895374
-7.885702
-7.858741
-7.834807
-7.820119
-7.779518
-9.207398
-7.731478
-7.693027
-7.646702
-7.633408
-7.584291
-7.552263
-7.513355
-7.486987
-7.433549
-7.400915
-7.347454
-8.725755
-7.263454
-10.460556
-7.168635
-7.127218
-7.381479
-7.028869
-6.976414
-6.930168
-6.883074
-6.827772
-6.770539
-6.730431
-6.675829
-7.054705
-6.577899
-6.520612
353.533844
-6.433501
-8.272334
-6.336010
-6.286301
-6.240997
-6.181429
-6.120894
-8.751093
-6.002061
-5.942103
-6.183037
-5.838127
-5.796818
-5.744170
-5.697835
-5.640714
-5.583874
-5.536813
-8.846266
-5.430900
-5.360361
-9.417688
-5.263025
-5.202396
-7.414344
-5.093460
-5.044889
-5.041294
-4.925370
-4.857175
-3.428780
-3.331630
4.300917
-2.625014
-3.327724
-12.654156
-4.463945
-4.925200
-5.344749
-5.700396
-6.012570
-6.292758
-6.526228
-6.742214
-8.698348
-7.071546
-7.215096
-7.650506
-7.452462
-9.502954
-7.604864
-7.667747
-7.729311
-7.756111
-7.809460
-7.830254
-7.857274
-7.877761
-11.176419
-7.911472
-7.903452
-7.986190
-7.896106
-11.459085
-7.869122
-7.862118
-8.212732
-7.817066
-7.804324
-7.779739
-7.751919
-7.730228
-10.156813
-7.652870
-7.618238
-7.582685
-7.546088
-7.504340
-7.465854
-7.423112
-9.425622
-7.336594
-7.306155
-11.458187
-7.208095
-7.158062
-10.580630
-7.078765
-7.022885
-7.270713
-6.926275
-6.890464
-6.838945
-6.776085
-6.744023
-6.689612
-6.633924
-7.514263
-6.579120
353.522583
-6.435058
-6.360469
-6.328238
-6.280550
-6.225657
-6.168957
-6.115035
-6.056514
-6.004834
-8.148965
-5.899065
-8.603274
-5.800902
-5.739443
-5.831188
-5.633173
-5.578553
-5.534129
-5.467884
-5.425770
-5.354514
-5.310984
-5.253115
-6.731416
-5.155613
-5.076815
-5.037021
-5.001385
-6.143151
-4.860921
-3.422319
-3.331780
-1.782856
-2.609236
-3.327506
-3.925051
-4.467415
-5.330544
-5.338718
-5.693203
-6.013192
-6.291605
-11.241168
-6.733793
-6.914480
-12.187576
-7.207914
-7.331817
-12.478822
-7.528405
-7.601387
-9.394358
-7.725531
-7.764814
-7.806469
-7.843497
-7.863496
-7.875089
-7.893728
-10.051447
-7.903821
-7.903683
-12.357707
-7.900358
-7.873162
-11.459560
-7.830331
-7.820132
-8.198969
-7.763620
-7.737422
-7.712614
-7.685097
-7.633567
-8.534719
-7.575548
-8.428720
-7.502338
-7.474064
-7.416555
-7.383628
-7.333274
-7.292801
-7.252307
-7.204789
-7.158800
-7.103163
-7.071361
-7.576636
-6.971018
-9.564886
-6.882336
-6.827375
-6.852104
-6.722931
-6.663015
-6.616015
-6.572025
-6.518973
350.110352
-6.425386
-6.366616
-6.537883
-6.274649
-6.218717
-6.159845
-6.110376
-7.337435
-5.998017
-5.939057
-5.907248
-5.846733
-5.801189
-8.677449
-5.692399
-5.628160
-5.771547
-5.522955
-5.457276
-5.418783
-5.341331
-5.953595
-5.262432
-5.204555
-8.850774
-5.087251
-5.041119
-9.049501
-4.923129
-4.848214
-3.504274
-3.328345
-1.761668
-2.628648
-3.318995
-3.934831
-4.466063
-4.929667
-8.336173
-5.690772
-6.004272
-6.366709
-6.512137
-6.727181
-6.907253
-7.065774
-7.205152
-7.326881
-7.438439
-7.527571
-11.071205
-7.660705
-7.718719
-7.803138
-7.803185
-9.158273
-7.856097
-7.867605
-7.887835
-7.905265
-7.899936
-7.891983
-7.884169
-7.888696
-10.159730
-7.847443
-7.820239
-7.807872
-7.797979
-10.912649
-7.734656
-7.714669
-7.908964
-7.638649
-7.611414
-7.570589
-7.536819
-7.500761
-8.901922
-7.414534
-7.381927
-7.334122
-7.290814
-7.252239
-7.196853
-7.152503
-9.442420
-7.059107
-7.005482
-11.148430
-6.913858
-6.872228
-9.938663
-6.757070
-6.725977
-6.699953
-6.622750
-6.570016
-6.514888
353.540192
352.982086
-6.363201
-6.320110
-10.311169
-6.213663
-6.166976
-10.231085
-6.056228
-5.999219
-5.932487
-5.891689
-5.840654
-5.786177
-5.729949
-5.682112
-7.163518
-5.573882
-8.274176
-5.453519
-5.419644
-5.458804
-5.298436
-5.255539
-5.190000
-5.146741
-5.077785
-5.040524
-4.980164
-4.925506
-5.594440
-3.418347
-3.321309
-1.772938
-2.614318
-5.807425
-3.917524
-4.448536
-4.918158
-5.323255
-5.692424
-6.003302
-6.282875
-6.519589
-7.405842
-6.907144
-7.064586
-7.208259
-7.332011
-9.602646
-7.529887
-7.595059
-12.499143
-7.718217
-7.759273
-12.535153
-7.828990
-7.848316
-9.403069
-7.881207
-7.897380
-7.902693
-7.890304
-7.887321
-7.888820
-7.861237
-9.516520
-7.824060
-7.809084
-12.111759
-7.760728
-7.728669
-11.565301
-7.682420
-7.647973
-7.614638
-7.576559
-7.536314
-7.496765
-7.462583
-7.408578
-7.843825
-7.322640
-8.601671
-7.244255
-7.198861
-7.150959
-7.104310
-7.060009
-7.013815
-6.968108
-6.909568
-10.025084
-6.816310
-6.757889
-6.863127
-6.667892
-9.707592
-6.569825
-6.517621
353.293091
-6.424553
-6.356480
-6.314140
-6.267696
-6.208909
-8.720702
-6.111319
-6.051378
-5.997949
-5.930711
-5.891074
-5.838536
-5.788676
-7.972082
-5.685390
-5.620168
-9.667276
-5.519922
-5.468450
-8.817998
-5.344316
-5.299536
-5.676587
-5.190635
-5.150969
-5.088952
-5.031290
-4.988168
-4.916197
-4.847981
-4.275211
-3.349545
-1.756341
-2.622760
-3.315252
-3.916909
-4.456528
-4.919353
-5.328036
-5.688498
-6.002919
-6.284706
-10.636909
-6.734025
-10.941854
-7.064326
-7.202450
-7.553685
-7.432825
-7.523777
-7.590244
-7.655205
-7.716532
-7.753845
-7.794320
-7.823971
-10.013845
-7.861901
-7.884844
-7.896106
-7.897120
-9.458173
-7.879862
-7.885993
-7.865010
-7.851446
-7.829023
-7.805178
-7.790199
-7.758686
-7.774121
-7.715338
-7.669428
-7.634435
-7.600753
-11.090930
-7.536341
-7.496375
-11.168958
-7.408755
-7.377426
-11.525701
-7.287331
-7.246953
-8.953468
-7.153104
-6.885369
-8.681512
-6.762165
-6.885369
-8.681512
-6.762165
-6.885369
-8.681512
-6.762165
-6.720267
-10.781360
-6.613106
-6.572407
-10.198587
353.539795
-6.424280
-6.350183
-6.311667
-6.257820
-6.206955
-6.157250
-6.094735
-7.226075
-5.991747
-7.196332
-5.886744
-5.833141
-5.784920
-5.728024
-5.688218
-5.627674
-5.568998
-5.510995
-5.453349
-5.406113
-5.340245
-5.289202
-5.256284
-8.260484
-5.146605
-5.080810
-5.293180
-4.975027
-4.916443
-4.841363
-3.406537
-3.318537
104.237984
-2.624194
-3.320443
-4.277720
-4.461910
-4.921143
-5.324395
-5.691250
-8.941854
-6.274126
-6.515381
-6.734046
-6.902390
-7.434044
-7.553079
-7.434044
-7.553079
-7.591794
-7.655586
-7.717318
-7.751371
-7.796677
-7.827282
-7.859131
-12.417416
-7.892738
-7.902517
-12.411393
-7.894071
-7.884544
-9.918301
-7.860130
-7.841022
-7.834251
-7.797596
-7.792135
-7.746808
-7.730350
-8.874152
-7.672290
-7.635002
-7.796882
-7.564073
-7.525713
-7.468085
-7.423712
-7.357802
-7.318290
-7.262856
-7.220408
-10.382282
-7.112473
-7.051347
-7.052838
-6.944633
-8.400070
-6.844100
-6.781407
-6.724791
-6.660897
-6.595480
-6.562162
-6.500907
-6.429073
-8.647705
-6.304505
353.773560
-6.178024
-6.082125
-9.504494
-6.011304
-5.964579
-6.361910
-5.827866
-5.755344
-5.682940
-5.607861
-5.557200
-7.390410
-5.451046
-5.394013
-5.333076
-5.270230
-5.222141
-5.144262
-5.083494
-6.488527
-4.987275
-4.908275
-8.920305
-4.831681
-4.775705
-8.299107
-4.676680
-4.618628
-5.347851
-4.477061
-3.061657
-2.979001
-1.760862
-2.602488
-3.293177
-3.898304
-6.735981
-4.887531
-5.290524
-5.642189
-5.955053
-6.221322
-6.457612
-6.665661
-6.847510
-6.995881
-7.135387
-7.254376
-9.238894
-7.448932
-11.460069
-7.568884
-7.628483
-7.936590
-7.699149
-7.721807
-7.743016
-7.758790
-7.768198
-7.772591
-7.768127
-7.760213
-8.664357
-7.767636
-7.735104
-7.727713
-7.713323
-9.681803
-7.694576
-7.627068
-7.619065
-7.586446
-7.543814
-11.180130
-7.449450
-7.413399
-7.869880
-7.310205
-7.269534
-7.210877
-7.183100
-7.136982
-7.118823
-7.063630
-10.159536
-6.945330
-6.889132
-11.027775
-6.757806
-6.692318
-9.082047
-6.595824
-6.528104
-6.507002
-6.456485
-6.420189
-6.381030
-6.307560
-7.338500
353.772705
-6.166085
-6.289476
-6.089809
-6.040838
-5.992802
-5.930939
-5.883273
-5.815149
-5.740833
-5.685575
-9.029245
-5.581339
-5.525263
-5.764087
-5.386966
-6.892223
-5.226307
-5.157861
-5.082893
-5.046469
-4.954046
-4.911758
-4.864764
-4.823785
-7.686083
-4.750987
-4.728679
-4.704559
-4.624855
-8.017083
-3.134454
-3.031088
37.931114
-2.620820
-3.298655
-3.906158
-4.433032
-4.889109
-8.904152
-5.654189
-5.964390
-6.253143
-6.478669
-6.675340
-6.865944
-7.013400
-9.089748
-7.276106
-7.395023
-12.405026
-7.546500
-7.610363
-12.054323
-7.700288
-7.746393
-7.975503
-7.808646
-7.802496
-7.823070
-7.825603
-7.812084
-7.795986
-7.783272
-9.258910
-7.773527
-7.755098
-7.684588
-7.657342
-7.646912
-7.625814
-7.557590
-7.532610
-7.503079
-7.450881
-7.404624
-9.456343
-7.320740
-10.744534
-7.269506
-7.228698
-7.527144
-7.154071
-7.112833
-7.066943
-7.010484
-6.956517
-6.884446
-6.828506
-6.786369
-7.993361
-6.714102
-6.670109
-6.601146
-6.517330
-8.444399
-6.404998
-6.344652
-6.295006
-6.213882
353.851410
-6.069875
-6.015777
-5.982193
-6.529333
-5.930783
-5.879043
-5.823932
-5.771272
-5.717010
-5.668787
-5.607170
-8.582155
-5.513747
-5.460512
-9.622066
-5.370641
-5.315263
-7.528107
-5.155600
-5.056776
-5.045742
-4.963778
-4.914733
-4.816361
-4.746881
-5.863359
-4.596474
-4.550360
-8.372655
-4.464255
-3.075540
-2.988816
-1.784877
-2.632063
-3.313763
-3.918630
-4.445217
-4.905146
-5.311759
-5.673225
-6.860177
-6.249845
-8.912381
-6.699840
-6.855979
-7.008070
-7.144127
-7.289094
-7.379137
-7.470300
-7.530548
-11.469684
-7.671632
-7.685539
-7.880462
-7.749745
-11.532026
-7.771227
-7.792143
-8.230744
-7.789957
-7.794695
-7.784093
-7.788627
-7.752230
-10.667812
-7.718999
-7.674397
-7.683942
-7.597243
-7.563628
-7.533430
-7.563260
-9.200974
-7.477488
-7.384528
-11.574547
-7.362961
-7.246604
-10.918017
-7.172111
-7.115467
-7.722550
-7.046465
-6.999173
-6.950930
-6.903038
-6.861893
-6.820889
-6.773270
-7.749258
-6.794350
-6.611063
-6.558843
-6.511824
-6.431417
-6.376057
-6.335919
-6.264534
353.784241
-6.206342
-6.125470
-8.751957
-6.040975
-9.023069
-5.973709
-5.906290
-6.061241
-5.779410
-5.649826
-5.610489
-5.571463
-5.522626
-5.466537
-5.410721
-5.341032
-7.145733
-5.227529
-5.152834
-5.105475
-5.037190
-6.519442
-4.934309
-4.867273
-4.819206
-4.751042
-4.689323
-4.601136
-4.540659
-4.479319
-4.251914
-2.968168
-1.789877
-2.630096
-3.306701
-11.489813
-4.443223
-4.908247
-11.396214
-5.665958
-5.978782
-12.681328
-6.473922
-6.685093
-9.633032
-7.012704
-7.145008
-7.298369
-7.363959
-7.451272
-7.526644
-7.597301
-9.155437
-7.682493
-7.701673
-12.247828
-7.757853
-7.763948
-10.809781
-7.796782
-7.784152
-8.723226
-7.771940
-7.762330
-7.737658
-7.720575
-7.683150
-8.831188
-7.649535
-9.160896
-7.587267
-7.546230
-7.495313
-7.448429
-7.415627
-7.394452
-7.378599
-7.302200
-7.264582
-7.191979
-7.157659
-7.673165
-7.079761
-10.440736
-7.005457
-6.954277
-7.295077
-6.865130
-6.824591
-6.773421
-6.708597
-6.663743
-10.052004
-6.534255
-6.500322
-6.767504
-6.407900
-6.449668
-6.311116
353.747711
351.533600
-6.134978
-6.101475
-10.074776
-5.921659
-5.848006
-9.594620
-5.760644
-5.709100
-6.452852
-5.600422
-5.536465
-5.487628
-5.442795
-5.399793
-5.331982
-5.276324
-7.815064
-5.150560
-5.110113
-9.145652
-4.984944
-4.984996
-7.778163
-4.844512
-4.782993
-4.930456
-4.728109
-4.686047
-8.243654
-3.133644
-6.409682
17.164692
-2.618566
-4.116925
-3.924928
-4.445764
-4.906232
-5.311165
-5.669598
-5.982463
-6.262002
-6.487255
-11.096597
-6.878341
-7.024428
-7.262713
-7.286198
-10.107005
-7.476174
-7.529028
-7.614281
-7.674180
-7.685008
-7.739986
-7.763688
-7.792658
-10.389694
-7.799461
-7.793495
-7.795124
-7.786542
-7.781815
-7.790397
-7.758175
-8.799910
-7.704686
-7.686490
-12.036545
-7.622727
-7.576708
-10.183110
-7.518023
-7.483174
-7.549540
-7.395019
-7.363955
-7.326372
-7.281357
-8.099198
-7.190429
-7.137310
-10.918649
-7.054894
-6.998244
-10.997954
-6.901508
-6.856483
-8.334651
-6.743518
-6.677315
-6.620193
-6.563921
-6.500910
-8.548710
-6.403168
-8.341801
-6.311616
-6.270763
353.768036
-6.156741
-6.064476
-6.012901
-5.983779
-5.966874
-5.998012
-5.827456
-5.795834
-7.480892
-5.658746
-5.621268
-5.546683
-5.498229
-6.101089
-5.383865
-5.312147
-5.238061
-5.165265
-5.093289
-5.065703
-5.012451
-4.938103
-5.967840
-4.828764
-4.769578
-4.696202
-4.653102
-7.268926
-4.582255
-4.570730
-3.253620
-3.025374
-1.768280
-11.238990
-3.311168
-3.926649
-6.554612
-4.921587
-5.320809
-5.680001
-5.984485
-6.266387
-6.485035
-6.688925
-10.035439
-7.010057
-7.149953
-12.583215
-7.375513
-7.460339
-11.386541
-7.583376
-7.646130
-7.947703
-7.731480
-7.762345
-7.804883
-7.792664
-8.304497
-7.821368
-7.810971
-8.487760
-7.791818
-7.783538
-7.752578
-7.731491
-7.683833
-7.655320
-7.633788
-7.594314
-7.572671
-7.549468
-7.501427
-7.598098
-7.409911
-9.878852
-7.351756
-7.317336
-7.350431
-7.261448
-7.245631
-7.148805
-7.115183
-7.074770
-10.599797
-6.972268
-6.908898
-7.133570
-6.786902
-6.730500
-6.679637
-6.646927
-7.788520
-6.513956
-6.471744
-6.411036
-6.344529
-6.309649
-7.975196
353.825745
-6.127713
-6.309229
-6.064073
-6.027246
-5.983567
-5.927073
-6.446531
-5.812922
-5.754344
-9.758417
-5.634791
-5.582965
-9.666284
-5.458299
-5.411131
-6.107994
-5.266776
-5.200024
-5.158216
-5.103057
-5.013510
-4.986153
-4.961063
-7.398541
-5.088165
-4.765153
-4.798005
-4.678317
-4.622198
-4.559146
-3.141458
-3.082270
-1.769455
-2.600712
-3.311168
-10.430834
-4.441611
-4.901840
-5.609234
-5.679966
-7.880826
-6.252883
-6.490178
-6.693897
-6.867433
-7.024814
-7.151821
-7.278548
-7.377685
-10.430972
-7.542248
-7.595206
-7.667015
-7.701540
-11.578444
-7.777169
-7.790722
-8.243779
-7.823763
-7.819613
-7.811747
-7.793962
-7.779136
-9.558356
-7.736483
-7.719070
-7.674213
-7.656321
-7.633439
-7.597414
-7.568679
-10.608173
-7.511262
-7.456768
-11.631808
-7.393476
-7.370921
-11.150971
-7.293447
-7.238212
-8.061518
-7.156646
-7.112157
-7.047736
-7.003708
-6.948936
-6.902615
-6.847754
-8.096305
-6.734680
-6.672014
-6.603118
-6.537885
-6.474532
-6.447920
-6.394371
-6.343436
-6.287848
-6.237364
353.798645
-7.983449
-6.097097
-9.261080
-6.016823
-5.953118
-6.108524
-5.842496
-5.787432
-5.728088
-5.671054
-5.628781
-5.580697
-5.523883
-5.458408
-6.427299
-5.342336
-5.255191
-5.162771
-5.088459
-6.562901
-4.977153
-4.932324
-4.905991
-4.839003
-4.807534
-4.766635
-4.721213
-4.670086
-5.028977
-4.538690
-3.104250
-3.008453
-1.784877
-4.096128
-3.322765
-3.924955
-11.789938
-4.919237
-5.325433
-12.806046
-5.988925
-6.265445
-9.284859
-6.701281
-6.882884
-7.045205
-7.163771
-7.289306
-7.395864
-7.497368
-9.351322
-7.599596
-7.656360
-12.435344
-7.729246
-7.745328
-11.878213
-7.782625
-7.792925
-7.803090
-7.798284
-7.783879
-7.770042
-7.764472
-7.731514
-8.200755
-7.682307
-8.928576
-7.634723
-7.600416
-7.563676
-7.539816
-7.526937
-7.475306
-7.439144
-7.385183
-10.769814
-7.287167
-7.266788
-7.375110
-7.183312
-10.243127
-7.105327
-7.063377
-7.236618
-6.977582
-6.922764
-6.871482
-6.817884
-6.775893
-9.390485
-6.639004
-6.569249
-6.605589
-6.568651
-6.530550
-6.391671
-6.402882
-8.273061
353.685394
-6.250028
-10.340298
-6.158849
-6.093526
-9.531154
-5.919792
-5.866429
-6.226449
-5.721231
-5.657503
-5.605572
-5.561668
-5.512942
-5.479077
-5.448683
-6.244085
-5.307941
-5.205795
-5.151474
-5.267535
-5.091654
-5.061962
-5.014536
-4.847828
-4.800471
-4.761547
-4.718549
-7.234516
-4.597500
-7.371685
-3.144152
-3.042655
9.542377
-2.629781
-3.315238
-3.929313
-4.467470
-4.924851
-5.329818
-5.688832
-6.001628
-8.982002
-6.506516
-6.708043
-6.882685
-7.035141
-8.965999
-7.295798
-7.406180
-7.499417
-7.569968
-7.624859
-7.670580
-7.695316
-7.732649
-9.124651
-7.783642
-7.796247
-7.815821
-7.817225
-11.475286
-7.800257
-7.786212
-11.567087
-7.751735
-7.748976
-12.100456
-7.705645
-7.696513
-9.399782
-7.598428
-7.600837
-7.521001
-7.463223
-7.432785
-7.392881
-7.368237
-9.149616
-7.294573
-7.233957
-11.447365
-7.139578
-7.099808
-10.716770
-6.998846
-6.948949
-7.449467
-6.837700
-6.767969
-6.714517
-6.654980
-6.610235
-7.479154
-6.449151
-7.465878
-6.366394
-6.328615
-6.289856
-6.247650
353.807251
-6.148736
-6.068820
-6.035441
-5.970091
-5.901236
-5.837679
-6.178132
-5.723720
-8.475573
-5.599734
-5.564113
-5.542803
-5.426690
-5.353374
-5.292244
-5.231613
-5.209136
-8.544521
-5.116976
-5.100564
-5.157660
-4.913548
-4.877851
-4.845601
-4.816345
-6.221896
-4.701283
-4.635389
-4.570193
-4.482167
-3.056627
-6.103430
-1.809084
-2.638538
-3.659863
-3.916008
-4.448400
-4.907489
-5.318357
-6.291453
-5.991855
-6.254366
-11.623503
-6.683160
-6.863997
-12.587101
-7.154164
-7.277264
-9.735524
-7.470932
-7.529561
-7.596381
-7.641813
-7.680729
-7.724944
-7.745332
-10.539742
-7.908080
-7.783242
-7.856025
-7.777123
-7.775105
-7.758097
-7.747799
-7.715224
-7.705368
-7.692504
-7.663380
-10.555302
-7.614415
-7.596450
-7.634941
-7.553281
-8.548089
-7.493321
-7.445856
-7.426293
-7.374211
-7.281801
-7.227099
-7.184296
-7.126354
-9.217713
-7.028967
-6.974940
-6.913623
-6.856169
-9.851344
-6.734583
-6.694860
-6.853861
-6.595045
-6.520154
-6.456609
-6.443234
-6.400586
-7.707562
-6.306508
-6.263141
353.789795
-6.166728
-6.097630
-6.044320
-5.998272
-7.990632
-5.885586
-5.830366
-9.886393
-5.701314
-5.627642
-8.954947
-5.528187
-5.500415
-5.791776
-5.439039
-5.342159
-5.261571
-5.172027
-5.494965
-5.069590
-5.008893
-8.219284
-4.922383
-4.837534
-4.792057
-4.730305
-4.703011
-4.644501
-4.575397
-4.506103
-3.081024
-2.984441
-1.813346
-4.112370
-3.351029
-9.273745
-4.492427
-4.945144
-5.454961
-5.712744
-6.018260
-6.285717
-6.524944
-6.730261
-6.899904
-7.057380
-7.194582
-7.832872
-7.409889
-7.483301
-7.553142
-7.616586
-8.842134
-7.709747
-7.745477
-7.765924
-7.783676
-7.792105
-11.492809
-7.811393
-7.804234
-7.918299
-7.793780
-7.792477
-7.756943
-7.746889
-8.654594
-7.669786
-7.657926
-11.707925
-7.602984
-7.578181
-11.729970
-7.530042
-7.496948
-8.813416
-7.401042
-7.305738
-7.272512
-7.215194
-7.178688
-7.120767
-7.078388
-9.310428
-6.968000
-6.925371
-11.074303
-6.830337
-6.771288
-6.718069
-6.666100
-6.612967
-6.538800
-6.471799
-6.480609
-9.425554
-6.329325
-9.942013
-6.268510
353.863464
-6.709112
-6.012567
-5.973040
-5.913168
-5.872112
-5.824524
-5.786557
-5.735277
-5.682012
-7.902136
-5.566463
-5.506535
-5.440815
-5.373072
-7.614974
-5.249972
-5.194444
-5.185195
-5.114612
-5.023691
-4.964052
-4.909860
-4.847074
-6.233004
-4.741622
-4.690444
-4.700285
-4.640075
-4.515107
-4.412335
-2.979726
-5.834518
-1.809316
-2.652034
-12.845975
-3.944790
-4.465981
-9.578300
-5.326704
-5.675712
-6.093078
-6.258519
-6.489966
-6.702640
-6.866771
-8.345130
-7.152399
-7.270796
-12.292686
-7.466141
-7.533597
-12.228278
-7.643905
-7.683544
-8.884166
-7.747020
-7.770885
-7.778124
-7.784289
-7.783695
-9.036807
-7.764314
-9.441488
-7.741911
-7.708735
-7.697506
-7.655310
-7.629471
-7.599429
-7.560999
-7.521178
-7.503329
-7.467569
-7.427282
-7.993871
-7.368238
-10.690639
-7.278923
-7.252588
-7.555782
-7.145583
-7.081084
-7.036827
-6.983812
-6.935366
-10.456116
-6.825624
-6.774070
-6.877402
-6.670599
-6.600270
-6.567000
-6.490264
-8.441477
-6.376381
-6.315891
-10.410433
-6.241102
-6.185222
350.398651
-6.100105
-6.032142
-6.489512
-5.918059
-5.863465
-5.818882
-5.762515
-5.698763
-5.637615
-5.558957
-8.735192
-5.441197
-5.399082
-9.445204
-5.280852
-5.209892
-7.281245
-5.151263
-5.073453
-5.073175
-4.985581
-4.937242
-4.887952
-4.874841
-7.506032
-4.722307
-4.571803
-4.669124
-4.443274
-4.386919
-2.997914
-2.896755
-1.799330
-2.649712
-3.318941
-3.941935
-9.362748
-4.915863
-5.311869
-5.671873
-5.967389
-8.135735
-6.482002
-6.692606
-6.870739
-7.027884
-7.168132
-7.298806
-7.411935
-7.508078
-9.380816
-7.641926
-7.699496
-7.744930
-7.792411
-11.361530
-7.851992
-7.859900
-8.149574
-7.881664
-7.875278
-12.191601
-7.865883
-7.862775
-8.344638
-7.845978
-7.809908
-7.777755
-7.771125
-7.737033
-7.693498
-7.678025
-10.046539
-7.589690
-7.553057
-11.802110
-7.489008
-7.455620
-10.727919
-7.413625
-7.398559
-7.694872
-7.324575
-7.284682
-7.243435
-7.195369
-8.495797
-7.094584
-7.038185
-10.533317
-6.941178
-6.905532
-6.858385
-6.808418
-6.772081
-6.719856
-6.676928
-6.633127
-6.585813
353.469971
-6.482583
-7.167292
-6.371282
-8.905939
-6.275298
-6.206482
-6.193472
-6.099285
-6.041512
-5.989013
-5.940279
-5.879996
-9.514750
-5.782760
-5.733092
-5.990289
-5.608463
-5.573990
-5.517429
-5.477516
-6.470478
-5.349963
-5.313213
-5.252338
-5.192149
-5.145759
-7.792333
-5.039545
-4.976063
-5.035241
-3.473781
-3.378523
-1.738541
-2.594633
-5.177940
-3.927605
-4.463973
-12.413308
-5.342782
-5.714527
-11.464107
-6.306358
-6.549860
-8.772324
-6.936876
-7.094796
-7.238694
-7.368505
-7.475831
-7.564400
-7.635835
-10.100400
-7.751891
-7.788310
-7.848534
-7.865998
-7.889535
-7.898146
-7.922260
-7.929699
-7.931325
-7.928751
-7.928358
-10.799627
-7.900445
-7.891675
-7.917381
-7.842498
-8.752060
-7.799557
-7.766699
-7.746566
-7.715607
-7.667213
-7.642068
-7.589345
-7.558703
-9.854949
-7.486338
-7.437080
-7.409227
-7.353704
-10.116682
-7.279935
-7.224829
-7.302671
-7.135237
-7.090786
-7.047597
-7.001317
-6.947626
-8.568164
-6.851595
-6.789773
-6.750115
-6.702835
-6.644620
-6.596094
-6.541540
351.381226
-6.443131
-6.388760
-10.490801
-6.301819
-6.248155
-9.599762
-6.148571
-6.090228
-6.067835
-5.972389
-5.944595
-5.884777
-5.843509
-6.997591
-5.722109
-5.659749
-9.543868
-5.566450
-5.509356
-9.562174
-5.388323
-5.344977
-5.305680
-5.247571
-5.185837
-5.128854
-5.086751
-5.035071
-6.743518
-4.890892
-6.376956
-3.379045
-1.722654
-2.944476
-3.300513
-3.917934
-4.452634
-4.925371
-5.331771
-5.693128
-6.012598
-6.291672
-8.090341
-6.737406
-6.925114
-7.083666
-7.217251
-9.411059
-7.458292
-7.539289
-7.608692
-7.666281
-7.728642
-7.769358
-7.814502
-7.842762
-8.466081
-7.882267
-7.899005
-7.911360
-7.910217
-8.361686
-7.899426
-7.898053
-11.492732
-7.868425
-7.838387
-12.175355
-7.814559
-7.780433
-10.227266
-7.733220
-7.693341
-7.682362
-7.629746
-7.587466
-7.553950
-7.513185
-9.818377
-7.437435
-7.397192
-11.399321
-7.318462
-7.266446
-11.186005
-7.175794
-7.135073
-7.095444
-7.042761
-6.992451
-6.944020
-6.908277
-6.841514
-7.489771
-6.755279
-8.509721
-6.646902
-6.603088
-6.554052
353.508942
-6.457488
-6.388186
-6.353373
-6.298719
-9.839455
-6.189748
-6.144377
-6.098943
-6.026526
-9.566229
-5.934418
-5.879504
-6.436041
-5.775643
-5.722027
-5.667953
-5.623714
-5.561969
-7.192370
-5.464975
-5.398473
-5.406531
-5.306329
-5.252065
-5.201082
-5.141469
-6.605745
-5.044695
-4.979560
-8.864703
-3.470157
-3.380848
101.957863
-2.608526
-3.289612
-5.446216
-4.462634
-4.923683
-5.335774
-5.700826
-6.020288
-6.300190
-6.536678
-11.942351
-6.930906
-7.084816
-12.674815
-7.357304
-7.463912
-9.931541
-7.619627
-7.683414
-8.046712
-7.781579
-7.826765
-11.470988
-7.877956
-11.840456
-8.005416
-7.928089
-8.496710
-7.919655
-7.913880
-7.912562
-7.891221
-7.880948
-7.855309
-7.835688
-7.822308
-10.446372
-7.754716
-7.734293
-7.697220
-7.664577
-9.933870
-7.596038
-7.564912
-7.545205
-7.490313
-7.434682
-7.398142
-7.355589
-7.314556
-9.168961
-7.229064
-7.179905
-7.129131
-7.089447
-7.036724
-6.993845
-6.936015
-10.712201
-6.842866
-6.784636
-10.934523
-6.699202
-6.641438
-9.277613
-6.540938
353.509369
-6.452065
-6.385522
-6.349206
-6.301847
-6.252553
-7.066376
-6.148475
-6.092127
-9.839371
-5.972962
-5.929978
-9.871614
-5.827786
-5.771054
-7.241281
-5.666743
-5.604713
-5.564073
-5.497711
-5.464662
-7.355193
-5.341767
-7.466274
-5.242250
-5.196349
-5.158155
-5.081314
-5.035782
-4.966303
-4.890154
-3.471961
-3.369237
-1.747899
-2.597557
-5.828093
-3.909847
-4.449152
-4.917598
-5.334866
-7.052616
-6.017734
-6.287636
-6.531084
-6.747214
-6.926419
-7.085561
-7.228234
-7.352016
-8.258059
-7.546658
-7.622677
-7.689078
-7.744623
-11.136118
-7.832250
-7.856668
-12.558270
-7.895430
-7.910011
-12.278054
-7.917041
-7.910207
-9.083711
-7.913528
-7.880344
-7.875866
-7.849267
-7.826819
-7.823141
-7.782888
-11.302847
-7.742297
-7.702739
-11.966565
-7.634494
-7.600696
-10.867896
-7.519844
-7.496023
-7.454648
-7.406332
-7.363867
-7.313716
-7.269028
-7.720039
-7.179700
-7.133065
-7.732346
-7.033049
-6.999513
-6.946233
-6.908113
-6.853836
-6.794102
-6.756413
-6.705731
-10.299332
-6.605888
-6.552810
353.493195
-6.461778
-8.641028
-6.348824
-6.292804
-6.278727
-6.193832
-6.144760
-6.083616
-6.028098
-5.974916
-8.782307
-5.875775
-5.837444
-5.800205
-5.727628
-5.671080
-5.615730
-5.562454
-6.410627
-5.462742
-5.381807
-5.342840
-5.301828
-5.239566
-7.472968
-5.136490
-5.087420
-5.124424
-4.960333
-4.891882
-3.458457
-3.378502
1.801211
-2.604578
-3.305581
-13.016593
-4.464983
-4.929878
-12.551827
-5.706269
-6.017980
-7.861503
-6.537361
-6.746913
-6.929718
-7.086429
-7.234060
-7.357068
-7.466094
-10.452231
-7.620518
-7.681203
-7.745803
-7.778204
-7.819134
-7.847719
-7.878645
-7.887640
-7.910999
-7.920363
-7.918735
-10.106794
-7.911276
-11.805166
-7.884080
-7.883199
-8.367430
-7.831392
-7.818562
-7.788223
-7.757031
-7.745248
-7.706038
-7.665635
-7.645135
-8.848531
-7.553963
-7.518088
-7.484678
-7.435106
-9.726943
-7.349627
-7.310239
-7.305201
-7.222821
-7.173458
-7.130770
-7.085718
-7.043512
-7.613288
-6.940441
-6.899985
-6.854765
-6.791234
-6.749787
-6.701210
-6.646369
-10.477855
-6.545037
353.513428
349.385254
-6.377900
-6.345819
-8.623264
-6.242404
-6.182057
-6.231831
-6.085338
-6.028384
-5.970626
-5.928121
-6.886042
-5.825409
-5.772857
-9.565771
-5.662215
-5.612042
-8.730412
-5.493681
-5.459900
-6.683150
-5.340237
-5.289260
-5.224902
-5.175784
-5.120951
-5.818033
-5.025605
-6.648572
-4.898931
-3.472753
-3.416259
-1.728542
-2.603171
-3.304160
-3.920256
-4.470243
-9.281980
-5.341272
-5.705907
-6.285525
-6.297888
-11.574700
-6.739612
-6.920927
-7.631856
-7.217576
-7.350876
-7.457110
-7.542198
-7.623879
-10.949686
-7.735919
-7.780626
-7.881263
-7.855457
-7.882104
-7.890889
-7.916739
-11.283656
-7.920734
-7.921721
-12.353528
-7.908401
-7.888369
-11.699352
-7.840204
-7.821601
-8.341184
-7.776034
-7.751609
-7.735255
-7.693136
-7.658839
-7.627124
-7.592445
-8.540543
-7.704136
-7.484514
-7.426274
-7.394331
-7.347352
-7.301640
