-2.101158
-2.696178
-3.368499
-3.786260
-4.251187
-4.663324
-5.060342
-5.397953
-6.606112
-6.012553
-6.276132
-6.511454
-6.705922
-11.155896
-7.071483
-7.230143
-7.511878
-7.517208
-7.628959
-11.692804
-7.827604
-7.902271
-8.148837
-8.031262
-8.073446
-8.107736
-8.139920
-10.629148
-8.164326
-8.174098
-8.180037
-8.171423
-8.140260
-7.592877
-6.411313
-6.112572
-6.560442
-5.411381
-5.410899
-5.405235
-5.394657
-6.628105
-5.366580
-5.340966
-5.318386
-5.290083
-5.273227
-5.237603
-5.222948
-5.192794
-7.841061
-5.141600
-5.112065
-5.112474
-5.063668
-5.510532
-5.002229
-4.974552
-4.931514
-4.908313
-4.874307
-4.833854
-4.810257
-4.774822
-4.731114
-4.692927
-7.859354
354.858917
-4.574306
-4.622843
-4.510509
-4.460534
-4.442657
-4.407627
-4.369974
-4.321739
-4.278471
-4.265122
-4.468810
-4.405466
-6.885291
-7.064356
-4.444325
-4.313111
-4.225787
-4.211136
-4.232236
-4.403511
-4.672072
-4.873782
-4.907713
-4.914943
-4.836262
-4.785750
-6.339378
-5.047478
-5.097236
-5.066340
-4.484326
-3.646850
-1.891985
-2.303374
-2.701886
-3.116547
-3.486465
-3.834597
-4.176413
-4.499271
-5.722709
-5.077206
-5.331489
-5.544626
-8.949879
-5.921157
-6.093597
-6.295152
-6.402372
-6.527100
-6.643981
-10.632110
-6.849871
-6.936752
-7.333478
-7.075842
-7.145789
-7.200350
-7.261257
-7.308119
-7.352520
-7.866596
-7.445869
-7.480887
-7.489110
-10.044164
-7.528991
-7.525558
-7.552066
-7.549053
-7.558069
-7.568582
-7.565324
-7.549293
-7.555717
-9.380449
-7.530631
-7.512462
-7.507088
-8.892212
-7.448927
-7.431320
-7.417111
-7.404162
-7.383977
-7.350672
-7.302222
-7.242218
-7.196428
-7.152604
-7.098446
-7.049332
-7.683359
-7.575561
-6.899394
-6.851418
-6.770295
-6.724990
-6.720270
353.299438
-6.702388
-6.669427
-6.675488
-6.630854
-9.963213
-6.560653
-8.711638
-6.460353
-6.331831
-6.349423
-6.294055
-6.245437
-6.118766
-6.084129
-6.086207
-6.058730
-5.999874
-5.981323
-8.414066
-5.856531
-5.798713
-5.806943
-5.787332
-6.388741
-5.753727
-5.699971
-5.677390
-5.632989
-5.591571
-5.537490
-4.119525
-4.037872
85.147163
-2.561788
-3.060894
-3.533530
-3.971531
-7.482212
-4.729208
-5.061655
-5.373325
-5.647943
-5.910963
-6.139441
-6.348785
-6.533432
-7.651967
-6.859015
-6.994840
-7.112553
-7.226821
-11.130038
-7.419599
-7.475675
-11.939014
-7.541403
-7.418155
-11.750991
-7.487912
-7.504189
-8.567279
-7.429090
-7.452155
-7.514447
-7.480483
-7.147167
-7.260950
-7.345391
-10.230631
-7.390456
-7.452422
-11.794870
-7.523046
-7.533132
-10.266319
-7.532692
-7.514177
-7.525474
-7.345164
-7.368998
-7.400993
-7.394984
-8.547303
-7.394573
-7.374839
-11.414431
-7.342793
-7.304222
-7.262107
-7.232408
-7.208071
-7.191741
-7.163745
-7.131529
-10.267851
-7.054890
-7.021413
-7.033647
353.049408
351.950317
-6.876394
-6.825018
-6.798527
-6.752172
-6.716824
-6.677204
-6.639550
-6.582136
-8.541862
-6.486232
-6.453705
-6.312988
-6.379515
-8.953054
-6.285546
-6.236233
-6.246273
-6.135242
-6.087472
-6.041821
-5.955547
-5.862240
-6.802756
-5.739831
-5.726120
-5.659939
-5.585565
-5.558233
-5.501891
-5.410032
-7.381795
-3.847101
-1.969822
-12.769287
-2.951693
-3.406597
-7.174699
-4.221274
-4.583158
-4.914854
-5.227664
-5.505295
-5.762256
-6.015425
-9.106474
-6.362111
-6.518189
-11.903028
-6.791672
-6.905517
-10.733231
-7.144127
-7.257616
-7.538039
-7.343767
-7.391292
-7.411818
-7.478643
-7.533447
-7.589759
-7.606485
-8.409162
-7.687246
-7.732672
-7.752707
-7.776169
-7.782219
-7.776126
-7.776049
-7.647916
-11.241705
-7.668781
-7.683131
-7.763118
-7.664126
-9.334079
-7.622811
-7.593830
-7.574201
-7.530122
-7.525562
-7.481502
-7.455681
-7.418348
-9.646956
-7.367912
-7.282537
-7.217369
-7.193040
-10.364896
-7.093733
-7.061312
-7.269381
-6.980870
-6.941535
-6.902003
-6.846915
-6.805340
-7.947000
353.257050
-6.733274
-6.705286
-6.675037
-6.650279
-6.636542
-6.621756
-9.415995
-6.545581
-6.496398
-10.488722
-6.330242
-6.316772
-8.891358
-6.267150
-6.228316
-6.212649
-6.055034
-6.033110
-5.990416
-5.957256
-7.095663
-5.876842
-5.854049
-9.742343
-5.812903
-5.760732
-9.516980
-5.690117
-5.630927
-6.377519
-4.151856
-4.064219
-1.952856
-2.477626
-2.960927
-4.967159
-3.866073
-7.443192
-4.622377
-4.942372
-5.245969
-5.523361
-5.772795
-6.004989
-6.215036
-6.418169
-6.605910
-6.760930
-6.903291
-7.281491
-7.073407
-10.404011
-7.156101
-7.226630
-7.433235
-7.371898
-7.413986
-7.428657
-7.490484
-7.513091
-10.403346
-7.564357
-7.607313
-7.661886
-7.666654
-7.684337
-7.729313
-7.748591
-8.778950
-7.761396
-7.767776
-7.722397
-7.622247
-7.653268
-9.829063
-7.691603
-7.644729
-7.584733
-7.561770
-7.488546
-7.487040
-7.453669
-9.153919
-7.431407
-7.415724
-11.554873
-7.383570
-7.354082
-10.890058
-7.297007
-7.246512
-7.637903
-7.151492
-7.092351
-7.079301
-7.055696
-7.016537
-6.978759
353.052826
351.960785
-6.860289
-6.819678
-6.780632
-6.721818
-6.691211
-6.659813
-6.618827
-6.567984
-6.522162
-6.479825
-6.439389
-7.373880
-6.359216
-9.017845
-6.246019
-6.208926
-6.192636
-6.090169
-5.967193
-5.930748
-5.874043
-5.851680
-5.796921
-5.744462
-5.701797
-6.025934
-5.611669
-5.580718
-5.530946
-5.475223
-4.670561
-3.972090
-1.995312
-2.497844
-3.003179
-3.466539
-10.275715
-4.321596
-4.697728
-5.121569
-5.344043
-5.584054
-5.828529
-6.062690
-9.002375
-6.467644
-6.653338
-12.059657
-7.005143
-7.136110
-11.093885
-7.324412
-7.394115
-7.727975
-7.491808
-7.568344
-7.647549
-7.703033
-7.747245
-7.776097
-7.776607
-11.685220
-7.789160
-7.819747
-12.157739
-7.843296
-7.853425
-9.470564
-7.871067
-7.869662
-7.872855
-7.868004
-7.853750
-7.828381
-7.819260
-10.016087
-7.772822
-7.750043
-7.789536
-7.694954
-7.678818
-7.644060
-7.602722
-7.584363
-7.549842
-7.509884
-7.492579
-8.781401
-7.407918
-7.369489
-7.325728
-7.291654
-7.732782
-7.203301
-7.167382
-7.128027
-7.082407
-7.038100
352.997589
353.042786
-6.916842
-7.419246
-6.840355
-6.776405
-6.749800
-6.707202
-8.458252
-6.604457
-6.549783
-6.511148
-6.465808
-6.420236
-9.621669
-6.322257
-6.275280
-6.385371
-6.171680
-6.135515
-6.083081
-6.036548
-5.999157
-5.959891
-5.900624
-9.668475
-5.816339
-5.771490
-9.619289
-5.678423
-5.619923
-6.662023
-4.127554
-4.044122
-2.037810
-2.601280
-3.129729
-3.630996
-4.073151
-9.758011
-4.874821
-5.222697
-12.309976
-5.834852
-6.091109
-9.997609
-6.484699
-6.595580
-6.855666
-6.922922
-7.044727
-10.182321
-7.252732
-11.416259
-7.428205
-7.491530
-8.022946
-7.570142
-7.613120
-7.645226
-7.701138
-7.758595
-7.794842
-7.729723
-7.176847
-8.608222
-7.079715
-6.909998
-7.157111
-7.324060
-8.925812
-7.492676
-7.544845
-7.545960
-7.551821
-7.530892
-7.476364
-7.578700
-7.623610
-8.638946
-7.673738
-7.651344
-7.661558
-7.643910
-11.036934
-7.637400
-7.622624
-11.295188
-7.563367
-7.508349
-11.583773
-7.404487
-7.350863
-8.852052
-7.287413
-7.240649
-7.181589
-7.109436
-6.947852
-6.939922
353.096375
351.081299
-6.787889
-6.710122
-10.647708
-6.399802
-6.314539
-9.251515
-6.138446
-6.058096
-5.764584
-5.396830
-5.321628
-5.426388
-4.977332
-6.137350
-5.198077
-5.022126
-5.163797
-5.073441
-5.156244
-5.158329
-5.140173
-5.160110
-5.143532
-5.129766
-5.108623
-8.247939
-5.005292
-4.942580
-4.978896
-4.831064
-4.606552
-3.295980
-1.990026
-2.535887
-3.036169
-3.531262
-4.059873
-4.569874
-5.046812
-9.391586
-5.852736
-6.167987
-6.448642
-6.689838
-11.387915
-7.036428
-7.237262
-7.748896
-7.549246
-7.611932
-7.652617
-7.702159
-7.745860
-9.544498
-7.833868
-7.819580
-7.801117
-7.820535
-7.849020
-7.814676
-7.778785
-10.149970
-7.653677
-7.469115
-11.824701
-7.395871
-7.349548
-10.449463
-7.241689
-7.109793
-6.725782
-6.356530
-6.276134
-6.137199
-6.230694
-7.883012
-6.511252
-6.584390
-10.752390
-6.660694
-6.666563
-10.507835
-6.627132
-6.630376
-7.438087
-6.697583
-6.735904
-6.695379
-6.692086
-6.691744
-7.449027
-6.681868
-8.358891
-6.607900
-6.565766
-6.503625
-6.446175
-6.410952
-6.420015
353.590729
-6.417911
-9.918330
-6.388497
-6.345393
-6.522983
-6.309452
-9.305688
-6.111099
-6.017246
-6.089767
-5.890583
-5.822280
-5.763200
-5.673238
-5.588655
-8.212876
-5.466859
-5.374645
-5.286585
-5.280316
-5.222832
-5.205128
-5.169466
-7.631083
-5.093268
-5.066341
-9.160007
-5.041515
-5.012180
-7.618379
-3.449286
-3.233030
1.612967
-2.162030
-2.592125
-2.990134
-3.369054
-6.619129
-4.100018
-4.406189
-11.370675
-5.032885
-5.314441
-10.723782
-5.759340
-5.994561
-7.000541
-6.470497
-6.772473
-6.955520
-7.065001
-7.122318
-7.178203
-7.239833
-8.839133
-7.383565
-7.420940
-7.488133
-7.561896
-7.615024
-7.667104
-7.699826
-7.733665
-7.761968
-7.781633
-7.793460
-8.879746
-7.787629
-11.042709
-7.690441
-7.667239
-7.717173
-7.638162
-7.604699
-7.565088
-7.524017
-7.477655
-11.186052
-7.334085
-7.246089
-7.617674
-7.091184
-7.042994
-6.973088
-6.908214
-7.597925
-6.808113
-6.769117
-6.736031
-6.701361
-6.643214
-9.748677
-6.509222
-6.401970
-6.468381
-6.352815
-6.331878
-6.332882
-6.317999
351.679565
-6.276198
-6.272292
-10.400291
-6.268048
-6.231238
-9.422421
-6.123844
-6.047646
-6.328280
-5.944735
-5.901073
-5.840106
-5.765263
-6.066930
-5.627382
-5.578192
-8.778456
-5.468997
-5.413394
-9.480165
-5.336595
-5.310367
-7.339213
-5.266574
-5.219456
-5.177891
-5.101809
-5.075387
-7.539835
-4.987486
-5.981056
-3.417247
-2.306277
-3.000955
-3.521631
-4.039305
-4.506458
-4.891555
-5.225639
-5.533102
-5.780049
-5.995361
-8.392111
-6.444040
-11.314292
-6.782851
-6.864491
-7.342233
-6.872672
-6.918593
-7.026451
-7.085830
-7.127591
-7.128294
-7.140034
-7.125887
-7.928902
-7.251825
-7.306288
-7.368917
-7.401410
-8.829228
-7.489726
-7.545122
-7.562401
-7.576170
-7.598812
-11.012434
-7.613114
-7.597967
-7.675202
-7.579558
-7.573377
-7.548425
-7.535609
-8.524381
-7.448279
-7.401649
-11.326523
-7.311194
-7.291928
-11.348146
-7.199276
-7.162271
-8.470873
-7.078106
-7.045599
-7.004486
-6.969350
-6.950021
-6.922951
-6.884956
-8.540137
-7.041795
-6.760972
-6.703490
-6.652651
-6.594383
-6.537945
353.523621
-6.408813
-6.333300
-6.269215
-6.147959
-8.821683
-5.976030
-9.104674
-5.875962
-5.792834
-5.994772
-5.768759
-5.759620
-5.728967
-5.688428
-5.693690
-5.686327
-5.632102
-5.507800
-7.279040
-5.473569
-5.442422
-5.371443
-5.312838
-5.741314
-5.282649
-5.247525
-5.227827
-5.209634
-5.170374
-5.104292
-3.678610
-3.586659
52.074520
-2.510356
-3.019927
-3.525129
-3.987596
-8.069363
-5.000209
-5.397953
-5.734737
-6.005525
-6.245157
-11.671866
-6.642988
-6.805622
-7.768695
-7.151968
-7.292223
-7.409550
-7.510544
-7.833860
-7.680367
-7.724445
-11.386165
-7.790598
-7.810556
-12.417212
-7.865187
-7.875150
-10.307226
-7.851458
-7.851431
-7.878323
-7.862912
-7.872567
-7.848138
-7.813016
-10.447408
-8.132003
-7.681439
-7.657743
-7.607344
-7.567618
-7.539605
-7.495221
-7.466871
-7.434455
-7.409348
-7.350427
-10.405319
-7.249590
-10.895345
-7.208873
-7.113434
-7.610110
-7.055284
-7.013187
-6.985538
-6.968558
-6.924071
-6.919107
-6.900619
-6.855016
-8.609905
-6.793444
-6.740801
-6.695880
-6.667227
352.508759
-6.552014
-6.492921
-6.453890
-6.379599
-6.323965
-6.268772
-6.193211
-6.104323
-7.096635
-5.944379
-5.877455
-5.784058
-5.696688
-8.561015
-5.551704
-5.513025
-9.212671
-5.443070
-5.457791
-9.329942
-5.408927
-5.399973
-6.568692
-5.292782
-5.276843
-5.231658
-5.144430
-5.008765
-4.942252
-4.910756
-6.114279
-3.467814
-2.362203
-13.441556
-3.774157
-4.350297
-10.722915
-5.305478
-5.677231
-6.274949
-6.296828
-6.531832
-6.731391
-6.908411
-8.315982
-7.173681
-7.269712
-7.617179
-7.429841
-7.505521
-7.557354
-7.606961
-7.669215
-7.705512
-7.738367
-7.766472
-11.503515
-7.798517
-7.858639
-8.000934
-7.893167
-8.938574
-7.908227
-7.910091
-7.904509
-7.903689
-7.897165
-7.873893
-7.859094
-7.814269
-10.050879
-7.717295
-7.673494
-7.609316
-7.563524
-9.819610
-7.477286
-7.447555
-7.431751
-7.352421
-7.314393
-7.247943
-7.179345
-7.127429
-8.543109
-7.035063
-6.994263
-6.952918
-6.939462
-6.925815
-6.907597
-6.875749
-9.687964
-6.728918
-6.615722
-10.721731
-6.556373
-6.548006
-8.867750
353.511780
-6.441338
-6.432133
-6.312928
-6.212341
-6.119852
-6.048703
-7.337391
-5.905920
-5.829526
-9.806387
-5.736056
-5.705442
-9.401464
-5.603925
-5.561812
-6.153212
-5.513721
-5.516160
-5.507937
-5.493424
-9.194826
-6.248459
-5.394821
-5.955802
-5.355595
-5.313833
-5.277434
-5.241305
-5.218137
-5.177598
-3.764076
-3.692975
104.459534
-2.764153
-3.343883
-4.197533
-4.367983
-7.468470
-5.235044
-5.621710
-5.991190
-6.291129
-6.547932
-6.760045
-6.938852
-7.101346
-10.801620
-7.315326
-7.392142
-7.509725
-7.588898
-11.696891
-7.769738
-7.826218
-8.337444
-7.935406
-7.971952
-7.991631
-8.014099
-8.009635
-9.995720
-7.954146
-7.968179
-7.985172
-7.979316
-7.960318
-7.926836
-7.885877
-9.676764
-7.811250
-7.746664
-11.980303
-7.632821
-7.565787
-10.995537
-7.452703
-7.411170
-7.720531
-7.339359
-7.281953
-7.252463
-7.215698
-7.846047
-7.190555
-7.173826
-10.938844
-7.127738
-7.102076
-11.167186
-7.058661
-7.018397
-6.986330
-6.954085
-6.915901
-6.878903
-6.830655
-6.781919
-7.763138
-6.672377
351.976898
-6.528587
-6.442241
-6.375506
-6.264865
-6.191732
-6.116090
-6.045378
-5.986188
-5.919534
-5.857213
-5.798566
-6.158175
-5.734554
-8.467591
-5.616891
-5.557941
-5.635346
-5.461594
-5.425908
-5.393840
-5.343296
-5.291420
-8.365913
-5.107568
-5.042260
-5.007506
-4.888878
-4.905369
-4.940524
-4.932011
-4.614864
-3.399065
-2.416339
-13.503245
-3.821135
-4.404365
-10.641485
-5.286545
-5.635602
-6.111093
-6.196055
-6.415691
-6.619328
-6.803745
-8.236786
-7.113254
-7.252223
-12.334999
-7.461202
-7.547725
-12.138039
-7.669733
-7.741077
-8.610767
-7.842579
-7.888039
-7.909336
-7.932877
-7.976145
-7.986357
-7.985095
-8.977166
-7.975285
-7.962620
-7.936952
-7.927250
-7.899333
-7.854731
-7.811780
-7.739464
-7.695451
-7.640988
-7.592584
-9.143581
-7.499136
-10.347236
-7.418383
-7.390051
-7.486358
-7.303244
-7.262313
-7.205194
-7.178403
-7.153610
-7.125633
-7.105332
-7.089722
-7.778319
-7.007490
-6.946483
-6.853953
-6.730102
-7.458837
-6.666981
-6.679366
-6.645201
-6.578612
-6.511410
-9.925022
353.629852
-6.320184
-6.436586
-6.168251
-6.084862
-6.045853
-6.008760
-7.468489
-5.939415
-5.881763
-9.888554
-5.793485
-5.740263
-9.357245
-5.625126
-5.630961
-6.233542
-5.585104
-5.562776
-5.540524
-5.537698
-6.010516
-5.540012
-5.526617
-9.062665
-5.478900
-5.416647
-9.419827
-5.363880
-5.321321
-6.606145
-3.844071
-3.752705
-1.975354
-2.533196
-3.061646
-3.585480
-4.070460
-8.234414
-4.947801
-5.344876
-5.775650
-6.151103
-6.458292
-6.706278
-6.888807
-7.055911
-7.212537
-7.341400
-7.456721
-9.960844
-7.621857
-7.687838
-7.752675
-7.796584
-8.243623
-7.870997
-7.890340
-7.895157
-7.923743
-7.933120
-7.924773
-7.929444
-7.909440
-8.973165
-7.867212
-7.868110
-7.836533
-7.815206
-9.721854
-7.747438
-7.706468
-7.647860
-7.615001
-7.570555
-11.361103
-7.470011
-7.410720
-7.706207
-7.326108
-7.260220
-7.228497
-7.169437
-7.720173
-7.076653
-7.011336
-10.567432
-6.902533
-6.884999
-10.974930
-6.829482
-6.779258
-8.130442
-6.775094
-6.789051
-6.770398
-6.794099
-6.757372
-6.722422
-6.700517
350.595886
-6.629714
-6.592150
-10.712690
-6.525983
-6.515511
-9.212528
-6.452362
-6.404169
-6.428274
-6.286886
-6.232297
-9.188867
-6.157534
-9.288335
-6.103351
-5.943594
-6.078878
-5.704667
-5.632527
-5.570449
-5.509665
-5.445571
-5.375184
-5.322541
-5.268715
-7.521070
-5.166382
-5.111866
-5.052184
-4.980423
-4.917811
-3.468313
-2.286592
-2.989918
-3.643933
-4.258103
-4.783450
-5.262400
-5.660668
-8.246081
-6.292354
-6.559029
-6.793778
-6.976952
-11.339844
-7.288014
-7.394633
-12.109039
-7.608054
-7.692757
-12.627636
-7.808423
-7.848825
-9.535275
-7.894346
-7.909429
-7.920714
-7.920428
-7.941098
-7.936632
-7.929686
-10.605416
-7.887339
-7.853119
-12.244566
-7.812728
-7.792748
-10.756497
-7.713396
-7.655173
-7.752042
-7.551458
-7.465816
-7.406801
-7.404982
-8.368727
-7.354193
-7.345321
-7.558854
-7.343036
-7.341748
-7.338314
-7.353126
-7.338756
-7.320225
-7.294542
-7.274683
-10.620019
-7.244744
-7.204731
-7.285908
-7.120311
-7.890778
-6.993984
-6.958953
-6.903984
-6.851041
-6.798128
-6.735611
353.361298
-6.570319
-8.910659
-6.408592
-6.308237
-6.239462
-6.155855
-8.100200
-5.961913
-5.906898
-5.887197
-5.835804
-5.783129
-5.726713
-5.663921
-5.605717
-7.159948
-5.507479
-5.461136
-5.398470
-5.302739
-5.211685
-5.157118
-5.086678
-8.032618
-4.991826
-4.945344
-9.009190
-4.821788
-4.708304
-7.086547
-3.282629
-3.256604
0.838369
-3.191586
-3.864821
-4.466014
-4.963944
-7.856295
-5.769391
-6.091470
-13.005050
-6.594731
-6.790718
-12.048928
-7.046960
-7.187406
-8.004709
-7.394522
-7.478168
-7.548350
-7.607765
-12.100570
-8.761312
-7.672152
-8.409794
-7.721122
-7.759057
-7.715074
-7.737291
-7.757400
-7.763738
-7.747792
-7.748900
-11.523688
-7.745102
-7.742705
-8.102091
-7.696907
-8.369985
-7.672337
-7.653172
-7.629972
-7.605281
-7.563130
-7.544291
-7.510180
-7.475429
-10.076331
-7.403091
-7.326841
-7.276253
-7.177845
-10.044937
-7.098476
-7.029436
-7.173743
-6.974113
-6.925010
-6.883249
-6.869848
-6.827097
-8.644836
-6.764548
-6.727387
-6.684926
-6.621186
-6.560881
-6.492217
-6.421286
351.316956
-6.326741
-6.265899
-10.360991
-6.135283
-6.046482
-9.116906
-5.854543
-5.823042
-5.999420
-5.767532
-5.735592
-5.689378
-5.605464
-6.246359
-5.468389
-5.413455
-9.149096
-5.302696
-5.237926
-9.163770
-5.167166
-5.138684
-6.237066
-5.027730
-5.006320
-4.971107
-4.947597
-4.899605
-5.932848
-4.768756
-4.746089
-3.212508
-2.253890
-2.910674
-3.505758
-4.033827
-4.483031
-4.842910
-5.102847
-11.836739
-5.635822
-5.908037
-6.672098
-6.402212
-9.501109
-6.755782
-6.913561
-7.067008
-7.184040
-7.288239
-7.382495
-7.462463
-7.528247
-10.831187
-7.588408
-7.603075
-7.677214
-7.678845
-7.732794
-7.758830
-7.754971
-8.310145
-7.782610
-7.808588
-7.799549
-7.807612
-7.791338
-10.128239
-7.799592
-7.814839
-7.812435
-7.733114
-7.663659
-7.595936
-7.559856
-9.109632
-7.450602
-7.400454
-11.529106
-7.288941
-7.248147
-10.952044
-7.135059
-7.069824
-7.524215
-6.983112
-6.930018
-6.891201
-6.856530
-7.231315
-6.761732
-6.706538
-10.112365
-6.546442
-6.513952
-10.622776
-6.437610
-6.408247
-6.367929
353.678986
-6.293478
-6.239917
-6.197457
-6.148752
-7.376169
-6.102921
-7.930880
-6.023508
-5.929492
-5.943819
-5.938476
-5.924323
-5.897017
-5.858022
-5.832643
-5.785051
-5.723490
-5.703805
-6.018747
-5.600604
-8.317645
-5.501408
-5.418665
-5.473625
-5.301534
-5.200937
-5.155385
-5.111108
-5.057675
-8.148623
-3.506454
-3.384759
3.924454
-2.906876
-3.542382
-4.136430
-4.679535
-7.515482
-5.570851
-5.923038
-12.978897
-6.498903
-6.746199
-11.197195
-7.113924
-7.250326
-7.569974
-7.438737
-7.491917
-7.555768
-7.613123
-8.601762
-7.738100
-7.782883
-12.162295
-7.825067
-7.835159
-12.245123
-7.862549
-7.852096
-9.017434
-7.811530
-7.778529
-7.716447
-7.636645
-7.661333
-7.650596
-5.794121
-6.775587
-5.327448
-6.827607
-6.460677
-6.548726
-5.454098
-5.294617
-5.299862
-5.263110
-5.238979
-5.215703
-5.163775
-6.456685
-5.077009
-7.718015
-4.998275
-4.964752
-5.000513
-4.910959
-4.876636
-4.836160
-4.814930
-4.785553
-4.775506
-4.770187
-4.745827
-5.358530
-4.701753
-4.659328
-4.918255
-5.649037
354.113770
-4.761330
-4.580386
-4.818578
-4.832629
-4.916673
-8.272490
-5.252871
-5.251929
-5.398118
-5.296344
-5.045948
-5.090712
-4.823215
-7.157944
-5.246544
-5.403298
-9.928147
-5.994513
-5.967623
-9.284077
-5.659424
-4.671758
-3.945127
-3.476894
-3.507920
-3.414855
-3.330400
-3.969524
-3.227854
-3.165075
-5.490054
-1.681842
-1.628668
-11.921701
-2.259549
-2.557892
-5.110438
-3.099095
-3.351285
-3.566827
-3.779718
-3.965552
-4.144655
-4.297318
-6.856992
-4.570600
-4.687251
-5.305967
-6.685650
-6.766119
-6.616737
-6.918398
-7.133193
-7.117968
-7.173811
-7.450745
-9.152062
-7.055521
-10.190666
-6.557174
-6.644085
-6.875900
-6.830540
-7.165584
-7.250480
-7.675127
-7.802672
-7.725785
-7.695244
-7.663998
-8.242495
-7.662606
-7.390342
-7.215385
-7.169969
-8.218804
-7.157845
-7.126031
-6.989872
-6.868906
-6.898871
-10.173395
-6.778059
-6.660176
-6.796937
-6.685534
-6.657535
-6.611586
-6.589032
-8.060418
-6.505695
-6.469653
-10.540591
-6.291266
-6.116490
-9.570203
-5.853328
-5.817476
-6.335485
354.285034
-5.730698
-5.768402
-5.774928
-5.719433
-5.690888
-5.661322
-9.056932
-5.891030
-6.032806
-10.325644
-5.685923
-5.459133
-7.367952
-5.516881
-5.491639
-5.447005
-5.390191
-5.398933
-5.344027
-5.227519
-7.465231
-5.050301
-4.982291
-4.960828
-4.885131
-4.831000
-4.768878
-4.723140
-4.667091
-4.599415
-3.179196
-3.092857
81.064087
-3.876941
-12.235956
-5.239588
-5.688785
-6.585735
-6.343332
-6.556974
-6.752033
-6.904815
-7.025950
-7.140541
-7.224613
-7.295801
-8.143799
-7.398381
-7.440141
-7.464909
-7.465021
-9.099057
-7.478349
-7.478683
-7.484787
-7.489788
-7.474382
-11.159591
-7.462932
-7.453249
-7.521131
-7.406447
-7.372785
-7.325758
-7.284894
-8.505964
-7.239103
-7.207943
-11.329575
-7.136643
-7.122039
-11.116496
-7.066099
-7.022596
-7.882473
-6.956142
-6.915483
-6.875547
-6.841049
-6.776547
-6.758163
-6.705210
-9.635031
-6.618396
-6.573849
-10.731288
-6.480100
-6.436501
-8.838473
-6.351778
-6.300584
-6.301330
-6.225592
-6.166820
-8.652198
-6.082038
-8.883595
-5.964243
-5.899405
354.008667
-5.834517
-5.789330
-5.757620
-5.694722
-5.664483
-5.626611
-5.569942
-5.518730
-7.136974
-5.421214
-5.379111
-5.331011
-5.294293
-5.879114
-5.186056
-5.136682
-5.075223
-5.046175
-4.996514
-4.950274
-4.901956
-4.864472
-5.485219
-4.754652
-4.727559
-4.683850
-4.631216
-6.562715
-4.538882
-4.477548
-3.059941
-2.968425
-3.121023
-11.414821
-4.987977
-5.555922
-6.487535
-6.298738
-6.544024
-6.736451
-6.891771
-7.950127
-7.128389
-7.219212
-12.330227
-7.332172
-7.382103
-12.546097
-7.445304
-7.467081
-9.000490
-7.481617
-7.497613
-7.495524
-7.490385
-7.484922
-7.475464
-7.466401
-10.358120
-7.449824
-7.428279
-11.892076
-7.379198
-7.351037
-10.225949
-7.282780
-7.251541
-7.213466
-7.187826
-7.144514
-9.806823
-7.085845
-10.456482
-7.011245
-6.971941
-7.214548
-6.894445
-6.852250
-6.812068
-6.760216
-6.725283
-6.675772
-6.627685
-6.585037
-7.963205
-6.497787
-6.467792
-6.415668
-6.369073
-7.190128
-6.272717
-6.233097
-6.192984
-6.136016
-6.097816
-6.053242
-5.992418
-5.953616
-6.451694
354.137238
-5.811813
-5.754701
-5.726898
-7.902771
-5.636493
-5.593389
-5.559479
-5.487584
-5.436885
-8.862577
-5.347651
-5.302270
-5.650447
-5.210493
-5.166181
-5.104559
-5.040656
-5.016129
-4.961905
-4.923944
-8.298855
-4.822132
-4.771327
-8.762976
-4.687159
-4.637296
-6.193315
-4.549168
-4.506056
-4.444896
-3.024182
-2.938160
-3.130749
-4.260606
-10.608267
-5.626450
-6.051283
-14.514356
-6.608951
-6.785185
-6.936386
-7.058576
-7.163873
-7.244347
-7.304431
-7.356033
-10.498480
-7.434195
-11.880655
-7.484641
-7.489398
-8.060633
-7.505736
-7.491743
-7.481001
-7.476451
-7.469635
-7.455541
-7.452411
-7.429073
-8.732028
-7.390867
-7.356127
-7.329144
-7.300050
-8.753477
-7.240555
-7.209286
-7.181583
-7.129450
-7.107614
-7.069862
-7.030357
-6.990536
-7.343681
-6.906248
-6.869331
-6.822873
-6.790260
-7.757717
-6.706889
-6.661101
-10.577168
-6.574252
-6.532963
-10.465785
-6.453093
-6.399385
-7.344315
-6.311384
-6.257404
-6.210243
-6.169557
-6.119323
-6.080290
-6.041740
-8.853132
-5.940461
-5.895429
350.002533
-5.800858
-5.762118
-8.228550
-5.658890
-5.615415
-5.631228
-5.532827
-5.476656
-5.414114
-5.360248
-8.451657
-5.298350
-5.232139
-5.398610
-5.124448
-5.074070
-5.024536
-4.989115
-4.947753
-4.901541
-4.850307
-4.812228
-6.753243
-4.700714
-4.668990
-4.610111
-4.565667
-5.379630
-4.460826
-4.389930
-2.966477
-2.883679
-3.173848
-4.328047
-5.124021
-5.693331
-8.006145
-6.424270
-6.652917
-6.826664
-6.972169
-10.703711
-7.180852
-7.262686
-7.362228
-7.360780
-7.399749
-7.434249
-7.456175
-7.470922
-7.989804
-7.496449
-7.505359
-7.495212
-7.493564
-7.481987
-7.469024
-7.458737
-11.249143
-7.441323
-7.416451
-11.838253
-7.369489
-7.334257
-9.119643
-7.274434
-7.234610
-7.198921
-7.168257
-7.128546
-7.096590
-7.068502
-9.102513
-6.990822
-6.956532
-11.171960
-6.869659
-6.831363
-10.068887
-6.734385
-6.707094
-6.648103
-6.609729
-6.558693
-9.494650
-6.459647
-10.161053
-6.406284
-6.310374
-6.893986
-6.222884
-6.176229
-6.128057
-6.073274
-6.036358
-5.982468
-5.935549
-5.894890
-7.715265
354.199280
-5.761188
-5.701343
-5.666123
-7.184878
-5.561934
-5.527068
-5.479114
-5.416755
-5.368502
-5.339675
-5.312981
-5.275564
-6.188857
-5.168692
-5.120391
-5.072267
-5.007966
-8.069087
-4.933464
-4.868080
-8.558587
-4.779300
-4.722424
-8.609310
-4.634983
-4.579997
-5.755076
-4.498433
-4.441429
-4.382024
-2.960538
-2.882877
-3.201237
-4.353879
-12.513152
-5.705106
-6.106307
-14.553493
-6.619149
-6.794194
-11.368742
-7.048112
-7.141128
-7.324246
-7.274706
-7.326946
-7.382561
-7.416915
-8.720084
-7.470752
-7.481901
-7.828040
-7.515508
-7.511124
-7.494935
-7.493357
-7.474352
-7.457709
-7.450593
-7.435741
-10.565775
-7.383460
-7.352885
-7.374316
-7.289002
-8.375849
-7.228335
-7.193433
-7.171997
-7.122965
-7.086406
-7.064507
-7.027174
-6.983808
-8.862298
-6.900599
-6.850910
-6.807676
-6.778081
-9.407809
-6.692395
-6.637468
-6.670347
-6.557744
-6.516066
-6.475821
-6.444760
-6.400929
-7.307295
-6.322873
-6.279083
-6.252385
-6.200074
-6.153570
-6.113867
-6.066985
-9.118581
-5.991469
-5.959414
349.946381
-5.868668
-5.805968
-7.995491
-5.709160
-5.668745
-5.633837
-5.569505
-5.513962
-5.463155
-5.422922
-6.878720
-5.311819
-5.269227
-9.265467
-5.152192
-5.104375
-8.544393
-5.003643
-4.945362
-5.482722
-4.848360
-4.805336
-4.757654
-4.701131
-4.662604
-4.986045
-4.571575
-5.428657
-4.473216
-4.402180
-2.973075
-2.895150
-3.187276
-4.310740
-5.127081
-5.712346
-11.878944
-6.424168
-6.649871
-6.872919
-6.951624
-10.310135
-7.148354
-7.208277
-7.263689
-7.307334
-7.318193
-7.335936
-7.353886
-7.378561
-9.963655
-7.457988
-7.498098
-7.531644
-7.555842
-11.709182
-7.598855
-7.628238
-11.015447
-7.635731
-7.605906
-12.073966
-7.562989
-7.546367
-10.031889
-7.459628
-7.438470
-7.417760
-7.335577
-7.278222
-7.262557
-7.219784
-8.741961
-7.069807
-7.005757
-11.092375
-6.858642
-6.786967
-10.510104
-6.652498
-6.622679
-7.092161
-6.513307
-6.472209
-6.425702
-6.375786
-6.751381
-6.293695
-6.244709
-6.912113
-6.175155
-6.142228
-6.111486
-6.071307
-6.056029
-6.036345
-5.998633
-5.973492
-5.951546
354.100800
-5.878640
-6.150578
-5.804461
-7.636053
-5.719384
-5.690856
-5.634324
-5.553441
-5.480162
-5.413155
-5.380955
-5.321640
-8.299795
-5.200275
-5.160101
-5.141381
-4.998124
-7.905688
-4.834754
-4.787224
-4.999184
-4.707193
-4.652503
-4.617263
-4.596419
-4.522166
-6.537877
-4.449003
-4.407414
-4.339240
-2.894896
-2.768262
-3.223763
-4.334549
-10.442430
-5.808297
-6.285306
-14.774607
-6.908121
-7.096328
-12.598333
-7.348551
-7.426623
-7.891910
-7.493573
-7.517478
-7.520660
-7.516325
-8.393396
-7.515726
-7.507345
-11.923352
-7.499048
-7.490016
-12.076812
-7.483324
-7.478423
-8.604618
-7.497398
-7.501916
-7.498323
-7.480478
-7.446290
-8.459888
-7.391005
-8.597503
-7.328804
-7.288888
-7.264871
-7.210801
-7.164472
-7.120494
-7.080969
-7.030943
-10.773501
-6.949394
-6.907368
-7.216421
-6.821098
-9.298376
-6.719682
-6.651723
-6.707789
-6.554090
-6.510793
-6.482719
-6.459377
-6.410710
-9.352774
-6.295019
-6.233553
-6.231717
-6.150651
-6.104214
-6.083022
-6.009256
-7.032259
-5.878279
-5.789315
350.113739
-5.589969
-5.542364
-8.094009
-5.489720
-5.437994
-5.471688
-5.319411
-5.250727
-5.195589
-5.127598
-6.351989
-5.011973
-4.980733
-8.919135
-4.881962
-4.846160
-8.529044
-4.781020
-4.740730
-5.366704
-4.674156
-4.657094
-4.628358
-4.606239
-5.136469
-4.603753
-4.578412
-8.219432
-4.498802
-4.447109
-7.042785
-2.956537
-3.205458
-4.352431
-5.159511
-5.745773
-6.170395
-6.476268
-6.706165
-8.268348
-7.038183
-10.059938
-7.235064
-7.295389
-7.354428
-7.387121
-7.411100
-7.441056
-7.476635
-7.497905
-11.932516
-7.554225
-7.574479
-7.944380
-7.570280
-11.285808
-7.562140
-7.558271
-7.931375
-7.566259
-7.529893
-7.502981
-7.456112
-7.407300
-10.419850
-7.412642
-7.362669
-7.320481
-7.284435
-7.240775
-7.189180
-7.134133
-9.194290
-6.994046
-6.911254
-11.122722
-6.784705
-6.726971
-9.894382
-6.597275
-6.553920
-6.704138
-6.437547
-6.391606
-6.327292
-6.262350
-7.032211
-6.144674
-6.085292
-9.945071
-6.004509
-6.002769
-9.884974
-5.978498
-5.960816
-6.894736
-5.904199
-5.875082
-5.841211
354.204987
-5.755095
-5.714321
-5.671587
-6.682367
-5.554298
-5.497002
-5.432505
-5.326802
-5.237431
-5.167841
-5.116340
-5.063856
-5.010486
-4.956792
-4.888615
-5.874049
-4.765112
-7.336256
-4.672947
-4.642089
-4.650810
-4.588273
-4.546696
-4.497619
-4.467479
-4.400869
-7.857005
-4.325951
-4.285010
-4.418149
-2.756438
-2.620604
-3.308799
-4.459556
-6.418492
-5.920735
-6.394739
-6.723814
-6.965221
-7.129460
-11.335452
-7.365872
-7.441274
-7.505806
-7.487241
-7.501137
-7.509243
-7.512786
-9.469072
-7.490921
-7.466599
-12.293736
-7.441348
-7.425717
-11.507405
-7.384104
-7.360731
-7.847900
-7.347808
-7.338098
-7.322921
-7.312756
-7.882271
-7.289883
-7.265138
-11.243548
-7.221219
-7.177768
-11.146969
-7.123204
-7.097577
-8.447955
-7.020460
-6.961411
-6.918112
-6.859960
-6.789158
-8.178146
-6.686960
-8.536557
-6.610323
-6.559727
-6.506484
-6.465338
-6.426481
-6.386250
-6.354329
-6.302124
-6.253096
-6.222237
-6.165292
-6.825875
-6.081406
-9.400123
-5.986552
-5.938222
-6.253345
-5.840003
-5.790258
354.270691
-5.672054
-5.595147
-8.933016
-5.441991
-5.367424
-5.483682
-5.264510
-5.207219
-5.145264
-5.076235
-6.850812
-4.949614
-4.901845
-8.954584
-4.799863
-4.739213
-7.947297
-4.638207
-4.600274
-4.897313
-4.532429
-4.514158
-4.475533
-4.468474
-5.194300
-4.403792
-4.362700
-8.081388
-4.285980
-4.276470
-6.702106
-2.824393
-3.319563
-6.154304
-5.329091
-5.897663
-6.289404
-6.578434
-6.791829
-6.942894
-7.080537
-9.231997
-7.250896
-7.309773
-7.358117
-7.410667
-7.464725
-7.498194
-7.505629
-7.496177
-7.497442
-7.498894
-7.509968
-9.324117
-7.494672
-11.137592
-7.475801
-7.470103
-7.675981
-7.480056
-7.472976
-7.463949
-7.445267
-7.420139
-7.396100
-7.379622
-7.349576
-7.954134
-7.253847
-7.191014
-7.140744
-7.098828
-8.076181
-6.949725
-6.896822
-6.814354
-6.744168
-6.671188
-10.001377
-6.519780
-6.486355
-6.608037
-6.499892
-6.499011
-6.484742
-6.463267
-7.608843
-6.403784
-6.437019
-10.431163
-6.379760
-6.372309
-10.068803
-6.323396
-6.291998
-6.682467
-6.208046
-6.166295
-6.125184
353.932465
-6.023795
-5.967775
-5.918853
-6.580556
-5.880658
-5.747355
-5.684594
-5.590939
-5.502046
-5.413988
-5.316396
-5.255551
-5.215378
-5.141426
-5.081718
-7.365495
-4.939323
-7.350360
-4.811682
-4.781104
-4.782298
-4.699052
-4.605237
-4.515650
-4.474357
-4.422459
-4.394748
-4.326053
-4.236646
-5.387776
-2.584181
-6.041470
-3.420186
-4.594398
-6.400461
-5.973860
-6.368655
-6.626068
-6.847086
-6.974866
-7.083714
-7.154273
-7.210434
-7.861475
-7.298564
-7.329682
-7.355834
-7.388330
-9.422026
-7.416759
-7.419912
-7.424119
-7.435655
-7.430859
-10.851816
-7.437980
-7.433947
-7.560871
-7.441433
-7.423581
-7.400496
-7.373320
-8.698572
-7.329631
-7.300897
-11.437239
-7.207306
-7.096997
-11.135842
-6.932850
-6.875627
-7.878187
-6.823205
-6.826269
-6.850746
-6.783974
-6.727700
-6.674460
-6.639347
-8.291893
-6.634263
-6.538205
-6.514987
-6.485214
-6.437860
-6.412232
-6.389573
-6.330537
-6.274406
-6.204875
-6.108082
-8.150003
-5.934284
-9.304090
-5.796837
-5.729300
-6.014357
-5.617898
-5.551256
354.542480
-5.378083
-5.269771
-5.113984
-4.960067
-5.035190
-6.268212
-5.162795
-5.174489
-5.156561
-5.150206
-5.941113
-5.178152
-5.153059
-5.104611
-5.049124
-5.011198
-8.576508
-4.945177
-4.898384
-5.144313
-4.788985
-4.721523
-4.654347
-4.586513
-6.884649
-4.490467
-4.417369
-8.314420
-4.250327
-4.194316
-6.386507
-2.664464
-3.552063
-6.443726
-5.570469
-6.085753
-6.445788
-6.701371
-6.904985
-7.055784
-7.187915
-11.630445
-7.379959
-7.425223
-13.201200
-7.471330
-7.503161
-10.978691
-7.507080
-7.490365
-7.591113
-7.486041
-7.491699
-11.229954
-7.471444
-10.824492
-7.529997
-7.374127
-7.492033
-7.326824
-7.282264
-7.243593
-7.196716
-7.150995
-7.103432
-7.065289
-7.022368
-9.557816
-6.943439
-6.900752
-6.876307
-6.856821
-7.294405
-6.781402
-6.782069
-6.785442
-6.757869
-6.736348
-6.706631
-6.661930
-6.633327
-7.618263
-6.513123
-6.436945
-6.347825
-6.270710
-7.851697
-6.175902
-6.118514
-6.070115
-6.009509
-5.977457
-5.935759
-5.873272
-5.844252
-6.220527
-5.753689
-5.703590
-5.655252
354.395325
353.981354
-5.468584
-5.396686
-8.575709
-5.176329
-5.119934
-9.157172
-5.018009
-4.986995
-6.871878
-4.937347
-4.917717
-4.866492
-4.793469
-4.708735
-4.654375
-4.606617
-6.599797
-4.481504
-4.456158
-8.516452
-4.398114
-4.378475
-7.429183
-4.343177
-4.300554
-4.291551
-4.285099
-4.281137
-7.327345
-2.842782
-5.822177
1.959818
-4.780425
-5.932511
-6.037928
-6.381721
-6.631880
-6.795087
-6.911625
-6.997120
-7.062954
-7.139243
-10.567651
-7.276291
-7.348363
-7.419413
-7.469880
-9.008410
-7.530219
-7.546071
-7.554767
-7.568458
-7.567000
-7.561102
-7.553349
-7.533287
-9.038688
-7.490820
-7.432626
-7.414018
-7.359795
-10.455627
-7.266220
-7.223713
-7.410375
-7.190220
-7.113628
-11.246553
-6.975173
-6.918087
-8.086945
-6.794722
-6.715272
-6.580311
-6.532561
-6.566741
-6.575873
-6.570683
-9.368830
-6.505357
-6.479056
-10.671369
-6.432581
-6.405157
-8.709579
-6.358823
-6.314268
-6.273723
-6.194766
-6.107168
-6.021565
-5.963066
-7.294279
-5.816317
-5.755310
-9.738640
-5.631955
-5.576227
354.482452
-5.490672
-5.451673
-5.453021
-5.412143
-5.379896
-8.835611
-5.288962
-5.225564
-5.376725
-5.077737
-6.246599
-4.833255
-4.677869
-4.619299
-4.649244
-4.644984
-4.604008
-4.583566
-4.549061
-7.178008
-4.475479
-4.426227
-4.343327
-4.251041
-6.533154
-4.102526
-3.974227
-3.944525
-3.891796
-3.902138
-2.544952
-2.516584
-3.577935
-7.847139
-5.553517
-6.043610
-6.366893
-6.599546
-12.768450
-6.921038
-7.037596
-12.747959
-7.214019
-7.272426
-12.912713
-7.376729
-7.408683
-9.303775
-7.444785
-7.437622
-7.428025
-7.412798
-7.398577
-7.368694
-7.334466
-9.600082
-7.267822
-7.242218
-11.774800
-7.197058
-7.183058
-10.834250
-7.131669
-7.111418
-7.563306
-7.061479
-7.033457
-6.982387
-6.947390
-10.734072
-7.860198
-6.842020
-7.408080
-6.749362
-6.709395
-6.744967
-6.675060
-6.642242
-6.600593
-6.528332
-6.496123
-10.181346
-6.352210
-6.270125
-6.551719
-6.128178
-8.064348
-5.995475
-5.924441
-5.886670
-5.835148
-5.781266
-5.725622
-5.676290
-5.635781
-8.524993
-5.548059
-5.507714
-5.511136
354.578064
-8.098739
-5.365025
-5.339449
-5.327380
-5.259534
-5.250896
-5.226220
-5.168123
-5.106892
-6.763223
-4.966676
-4.908360
-4.832655
-4.770096
-4.724076
-4.679605
-4.624151
-7.402679
-4.588758
-4.546651
-8.620195
-4.450337
-4.387840
-7.040232
-4.296649
-4.244457
-4.288757
-4.135033
-4.042334
-3.902053
-2.337587
-3.391739
-3.947422
-5.155607
-15.521168
-6.291861
-6.556526
-14.264707
-6.849326
-6.930819
-8.323030
-7.043105
-7.096068
-7.122127
-7.129394
-7.140728
-8.720376
-7.198881
-8.528306
-7.248061
-7.276069
-7.286110
-7.315629
-7.311856
-7.306712
-7.312562
-7.296381
-11.431829
-7.250701
-7.208462
-7.576301
-7.142505
-9.140987
-7.039332
-6.981432
-6.952380
-6.916309
-6.888177
-6.883555
-6.860553
-6.860696
-10.149137
-6.826777
-6.799263
-6.843649
-6.721996
-10.450291
-6.600926
-6.542658
-6.980593
-6.352416
-6.290836
-6.231568
-6.207137
-6.173354
-8.444104
-6.126706
-6.062630
-5.996595
-5.907488
-5.844028
-5.801114
-5.762505
-7.298637
-5.606220
-5.521567
-9.541821
-5.403526
-5.410855
351.142029
-5.376826
-5.336133
-5.677161
-5.288954
-5.272061
-5.271673
-5.254264
-6.038466
-5.167981
-5.129442
-8.892778
-5.058705
-5.012808
-8.767301
-4.888314
-4.813601
-5.956912
-4.629314
-4.541261
-4.508689
-4.439675
-4.394999
-5.753700
-4.257291
-5.931913
-4.150692
-4.119341
-4.094339
-4.042511
-3.985046
-2.552707
-2.442848
-4.055011
-5.293904
-5.993464
-6.419681
-7.839188
-6.850590
-12.912922
-7.032240
-7.103425
-7.674775
-7.188318
-7.209178
-7.232857
-7.229832
-7.235237
-11.531944
-7.216125
-7.200307
-7.355067
-7.158261
-7.176488
-7.196509
-7.214239
-8.498585
-7.210208
-7.213034
-7.225059
-7.209884
-7.187501
-9.926592
-7.141899
-7.112427
-7.117144
-7.037577
-6.975807
-6.902405
-6.859424
-8.043610
-6.748366
-6.713818
-10.815115
-7.225746
-6.955985
-9.782931
-5.215080
-5.209835
-6.426436
-5.181008
-5.173737
-5.143214
-5.121540
-5.106930
-5.082559
-5.039691
-6.445102
-4.924884
-4.754703
-4.684406
-4.621929
-4.644094
-4.680630
-4.651515
-4.648436
-4.647139
-4.638018
-4.615008
-6.309134
355.538361
-7.446291
-4.354880
-4.289649
-4.318466
-4.128783
-4.139091
-4.122530
-4.081535
-4.042502
-4.048592
-4.058043
-4.040256
-4.874948
-5.387053
-5.439784
-5.311951
-5.328480
-5.678794
-5.117989
-5.229308
-4.787585
-4.096165
-4.019925
-7.395668
-4.564557
-4.738785
-3.844843
-3.532733
-4.343688
-5.100249
-3.726400
-5.187103
-2.053219
-2.519768
-12.880002
-3.057588
-3.684623
-11.521396
-5.020105
-5.678954
-7.150744
-6.814820
-7.141572
-7.355822
-7.486489
-7.898968
-7.635885
-7.684293
-11.862094
-7.717362
-7.737571
-12.609664
-7.762428
-7.773206
-9.661233
-7.839901
-7.870322
-7.857236
-7.858351
-7.824919
-7.811322
-7.789823
-9.715881
-7.734048
-7.697055
-7.663980
-7.620430
-7.544951
-7.486568
-7.399000
-7.359897
-7.300640
-7.256320
-7.188898
-9.034405
-7.083969
-10.569948
-6.997692
-6.983541
-7.227483
-6.900935
-6.830470
-6.755492
-6.696301
-6.631974
-6.557264
-6.513690
-6.466827
-7.181142
-6.351532
-6.255970
-6.185996
-6.123835
-7.325821
-6.022534
-5.988588
-5.928214
-5.837708
-5.806828
350.697998
-5.635745
-5.516491
-5.706762
-5.300101
-5.254330
-5.168292
-5.165431
-6.374675
-5.245763
-5.237947
-9.258658
-5.203834
-5.192592
-8.760238
-5.132166
-5.114040
-5.584332
-5.041974
-4.981993
-4.895660
-4.794299
-4.719754
-4.621876
-4.544562
-7.786057
-4.418443
-4.327532
-8.332028
-4.192803
-4.146785
-4.971632
-2.703676
-3.135626
-4.279703
-5.038766
-5.676638
-11.795275
-6.519797
-11.223018
-7.057791
-7.207804
-7.421341
-7.450850
-7.518551
-7.577549
-7.642720
-7.687416
-7.707932
-7.729105
-7.759235
-10.209621
-7.758120
-12.025888
-7.760281
-7.735491
-8.147628
-7.660109
-7.617893
-7.568353
-7.464609
-7.379175
-7.361051
-7.309192
-7.278903
-7.996709
-7.184196
-7.172311
-7.170862
-7.168466
-8.432694
-7.093038
-7.087538
-7.048198
-7.014147
-6.998668
-10.309307
-6.947106
-6.903367
-6.977715
-6.831585
-6.797122
-6.730407
-6.669862
-7.775881
-6.585474
-6.539437
-10.554403
-6.452934
-6.400765
-10.201436
-6.286583
-6.253000
-7.037319
-6.171587
-6.150395
-6.116723
-6.077481
-6.037982
-5.996434
354.060852
351.081146
-5.829587
-5.771430
-9.828475
-5.626671
-5.575221
-7.718761
-5.466630
-5.420193
-5.401147
-5.324879
-5.290181
-7.635587
-5.162613
-7.965466
-5.065792
-4.993637
-5.074896
-4.886971
-4.845144
-4.774239
-4.725478
-4.655433
-4.605242
-4.563300
-4.511736
-5.770737
-4.422864
-4.374452
-4.319749
-2.892987
-3.514819
-3.221099
-4.378235
-5.225832
-5.837994
-6.272465
-6.605488
-6.861060
-7.057498
-7.907420
-7.343265
-7.440871
-7.518067
-7.579018
-10.368885
-7.670941
-7.685403
-7.716938
-7.711523
-7.709418
-11.579822
-7.712138
-7.692151
-8.037234
-7.664642
-7.645304
-7.618923
-7.615485
-8.238543
-7.549148
-7.526868
-11.432434
-7.454545
-7.418848
-11.700459
-7.335860
-7.283072
-8.753308
-7.202540
-7.167733
-7.124612
-7.088523
-7.044508
-6.999931
-6.953622
-9.373689
-6.860985
-6.817990
-11.010841
-6.726805
-6.669427
-9.619424
-6.567907
-6.510602
-6.463471
-6.428135
-6.373445
-8.780977
-6.280198
-9.701596
-6.173496
-6.130406
-6.483632
-6.028121
-5.987454
-5.935959
-5.884604
-5.838233
354.221283
-5.722980
-5.676222
-6.978640
-5.571587
-5.525052
-5.482371
-5.431713
-6.594252
-5.310226
-5.266374
-5.223710
-5.187250
-5.135014
-5.081881
-5.031216
-4.987429
-5.423146
-4.878862
-4.825533
-4.789813
-4.732062
-7.406184
-4.657871
-4.613923
-8.599484
-4.538948
-4.497583
-8.162796
-4.402373
-4.329923
-3.593437
-2.817969
-3.226768
-4.397374
-5.236883
-5.840180
-6.272302
-6.605755
-12.682055
-7.029727
-7.188735
-13.727907
-7.398585
-7.477618
-10.403363
-7.576744
-7.621583
-7.657669
-7.666821
-7.666755
-7.673746
-7.673182
-9.627936
-7.652200
-7.639442
-7.732878
-7.601340
-7.580109
-7.564253
-7.544924
-7.519417
-7.512975
-7.502394
-7.481611
-10.049707
-7.429834
-7.340457
-7.300848
-7.262500
-8.092497
-7.255699
-7.335044
-7.290997
-7.185073
-7.122007
-7.067522
-6.992978
-6.946691
-8.343739
-6.859398
-6.857672
-6.786900
-6.717946
-8.577452
-6.592509
-6.537388
-6.493446
-6.434930
-6.379865
-6.396038
-7.072369
-6.340699
-7.046047
-5.618329
-4.803208
-4.724593
-4.686786
-5.424194
-4.614796
355.424347
351.630066
-4.501443
-4.475443
-8.415788
-4.396936
-4.366482
-5.606374
-4.412608
-4.347497
-4.295148
-4.336428
-4.215341
-4.375128
-4.074769
-6.870517
-4.299089
-4.269240
-8.390126
-4.246477
-4.211787
-6.783824
-4.004674
-3.781203
-3.714639
-3.590046
-3.526400
-3.479100
-3.412365
-6.585801
-3.420586
-1.851633
-2.097647
-1.666206
-1.963600
-2.269576
-2.566989
-2.833977
-3.097244
-3.340801
-3.569265
-8.127400
-3.997162
-4.458687
-4.463210
-4.428299
-5.799686
-4.668779
-4.780322
-4.865808
-4.963642
-5.141964
-5.363107
-5.560138
-5.878789
-7.521291
-6.524218
-6.858362
-7.073013
-7.315463
-10.176381
-7.729433
-7.829213
-7.924270
-7.922402
-7.931450
-7.932204
-7.923604
-7.929109
-8.503371
-7.833680
-7.656997
-6.673581
-5.820020
-5.746458
-6.153916
-6.766489
-10.885100
-7.508289
-7.485306
-11.499165
-6.812121
-6.710340
-8.855972
-7.533621
-7.650628
-7.740717
-7.795799
-7.767855
-7.758935
-7.770353
-10.033283
-7.762403
-7.682457
-11.736840
-7.525749
-7.497568
-10.585829
-7.625619
352.493774
352.495605
-7.086723
-6.804145
-9.813496
-6.264783
-9.492777
-5.789757
-5.746435
-6.051061
-5.648211
-5.332381
-5.345178
-5.370422
-5.330193
-5.258099
-5.202353
-5.047439
-7.184754
-4.718216
-4.447721
-4.205237
-4.008841
-5.026737
-3.711398
-3.646331
-4.602614
-4.871776
-4.982615
-4.960796
-4.920368
-4.839144
-4.701844
-3.328919
-1.871617
-2.217314
-2.461367
-8.459367
-2.840630
-3.094020
-3.459694
-3.549431
-3.766782
-3.955334
-4.134505
-4.285085
-5.367587
-4.549539
-4.659169
-4.767382
-4.858521
-4.938446
-5.010582
-5.072309
-8.948295
-5.176158
-5.217500
-9.903544
-5.298951
-5.325320
-7.528340
-5.383399
-5.393698
-5.409392
-5.409319
-5.417782
-5.416068
-5.415317
-7.384443
-5.394634
-5.394796
-9.678324
-5.370386
-5.364725
-8.842590
-5.335963
-5.331247
-5.294077
-5.268519
-5.249027
-8.517498
-5.187053
-9.065687
-5.242470
-5.113623
-5.905809
-5.058544
-5.022547
-5.006363
-4.965838
-4.931004
-4.907862
-4.872337
-4.837579
-7.043028
-4.769514
-4.741559
-4.704677
-4.676172
-6.459556
-4.609168
355.445251
-4.529896
-4.484326
-4.459460
-4.410578
-4.375926
-4.349844
-5.535340
-4.266032
-4.218093
-4.184663
-4.155140
-7.357037
-4.083615
-4.025714
-7.718444
-3.948420
-3.891305
-7.847993
-3.819979
-3.785966
-5.003453
-3.701919
-3.656545
-3.625751
-3.592266
-3.537908
-3.497684
-3.475237
-5.929652
-3.365872
-1.951391
-5.989749
-1.693855
-1.963490
-8.751493
-2.553479
-2.831464
-3.289657
-3.328384
-3.551856
-3.757281
-3.945730
-5.450751
-4.279286
-4.409394
-9.767076
-4.656549
-4.759890
-4.856577
-4.935683
-5.003526
-5.065827
-5.131194
-5.170318
-8.930992
-5.254825
-5.288468
-5.444171
-5.353970
-7.092060
-5.382768
-5.404387
-5.404684
-5.416072
-5.410413
-5.419146
-5.411366
-5.399494
-7.883228
-5.374437
-5.370891
-5.358284
-5.350547
-8.164829
-5.306849
-5.288127
-5.373608
-5.242039
-5.222083
-5.189799
-5.178968
-5.146301
-6.531394
-5.096602
-5.066973
-5.040374
-5.017237
-4.974758
-4.942260
-4.912985
-7.950431
-4.851021
-4.814393
-8.945410
-4.751517
-4.714293
-6.989872
-4.647929
-4.617966
355.399292
-4.538529
-4.494585
-4.467356
-4.416643
-5.770419
-4.345623
-4.318733
-8.296335
-4.214282
-4.183939
-7.822215
-4.117888
-4.085186
-4.680402
-3.993286
-3.955189
-3.894392
-3.870494
-3.822773
-4.501476
-3.743577
-4.991610
-3.664447
-3.621606
-3.585476
-3.529473
-3.509897
-3.463339
-3.418000
-3.364131
-5.370028
-1.867610
-1.669143
-2.372988
-2.264658
-7.855209
-2.835616
-3.096486
-3.417880
-3.547737
-3.761550
-3.946796
-4.130742
-4.374840
-8.158512
-4.646527
-4.761157
-4.829557
-4.888413
-4.978313
-5.064687
-5.143204
-6.161949
-5.296188
-5.405749
-5.511739
-5.483891
-5.591233
-7.791750
-5.503509
-5.503458
-5.522421
-5.494967
-5.495598
-5.480009
-5.458990
-7.120512
-5.423837
-5.434336
-9.705268
-5.433275
-5.436060
-9.125360
-5.417912
-5.410409
-5.922188
-5.379626
-5.383138
-5.391082
-5.434791
-5.456234
-5.414284
-5.375268
-6.275453
-5.165778
-5.129276
-5.097013
-5.059822
-5.027596
-5.003813
-4.965542
-4.952641
-4.926230
-4.891719
-4.861483
-5.763533
-4.790168
-7.371317
-4.736660
355.297577
-4.710377
-4.597625
-4.567309
-4.515203
-4.479213
-4.420113
-4.375356
-4.318556
-4.260003
-4.574653
-4.221844
-7.631898
-4.168542
-4.148849
-4.612375
-4.089402
-4.170633
-4.311185
-4.465986
-4.549595
-7.454548
-4.582242
-4.541915
-4.497557
-4.314237
-4.168615
-4.061934
-3.996756
-6.228609
-3.985733
-2.610265
-6.652714
-1.704223
-2.024771
-9.304002
-2.649621
-2.949052
-3.631132
-3.486509
-3.724720
-3.936342
-4.129244
-5.250183
-4.476201
-4.579274
-9.701079
-4.778400
-4.867950
-9.927559
-5.018516
-5.063144
-6.600588
-5.193121
-5.244909
-5.290349
-5.333217
-5.368448
-5.406338
-5.442227
-7.587570
-5.475918
-5.497724
-5.505782
-5.507392
-5.506592
-5.513136
-5.516455
-5.501096
-5.499871
-5.486240
-5.484888
-6.843823
-5.476291
-8.847336
-5.454361
-5.439485
-5.594114
-5.422623
-5.491390
-5.498892
-5.487734
-5.471453
