-524.000000
-576.000000
-522.000000
-546.000000
-560.000000
-516.000000
-564.000000
-574.000000
-568.000000
-564.000000
-552.000000
-516.000000
-540.000000
-550.000000
-534.000000
-528.000000
-528.000000
-568.000000
-554.000000
-536.000000
-566.000000
-564.000000
-520.000000
-576.000000
-530.000000
-514.000000
-548.000000
-520.000000
-532.000000
-556.000000
-568.000000
-534.000000
-550.000000
-574.000000
-544.000000
-570.000000
-564.000000
-556.000000
-540.000000
-524.000000
-544.000000
-528.000000
-540.000000
-548.000000
-574.000000
-566.000000
-554.000000
-516.000000
-542.000000
-562.000000
-522.000000
-534.000000
-526.000000
-552.000000
-536.000000
-528.000000
-552.000000
-538.000000
-560.000000
-528.000000
-552.000000
-560.000000
-550.000000
-524.000000
-566.000000
-542.000000
-552.000000
-524.000000
-548.000000
-518.000000
-548.000000
-518.000000
-558.000000
-518.000000
-548.000000
-544.000000
-564.000000
-536.000000
-562.000000
-532.000000
-556.000000
-564.000000
-526.000000
-524.000000
-558.000000
-550.000000
-550.000000
-516.000000
-518.000000
-552.000000
-548.000000
-528.000000
-562.000000
-526.000000
-532.000000
-514.000000
-540.000000
-542.000000
-560.000000
-520.000000
-546.000000
-574.000000
-540.000000
-532.000000
-550.000000
-570.000000
-544.000000
-534.000000
-570.000000
-570.000000
-552.000000
-514.000000
-530.000000
-550.000000
-544.000000
-576.000000
-544.000000
-530.000000
-534.000000
-512.000000
-546.000000
-574.000000
-594.000000
-538.000000
-516.000000
-556.000000
-542.000000
-524.000000
-566.000000
-554.000000
-536.000000
-538.000000
-540.000000
-528.000000
-540.000000
-526.000000
-550.000000
-528.000000
-540.000000
-524.000000
-548.000000
-544.000000
-550.000000
-528.000000
-562.000000
-538.000000
-552.000000
-522.000000
-524.000000
-558.000000
-530.000000
-534.000000
-566.000000
-570.000000
-518.000000
-572.000000
-538.000000
-560.000000
-562.000000
-526.000000
-566.000000
-564.000000
-534.000000
-576.000000
-554.000000
-540.000000
-560.000000
-534.000000
-550.000000
-542.000000
-524.000000
-532.000000
-562.000000
-540.000000
-530.000000
-572.000000
-524.000000
-562.000000
-554.000000
-516.000000
-554.000000
-548.000000
-552.000000
-522.000000
-558.000000
-534.000000
-572.000000
-540.000000
-546.000000
-530.000000
-570.000000
-534.000000
-550.000000
-528.000000
-530.000000
-524.000000
-570.000000
-562.000000
-524.000000
-516.000000
-544.000000
-532.000000
-548.000000
-516.000000
-520.000000
-552.000000
-536.000000
-522.000000
-548.000000
-532.000000
-546.000000
-518.000000
-572.000000
-554.000000
-554.000000
-532.000000
-560.000000
-562.000000
-550.000000
-516.000000
-548.000000
-538.000000
-534.000000
-574.000000
-548.000000
-552.000000
-542.000000
-526.000000
-564.000000
-542.000000
-518.000000
-528.000000
-534.000000
-536.000000
-536.000000
-530.000000
-544.000000
-554.000000
-562.000000
-522.000000
-528.000000
-572.000000
-542.000000
-524.000000
-550.000000
-548.000000
-558.000000
-520.000000
-546.000000
-554.000000
-558.000000
-574.000000
-534.000000
-546.000000
-540.000000
-518.000000
-548.000000
-568.000000
-514.000000
-516.000000
-546.000000
-462.000000
-552.000000
-526.000000
-562.000000
-528.000000
-562.000000
-514.000000
-536.000000
-568.000000
-536.000000
-540.000000
-552.000000
-528.000000
-546.000000
-516.000000
-564.000000
-572.000000
-556.000000
-574.000000
-562.000000
-546.000000
-520.000000
-532.000000
-548.000000
-552.000000
-552.000000
-540.000000
-564.000000
-544.000000
-542.000000
-530.000000
-540.000000
-554.000000
-540.000000
-518.000000
-538.000000
-554.000000
-562.000000
-516.000000
-562.000000
-530.000000
-566.000000
-528.000000
-564.000000
-566.000000
-552.000000
-518.000000
-540.000000
-534.000000
-528.000000
-516.000000
-552.000000
-546.000000
-586.000000
-524.000000
-576.000000
-566.000000
-544.000000
-530.000000
-558.000000
-558.000000
-526.000000
-568.000000
-544.000000
-552.000000
-562.000000
-526.000000
-556.000000
-558.000000
-536.000000
-526.000000
-542.000000
-546.000000
-520.000000
-514.000000
-540.000000
-556.000000
-550.000000
-576.000000
-528.000000
-550.000000
-542.000000
-534.000000
-544.000000
-542.000000
-530.000000
-520.000000
-544.000000
-552.000000
-538.000000
-546.000000
-560.000000
-524.000000
-566.000000
-520.000000
-546.000000
-562.000000
-534.000000
-534.000000
-548.000000
-540.000000
-540.000000
-576.000000
-560.000000
-544.000000
-556.000000
-524.000000
-528.000000
-558.000000
-548.000000
-576.000000
-546.000000
-518.000000
-550.000000
-566.000000
-550.000000
-562.000000
-558.000000
-568.000000
-544.000000
-562.000000
-538.000000
-554.000000
-526.000000
-524.000000
-558.000000
-570.000000
-530.000000
-568.000000
-552.000000
-524.000000
-524.000000
-536.000000
-528.000000
-514.000000
-550.000000
-526.000000
-564.000000
-558.000000
-540.000000
-534.000000
-522.000000
-532.000000
-542.000000
-524.000000
-558.000000
-516.000000
-526.000000
-544.000000
-552.000000
-532.000000
-552.000000
-534.000000
-562.000000
-518.000000
-532.000000
-576.000000
-546.000000
-534.000000
-550.000000
-550.000000
-530.000000
-526.000000
-566.000000
-560.000000
-562.000000
-534.000000
-548.000000
-548.000000
-574.000000
-530.000000
-560.000000
-550.000000
-576.000000
-528.000000
-566.000000
-566.000000
-526.000000
-522.000000
-524.000000
-548.000000
-560.000000
-576.000000
-546.000000
-560.000000
-568.000000
-572.000000
-548.000000
-554.000000
-544.000000
-514.000000
-544.000000
-548.000000
-544.000000
-536.000000
-528.000000
-552.000000
-536.000000
-516.000000
-552.000000
-554.000000
-524.000000
-518.000000
-538.000000
-550.000000
-566.000000
-570.000000
-548.000000
-566.000000
-534.000000
-524.000000
-540.000000
-540.000000
-546.000000
-528.000000
-544.000000
-568.000000
-552.000000
-514.000000
-564.000000
-592.000000
-538.000000
-532.000000
-532.000000
-526.000000
-556.000000
-530.000000
-542.000000
-524.000000
-522.000000
-518.000000
-532.000000
-548.000000
-574.000000
-518.000000
-556.000000
-566.000000
-566.000000
-528.000000
-560.000000
-556.000000
-530.000000
-528.000000
-522.000000
-542.000000
-546.000000
-522.000000
-530.000000
-526.000000
-550.000000
-520.000000
-542.000000
-542.000000
-528.000000
-514.000000
-524.000000
-562.000000
-554.000000
-572.000000
-562.000000
-522.000000
-572.000000
-522.000000
-540.000000
-556.000000
-546.000000
-520.000000
-526.000000
-548.000000
-540.000000
-518.000000
-542.000000
-568.000000
-544.000000
-568.000000
-536.000000
-564.000000
-542.000000
-522.000000
-564.000000
-528.000000
-530.000000
-524.000000
-534.000000
-548.000000
-558.000000
-522.000000
-558.000000
-546.000000
-514.000000
-518.000000
-530.000000
-558.000000
-538.000000
-524.000000
-556.000000
-550.000000
-522.000000
-524.000000
-566.000000
-528.000000
-534.000000
-524.000000
-544.000000
-546.000000
-548.000000
-528.000000
-574.000000
-534.000000
-542.000000
-522.000000
-562.000000
-556.000000
-554.000000
-520.000000
-554.000000
-536.000000
-574.000000
-516.000000
-542.000000
-566.000000
-546.000000
-520.000000
-540.000000
-532.000000
-520.000000
-524.000000
-560.000000
-514.000000
-540.000000
-572.000000
-540.000000
-528.000000
-534.000000
-532.000000
-566.000000
-544.000000
-560.000000
-520.000000
-556.000000
-566.000000
-546.000000
-526.000000
-526.000000
-562.000000
-544.000000
-564.000000
-548.000000
-586.000000
-518.000000
-528.000000
-528.000000
-534.000000
-550.000000
-522.000000
-544.000000
-534.000000
-546.000000
-530.000000
-568.000000
-542.000000
-526.000000
-524.000000
-558.000000
-560.000000
-540.000000
-576.000000
-550.000000
-546.000000
-550.000000
-514.000000
-562.000000
-566.000000
-552.000000
-524.000000
-540.000000
-548.000000
-552.000000
-536.000000
-530.000000
-532.000000
-558.000000
-526.000000
-528.000000
-532.000000
-534.000000
-518.000000
-550.000000
-560.000000
-528.000000
-576.000000
-554.000000
-538.000000
-542.000000
-570.000000
-534.000000
-544.000000
-546.000000
-536.000000
-540.000000
-536.000000
-554.000000
-532.000000
-558.000000
-556.000000
-520.000000
-540.000000
-574.000000
-524.000000
-540.000000
-534.000000
-550.000000
-574.000000
-532.000000
-524.000000
-564.000000
-548.000000
-518.000000
-518.000000
-526.000000
-532.000000
-554.000000
-570.000000
-538.000000
-536.000000
-526.000000
-526.000000
-544.000000
-538.000000
-548.000000
-520.000000
-536.000000
-544.000000
-538.000000
-568.000000
-552.000000
-528.000000
-546.000000
-516.000000
-572.000000
-522.000000
-544.000000
-572.000000
-522.000000
-546.000000
-568.000000
-514.000000
-536.000000
-522.000000
-550.000000
-522.000000
-538.000000
-550.000000
-556.000000
-520.000000
-606.000000
-620.000000
-548.000000
-530.000000
-578.000000
-556.000000
-520.000000
-530.000000
-572.000000
-528.000000
-568.000000
-552.000000
-538.000000
-532.000000
-534.000000
-518.000000
-538.000000
-524.000000
-562.000000
-518.000000
-538.000000
-564.000000
-574.000000
-568.000000
-574.000000
-550.000000
-554.000000
-526.000000
-570.000000
-572.000000
-546.000000
-514.000000
-524.000000
-526.000000
-530.000000
-518.000000
-524.000000
-518.000000
-524.000000
-576.000000
-632.000000
-518.000000
-564.000000
-570.000000
-516.000000
-548.000000
-550.000000
-520.000000
-562.000000
-534.000000
-514.000000
-522.000000
-538.000000
-586.000000
-574.000000
-514.000000
-542.000000
-516.000000
-568.000000
-552.000000
-570.000000
-514.000000
-568.000000
-532.000000
-572.000000
-498.000000
-450.000000
-620.000000
-626.000000
-578.000000
-612.000000
-540.000000
-570.000000
-572.000000
-540.000000
-524.000000
-542.000000
-538.000000
-542.000000
-538.000000
-530.000000
-598.000000
-622.000000
-520.000000
-530.000000
-544.000000
-540.000000
-518.000000
-540.000000
-602.000000
-588.000000
-530.000000
-546.000000
-564.000000
-546.000000
-526.000000
-536.000000
-524.000000
-564.000000
-570.000000
-562.000000
-560.000000
-544.000000
-532.000000
-558.000000
-616.000000
-520.000000
-522.000000
-548.000000
-562.000000
-560.000000
-538.000000
-518.000000
-540.000000
-536.000000
-532.000000
-538.000000
-548.000000
-540.000000
-526.000000
-520.000000
-558.000000
-580.000000
-518.000000
-558.000000
-528.000000
-520.000000
-524.000000
-556.000000
-548.000000
-594.000000
-466.000000
-558.000000
-580.000000
-524.000000
-576.000000
-552.000000
-558.000000
-570.000000
-514.000000
-522.000000
-552.000000
-544.000000
-538.000000
-554.000000
-576.000000
-560.000000
-574.000000
-538.000000
-574.000000
-528.000000
-522.000000
-548.000000
-514.000000
-542.000000
-526.000000
-556.000000
-524.000000
-524.000000
-526.000000
-546.000000
-516.000000
-610.000000
-524.000000
-550.000000
-534.000000
-564.000000
-524.000000
-516.000000
-552.000000
-550.000000
-530.000000
-520.000000
-560.000000
-516.000000
-524.000000
-530.000000
-548.000000
-570.000000
-532.000000
-572.000000
-546.000000
-560.000000
-516.000000
-544.000000
-526.000000
-544.000000
-576.000000
-536.000000
-544.000000
-598.000000
-520.000000
-536.000000
-534.000000
-518.000000
-542.000000
-532.000000
-550.000000
-526.000000
-524.000000
-560.000000
-544.000000
-552.000000
-524.000000
-550.000000
-556.000000
-536.000000
-524.000000
-574.000000
-524.000000
-568.000000
-530.000000
-548.000000
-556.000000
-520.000000
-572.000000
-570.000000
-546.000000
-562.000000
-524.000000
-520.000000
-612.000000
-532.000000
-522.000000
-522.000000
-530.000000
-556.000000
-526.000000
-532.000000
-568.000000
-550.000000
-528.000000
-562.000000
-516.000000
-548.000000
-526.000000
-548.000000
-542.000000
-542.000000
-518.000000
-544.000000
-544.000000
-532.000000
-530.000000
-564.000000
-568.000000
-536.000000
-522.000000
-554.000000
-540.000000
-572.000000
-534.000000
-544.000000
-514.000000
-542.000000
-522.000000
-572.000000
-534.000000
-546.000000
-514.000000
-530.000000
-564.000000
-554.000000
-530.000000
-554.000000
-538.000000
-524.000000
-530.000000
-546.000000
-524.000000
-550.000000
-524.000000
-570.000000
-604.000000
-530.000000
-530.000000
-574.000000
-526.000000
-550.000000
-522.000000
-526.000000
-596.000000
-538.000000
-538.000000
-574.000000
-544.000000
-552.000000
-526.000000
-564.000000
-546.000000
-574.000000
-538.000000
-574.000000
-552.000000
-562.000000
-520.000000
-556.000000
-554.000000
-562.000000
-534.000000
-538.000000
-514.000000
-616.000000
-536.000000
-516.000000
-574.000000
-568.000000
-514.000000
-602.000000
-620.000000
-558.000000
-532.000000
-548.000000
-528.000000
-526.000000
-514.000000
-550.000000
-552.000000
-560.000000
-522.000000
-536.000000
-546.000000
-558.000000
-530.000000
-580.000000
-560.000000
-528.000000
-528.000000
-534.000000
-520.000000
-544.000000
-524.000000
-566.000000
-536.000000
-522.000000
-522.000000
-530.000000
-534.000000
-554.000000
-570.000000
-530.000000
-554.000000
-552.000000
-576.000000
-522.000000
-548.000000
-538.000000
-526.000000
-524.000000
-546.000000
-546.000000
-524.000000
-540.000000
-556.000000
-562.000000
-524.000000
-596.000000
-536.000000
-562.000000
-526.000000
-568.000000
-566.000000
-530.000000
-532.000000
-540.000000
-540.000000
-558.000000
-532.000000
-548.000000
-626.000000
-632.000000
-632.000000
-594.000000
-766.000000
-544.000000
-540.000000
-408.000000
-162.000000
104.000000
560.000000
794.000000
1032.000000
1254.000000
2058.000000
2264.000000
2894.000000
3604.000000
3728.000000
2908.000000
3600.000000
3612.000000
3732.000000
3334.000000
3584.000000
3422.000000
3226.000000
3278.000000
3510.000000
3026.000000
3248.000000
3092.000000
2936.000000
2572.000000
2142.000000
1436.000000
2006.000000
1842.000000
1918.000000
1204.000000
1770.000000
1678.000000
1502.000000
1410.000000
1340.000000
1130.000000
974.000000
926.000000
872.000000
558.000000
218.000000
174.000000
362.000000
-168.000000
210.000000
298.000000
188.000000
398.000000
578.000000
680.000000
834.000000
1124.000000
1726.000000
1838.000000
2144.000000
3022.000000
3500.000000
3620.000000
3522.000000
3572.000000
3030.000000
4664.000000
5008.000000
5582.000000
4060.000000
4192.000000
3358.000000
3324.000000
3022.000000
3300.000000
3618.000000
3824.000000
4218.000000
3926.000000
3342.000000
3034.000000
2638.000000
2558.000000
2710.000000
2564.000000
2436.000000
2472.000000
2314.000000
2516.000000
2808.000000
2770.000000
2830.000000
2804.000000
2550.000000
2436.000000
2428.000000
2564.000000
2764.000000
2752.000000
3226.000000
3190.000000
3492.000000
3472.000000
3460.000000
3238.000000
4350.000000
3050.000000
3558.000000
3220.000000
2536.000000
2832.000000
2356.000000
2026.000000
1614.000000
1626.000000
1486.000000
1632.000000
1512.000000
1514.000000
1798.000000
1536.000000
1370.000000
1506.000000
1420.000000
1516.000000
1358.000000
1382.000000
1338.000000
1022.000000
614.000000
604.000000
498.000000
280.000000
288.000000
266.000000
412.000000
546.000000
746.000000
856.000000
972.000000
1042.000000
1174.000000
1274.000000
1282.000000
1530.000000
1636.000000
1880.000000
1958.000000
2186.000000
2402.000000
2680.000000
3192.000000
3310.000000
3378.000000
3224.000000
3060.000000
2758.000000
2772.000000
2798.000000
2812.000000
2934.000000
2964.000000
2902.000000
2922.000000
2948.000000
3032.000000
3182.000000
2860.000000
2534.000000
1862.000000
1768.000000
1286.000000
1274.000000
2122.000000
2358.000000
2396.000000
2198.000000
1612.000000
1718.000000
1748.000000
1940.000000
2084.000000
2124.000000
2066.000000
2250.000000
2284.000000
2248.000000
2224.000000
2328.000000
2622.000000
2740.000000
2744.000000
2906.000000
2944.000000
2922.000000
2910.000000
3130.000000
3110.000000
3196.000000
3254.000000
3368.000000
3288.000000
3404.000000
3610.000000
3508.000000
3670.000000
3526.000000
3996.000000
3888.000000
5190.000000
4872.000000
4522.000000
4324.000000
3598.000000
3350.000000
2800.000000
2422.000000
2194.000000
2292.000000
1994.000000
1902.000000
1932.000000
1932.000000
2088.000000
2094.000000
2194.000000
2118.000000
2048.000000
2090.000000
2066.000000
2062.000000
2120.000000
2046.000000
1756.000000
1772.000000
1382.000000
1574.000000
1038.000000
1064.000000
1330.000000
1518.000000
1872.000000
2058.000000
2256.000000
2326.000000
2538.000000
2394.000000
2380.000000
2502.000000
3022.000000
3136.000000
3540.000000
3734.000000
3510.000000
3346.000000
3094.000000
3078.000000
2864.000000
2794.000000
2718.000000
3218.000000
3524.000000
3632.000000
3124.000000
2680.000000
2288.000000
2314.000000
2050.000000
2118.000000
2084.000000
2162.000000
2150.000000
2146.000000
2104.000000
2168.000000
2354.000000
2522.000000
2210.000000
2274.000000
2294.000000
2222.000000
2120.000000
2118.000000
2284.000000
2412.000000
2462.000000
2496.000000
2732.000000
3182.000000
3196.000000
3244.000000
3178.000000
3514.000000
3172.000000
3118.000000
3112.000000
2962.000000
2886.000000
2728.000000
2482.000000
2258.000000
1956.000000
1966.000000
1946.000000
2098.000000
2120.000000
2302.000000
2214.000000
1844.000000
1560.000000
1562.000000
1528.000000
1724.000000
1680.000000
1606.000000
1602.000000
1632.000000
1730.000000
1792.000000
1688.000000
1562.000000
1238.000000
1032.000000
960.000000
934.000000
860.000000
850.000000
1044.000000
832.000000
938.000000
856.000000
980.000000
1146.000000
1268.000000
1314.000000
1284.000000
1496.000000
1688.000000
1790.000000
1962.000000
1884.000000
2272.000000
2342.000000
2480.000000
3126.000000
3234.000000
3318.000000
3166.000000
3000.000000
2922.000000
3034.000000
3036.000000
3070.000000
2842.000000
2870.000000
2614.000000
2312.000000
1998.000000
2098.000000
2236.000000
2134.000000
1790.000000
1736.000000
1778.000000
1734.000000
1934.000000
1890.000000
1840.000000
1866.000000
1860.000000
1878.000000
2024.000000
1968.000000
2228.000000
2176.000000
2214.000000
2432.000000
2818.000000
2820.000000
3178.000000
3638.000000
3200.000000
3062.000000
2706.000000
2518.000000
2180.000000
2124.000000
2236.000000
1932.000000
1660.000000
1554.000000
1218.000000
1282.000000
1040.000000
1142.000000
1218.000000
1166.000000
998.000000
958.000000
782.000000
918.000000
1078.000000
946.000000
722.000000
736.000000
1022.000000
1062.000000
1276.000000
1176.000000
1224.000000
1178.000000
906.000000
850.000000
846.000000
938.000000
960.000000
1184.000000
1290.000000
1426.000000
1562.000000
1746.000000
2060.000000
2106.000000
2328.000000
2558.000000
3094.000000
2978.000000
2836.000000
2740.000000
2512.000000
2394.000000
1984.000000
1900.000000
2378.000000
2410.000000
2488.000000
2284.000000
2264.000000
2246.000000
2312.000000
2274.000000
1760.000000
1698.000000
1396.000000
1274.000000
1342.000000
1406.000000
1570.000000
1700.000000
1592.000000
1706.000000
1616.000000
1582.000000
1608.000000
1670.000000
1712.000000
1778.000000
2118.000000
2266.000000
2254.000000
2410.000000
2608.000000
2722.000000
2820.000000
2894.000000
3170.000000
3376.000000
3710.000000
2338.000000
2830.000000
2844.000000
2380.000000
2074.000000
1846.000000
1730.000000
1398.000000
1336.000000
1496.000000
1306.000000
1198.000000
1386.000000
1166.000000
1024.000000
846.000000
866.000000
600.000000
448.000000
638.000000
542.000000
758.000000
744.000000
682.000000
412.000000
740.000000
722.000000
854.000000
906.000000
732.000000
672.000000
752.000000
722.000000
918.000000
1046.000000
1166.000000
1514.000000
1814.000000
2046.000000
2198.000000
2404.000000
2754.000000
2888.000000
2890.000000
2842.000000
2718.000000
2874.000000
2628.000000
2574.000000
2814.000000
3044.000000
3182.000000
3146.000000
2772.000000
2560.000000
2292.000000
1954.000000
1792.000000
1758.000000
1684.000000
1754.000000
1724.000000
1900.000000
1892.000000
1832.000000
1954.000000
1924.000000
2028.000000
2006.000000
2062.000000
2054.000000
2138.000000
2252.000000
2424.000000
2712.000000
2408.000000
3172.000000
3074.000000
2872.000000
2206.000000
1802.000000
2514.000000
2484.000000
2432.000000
2050.000000
1936.000000
1630.000000
1392.000000
1136.000000
1730.000000
1742.000000
1900.000000
1902.000000
1714.000000
1968.000000
1722.000000
1046.000000
848.000000
762.000000
638.000000
314.000000
266.000000
312.000000
346.000000
158.000000
-308.000000
-400.000000
-638.000000
-764.000000
-604.000000
-408.000000
-298.000000
-444.000000
-192.000000
-66.000000
-174.000000
-46.000000
168.000000
250.000000
348.000000
384.000000
NaN
