467.387512
463.905182
462.162231
457.408508
454.341705
451.350006
448.371216
445.574188
445.756165
440.058502
437.414703
434.781158
432.470703
430.082397
427.854523
425.719330
423.967651
421.567169
419.691376
417.837952
416.043793
414.215546
413.852661
410.908447
409.335419
407.784393
406.273834
405.814697
403.511414
401.980469
400.485626
399.215820
397.868988
396.576752
395.487122
394.296234
393.259186
392.260803
391.150848
390.341187
389.286163
388.281982
387.266022
386.484772
385.682037
384.871979
384.079590
383.297119
382.524048
381.798676
381.059601
380.285370
379.535583
378.526276
378.194763
377.215790
376.893097
376.097839
375.267395
374.512573
373.935303
373.276428
372.726196
372.137482
371.658783
371.036713
370.542633
369.902863
369.485291
368.709381
368.012726
368.034393
367.578522
367.008148
366.621399
366.172394
365.748566
365.242004
364.826019
364.359680
363.959686
363.564941
363.030914
362.281433
362.108856
361.437134
361.050507
360.355652
360.189026
359.766113
359.460602
359.139252
358.795380
358.274719
358.056946
357.710297
357.420013
356.803467
355.830017
355.785278
467.526581
694.121887
460.930481
457.857056
457.995453
451.840546
448.988281
446.067963
443.305878
440.624603
437.968567
436.230408
432.872925
430.576965
428.272919
426.147888
423.945984
421.691315
421.227264
417.564606
415.705841
413.897827
414.119781
410.643463
409.127808
407.623413
406.040253
404.584045
403.314178
402.026367
400.724976
399.529846
398.290710
397.166504
396.130829
395.093231
394.106384
392.975922
391.911255
390.982880
390.017273
388.868958
388.118164
387.261475
386.456177
385.530426
384.547821
383.632294
382.707733
381.474121
380.923401
380.334259
379.630554
378.935638
378.206879
377.454712
376.902527
376.284180
375.651764
374.978302
374.387360
373.758301
373.235077
372.632202
371.880676
371.509827
370.694885
370.523041
369.966888
369.474976
368.917358
368.475891
367.868073
367.081970
366.607513
366.025635
365.510437
365.003845
364.363922
364.160736
363.763153
363.313538
362.789703
362.322601
362.087219
361.613098
361.309753
360.918304
360.543213
360.164581
359.914764
359.532532
359.015289
358.805420
358.576721
358.272369
357.957489
356.407471
356.303986
356.275024
482.076599
464.555389
461.399109
551.113708
455.297455
452.262787
454.568756
446.064514
443.047546
440.245117
437.589569
434.912048
432.500336
430.210266
433.379303
425.677917
423.505035
426.071655
419.541229
417.674500
418.055267
414.113586
412.435059
410.905334
409.278137
407.778961
406.323181
404.844513
403.593994
402.245575
400.961670
399.963013
398.509552
397.281952
396.154388
394.937927
393.909515
392.882996
391.683533
390.580627
389.455536
388.457428
387.272034
386.469116
385.611053
384.639191
383.924591
383.084778
382.197601
381.457672
380.684021
379.993225
379.232910
378.560089
377.136749
377.184296
376.620087
375.976471
375.402222
374.715881
374.167114
373.532684
372.798248
372.469513
371.871948
371.220459
370.754913
370.203186
368.821198
369.178925
368.550995
367.890594
367.285095
366.686584
366.146484
365.696991
365.295837
364.764771
364.393921
362.146912
363.453308
363.096100
360.727539
362.187439
361.906677
360.910339
361.123291
360.851044
360.479614
360.077423
359.763062
359.464844
359.148651
357.687469
358.502258
358.178925
355.368134
357.436890
356.195923
353.983521
467.453003
464.117645
460.861023
457.712189
454.443878
492.804871
448.341064
445.507904
443.312347
440.063110
442.903381
434.780457
432.418091
430.070099
427.728790
425.600922
423.459229
421.409393
419.525635
420.158600
415.840179
414.097626
412.459930
410.798096
409.236389
407.684662
406.130280
404.970337
403.385956
402.079987
400.763336
399.394104
397.903595
396.978973
395.467072
394.288208
393.209808
392.257233
391.216095
390.284119
389.343811
388.452423
387.502228
386.653046
385.210205
384.962585
384.162811
382.897095
382.643707
381.897766
381.113464
380.392303
379.607910
378.944977
378.161560
377.409210
376.641937
375.896790
374.292206
374.482208
373.820068
371.834778
372.703552
372.088226
370.753204
370.906281
370.456848
369.881897
369.406219
368.916901
367.584473
367.928406
367.460571
366.913055
366.509430
365.907745
365.610596
365.102875
364.710144
364.305664
363.835693
363.386230
362.778503
362.206268
361.128052
361.314026
361.015320
360.609406
360.298645
358.763031
359.445953
359.114929
358.833008
358.416504
358.127380
357.838715
357.542236
357.235321
355.437500
355.955536
467.085785
463.841919
460.755310
457.644104
454.792725
451.801788
478.097778
446.061188
443.108337
459.458557
437.498322
434.830109
438.678101
430.034149
427.765198
425.820221
423.447571
421.356262
419.429840
417.524139
415.724854
413.965363
412.377228
412.472626
409.178772
407.693970
407.421204
404.852173
403.580383
402.803925
400.889954
399.568756
398.195282
396.892029
395.798553
394.936340
393.547913
392.847198
391.609497
390.723236
389.701874
388.778259
387.882019
387.101868
386.289246
385.413666
384.616913
383.771423
382.985229
382.165649
381.415222
380.668640
379.839600
379.079132
378.112915
377.296326
376.644714
375.963928
375.301270
374.653381
374.046051
373.471832
372.852936
372.173767
371.727936
371.066895
370.600494
370.022583
369.545471
369.045074
368.485260
366.479034
367.622955
367.063538
364.949005
366.210175
365.710724
364.835541
364.825714
364.450928
363.937775
363.397766
362.760468
362.206268
361.879333
360.216461
361.004456
360.609558
358.082123
359.852966
359.508148
357.404480
358.888275
358.400940
358.018433
357.856689
357.569305
357.140747
356.000763
355.904205
466.857513
463.713379
511.965607
457.599365
454.684296
451.834534
448.876526
446.110413
443.325867
440.653290
438.033447
435.499573
433.050476
430.719055
429.120270
425.832123
427.910278
421.385559
419.447052
417.913849
415.799286
413.957520
412.265747
410.539337
408.986816
407.502716
405.889557
404.451843
403.272583
401.806000
400.511658
399.349152
398.101044
397.281860
395.781616
394.587921
393.537567
392.551147
391.382538
390.378967
389.499115
388.667480
387.517731
386.309937
385.365814
384.420074
383.545990
382.704376
381.877991
381.152252
379.610901
379.576294
378.785614
377.147766
377.514252
376.786560
375.755157
375.529358
374.850800
374.214630
373.662781
373.101776
372.599304
372.001831
371.223389
370.963867
370.416412
368.152008
369.060516
368.567902
368.041107
367.506409
367.033691
366.514099
366.195679
365.631470
363.925049
364.678162
364.276184
363.800903
363.359619
362.269226
362.570892
362.168579
361.891785
361.440735
361.157135
360.721832
360.320282
359.803772
358.035919
358.670593
358.194366
357.519684
357.154572
356.769379
356.446472
355.833557
353.941742
353.833160
462.262146
458.196716
454.029510
450.325623
485.146118
443.275360
439.897491
437.024384
434.168915
431.645691
429.257263
426.904449
428.896698
422.422729
420.225861
424.013824
416.005035
414.167267
416.360535
411.070435
409.794739
409.394501
406.942963
405.273804
403.155029
400.960754
398.717407
396.477234
394.433563
393.109070
390.496216
388.998016
387.594208
385.562469
384.181335
382.615601
381.355743
380.493469
379.741119
379.119171
378.547668
377.979950
377.645203
377.285950
377.206177
377.014618
376.680389
376.209656
375.736389
375.205200
374.697632
373.954987
373.225739
372.675415
371.995239
370.997772
370.399658
369.567474
368.580017
367.336029
365.715057
365.244019
364.147583
362.688446
361.257263
359.870209
358.782898
357.828522
357.233368
356.579529
356.606598
356.970612
357.463470
358.033905
358.479736
358.883606
358.946259
357.402039
358.483551
358.000244
355.752991
357.486328
357.241119
356.056244
357.041992
356.476654
355.994659
355.583313
355.187836
354.661346
354.300201
353.800568
353.163055
352.322968
351.197418
350.728577
349.788300
348.550873
346.604462
345.684235
452.173523
448.827698
445.363464
442.183075
439.526672
437.105103
447.912109
432.390228
448.906433
428.758057
427.320404
426.320953
423.936554
421.930573
419.553619
417.291473
415.029724
412.937103
411.018127
409.308807
408.369232
405.837341
404.047089
402.154663
400.208740
398.862976
395.851501
393.768463
391.785583
389.628418
387.649719
385.896515
384.016846
382.270691
381.006805
379.621307
378.866364
378.353668
377.796051
377.323181
376.902863
376.604187
375.818878
375.751770
375.288696
373.908936
373.757813
372.994507
372.033691
371.772034
371.291412
370.617065
369.867676
368.949768
367.865265
366.863037
365.818695
364.833344
363.392731
360.593903
360.661377
359.579041
357.144745
357.174713
356.356232
355.872284
356.062347
356.032257
356.325684
356.769806
357.268097
357.705048
358.019592
357.226440
357.790649
357.379181
357.046295
356.609528
356.520111
356.379700
356.363403
356.138733
354.151398
355.169250
354.538910
353.583588
352.929230
352.032959
351.089111
349.907654
348.422607
347.734467
346.819672
345.814911
345.277679
345.121460
343.652283
345.376312
344.890778
345.358398
453.104767
450.395233
447.897583
445.272491
469.492188
439.892120
437.503693
464.787323
433.044830
430.520813
442.170105
425.417328
422.813812
422.263855
417.359039
414.362000
411.262390
408.304840
405.347168
402.374664
399.556244
398.972748
395.208252
393.695496
394.337189
391.793701
390.962341
391.292664
390.015625
389.559998
388.966919
388.178223
387.212616
386.387054
385.674500
384.631104
383.518799
382.228668
380.705780
379.090027
377.546539
376.240112
374.851868
373.542084
372.250061
370.878174
369.408813
367.739105
366.572113
364.920929
363.413025
361.951019
360.372589
359.816254
359.129028
358.838196
358.749939
358.565430
358.307739
358.048981
357.944641
357.463745
357.867493
357.720947
357.628052
357.475464
357.463745
357.313049
357.181213
355.555115
356.158661
355.817200
353.595215
354.604767
353.940308
351.930695
351.772217
350.571594
349.549133
348.495300
347.273651
345.976501
344.686371
343.959473
344.015564
343.926971
342.277222
344.609619
345.158081
343.640717
346.361847
346.919769
346.657745
347.202271
347.034424
346.631561
346.213562
345.692413
344.480988
344.297150
153.094391
448.200226
444.137634
442.902710
436.559296
432.679504
429.055664
425.337372
421.636566
418.242584
415.090424
412.687683
415.490875
408.778809
407.223114
406.061035
404.999695
405.675171
403.554779
402.798859
402.145294
401.298523
400.178680
398.691559
397.064911
395.125031
393.660126
391.192657
389.526581
387.637939
385.884674
385.054474
382.858032
381.131073
379.619904
377.437439
375.893463
374.267548
372.307495
370.584106
369.175415
367.930389
367.238983
366.892975
366.635986
366.374878
366.407959
366.735718
366.926147
367.221588
367.243835
366.197632
366.909149
366.536346
364.997559
364.518982
363.354645
362.625519
362.058472
361.256775
360.629913
359.689453
358.460083
357.403656
356.091217
354.152039
352.865021
351.043335
349.668732
348.512482
347.662140
347.154449
346.835693
346.733734
346.791870
347.092285
347.567261
347.662018
348.356171
347.342438
348.938385
349.499298
350.092285
350.631073
350.861847
350.880768
350.808990
350.545258
350.305542
349.862061
349.310425
348.719757
348.551147
347.668335
347.003235
346.233582
344.302979
343.957886
342.104309
341.533600
447.423187
443.483337
439.832764
436.811493
433.923035
436.425232
428.698975
426.432281
424.103729
422.220154
420.501953
418.996002
417.332153
422.126984
413.215210
411.215790
414.633179
407.881592
406.306915
406.687775
402.664886
400.751343
398.987152
397.124512
395.462738
393.725342
391.936707
391.028534
388.042175
386.230499
384.805328
382.341553
380.119415
378.185577
376.120117
374.329102
372.788635
371.766266
370.988647
370.288788
369.693359
369.513763
369.672943
369.836151
369.926270
369.958466
369.559265
369.043671
368.233551
367.237549
366.133850
365.185455
364.141663
362.428223
361.953003
360.987732
360.249207
359.441101
358.497437
357.637085
356.681427
355.106171
353.758362
352.530243
351.437012
350.450378
349.918701
348.330444
348.834320
348.519714
348.383667
348.635681
348.872375
349.131012
349.297394
349.129456
349.520996
349.718262
348.397980
350.435394
350.619324
348.724670
350.286011
349.859131
348.980621
348.914948
348.569214
348.208954
347.734070
346.896790
346.004639
344.803436
342.521362
342.480835
341.613708
338.292480
339.716553
339.097961
336.503540
339.026489
446.809174
444.650116
442.531189
440.825073
494.476135
436.682159
434.492310
432.670715
428.883728
432.142487
423.145294
420.649445
418.415833
416.750946
414.880035
413.194550
411.351532
409.366150
409.963501
404.862061
402.120605
399.272095
396.544556
396.028076
392.333038
390.120178
387.891174
385.791138
384.369110
383.544861
382.865234
382.412201
382.116486
381.312042
381.196198
380.811005
380.420349
380.001373
379.416077
378.842743
377.811432
376.644165
375.109772
373.148712
372.755798
371.726349
370.489716
370.272858
369.495636
368.540802
367.487671
366.264648
365.009308
363.632263
362.216888
361.078918
359.804108
358.276215
356.946777
355.632385
354.876740
354.417755
354.100525
353.703033
353.472321
353.249603
353.487488
353.871033
354.917023
355.515930
356.622833
355.804016
357.028656
356.853149
356.717346
356.423340
355.819336
355.091919
354.366913
353.517029
352.766876
352.266876
352.103424
351.371399
351.259064
349.857361
348.186401
346.677673
344.484924
343.741058
342.085510
340.514618
339.181396
338.158997
337.748810
337.511475
337.774323
337.690460
337.639130
338.360046
445.688965
443.661469
441.590759
439.580566
437.423553
474.799744
433.689789
431.579529
452.566406
426.740662
424.495087
429.795044
419.736908
417.543610
415.215729
412.914307
410.418304
407.523621
404.675171
403.779022
398.972870
395.911896
394.832184
389.852417
387.333862
386.857391
384.156433
382.816162
382.357971
381.166382
380.705170
380.577881
380.467987
380.388519
380.704956
380.432129
380.673767
380.275970
379.489380
378.504517
377.261627
375.829163
374.756866
374.188873
373.975739
373.680756
372.921997
371.729584
370.093750
368.248322
366.020020
363.902649
362.078796
360.758698
359.316833
358.009369
357.030304
356.369446
356.097473
356.072357
356.460785
357.033539
357.830109
358.495636
358.971313
359.239960
359.446777
359.088470
358.772919
358.569611
356.717041
358.084320
357.641296
355.435577
356.382385
355.117584
353.422546
352.181152
350.373627
348.837097
347.733063
346.716003
345.597870
344.807251
343.313751
344.051636
343.735046
341.587036
343.795441
344.042572
343.138184
345.313232
345.829193
345.544952
345.314911
345.036987
344.997070
344.853882
344.000671
343.847473
451.578796
499.560791
445.666565
442.218811
438.291260
434.115204
429.923340
425.961914
421.986877
418.502563
428.015991
413.154327
411.055115
409.660126
407.717773
411.076324
405.910248
404.808258
403.953247
402.831665
401.904266
400.879028
399.711548
398.296997
398.279633
395.352478
393.914978
392.461487
390.591858
388.125916
385.453186
382.702271
380.710846
378.244019
376.466095
374.657623
373.248871
372.008636
370.939362
370.347992
369.954132
369.505249
369.358459
369.175507
368.876831
368.382477
367.771942
367.177032
366.702637
365.468597
365.773712
365.495819
364.390015
365.111267
364.572601
363.627838
363.448792
362.930054
362.205841
361.289063
359.948730
358.344696
357.132538
355.568359
354.614899
353.183533
352.152740
351.019684
350.183380
349.649780
349.661499
350.123596
350.746216
351.180908
351.705017
351.309692
352.607666
352.849762
352.958344
352.994049
352.525421
352.782257
352.372375
351.831848
351.230652
350.520477
349.847992
348.997803
348.072205
346.485077
346.511902
345.460632
344.718323
343.508026
342.423340
341.232941
339.933563
338.719757
337.339691
337.250885
443.782806
441.183624
438.812744
476.642151
434.214844
432.234833
430.308167
428.449829
426.746857
425.430054
423.734589
427.424164
419.464142
417.356537
421.912140
412.310944
409.982666
412.130646
406.316772
404.761810
403.303894
400.369324
397.563873
394.769684
392.232239
389.895752
387.422882
385.025574
383.395386
380.793793
379.177643
377.951721
377.273193
377.084839
377.169006
377.315887
377.478333
377.843292
377.935730
378.110657
378.113556
377.601898
377.116425
376.820648
375.911865
375.080841
374.515869
374.056000
373.156860
371.845154
370.063263
368.047089
366.002747
364.385712
362.600647
360.984924
359.286255
357.707855
356.373810
354.977539
354.526398
354.149536
354.093445
353.965027
354.388336
354.541016
354.998993
355.492645
355.908997
356.296783
356.209869
356.253510
356.418488
356.337799
356.223053
355.966583
354.054718
354.892365
354.267029
351.749329
353.051910
352.248047
350.373688
350.430573
349.404266
348.354034
347.396362
346.276306
344.900391
343.489227
341.866547
341.093872
340.072388
337.247894
338.776764
338.148773
335.556244
337.503601
336.884888
337.366119
444.626343
442.703613
440.676056
438.716736
436.681458
444.538361
432.463959
448.057465
427.354828
424.821899
422.491486
420.418793
418.358276
416.276489
414.030060
411.915497
409.745453
407.740051
405.696625
403.754272
400.777740
398.155609
395.519806
392.974060
391.225922
388.171051
385.948181
383.742126
381.861542
380.149414
379.402100
377.986145
377.345581
377.055328
376.674622
376.256836
375.858154
375.576477
375.671661
375.191193
374.960968
374.211365
374.309326
373.713928
372.667999
372.696167
372.311188
371.732941
371.064056
370.342865
369.251007
368.182495
367.168335
366.176117
365.132202
363.516449
362.997009
361.823273
359.213989
359.211029
357.806213
355.223724
354.817047
353.418396
352.207245
351.150360
350.372620
349.856262
349.929230
350.090485
350.293884
350.812256
350.858429
351.556854
352.011810
352.360443
352.523132
352.449432
352.465179
352.391296
352.258698
350.485229
351.393890
350.869598
350.431824
350.004547
348.518585
349.543884
348.929993
348.009308
347.092102
345.976349
344.539673
343.287689
342.081665
339.223297
339.306580
338.226440
336.772491
336.532837
443.440796
440.829742
438.552643
489.717438
433.839111
431.699982
468.060699
427.690430
425.711456
439.195007
421.878662
419.989929
419.553741
416.454498
414.554688
412.760620
411.157745
409.501129
407.756134
405.656433
406.013031
401.710266
399.792755
399.536011
395.194733
392.612671
390.919403
387.665253
385.434692
383.161591
380.813843
378.858887
376.964508
375.400757
374.407806
372.932922
371.976532
371.485260
371.062561
370.866608
370.564148
370.107605
369.511475
368.989044
368.584442
368.183014
367.534698
367.345184
366.823639
366.299438
365.857697
365.290802
365.119232
364.737915
364.131805
363.529236
363.160980
362.810913
362.309540
361.391388
359.820892
358.744507
357.163147
355.823334
354.394165
352.717957
351.294800
350.066650
349.300781
349.377045
349.420105
348.053406
350.278900
350.690186
350.344147
351.418976
351.608154
351.803833
352.068024
352.210571
352.152130
352.081360
351.607483
352.046783
352.179901
349.995941
351.679443
351.113831
348.504913
349.889099
349.299774
347.990051
347.597656
346.425720
345.195251
344.108582
342.899689
341.731171
339.690613
337.929291
447.359772
443.541229
442.769440
439.164703
437.177856
435.045990
432.853851
430.208160
427.610687
425.275085
422.992126
426.310638
418.423492
416.191254
414.169037
412.240784
411.684692
408.421478
406.683044
405.153412
403.637604
402.119690
400.524933
398.526398
396.167542
394.316071
391.102051
388.657440
386.093536
383.680054
381.894379
379.152008
377.276154
375.701935
374.374573
373.055237
372.023621
371.310486
370.872955
370.694611
370.060150
369.607178
369.056305
369.143280
369.571808
370.000549
370.288208
369.921692
370.179138
369.841949
368.263489
368.506897
367.906311
366.696869
366.710876
366.074738
365.116638
363.703522
361.886200
360.115448
358.832306
357.391113
355.706543
354.133270
352.580078
351.568542
350.688904
350.041565
349.924530
350.139160
350.417694
350.748932
351.095062
351.172791
351.522644
352.125793
352.666656
353.214020
352.533264
353.492645
353.375641
353.056610
352.740631
352.522827
352.179260
351.588226
351.010803
349.946533
348.880371
347.751953
346.547424
345.487854
344.195282
342.811890
341.291412
339.182190
338.860657
338.327271
337.377716
337.818665
445.066406
672.465393
440.381897
438.392090
440.589996
434.909424
432.893158
431.138153
429.802490
427.889313
425.653564
423.116913
429.082977
417.285614
414.307953
417.834259
409.376099
406.792603
405.673676
400.931610
398.376190
396.230927
393.882568
391.402649
389.190826
387.126434
386.357605
383.586212
382.054230
381.624146
380.055664
379.776794
379.649872
378.889191
378.604492
378.161926
377.990326
377.902527
377.535126
377.095886
376.437958
375.632263
374.538940
373.489685
372.660339
371.740051
370.771759
370.051147
369.483643
369.102173
368.754211
368.337433
367.558990
367.542267
366.899261
366.185303
365.120789
363.037872
362.486755
360.846741
359.083160
357.245941
356.000305
354.956573
354.165649
353.723206
353.189270
353.564240
353.686157
353.970795
354.554749
355.272034
355.978241
356.736176
356.872864
358.370667
358.903534
357.395264
359.756714
360.157318
359.121704
360.979797
361.204651
361.228699
361.377716
361.231018
361.084717
360.941833
360.839508
360.732819
360.738922
359.243530
361.623688
361.840210
359.503967
361.765167
361.498962
359.616821
359.328339
359.211334
471.525116
468.402130
464.977997
513.547119
458.738739
500.201172
452.730286
449.820129
449.224274
444.059540
441.264587
438.625885
436.134674
433.797333
431.556519
429.475922
427.283661
427.098236
423.329041
421.485352
419.603882
417.758850
417.355988
414.434845
412.908875
411.389252
409.889282
408.481659
407.155884
405.860931
404.501862
403.596161
401.968079
400.789978
399.717987
398.488190
397.214539
396.072449
394.835480
393.585815
392.733185
391.820374
390.219025
389.881165
389.003021
388.057190
387.336548
386.552063
385.684143
384.862152
384.124268
383.418274
382.639618
381.962524
381.243286
380.550781
378.798096
379.263916
378.633881
376.684998
377.330200
376.676880
375.915100
375.285431
374.572845
373.832428
373.290588
372.656036
371.928131
371.660461
370.495819
370.657318
370.117432
369.579865
369.143188
368.716919
368.268341
367.803558
367.356567
366.956238
366.558197
366.143066
365.589355
365.312866
364.990387
364.478180
364.152740
363.667603
363.368103
362.922455
362.619263
362.237091
361.903687
359.563538
360.896515
360.476715
359.987579
359.573669
358.299683
358.289337
469.785217
618.130920
463.635345
460.621643
531.657043
454.824005
451.922394
476.726776
446.384247
443.743774
444.002777
438.668304
436.222565
433.958191
431.712799
429.510559
427.357849
425.282898
426.403687
421.446838
419.417725
420.064911
415.693634
413.934265
413.660034
410.745850
409.245575
407.905762
406.498505
405.150116
403.821350
402.748596
401.429169
400.256714
399.149597
398.108032
396.870605
395.965088
394.794891
393.872437
392.914917
391.943848
390.922394
389.957428
388.713593
387.935211
386.946991
386.065948
385.166779
384.107513
383.591217
382.826385
382.035645
381.406799
380.665192
379.954224
379.338593
378.668030
377.647339
377.354828
376.811035
376.233307
375.698608
375.070801
374.515381
373.898071
373.211853
372.813873
372.207001
369.854340
370.821594
370.273376
368.882202
369.126221
368.696838
368.231354
367.807404
367.293549
366.945801
366.514954
365.823517
365.727661
365.284729
362.907013
364.563293
364.072968
361.726044
363.475281
362.996704
362.028717
362.261658
361.894409
361.523254
361.003693
360.573303
360.205292
359.810242
358.150269
358.048309
357.980652
485.247192
466.217102
463.074402
460.112244
457.112854
454.312439
451.301453
448.499176
445.757507
452.011047
440.467773
437.985413
435.458008
433.152740
433.121216
428.564514
426.162415
423.911896
421.915253
419.880768
417.990662
416.157227
414.503845
413.661194
411.262665
409.798187
408.266907
406.893982
406.468597
404.317017
402.962524
401.973053
400.605469
399.478912
398.526764
397.172546
396.164429
395.412384
394.061279
393.081940
391.928131
390.763336
389.751434
388.754181
387.881744
386.752594
386.263824
385.391510
383.701904
383.780457
383.000977
381.575012
381.460266
380.820679
380.064148
379.381683
378.779022
378.155579
377.554688
376.873047
376.277618
375.696930
374.875763
374.453705
373.988129
373.311523
372.772949
372.009583
371.328644
370.704987
370.107574
369.545624
369.012085
368.437042
367.884003
367.616943
365.962280
366.640961
366.272247
365.725708
365.428162
365.012207
364.639923
364.257263
363.931610
363.390076
363.192902
362.786896
362.310913
361.920715
361.552124
361.258087
360.953064
359.900757
360.266510
359.904358
359.580078
359.169678
358.009338
356.025482
469.115997
465.611877
468.813110
459.378601
456.313019
453.305756
450.516541
447.746826
444.870941
442.216187
452.426331
437.138550
434.681580
441.233429
430.098694
427.963928
428.935730
423.788818
421.956787
420.040985
418.245361
416.471222
414.752167
413.132996
412.850739
409.983826
408.406128
407.929230
405.627899
404.259735
402.855377
401.463440
400.003448
398.701965
397.563629
396.272552
395.251404
394.202484
393.111359
392.185303
391.121613
390.272827
389.187775
388.341553
387.470032
386.594635
385.846069
385.026733
384.249969
383.549377
382.281372
381.985229
381.232513
380.618042
379.865723
379.080261
378.520050
377.856812
377.179596
376.487488
375.735840
374.981842
374.372101
373.675751
372.504700
372.446808
371.956848
371.367981
370.887085
370.364838
369.780823
369.375458
368.518646
368.299805
367.937439
365.656189
367.046753
366.583435
364.468262
365.804810
365.411865
364.695313
364.606262
364.114990
363.820953
363.312073
362.992554
362.586914
362.217834
360.234497
361.166290
360.715698
358.022064
359.846100
359.615295
359.283905
358.897766
358.502502
357.332397
357.170807
468.311218
658.287964
462.165558
459.144714
457.378418
453.338928
458.415466
447.849945
445.091705
442.429260
439.880463
437.344696
434.963287
432.594604
430.324890
431.801666
426.077148
423.920868
421.793427
419.751129
420.231689
416.008606
414.209900
412.579834
410.913513
409.423737
407.833679
406.428070
405.082581
404.340607
402.434692
401.274109
399.963745
398.803925
397.757599
396.531403
395.469177
394.580872
393.354401
392.430176
391.029205
390.484863
389.545685
388.333862
387.593872
386.518402
385.611450
384.660553
383.821655
383.025635
382.179779
381.415436
380.622253
379.946075
379.110840
378.469818
377.933594
377.262970
376.645844
375.986450
375.416595
374.906128
374.330750
373.824982
373.309814
372.707947
371.812683
371.674530
370.109558
370.710358
370.032532
369.637512
369.189880
368.644196
368.183746
367.662964
366.994812
366.482391
366.012207
365.562653
364.779602
364.735474
364.281097
363.915863
363.541351
362.506714
362.732391
362.495514
362.135742
361.723175
361.392090
361.113464
360.776886
360.431458
359.925385
359.859314
359.501160
359.101837
357.876068
357.839478
469.088928
465.731506
608.360046
459.419769
456.241028
506.982391
450.323090
447.417938
456.879822
442.029266
439.353149
436.752350
434.336182
432.069855
429.749634
427.623474
428.248840
423.433289
421.565002
423.080139
417.895721
416.110718
416.639923
412.793915
411.293427
410.260193
408.166534
406.721649
405.417419
404.048340
402.626892
401.505585
399.746307
398.877991
397.381989
396.093201
395.009460
394.078918
392.955658
391.961517
390.984283
390.006195
389.121155
388.146973
387.272888
386.429718
385.525238
384.705872
383.977814
383.204559
382.432312
381.694397
380.959229
380.316040
379.542450
378.809753
377.370880
377.556274
376.908936
376.108673
375.334564
374.554810
373.925507
373.232452
372.037231
372.021545
371.586853
369.458374
370.539001
370.078461
368.202026
369.171783
368.734894
368.007294
367.850586
367.442078
367.027252
366.618011
366.262207
365.884735
365.541901
363.765961
364.697205
364.247406
361.710297
363.374878
362.960815
361.344543
362.140137
361.624420
361.084564
360.699738
360.132416
359.255981
358.300934
357.211212
355.895294
354.604797
352.109192
351.465332
459.304840
455.715179
451.989624
448.562103
445.354218
442.671997
440.069092
459.446808
435.135284
432.992432
431.040710
428.911743
433.701080
425.549225
423.630096
421.600433
419.241486
417.209564
415.036926
412.591553
409.901550
408.621002
404.022400
401.231659
398.616791
396.462006
394.437225
392.655914
391.175018
390.036804
388.290710
387.386108
386.996460
386.402649
386.103943
385.932556
385.542694
385.455414
385.030090
384.725922
384.385437
384.069336
383.331757
382.904724
381.564575
380.381042
378.439728
377.874176
376.653290
374.646271
374.249207
372.925140
371.360321
370.141083
368.785950
367.272552
365.823425
364.250702
362.881592
361.662994
360.184265
360.070465
359.571045
359.305786
359.774628
360.406616
361.051758
361.528168
361.841827
362.109924
362.281708
362.301483
361.532776
361.623566
361.513245
361.344299
360.736237
359.813416
359.454956
358.650238
357.653015
356.452606
355.184906
353.689240
352.305786
350.783966
349.038818
348.371338
347.343597
346.565704
346.180664
344.321014
345.821198
346.164642
346.828552
347.658325
348.343567
346.306244
347.934906
348.348114
300.251404
454.383026
451.832611
448.805603
445.385864
442.384094
439.526306
437.002563
448.391296
431.726501
429.152985
438.803040
423.648163
421.144867
424.943970
416.180664
413.248718
410.888123
407.695099
404.902985
402.266296
399.676025
397.365570
395.278473
393.395630
392.430023
390.253052
388.872833
387.694611
386.674133
385.807098
385.305115
384.783142
383.897949
383.606384
383.048218
382.763245
382.597595
381.946503
381.487122
380.420563
379.440002
378.473419
377.839478
377.357483
376.368652
375.264130
374.203735
373.323822
372.504181
371.231628
369.602600
367.885773
366.365021
364.776337
363.306915
361.688660
360.453003
359.108521
357.802765
356.881226
355.915039
354.252655
354.505554
354.108398
353.691895
353.793335
353.813599
353.884705
354.110992
354.497986
354.982819
355.419250
354.342834
356.151276
356.400177
354.596832
356.462524
356.506195
355.484192
355.837555
354.860260
353.637726
352.380219
351.156189
349.979462
348.990692
347.336578
346.490540
345.307770
342.280090
343.648804
343.003418
342.696350
342.493134
342.624237
342.926758
343.317688
343.034363
342.123383
452.534210
451.099121
460.678741
447.282745
469.315186
441.683838
438.556732
435.563812
432.696991
430.247101
427.745117
424.960419
422.118683
425.347534
415.706696
412.452728
409.250610
406.201599
403.540894
400.903229
398.397461
396.484589
393.910278
392.096222
390.736877
389.587708
388.826904
389.152679
388.106873
387.621338
387.253448
386.997375
386.662903
386.077240
385.309357
384.684326
383.269135
382.287964
381.052917
380.481628
379.658081
378.507568
377.860504
376.521240
375.232788
373.752319
372.474884
371.035034
369.583344
368.097229
366.480377
364.949280
362.549286
361.534424
359.815277
357.149597
357.214417
356.507416
355.454376
355.605042
355.609680
355.457062
355.506531
355.806458
355.735809
356.937195
357.490051
357.754791
357.998138
358.156311
358.222778
358.108063
357.847504
357.456787
357.115356
356.446625
355.608063
354.559448
352.841187
352.346710
351.312653
350.204651
348.740326
346.661896
346.472076
345.279449
344.144562
342.991974
341.701477
340.865448
340.433929
340.431915
340.434601
341.447266
342.144135
342.813934
343.584503
344.191254
343.945129
344.648193
97.228996
450.635315
448.095001
552.778198
442.577820
439.794525
464.652313
434.074738
430.962646
427.976837
423.576538
419.785553
416.136658
412.806152
409.191467
406.005127
403.180084
401.752289
398.561005
396.984589
395.786316
394.681030
393.906921
393.191559
392.549347
392.096954
391.759277
391.386871
390.874817
390.702698
389.472992
389.355560
387.894226
386.836060
385.561127
384.016907
382.664795
381.276276
379.645844
378.188721
376.379974
374.439087
372.361145
370.537201
368.896210
367.155670
365.300995
363.466278
362.053894
361.000458
360.457581
360.372498
360.410461
360.673401
361.103485
361.462219
361.905914
362.247040
362.511566
362.406036
362.339508
362.214783
361.933441
361.554352
361.194519
359.411835
360.149872
359.053955
356.449036
356.642029
354.816132
352.832336
351.753296
350.151306
348.756561
347.153442
345.843323
344.695221
344.022095
342.630463
343.166351
343.256042
341.403412
343.456879
343.924896
342.563629
344.771179
345.483368
346.074707
346.955841
347.573730
347.834747
347.875763
347.376892
346.713043
346.365967
345.074066
344.667511
342.845184
342.287964
449.418213
445.009766
441.043884
437.027374
433.072388
472.066315
425.225037
421.943848
420.267120
415.986572
424.736938
410.992554
409.349945
408.960938
407.254364
406.079803
404.785583
403.257080
401.723663
403.036591
399.303314
398.493134
397.704803
396.615967
395.515198
393.923950
391.814331
390.224396
386.630066
384.295319
382.926483
380.539154
378.364777
376.480499
374.196106
372.386200
371.109406
369.846008
369.107574
368.725769
368.271484
367.960602
368.067383
368.160889
367.995422
368.603027
368.608002
367.752502
368.366730
368.235443
367.471527
367.054291
365.638672
364.155701
362.861420
361.774689
360.847290
359.767395
357.466949
357.070221
356.173767
354.585358
352.934387
351.689850
350.649017
349.801300
349.249298
348.726105
348.624725
348.770813
348.063354
349.381042
349.756744
350.054688
350.569397
350.150116
350.797272
350.641846
350.580627
350.612610
350.606171
350.589111
349.657745
348.758148
347.595978
347.517029
346.559021
345.499329
344.168671
342.842194
341.627380
340.148071
337.103088
337.659241
337.001892
334.376709
336.781952
337.058044
335.258453
337.184784
444.449432
446.522705
440.599365
438.695190
436.824707
434.750763
442.278381
430.008881
427.473083
441.817841
421.868652
418.525299
425.077179
411.693054
407.931274
407.218231
402.170410
399.714020
397.490021
395.352051
393.553833
392.027740
390.646545
391.021057
388.749115
387.945374
387.067993
386.238556
385.782562
385.566986
385.250977
384.800293
384.004089
383.234802
382.681274
382.143890
380.913330
379.877502
378.389130
377.203125
376.371765
375.822632
375.550262
374.618713
373.419983
371.336548
369.238586
367.138062
365.195953
363.890594
362.388031
360.953430
359.555847
358.723358
357.754547
358.689056
359.592957
359.953613
360.455505
360.803345
359.826599
361.038544
360.970734
360.464783
360.355927
359.803558
359.078369
358.201538
357.603333
357.006317
356.499054
355.373322
355.862671
355.221344
352.505219
352.834351
351.387726
348.654358
348.654663
347.239655
345.629303
344.186218
343.022919
342.708740
342.804840
342.782928
342.973450
343.196442
343.127075
343.964264
344.443787
344.995300
345.534729
345.776855
345.815094
345.783081
345.748077
345.434326
344.282623
344.215088
409.539703
449.059448
567.253052
442.231293
438.303650
437.256531
430.425781
426.753235
423.245361
419.627625
416.113586
412.852112
409.996277
407.667725
406.581482
404.236603
402.791138
401.504608
400.598145
401.690796
399.210449
398.645660
397.816956
396.752136
395.713623
395.916443
393.212738
391.949524
390.943146
389.448120
388.040497
386.929810
385.630035
383.769226
381.685028
379.368652
377.319031
375.527374
373.548157
371.147827
369.403473
367.455933
365.695190
364.428192
363.541382
363.064087
362.696228
362.415985
362.203674
362.106110
362.250519
362.171112
362.229919
361.518066
362.743652
362.904266
362.957031
362.884064
362.596497
362.179871
361.661438
361.184296
359.459717
359.759979
359.091339
358.212708
357.544220
356.219269
355.828583
354.969238
353.997070
353.233612
351.840698
350.516602
349.392517
348.413361
346.798065
347.648865
347.863068
347.900024
348.499634
349.047241
349.720490
350.533844
350.823700
351.280975
351.398499
351.514618
351.574951
351.591278
350.517822
351.463165
350.892822
350.031525
348.857483
347.481445
346.222198
345.004883
342.375061
342.146667
448.644623
785.359436
440.491516
437.024475
502.021484
430.786224
428.378967
435.309845
424.027527
422.253082
420.328094
418.740967
417.198822
416.010620
414.802734
417.228363
411.737915
409.897339
411.971375
406.205170
404.332092
402.409424
400.351105
398.349335
395.967041
393.266113
390.570374
389.109406
386.326904
384.296906
382.342285
380.422058
378.756561
376.843140
375.754852
374.956787
374.469604
374.127350
373.656952
373.587982
373.716919
373.909485
373.963776
374.034302
373.990173
373.633453
372.864319
372.471741
371.599304
370.741547
369.807098
368.825256
367.871124
367.018188
365.790802
364.239838
363.022003
361.643341
360.013702
358.387451
357.034485
355.613556
354.161499
351.927460
351.456390
350.559937
348.703979
350.158936
350.150848
349.292633
350.752686
351.572052
352.333740
352.985474
353.555237
353.653442
353.758636
353.783020
353.732880
353.539673
352.821259
352.685425
351.894257
351.199860
350.597626
350.100098
349.615387
348.646790
347.223633
345.804077
344.796722
343.629395
341.443451
340.814514
338.326202
339.651062
339.803680
340.159576
339.775513
340.393768
448.274841
446.220673
444.082275
442.205109
440.096252
438.009094
447.559204
433.192108
430.525299
428.028625
425.536346
428.285004
420.271088
418.013641
415.501495
412.942200
410.037994
406.926270
403.865356
401.112457
399.106445
395.647491
392.829193
390.268890
388.034668
386.132843
384.400848
383.168854
383.117706
381.723877
380.889038
380.667114
379.609314
379.189392
379.251312
378.598663
378.434082
378.253754
377.687531
377.252167
376.611725
375.987701
375.440491
374.073303
373.004944
371.231171
370.781433
369.559631
367.351257
366.308716
364.602264
362.709351
361.129669
359.205658
357.572144
356.149292
355.328644
355.019348
355.362885
355.471405
356.313293
356.984283
357.320770
357.409912
357.603485
357.594696
357.511902
357.436279
357.502655
357.666718
357.541107
357.228760
356.807678
356.003082
355.168365
353.922089
352.436157
351.003143
349.733185
348.171692
346.658661
345.323395
342.610870
343.096039
342.488892
341.800995
341.590729
341.475769
341.775146
342.087982
341.659058
343.312500
343.824341
342.034515
344.866302
345.294617
343.450256
345.323181
344.754181
344.785522
453.144562
450.492310
447.506805
444.364899
441.095612
437.974976
434.527496
450.862793
426.912689
423.175385
434.679352
416.154022
412.619263
415.359650
406.251953
404.011566
402.442322
400.923859
399.945709
399.029602
398.253113
397.784393
397.500763
396.661896
396.447113
395.275757
394.507568
393.499176
392.506439
391.309814
389.729645
388.285095
386.759735
385.579712
384.134216
382.861511
381.600159
379.755554
377.534943
375.183899
373.088715
371.053925
369.146942
367.190308
365.454895
363.795898
362.481354
361.264435
360.847137
360.668213
360.670135
360.814270
361.062866
361.364288
361.789032
361.936615
362.249237
362.312988
361.194672
362.343903
362.188965
360.954651
360.945587
360.480957
359.966248
359.339447
358.900818
358.413361
357.976013
357.071960
356.110748
354.729095
351.643494
351.666687
350.422089
347.651398
348.245972
346.873901
345.398132
344.857025
344.383057
344.283356
344.250092
344.730774
345.393890
345.716431
345.492096
347.077332
347.671143
348.137024
348.535553
348.827423
348.957977
348.882782
348.681793
348.245789
347.708649
347.085052
345.001007
345.388245
453.144562
449.565125
445.751160
456.071411
437.676056
433.523834
429.781525
426.278564
422.611176
419.367371
416.146576
413.250580
413.351379
408.762573
407.086304
405.876465
404.834839
407.099518
403.265472
402.533386
402.032471
401.162689
400.223145
399.012665
397.642242
396.354706
395.335541
393.306885
391.868225
390.319672
388.447174
386.973572
385.472229
383.725281
381.945740
379.428589
377.242462
375.148682
373.212494
371.116882
369.097595
367.656616
366.848846
366.551056
366.476166
366.464386
366.616333
366.861572
367.332794
367.855743
367.973053
368.003937
367.989044
367.744354
367.115509
366.474823
365.969788
365.212891
364.472107
363.431702
362.116241
360.532684
358.947418
357.215820
355.660156
353.495331
352.680664
351.516846
350.859985
350.583099
350.509033
350.861420
351.365601
351.622803
350.721771
352.552765
353.133087
353.464508
353.654541
353.702209
353.488190
353.161011
352.368195
352.309509
351.882813
350.847504
349.731201
348.385895
345.679199
345.356537
344.072968
342.696960
341.615936
340.543793
340.142487
340.060486
339.632202
340.434814
339.923065
338.243164
448.674744
446.683441
606.088684
442.505554
440.201324
453.026703
435.545258
433.470123
431.237854
428.806244
425.915802
423.050323
420.117584
422.489899
414.227051
411.184570
413.182770
404.822296
401.850159
402.017578
396.787323
394.674011
393.049408
391.903564
391.016052
391.627045
389.904083
389.805573
389.809509
389.595520
389.436066
388.626801
387.773682
386.889648
385.888092
384.561646
383.541107
382.675751
381.423767
380.394379
378.921509
377.180084
375.399750
373.634033
371.481628
369.892609
368.059937
366.058136
364.072693
362.439514
361.371399
360.682434
360.214783
359.936310
359.979187
359.957581
360.385101
360.653931
360.924194
361.178833
361.425446
360.762970
361.539520
360.999115
359.206299
360.324066
359.988159
358.675232
359.390350
359.103455
358.639069
358.125092
357.618347
356.475952
354.737549
353.242218
351.787140
350.480530
348.964294
347.834656
346.442474
345.115784
343.824493
342.749451
341.890686
340.873718
340.127686
339.707062
339.627869
340.178101
340.168152
341.575623
340.932312
342.934265
343.666809
344.125885
344.569885
344.507782
343.604248
343.846008
451.954529
448.742462
445.648529
442.769104
453.767700
436.891724
433.816162
430.652771
427.319702
430.049744
421.266205
418.117004
415.073364
411.962341
409.038788
406.108185
402.979645
400.274567
398.210480
395.571564
393.656403
391.960022
390.806061
391.484100
389.576263
389.749054
390.927551
389.837280
390.160339
391.099701
390.481537
390.818817
391.418823
391.294556
391.655762
391.548218
391.232758
391.192627
390.976166
390.389557
389.655487
388.369659
387.252655
385.204956
384.384979
382.949036
380.955353
379.983307
378.864929
378.010468
377.632019
377.515472
377.420685
377.402130
377.084473
376.577576
376.283112
375.737854
375.596802
375.095032
374.853546
374.811768
374.638916
374.237671
373.653687
372.997009
371.586609
372.191833
371.753876
371.576752
371.337708
370.372864
371.051331
370.657990
370.405121
370.133118
369.730377
369.170685
368.722321
368.092224
367.057709
367.569122
367.249451
366.921967
366.608307
366.115326
365.693542
365.059509
363.947723
363.901550
363.484802
360.668457
362.676941
362.230896
360.257385
361.311798
360.811157
360.156372
359.031250
358.849670
471.418396
468.278656
465.272308
462.314911
459.122528
503.321533
453.150696
450.333923
471.486328
444.955872
442.217896
445.375427
436.842834
434.344696
431.878418
429.554016
427.314301
425.190582
423.234985
423.991608
419.316223
417.318115
415.541168
413.757629
412.109955
410.588898
409.032898
407.687164
406.369690
405.055847
403.749512
403.158630
401.362457
400.162811
399.088623
397.865356
396.963867
395.871582
394.720123
393.782196
392.842987
391.867889
390.669647
389.680542
388.699463
387.740021
386.799805
386.000763
385.177338
384.376892
383.113373
382.840607
382.075806
381.456451
380.734894
380.003754
378.257385
378.780518
378.167267
377.347809
376.936615
376.309418
375.733368
375.164642
374.618866
373.969818
373.508118
371.899719
372.077118
371.481476
369.129913
370.294556
369.787659
368.099854
368.848267
368.328552
367.733459
367.397614
366.997925
366.593567
366.186981
365.771393
365.342896
364.891479
364.241028
364.128418
363.810394
363.505646
363.060852
362.668396
362.341003
362.021942
361.657745
361.257050
360.945984
360.568390
359.849731
359.834259
357.135956
358.505035
470.145691
469.872925
463.723114
460.682098
457.546234
454.535339
451.561523
448.819427
446.030060
443.310059
442.794098
438.153137
435.733398
433.394226
431.093903
431.699005
426.799347
424.754547
422.826477
420.978210
419.187469
419.758362
415.705872
413.994110
412.625824
410.919159
409.306580
407.859955
406.564117
405.227264
403.899811
402.651917
401.486176
399.814209
398.617218
397.287018
396.175385
395.140839
394.150787
393.119446
392.147217
391.061462
390.129395
389.303741
388.524261
387.662720
386.885193
386.072083
385.279236
383.663422
383.738953
383.005371
381.345612
381.568878
380.842834
380.085327
379.445679
378.821808
378.108948
377.306610
376.573883
375.770386
375.151093
374.032318
373.895447
373.187408
372.727570
372.118103
371.592072
371.088593
370.599792
370.114929
368.412659
369.034210
368.641418
368.151276
367.764954
367.280609
366.895813
366.450500
365.948517
365.663177
365.238403
364.790527
364.493988
363.919861
362.346252
363.214264
362.811127
362.443390
362.010345
361.518768
361.087006
360.498016
359.430328
359.765320
359.398590
356.618988
357.830658
357.694336
102.834976
466.122833
463.250305
483.183411
457.276276
454.454407
451.561035
448.857758
446.039246
443.425568
440.863861
446.586823
435.879181
433.555603
438.677307
429.027161
426.819092
428.660614
422.867615
420.996460
419.130188
417.110779
415.260010
415.161652
411.838959
410.163452
408.639069
407.175354
406.305359
404.508179
403.171204
401.963257
400.726715
399.454803
398.404266
397.150482
396.085846
395.325958
394.052124
393.073944
392.085114
391.134186
390.036072
389.150543
388.363953
387.456207
386.551666
385.560059
384.522491
383.650360
382.778046
381.799805
381.215790
380.557892
379.837341
379.118103
378.490417
377.816071
377.236633
375.899475
375.938934
375.316681
373.416809
374.288757
373.684326
372.255402
372.649200
372.076691
371.589600
371.045166
370.537598
370.056915
369.541992
369.052490
368.519958
368.060394
366.123260
367.151062
366.672211
364.051941
365.539917
365.030701
363.520508
364.009979
363.653564
363.156097
362.869995
362.456543
361.091095
361.637817
359.631531
360.972076
360.625519
360.054901
360.024170
359.717773
359.399231
359.034607
357.786957
357.714783
469.396973
466.356445
520.034912
460.275055
457.363098
454.342621
451.422089
462.410370
445.865601
443.154816
440.514008
437.717072
435.095093
432.569702
430.134705
427.920746
427.231201
423.530792
421.623169
419.720062
417.914154
416.148926
414.444550
412.875885
412.691711
409.777588
408.224579
407.877716
405.584869
404.312561
403.586426
401.775299
400.529999
399.319550
398.196106
396.922791
395.818604
394.873138
394.216278
392.796356
391.762207
390.137268
389.632233
388.500549
387.024536
386.641571
385.734253
384.933533
384.105530
383.284210
382.549011
381.785278
381.096802
380.359467
379.687500
378.644775
378.382385
377.778564
377.139221
376.519623
375.875763
375.309723
374.753632
374.121277
373.596283
372.953522
372.422882
371.710052
371.347565
370.819519
370.159851
369.489563
368.712616
368.225311
367.748138
367.274445
366.805725
366.331329
365.899658
365.469269
365.049713
364.538544
364.239532
363.805695
363.512482
363.005615
362.253937
362.371033
362.012482
359.414185
361.300629
360.966888
358.454315
360.247711
359.975372
359.112061
359.302734
358.815765
357.542175
357.540924
469.258026
466.075043
462.782013
522.532532
456.535309
453.518890
490.624115
447.567444
444.741882
457.473724
439.427185
436.865234
435.112823
432.173218
429.862488
427.693665
425.576202
423.439148
422.194733
419.753967
419.022949
416.168793
414.470490
412.847137
411.286377
409.751495
408.199982
406.783295
405.387177
404.775360
402.729889
401.553314
400.310211
398.870941
397.924591
396.206543
395.052399
394.009430
392.801147
391.829987
390.826721
389.835876
388.893280
387.682312
387.060883
386.225098
385.397034
384.588531
383.808258
383.060089
382.309723
381.573883
380.912384
380.340607
378.429047
378.883331
378.246399
376.927032
377.020721
376.361359
375.728638
375.060608
374.373199
373.686340
373.020599
372.383118
371.909088
371.274536
369.358765
370.239746
369.639099
367.518036
368.800018
368.283081
367.154816
367.415405
366.974762
366.530823
366.187958
365.784363
365.411316
364.974609
363.117340
364.076630
363.735809
363.151917
362.969971
362.518127
362.017456
361.422028
361.069946
360.629333
360.247772
359.788452
358.297485
359.170776
358.799957
358.421722
357.150818
356.252167
468.204926
465.406036
462.337769
459.474762
456.504364
453.649994
450.770111
448.103149
457.223633
442.610870
439.992188
437.456390
434.974915
432.688171
430.405884
428.284058
427.276855
423.958008
422.003632
423.590546
418.319122
416.440033
415.979034
412.689819
411.004486
409.426544
407.730957
406.232117
404.893555
403.504150
402.981812
400.899841
399.635132
398.725922
397.408234
396.120789
395.042450
394.119629
393.033478
392.289978
391.152130
390.170380
389.444550
388.365753
387.509186
386.657349
385.845093
384.792175
384.217773
383.473877
382.665283
381.987640
381.205200
380.499390
379.627197
378.709351
378.026581
377.331879
376.716278
375.768799
375.477478
374.896484
374.360931
373.725555
373.013367
372.541870
372.088776
371.476105
370.949982
370.498566
369.985291
369.557465
369.055908
368.222015
368.128204
367.606812
367.163330
366.677429
364.927246
365.799622
365.431122
364.901337
364.491272
364.024506
361.640839
363.133881
362.632996
361.489563
361.637085
361.083923
360.699249
360.346954
359.944336
359.603790
359.309174
357.831451
358.661987
358.352814
354.598022
