0.000000
2720.000000
2708.000000
2724.000000
2714.000000
2702.000000
2718.000000
2718.000000
2720.000000
2722.000000
2732.000000
2718.000000
2724.000000
2714.000000
2726.000000
2726.000000
2730.000000
2736.000000
2708.000000
2742.000000
2728.000000
2726.000000
2718.000000
2736.000000
2738.000000
2720.000000
2704.000000
2724.000000
2738.000000
2714.000000
2716.000000
2724.000000
2732.000000
2742.000000
2726.000000
2722.000000
2718.000000
2744.000000
2730.000000
2730.000000
2740.000000
2718.000000
2708.000000
2728.000000
2708.000000
2692.000000
2740.000000
2728.000000
2728.000000
2734.000000
2726.000000
2740.000000
2732.000000
2718.000000
2728.000000
2714.000000
2724.000000
2726.000000
2694.000000
2776.000000
2728.000000
2714.000000
2746.000000
2728.000000
2740.000000
2704.000000
2732.000000
2734.000000
2712.000000
2748.000000
2704.000000
2730.000000
2706.000000
2720.000000
2740.000000
2728.000000
2718.000000
2648.000000
2732.000000
2722.000000
2742.000000
2744.000000
2740.000000
2726.000000
2724.000000
2722.000000
2740.000000
2756.000000
2728.000000
2734.000000
2736.000000
2724.000000
2716.000000
2726.000000
2730.000000
2718.000000
2712.000000
2714.000000
2732.000000
2730.000000
2730.000000
2726.000000
2724.000000
2734.000000
2716.000000
2732.000000
2738.000000
2720.000000
2720.000000
2734.000000
2732.000000
2730.000000
2714.000000
2720.000000
2718.000000
2740.000000
2728.000000
2732.000000
2738.000000
2736.000000
2710.000000
2696.000000
2706.000000
2718.000000
2734.000000
2714.000000
2738.000000
2736.000000
2724.000000
2748.000000
2726.000000
2720.000000
2726.000000
2740.000000
2718.000000
2728.000000
2724.000000
2710.000000
2744.000000
2728.000000
2718.000000
2718.000000
2730.000000
2732.000000
2712.000000
2726.000000
2732.000000
2734.000000
2726.000000
2720.000000
2724.000000
2718.000000
2708.000000
2716.000000
2794.000000
2728.000000
2732.000000
2720.000000
2734.000000
2726.000000
2734.000000
2724.000000
2736.000000
2738.000000
2728.000000
2706.000000
2718.000000
2736.000000
2740.000000
2720.000000
2732.000000
2720.000000
2736.000000
2736.000000
2730.000000
2718.000000
2724.000000
2734.000000
2714.000000
2716.000000
2734.000000
2748.000000
2716.000000
2728.000000
2720.000000
2720.000000
2752.000000
2714.000000
2736.000000
2728.000000
2746.000000
2722.000000
2732.000000
2728.000000
2738.000000
2730.000000
2742.000000
2732.000000
2732.000000
2738.000000
2732.000000
2734.000000
2730.000000
2716.000000
2748.000000
2744.000000
2742.000000
2714.000000
2738.000000
2730.000000
2724.000000
2724.000000
2730.000000
2732.000000
2740.000000
2726.000000
2726.000000
2720.000000
2690.000000
2742.000000
2748.000000
2738.000000
2744.000000
2750.000000
2720.000000
2718.000000
2742.000000
2736.000000
2724.000000
2744.000000
2724.000000
2740.000000
2734.000000
2732.000000
2732.000000
2714.000000
2742.000000
2736.000000
2740.000000
2696.000000
2726.000000
2748.000000
2730.000000
2726.000000
2730.000000
2724.000000
2740.000000
2744.000000
2728.000000
2740.000000
2738.000000
2738.000000
2736.000000
2718.000000
2728.000000
2736.000000
2714.000000
2724.000000
2738.000000
2750.000000
2734.000000
2716.000000
2702.000000
2732.000000
2688.000000
2728.000000
2720.000000
2716.000000
2750.000000
2734.000000
2722.000000
2744.000000
2746.000000
2732.000000
2724.000000
2730.000000
2716.000000
2716.000000
2722.000000
2730.000000
2754.000000
2736.000000
2710.000000
2716.000000
2720.000000
2718.000000
2716.000000
2740.000000
2746.000000
2730.000000
2728.000000
2706.000000
2742.000000
2722.000000
2716.000000
2734.000000
2742.000000
2724.000000
2748.000000
2742.000000
2736.000000
2722.000000
2726.000000
2738.000000
2716.000000
2744.000000
2742.000000
2716.000000
2724.000000
2730.000000
2722.000000
2720.000000
2736.000000
2752.000000
2716.000000
2732.000000
2732.000000
2738.000000
2730.000000
2722.000000
2738.000000
2728.000000
2738.000000
2714.000000
2726.000000
2740.000000
2734.000000
2734.000000
2728.000000
2718.000000
2750.000000
2736.000000
2696.000000
2740.000000
2732.000000
2740.000000
2726.000000
2742.000000
2720.000000
2750.000000
2726.000000
2724.000000
2736.000000
2732.000000
2740.000000
2734.000000
2732.000000
2712.000000
2744.000000
2728.000000
2726.000000
2724.000000
2736.000000
2720.000000
2704.000000
2730.000000
2728.000000
2730.000000
2716.000000
2720.000000
2726.000000
2730.000000
2744.000000
2738.000000
2750.000000
2732.000000
2724.000000
2732.000000
2738.000000
2780.000000
2722.000000
2740.000000
2732.000000
2804.000000
2724.000000
2688.000000
2744.000000
2728.000000
2742.000000
2736.000000
2746.000000
2746.000000
2758.000000
2734.000000
2728.000000
2734.000000
2730.000000
2706.000000
2724.000000
2722.000000
2726.000000
2716.000000
2736.000000
2814.000000
2736.000000
2744.000000
2728.000000
2720.000000
2732.000000
2740.000000
2728.000000
2720.000000
2746.000000
2724.000000
2736.000000
2744.000000
2730.000000
2728.000000
2720.000000
2746.000000
2734.000000
2726.000000
2730.000000
2746.000000
2708.000000
2720.000000
2736.000000
2722.000000
2722.000000
2724.000000
2724.000000
2726.000000
2728.000000
2738.000000
2714.000000
2720.000000
2722.000000
2712.000000
2730.000000
2734.000000
2716.000000
2736.000000
2714.000000
2704.000000
2716.000000
2734.000000
2726.000000
2716.000000
2728.000000
2746.000000
2732.000000
2724.000000
2728.000000
2730.000000
2714.000000
2728.000000
2742.000000
2714.000000
2730.000000
2714.000000
2734.000000
2732.000000
2730.000000
2732.000000
2734.000000
2732.000000
2742.000000
2738.000000
2716.000000
2722.000000
2724.000000
2748.000000
2736.000000
2722.000000
2720.000000
2732.000000
2726.000000
2714.000000
2732.000000
2732.000000
2750.000000
2726.000000
2736.000000
2744.000000
2724.000000
2704.000000
2724.000000
2738.000000
2722.000000
2750.000000
2726.000000
2736.000000
2740.000000
2710.000000
2730.000000
2730.000000
2724.000000
2702.000000
2726.000000
2760.000000
2738.000000
2726.000000
2726.000000
2718.000000
2744.000000
2716.000000
2712.000000
2728.000000
2714.000000
2734.000000
2728.000000
2728.000000
2724.000000
2728.000000
2724.000000
2738.000000
2736.000000
2744.000000
2726.000000
2724.000000
2730.000000
2736.000000
2738.000000
2730.000000
2726.000000
2732.000000
2724.000000
2726.000000
2718.000000
2742.000000
2730.000000
2734.000000
2726.000000
2742.000000
2734.000000
2716.000000
2690.000000
2730.000000
2714.000000
2730.000000
2744.000000
2724.000000
2730.000000
2708.000000
2710.000000
2714.000000
2728.000000
2706.000000
2732.000000
2712.000000
2726.000000
2706.000000
2750.000000
2748.000000
2736.000000
2732.000000
2716.000000
2728.000000
2706.000000
2720.000000
2712.000000
2718.000000
2720.000000
2732.000000
2728.000000
2744.000000
2736.000000
2744.000000
2740.000000
2714.000000
2736.000000
2712.000000
2730.000000
2732.000000
2730.000000
2736.000000
2740.000000
2724.000000
2726.000000
2704.000000
2734.000000
2730.000000
2712.000000
2712.000000
2720.000000
2744.000000
2722.000000
2742.000000
2726.000000
2730.000000
2728.000000
2732.000000
2704.000000
2716.000000
2712.000000
2730.000000
2726.000000
2722.000000
2728.000000
2734.000000
2724.000000
2736.000000
2702.000000
2692.000000
2748.000000
2738.000000
2712.000000
2740.000000
2722.000000
2736.000000
2722.000000
2722.000000
2714.000000
2730.000000
2718.000000
2714.000000
2728.000000
2726.000000
2720.000000
2720.000000
2732.000000
2734.000000
2726.000000
2726.000000
2704.000000
2748.000000
2750.000000
2724.000000
2730.000000
2724.000000
2724.000000
2734.000000
2716.000000
2710.000000
2726.000000
2720.000000
2706.000000
2748.000000
2724.000000
2718.000000
2718.000000
2736.000000
2742.000000
2714.000000
2738.000000
2716.000000
2714.000000
2710.000000
2730.000000
2722.000000
2746.000000
2724.000000
2736.000000
2726.000000
2726.000000
2708.000000
2728.000000
2734.000000
2714.000000
2726.000000
2734.000000
2716.000000
2720.000000
2712.000000
2718.000000
2726.000000
2728.000000
2706.000000
2746.000000
2746.000000
2734.000000
2704.000000
2726.000000
2728.000000
2726.000000
2728.000000
2722.000000
2726.000000
2708.000000
2720.000000
2716.000000
2716.000000
2710.000000
2732.000000
2728.000000
2704.000000
2724.000000
2730.000000
2710.000000
2744.000000
2714.000000
2712.000000
2732.000000
2724.000000
2740.000000
2720.000000
2726.000000
2728.000000
2716.000000
2732.000000
2688.000000
2716.000000
2732.000000
2730.000000
2724.000000
2688.000000
2730.000000
2734.000000
2756.000000
2716.000000
2728.000000
2716.000000
2712.000000
2712.000000
2734.000000
2726.000000
2716.000000
2708.000000
2746.000000
2718.000000
2718.000000
2758.000000
2718.000000
2738.000000
2730.000000
2724.000000
2726.000000
2724.000000
2742.000000
2726.000000
2700.000000
2726.000000
2730.000000
2702.000000
2738.000000
2734.000000
2708.000000
2698.000000
2724.000000
2698.000000
2820.000000
2872.000000
2650.000000
2738.000000
2740.000000
2722.000000
2754.000000
2806.000000
2810.000000
2704.000000
2748.000000
2726.000000
2758.000000
2742.000000
2674.000000
2662.000000
2748.000000
2770.000000
2708.000000
2712.000000
2730.000000
2698.000000
2718.000000
2730.000000
2730.000000
2738.000000
2726.000000
2724.000000
2718.000000
2722.000000
2688.000000
2714.000000
2714.000000
2744.000000
2732.000000
2732.000000
2726.000000
2712.000000
2700.000000
2726.000000
2688.000000
2742.000000
2708.000000
2692.000000
2732.000000
2744.000000
2718.000000
2708.000000
2708.000000
2714.000000
2724.000000
2736.000000
2724.000000
2730.000000
2748.000000
2720.000000
2750.000000
2712.000000
2740.000000
2700.000000
2730.000000
2730.000000
2702.000000
2698.000000
2744.000000
2700.000000
2724.000000
2718.000000
2692.000000
2726.000000
2732.000000
2732.000000
2696.000000
2716.000000
2736.000000
2738.000000
2720.000000
2712.000000
2732.000000
2704.000000
2708.000000
2714.000000
2710.000000
2732.000000
2720.000000
2740.000000
2722.000000
2738.000000
2716.000000
2720.000000
2708.000000
2714.000000
2708.000000
2734.000000
2728.000000
2720.000000
2712.000000
2722.000000
2732.000000
2716.000000
2722.000000
2698.000000
2684.000000
2730.000000
2718.000000
2746.000000
2730.000000
2722.000000
2714.000000
2722.000000
2738.000000
2736.000000
2732.000000
2722.000000
2726.000000
2728.000000
2724.000000
2712.000000
2728.000000
2738.000000
2728.000000
2730.000000
2714.000000
2746.000000
2714.000000
2750.000000
2722.000000
2728.000000
2726.000000
2708.000000
2726.000000
2710.000000
2740.000000
2728.000000
2728.000000
2726.000000
2702.000000
2728.000000
2718.000000
2718.000000
2714.000000
2720.000000
2712.000000
2720.000000
2740.000000
2726.000000
2710.000000
2726.000000
2720.000000
2736.000000
2748.000000
2732.000000
2710.000000
2722.000000
2734.000000
2724.000000
2726.000000
2726.000000
2710.000000
2732.000000
2724.000000
2724.000000
2738.000000
2746.000000
2730.000000
2708.000000
2720.000000
2708.000000
2798.000000
2744.000000
2910.000000
3028.000000
4352.000000
3518.000000
3902.000000
3896.000000
3768.000000
3676.000000
3340.000000
3214.000000
3056.000000
2834.000000
2678.000000
2522.000000
2374.000000
2184.000000
1934.000000
1828.000000
1854.000000
2212.000000
2620.000000
2792.000000
3218.000000
3674.000000
4138.000000
4142.000000
4462.000000
5032.000000
5106.000000
5176.000000
5110.000000
4870.000000
4702.000000
4662.000000
4602.000000
4262.000000
4034.000000
3982.000000
3694.000000
3582.000000
3210.000000
3080.000000
2738.000000
2374.000000
1904.000000
1778.000000
1700.000000
1772.000000
2002.000000
2186.000000
2668.000000
2886.000000
3938.000000
4070.000000
4462.000000
4832.000000
4956.000000
5054.000000
5194.000000
5200.000000
5248.000000
5340.000000
5240.000000
4960.000000
4632.000000
4536.000000
4056.000000
3784.000000
3190.000000
3094.000000
2738.000000
2450.000000
2022.000000
2020.000000
1888.000000
1952.000000
2132.000000
2254.000000
2460.000000
2930.000000
3456.000000
3680.000000
3936.000000
4338.000000
4636.000000
4478.000000
4652.000000
4738.000000
4720.000000
4784.000000
4556.000000
4388.000000
3938.000000
3854.000000
3740.000000
3574.000000
3622.000000
3616.000000
3834.000000
4198.000000
4592.000000
4648.000000
4986.000000
5160.000000
4994.000000
4928.000000
4924.000000
4550.000000
3882.000000
3836.000000
3398.000000
2832.000000
2122.000000
2038.000000
1636.000000
1242.000000
1230.000000
1220.000000
1412.000000
1684.000000
2700.000000
2850.000000
3400.000000
4018.000000
4880.000000
5230.000000
5466.000000
5656.000000
5660.000000
5620.000000
5484.000000
5122.000000
4980.000000
4842.000000
4602.000000
4094.000000
3826.000000
3636.000000
3010.000000
2288.000000
1732.000000
1722.000000
1428.000000
1238.000000
1410.000000
1440.000000
1506.000000
2234.000000
2638.000000
2812.000000
3208.000000
3884.000000
4720.000000
4752.000000
5354.000000
5612.000000
5830.000000
5988.000000
5854.000000
5674.000000
5136.000000
4988.000000
4582.000000
4206.000000
3526.000000
3356.000000
2890.000000
2482.000000
2086.000000
2032.000000
1764.000000
1782.000000
1820.000000
1696.000000
1998.000000
2040.000000
2508.000000
2624.000000
3104.000000
3376.000000
4192.000000
4150.000000
4652.000000
4744.000000
5392.000000
5388.000000
5538.000000
5594.000000
5466.000000
5314.000000
4992.000000
4760.000000
4238.000000
4218.000000
3820.000000
3528.000000
3048.000000
3048.000000
2610.000000
2584.000000
2276.000000
2316.000000
2020.000000
2158.000000
2158.000000
2108.000000
2184.000000
2518.000000
2902.000000
2992.000000
3318.000000
3836.000000
4450.000000
4612.000000
5264.000000
5374.000000
5408.000000
5382.000000
5284.000000
5028.000000
4386.000000
4352.000000
3914.000000
3272.000000
2362.000000
2314.000000
2212.000000
1894.000000
2146.000000
2154.000000
2628.000000
2886.000000
3864.000000
3990.000000
4314.000000
4588.000000
4892.000000
4926.000000
5178.000000
5112.000000
4994.000000
5178.000000
4968.000000
4570.000000
4246.000000
4116.000000
3674.000000
3008.000000
2696.000000
2456.000000
2130.000000
1906.000000
1790.000000
1850.000000
2144.000000
2494.000000
2826.000000
2984.000000
3360.000000
3806.000000
4178.000000
4292.000000
4636.000000
4904.000000
5078.000000
5142.000000
5078.000000
5200.000000
4976.000000
4922.000000
4868.000000
4896.000000
4438.000000
4400.000000
3946.000000
3536.000000
3310.000000
3194.000000
2710.000000
2574.000000
2302.000000
2204.000000
2162.000000
2102.000000
2286.000000
2322.000000
2396.000000
2674.000000
3142.000000
3148.000000
3692.000000
3706.000000
4582.000000
4686.000000
4936.000000
5216.000000
5444.000000
5508.000000
5396.000000
5296.000000
4922.000000
4806.000000
4512.000000
4276.000000
3692.000000
3450.000000
3078.000000
2836.000000
2558.000000
2496.000000
2120.000000
2188.000000
1986.000000
2076.000000
2146.000000
2328.000000
2988.000000
3082.000000
3568.000000
4138.000000
4838.000000
4926.000000
5180.000000
5462.000000
5644.000000
5686.000000
5636.000000
5456.000000
4520.000000
4530.000000
4310.000000
3902.000000
2954.000000
2770.000000
2496.000000
2160.000000
1768.000000
1822.000000
1740.000000
1824.000000
2276.000000
2674.000000
2990.000000
3802.000000
3976.000000
4102.000000
4282.000000
4518.000000
4766.000000
4934.000000
4800.000000
4710.000000
4364.000000
4228.000000
4086.000000
3852.000000
3868.000000
3872.000000
3566.000000
3808.000000
4142.000000
4438.000000
4522.000000
5168.000000
5126.000000
4996.000000
4588.000000
3914.000000
3566.000000
3306.000000
2932.000000
2412.000000
2106.000000
2012.000000
1846.000000
1986.000000
2096.000000
2112.000000
2308.000000
2582.000000
3268.000000
3316.000000
3686.000000
4224.000000
4582.000000
4722.000000
5232.000000
5334.000000
5774.000000
5728.000000
5524.000000
5414.000000
5078.000000
4944.000000
4564.000000
4142.000000
3476.000000
3370.000000
2784.000000
2192.000000
1832.000000
1648.000000
1662.000000
1630.000000
1838.000000
1854.000000
2202.000000
2586.000000
3170.000000
3298.000000
3584.000000
4000.000000
4600.000000
4688.000000
5112.000000
5240.000000
5338.000000
5482.000000
5374.000000
5552.000000
5242.000000
5166.000000
4704.000000
4364.000000
3796.000000
3614.000000
3292.000000
2826.000000
2384.000000
2398.000000
2054.000000
2018.000000
1924.000000
1926.000000
2026.000000
2196.000000
2514.000000
2606.000000
2862.000000
3114.000000
3992.000000
4082.000000
4192.000000
4574.000000
5214.000000
5184.000000
5400.000000
5480.000000
5330.000000
5250.000000
4912.000000
4670.000000
3912.000000
3866.000000
3806.000000
3562.000000
3102.000000
3090.000000
3088.000000
2648.000000
2152.000000
2278.000000
1794.000000
1962.000000
2088.000000
2140.000000
2772.000000
3186.000000
3794.000000
3908.000000
3700.000000
4622.000000
4500.000000
4412.000000
4890.000000
4728.000000
4858.000000
4970.000000
4996.000000
5088.000000
4890.000000
4784.000000
4370.000000
4016.000000
3792.000000
3664.000000
3604.000000
2740.000000
2508.000000
2426.000000
2032.000000
1778.000000
1706.000000
1714.000000
2036.000000
3096.000000
4684.000000
4958.000000
5370.000000
5640.000000
4876.000000
4912.000000
4214.000000
4058.000000
3372.000000
3162.000000
2994.000000
2372.000000
1538.000000
1448.000000
1222.000000
1032.000000
1218.000000
1338.000000
1896.000000
2268.000000
3026.000000
2824.000000
3510.000000
3918.000000
4050.000000
4064.000000
4796.000000
4810.000000
5360.000000
5566.000000
5794.000000
5618.000000
5574.000000
5556.000000
4788.000000
4714.000000
3860.000000
3868.000000
3312.000000
3020.000000
2324.000000
2342.000000
2166.000000
1944.000000
2220.000000
2276.000000
2348.000000
2868.000000
3356.000000
3596.000000
4244.000000
4276.000000
4854.000000
4864.000000
4818.000000
5084.000000
5224.000000
5248.000000
5190.000000
5136.000000
4616.000000
4510.000000
4152.000000
3574.000000
2870.000000
2830.000000
2630.000000
2278.000000
2152.000000
2142.000000
2158.000000
2216.000000
2372.000000
2426.000000
2672.000000
2978.000000
4224.000000
4380.000000
5008.000000
5018.000000
4802.000000
4902.000000
5208.000000
5236.000000
5494.000000
5410.000000
4896.000000
4340.000000
3944.000000
3800.000000
3262.000000
2746.000000
2290.000000
2190.000000
2020.000000
1824.000000
1978.000000
2036.000000
2428.000000
3098.000000
3400.000000
3528.000000
4046.000000
4308.000000
4816.000000
4702.000000
5008.000000
4962.000000
5098.000000
5124.000000
5074.000000
5184.000000
4564.000000
4586.000000
4118.000000
3800.000000
3208.000000
3030.000000
2804.000000
2464.000000
2374.000000
2262.000000
2136.000000
2346.000000
2628.000000
2754.000000
2946.000000
3196.000000
4024.000000
4236.000000
4642.000000
4770.000000
5026.000000
4952.000000
4600.000000
4570.000000
4322.000000
4314.000000
4312.000000
4140.000000
4030.000000
4000.000000
3986.000000
4194.000000
4420.000000
4430.000000
4506.000000
4120.000000
3754.000000
3606.000000
3352.000000
2966.000000
2432.000000
2320.000000
2044.000000
1988.000000
2206.000000
2112.000000
2416.000000
2702.000000
3432.000000
3546.000000
3724.000000
4140.000000
4758.000000
4930.000000
5366.000000
5466.000000
5698.000000
5662.000000
5424.000000
5242.000000
4504.000000
4386.000000
4198.000000
3734.000000
2980.000000
2872.000000
2292.000000
1994.000000
1788.000000
1714.000000
1656.000000
1954.000000
2554.000000
2980.000000
3472.000000
3792.000000
4246.000000
4300.000000
4562.000000
5088.000000
5248.000000
5190.000000
5370.000000
5218.000000
4962.000000
4862.000000
4602.000000
4086.000000
3556.000000
3432.000000
3620.000000
2888.000000
2872.000000
2844.000000
2268.000000
2296.000000
1954.000000
1982.000000
2044.000000
2182.000000
2524.000000
2502.000000
2884.000000
3366.000000
4148.000000
4166.000000
4286.000000
4512.000000
4722.000000
4798.000000
5002.000000
5220.000000
5174.000000
5208.000000
5116.000000
4720.000000
4580.000000
4362.000000
3974.000000
3518.000000
3026.000000
2768.000000
2644.000000
2302.000000
2106.000000
2064.000000
1906.000000
1892.000000
2114.000000
2178.000000
2474.000000
2978.000000
3750.000000
3990.000000
4316.000000
4786.000000
5076.000000
5324.000000
5486.000000
5412.000000
5028.000000
5004.000000
4786.000000
4566.000000
4196.000000
4168.000000
3904.000000
3620.000000
2932.000000
2730.000000
2620.000000
2270.000000
2004.000000
1848.000000
1814.000000
1846.000000
2338.000000
2606.000000
3228.000000
4124.000000
5080.000000
5364.000000
4962.000000
5302.000000
4876.000000
4744.000000
4616.000000
4048.000000
3300.000000
3188.000000
3118.000000
2384.000000
1914.000000
1850.000000
1756.000000
1766.000000
1810.000000
1794.000000
1966.000000
2380.000000
2976.000000
3082.000000
3952.000000
4192.000000
5088.000000
5144.000000
5100.000000
5290.000000
5194.000000
5118.000000
5084.000000
5340.000000
5146.000000
4544.000000
4080.000000
3626.000000
3066.000000
3008.000000
2584.000000
2160.000000
1972.000000
1836.000000
1982.000000
1914.000000
1960.000000
2024.000000
2238.000000
3038.000000
3460.000000
3706.000000
4246.000000
4954.000000
5182.000000
5270.000000
5402.000000
5634.000000
5774.000000
5802.000000
5626.000000
4582.000000
4210.000000
3996.000000
3540.000000
3074.000000
2564.000000
2508.000000
2304.000000
2230.000000
2042.000000
1936.000000
2098.000000
2378.000000
2406.000000
2618.000000
2838.000000
3038.000000
3864.000000
3942.000000
4422.000000
4816.000000
5148.000000
5174.000000
5496.000000
5446.000000
5330.000000
5296.000000
4960.000000
4674.000000
4052.000000
3974.000000
3600.000000
3254.000000
2856.000000
2838.000000
2684.000000
2534.000000
2326.000000
2228.000000
2174.000000
2340.000000
2610.000000
2654.000000
2882.000000
3302.000000
3844.000000
3918.000000
4314.000000
4298.000000
4764.000000
4828.000000
4810.000000
5200.000000
5694.000000
5606.000000
5554.000000
5098.000000
4588.000000
4366.000000
4024.000000
3314.000000
2622.000000
2514.000000
2296.000000
1862.000000
1636.000000
1594.000000
1600.000000
1688.000000
2158.000000
2302.000000
2650.000000
3118.000000
4182.000000
4292.000000
4610.000000
4868.000000
5070.000000
5134.000000
5336.000000
5642.000000
5984.000000
5936.000000
5578.000000
4996.000000
4200.000000
3266.000000
3218.000000
2426.000000
2052.000000
2032.000000
1730.000000
1760.000000
1820.000000
1878.000000
1928.000000
2472.000000
2730.000000
3126.000000
3470.000000
4030.000000
4406.000000
4464.000000
4904.000000
5342.000000
5276.000000
5266.000000
5558.000000
5236.000000
5084.000000
4992.000000
4522.000000
4162.000000
3544.000000
3436.000000
3366.000000
3196.000000
2654.000000
2642.000000
2658.000000
2172.000000
2266.000000
2214.000000
2020.000000
2260.000000
2358.000000
2662.000000
3306.000000
3534.000000
4514.000000
4620.000000
5014.000000
5098.000000
5174.000000
5008.000000
4928.000000
4894.000000
4740.000000
4684.000000
4104.000000
3502.000000
2888.000000
2640.000000
2446.000000
2538.000000
2724.000000
2882.000000
3302.000000
3654.000000
5064.000000
5240.000000
5848.000000
6012.000000
5750.000000
5530.000000
5230.000000
4790.000000
3734.000000
3592.000000
3444.000000
2792.000000
1878.000000
1850.000000
1448.000000
1392.000000
1400.000000
1464.000000
1640.000000
2058.000000
2950.000000
3038.000000
3570.000000
4296.000000
5062.000000
5218.000000
5348.000000
5224.000000
5138.000000
5040.000000
4838.000000
4922.000000
4702.000000
4734.000000
4486.000000
4384.000000
3868.000000
3858.000000
3442.000000
3276.000000
2884.000000
2788.000000
2276.000000
2224.000000
1816.000000
1942.000000
1904.000000
2258.000000
2788.000000
2888.000000
3350.000000
4172.000000
4318.000000
4422.000000
5180.000000
5364.000000
5602.000000
5550.000000
5570.000000
5036.000000
4808.000000
4768.000000
4390.000000
3742.000000
3598.000000
3490.000000
2874.000000
2306.000000
2044.000000
1946.000000
1842.000000
1650.000000
1790.000000
1962.000000
2136.000000
2482.000000
3116.000000
3348.000000
3824.000000
4274.000000
5020.000000
5090.000000
5162.000000
5570.000000
5400.000000
5420.000000
5042.000000
4770.000000
4602.000000
4522.000000
4384.000000
3910.000000
3228.000000
3122.000000
2956.000000
2242.000000
2292.000000
2284.000000
2038.000000
2030.000000
2062.000000
2050.000000
2256.000000
2428.000000
2682.000000
2870.000000
3044.000000
3310.000000
3900.000000
3896.000000
4608.000000
4848.000000
5644.000000
5852.000000
5710.000000
5566.000000
5384.000000
5254.000000
5052.000000
4634.000000
4096.000000
4076.000000
3436.000000
2884.000000
2600.000000
2422.000000
1922.000000
1952.000000
1508.000000
1502.000000
1626.000000
1654.000000
1858.000000
2020.000000
2488.000000
2770.000000
3886.000000
3942.000000
3794.000000
4662.000000
4726.000000
4880.000000
5328.000000
5172.000000
5420.000000
5390.000000
5194.000000
5012.000000
4428.000000
4424.000000
4548.000000
3908.000000
3472.000000
3524.000000
2964.000000
2544.000000
1970.000000
1784.000000
1896.000000
1350.000000
1448.000000
1506.000000
1782.000000
2174.000000
2650.000000
2690.000000
3098.000000
4006.000000
4222.000000
4300.000000
4876.000000
5182.000000
5468.000000
5540.000000
5472.000000
5590.000000
5250.000000
5168.000000
4778.000000
4210.000000
3856.000000
3402.000000
3436.000000
2672.000000
2132.000000
2224.000000
1414.000000
1160.000000
886.000000
826.000000
1564.000000
2290.000000
2828.000000
2942.000000
3258.000000
3846.000000
3968.000000
4180.000000
4538.000000
4348.000000
5086.000000
5138.000000
4934.000000
5738.000000
4932.000000
4892.000000
5028.000000
4250.000000
3806.000000
3666.000000
3076.000000
2788.000000
2584.000000
2434.000000
2560.000000
2148.000000
2212.000000
2128.000000
2094.000000
2114.000000
2324.000000
2394.000000
2486.000000
2714.000000
3132.000000
3124.000000
3454.000000
3632.000000
3900.000000
4032.000000
4472.000000
4628.000000
4828.000000
4906.000000
5018.000000
5260.000000
4960.000000
4872.000000
4686.000000
4950.000000
4222.000000
4252.000000
3990.000000
3592.000000
3162.000000
3196.000000
2938.000000
2718.000000
2066.000000
2168.000000
2176.000000
1866.000000
2142.000000
2162.000000
2086.000000
2430.000000
2680.000000
2802.000000
3290.000000
3672.000000
4484.000000
4658.000000
4962.000000
4882.000000
4848.000000
4810.000000
4800.000000
4898.000000
4756.000000
4768.000000
5246.000000
4944.000000
4084.000000
3542.000000
3004.000000
2652.000000
2328.000000
2218.000000
2138.000000
1948.000000
1984.000000
2064.000000
1958.000000
2398.000000
2516.000000
2688.000000
3346.000000
3604.000000
4560.000000
4720.000000
4708.000000
5406.000000
5470.000000
5392.000000
5992.000000
5836.000000
4728.000000
5004.000000
4498.000000
4126.000000
3548.000000
3414.000000
3002.000000
2678.000000
2382.000000
2420.000000
2238.000000
2038.000000
2050.000000
2020.000000
1928.000000
2032.000000
2592.000000
2598.000000
3154.000000
3356.000000
4114.000000
4256.000000
4212.000000
4582.000000
5032.000000
4974.000000
5444.000000
5796.000000
4760.000000
4774.000000
5160.000000
4386.000000
4190.000000
3842.000000
3522.000000
3274.000000
2422.000000
2380.000000
2188.000000
1766.000000
1884.000000
1998.000000
2224.000000
2664.000000
3616.000000
3742.000000
4300.000000
4922.000000
4714.000000
4966.000000
4980.000000
4906.000000
4954.000000
4956.000000
5152.000000
5036.000000
4526.000000
4480.000000
3770.000000
3378.000000
3052.000000
2900.000000
2394.000000
2242.000000
1492.000000
1456.000000
1482.000000
1568.000000
1956.000000
2202.000000
2326.000000
2968.000000
2820.000000
3124.000000
3784.000000
3978.000000
4456.000000
4522.000000
4852.000000
5620.000000
5438.000000
5558.000000
5578.000000
5344.000000
4598.000000
4624.000000
3984.000000
3296.000000
2908.000000
2646.000000
2242.000000
1862.000000
1366.000000
1314.000000
1436.000000
1422.000000
1864.000000
1962.000000
2286.000000
3132.000000
3206.000000
3512.000000
3642.000000
4044.000000
4448.000000
4458.000000
4600.000000
4832.000000
5220.000000
5386.000000
4978.000000
4890.000000
4510.000000
4412.000000
4596.000000
4362.000000
3856.000000
3650.000000
3464.000000
3002.000000
2530.000000
2184.000000
2216.000000
1972.000000
2100.000000
2150.000000
2264.000000
2136.000000
2118.000000
2156.000000
2130.000000
2418.000000
2932.000000
3246.000000
3692.000000
4006.000000
4602.000000
4658.000000
4954.000000
5066.000000
5206.000000
5240.000000
4972.000000
4816.000000
4290.000000
4104.000000
4360.000000
3664.000000
3054.000000
3284.000000
2648.000000
2440.000000
1764.000000
1720.000000
1644.000000
1524.000000
1482.000000
1656.000000
2216.000000
2412.000000
3542.000000
3576.000000
3378.000000
4342.000000
4272.000000
4484.000000
5062.000000
4674.000000
5232.000000
5116.000000
5274.000000
5060.000000
4838.000000
4718.000000
4576.000000
4234.000000
3164.000000
3150.000000
2624.000000
2104.000000
1960.000000
1980.000000
1880.000000
1984.000000
1942.000000
2048.000000
2054.000000
2102.000000
2712.000000
2758.000000
2928.000000
3346.000000
3694.000000
3738.000000
4544.000000
4632.000000
5196.000000
5182.000000
5468.000000
5076.000000
5150.000000
5348.000000
4556.000000
4240.000000
3556.000000
3222.000000
3394.000000
2510.000000
2180.000000
1868.000000
1684.000000
1406.000000
1422.000000
1422.000000
1596.000000
2288.000000
2432.000000
2730.000000
3250.000000
3694.000000
4170.000000
4070.000000
4264.000000
4642.000000
4696.000000
4936.000000
5170.000000
5220.000000
5420.000000
5470.000000
5468.000000
4912.000000
4316.000000
4042.000000
3304.000000
2228.000000
1946.000000
1764.000000
1300.000000
1230.000000
1248.000000
1278.000000
1508.000000
1802.000000
2852.000000
2988.000000
3442.000000
4002.000000
4494.000000
4474.000000
4598.000000
4570.000000
4686.000000
4852.000000
4764.000000
4380.000000
3822.000000
3634.000000
3380.000000
3154.000000
3080.000000
3094.000000
3590.000000
4228.000000
4822.000000
4852.000000
4522.000000
4430.000000
4310.000000
4330.000000
4108.000000
4036.000000
4050.000000
4038.000000
4158.000000
3812.000000
3322.000000
3114.000000
2650.000000
2268.000000
1992.000000
1920.000000
1864.000000
1764.000000
1810.000000
1802.000000
1964.000000
2178.000000
3200.000000
3286.000000
3644.000000
4356.000000
4556.000000
4712.000000
4974.000000
5042.000000
5580.000000
5584.000000
5130.000000
5130.000000
4730.000000
4644.000000
4250.000000
3798.000000
3340.000000
3286.000000
2972.000000
2316.000000
1988.000000
1960.000000
1792.000000
2054.000000
2310.000000
2706.000000
3152.000000
4216.000000
4298.000000
4426.000000
4638.000000
4422.000000
4450.000000
4596.000000
4518.000000
4914.000000
4834.000000
5032.000000
4892.000000
4716.000000
4506.000000
4242.000000
4160.000000
3268.000000
2738.000000
2514.000000
2196.000000
1838.000000
1738.000000
1812.000000
1900.000000
1876.000000
2740.000000
2850.000000
3162.000000
3726.000000
4218.000000
4328.000000
4574.000000
4862.000000
4908.000000
4992.000000
5172.000000
5256.000000
5452.000000
5514.000000
5158.000000
4798.000000
4212.000000
4092.000000
3900.000000
3030.000000
2422.000000
2290.000000
1788.000000
1680.000000
1342.000000
1360.000000
1556.000000
1866.000000
2464.000000
2656.000000
3196.000000
3276.000000
4200.000000
4256.000000
4504.000000
4758.000000
4702.000000
4564.000000
5088.000000
5526.000000
6182.000000
6370.000000
5456.000000
4930.000000
4144.000000
4028.000000
3810.000000
3078.000000
2594.000000
2466.000000
2138.000000
2110.000000
1858.000000
1920.000000
2148.000000
2268.000000
2624.000000
2804.000000
3122.000000
3712.000000
4062.000000
4058.000000
4548.000000
4800.000000
4780.000000
4834.000000
5116.000000
5134.000000
5026.000000
4724.000000
4462.000000
4098.000000
3410.000000
3350.000000
3098.000000
2734.000000
2162.000000
2120.000000
1934.000000
1908.000000
2110.000000
2152.000000
2378.000000
3008.000000
3136.000000
3228.000000
3912.000000
4460.000000
5208.000000
5118.000000
4830.000000
4780.000000
4618.000000
4472.000000
4290.000000
4908.000000
4924.000000
5100.000000
4594.000000
4726.000000
4020.000000
3762.000000
3176.000000
2118.000000
1736.000000
1730.000000
1516.000000
1694.000000
1862.000000
1918.000000
2520.000000
3290.000000
3818.000000
4000.000000
4200.000000
4196.000000
4640.000000
4592.000000
4844.000000
5406.000000
5448.000000
5474.000000
5382.000000
4384.000000
4136.000000
3704.000000
3180.000000
3126.000000
2578.000000
2318.000000
2216.000000
2168.000000
2076.000000
2012.000000
2238.000000
2326.000000
2896.000000
2896.000000
3100.000000
3548.000000
3716.000000
3952.000000
4408.000000
4176.000000
4830.000000
4738.000000
4932.000000
5174.000000
5000.000000
5134.000000
4678.000000
4370.000000
3528.000000
3406.000000
3256.000000
2818.000000
2426.000000
2260.000000
2078.000000
1938.000000
1972.000000
2016.000000
2042.000000
2494.000000
3080.000000
3080.000000
3586.000000
3662.000000
4078.000000
4130.000000
3928.000000
4144.000000
3974.000000
3906.000000
3854.000000
3782.000000
3882.000000
3914.000000
3850.000000
4020.000000
3846.000000
4040.000000
3876.000000
3824.000000
3480.000000
3458.000000
3378.000000
3484.000000
4662.000000
4352.000000
3638.000000
3348.000000
3836.000000
3730.000000
3526.000000
3532.000000
3516.000000
3444.000000
3336.000000
3488.000000
3430.000000
3428.000000
3450.000000
3434.000000
3330.000000
3320.000000
3272.000000
3288.000000
3308.000000
3286.000000
3318.000000
3306.000000
3298.000000
3348.000000
3236.000000
3290.000000
3204.000000
3288.000000
3284.000000
3322.000000
3296.000000
3234.000000
3282.000000
3236.000000
3292.000000
3280.000000
3236.000000
3238.000000
3244.000000
3236.000000
3232.000000
3248.000000
3226.000000
3222.000000
3236.000000
3202.000000
3238.000000
3254.000000
3208.000000
3230.000000
3240.000000
3208.000000
3210.000000
3148.000000
3184.000000
3198.000000
3202.000000
3198.000000
3198.000000
3244.000000
3136.000000
3198.000000
3180.000000
3204.000000
3178.000000
3176.000000
3178.000000
3198.000000
3172.000000
3196.000000
3188.000000
3196.000000
3170.000000
3182.000000
3188.000000
3190.000000
3172.000000
3178.000000
3166.000000
3182.000000
3178.000000
3194.000000
3188.000000
3244.000000
3166.000000
3172.000000
3164.000000
3180.000000
3188.000000
3170.000000
3166.000000
3160.000000
3184.000000
3176.000000
3164.000000
3198.000000
3164.000000
3160.000000
3186.000000
3178.000000
3168.000000
3174.000000
3176.000000
3188.000000
3192.000000
3174.000000
3152.000000
3164.000000
3182.000000
3164.000000
3150.000000
3148.000000
3168.000000
3178.000000
3146.000000
3172.000000
3184.000000
3166.000000
3182.000000
3170.000000
3196.000000
3162.000000
3196.000000
3186.000000
3174.000000
3186.000000
3176.000000
3162.000000
3174.000000
3188.000000
3172.000000
3184.000000
3170.000000
3170.000000
3176.000000
3164.000000
3180.000000
3176.000000
3168.000000
3184.000000
3182.000000
3170.000000
3178.000000
3156.000000
3170.000000
3168.000000
3176.000000
3164.000000
3160.000000
3176.000000
3176.000000
3170.000000
3168.000000
3158.000000
3166.000000
3174.000000
3150.000000
3168.000000
3168.000000
3196.000000
3170.000000
3184.000000
3186.000000
3152.000000
3162.000000
3178.000000
3160.000000
3176.000000
3154.000000
3164.000000
3184.000000
3190.000000
3160.000000
3174.000000
3148.000000
3182.000000
3182.000000
3216.000000
3170.000000
3174.000000
3174.000000
3166.000000
3176.000000
3178.000000
3176.000000
3180.000000
3178.000000
3166.000000
3172.000000
3192.000000
3164.000000
3186.000000
3154.000000
3182.000000
3186.000000
3188.000000
3182.000000
3186.000000
3166.000000
3182.000000
3176.000000
3172.000000
3180.000000
3176.000000
3180.000000
3174.000000
3156.000000
3162.000000
3178.000000
3172.000000
3170.000000
3182.000000
3166.000000
3160.000000
3182.000000
3196.000000
3180.000000
3162.000000
3172.000000
3172.000000
3162.000000
3184.000000
3164.000000
3146.000000
3172.000000
3184.000000
3172.000000
3150.000000
3170.000000
3182.000000
3184.000000
3162.000000
3170.000000
3152.000000
3158.000000
3184.000000
3190.000000
3188.000000
3186.000000
3186.000000
3182.000000
3178.000000
3180.000000
3168.000000
3184.000000
3150.000000
3176.000000
3158.000000
3194.000000
3166.000000
3188.000000
3172.000000
3186.000000
3164.000000
3178.000000
3168.000000
3142.000000
3196.000000
3184.000000
3172.000000
3170.000000
3182.000000
3182.000000
3170.000000
3174.000000
3188.000000
3182.000000
3184.000000
3198.000000
3176.000000
3176.000000
3178.000000
3180.000000
3180.000000
3174.000000
3154.000000
3164.000000
3184.000000
3172.000000
3164.000000
3164.000000
3174.000000
3160.000000
3194.000000
3156.000000
3190.000000
3172.000000
3182.000000
3178.000000
3180.000000
3158.000000
3162.000000
3168.000000
3168.000000
3168.000000
3166.000000
3172.000000
3170.000000
3190.000000
3178.000000
3198.000000
3178.000000
3166.000000
3186.000000
3168.000000
3182.000000
3168.000000
3186.000000
3186.000000
3190.000000
3178.000000
3184.000000
3164.000000
3176.000000
3160.000000
3176.000000
3162.000000
3172.000000
3150.000000
3162.000000
3182.000000
3166.000000
3174.000000
3164.000000
3182.000000
3196.000000
3166.000000
3162.000000
3168.000000
3164.000000
3180.000000
3180.000000
3186.000000
3168.000000
3174.000000
3150.000000
3178.000000
3152.000000
3180.000000
3170.000000
3176.000000
3166.000000
3152.000000
3186.000000
3182.000000
3174.000000
3170.000000
3156.000000
3166.000000
3172.000000
3188.000000
3194.000000
3176.000000
3160.000000
3176.000000
3180.000000
3194.000000
3160.000000
3190.000000
3180.000000
3162.000000
3176.000000
3170.000000
3178.000000
3174.000000
3156.000000
3182.000000
3174.000000
3184.000000
3154.000000
3182.000000
3178.000000
3182.000000
3172.000000
3160.000000
3144.000000
3176.000000
3182.000000
3194.000000
3182.000000
3172.000000
3186.000000
3180.000000
3182.000000
3174.000000
3188.000000
3172.000000
3186.000000
3160.000000
3178.000000
3160.000000
3182.000000
3188.000000
3174.000000
3192.000000
3194.000000
3164.000000
3176.000000
3180.000000
3158.000000
3174.000000
3150.000000
3182.000000
3160.000000
3188.000000
3178.000000
3148.000000
3190.000000
3186.000000
3184.000000
3186.000000
3180.000000
3178.000000
3172.000000
3186.000000
3196.000000
3178.000000
3196.000000
3180.000000
3180.000000
3150.000000
3158.000000
3188.000000
3148.000000
3182.000000
3186.000000
3140.000000
3194.000000
3190.000000
3166.000000
3182.000000
3188.000000
3158.000000
3158.000000
3170.000000
3180.000000
3176.000000
3174.000000
3182.000000
3176.000000
3146.000000
3166.000000
3178.000000
3186.000000
3182.000000
3188.000000
3172.000000
3184.000000
3184.000000
3170.000000
3172.000000
3162.000000
3194.000000
3190.000000
3190.000000
3144.000000
3180.000000
3170.000000
3190.000000
3192.000000
3188.000000
3246.000000
3144.000000
3192.000000
3194.000000
3206.000000
3164.000000
3168.000000
3184.000000
3164.000000
3166.000000
3212.000000
3186.000000
3160.000000
3172.000000
3190.000000
3158.000000
3186.000000
3192.000000
3146.000000
3170.000000
3180.000000
3176.000000
3156.000000
3192.000000
3164.000000
3200.000000
3180.000000
3180.000000
3184.000000
3188.000000
3138.000000
3138.000000
3192.000000
3180.000000
3198.000000
3206.000000
3188.000000
3196.000000
3168.000000
3180.000000
3180.000000
3188.000000
3190.000000
3192.000000
3136.000000
3184.000000
3184.000000
3190.000000
3198.000000
3194.000000
3160.000000
3158.000000
3186.000000
3190.000000
3182.000000
3188.000000
3182.000000
3172.000000
3174.000000
3188.000000
3190.000000
3168.000000
3140.000000
3194.000000
3174.000000
3174.000000
3188.000000
3182.000000
3176.000000
3168.000000
3176.000000
3176.000000
3162.000000
3174.000000
3180.000000
3176.000000
3172.000000
3192.000000
3198.000000
3188.000000
3188.000000
3188.000000
3174.000000
3172.000000
3202.000000
3176.000000
3196.000000
3190.000000
3190.000000
3184.000000
3196.000000
3188.000000
3164.000000
3196.000000
3176.000000
3176.000000
3180.000000
3186.000000
3162.000000
3194.000000
3166.000000
3172.000000
3184.000000
3162.000000
3202.000000
3170.000000
3144.000000
3136.000000
3178.000000
3188.000000
3182.000000
3186.000000
3206.000000
3186.000000
3184.000000
3174.000000
3188.000000
3172.000000
3196.000000
3186.000000
3194.000000
3190.000000
3172.000000
3192.000000
3184.000000
3174.000000
3170.000000
3168.000000
3168.000000
3168.000000
3182.000000
3160.000000
3170.000000
3186.000000
3178.000000
3174.000000
3164.000000
3162.000000
3168.000000
3184.000000
3174.000000
3158.000000
3172.000000
3160.000000
3186.000000
3186.000000
3196.000000
3178.000000
3170.000000
3164.000000
3168.000000
3164.000000
3168.000000
3152.000000
3174.000000
3180.000000
3168.000000
3166.000000
3176.000000
3160.000000
3188.000000
3168.000000
3182.000000
3158.000000
3194.000000
3192.000000
3182.000000
3186.000000
3162.000000
3178.000000
3180.000000
3174.000000
3168.000000
3172.000000
3182.000000
3166.000000
3168.000000
3146.000000
3156.000000
3188.000000
3162.000000
3150.000000
3144.000000
3158.000000
3148.000000
3158.000000
3148.000000
3146.000000
3148.000000
3188.000000
3168.000000
3164.000000
3172.000000
3184.000000
3188.000000
3174.000000
3196.000000
3186.000000
3160.000000
3162.000000
3176.000000
3150.000000
3158.000000
3156.000000
3150.000000
3170.000000
3182.000000
3184.000000
3166.000000
3146.000000
3156.000000
3170.000000
3172.000000
3142.000000
3164.000000
3164.000000
3182.000000
3150.000000
3154.000000
3146.000000
3172.000000
3130.000000
3146.000000
3180.000000
3232.000000
3146.000000
3144.000000
3142.000000
3184.000000
3162.000000
3182.000000
3150.000000
3158.000000
3182.000000
3166.000000
3132.000000
3152.000000
3182.000000
3174.000000
3226.000000
3228.000000
3236.000000
3272.000000
3294.000000
3238.000000
3242.000000
3246.000000
3264.000000
3252.000000
3252.000000
3232.000000
3218.000000
3224.000000
3228.000000
3224.000000
3246.000000
3244.000000
3236.000000
3262.000000
3260.000000
3250.000000
3246.000000
3234.000000
3238.000000
3222.000000
3262.000000
3144.000000
3204.000000
3226.000000
3224.000000
3216.000000
3214.000000
3180.000000
3148.000000
3178.000000
3166.000000
3176.000000
3174.000000
3186.000000
3162.000000
3188.000000
3186.000000
3166.000000
3182.000000
3188.000000
3172.000000
3172.000000
3174.000000
3178.000000
3170.000000
3180.000000
3184.000000
3174.000000
3148.000000
3166.000000
3160.000000
3194.000000
3166.000000
3152.000000
3162.000000
3172.000000
3172.000000
3156.000000
3164.000000
3168.000000
3148.000000
3150.000000
3188.000000
3164.000000
3154.000000
3170.000000
3176.000000
3164.000000
3148.000000
3122.000000
3144.000000
3136.000000
3180.000000
3162.000000
3168.000000
3152.000000
3162.000000
3176.000000
3172.000000
3160.000000
3182.000000
3182.000000
3152.000000
3176.000000
3162.000000
3166.000000
3144.000000
3168.000000
3164.000000
3156.000000
3168.000000
3178.000000
3162.000000
3166.000000
3136.000000
3156.000000
3146.000000
3156.000000
3158.000000
3168.000000
3152.000000
3160.000000
3146.000000
3162.000000
3162.000000
3170.000000
3162.000000
3170.000000
3164.000000
3154.000000
3156.000000
3154.000000
3180.000000
3156.000000
3182.000000
3140.000000
3154.000000
3144.000000
3158.000000
3150.000000
3176.000000
3170.000000
3158.000000
3172.000000
3160.000000
3168.000000
3134.000000
3162.000000
3142.000000
3170.000000
3168.000000
3152.000000
3140.000000
3170.000000
3180.000000
3148.000000
3182.000000
3170.000000
3198.000000
3176.000000
3146.000000
3162.000000
3178.000000
3188.000000
3170.000000
3172.000000
3170.000000
3146.000000
3148.000000
3154.000000
3194.000000
3254.000000
3170.000000
3230.000000
3282.000000
3370.000000
3426.000000
3364.000000
3408.000000
3508.000000
3680.000000
3682.000000
3568.000000
3826.000000
4270.000000
4400.000000
4620.000000
4574.000000
4996.000000
4890.000000
5056.000000
4624.000000
4080.000000
3962.000000
3580.000000
2854.000000
2330.000000
2192.000000
1860.000000
1716.000000
1760.000000
1822.000000
2114.000000
2378.000000
3316.000000
3412.000000
3868.000000
4500.000000
5184.000000
5718.000000
5780.000000
5468.000000
4982.000000
4764.000000
4320.000000
3654.000000
3164.000000
3108.000000
2736.000000
2322.000000
2524.000000
2340.000000
2000.000000
2228.000000
2190.000000
2246.000000
2446.000000
2832.000000
3286.000000
3450.000000
3856.000000
4606.000000
4836.000000
5024.000000
5178.000000
5340.000000
5034.000000
4890.000000
4604.000000
4016.000000
3068.000000
2924.000000
2544.000000
2148.000000
2364.000000
2380.000000
2754.000000
3336.000000
4072.000000
4168.000000
4444.000000
4760.000000
4660.000000
4784.000000
5246.000000
5374.000000
5568.000000
5352.000000
5226.000000
4856.000000
4076.000000
3766.000000
3280.000000
2834.000000
2168.000000
2054.000000
1814.000000
1726.000000
1810.000000
1954.000000
2170.000000
2484.000000
2894.000000
3030.000000
3438.000000
3970.000000
4122.000000
4388.000000
4886.000000
5172.000000
5570.000000
5620.000000
5852.000000
5810.000000
5374.000000
5246.000000
4984.000000
4302.000000
3534.000000
3458.000000
2910.000000
2418.000000
1910.000000
1844.000000
1642.000000
1694.000000
1936.000000
2010.000000
2288.000000
2602.000000
3236.000000
3304.000000
3682.000000
4172.000000
4810.000000
4824.000000
5060.000000
5370.000000
5734.000000
5776.000000
5644.000000
5452.000000
4658.000000
4612.000000
4256.000000
3600.000000
2736.000000
2682.000000
2262.000000
2046.000000
1728.000000
1954.000000
2176.000000
2564.000000
2818.000000
2972.000000
3420.000000
3784.000000
4220.000000
4242.000000
4612.000000
4796.000000
5244.000000
5430.000000
5312.000000
5650.000000
5398.000000
5392.000000
5408.000000
4504.000000
4258.000000
4026.000000
3376.000000
2752.000000
2304.000000
2202.000000
1940.000000
1744.000000
1794.000000
1964.000000
2092.000000
2462.000000
2902.000000
3042.000000
3496.000000
3844.000000
4574.000000
4738.000000
4842.000000
5428.000000
5542.000000
5610.000000
5786.000000
5582.000000
5196.000000
5052.000000
4386.000000
4078.000000
3030.000000
2892.000000
2516.000000
2132.000000
1748.000000
1732.000000
1858.000000
1908.000000
2318.000000
2402.000000
2700.000000
3078.000000
3712.000000
3968.000000
4472.000000
4604.000000
5264.000000
5292.000000
5446.000000
5558.000000
5470.000000
5320.000000
5244.000000
4760.000000
4132.000000
3886.000000
3368.000000
3122.000000
2514.000000
2430.000000
2086.000000
1866.000000
1914.000000
1886.000000
1872.000000
2258.000000
2916.000000
3076.000000
3562.000000
3848.000000
4418.000000
4558.000000
5084.000000
5066.000000
5384.000000
5414.000000
5580.000000
5418.000000
5218.000000
5074.000000
4422.000000
4048.000000
2740.000000
2646.000000
2460.000000
2130.000000
2188.000000
2222.000000
2196.000000
2584.000000
3502.000000
3492.000000
3924.000000
4272.000000
5046.000000
5138.000000
5364.000000
5428.000000
5436.000000
5130.000000
4894.000000
3830.000000
3366.000000
3194.000000
2848.000000
2568.000000
2784.000000
2780.000000
2408.000000
2094.000000
1438.000000
1558.000000
1958.000000
2260.000000
3188.000000
3296.000000
3498.000000
4538.000000
4504.000000
4978.000000
5168.000000
5198.000000
5356.000000
5324.000000
5530.000000
5328.000000
4822.000000
4688.000000
4462.000000
4032.000000
3282.000000
3206.000000
3114.000000
2780.000000
2740.000000
2682.000000
2192.000000
2120.000000
1686.000000
1770.000000
1960.000000
1760.000000
2386.000000
2396.000000
2722.000000
3288.000000
3782.000000
4046.000000
4528.000000
4564.000000
5558.000000
5626.000000
5464.000000
5924.000000
5120.000000
4854.000000
4234.000000
3586.000000
2566.000000
2490.000000
1952.000000
1894.000000
1858.000000
1930.000000
2426.000000
2982.000000
4054.000000
4218.000000
4364.000000
4630.000000
4916.000000
4994.000000
5486.000000
5288.000000
5318.000000
5018.000000
4462.000000
4324.000000
3526.000000
3554.000000
2960.000000
2636.000000
2224.000000
2132.000000
1894.000000
1878.000000
1966.000000
2020.000000
2302.000000
2516.000000
3366.000000
3420.000000
3678.000000
4168.000000
4528.000000
4686.000000
5080.000000
5152.000000
5484.000000
5494.000000
5444.000000
5326.000000
4590.000000
4454.000000
4142.000000
3714.000000
2868.000000
2820.000000
2566.000000
2198.000000
1764.000000
1718.000000
1842.000000
2068.000000
2434.000000
2664.000000
3184.000000
3680.000000
4218.000000
4336.000000
4614.000000
4930.000000
5172.000000
5056.000000
5348.000000
5166.000000
5364.000000
5350.000000
4676.000000
4250.000000
3696.000000
3614.000000
3208.000000
2506.000000
2500.000000
2214.000000
1914.000000
1930.000000
1822.000000
1936.000000
2266.000000
2476.000000
3282.000000
3342.000000
3674.000000
4244.000000
4588.000000
4788.000000
5104.000000
5082.000000
5144.000000
5146.000000
5236.000000
5066.000000
4734.000000
4582.000000
4212.000000
3872.000000
3256.000000
3106.000000
2954.000000
2498.000000
2244.000000
2142.000000
2124.000000
2202.000000
2408.000000
2592.000000
2784.000000
3000.000000
3616.000000
3646.000000
3934.000000
4258.000000
4946.000000
5016.000000
5088.000000
5068.000000
5180.000000
5080.000000
5088.000000
4702.000000
4036.000000
3830.000000
3494.000000
3090.000000
2416.000000
2286.000000
1980.000000
1990.000000
1828.000000
1820.000000
1884.000000
2076.000000
2578.000000
2726.000000
3206.000000
3592.000000
4266.000000
4262.000000
4310.000000
4836.000000
5088.000000
5156.000000
5410.000000
5278.000000
5156.000000
5056.000000
4742.000000
4774.000000
3878.000000
3958.000000
3532.000000
3212.000000
2566.000000
2512.000000
2218.000000
1982.000000
1810.000000
1810.000000
1684.000000
1778.000000
2182.000000
2680.000000
3164.000000
3492.000000
4166.000000
4286.000000
4768.000000
5120.000000
5494.000000
5534.000000
5414.000000
5280.000000
5064.000000
5002.000000
4550.000000
3844.000000
3564.000000
3444.000000
3036.000000
2646.000000
2298.000000
2162.000000
2046.000000
1806.000000
1904.000000
1914.000000
1964.000000
2142.000000
2436.000000
2648.000000
3102.000000
3260.000000
3816.000000
3850.000000
4068.000000
4512.000000
4926.000000
4860.000000
5328.000000
5292.000000
5356.000000
5192.000000
4814.000000
4854.000000
4000.000000
3728.000000
3426.000000
3038.000000
2268.000000
2200.000000
2098.000000
1510.000000
1764.000000
1730.000000
1826.000000
2248.000000
2674.000000
3062.000000
3478.000000
3710.000000
4554.000000
4458.000000
4412.000000
4570.000000
4688.000000
4790.000000
4992.000000
4746.000000
4854.000000
4726.000000
4426.000000
4074.000000
3530.000000
3320.000000
3460.000000
2718.000000
2714.000000
2608.000000
2346.000000
2438.000000
2542.000000
2556.000000
2640.000000
2442.000000
2638.000000
2642.000000
3002.000000
3082.000000
3628.000000
3750.000000
3802.000000
4064.000000
4546.000000
4550.000000
4770.000000
5320.000000
5168.000000
5168.000000
5182.000000
4736.000000
4354.000000
4328.000000
3950.000000
3546.000000
3016.000000
2922.000000
2908.000000
2492.000000
2270.000000
2222.000000
1938.000000
2138.000000
2070.000000
2598.000000
2486.000000
3314.000000
3536.000000
3706.000000
4204.000000
4406.000000
4654.000000
4624.000000
4684.000000
4884.000000
5004.000000
4850.000000
5330.000000
5004.000000
4720.000000
4758.000000
4428.000000
3778.000000
3482.000000
3506.000000
3276.000000
2504.000000
2382.000000
2086.000000
1788.000000
1818.000000
1886.000000
1946.000000
2296.000000
2438.000000
3122.000000
3286.000000
3764.000000
3934.000000
4794.000000
4678.000000
4668.000000
4822.000000
5154.000000
5150.000000
5508.000000
5800.000000
4880.000000
4832.000000
4358.000000
3866.000000
3366.000000
3206.000000
2994.000000
2638.000000
2372.000000
2252.000000
2038.000000
2212.000000
2290.000000
2382.000000
2512.000000
2628.000000
3090.000000
3088.000000
3702.000000
3638.000000
4356.000000
4360.000000
4330.000000
4606.000000
4422.000000
4620.000000
4984.000000
4720.000000
4974.000000
4946.000000
4638.000000
4768.000000
3894.000000
3826.000000
3544.000000
3144.000000
2540.000000
2320.000000
2034.000000
2086.000000
2038.000000
2088.000000
2394.000000
2546.000000
2714.000000
2816.000000
3130.000000
3236.000000
3764.000000
3764.000000
4206.000000
4292.000000
4302.000000
4318.000000
4348.000000
4716.000000
4764.000000
4806.000000
4784.000000
4778.000000
4690.000000
4556.000000
4140.000000
3724.000000
3034.000000
2982.000000
2534.000000
2294.000000
1948.000000
1960.000000
1964.000000
1982.000000
2314.000000
2356.000000
2574.000000
2878.000000
3546.000000
3902.000000
4268.000000
4770.000000
4976.000000
5088.000000
5094.000000
5332.000000
5436.000000
5460.000000
5180.000000
4286.000000
3700.000000
3602.000000
2962.000000
2450.000000
2156.000000
2116.000000
2058.000000
1954.000000
1972.000000
1946.000000
2244.000000
2342.000000
2734.000000
2876.000000
3222.000000
3552.000000
4056.000000
4268.000000
4566.000000
4720.000000
5404.000000
5300.000000
5054.000000
5204.000000
5200.000000
5134.000000
4554.000000
4382.000000
3844.000000
3762.000000
3046.000000
2704.000000
1964.000000
1878.000000
1560.000000
1414.000000
1586.000000
1746.000000
1936.000000
2234.000000
3004.000000
3138.000000
3538.000000
3914.000000
4458.000000
4408.000000
4890.000000
5178.000000
5112.000000
5316.000000
5452.000000
5150.000000
4444.000000
4342.000000
4402.000000
4244.000000
3368.000000
3310.000000
3060.000000
2694.000000
2266.000000
2306.000000
2012.000000
1734.000000
1886.000000
1916.000000
1992.000000
2262.000000
2784.000000
2920.000000
3582.000000
3600.000000
4480.000000
4542.000000
4360.000000
4562.000000
4998.000000
4910.000000
4994.000000
5036.000000
4678.000000
4648.000000
4538.000000
4226.000000
3612.000000
3530.000000
3280.000000
3020.000000
2384.000000
2286.000000
1942.000000
1934.000000
1742.000000
1778.000000
2030.000000
2272.000000
2828.000000
3086.000000
3438.000000
3958.000000
4252.000000
4420.000000
4836.000000
4958.000000
5126.000000
5174.000000
5278.000000
4982.000000
4722.000000
4642.000000
4364.000000
3666.000000
3520.000000
3350.000000
3036.000000
2600.000000
2524.000000
2522.000000
2222.000000
2022.000000
2010.000000
2002.000000
2008.000000
2168.000000
2378.000000
2446.000000
2980.000000
3348.000000
3978.000000
4208.000000
4372.000000
4684.000000
4974.000000
5116.000000
5212.000000
5100.000000
4810.000000
4830.000000
4650.000000
4282.000000
3662.000000
3562.000000
3200.000000
2918.000000
2632.000000
2504.000000
2404.000000
1976.000000
2088.000000
2018.000000
2018.000000
2050.000000
2358.000000
2520.000000
2776.000000
2902.000000
3476.000000
3710.000000
4268.000000
4366.000000
5360.000000
5222.000000
5278.000000
5346.000000
4998.000000
4972.000000
4572.000000
4186.000000
3888.000000
3560.000000
3170.000000
3188.000000
2498.000000
2480.000000
2400.000000
2116.000000
1994.000000
1990.000000
2000.000000
2106.000000
2250.000000
2340.000000
2580.000000
2864.000000
3370.000000
3438.000000
3878.000000
3998.000000
4696.000000
4768.000000
4830.000000
4488.000000
4764.000000
4514.000000
4472.000000
4586.000000
4264.000000
4230.000000
3808.000000
3060.000000
2306.000000
2264.000000
2124.000000
2296.000000
2650.000000
2630.000000
3136.000000
3588.000000
3894.000000
4202.000000
4284.000000
4094.000000
4358.000000
4296.000000
4174.000000
4370.000000
4552.000000
4516.000000
4292.000000
3990.000000
3870.000000
3744.000000
3202.000000
2846.000000
2662.000000
2582.000000
2254.000000
1828.000000
1882.000000
1814.000000
1676.000000
2102.000000
2124.000000
2478.000000
2954.000000
3702.000000
4080.000000
4144.000000
4386.000000
4502.000000
4668.000000
4916.000000
4878.000000
4740.000000
5004.000000
4996.000000
4688.000000
4410.000000
3934.000000
3750.000000
3734.000000
3300.000000
3062.000000
2686.000000
2100.000000
2238.000000
1770.000000
1904.000000
1788.000000
1906.000000
2520.000000
2412.000000
2802.000000
3494.000000
3904.000000
4204.000000
4182.000000
4248.000000
4714.000000
4672.000000
4760.000000
4868.000000
4884.000000
4868.000000
5156.000000
4816.000000
4658.000000
4548.000000
3966.000000
3674.000000
2978.000000
2854.000000
2648.000000
2076.000000
1968.000000
1804.000000
1552.000000
1844.000000
1784.000000
1922.000000
2646.000000
2760.000000
3818.000000
3852.000000
3874.000000
4634.000000
5018.000000
5100.000000
5230.000000
5322.000000
5704.000000
5866.000000
5452.000000
5240.000000
3522.000000
3466.000000
3740.000000
3510.000000
2188.000000
2374.000000
2696.000000
2104.000000
2168.000000
2108.000000
1702.000000
2256.000000
2742.000000
2676.000000
2914.000000
3278.000000
3962.000000
4174.000000
4352.000000
4350.000000
4974.000000
5052.000000
4994.000000
4930.000000
5060.000000
5084.000000
5002.000000
4234.000000
3906.000000
3520.000000
2956.000000
2768.000000
2252.000000
2176.000000
2176.000000
1956.000000
2166.000000
2170.000000
1860.000000
2652.000000
2468.000000
2582.000000
3436.000000
3632.000000
4340.000000
4330.000000
4074.000000
4862.000000
4886.000000
4838.000000
5394.000000
5686.000000
4582.000000
4654.000000
4516.000000
4178.000000
3898.000000
3792.000000
3400.000000
3524.000000
2680.000000
2870.000000
2328.000000
1488.000000
1994.000000
1592.000000
1772.000000
2276.000000
2798.000000
3060.000000
3266.000000
3654.000000
3988.000000
4346.000000
4620.000000
4642.000000
5460.000000
5552.000000
5312.000000
5460.000000
5212.000000
5002.000000
4230.000000
3862.000000
3426.000000
3192.000000
2382.000000
2264.000000
2138.000000
1960.000000
1826.000000
1886.000000
2058.000000
2162.000000
2230.000000
2246.000000
2666.000000
2628.000000
2980.000000
3290.000000
3626.000000
3760.000000
4038.000000
4026.000000
4976.000000
4876.000000
4822.000000
5382.000000
5312.000000
5400.000000
5208.000000
5020.000000
4318.000000
4228.000000
4090.000000
3584.000000
2840.000000
2784.000000
2402.000000
2168.000000
1902.000000
1952.000000
1962.000000
1808.000000
2164.000000
2152.000000
2122.000000
2426.000000
2756.000000
2802.000000
3254.000000
3534.000000
4198.000000
4598.000000
4648.000000
5034.000000
5016.000000
4998.000000
5184.000000
4610.000000
4682.000000
4576.000000
3914.000000
3798.000000
3336.000000
3096.000000
3218.000000
2434.000000
2420.000000
2362.000000
2080.000000
2098.000000
2054.000000
2156.000000
2396.000000
2510.000000
2962.000000
3144.000000
3134.000000
3344.000000
4194.000000
4532.000000
4382.000000
4508.000000
4764.000000
4622.000000
4966.000000
5214.000000
4784.000000
4918.000000
4464.000000
4194.000000
3830.000000
3380.000000
3282.000000
3130.000000
2426.000000
2422.000000
2234.000000
1910.000000
2020.000000
1942.000000
1874.000000
1848.000000
2024.000000
2048.000000
2546.000000
2740.000000
3258.000000
3382.000000
3334.000000
3760.000000
4544.000000
4394.000000
4572.000000
5306.000000
4650.000000
4750.000000
4830.000000
4334.000000
4088.000000
3820.000000
3692.000000
3650.000000
2942.000000
2990.000000
2592.000000
2356.000000
1762.000000
1836.000000
1886.000000
1748.000000
1872.000000
1898.000000
2062.000000
2412.000000
2824.000000
2886.000000
3172.000000
3588.000000
3994.000000
4062.000000
4476.000000
4550.000000
4522.000000
4548.000000
4666.000000
4386.000000
4716.000000
4594.000000
4510.000000
4526.000000
3142.000000
3264.000000
3270.000000
2208.000000
2086.000000
2032.000000
1782.000000
1954.000000
1692.000000
1812.000000
1980.000000
2186.000000
2692.000000
2788.000000
3232.000000
3494.000000
3776.000000
4020.000000
4000.000000
4726.000000
4842.000000
4582.000000
5038.000000
4702.000000
4854.000000
4830.000000
3912.000000
3488.000000
3700.000000
3404.000000
2382.000000
2824.000000
2000.000000
1940.000000
1824.000000
1792.000000
1776.000000
1740.000000
2162.000000
2156.000000
2944.000000
2916.000000
2980.000000
3752.000000
3768.000000
3718.000000
4196.000000
4160.000000
4118.000000
4418.000000
4610.000000
4620.000000
4910.000000
4778.000000
4758.000000
4758.000000
3734.000000
3618.000000
3392.000000
2564.000000
2120.000000
2078.000000
1818.000000
1702.000000
1654.000000
1652.000000
1746.000000
1928.000000
2414.000000
2524.000000
2718.000000
3278.000000
3666.000000
3890.000000
4170.000000
4546.000000
4642.000000
4554.000000
4854.000000
4788.000000
4604.000000
4424.000000
4120.000000
3848.000000
3300.000000
3190.000000
3468.000000
2982.000000
2912.000000
2876.000000
2674.000000
2846.000000
2450.000000
2644.000000
2626.000000
2246.000000
2610.000000
2532.000000
2526.000000
2632.000000
3040.000000
3122.000000
3440.000000
3326.000000
4304.000000
4324.000000
4122.000000
4454.000000
5100.000000
5124.000000
5060.000000
4954.000000
4294.000000
3532.000000
3212.000000
2456.000000
1868.000000
1836.000000
1150.000000
1178.000000
1006.000000
1144.000000
1676.000000
2654.000000
3586.000000
3678.000000
3740.000000
4258.000000
4426.000000
4658.000000
4888.000000
4942.000000
4458.000000
4126.000000
4274.000000
3114.000000
2896.000000
2612.000000
1996.000000
1732.000000
1390.000000
1222.000000
1460.000000
1460.000000
1792.000000
1790.000000
1990.000000
2540.000000
2852.000000
2956.000000
3518.000000
3430.000000
4544.000000
4566.000000
4268.000000
5290.000000
4762.000000
4612.000000
5428.000000
5308.000000
4310.000000
4714.000000
4448.000000
3526.000000
4176.000000
3870.000000
3344.000000
3520.000000
2970.000000
3080.000000
2906.000000
2348.000000
2614.000000
2408.000000
1714.000000
2258.000000
1968.000000
2298.000000
3146.000000
3256.000000
4444.000000
4358.000000
4078.000000
4782.000000
4440.000000
4468.000000
4866.000000
4668.000000
4596.000000
4716.000000
4462.000000
4362.000000
4168.000000
4222.000000
3778.000000
3882.000000
2912.000000
2698.000000
2752.000000
1984.000000
2172.000000
1866.000000
1502.000000
1810.000000
1958.000000
2032.000000
2592.000000
3038.000000
3808.000000
3974.000000
4020.000000
4244.000000
4750.000000
4650.000000
4978.000000
5508.000000
4700.000000
4716.000000
4810.000000
4460.000000
3974.000000
3966.000000
3706.000000
3368.000000
3298.000000
3110.000000
2888.000000
2448.000000
1946.000000
2038.000000
1984.000000
2046.000000
1976.000000
2752.000000
2716.000000
3694.000000
3928.000000
3912.000000
4630.000000
4644.000000
4778.000000
4798.000000
4756.000000
4324.000000
4120.000000
3900.000000
3422.000000
3470.000000
3016.000000
2792.000000
2878.000000
2608.000000
2816.000000
3108.000000
3258.000000
3748.000000
4328.000000
4380.000000
4674.000000
5028.000000
5016.000000
4866.000000
4536.000000
4752.000000
3676.000000
3632.000000
4578.000000
3142.000000
3158.000000
3028.000000
2324.000000
2348.000000
1986.000000
1866.000000
2002.000000
1994.000000
2388.000000
2430.000000
2418.000000
3226.000000
3286.000000
3342.000000
4094.000000
4338.000000
4456.000000
4436.000000
4584.000000
4904.000000
4772.000000
4868.000000
5008.000000
4618.000000
4040.000000
4042.000000
3848.000000
2844.000000
2670.000000
2504.000000
2096.000000
2038.000000
1836.000000
2048.000000
2182.000000
2076.000000
2920.000000
2914.000000
2572.000000
3480.000000
3334.000000
3592.000000
4164.000000
3842.000000
4956.000000
4950.000000
4326.000000
4628.000000
4596.000000
4426.000000
4754.000000
4286.000000
4144.000000
3942.000000
3606.000000
2964.000000
2662.000000
2526.000000
2546.000000
2108.000000
2148.000000
2156.000000
1942.000000
1956.000000
2000.000000
1964.000000
2214.000000
2714.000000
3456.000000
3480.000000
3370.000000
3958.000000
4164.000000
4540.000000
4644.000000
4712.000000
4630.000000
4708.000000
4908.000000
3884.000000
4040.000000
3928.000000
2924.000000
2826.000000
2212.000000
2112.000000
2298.000000
1852.000000
1914.000000
2014.000000
1862.000000
2018.000000
2454.000000
2512.000000
2520.000000
3364.000000
3534.000000
3598.000000
4054.000000
4262.000000
4702.000000
4832.000000
4686.000000
4390.000000
4490.000000
4396.000000
4284.000000
4020.000000
3846.000000
3864.000000
3474.000000
3254.000000
2658.000000
2690.000000
2682.000000
2228.000000
1986.000000
1836.000000
1596.000000
1706.000000
1754.000000
1876.000000
2000.000000
2406.000000
3084.000000
3228.000000
3228.000000
3848.000000
4218.000000
4220.000000
4408.000000
4366.000000
4640.000000
4490.000000
4338.000000
4538.000000
3944.000000
4100.000000
3520.000000
3484.000000
2588.000000
2544.000000
2434.000000
2132.000000
1932.000000
1932.000000
1700.000000
1794.000000
2072.000000
2158.000000
2498.000000
2896.000000
3558.000000
3636.000000
4282.000000
4288.000000
4952.000000
4920.000000
4608.000000
4350.000000
3526.000000
3496.000000
3518.000000
2754.000000
2162.000000
1932.000000
2044.000000
1732.000000
1472.000000
1640.000000
1644.000000
1814.000000
2128.000000
2322.000000
2930.000000
3204.000000
3888.000000
4078.000000
4198.000000
4154.000000
4458.000000
4456.000000
4582.000000
4538.000000
4232.000000
4178.000000
3554.000000
3434.000000
2762.000000
2728.000000
2296.000000
1982.000000
1762.000000
1768.000000
1560.000000
2168.000000
2274.000000
2418.000000
3104.000000
3508.000000
3638.000000
3658.000000
3964.000000
4158.000000
4036.000000
4062.000000
4822.000000
4210.000000
4084.000000
4086.000000
4022.000000
3514.000000
2916.000000
2998.000000
2660.000000
2196.000000
2168.000000
2090.000000
1932.000000
2220.000000
2208.000000
2352.000000
2392.000000
2554.000000
2648.000000
2948.000000
3016.000000
3054.000000
4080.000000
4198.000000
3926.000000
4100.000000
4430.000000
4296.000000
3908.000000
4242.000000
3492.000000
3486.000000
3520.000000
3142.000000
2980.000000
2924.000000
2544.000000
2636.000000
2456.000000
2378.000000
2302.000000
2220.000000
2356.000000
2342.000000
2156.000000
2318.000000
2598.000000
2564.000000
2928.000000
3038.000000
3446.000000
3444.000000
3588.000000
3788.000000
3574.000000
3582.000000
3550.000000
3318.000000
3574.000000
3556.000000
3432.000000
3476.000000
3680.000000
3642.000000
3532.000000
3152.000000
3194.000000
3104.000000
3126.000000
3314.000000
3826.000000
3674.000000
3132.000000
3282.000000
3566.000000
3400.000000
3074.000000
3076.000000
3102.000000
3116.000000
3054.000000
3298.000000
3146.000000
3146.000000
2984.000000
3012.000000
2872.000000
2896.000000
2788.000000
2786.000000
2720.000000
2702.000000
2636.000000
2694.000000
2786.000000
2772.000000
2844.000000
2800.000000
2788.000000
2766.000000
2734.000000
2764.000000
2776.000000
2750.000000
2794.000000
2790.000000
2874.000000
2762.000000
2766.000000
2792.000000
2732.000000
2760.000000
2788.000000
2776.000000
2812.000000
2788.000000
2760.000000
2776.000000
2754.000000
2790.000000
2778.000000
2746.000000
2742.000000
2742.000000
2778.000000
2810.000000
2762.000000
2764.000000
2818.000000
2772.000000
2756.000000
2798.000000
2814.000000
2796.000000
2760.000000
2688.000000
2762.000000
2808.000000
2758.000000
2764.000000
2758.000000
2760.000000
2774.000000
2760.000000
2778.000000
2752.000000
2764.000000
2776.000000
2778.000000
2764.000000
2778.000000
2812.000000
2774.000000
2762.000000
2806.000000
2770.000000
2768.000000
2808.000000
2760.000000
2748.000000
2762.000000
2768.000000
2764.000000
2776.000000
2762.000000
2772.000000
2782.000000
2762.000000
2754.000000
2764.000000
2774.000000
2764.000000
2764.000000
2758.000000
2774.000000
2764.000000
2792.000000
2792.000000
2780.000000
2762.000000
2786.000000
2802.000000
2780.000000
2786.000000
2766.000000
2774.000000
2764.000000
2696.000000
2758.000000
2796.000000
2774.000000
2772.000000
2782.000000
2754.000000
2742.000000
2752.000000
2762.000000
2782.000000
2770.000000
2780.000000
2782.000000
2800.000000
2808.000000
2752.000000
2766.000000
2776.000000
2762.000000
2792.000000
2790.000000
2786.000000
2766.000000
2758.000000
2764.000000
2768.000000
2800.000000
2766.000000
2774.000000
2772.000000
2784.000000
2778.000000
2760.000000
2810.000000
2774.000000
2762.000000
2768.000000
2774.000000
2794.000000
2768.000000
2774.000000
2760.000000
2762.000000
2792.000000
2750.000000
2766.000000
2790.000000
2782.000000
2776.000000
2760.000000
2762.000000
2808.000000
2756.000000
2758.000000
2744.000000
2778.000000
2772.000000
2734.000000
2752.000000
2760.000000
2780.000000
2764.000000
2782.000000
2776.000000
2778.000000
2788.000000
2808.000000
2750.000000
2758.000000
2778.000000
2762.000000
2772.000000
2810.000000
2788.000000
2800.000000
2766.000000
2774.000000
2790.000000
2772.000000
2780.000000
2780.000000
2764.000000
2760.000000
2786.000000
2694.000000
2800.000000
2746.000000
2778.000000
2790.000000
2780.000000
2752.000000
2788.000000
2778.000000
2772.000000
2766.000000
2810.000000
2774.000000
2776.000000
2754.000000
2768.000000
2808.000000
2762.000000
2796.000000
2788.000000
2778.000000
2772.000000
2780.000000
2778.000000
2774.000000
2782.000000
2780.000000
2782.000000
2762.000000
2766.000000
2760.000000
2750.000000
2764.000000
2774.000000
2786.000000
2766.000000
2778.000000
2764.000000
2784.000000
2762.000000
2764.000000
2786.000000
2802.000000
2798.000000
2778.000000
2770.000000
2784.000000
2770.000000
2770.000000
2802.000000
2784.000000
2770.000000
2778.000000
2802.000000
2788.000000
2780.000000
2768.000000
2778.000000
2786.000000
2770.000000
2796.000000
2806.000000
2794.000000
2778.000000
2776.000000
2808.000000
2778.000000
2766.000000
2794.000000
2752.000000
2790.000000
2772.000000
2796.000000
2804.000000
2772.000000
2798.000000
2786.000000
2786.000000
2784.000000
2774.000000
2774.000000
2780.000000
2774.000000
2776.000000
2814.000000
2790.000000
2800.000000
2788.000000
2784.000000
2804.000000
2754.000000
2778.000000
2800.000000
2796.000000
2756.000000
2780.000000
2768.000000
2784.000000
2796.000000
2802.000000
2788.000000
2794.000000
2806.000000
2810.000000
2800.000000
2788.000000
2798.000000
2786.000000
2800.000000
2808.000000
2818.000000
2788.000000
2778.000000
2814.000000
2756.000000
2764.000000
2800.000000
2784.000000
2802.000000
2788.000000
2810.000000
2792.000000
2808.000000
2778.000000
2810.000000
2806.000000
2796.000000
2776.000000
2790.000000
2784.000000
2794.000000
2776.000000
2806.000000
2806.000000
2858.000000
2780.000000
2754.000000
2808.000000
2762.000000
2794.000000
2778.000000
2804.000000
2792.000000
2776.000000
2764.000000
2810.000000
2804.000000
2786.000000
2782.000000
2778.000000
2752.000000
2810.000000
2792.000000
2786.000000
2786.000000
2784.000000
2798.000000
2766.000000
2788.000000
2792.000000
2796.000000
2812.000000
2784.000000
2798.000000
2864.000000
2810.000000
2788.000000
2786.000000
2782.000000
2798.000000
2770.000000
2824.000000
2878.000000
2782.000000
2782.000000
2816.000000
2802.000000
2824.000000
2814.000000
2814.000000
2794.000000
2770.000000
2794.000000
2802.000000
2802.000000
2788.000000
2784.000000
2804.000000
2794.000000
2790.000000
2804.000000
2800.000000
2776.000000
2768.000000
2802.000000
2802.000000
2786.000000
2758.000000
2794.000000
2802.000000
2798.000000
2800.000000
2780.000000
2782.000000
2782.000000
2810.000000
2754.000000
2812.000000
2784.000000
2810.000000
2822.000000
2802.000000
2800.000000
2792.000000
2806.000000
2814.000000
2808.000000
2800.000000
2808.000000
2798.000000
2812.000000
2818.000000
2796.000000
2812.000000
2808.000000
2780.000000
2820.000000
2804.000000
2808.000000
2780.000000
2778.000000
2808.000000
2820.000000
2768.000000
2762.000000
2866.000000
2800.000000
2806.000000
2784.000000
2804.000000
2810.000000
2796.000000
2788.000000
2780.000000
2752.000000
2798.000000
2798.000000
2782.000000
2872.000000
2762.000000
2798.000000
2794.000000
2802.000000
2808.000000
2866.000000
2816.000000
2798.000000
2790.000000
2800.000000
2780.000000
2794.000000
2868.000000
2806.000000
2808.000000
2802.000000
2796.000000
2768.000000
2790.000000
2760.000000
2764.000000
2786.000000
2812.000000
2818.000000
2798.000000
2782.000000
2800.000000
2798.000000
2792.000000
2798.000000
2780.000000
2794.000000
2794.000000
2824.000000
2814.000000
2786.000000
2870.000000
2758.000000
2814.000000
2832.000000
2806.000000
2808.000000
2792.000000
2802.000000
2812.000000
2810.000000
2802.000000
2786.000000
2806.000000
2840.000000
2812.000000
2864.000000
2808.000000
2798.000000
2822.000000
2802.000000
2808.000000
2804.000000
2800.000000
2808.000000
2802.000000
2800.000000
2766.000000
2810.000000
2786.000000
2792.000000
2762.000000
2776.000000
2804.000000
2782.000000
2774.000000
2798.000000
2790.000000
2788.000000
2796.000000
2766.000000
2776.000000
2860.000000
2804.000000
2800.000000
2790.000000
2808.000000
2806.000000
2810.000000
2846.000000
2798.000000
2780.000000
2790.000000
2812.000000
2808.000000
2798.000000
2814.000000
2784.000000
2810.000000
2814.000000
2796.000000
2784.000000
2802.000000
2778.000000
2798.000000
2786.000000
2794.000000
2802.000000
2868.000000
2792.000000
2788.000000
2808.000000
2798.000000
2808.000000
2808.000000
2814.000000
2802.000000
2794.000000
2794.000000
2814.000000
2800.000000
2800.000000
2812.000000
2820.000000
2810.000000
2812.000000
2808.000000
2800.000000
2796.000000
2780.000000
2810.000000
2876.000000
2874.000000
2806.000000
2780.000000
2808.000000
2798.000000
2816.000000
2814.000000
2780.000000
2766.000000
2782.000000
2758.000000
2790.000000
2758.000000
2808.000000
2776.000000
2776.000000
2812.000000
2762.000000
2788.000000
2794.000000
2818.000000
2780.000000
2770.000000
2796.000000
2802.000000
2814.000000
2792.000000
2802.000000
2794.000000
2812.000000
2802.000000
2808.000000
2786.000000
2780.000000
2762.000000
2788.000000
2778.000000
2802.000000
2804.000000
2776.000000
2774.000000
2826.000000
2808.000000
2812.000000
2770.000000
2800.000000
2836.000000
2812.000000
2798.000000
2804.000000
2812.000000
2764.000000
2788.000000
2800.000000
2812.000000
2812.000000
2794.000000
2764.000000
2782.000000
2810.000000
2776.000000
2826.000000
2804.000000
2762.000000
2756.000000
2804.000000
2816.000000
2796.000000
2794.000000
2802.000000
2812.000000
2808.000000
2778.000000
2800.000000
2806.000000
2798.000000
2752.000000
2798.000000
2780.000000
2800.000000
2806.000000
2776.000000
2808.000000
2768.000000
2802.000000
2812.000000
2822.000000
2806.000000
2802.000000
2798.000000
2754.000000
2806.000000
2782.000000
2800.000000
2788.000000
2764.000000
2768.000000
2790.000000
2810.000000
2798.000000
2788.000000
2786.000000
2778.000000
2800.000000
2804.000000
2786.000000
2802.000000
2780.000000
2786.000000
2812.000000
2788.000000
2782.000000
2794.000000
2802.000000
2802.000000
2788.000000
2784.000000
2782.000000
2800.000000
2794.000000
2794.000000
2790.000000
2802.000000
2782.000000
2818.000000
2808.000000
2752.000000
2756.000000
2856.000000
2812.000000
2800.000000
2820.000000
2794.000000
2808.000000
2812.000000
2760.000000
2784.000000
2810.000000
2778.000000
2764.000000
2854.000000
2802.000000
2796.000000
2788.000000
2772.000000
2776.000000
2752.000000
2806.000000
2802.000000
2878.000000
2792.000000
2812.000000
2820.000000
2786.000000
2808.000000
2804.000000
2802.000000
2818.000000
2782.000000
2872.000000
2776.000000
2776.000000
2818.000000
2818.000000
2814.000000
2796.000000
2782.000000
2796.000000
2772.000000
2796.000000
2820.000000
2832.000000
2790.000000
2786.000000
2776.000000
2808.000000
2796.000000
2804.000000
2868.000000
2800.000000
2796.000000
2756.000000
2790.000000
2792.000000
2796.000000
2806.000000
2790.000000
2788.000000
2778.000000
2806.000000
2798.000000
2808.000000
2808.000000
2790.000000
2790.000000
2770.000000
2778.000000
2774.000000
2806.000000
2800.000000
2802.000000
2798.000000
2796.000000
2806.000000
2814.000000
2808.000000
2788.000000
2784.000000
2790.000000
2794.000000
2808.000000
2808.000000
2786.000000
2780.000000
2752.000000
2780.000000
2800.000000
2794.000000
2864.000000
2792.000000
2796.000000
2766.000000
2824.000000
2788.000000
2764.000000
2798.000000
2776.000000
2778.000000
2786.000000
2786.000000
2764.000000
2786.000000
2770.000000
2812.000000
2810.000000
2806.000000
2788.000000
2742.000000
2776.000000
2792.000000
2784.000000
2802.000000
2770.000000
2782.000000
2792.000000
2774.000000
2798.000000
2804.000000
2770.000000
2780.000000
2778.000000
2810.000000
2762.000000
2794.000000
2804.000000
2854.000000
2778.000000
2776.000000
2776.000000
2788.000000
2784.000000
2804.000000
2758.000000
2858.000000
2800.000000
2798.000000
2806.000000
2774.000000
2810.000000
2814.000000
2806.000000
2764.000000
2794.000000
2782.000000
2806.000000
2788.000000
2786.000000
2786.000000
2802.000000
2800.000000
2790.000000
2752.000000
2792.000000
2788.000000
2780.000000
2796.000000
2794.000000
2806.000000
2790.000000
2814.000000
2800.000000
2790.000000
2792.000000
2784.000000
2790.000000
2768.000000
2764.000000
2786.000000
2808.000000
2726.000000
2798.000000
2808.000000
2778.000000
2798.000000
2778.000000
2776.000000
2804.000000
2780.000000
2788.000000
2764.000000
2808.000000
2808.000000
2798.000000
2782.000000
2772.000000
2780.000000
2776.000000
2808.000000
2806.000000
2802.000000
2774.000000
2764.000000
2780.000000
2782.000000
2810.000000
2810.000000
2810.000000
2782.000000
2794.000000
2802.000000
2762.000000
2768.000000
2806.000000
2804.000000
2790.000000
2790.000000
2806.000000
2804.000000
2800.000000
2774.000000
2816.000000
2776.000000
2792.000000
2802.000000
2762.000000
2788.000000
2794.000000
2870.000000
2796.000000
2796.000000
2790.000000
2788.000000
2798.000000
2748.000000
2800.000000
2806.000000
2790.000000
2812.000000
