0.000000
-2152.000000
-2140.000000
-2146.000000
-2154.000000
-2154.000000
-2146.000000
-2156.000000
-2144.000000
-2138.000000
-2138.000000
-2150.000000
-2150.000000
-2170.000000
-2156.000000
-2160.000000
-2140.000000
-2158.000000
-2146.000000
-2140.000000
-2146.000000
-2138.000000
-2142.000000
-2154.000000
-2144.000000
-2144.000000
-2134.000000
-2134.000000
-2146.000000
-2136.000000
-2158.000000
-2140.000000
-2146.000000
-2128.000000
-2142.000000
-2150.000000
-2134.000000
-2146.000000
-2150.000000
-2140.000000
-2136.000000
-2156.000000
-2150.000000
-2162.000000
-2146.000000
-2146.000000
-2132.000000
-2142.000000
-2138.000000
-2140.000000
-2148.000000
-2148.000000
-2144.000000
-2120.000000
-2150.000000
-2138.000000
-2144.000000
-2138.000000
-2146.000000
-2136.000000
-2150.000000
-2152.000000
-2152.000000
-2140.000000
-2150.000000
-2142.000000
-2182.000000
-2128.000000
-2138.000000
-2132.000000
-2140.000000
-2150.000000
-2146.000000
-2160.000000
-2150.000000
-2146.000000
-2134.000000
-2136.000000
-2142.000000
-2166.000000
-2150.000000
-2162.000000
-2148.000000
-2140.000000
-2148.000000
-2134.000000
-2138.000000
-2160.000000
-2142.000000
-2146.000000
-2142.000000
-2150.000000
-2154.000000
-2142.000000
-2160.000000
-2142.000000
-2152.000000
-2146.000000
-2150.000000
-2138.000000
-2150.000000
-2138.000000
-2144.000000
-2154.000000
-2158.000000
-2150.000000
-2132.000000
-2148.000000
-2150.000000
-2144.000000
-2154.000000
-2162.000000
-2156.000000
-2158.000000
-2148.000000
-2156.000000
-2156.000000
-2138.000000
-2162.000000
-2158.000000
-2148.000000
-2138.000000
-2140.000000
-2142.000000
-2142.000000
-2152.000000
-2158.000000
-2162.000000
-2126.000000
-2138.000000
-2154.000000
-2150.000000
-2134.000000
-2150.000000
-2156.000000
-2144.000000
-2152.000000
-2150.000000
-2148.000000
-2150.000000
-2148.000000
-2150.000000
-2148.000000
-2140.000000
-2150.000000
-2166.000000
-2146.000000
-2144.000000
-2156.000000
-2136.000000
-2138.000000
-2138.000000
-2162.000000
-2154.000000
-2128.000000
-2146.000000
-2138.000000
-2130.000000
-2158.000000
-2140.000000
-2154.000000
-2142.000000
-2158.000000
-2144.000000
-2152.000000
-2150.000000
-2146.000000
-2158.000000
-2154.000000
-2138.000000
-2144.000000
-2152.000000
-2132.000000
-2142.000000
-2154.000000
-2152.000000
-2146.000000
-2158.000000
-2156.000000
-2146.000000
-2142.000000
-2134.000000
-2130.000000
-2156.000000
-2140.000000
-2132.000000
-2142.000000
-2156.000000
-2156.000000
-2144.000000
-2144.000000
-2152.000000
-2138.000000
-2154.000000
-2146.000000
-2144.000000
-2166.000000
-2146.000000
-2134.000000
-2154.000000
-2150.000000
-2152.000000
-2130.000000
-2156.000000
-2160.000000
-2132.000000
-2152.000000
-2162.000000
-2154.000000
-2150.000000
-2152.000000
-2168.000000
-2136.000000
-2138.000000
-2136.000000
-2136.000000
-2164.000000
-2140.000000
-2144.000000
-2162.000000
-2126.000000
-2148.000000
-2138.000000
-2134.000000
-2148.000000
-2152.000000
-2154.000000
-2154.000000
-2148.000000
-2142.000000
-2148.000000
-2168.000000
-2160.000000
-2146.000000
-2140.000000
-2156.000000
-2154.000000
-2152.000000
-2146.000000
-2148.000000
-2148.000000
-2148.000000
-2146.000000
-2150.000000
-2142.000000
-2130.000000
-2146.000000
-2138.000000
-2136.000000
-2130.000000
-2142.000000
-2156.000000
-2144.000000
-2142.000000
-2154.000000
-2144.000000
-2140.000000
-2154.000000
-2144.000000
-2154.000000
-2150.000000
-2146.000000
-2126.000000
-2158.000000
-2158.000000
-2152.000000
-2146.000000
-2152.000000
-2142.000000
-2164.000000
-2130.000000
-2160.000000
-2158.000000
-2164.000000
-2142.000000
-2148.000000
-2136.000000
-2138.000000
-2142.000000
-2140.000000
-2150.000000
-2158.000000
-2160.000000
-2136.000000
-2160.000000
-2136.000000
-2144.000000
-2154.000000
-2144.000000
-2154.000000
-2152.000000
-2142.000000
-2146.000000
-2142.000000
-2146.000000
-2164.000000
-2150.000000
-2142.000000
-2148.000000
-2152.000000
-2142.000000
-2156.000000
-2148.000000
-2154.000000
-2152.000000
-2150.000000
-2146.000000
-2142.000000
-2146.000000
-2144.000000
-2154.000000
-2154.000000
-2156.000000
-2150.000000
-2142.000000
-2154.000000
-2152.000000
-2140.000000
-2150.000000
-2142.000000
-2150.000000
-2144.000000
-2158.000000
-2156.000000
-2138.000000
-2160.000000
-2138.000000
-2144.000000
-2150.000000
-2144.000000
-2140.000000
-2142.000000
-2144.000000
-2142.000000
-2154.000000
-2124.000000
-2152.000000
-2156.000000
-2150.000000
-2148.000000
-2162.000000
-2140.000000
-2138.000000
-2132.000000
-2152.000000
-2154.000000
-2144.000000
-2150.000000
-2150.000000
-2142.000000
-2154.000000
-2140.000000
-2136.000000
-2152.000000
-2142.000000
-2150.000000
-2142.000000
-2144.000000
-2146.000000
-2164.000000
-2142.000000
-2146.000000
-2154.000000
-2140.000000
-2152.000000
-2148.000000
-2150.000000
-2132.000000
-2144.000000
-2142.000000
-2152.000000
-2134.000000
-2144.000000
-2138.000000
-2154.000000
-2156.000000
-2134.000000
-2154.000000
-2146.000000
-2138.000000
-2146.000000
-2152.000000
-2154.000000
-2150.000000
-2130.000000
-2148.000000
-2158.000000
-2148.000000
-2150.000000
-2150.000000
-2150.000000
-2146.000000
-2160.000000
-2140.000000
-2154.000000
-2138.000000
-2144.000000
-2148.000000
-2158.000000
-2138.000000
-2146.000000
-2142.000000
-2154.000000
-2136.000000
-2136.000000
-2148.000000
-2142.000000
-2128.000000
-2152.000000
-2160.000000
-2156.000000
-2148.000000
-2148.000000
-2142.000000
-2148.000000
-2146.000000
-2144.000000
-2154.000000
-2148.000000
-2144.000000
-2136.000000
-2130.000000
-2148.000000
-2150.000000
-2146.000000
-2132.000000
-2140.000000
-2138.000000
-2140.000000
-2136.000000
-2140.000000
-2166.000000
-2140.000000
-2156.000000
-2160.000000
-2148.000000
-2148.000000
-2164.000000
-2158.000000
-2156.000000
-2146.000000
-2150.000000
-2156.000000
-2140.000000
-2150.000000
-2156.000000
-2144.000000
-2146.000000
-2154.000000
-2136.000000
-2146.000000
-2144.000000
-2154.000000
-2146.000000
-2166.000000
-2148.000000
-2142.000000
-2152.000000
-2154.000000
-2160.000000
-2144.000000
-2124.000000
-2154.000000
-2156.000000
-2154.000000
-2142.000000
-2148.000000
-2162.000000
-2136.000000
-2148.000000
-2154.000000
-2140.000000
-2148.000000
-2138.000000
-2160.000000
-2142.000000
-2134.000000
-2160.000000
-2140.000000
-2154.000000
-2136.000000
-2144.000000
-2154.000000
-2154.000000
-2148.000000
-2148.000000
-2134.000000
-2156.000000
-2140.000000
-2154.000000
-2150.000000
-2152.000000
-2140.000000
-2148.000000
-2136.000000
-2144.000000
-2158.000000
-2134.000000
-2140.000000
-2146.000000
-2150.000000
-2150.000000
-2150.000000
-2140.000000
-2156.000000
-2148.000000
-2144.000000
-2140.000000
-2148.000000
-2144.000000
-2144.000000
-2156.000000
-2146.000000
-2146.000000
-2148.000000
-2140.000000
-2132.000000
-2120.000000
-2140.000000
-2142.000000
-2154.000000
-2168.000000
-2148.000000
-2140.000000
-2148.000000
-2150.000000
-2154.000000
-2146.000000
-2134.000000
-2154.000000
-2132.000000
-2150.000000
-2160.000000
-2158.000000
-2134.000000
-2154.000000
-2146.000000
-2138.000000
-2156.000000
-2150.000000
-2138.000000
-2160.000000
-2138.000000
-2140.000000
-2144.000000
-2142.000000
-2152.000000
-2148.000000
-2148.000000
-2164.000000
-2154.000000
-2154.000000
-2138.000000
-2140.000000
-2146.000000
-2166.000000
-2164.000000
-2132.000000
-2146.000000
-2148.000000
-2150.000000
-2132.000000
-2154.000000
-2140.000000
-2144.000000
-2144.000000
-2156.000000
-2142.000000
-2156.000000
-2138.000000
-2150.000000
-2140.000000
-2144.000000
-2150.000000
-2158.000000
-2146.000000
-2138.000000
-2136.000000
-2138.000000
-2142.000000
-2154.000000
-2158.000000
-2148.000000
-2148.000000
-2164.000000
-2148.000000
-2144.000000
-2140.000000
-2162.000000
-2150.000000
-2146.000000
-2146.000000
-2132.000000
-2162.000000
-2150.000000
-2152.000000
-2144.000000
-2142.000000
-2142.000000
-2142.000000
-2162.000000
-2150.000000
-2146.000000
-2162.000000
-2132.000000
-2154.000000
-2150.000000
-2160.000000
-2144.000000
-2152.000000
-2136.000000
-2112.000000
-2160.000000
-2156.000000
-2156.000000
-2118.000000
-2132.000000
-2132.000000
-2140.000000
-2146.000000
-2144.000000
-2160.000000
-2140.000000
-2152.000000
-2146.000000
-2156.000000
-2140.000000
-2150.000000
-2160.000000
-2138.000000
-2156.000000
-2146.000000
-2138.000000
-2140.000000
-2140.000000
-2152.000000
-2146.000000
-2156.000000
-2154.000000
-2136.000000
-2144.000000
-2160.000000
-2146.000000
-2130.000000
-2144.000000
-2146.000000
-2146.000000
-2168.000000
-2142.000000
-2154.000000
-2150.000000
-2154.000000
-2146.000000
-2170.000000
-2140.000000
-2168.000000
-2130.000000
-2144.000000
-2152.000000
-2148.000000
-2140.000000
-2150.000000
-2152.000000
-2126.000000
-2154.000000
-2142.000000
-2136.000000
-2126.000000
-2138.000000
-2144.000000
-2148.000000
-2152.000000
-2148.000000
-2140.000000
-2150.000000
-2156.000000
-2132.000000
-2138.000000
-2140.000000
-2134.000000
-2146.000000
-2154.000000
-2150.000000
-2152.000000
-2130.000000
-2134.000000
-2148.000000
-2154.000000
-2138.000000
-2144.000000
-2148.000000
-2146.000000
-2136.000000
-2136.000000
-2136.000000
-2138.000000
-2158.000000
-2150.000000
-2144.000000
-2136.000000
-2140.000000
-2134.000000
-2150.000000
-2158.000000
-2154.000000
-2142.000000
-2148.000000
-2152.000000
-2144.000000
-2144.000000
-2144.000000
-2156.000000
-2150.000000
-2150.000000
-2138.000000
-2142.000000
-2156.000000
-2136.000000
-2148.000000
-2156.000000
-2142.000000
-2132.000000
-2144.000000
-2144.000000
-2152.000000
-2154.000000
-2154.000000
-2142.000000
-2152.000000
-2136.000000
-2156.000000
-2158.000000
-2146.000000
-2138.000000
-2152.000000
-2136.000000
-2150.000000
-2146.000000
-2138.000000
-2138.000000
-2136.000000
-2122.000000
-2140.000000
-2140.000000
-2134.000000
-2160.000000
-2158.000000
-2134.000000
-2138.000000
-2142.000000
-2160.000000
-2146.000000
-2142.000000
-2154.000000
-2156.000000
-2158.000000
-2142.000000
-2150.000000
-2156.000000
-2154.000000
-2132.000000
-2150.000000
-2138.000000
-2136.000000
-2160.000000
-2140.000000
-2156.000000
-2156.000000
-2166.000000
-2154.000000
-2156.000000
-2156.000000
-2162.000000
-2148.000000
-2158.000000
-2144.000000
-2154.000000
-2138.000000
-2140.000000
-2140.000000
-2156.000000
-2146.000000
-2162.000000
-2140.000000
-2132.000000
-2146.000000
-2148.000000
-2154.000000
-2158.000000
-2146.000000
-2138.000000
-2120.000000
-2140.000000
-2146.000000
-2154.000000
-2146.000000
-2128.000000
-2168.000000
-2146.000000
-2138.000000
-2116.000000
-2142.000000
-2140.000000
-2142.000000
-2118.000000
-2136.000000
-2148.000000
-2144.000000
-2144.000000
-2142.000000
-2154.000000
-2160.000000
-2108.000000
-2134.000000
-2148.000000
-2150.000000
-2146.000000
-2132.000000
-2170.000000
-2144.000000
-2142.000000
-2148.000000
-2148.000000
-2132.000000
-2152.000000
-2162.000000
-2146.000000
-2140.000000
-2152.000000
-2140.000000
-2142.000000
-2146.000000
-2144.000000
-2158.000000
-2120.000000
-2132.000000
-2160.000000
-2144.000000
-2152.000000
-2138.000000
-2138.000000
-2142.000000
-2166.000000
-2150.000000
-2154.000000
-2136.000000
-2144.000000
-2134.000000
-2142.000000
-2130.000000
-2156.000000
-2134.000000
-2134.000000
-2164.000000
-2156.000000
-2148.000000
-2138.000000
-2146.000000
-2148.000000
-2144.000000
-2150.000000
-2162.000000
-2154.000000
-2136.000000
-2148.000000
-2144.000000
-2134.000000
-2146.000000
-2126.000000
-2138.000000
-2132.000000
-2126.000000
-2134.000000
-2154.000000
-2160.000000
-2168.000000
-2162.000000
-2148.000000
-2126.000000
-2142.000000
-2124.000000
-2116.000000
-2120.000000
-2136.000000
-2142.000000
-2130.000000
-2158.000000
-2134.000000
-2146.000000
-2138.000000
-2132.000000
-2144.000000
-2140.000000
-2120.000000
-2132.000000
-2134.000000
-2142.000000
-2142.000000
-2138.000000
-2100.000000
-2138.000000
-2144.000000
-2148.000000
-2130.000000
-2120.000000
-2126.000000
-2140.000000
-2134.000000
-2140.000000
-2130.000000
-2126.000000
-2132.000000
-2140.000000
-2130.000000
-2138.000000
-2134.000000
-2128.000000
-2136.000000
-2106.000000
-2120.000000
-2116.000000
-2130.000000
-2124.000000
-2136.000000
-2132.000000
-2122.000000
-2134.000000
-2158.000000
-2112.000000
-2106.000000
-2132.000000
-2120.000000
-2144.000000
-2140.000000
-2140.000000
-2128.000000
-2140.000000
-2130.000000
-2134.000000
-2132.000000
-2124.000000
-2136.000000
-2122.000000
-2146.000000
-2136.000000
-2132.000000
-2120.000000
-2136.000000
-2132.000000
-2128.000000
-2120.000000
-2134.000000
-2124.000000
-2134.000000
-2114.000000
-2152.000000
-2130.000000
-2122.000000
-2106.000000
-2124.000000
-2136.000000
-2130.000000
-2134.000000
-2124.000000
-2122.000000
-2126.000000
-2122.000000
-2138.000000
-2126.000000
-2138.000000
-2134.000000
-2130.000000
-2126.000000
-2116.000000
-2150.000000
-2142.000000
-2146.000000
-2132.000000
-2120.000000
-2132.000000
-2144.000000
-2126.000000
-2124.000000
-2120.000000
-2128.000000
-2126.000000
-2138.000000
-2142.000000
-2112.000000
-2128.000000
-2136.000000
-2138.000000
-2130.000000
-2134.000000
-2130.000000
-2134.000000
-2112.000000
-2120.000000
-2132.000000
-2128.000000
-2122.000000
-2130.000000
-2126.000000
-2140.000000
-2126.000000
-2134.000000
-2110.000000
-2130.000000
-2132.000000
-2138.000000
-2128.000000
-2144.000000
-2134.000000
-2118.000000
-2136.000000
-2122.000000
-2136.000000
-2140.000000
-2140.000000
-2128.000000
-2136.000000
-2134.000000
-2116.000000
-2112.000000
-2128.000000
-2120.000000
-2120.000000
-2130.000000
-2138.000000
-2114.000000
-2128.000000
-2130.000000
-2126.000000
-2130.000000
-2106.000000
-2130.000000
-2146.000000
-2128.000000
-2114.000000
-2134.000000
-2126.000000
-2136.000000
-2124.000000
-2126.000000
-2116.000000
-2122.000000
-2116.000000
-2134.000000
-2124.000000
-2124.000000
-2134.000000
-2104.000000
-2128.000000
-2108.000000
-2118.000000
-2134.000000
-2128.000000
-2122.000000
-2120.000000
-2132.000000
-2130.000000
-2138.000000
-2118.000000
-2136.000000
-2146.000000
-2152.000000
-2126.000000
-2120.000000
-2142.000000
-2134.000000
-2116.000000
-2120.000000
-2104.000000
-2128.000000
-2122.000000
-2150.000000
-2122.000000
-2124.000000
-2120.000000
-2124.000000
-2112.000000
-2116.000000
-2128.000000
-2114.000000
-2140.000000
-2132.000000
-2116.000000
-2120.000000
-2136.000000
-2138.000000
-2140.000000
-2138.000000
-2120.000000
-2114.000000
-2136.000000
-2130.000000
-2114.000000
-2108.000000
-2120.000000
-2142.000000
-2120.000000
-2146.000000
-2132.000000
-2122.000000
-2128.000000
-2146.000000
-2126.000000
-2132.000000
-2126.000000
-2128.000000
-2132.000000
-2118.000000
-2128.000000
-2130.000000
-2116.000000
-2116.000000
-2138.000000
-2150.000000
-2146.000000
-2108.000000
-2132.000000
-2126.000000
-2140.000000
-2138.000000
-2112.000000
-2124.000000
-2144.000000
-2142.000000
-2126.000000
-2116.000000
-2128.000000
-2136.000000
-2126.000000
-2138.000000
-2116.000000
-2134.000000
-2122.000000
-2138.000000
-2132.000000
-2114.000000
-2130.000000
-2124.000000
-2122.000000
-2128.000000
-2140.000000
-2120.000000
-2134.000000
-2106.000000
-2136.000000
-2112.000000
-2132.000000
-2124.000000
-2132.000000
-2126.000000
-2138.000000
-2124.000000
-2142.000000
-2132.000000
-2136.000000
-2124.000000
-2120.000000
-2128.000000
-2130.000000
-2124.000000
-2116.000000
-2132.000000
-2132.000000
-2142.000000
-2102.000000
-2122.000000
-2138.000000
-2134.000000
-2118.000000
-2136.000000
-2116.000000
-2130.000000
-2136.000000
-2142.000000
-2126.000000
-2130.000000
-2130.000000
-2112.000000
-2128.000000
-2134.000000
-2120.000000
-2142.000000
-2120.000000
-2132.000000
-2138.000000
-2124.000000
-2132.000000
-2122.000000
-2130.000000
-2130.000000
-2136.000000
-2128.000000
-2140.000000
-2138.000000
-2126.000000
-2116.000000
-2126.000000
-2138.000000
-2144.000000
-2138.000000
-2110.000000
-2134.000000
-2120.000000
-2128.000000
-2136.000000
-2136.000000
-2130.000000
-2126.000000
-2138.000000
-2140.000000
-2122.000000
-2124.000000
-2132.000000
-2124.000000
-2136.000000
-2136.000000
-2124.000000
-2120.000000
-2126.000000
-2138.000000
-2114.000000
-2114.000000
-2132.000000
-2138.000000
-2116.000000
-2126.000000
-2124.000000
-2128.000000
-2130.000000
-2128.000000
-2130.000000
-2138.000000
-2128.000000
-2120.000000
-2132.000000
-2118.000000
-2122.000000
-2126.000000
-2126.000000
-2138.000000
-2134.000000
-2110.000000
-2122.000000
-2128.000000
-2130.000000
-2126.000000
-2130.000000
-2132.000000
-2112.000000
-2140.000000
-2124.000000
-2134.000000
-2128.000000
-2130.000000
-2132.000000
-2114.000000
-2134.000000
-2134.000000
-2122.000000
-2118.000000
-2144.000000
-2142.000000
-2130.000000
-2120.000000
-2120.000000
-2126.000000
-2150.000000
-2138.000000
-2120.000000
-2122.000000
-2136.000000
-2128.000000
-2124.000000
-2128.000000
-2124.000000
-2132.000000
-2114.000000
-2130.000000
-2136.000000
-2122.000000
-2132.000000
-2136.000000
-2136.000000
-2122.000000
-2130.000000
-2134.000000
-2118.000000
-2140.000000
-2142.000000
-2148.000000
-2126.000000
-2112.000000
-2118.000000
-2124.000000
-2144.000000
-2136.000000
-2132.000000
-2134.000000
-2130.000000
-2124.000000
-2128.000000
-2106.000000
-2126.000000
-2148.000000
-2134.000000
-2136.000000
-2130.000000
-2128.000000
-2126.000000
-2128.000000
-2134.000000
-2142.000000
-2134.000000
-2132.000000
-2116.000000
-2130.000000
-2130.000000
-2114.000000
-2128.000000
-2120.000000
-2146.000000
-2126.000000
-2130.000000
-2118.000000
-2118.000000
-2116.000000
-2112.000000
-2110.000000
-2140.000000
-2140.000000
-2144.000000
-2136.000000
-2118.000000
-2110.000000
-2130.000000
-2140.000000
-2122.000000
-2116.000000
-2134.000000
-2102.000000
-2140.000000
-2128.000000
-2108.000000
-2140.000000
-2124.000000
-2120.000000
-2120.000000
-2110.000000
-2124.000000
-2110.000000
-2124.000000
-2150.000000
-2140.000000
-2142.000000
-2126.000000
-2130.000000
-2114.000000
-2108.000000
-2124.000000
-2130.000000
-2132.000000
-2122.000000
-2134.000000
-2136.000000
-2116.000000
-2126.000000
-2120.000000
-2102.000000
-2132.000000
-2128.000000
-2140.000000
-2134.000000
-2118.000000
-2110.000000
-2142.000000
-2110.000000
-2122.000000
-2130.000000
-2138.000000
-2126.000000
-2128.000000
-2110.000000
-2122.000000
-2120.000000
-2118.000000
-2126.000000
-2118.000000
-2142.000000
-2120.000000
-2112.000000
-2124.000000
-2126.000000
-2118.000000
-2132.000000
-2138.000000
-2102.000000
-2114.000000
-2112.000000
-2120.000000
-2142.000000
-2124.000000
-2134.000000
-2116.000000
-2104.000000
-2122.000000
-2122.000000
-2134.000000
-2112.000000
-2132.000000
-2144.000000
-2118.000000
-2114.000000
-2126.000000
-2120.000000
-2138.000000
-2118.000000
-2124.000000
-2136.000000
-2096.000000
-2120.000000
-2116.000000
-2124.000000
-2134.000000
-2106.000000
-2128.000000
-2116.000000
-2118.000000
-2116.000000
-2100.000000
-2114.000000
-2120.000000
-2116.000000
-2112.000000
-2114.000000
-2112.000000
-2106.000000
-2106.000000
-2114.000000
-2132.000000
-2122.000000
-2126.000000
-2120.000000
-2122.000000
-2116.000000
-2104.000000
-2112.000000
-2134.000000
-2134.000000
-2114.000000
-2114.000000
-2120.000000
-2118.000000
-2108.000000
-2116.000000
-2128.000000
-2130.000000
-2110.000000
-2108.000000
-2116.000000
-2110.000000
-2118.000000
-2128.000000
-2142.000000
-2140.000000
-2102.000000
-2102.000000
-2102.000000
-2120.000000
-2126.000000
-2128.000000
-2110.000000
-2122.000000
-2130.000000
-2122.000000
-2116.000000
-2096.000000
-2124.000000
-2116.000000
-2118.000000
-2118.000000
-2122.000000
-2130.000000
-2124.000000
-2128.000000
-2112.000000
-2128.000000
-2112.000000
-2122.000000
-2116.000000
-2102.000000
-2112.000000
-2100.000000
-2112.000000
-2118.000000
-2116.000000
-2124.000000
-2100.000000
-2122.000000
-2108.000000
-2122.000000
-2118.000000
-2106.000000
-2128.000000
-2108.000000
-2116.000000
-2124.000000
-2104.000000
-2112.000000
-2130.000000
-2096.000000
-2112.000000
-2114.000000
-2106.000000
-2112.000000
-2100.000000
-2122.000000
-2124.000000
-2124.000000
-2118.000000
-2106.000000
-2112.000000
-2110.000000
-2106.000000
-2114.000000
-2106.000000
-2098.000000
-2094.000000
-2094.000000
-2096.000000
-2084.000000
-2112.000000
-2126.000000
-2114.000000
-2110.000000
-2116.000000
-2092.000000
-2098.000000
-2108.000000
-2112.000000
-2124.000000
-2116.000000
-2120.000000
-2106.000000
-2136.000000
-2120.000000
-2106.000000
-2124.000000
-2110.000000
-2116.000000
-2120.000000
-2118.000000
-2132.000000
-2102.000000
-2110.000000
-2132.000000
-2124.000000
-2106.000000
-2112.000000
-2116.000000
-2138.000000
-2076.000000
-2130.000000
-2104.000000
-2138.000000
-2096.000000
-2106.000000
-2086.000000
-2136.000000
-2128.000000
-2116.000000
-2086.000000
-2110.000000
-2130.000000
-2116.000000
-2112.000000
-2088.000000
-2112.000000
-2112.000000
-2112.000000
-2110.000000
-2116.000000
-2130.000000
-2122.000000
-2120.000000
-2120.000000
-2114.000000
-2098.000000
-2108.000000
-2104.000000
-2104.000000
-2102.000000
-2104.000000
-2112.000000
-2118.000000
-2104.000000
-2094.000000
-2132.000000
-2118.000000
-2116.000000
-2098.000000
-2108.000000
-2106.000000
-2082.000000
-2104.000000
-2142.000000
-2122.000000
-2108.000000
-2096.000000
-2114.000000
-2120.000000
-2120.000000
-2112.000000
-2110.000000
-2126.000000
-2116.000000
-2116.000000
-2106.000000
-2084.000000
-2128.000000
-2110.000000
-2116.000000
-2108.000000
-2110.000000
-2096.000000
-2096.000000
-2112.000000
-2110.000000
-2118.000000
-2104.000000
-2110.000000
-2102.000000
-2112.000000
-2114.000000
-2128.000000
-2138.000000
-2096.000000
-2114.000000
-2118.000000
-2108.000000
-2108.000000
-2110.000000
-2110.000000
-2134.000000
-2084.000000
-2118.000000
-2110.000000
-2122.000000
-2114.000000
-2116.000000
-2110.000000
-2114.000000
-2120.000000
-2112.000000
-2118.000000
-2098.000000
-2102.000000
-2116.000000
-2118.000000
-2110.000000
-2108.000000
-2106.000000
-2112.000000
-2102.000000
-2092.000000
-2102.000000
-2114.000000
-2120.000000
-2116.000000
-2114.000000
-2120.000000
-2118.000000
-2116.000000
-2122.000000
-2102.000000
-2098.000000
-2106.000000
-2116.000000
-2120.000000
-2112.000000
-2112.000000
-2094.000000
-2100.000000
-2090.000000
-2098.000000
-2102.000000
-2106.000000
-2090.000000
-2120.000000
-2128.000000
-2114.000000
-2102.000000
-2096.000000
-2106.000000
-2116.000000
-2124.000000
-2118.000000
-2106.000000
-2110.000000
-2108.000000
-2110.000000
-2114.000000
-2110.000000
-2092.000000
-2098.000000
-2118.000000
-2124.000000
-2098.000000
-2094.000000
-2098.000000
-2116.000000
-2094.000000
-2100.000000
-2102.000000
-2116.000000
-2112.000000
-2102.000000
-2098.000000
-2114.000000
-2118.000000
-2104.000000
-2122.000000
-2102.000000
-2094.000000
-2110.000000
-2120.000000
-2104.000000
-2106.000000
-2116.000000
-2136.000000
-2098.000000
-2100.000000
-2116.000000
-2114.000000
-2096.000000
-2076.000000
-2130.000000
-2144.000000
-2108.000000
-2086.000000
-2114.000000
-2098.000000
-2112.000000
-2092.000000
-2100.000000
-2104.000000
-2114.000000
-2112.000000
-2096.000000
-2104.000000
-2108.000000
-2118.000000
-2104.000000
-2106.000000
-2112.000000
-2116.000000
-2092.000000
-2104.000000
-2106.000000
-2096.000000
-2114.000000
-2114.000000
-2118.000000
-2120.000000
-2104.000000
-2098.000000
-2106.000000
-2108.000000
-2102.000000
-2106.000000
-2118.000000
-2108.000000
-2100.000000
-2118.000000
-2122.000000
-2114.000000
-2098.000000
-2100.000000
-2102.000000
-2116.000000
-2106.000000
-2114.000000
-2094.000000
-2100.000000
-2118.000000
-2098.000000
-2108.000000
-2104.000000
-2116.000000
-2098.000000
-2096.000000
-2086.000000
-2100.000000
-2098.000000
-2112.000000
-2074.000000
-2086.000000
-2108.000000
-2104.000000
-2106.000000
-2112.000000
-2102.000000
-2130.000000
-2094.000000
-2092.000000
-2100.000000
-2090.000000
-2090.000000
-2094.000000
-2090.000000
-2090.000000
-2108.000000
-2112.000000
-2092.000000
-2102.000000
-2108.000000
-2110.000000
-2110.000000
-2092.000000
-2114.000000
-2098.000000
-2092.000000
-2108.000000
-2112.000000
-2102.000000
-2114.000000
-2082.000000
-2094.000000
-2088.000000
-2094.000000
-2098.000000
-2098.000000
-2100.000000
-2090.000000
-2092.000000
-2102.000000
-2108.000000
-2114.000000
-2100.000000
-2106.000000
-2112.000000
-2106.000000
-2116.000000
-2118.000000
-2100.000000
-2104.000000
-2112.000000
-2098.000000
-2088.000000
-2090.000000
-2108.000000
-2106.000000
-2090.000000
-2084.000000
-2088.000000
-2088.000000
-2090.000000
-2120.000000
-2112.000000
-2096.000000
-2094.000000
-2106.000000
-2114.000000
-2090.000000
-2090.000000
-2128.000000
-2116.000000
-2118.000000
-2086.000000
-2110.000000
-2110.000000
-2116.000000
-2096.000000
-2112.000000
-2112.000000
-2106.000000
-2098.000000
-2094.000000
-2072.000000
-2122.000000
-2094.000000
-2082.000000
-2092.000000
-2084.000000
-2096.000000
-2102.000000
-2106.000000
-2102.000000
-2104.000000
-2096.000000
-2096.000000
-2090.000000
-2108.000000
-2110.000000
-2104.000000
-2108.000000
-2096.000000
-2098.000000
-2086.000000
-2120.000000
-2104.000000
-2112.000000
-2104.000000
-2084.000000
-2100.000000
-2108.000000
-2108.000000
-2102.000000
-2110.000000
-2096.000000
-2112.000000
-2118.000000
-2094.000000
-2096.000000
-2088.000000
-2098.000000
-2114.000000
-2098.000000
-2116.000000
-2102.000000
-2098.000000
-2106.000000
-2112.000000
-2106.000000
-2094.000000
-2114.000000
-2082.000000
-2122.000000
-2104.000000
-2102.000000
-2102.000000
-2122.000000
-2102.000000
-2098.000000
-2088.000000
-2110.000000
-2104.000000
-2106.000000
-2112.000000
-2096.000000
-2090.000000
-2094.000000
-2092.000000
-2114.000000
-2098.000000
-2112.000000
-2112.000000
-2098.000000
-2118.000000
-2088.000000
-2104.000000
-2092.000000
-2104.000000
-2108.000000
-2106.000000
-2100.000000
-2104.000000
-2110.000000
-2110.000000
-2112.000000
-2100.000000
-2104.000000
-2096.000000
-2072.000000
-2082.000000
-2096.000000
-2132.000000
-2128.000000
-2112.000000
-2094.000000
-2100.000000
-2118.000000
-2098.000000
-2106.000000
-2110.000000
-2114.000000
-2112.000000
-2100.000000
-2094.000000
-2110.000000
-2114.000000
-2112.000000
-2104.000000
-2122.000000
-2110.000000
-2080.000000
-2100.000000
-2110.000000
-2108.000000
-2098.000000
-2102.000000
-2088.000000
-2104.000000
-2106.000000
-2102.000000
-2122.000000
-2110.000000
-2114.000000
-2114.000000
-2122.000000
-2088.000000
-2080.000000
-2092.000000
-2104.000000
-2102.000000
-2104.000000
-2108.000000
-2094.000000
-2106.000000
-2098.000000
-2110.000000
-2098.000000
-2102.000000
-2102.000000
-2116.000000
-2108.000000
-2112.000000
-2092.000000
-2090.000000
-2094.000000
-2108.000000
-2116.000000
-2104.000000
-2100.000000
-2102.000000
-2102.000000
-2112.000000
-2108.000000
-2106.000000
-2090.000000
-2092.000000
-2118.000000
-2094.000000
-2100.000000
-2090.000000
-2110.000000
-2076.000000
-2108.000000
-2114.000000
-2114.000000
-2098.000000
-2072.000000
-2110.000000
-2090.000000
-2106.000000
-2090.000000
-2106.000000
-2122.000000
-2072.000000
-2102.000000
-2094.000000
-2102.000000
-2118.000000
-2094.000000
-2082.000000
-2106.000000
-2118.000000
-2118.000000
-2100.000000
-2092.000000
-2096.000000
-2104.000000
-2098.000000
-2110.000000
-2108.000000
-2102.000000
-2092.000000
-2090.000000
-2094.000000
-2124.000000
-2108.000000
-2094.000000
-2092.000000
-2124.000000
-2112.000000
-2100.000000
-2096.000000
-2106.000000
-2100.000000
-2092.000000
-2110.000000
-2118.000000
-2104.000000
-2102.000000
-2088.000000
-2116.000000
-2108.000000
-2094.000000
-2070.000000
-2100.000000
-2124.000000
-2126.000000
-2112.000000
-2088.000000
-2074.000000
-2096.000000
-2116.000000
-2100.000000
-2108.000000
-2090.000000
-2108.000000
-2104.000000
-2106.000000
-2082.000000
-2096.000000
-2104.000000
-2102.000000
-2116.000000
-2102.000000
-2100.000000
-2104.000000
-2088.000000
-2080.000000
-2100.000000
-2106.000000
-2088.000000
-2096.000000
-2098.000000
-2106.000000
-2112.000000
-2094.000000
-2078.000000
-2090.000000
-2106.000000
-2110.000000
-2106.000000
-2106.000000
-2130.000000
-2088.000000
-2090.000000
-2074.000000
-2116.000000
-2096.000000
-2054.000000
-2072.000000
-2106.000000
-2108.000000
-2114.000000
-2110.000000
-2086.000000
-2086.000000
-2108.000000
-2106.000000
-2090.000000
-2102.000000
-2102.000000
-2104.000000
-2118.000000
-2108.000000
-2112.000000
-2110.000000
-2104.000000
-2104.000000
-2096.000000
-2112.000000
-2084.000000
-2108.000000
-2100.000000
-2102.000000
-2096.000000
-2124.000000
-2120.000000
-2104.000000
-2102.000000
-2078.000000
-2094.000000
-2120.000000
-2076.000000
-2108.000000
-2112.000000
-2114.000000
-2082.000000
-2098.000000
-2122.000000
-2116.000000
-2124.000000
-2380.000000
-2106.000000
-2096.000000
-2106.000000
-2038.000000
-2116.000000
-2118.000000
-2088.000000
-2052.000000
-2108.000000
-2106.000000
-2096.000000
-2092.000000
-2086.000000
-2090.000000
-2102.000000
-2090.000000
-2072.000000
-2068.000000
-2114.000000
-2138.000000
-2094.000000
-2114.000000
-2144.000000
-1800.000000
-2204.000000
-2322.000000
-2128.000000
-2110.000000
-2048.000000
-2060.000000
-2098.000000
-2124.000000
-2024.000000
-1996.000000
-2006.000000
-2082.000000
-2110.000000
-2056.000000
-2022.000000
-2016.000000
-2130.000000
-2086.000000
-2440.000000
-2010.000000
-1972.000000
-1986.000000
-2192.000000
-2146.000000
-1994.000000
-1990.000000
-1972.000000
-2100.000000
-2244.000000
-1982.000000
-2050.000000
-1982.000000
-1868.000000
-2054.000000
-2044.000000
-2056.000000
-2134.000000
-2138.000000
-2082.000000
-2006.000000
-2018.000000
-2046.000000
-2096.000000
-2118.000000
-1938.000000
-2102.000000
-2052.000000
-2088.000000
-2102.000000
-2080.000000
-2024.000000
-2022.000000
-2114.000000
-2108.000000
-2090.000000
-2026.000000
-2024.000000
-2042.000000
-2090.000000
-2082.000000
-2090.000000
-2064.000000
-2048.000000
-2042.000000
-2082.000000
-2078.000000
-2094.000000
-2066.000000
-2066.000000
-2056.000000
-2070.000000
-2080.000000
-2058.000000
-2054.000000
-2086.000000
-2074.000000
-2076.000000
-2058.000000
-2078.000000
-2072.000000
-2046.000000
-2052.000000
-2074.000000
-2074.000000
-2076.000000
-2050.000000
-2054.000000
-2062.000000
-2068.000000
-2064.000000
-2070.000000
-2064.000000
-2092.000000
-2048.000000
-2076.000000
-2080.000000
-2032.000000
-2060.000000
-2092.000000
-2072.000000
-2070.000000
-2064.000000
-2064.000000
-2066.000000
-2070.000000
-2064.000000
-2052.000000
-2036.000000
-2064.000000
-2060.000000
-2050.000000
-2062.000000
-2068.000000
-2068.000000
-2070.000000
-2062.000000
-2056.000000
-2062.000000
-2076.000000
-2082.000000
-2052.000000
-2054.000000
-2050.000000
-2042.000000
-2084.000000
-2060.000000
-2068.000000
-2086.000000
-2074.000000
-2090.000000
-2066.000000
-2082.000000
-2062.000000
-2054.000000
-2074.000000
-2042.000000
-2078.000000
-2066.000000
-2050.000000
-2074.000000
-2058.000000
-2062.000000
-2064.000000
-2056.000000
-2086.000000
-2082.000000
-2046.000000
-2062.000000
-2060.000000
-2088.000000
-2094.000000
-2064.000000
-2062.000000
-2066.000000
-2074.000000
-2074.000000
-2054.000000
-2070.000000
-2072.000000
-2056.000000
-2046.000000
-2060.000000
-2072.000000
-2090.000000
-2064.000000
-2060.000000
-2056.000000
-2068.000000
-2050.000000
-2048.000000
-2068.000000
-2076.000000
-2044.000000
-2064.000000
-2084.000000
-2060.000000
-2054.000000
-2070.000000
-2066.000000
-2058.000000
-2098.000000
-2084.000000
-2060.000000
-2072.000000
-2036.000000
-2086.000000
-2080.000000
-2072.000000
-2056.000000
-2048.000000
-2046.000000
-2062.000000
-2090.000000
-2062.000000
-2040.000000
-2056.000000
-2074.000000
-2076.000000
-2060.000000
-2042.000000
-2070.000000
-2090.000000
-2064.000000
-2068.000000
-2062.000000
-2064.000000
-2064.000000
-2052.000000
-2056.000000
-2064.000000
-2042.000000
-2062.000000
-2058.000000
-2068.000000
-2060.000000
-2078.000000
-2048.000000
-2052.000000
-2062.000000
-2088.000000
-2052.000000
-2058.000000
-2080.000000
-2042.000000
-2078.000000
-2076.000000
-2064.000000
-2060.000000
-2062.000000
-2056.000000
-2090.000000
-2066.000000
-2034.000000
-2034.000000
-2070.000000
-2090.000000
-2062.000000
-2070.000000
-2046.000000
-2060.000000
-2060.000000
-2056.000000
-2078.000000
-2064.000000
-2056.000000
-2058.000000
-2074.000000
-2062.000000
-2052.000000
-2046.000000
-2048.000000
-2062.000000
-2084.000000
-2050.000000
-2060.000000
-2066.000000
-2080.000000
-2080.000000
-2070.000000
-2058.000000
-2054.000000
-2068.000000
-2056.000000
-2066.000000
-2074.000000
-2052.000000
-2064.000000
-2094.000000
-2054.000000
-2054.000000
-2076.000000
-2078.000000
-2062.000000
-2078.000000
-2076.000000
-2086.000000
-2058.000000
-2062.000000
-2054.000000
-2060.000000
-2078.000000
-2052.000000
-2074.000000
-2068.000000
-2076.000000
-2052.000000
-2062.000000
-2058.000000
-2052.000000
-2088.000000
-2072.000000
-2074.000000
-2050.000000
-2074.000000
-2062.000000
-2054.000000
-2054.000000
-2048.000000
-2064.000000
-2044.000000
-2066.000000
-2074.000000
-2062.000000
-2056.000000
-2070.000000
-2062.000000
-2046.000000
-2064.000000
-2062.000000
-2080.000000
-2098.000000
-2064.000000
-2060.000000
-2062.000000
-2072.000000
-2076.000000
-2054.000000
-2056.000000
-2072.000000
-2050.000000
-2064.000000
-2076.000000
-2066.000000
-2050.000000
-2056.000000
-2078.000000
-2060.000000
-2050.000000
-2072.000000
-2070.000000
-2068.000000
-2054.000000
-2072.000000
-2050.000000
-2068.000000
-2066.000000
-2084.000000
-2066.000000
-2054.000000
-2072.000000
-2088.000000
-2070.000000
-2060.000000
-2052.000000
-2062.000000
-2076.000000
-2056.000000
-2074.000000
-2064.000000
-2058.000000
-2054.000000
-2064.000000
-2078.000000
-2058.000000
-2072.000000
-2054.000000
-2064.000000
-2068.000000
-2066.000000
-2056.000000
-2078.000000
-2062.000000
-2082.000000
-2088.000000
-2054.000000
-2068.000000
-2052.000000
-2058.000000
-2064.000000
-2070.000000
-2058.000000
-2070.000000
-2082.000000
-2066.000000
-2070.000000
-2070.000000
-2076.000000
-2090.000000
-2086.000000
-2078.000000
-2060.000000
-2054.000000
-2072.000000
-2080.000000
-2050.000000
-2072.000000
-2060.000000
-2078.000000
-2074.000000
-2070.000000
-2062.000000
-2090.000000
-2074.000000
-2042.000000
-2064.000000
-2058.000000
-2062.000000
-2064.000000
-2062.000000
-2056.000000
-2074.000000
-2068.000000
-2048.000000
-2062.000000
-2082.000000
-2066.000000
-2074.000000
-2060.000000
-2070.000000
-2068.000000
-2064.000000
-2094.000000
-2078.000000
-2056.000000
-2064.000000
-2076.000000
-2064.000000
-2062.000000
-2070.000000
-2074.000000
-2066.000000
-2058.000000
-2050.000000
-2078.000000
-2078.000000
-2068.000000
-2058.000000
-2068.000000
-2060.000000
-2072.000000
-2068.000000
-2088.000000
-2068.000000
-2082.000000
-2068.000000
-2068.000000
-2066.000000
-2054.000000
-2078.000000
-2082.000000
-2064.000000
-2060.000000
-2068.000000
-2074.000000
-2064.000000
-2056.000000
-2086.000000
-2070.000000
-2050.000000
-2088.000000
-2062.000000
-2068.000000
-2044.000000
-2062.000000
-2066.000000
-2078.000000
-2054.000000
-2052.000000
-2066.000000
-2056.000000
-2050.000000
-2046.000000
-2054.000000
-2056.000000
-2078.000000
-2070.000000
-2076.000000
-2084.000000
-2050.000000
-2064.000000
-2060.000000
-2088.000000
-2052.000000
-2058.000000
-2068.000000
-2066.000000
-2064.000000
-2086.000000
-2070.000000
-2070.000000
-2064.000000
-2054.000000
-2068.000000
-2068.000000
-2074.000000
-2074.000000
-2058.000000
-2056.000000
-2066.000000
-2066.000000
-2070.000000
-2046.000000
-2070.000000
-2064.000000
-2050.000000
-2080.000000
-2060.000000
-2070.000000
-2056.000000
-2056.000000
-2056.000000
-2070.000000
-2092.000000
-2064.000000
-2064.000000
-2068.000000
-2066.000000
-2042.000000
-2056.000000
-2066.000000
-2044.000000
-2090.000000
-2068.000000
-2040.000000
-2046.000000
-2060.000000
-2080.000000
-2078.000000
-2062.000000
-2062.000000
-2060.000000
-2058.000000
-2068.000000
-1622.000000
-2048.000000
-2054.000000
-2050.000000
-2058.000000
-2064.000000
-2050.000000
-2058.000000
-2048.000000
-2056.000000
-2082.000000
-2080.000000
-2054.000000
-2072.000000
-2070.000000
-2050.000000
-2052.000000
-2060.000000
-2062.000000
-2074.000000
-2056.000000
-2056.000000
-2046.000000
-2066.000000
-2064.000000
-2062.000000
-2058.000000
-2060.000000
-2052.000000
-2054.000000
-2050.000000
-2052.000000
-2076.000000
-2044.000000
-2046.000000
-2056.000000
-2056.000000
-2064.000000
-2056.000000
-2078.000000
-2056.000000
-2058.000000
-2072.000000
-2060.000000
-2060.000000
-2062.000000
-2048.000000
-2074.000000
-2074.000000
-2036.000000
-2060.000000
-2060.000000
-2072.000000
-2054.000000
-2072.000000
-2056.000000
-2052.000000
-2054.000000
-2056.000000
-2066.000000
-2060.000000
-2066.000000
-2062.000000
-2172.000000
-2080.000000
-2048.000000
-2060.000000
-2060.000000
-2058.000000
-2102.000000
-2070.000000
-2062.000000
-2060.000000
-2046.000000
-2046.000000
-2056.000000
-2078.000000
-2074.000000
-2064.000000
-2060.000000
-2048.000000
-2064.000000
-2074.000000
-2056.000000
-2068.000000
-2064.000000
-2064.000000
-2076.000000
-2098.000000
-2074.000000
-2070.000000
-2056.000000
-2088.000000
-2074.000000
-2068.000000
-2054.000000
-2066.000000
-2076.000000
-2072.000000
-2066.000000
-2354.000000
-2102.000000
-2088.000000
-2086.000000
-2082.000000
-2092.000000
-2030.000000
-2114.000000
-2090.000000
-2074.000000
-2082.000000
-2092.000000
-2094.000000
-2084.000000
-2080.000000
-2086.000000
-2082.000000
-2100.000000
-2092.000000
-2076.000000
-2106.000000
-2100.000000
-2094.000000
-2102.000000
-2096.000000
-2112.000000
-2102.000000
-2092.000000
-2088.000000
-2098.000000
-2086.000000
-2084.000000
-2108.000000
-2080.000000
-2076.000000
-2088.000000
-2110.000000
-2080.000000
-2074.000000
-2082.000000
-2096.000000
-2070.000000
-2094.000000
-2082.000000
-2102.000000
-2092.000000
-2108.000000
-2084.000000
-2088.000000
-2058.000000
-2070.000000
-2096.000000
-2086.000000
-2100.000000
-2100.000000
-2086.000000
-2060.000000
-2068.000000
-2094.000000
-2066.000000
-2098.000000
-2096.000000
-2098.000000
-2074.000000
-2052.000000
-2108.000000
-2090.000000
-2092.000000
-2106.000000
-2120.000000
-2086.000000
-2040.000000
-2066.000000
-2118.000000
-2120.000000
-2104.000000
-2058.000000
-2082.000000
-2100.000000
-2098.000000
-2056.000000
-2032.000000
-2036.000000
-2092.000000
-2102.000000
-2092.000000
-2082.000000
-2060.000000
-2098.000000
-2104.000000
-2108.000000
-2088.000000
-2080.000000
-2086.000000
-2076.000000
-2066.000000
-2076.000000
-2080.000000
-2078.000000
-2072.000000
-2096.000000
-2102.000000
-2098.000000
-2074.000000
-2068.000000
-2092.000000
-2110.000000
-2098.000000
-2088.000000
-2086.000000
-2096.000000
-2098.000000
-2090.000000
-2096.000000
-2102.000000
-2102.000000
-2084.000000
-2086.000000
-2084.000000
-2092.000000
-2082.000000
-2092.000000
-2098.000000
-2088.000000
-2056.000000
-2074.000000
-2094.000000
-2074.000000
-2104.000000
-2092.000000
-2094.000000
-2098.000000
-2078.000000
-2074.000000
-2084.000000
-2092.000000
-2112.000000
-2098.000000
-2090.000000
-2076.000000
-2076.000000
-2080.000000
-2094.000000
-2088.000000
-2078.000000
-2078.000000
-2088.000000
-2094.000000
-2090.000000
-2110.000000
-2090.000000
-2100.000000
-2094.000000
-2076.000000
-2084.000000
-2084.000000
-2094.000000
-2088.000000
-2114.000000
-2098.000000
-2096.000000
-2094.000000
-2080.000000
-2082.000000
-2070.000000
-2100.000000
-2092.000000
-2094.000000
-2092.000000
-2092.000000
-2082.000000
-2090.000000
-2082.000000
-2088.000000
-2082.000000
-2080.000000
-2098.000000
-2092.000000
-2094.000000
-2092.000000
-2086.000000
-2088.000000
-2080.000000
-2098.000000
-2100.000000
-2070.000000
-2092.000000
-2050.000000
-2072.000000
-2094.000000
-2098.000000
-2098.000000
-2094.000000
-2078.000000
-2092.000000
-2086.000000
-2102.000000
-2098.000000
-2110.000000
-2092.000000
-2102.000000
-2102.000000
-2096.000000
-2094.000000
-2088.000000
-2086.000000
-2092.000000
-2086.000000
-2098.000000
-2096.000000
-2096.000000
-2096.000000
-2068.000000
-2080.000000
-2070.000000
-2094.000000
-2092.000000
-2094.000000
-2092.000000
-2090.000000
-2076.000000
-2084.000000
-2082.000000
-2094.000000
-2098.000000
-2096.000000
-2100.000000
-2096.000000
-2064.000000
-2080.000000
-2084.000000
-2092.000000
-2084.000000
-2104.000000
-2092.000000
-2090.000000
-2086.000000
-2088.000000
-2100.000000
-2088.000000
-2100.000000
-2080.000000
-2114.000000
-2100.000000
-2098.000000
-2082.000000
-2102.000000
-2082.000000
-2100.000000
-2094.000000
-2088.000000
-2090.000000
-2086.000000
-2092.000000
-2108.000000
-2092.000000
-2076.000000
-2086.000000
-2092.000000
-2096.000000
-2080.000000
-2098.000000
-2122.000000
-2084.000000
-2068.000000
-2098.000000
-2068.000000
-2050.000000
-2080.000000
-2098.000000
-2100.000000
-2114.000000
-2106.000000
-2112.000000
-2094.000000
-2080.000000
-2092.000000
-2088.000000
-2096.000000
-2080.000000
-2074.000000
-2110.000000
-2092.000000
-2074.000000
-2058.000000
-2088.000000
-2100.000000
-2106.000000
-2086.000000
-2084.000000
-2098.000000
-2070.000000
-2086.000000
-2084.000000
-2094.000000
-2068.000000
-2090.000000
-2082.000000
-2092.000000
-2082.000000
-2070.000000
-2086.000000
-2094.000000
-2082.000000
-2092.000000
-2068.000000
-2086.000000
-2096.000000
-2090.000000
-2104.000000
-2096.000000
-2078.000000
-2076.000000
-2076.000000
-2088.000000
-2098.000000
-2100.000000
-2082.000000
-2096.000000
-2078.000000
-2096.000000
-2090.000000
-2086.000000
-2098.000000
-2090.000000
-2074.000000
-2068.000000
-2098.000000
-2110.000000
-2086.000000
-2092.000000
-2098.000000
-2084.000000
-2094.000000
-2092.000000
-2082.000000
-2088.000000
-2080.000000
-2080.000000
-2076.000000
-2090.000000
-2102.000000
-2102.000000
-2096.000000
-2090.000000
-2080.000000
-2090.000000
-2098.000000
-2072.000000
-2072.000000
-2088.000000
-2076.000000
-2086.000000
-2074.000000
-2080.000000
-2082.000000
-2080.000000
-2084.000000
-2098.000000
-2088.000000
-2080.000000
-2072.000000
-2082.000000
-2094.000000
-2098.000000
-2096.000000
-2090.000000
-2084.000000
-2080.000000
-2094.000000
-2072.000000
-2094.000000
-2070.000000
-2092.000000
-2078.000000
-2082.000000
-2096.000000
-2090.000000
-2098.000000
-2094.000000
-2062.000000
-2074.000000
-2090.000000
-2060.000000
-2066.000000
-2078.000000
-2090.000000
-2096.000000
-2110.000000
-2104.000000
-2118.000000
-2108.000000
-2092.000000
-2074.000000
-2086.000000
-2072.000000
-2082.000000
-2104.000000
-2088.000000
-2086.000000
-2098.000000
-2108.000000
-2082.000000
-2064.000000
-2080.000000
-2092.000000
-2078.000000
-2068.000000
-2070.000000
-2092.000000
-2102.000000
-2112.000000
-2116.000000
-2094.000000
-2072.000000
-2080.000000
-2082.000000
-2096.000000
-2086.000000
-2084.000000
-2098.000000
-2096.000000
-2102.000000
-2104.000000
-2090.000000
-2090.000000
-2086.000000
-2090.000000
-2104.000000
-2076.000000
-2072.000000
-2086.000000
-2086.000000
-2094.000000
-2092.000000
-2092.000000
-2108.000000
-2082.000000
-2106.000000
-2092.000000
-2102.000000
-2096.000000
-2102.000000
-2096.000000
-2074.000000
-2096.000000
-2100.000000
-2092.000000
-2090.000000
-2096.000000
-2094.000000
-2110.000000
-2096.000000
-2096.000000
-2104.000000
-2086.000000
-2096.000000
-2094.000000
-2092.000000
-2084.000000
-2088.000000
-2100.000000
-2088.000000
-2090.000000
-2074.000000
-2078.000000
-2078.000000
-2082.000000
-2100.000000
-2086.000000
-2090.000000
-2094.000000
-2060.000000
-2084.000000
-2086.000000
-2092.000000
-2096.000000
-2100.000000
-2112.000000
-2090.000000
-2088.000000
-2090.000000
-2108.000000
-2074.000000
-2072.000000
-2104.000000
-2092.000000
-2088.000000
-2084.000000
-2094.000000
-2086.000000
-2102.000000
-2096.000000
-2104.000000
-2094.000000
-2096.000000
-2084.000000
-2102.000000
-2104.000000
-2086.000000
-2086.000000
-2090.000000
-2098.000000
-2086.000000
-2092.000000
-2098.000000
-2098.000000
-2100.000000
-2090.000000
-2080.000000
-2058.000000
-2072.000000
-2086.000000
-2084.000000
-2108.000000
-2088.000000
-2094.000000
-2072.000000
-2090.000000
-2094.000000
-2092.000000
-2092.000000
-2096.000000
-2088.000000
-2088.000000
-2092.000000
-2068.000000
-2086.000000
-2090.000000
-2106.000000
-2068.000000
-2090.000000
-2078.000000
-2082.000000
-2092.000000
-2086.000000
-2094.000000
-2090.000000
-2096.000000
-2082.000000
-2086.000000
-2070.000000
-2070.000000
-2094.000000
-2084.000000
-2108.000000
-2096.000000
-2090.000000
-2084.000000
-2090.000000
-2092.000000
-2088.000000
-2090.000000
-2088.000000
-2056.000000
-2100.000000
-2094.000000
-2084.000000
-2074.000000
-2096.000000
-2096.000000
-2072.000000
-2110.000000
-2084.000000
-2086.000000
-2090.000000
-2080.000000
-2076.000000
-2094.000000
-2098.000000
-2090.000000
-2080.000000
-2084.000000
-2080.000000
-2072.000000
-2092.000000
-2088.000000
-2090.000000
-2092.000000
-2062.000000
-2072.000000
-2104.000000
-2094.000000
-2090.000000
-2092.000000
-2082.000000
-2086.000000
-2090.000000
-2092.000000
-2100.000000
-2102.000000
-2096.000000
-2090.000000
-2084.000000
-2084.000000
-2074.000000
-2068.000000
-2086.000000
-2082.000000
-2096.000000
-2084.000000
-2092.000000
-2098.000000
-2098.000000
-2092.000000
-2066.000000
-2068.000000
-2066.000000
-2090.000000
-2100.000000
-2076.000000
-2080.000000
-2068.000000
-2088.000000
-2092.000000
-2076.000000
-2066.000000
-2096.000000
-2086.000000
-2084.000000
-2086.000000
-2066.000000
-2100.000000
-2072.000000
-2062.000000
-2060.000000
-2082.000000
-2108.000000
-2082.000000
-2076.000000
-2078.000000
-2060.000000
-2070.000000
-2092.000000
-2104.000000
-2098.000000
-2078.000000
-2080.000000
-2086.000000
-2082.000000
-2082.000000
-2084.000000
-2068.000000
-2064.000000
-2082.000000
-2066.000000
-2090.000000
-2086.000000
-2064.000000
-2094.000000
-2086.000000
-2084.000000
-2088.000000
-2070.000000
-2080.000000
-2090.000000
-2070.000000
-2070.000000
-2060.000000
-2062.000000
-2118.000000
-2066.000000
-2092.000000
-2074.000000
-2106.000000
-2090.000000
-2088.000000
-2058.000000
-2090.000000
-2082.000000
-2068.000000
-2076.000000
-2060.000000
-2058.000000
-2076.000000
-2078.000000
-2086.000000
-2084.000000
-2088.000000
-2066.000000
-2076.000000
-2074.000000
-2098.000000
-2046.000000
-2066.000000
-2072.000000
-2072.000000
-2074.000000
-2078.000000
-2070.000000
-2088.000000
-2076.000000
-2094.000000
-2084.000000
-2054.000000
-2072.000000
-2072.000000
-2072.000000
-2082.000000
-2082.000000
-2066.000000
-2090.000000
-2060.000000
-2084.000000
-2084.000000
-2058.000000
-2072.000000
-2086.000000
-2066.000000
-2086.000000
-2072.000000
-2080.000000
-2086.000000
-2076.000000
-2072.000000
-2090.000000
-2086.000000
-2078.000000
-2068.000000
-2060.000000
-2074.000000
-2084.000000
-2096.000000
-2050.000000
-2070.000000
-2080.000000
-2074.000000
-2104.000000
-2104.000000
-2100.000000
-2082.000000
-2074.000000
-2064.000000
-2066.000000
-2068.000000
-2070.000000
-2078.000000
-2084.000000
-2074.000000
-2084.000000
-2078.000000
-2082.000000
-2086.000000
-2072.000000
-2064.000000
-2084.000000
-2082.000000
-2074.000000
-2086.000000
-2074.000000
-2086.000000
-2108.000000
-2084.000000
-2090.000000
-2086.000000
-2094.000000
-2068.000000
-2066.000000
-2078.000000
-2080.000000
-2082.000000
-2082.000000
-2070.000000
-2054.000000
-2080.000000
-2074.000000
-2086.000000
-2070.000000
-2088.000000
-2090.000000
-2076.000000
-2068.000000
-2080.000000
-2082.000000
-2088.000000
-2070.000000
-2056.000000
-2086.000000
-2100.000000
-2078.000000
-2076.000000
-2094.000000
-2086.000000
-2096.000000
-2094.000000
-2078.000000
-2092.000000
-2074.000000
-2064.000000
-2064.000000
-2086.000000
-2078.000000
-2088.000000
-2076.000000
-2068.000000
-2078.000000
-2074.000000
-2078.000000
-2092.000000
-2088.000000
-2084.000000
-2084.000000
-2086.000000
-2058.000000
-2094.000000
-2070.000000
-2066.000000
-2090.000000
-2070.000000
-2056.000000
-2098.000000
-2084.000000
-2058.000000
-2072.000000
-2066.000000
-2096.000000
-2060.000000
-2086.000000
-2084.000000
-2082.000000
-2096.000000
-2082.000000
-2064.000000
-2076.000000
-2072.000000
-2096.000000
-2074.000000
-2076.000000
-2066.000000
-2068.000000
-2080.000000
-2076.000000
-2060.000000
-2076.000000
-2080.000000
-2086.000000
-2094.000000
-2072.000000
-2096.000000
-2072.000000
-2066.000000
-2074.000000
-2094.000000
-2090.000000
-2072.000000
-2072.000000
-2078.000000
-2068.000000
-2074.000000
-2090.000000
-2066.000000
-2068.000000
-2072.000000
-2088.000000
-2092.000000
-2064.000000
-2084.000000
-2104.000000
-2094.000000
-2078.000000
-2074.000000
-2076.000000
-2082.000000
-2092.000000
-2104.000000
-2062.000000
-2066.000000
-2080.000000
-2092.000000
-2080.000000
-2082.000000
-2090.000000
-2088.000000
-2076.000000
-2076.000000
-2090.000000
-2090.000000
-2094.000000
-2074.000000
-2094.000000
-2082.000000
-2106.000000
-2080.000000
-2048.000000
-2072.000000
-2074.000000
-2094.000000
-2072.000000
-2068.000000
-2084.000000
-2098.000000
-2074.000000
-2076.000000
-2088.000000
-2102.000000
-2098.000000
-2096.000000
-2070.000000
-2092.000000
-2080.000000
-2076.000000
-2082.000000
-2088.000000
-2080.000000
-2080.000000
-2080.000000
-2100.000000
-2070.000000
-2060.000000
-2062.000000
-2056.000000
-2076.000000
-2084.000000
-2096.000000
-2076.000000
-2074.000000
-2084.000000
-2066.000000
-2044.000000
-2078.000000
-2090.000000
-2102.000000
-2086.000000
-2066.000000
-2058.000000
-2060.000000
-2080.000000
-2096.000000
-2100.000000
-2090.000000
-2098.000000
-2082.000000
-2070.000000
-2060.000000
-2068.000000
-2068.000000
-2082.000000
-2054.000000
-2054.000000
-2082.000000
-2078.000000
-2094.000000
-2106.000000
-2086.000000
-2078.000000
-2084.000000
-2084.000000
-2088.000000
-2070.000000
-2074.000000
-2078.000000
-2092.000000
-2050.000000
-2058.000000
-2074.000000
-2092.000000
-2086.000000
-2088.000000
-2074.000000
-2082.000000
-2102.000000
-2090.000000
-2100.000000
-2080.000000
-2088.000000
-2058.000000
-2070.000000
-2080.000000
-2072.000000
-2074.000000
-2074.000000
-2062.000000
-2082.000000
-2098.000000
-2098.000000
-2068.000000
-2064.000000
-2074.000000
-2062.000000
-2102.000000
-2096.000000
-2074.000000
-2076.000000
-2080.000000
-2096.000000
-2084.000000
-2086.000000
-2072.000000
-2086.000000
-2086.000000
-2074.000000
-2064.000000
-2082.000000
-2080.000000
-2082.000000
-2088.000000
-2078.000000
-2068.000000
-2066.000000
-2088.000000
-2098.000000
-2056.000000
-2086.000000
-2080.000000
-2048.000000
-2084.000000
-2104.000000
-2088.000000
-2084.000000
-2088.000000
-2076.000000
-2092.000000
-2084.000000
-2058.000000
-2076.000000
-2092.000000
-2082.000000
-2094.000000
-2064.000000
-2072.000000
-2076.000000
-2062.000000
-2068.000000
-2068.000000
-2094.000000
-2068.000000
-2066.000000
-2078.000000
-2096.000000
-2064.000000
-2080.000000
-2072.000000
-2090.000000
-2076.000000
-2080.000000
-2076.000000
-2090.000000
-2074.000000
-2090.000000
-2072.000000
-2076.000000
-2088.000000
-2086.000000
-2120.000000
-2092.000000
-2094.000000
-2088.000000
-2080.000000
-2072.000000
-2078.000000
-2074.000000
-2074.000000
-2080.000000
-2072.000000
-2070.000000
-2096.000000
-2072.000000
-2092.000000
-2078.000000
-2082.000000
-2090.000000
-2068.000000
-2092.000000
-2082.000000
-2058.000000
-2080.000000
-2086.000000
-2090.000000
-2098.000000
-2074.000000
-2056.000000
-2062.000000
-2100.000000
-2090.000000
-2096.000000
-2070.000000
-2078.000000
-2088.000000
-2056.000000
-2070.000000
-2084.000000
-2086.000000
-2070.000000
-2078.000000
-2070.000000
-2070.000000
-2088.000000
-2066.000000
-2070.000000
-2076.000000
-2076.000000
-2058.000000
-2064.000000
-2082.000000
-2082.000000
-2076.000000
-2072.000000
-2074.000000
-2078.000000
-2080.000000
-2080.000000
-2080.000000
-2092.000000
-2076.000000
-2076.000000
-2074.000000
-2074.000000
-2094.000000
-2094.000000
-2072.000000
-2068.000000
-2066.000000
-2084.000000
-2060.000000
-2066.000000
-2090.000000
-2100.000000
-2062.000000
-2084.000000
-2078.000000
-2068.000000
-2086.000000
-2078.000000
-2082.000000
-2090.000000
-2084.000000
-2080.000000
-2080.000000
-2082.000000
-2066.000000
-2092.000000
-2086.000000
-2078.000000
-2066.000000
-2090.000000
-2096.000000
-2058.000000
-2084.000000
-2058.000000
-2086.000000
-2092.000000
-2066.000000
-2078.000000
-2062.000000
-2092.000000
-2080.000000
-2080.000000
-2072.000000
-2080.000000
-2076.000000
-2064.000000
-2064.000000
-2070.000000
-2104.000000
-2082.000000
-2092.000000
-2070.000000
-2094.000000
-2090.000000
-2066.000000
-2042.000000
-2088.000000
-2104.000000
-2092.000000
-2098.000000
-2080.000000
-2080.000000
-2092.000000
-2074.000000
-2050.000000
-2064.000000
-2064.000000
-2072.000000
-2074.000000
-2090.000000
-2076.000000
-2086.000000
-2084.000000
-2074.000000
-2062.000000
-2074.000000
-2090.000000
-2076.000000
-2070.000000
-2106.000000
-2080.000000
-2082.000000
-2060.000000
-2042.000000
-2092.000000
-2082.000000
-2068.000000
-2068.000000
-2098.000000
-2068.000000
-2078.000000
-2064.000000
-2094.000000
-2080.000000
-2064.000000
-2062.000000
-2080.000000
-2080.000000
-2102.000000
-2090.000000
-2086.000000
-2104.000000
-2062.000000
-2068.000000
-2064.000000
-2092.000000
-2082.000000
-2072.000000
-2082.000000
-2058.000000
-2102.000000
-2062.000000
-2076.000000
-2066.000000
-2076.000000
-2080.000000
-2074.000000
-2092.000000
-2060.000000
-2064.000000
-2090.000000
-2078.000000
-2050.000000
-2064.000000
-2090.000000
-2096.000000
-2058.000000
-2070.000000
-2096.000000
-2078.000000
-2066.000000
-2074.000000
-2082.000000
-2060.000000
-2066.000000
-2080.000000
-2082.000000
-2056.000000
-2068.000000
-2094.000000
-2070.000000
-2072.000000
-2076.000000
-2066.000000
-2056.000000
-2068.000000
-2074.000000
-2082.000000
-2084.000000
-2080.000000
-2074.000000
-2102.000000
-2106.000000
-2084.000000
-2074.000000
-2080.000000
-2086.000000
-2062.000000
-2064.000000
-2072.000000
-2076.000000
-2062.000000
-2074.000000
-2082.000000
-2076.000000
-2070.000000
-2090.000000
-2080.000000
-2076.000000
-2088.000000
-2078.000000
-2094.000000
-2056.000000
-2070.000000
-2066.000000
-2074.000000
-2088.000000
-2064.000000
-2064.000000
-2076.000000
-2078.000000
-2064.000000
-2066.000000
-2082.000000
-2068.000000
-2072.000000
-2080.000000
-2068.000000
-2078.000000
-2066.000000
-2070.000000
-2070.000000
-2078.000000
-2084.000000
-2068.000000
-2080.000000
-2060.000000
-2060.000000
-2072.000000
-2072.000000
-2068.000000
-2068.000000
-2074.000000
-2068.000000
-2066.000000
-2072.000000
-2080.000000
-2060.000000
-2092.000000
-2078.000000
-2076.000000
-2054.000000
-2064.000000
-2074.000000
-2070.000000
-2080.000000
-2048.000000
-2042.000000
-2068.000000
-2066.000000
-2076.000000
-2082.000000
-2056.000000
-2096.000000
-2060.000000
-2058.000000
-2064.000000
-2068.000000
-2096.000000
-2090.000000
-2060.000000
-2054.000000
-2074.000000
-2082.000000
-2096.000000
-2088.000000
-2068.000000
-2046.000000
-2076.000000
-2078.000000
-2064.000000
-2056.000000
-2072.000000
-2096.000000
-2056.000000
-2068.000000
-2078.000000
-2084.000000
-2074.000000
-2080.000000
-2058.000000
-2062.000000
-2072.000000
-2078.000000
-2064.000000
-2060.000000
-2076.000000
-2060.000000
-2062.000000
-2088.000000
-2082.000000
-2074.000000
-2070.000000
-2064.000000
-2070.000000
-2082.000000
-2084.000000
-2058.000000
-2080.000000
-2074.000000
-2074.000000
-2070.000000
-2066.000000
-2088.000000
-2068.000000
-2066.000000
-2070.000000
-2062.000000
-2088.000000
-2082.000000
-2066.000000
-2066.000000
-2060.000000
-2070.000000
-2078.000000
-2076.000000
-2080.000000
-2072.000000
-2066.000000
-2068.000000
-2062.000000
-2086.000000
-2090.000000
-2080.000000
-2046.000000
-2078.000000
-2074.000000
-2080.000000
-2066.000000
-2070.000000
-2068.000000
-2088.000000
-2100.000000
-2092.000000
-2066.000000
-2054.000000
-2064.000000
-2060.000000
-2078.000000
-2068.000000
-2078.000000
-2070.000000
-2064.000000
-2090.000000
-2080.000000
-2094.000000
-2066.000000
-2082.000000
-2072.000000
-2070.000000
-2082.000000
-2076.000000
-2080.000000
-2070.000000
-2074.000000
-2064.000000
-2084.000000
-2074.000000
-2064.000000
-2104.000000
-2074.000000
-2072.000000
-2068.000000
-2060.000000
-2098.000000
-2076.000000
-2090.000000
-2068.000000
-2074.000000
-2052.000000
-2074.000000
-2072.000000
-2072.000000
-2072.000000
-2080.000000
-2084.000000
-2046.000000
-2070.000000
-2082.000000
-2092.000000
-2086.000000
-2074.000000
-2066.000000
-2086.000000
-2064.000000
-2058.000000
-2068.000000
-2076.000000
-2070.000000
-2062.000000
-2058.000000
-2044.000000
-2060.000000
-2090.000000
-2064.000000
-2072.000000
-2064.000000
-2066.000000
-2066.000000
-2078.000000
-2090.000000
-2088.000000
-2088.000000
-2090.000000
-2064.000000
-2102.000000
-2084.000000
-2094.000000
-2072.000000
-2066.000000
-2058.000000
-2060.000000
-2072.000000
-2076.000000
-2070.000000
-2082.000000
-2070.000000
-2072.000000
-2056.000000
-2058.000000
-2082.000000
-2080.000000
-2076.000000
-2072.000000
-2074.000000
-2080.000000
-2066.000000
-2054.000000
-2076.000000
-2082.000000
-2066.000000
-2072.000000
-2102.000000
-2084.000000
-2060.000000
-2072.000000
-2078.000000
-2074.000000
-2054.000000
-2060.000000
-2102.000000
-2080.000000
-2080.000000
-2090.000000
-2076.000000
-2062.000000
-2082.000000
-2088.000000
-2096.000000
-2054.000000
-2090.000000
-2086.000000
-2078.000000
-2074.000000
-2088.000000
-2066.000000
-2062.000000
-2066.000000
-2058.000000
-2076.000000
-2080.000000
-2066.000000
-2086.000000
-2082.000000
-2064.000000
-2062.000000
-2052.000000
-2062.000000
-2076.000000
-2078.000000
-2066.000000
-2054.000000
-2082.000000
-2080.000000
-2084.000000
-2082.000000
-2092.000000
-2064.000000
-2070.000000
-2078.000000
-2070.000000
-2070.000000
-2064.000000
-2064.000000
-2072.000000
-2062.000000
-2080.000000
-2070.000000
-2078.000000
-2086.000000
-2092.000000
-2070.000000
-2076.000000
-2068.000000
-2058.000000
-2058.000000
-2066.000000
-2080.000000
-2068.000000
-2092.000000
-2078.000000
-2058.000000
-2066.000000
-2070.000000
-2052.000000
-2080.000000
-2080.000000
-2080.000000
-2068.000000
-2080.000000
-2078.000000
-2074.000000
-2084.000000
-2064.000000
-2056.000000
-2080.000000
-2068.000000
-2060.000000
-2096.000000
-2092.000000
-2084.000000
-2064.000000
-2062.000000
-2054.000000
-2084.000000
-2074.000000
-2040.000000
-2054.000000
-2090.000000
-2100.000000
-2096.000000
-2048.000000
-2060.000000
-2060.000000
-2068.000000
-2082.000000
-2050.000000
-2064.000000
-2066.000000
-2064.000000
-2074.000000
-2078.000000
-2072.000000
-2058.000000
-2056.000000
-2048.000000
-2078.000000
-2072.000000
-2082.000000
-2072.000000
-2058.000000
-2044.000000
-2074.000000
-2092.000000
-2050.000000
-2050.000000
-2078.000000
-2094.000000
-2066.000000
-2066.000000
-2092.000000
-2090.000000
-2050.000000
-2060.000000
-2034.000000
-2076.000000
-2090.000000
-2084.000000
-2070.000000
-2058.000000
-2066.000000
-2086.000000
-2158.000000
-2068.000000
-2092.000000
-2094.000000
-2026.000000
-1992.000000
-2108.000000
-2128.000000
-2156.000000
-2084.000000
-2028.000000
-2018.000000
-2020.000000
-2178.000000
-2112.000000
-2110.000000
-1992.000000
-1940.000000
-2044.000000
-2068.000000
-2228.000000
-2022.000000
-1684.000000
-1978.000000
-1986.000000
-2196.000000
-2110.000000
-2084.000000
-1980.000000
-1754.000000
-2024.000000
-2076.000000
-2048.000000
-2040.000000
-1966.000000
-1934.000000
-2002.000000
-2066.000000
-2092.000000
-2064.000000
-2006.000000
-1982.000000
-2074.000000
-2112.000000
-2082.000000
-2006.000000
-1724.000000
-2036.000000
-2104.000000
-2168.000000
-2058.000000
-2036.000000
-1708.000000
-1974.000000
-2096.000000
-2082.000000
-2142.000000
-2038.000000
-1872.000000
-2024.000000
-2032.000000
-2048.000000
-2040.000000
-2024.000000
-2012.000000
-2090.000000
-2118.000000
-2092.000000
-2018.000000
-2040.000000
-1898.000000
-2020.000000
-1976.000000
-2106.000000
-2076.000000
-2112.000000
-2018.000000
-1956.000000
-2052.000000
-2066.000000
-2144.000000
-2092.000000
-2020.000000
-1996.000000
-1956.000000
-1936.000000
-2126.000000
-2310.000000
-2080.000000
-2018.000000
-2012.000000
-2020.000000
-2030.000000
-2052.000000
-2096.000000
-2100.000000
-2086.000000
-2056.000000
-2062.000000
-2048.000000
-2058.000000
-2042.000000
-2062.000000
-2066.000000
-2084.000000
-2066.000000
-2056.000000
-2054.000000
-2042.000000
-2036.000000
-2060.000000
-2040.000000
-2080.000000
-2034.000000
-1972.000000
-2124.000000
-2032.000000
-2060.000000
-2074.000000
-2060.000000
-2108.000000
-2042.000000
-2056.000000
-2058.000000
-2118.000000
-2050.000000
-2052.000000
-2056.000000
-2036.000000
-2036.000000
-2040.000000
-2052.000000
-2050.000000
-2052.000000
-2054.000000
-2062.000000
-2054.000000
-2084.000000
-2048.000000
-2050.000000
-2058.000000
-2056.000000
-2040.000000
-2050.000000
-2064.000000
-2052.000000
-2064.000000
-2054.000000
-2046.000000
-2056.000000
-2064.000000
-2072.000000
-2058.000000
-2060.000000
-2036.000000
-2056.000000
-2068.000000
-2058.000000
-2076.000000
-2068.000000
-2048.000000
-2066.000000
-2036.000000
-2046.000000
-2050.000000
-2064.000000
-2078.000000
-2054.000000
-2078.000000
-2046.000000
-2054.000000
-2054.000000
-2064.000000
-2052.000000
-2070.000000
-2068.000000
-2062.000000
-2050.000000
-2054.000000
-2054.000000
-2072.000000
-2056.000000
-2054.000000
-2070.000000
-2050.000000
-2046.000000
-2036.000000
-2064.000000
-2044.000000
-2064.000000
-2054.000000
-2062.000000
-2044.000000
-2048.000000
-2052.000000
-2050.000000
-2072.000000
-2060.000000
-2072.000000
-2064.000000
-2040.000000
-2048.000000
-2054.000000
-2084.000000
-2082.000000
-2056.000000
-2040.000000
-2050.000000
-2044.000000
-2044.000000
-2056.000000
-2092.000000
-2076.000000
-2066.000000
-2066.000000
-2052.000000
-2050.000000
-2058.000000
-2052.000000
-2054.000000
-2064.000000
-2050.000000
-2042.000000
-2036.000000
-2050.000000
-2062.000000
-2040.000000
-2058.000000
-2062.000000
-2092.000000
-2058.000000
-2028.000000
-2070.000000
-2084.000000
-2046.000000
-2046.000000
-2038.000000
-2044.000000
-2062.000000
-2064.000000
-2044.000000
-2058.000000
-2050.000000
-2064.000000
-2048.000000
-2052.000000
-2060.000000
-2046.000000
-2042.000000
-2038.000000
-2062.000000
-2050.000000
-2056.000000
-2072.000000
-2050.000000
-2060.000000
-2050.000000
-2058.000000
-2060.000000
-2064.000000
-2056.000000
-2054.000000
-2052.000000
-2042.000000
-2056.000000
-2088.000000
-2038.000000
-2042.000000
-2062.000000
-2060.000000
-2054.000000
-2066.000000
-2062.000000
-2048.000000
-2044.000000
-2056.000000
-2060.000000
-2044.000000
-2074.000000
-2064.000000
-2066.000000
-2040.000000
-2080.000000
-2072.000000
-2080.000000
-2060.000000
-2050.000000
-2066.000000
-2062.000000
-2066.000000
-2048.000000
-2036.000000
-2056.000000
-2064.000000
-2050.000000
-2058.000000
-2056.000000
-2064.000000
-2050.000000
-2058.000000
-2062.000000
-2050.000000
-2052.000000
-2062.000000
-2054.000000
-2056.000000
-2054.000000
-2050.000000
-2050.000000
-2066.000000
-2068.000000
-2058.000000
-2056.000000
-2042.000000
-2054.000000
-2066.000000
-2066.000000
-2052.000000
-2046.000000
-2050.000000
-2058.000000
-2076.000000
-2074.000000
-2048.000000
-2040.000000
-2042.000000
-2064.000000
-2064.000000
-2046.000000
-2066.000000
-2066.000000
-2058.000000
-2056.000000
-2052.000000
-2054.000000
-2050.000000
-2056.000000
-2042.000000
-2080.000000
-2058.000000
-2044.000000
-2064.000000
-2066.000000
-2056.000000
-2066.000000
-2042.000000
-2060.000000
-2078.000000
-2044.000000
-2038.000000
-2062.000000
-2064.000000
-2050.000000
-2056.000000
-2048.000000
-2068.000000
-2062.000000
-2054.000000
-2042.000000
-2054.000000
-2058.000000
-2048.000000
-2042.000000
-2062.000000
-2058.000000
-2060.000000
-2046.000000
-2054.000000
-2044.000000
-2070.000000
-2066.000000
-2056.000000
-2052.000000
-2062.000000
-2056.000000
-2048.000000
-2050.000000
-2064.000000
-2058.000000
-2048.000000
-2032.000000
-2052.000000
-2058.000000
-2058.000000
-2060.000000
-2064.000000
-2060.000000
-2058.000000
-2048.000000
-2048.000000
-2050.000000
-2042.000000
-2056.000000
-2056.000000
-2046.000000
-2036.000000
-2060.000000
-2062.000000
-2076.000000
-2048.000000
-2066.000000
-2080.000000
-2060.000000
-2054.000000
-2040.000000
-2056.000000
-2050.000000
-2066.000000
-2078.000000
-2064.000000
-2068.000000
-2062.000000
-2044.000000
-2052.000000
-2058.000000
-2060.000000
-2056.000000
-2060.000000
-2032.000000
-2036.000000
-2074.000000
-2042.000000
-2054.000000
-2034.000000
-2054.000000
-2062.000000
-2046.000000
-2066.000000
-2050.000000
-2046.000000
-2044.000000
-2064.000000
-2054.000000
-2048.000000
-2056.000000
-2072.000000
-2058.000000
-2050.000000
-2056.000000
-2062.000000
-2056.000000
-2054.000000
-2050.000000
-2054.000000
-2070.000000
-2056.000000
-2038.000000
-2046.000000
-2070.000000
-2056.000000
-2050.000000
-2048.000000
-2054.000000
-2048.000000
-2038.000000
-2066.000000
-2052.000000
-2098.000000
-2040.000000
-2048.000000
-2050.000000
-2064.000000
-2072.000000
-2060.000000
-2036.000000
-2048.000000
-2066.000000
-2046.000000
-2048.000000
-2062.000000
-2058.000000
-2062.000000
-2040.000000
-2074.000000
-2054.000000
-2050.000000
-2050.000000
-2052.000000
-2068.000000
-2064.000000
-2052.000000
-2068.000000
-2066.000000
-2052.000000
-2054.000000
-2042.000000
-2084.000000
-2090.000000
-2060.000000
-2058.000000
-2054.000000
-2050.000000
-2064.000000
-2034.000000
-2066.000000
-2066.000000
-2050.000000
-2066.000000
-2062.000000
-2060.000000
-2046.000000
-2048.000000
-2058.000000
-2062.000000
-2064.000000
-2080.000000
-2046.000000
-2076.000000
-2062.000000
-2054.000000
-2060.000000
-2058.000000
-2078.000000
-2064.000000
-2064.000000
-2064.000000
-2052.000000
-2056.000000
-2068.000000
-2058.000000
-2052.000000
-2032.000000
-2048.000000
-2064.000000
-2070.000000
-2046.000000
-2058.000000
-2060.000000
-2058.000000
-2056.000000
-2040.000000
-2050.000000
-2078.000000
-2058.000000
-2056.000000
-2042.000000
-2040.000000
-2084.000000
-2062.000000
-2046.000000
-2056.000000
-2054.000000
-2072.000000
-2062.000000
-2046.000000
-2062.000000
-2066.000000
-2058.000000
-2074.000000
-2062.000000
-2048.000000
-2050.000000
-2038.000000
-2060.000000
-2080.000000
-2064.000000
-2050.000000
-2048.000000
-2068.000000
-2066.000000
-2066.000000
-2052.000000
-2066.000000
-2058.000000
-2052.000000
-2070.000000
-2050.000000
-2056.000000
-2070.000000
-2072.000000
-2060.000000
-2034.000000
-2042.000000
-2052.000000
-2062.000000
-2058.000000
-2074.000000
-2088.000000
-2054.000000
-2066.000000
-2064.000000
-2046.000000
-2052.000000
-2060.000000
-2064.000000
-2068.000000
-2056.000000
-2048.000000
-2050.000000
-2076.000000
-2062.000000
-2072.000000
-2072.000000
-2076.000000
-2058.000000
-2048.000000
-2064.000000
-2060.000000
-2068.000000
-2040.000000
-2058.000000
-2064.000000
-2050.000000
-2048.000000
-2034.000000
-2056.000000
-2078.000000
-2068.000000
-2064.000000
-2038.000000
-2064.000000
-2042.000000
-2050.000000
-2054.000000
-2064.000000
-2060.000000
-2050.000000
-2068.000000
-2048.000000
-2036.000000
-2038.000000
-2060.000000
-2060.000000
-2064.000000
-2064.000000
-2046.000000
-2066.000000
-2048.000000
-2034.000000
-2064.000000
-2056.000000
-2064.000000
-2072.000000
-2068.000000
-2056.000000
-2058.000000
-2052.000000
-2058.000000
-2060.000000
-2044.000000
-2048.000000
-2058.000000
-2066.000000
-2046.000000
-2062.000000
-2064.000000
-2070.000000
-2044.000000
-2052.000000
-2046.000000
-2048.000000
-2066.000000
-2054.000000
-2056.000000
-2062.000000
-2064.000000
-2036.000000
-2070.000000
-2056.000000
-2042.000000
-2036.000000
-2034.000000
-2076.000000
-2110.000000
-2038.000000
-1988.000000
-2098.000000
-2100.000000
-2072.000000
-2068.000000
-2062.000000
-2044.000000
-2030.000000
-2034.000000
-2064.000000
-2060.000000
-2058.000000
-2042.000000
-2054.000000
-2052.000000
-2048.000000
-2042.000000
-2066.000000
-2054.000000
-2046.000000
-2064.000000
-2058.000000
-2056.000000
-2074.000000
-2064.000000
-2062.000000
-2068.000000
-2054.000000
-2040.000000
-2052.000000
-2080.000000
-2076.000000
-2066.000000
-2040.000000
-2048.000000
-2060.000000
-2058.000000
-2068.000000
-2062.000000
-2050.000000
-2060.000000
-2054.000000
-2056.000000
-2072.000000
-2060.000000
-2070.000000
-2060.000000
-2054.000000
-2044.000000
-2044.000000
-2050.000000
-2054.000000
-2032.000000
-2074.000000
-2060.000000
-2038.000000
-2064.000000
-2064.000000
-2066.000000
-2052.000000
-2050.000000
-2058.000000
-2034.000000
-2060.000000
-2048.000000
-2068.000000
-2054.000000
-2052.000000
-2062.000000
-2052.000000
-2060.000000
-2068.000000
-2054.000000
-2044.000000
-2074.000000
-2048.000000
-2064.000000
-2046.000000
-2050.000000
-2056.000000
-2038.000000
-2066.000000
-2064.000000
-2062.000000
-2064.000000
-2046.000000
-2060.000000
-2040.000000
-2056.000000
-2060.000000
-2068.000000
-2054.000000
-2044.000000
-2066.000000
-2054.000000
-2056.000000
-2060.000000
-2070.000000
-2056.000000
-2054.000000
-2044.000000
-2048.000000
-2062.000000
-2072.000000
-2038.000000
-2058.000000
-2054.000000
-2068.000000
-2080.000000
-2036.000000
-2052.000000
-2052.000000
-2068.000000
-2074.000000
-2070.000000
-2048.000000
-2062.000000
-2046.000000
-2030.000000
-2068.000000
-2060.000000
-2074.000000
-2114.000000
-2110.000000
-2102.000000
-2118.000000
-2114.000000
-2108.000000
-2088.000000
-2096.000000
-2118.000000
-2112.000000
-2106.000000
-2102.000000
-2106.000000
-2098.000000
-2122.000000
-2098.000000
-2106.000000
-2108.000000
-2088.000000
-2104.000000
-2102.000000
-2108.000000
-2096.000000
-2110.000000
-2096.000000
-2114.000000
-2114.000000
-2092.000000
-2096.000000
-2102.000000
-2128.000000
-2096.000000
-2116.000000
-2098.000000
-2104.000000
-2110.000000
-2100.000000
-2108.000000
-2088.000000
-2100.000000
-2108.000000
-2092.000000
-2108.000000
-2100.000000
-2108.000000
-2108.000000
-2106.000000
-2110.000000
-2096.000000
-2096.000000
-2110.000000
-2086.000000
-2090.000000
-2090.000000
-2110.000000
-2112.000000
-2108.000000
-2122.000000
-2108.000000
-2102.000000
-2108.000000
-2098.000000
-2110.000000
-2104.000000
-2102.000000
-2082.000000
-2216.000000
-2124.000000
-2150.000000
-2042.000000
-2098.000000
-2172.000000
-2142.000000
-2118.000000
-2094.000000
-2116.000000
-2106.000000
-2104.000000
-2114.000000
-2126.000000
-2126.000000
-2116.000000
-2128.000000
-2116.000000
-2110.000000
-2104.000000
-2100.000000
-2146.000000
-2138.000000
-2140.000000
-2114.000000
-2104.000000
-2116.000000
-2130.000000
-2122.000000
-2118.000000
-2128.000000
-2104.000000
-2102.000000
-2142.000000
-2132.000000
-2122.000000
-2100.000000
-2110.000000
-2132.000000
-2106.000000
-2108.000000
-2120.000000
-2124.000000
-2118.000000
-2130.000000
-2120.000000
-2118.000000
-2114.000000
-2142.000000
-2126.000000
-2118.000000
-2124.000000
-2120.000000
-2124.000000
-2114.000000
-2120.000000
-2138.000000
-2130.000000
-2112.000000
-2106.000000
-2102.000000
-2126.000000
-2102.000000
-2148.000000
-2126.000000
-2126.000000
-2116.000000
-2128.000000
-2128.000000
-2110.000000
-2122.000000
-2126.000000
-2124.000000
-2118.000000
-2108.000000
-2136.000000
-2136.000000
-2116.000000
-2106.000000
-2118.000000
-2112.000000
-2116.000000
-2112.000000
-2122.000000
-2132.000000
-2126.000000
-2128.000000
-2130.000000
-2114.000000
-2134.000000
-2142.000000
-2106.000000
-2120.000000
-2132.000000
-2112.000000
-2118.000000
-2112.000000
-2114.000000
-2118.000000
-2136.000000
-2114.000000
-2122.000000
-2116.000000
-2124.000000
-2116.000000
-2128.000000
-2122.000000
-2120.000000
-2120.000000
-2114.000000
-2122.000000
-2134.000000
-2122.000000
-2116.000000
-2126.000000
-2118.000000
-2122.000000
-2114.000000
-2126.000000
-2130.000000
-2122.000000
-2124.000000
-2100.000000
-2124.000000
-2122.000000
-2110.000000
-2116.000000
-2108.000000
-2122.000000
-2110.000000
-2122.000000
-2100.000000
-2122.000000
-2130.000000
-2116.000000
-2122.000000
-2124.000000
-2120.000000
-2102.000000
-2122.000000
-2126.000000
-2108.000000
-2130.000000
-2108.000000
-2124.000000
-2120.000000
-2114.000000
-2122.000000
-2112.000000
-2134.000000
-2126.000000
-2116.000000
-2124.000000
-2110.000000
-2116.000000
-2132.000000
-2126.000000
-2118.000000
-2116.000000
-2126.000000
-2122.000000
-2112.000000
-2122.000000
-2108.000000
-2118.000000
-2122.000000
-2116.000000
-2124.000000
-2108.000000
-2122.000000
-2120.000000
-2118.000000
-2122.000000
-2110.000000
-2102.000000
-2122.000000
-2122.000000
-2102.000000
-2126.000000
-2108.000000
-2130.000000
-2118.000000
-2134.000000
-2124.000000
-2126.000000
-2116.000000
-2126.000000
-2120.000000
-2100.000000
-2140.000000
-2142.000000
-2118.000000
-2100.000000
-2120.000000
-2130.000000
-2130.000000
-2106.000000
-2120.000000
-2114.000000
-2116.000000
-2128.000000
-2126.000000
-2118.000000
-2116.000000
-2114.000000
-2114.000000
-2146.000000
-2118.000000
-2142.000000
-2124.000000
-2130.000000
-2120.000000
-2124.000000
-2118.000000
-2128.000000
-2110.000000
-2126.000000
-2122.000000
-2112.000000
-2122.000000
-2130.000000
-2108.000000
-2114.000000
-2118.000000
-2140.000000
-2126.000000
-2114.000000
-2128.000000
-2120.000000
-2124.000000
-2130.000000
-2120.000000
-2136.000000
-2134.000000
-2034.000000
-2106.000000
-2130.000000
-2200.000000
-2212.000000
-2116.000000
-2052.000000
-2098.000000
-2116.000000
-2182.000000
-2152.000000
-2080.000000
-2090.000000
-2068.000000
-2164.000000
-2156.000000
-2150.000000
-2092.000000
-2108.000000
-2168.000000
-2188.000000
-2120.000000
-2096.000000
-2084.000000
-2082.000000
-2122.000000
-2152.000000
-2146.000000
-2136.000000
-2110.000000
-2136.000000
-2118.000000
-2116.000000
-2100.000000
-2130.000000
-2130.000000
-2118.000000
-2140.000000
-2136.000000
-2108.000000
-2102.000000
-2130.000000
-2134.000000
-2134.000000
-2132.000000
-2126.000000
-2124.000000
-2130.000000
-2128.000000
-2124.000000
-2126.000000
-2132.000000
-2118.000000
-2140.000000
-2132.000000
-2112.000000
-2120.000000
-2120.000000
-2132.000000
-2124.000000
-2134.000000
-2120.000000
-2122.000000
-2132.000000
-2124.000000
-2134.000000
-2114.000000
-2132.000000
-2132.000000
-2140.000000
-2114.000000
-2108.000000
-2122.000000
-2118.000000
-2144.000000
-2134.000000
-2134.000000
-2118.000000
-2126.000000
-2130.000000
-2124.000000
-2132.000000
-2124.000000
-2136.000000
-2138.000000
-2122.000000
-2120.000000
-2110.000000
-2114.000000
-2118.000000
-2140.000000
-2136.000000
-2138.000000
-2140.000000
-2116.000000
-2122.000000
-2132.000000
-2130.000000
-2128.000000
-2120.000000
-2120.000000
-2116.000000
-2128.000000
-2124.000000
-2130.000000
-2124.000000
-2144.000000
-2126.000000
-2128.000000
-2112.000000
-2112.000000
-2126.000000
-2130.000000
-2124.000000
-2128.000000
-2112.000000
-2118.000000
-2128.000000
-2140.000000
-2108.000000
-2122.000000
-2122.000000
-2140.000000
-2112.000000
-2122.000000
-2130.000000
-2118.000000
-2142.000000
-2120.000000
-2106.000000
-2122.000000
-2132.000000
-2124.000000
-2124.000000
-2128.000000
-2120.000000
-2112.000000
-2122.000000
-2124.000000
-2142.000000
-2120.000000
-2116.000000
-2124.000000
-2134.000000
-2120.000000
-2122.000000
-2132.000000
-2134.000000
-2126.000000
-2116.000000
-2106.000000
-2122.000000
-2116.000000
-2122.000000
-2136.000000
-2130.000000
-2118.000000
-2132.000000
-2130.000000
-2146.000000
-2126.000000
-2124.000000
-2116.000000
-2124.000000
-2128.000000
-2122.000000
-2130.000000
-2126.000000
-2118.000000
-2130.000000
-2134.000000
-2110.000000
-2130.000000
-2134.000000
-2142.000000
-2128.000000
-2132.000000
-2138.000000
-2116.000000
-2124.000000
-2118.000000
-2130.000000
-2136.000000
-2138.000000
-2148.000000
-2140.000000
-2126.000000
-2116.000000
-2122.000000
-2128.000000
-2144.000000
-2128.000000
-2108.000000
-2114.000000
-2128.000000
-2126.000000
-2148.000000
-2132.000000
-2130.000000
-2128.000000
-2126.000000
-2112.000000
-2124.000000
-2146.000000
-2156.000000
-2140.000000
-2126.000000
-2116.000000
-2138.000000
-2150.000000
-2144.000000
-2142.000000
-2154.000000
-2140.000000
-2122.000000
-2116.000000
-2120.000000
-2136.000000
-2148.000000
-2104.000000
-2164.000000
-2124.000000
-2130.000000
-2128.000000
-2122.000000
-2124.000000
-2132.000000
-2130.000000
-2148.000000
-2136.000000
-2126.000000
-2130.000000
-2132.000000
-2130.000000
-2132.000000
-2132.000000
-2132.000000
-2136.000000
-2136.000000
-2114.000000
-2130.000000
-2128.000000
-2128.000000
-2126.000000
-2124.000000
-2136.000000
-2148.000000
-2140.000000
-2128.000000
-2130.000000
-2136.000000
-2130.000000
-2134.000000
-2144.000000
-2138.000000
-2134.000000
-2134.000000
-2128.000000
-2140.000000
-2132.000000
-2148.000000
-2136.000000
-2136.000000
-2148.000000
-2124.000000
-2132.000000
-2112.000000
-2130.000000
-2126.000000
-2140.000000
-2142.000000
-2142.000000
-2142.000000
-2136.000000
-2128.000000
-2128.000000
-2132.000000
-2122.000000
-2118.000000
-2106.000000
-2122.000000
-2124.000000
-2132.000000
-2138.000000
-2128.000000
-2142.000000
-2148.000000
-2140.000000
-2126.000000
-2126.000000
-2138.000000
-2118.000000
-2150.000000
-2128.000000
-2098.000000
-2106.000000
-2126.000000
-2164.000000
-2186.000000
-2146.000000
-2146.000000
-2130.000000
-2128.000000
-2138.000000
-2140.000000
-2134.000000
-2134.000000
-2138.000000
-2148.000000
-2140.000000
-2138.000000
-2136.000000
-2142.000000
-2130.000000
-2154.000000
-2450.000000
-1970.000000
-2100.000000
-2148.000000
-2184.000000
-2206.000000
-1914.000000
-2126.000000
-2088.000000
-2076.000000
-2122.000000
-2168.000000
-2170.000000
-2164.000000
-2148.000000
-2138.000000
-2112.000000
-2088.000000
-2132.000000
-2136.000000
-2160.000000
-2172.000000
-2150.000000
-2128.000000
-2152.000000
-2132.000000
-2142.000000
-2086.000000
-2174.000000
-2154.000000
-2110.000000
-2090.000000
-2138.000000
-2146.000000
-2178.000000
-2470.000000
-2116.000000
-2118.000000
-2138.000000
-2178.000000
-2096.000000
-2088.000000
-2106.000000
-2146.000000
-2130.000000
-2106.000000
-2104.000000
-2118.000000
-2164.000000
-2132.000000
-2098.000000
-2076.000000
-2168.000000
-2190.000000
-2190.000000
-2118.000000
-2100.000000
-2094.000000
-2148.000000
-2164.000000
-2082.000000
-2230.000000
-2202.000000
-2132.000000
-2096.000000
-2090.000000
-2122.000000
-2132.000000
-2176.000000
-2168.000000
-2142.000000
-2116.000000
-2136.000000
-2128.000000
-2110.000000
-2124.000000
-2152.000000
-2138.000000
-2158.000000
-2142.000000
-2138.000000
-2136.000000
-2150.000000
-2154.000000
-2126.000000
-2112.000000
-2136.000000
-2136.000000
-2150.000000
-2134.000000
-2148.000000
-2148.000000
-2158.000000
-2150.000000
-2118.000000
-2124.000000
-2128.000000
-2140.000000
-2146.000000
-2150.000000
-2142.000000
-2144.000000
-2148.000000
-1940.000000
-2142.000000
-2168.000000
-2142.000000
-2124.000000
-2118.000000
-2138.000000
-2146.000000
-2124.000000
-2162.000000
-2158.000000
-2154.000000
-2142.000000
-2114.000000
-2254.000000
-2132.000000
-2150.000000
-2150.000000
-2162.000000
-2158.000000
-2158.000000
-2154.000000
-1962.000000
-2128.000000
-2166.000000
-2158.000000
-2160.000000
-2176.000000
-2190.000000
-2158.000000
-2168.000000
-2142.000000
-2148.000000
-2158.000000
-2166.000000
-2160.000000
-2152.000000
-2162.000000
-2162.000000
-2150.000000
-2154.000000
-2154.000000
-2156.000000
-2156.000000
-2148.000000
-2162.000000
-2170.000000
-2176.000000
-2158.000000
-2154.000000
-2146.000000
-2168.000000
-2124.000000
-2158.000000
-2148.000000
-2168.000000
-2166.000000
-2156.000000
-2150.000000
-2160.000000
-2146.000000
-2162.000000
-2158.000000
-2146.000000
-2170.000000
-2144.000000
-2144.000000
-2148.000000
-2160.000000
-2148.000000
-2160.000000
-2134.000000
-2162.000000
-2140.000000
-2154.000000
-2160.000000
-2154.000000
-2142.000000
-2132.000000
-2140.000000
-2142.000000
-2142.000000
-2138.000000
-2122.000000
-2140.000000
-2166.000000
-2176.000000
-2152.000000
-2152.000000
-2150.000000
-2122.000000
-2146.000000
-2140.000000
-2132.000000
-2136.000000
-2144.000000
-2156.000000
-2152.000000
-2154.000000
-2158.000000
-2144.000000
-2130.000000
-2136.000000
-2144.000000
-2142.000000
-2158.000000
-2134.000000
-2156.000000
-2136.000000
-2142.000000
-2134.000000
-2144.000000
-2158.000000
