0.000000
-98.000000
-88.000000
-106.000000
-114.000000
-102.000000
-120.000000
-90.000000
-84.000000
-88.000000
-88.000000
-100.000000
-88.000000
-90.000000
-100.000000
-80.000000
-86.000000
-86.000000
-108.000000
-96.000000
-92.000000
-82.000000
-94.000000
-90.000000
-96.000000
-84.000000
-106.000000
-96.000000
-84.000000
-84.000000
-86.000000
-96.000000
-106.000000
-90.000000
-90.000000
-92.000000
-94.000000
-86.000000
-82.000000
-92.000000
-94.000000
-94.000000
-92.000000
-94.000000
-90.000000
-84.000000
-94.000000
-92.000000
-90.000000
-84.000000
-78.000000
-94.000000
-96.000000
-92.000000
-78.000000
-82.000000
-82.000000
-86.000000
-88.000000
-80.000000
-100.000000
-96.000000
-90.000000
-84.000000
-90.000000
-86.000000
-82.000000
-90.000000
-100.000000
-94.000000
-92.000000
-88.000000
-100.000000
-94.000000
-100.000000
-86.000000
-94.000000
-98.000000
-82.000000
-102.000000
-96.000000
-88.000000
-90.000000
-82.000000
-98.000000
-112.000000
-92.000000
-92.000000
-88.000000
-78.000000
-94.000000
-90.000000
-90.000000
-116.000000
-88.000000
-84.000000
-74.000000
-96.000000
-90.000000
-98.000000
-98.000000
-108.000000
-72.000000
-84.000000
-86.000000
-88.000000
-96.000000
-76.000000
-94.000000
-82.000000
-90.000000
-96.000000
-96.000000
-96.000000
-76.000000
-84.000000
-92.000000
-92.000000
-102.000000
-74.000000
-96.000000
-90.000000
-84.000000
-98.000000
-102.000000
-80.000000
-80.000000
-88.000000
-102.000000
-102.000000
-108.000000
-92.000000
-96.000000
-94.000000
-76.000000
-86.000000
-100.000000
-86.000000
-104.000000
-112.000000
-100.000000
-100.000000
-86.000000
-86.000000
-86.000000
-106.000000
-88.000000
-98.000000
-98.000000
-90.000000
-86.000000
-84.000000
-82.000000
-98.000000
-84.000000
-88.000000
-100.000000
-88.000000
-92.000000
-90.000000
-84.000000
-92.000000
-96.000000
-92.000000
-94.000000
-90.000000
-94.000000
-98.000000
-90.000000
-104.000000
-84.000000
-92.000000
-86.000000
-88.000000
-92.000000
-88.000000
-98.000000
-96.000000
-94.000000
-92.000000
-84.000000
-100.000000
-100.000000
-104.000000
-84.000000
-82.000000
-88.000000
-96.000000
-92.000000
-88.000000
-94.000000
-106.000000
-96.000000
-94.000000
-94.000000
-88.000000
-84.000000
-102.000000
-96.000000
-92.000000
-82.000000
-82.000000
-80.000000
-90.000000
-96.000000
-88.000000
-104.000000
-80.000000
-88.000000
-98.000000
-110.000000
-98.000000
-92.000000
-96.000000
-92.000000
-100.000000
-92.000000
-100.000000
-88.000000
-88.000000
-98.000000
-98.000000
-84.000000
-96.000000
-100.000000
-98.000000
-92.000000
-92.000000
-86.000000
-96.000000
-92.000000
-92.000000
-90.000000
-92.000000
-96.000000
-102.000000
-100.000000
-100.000000
-94.000000
-88.000000
-102.000000
-88.000000
-98.000000
-108.000000
-110.000000
-84.000000
-88.000000
-96.000000
-94.000000
-90.000000
-106.000000
-84.000000
-96.000000
-88.000000
-90.000000
-86.000000
-100.000000
-96.000000
-102.000000
-98.000000
-80.000000
-86.000000
-96.000000
-92.000000
-108.000000
-100.000000
-88.000000
-94.000000
-88.000000
-78.000000
-88.000000
-106.000000
-92.000000
-88.000000
-92.000000
-92.000000
-108.000000
-90.000000
-102.000000
-90.000000
-90.000000
-94.000000
-82.000000
-104.000000
-90.000000
-96.000000
-110.000000
-86.000000
-78.000000
-64.000000
-84.000000
-116.000000
-102.000000
-82.000000
-86.000000
-80.000000
-108.000000
-102.000000
-90.000000
-90.000000
-92.000000
-88.000000
-92.000000
-88.000000
-92.000000
-96.000000
-96.000000
-92.000000
-102.000000
-82.000000
-80.000000
-88.000000
-110.000000
-122.000000
-88.000000
-82.000000
-82.000000
-90.000000
-96.000000
-108.000000
-110.000000
-80.000000
-90.000000
-88.000000
-98.000000
-94.000000
-104.000000
-106.000000
-82.000000
-86.000000
-86.000000
-94.000000
-84.000000
-92.000000
-94.000000
-90.000000
-86.000000
-88.000000
-108.000000
-90.000000
-88.000000
-86.000000
-96.000000
-98.000000
-86.000000
-96.000000
-90.000000
-84.000000
-96.000000
-96.000000
-94.000000
-92.000000
-108.000000
-102.000000
-92.000000
-104.000000
-88.000000
-84.000000
-98.000000
-90.000000
-102.000000
-90.000000
-98.000000
-94.000000
-102.000000
-90.000000
-84.000000
-92.000000
-98.000000
-94.000000
-104.000000
-96.000000
-88.000000
-96.000000
-90.000000
-96.000000
-98.000000
-94.000000
-90.000000
-80.000000
-96.000000
-98.000000
-96.000000
-102.000000
-94.000000
-88.000000
-76.000000
-96.000000
-86.000000
-100.000000
-86.000000
-94.000000
-104.000000
-112.000000
-96.000000
-86.000000
-92.000000
-92.000000
-82.000000
-94.000000
-90.000000
-102.000000
-78.000000
-82.000000
-96.000000
-94.000000
-98.000000
-88.000000
-90.000000
-86.000000
-102.000000
-82.000000
-86.000000
-88.000000
-104.000000
-92.000000
-98.000000
-80.000000
-108.000000
-92.000000
-100.000000
-92.000000
-94.000000
-104.000000
-90.000000
-96.000000
-102.000000
-102.000000
-90.000000
-92.000000
-98.000000
-96.000000
-96.000000
-98.000000
-94.000000
-90.000000
-84.000000
-96.000000
-98.000000
-78.000000
-102.000000
-88.000000
-92.000000
-98.000000
-88.000000
-104.000000
-104.000000
-90.000000
-82.000000
-94.000000
-90.000000
-96.000000
-94.000000
-110.000000
-82.000000
-94.000000
-94.000000
-96.000000
-96.000000
-94.000000
-80.000000
-100.000000
-98.000000
-88.000000
-112.000000
-104.000000
-82.000000
-100.000000
-80.000000
-88.000000
-94.000000
-108.000000
-94.000000
-110.000000
-100.000000
-92.000000
-90.000000
-82.000000
-98.000000
-100.000000
-98.000000
-96.000000
-94.000000
-90.000000
-104.000000
-100.000000
-100.000000
-98.000000
-96.000000
-96.000000
-90.000000
-86.000000
-92.000000
-98.000000
-86.000000
-88.000000
-84.000000
-88.000000
-98.000000
-110.000000
-80.000000
-96.000000
-86.000000
-98.000000
-90.000000
-92.000000
-98.000000
-92.000000
-86.000000
-100.000000
-88.000000
-94.000000
-96.000000
-80.000000
-104.000000
-90.000000
-84.000000
-92.000000
-94.000000
-94.000000
-92.000000
-70.000000
-100.000000
-104.000000
-102.000000
-84.000000
-96.000000
-98.000000
-90.000000
-84.000000
-94.000000
-90.000000
-88.000000
-86.000000
-86.000000
-102.000000
-94.000000
-96.000000
-92.000000
-100.000000
-92.000000
-98.000000
-86.000000
-100.000000
-88.000000
-90.000000
-84.000000
-90.000000
-86.000000
-92.000000
-106.000000
-86.000000
-92.000000
-76.000000
-82.000000
-100.000000
-96.000000
-82.000000
-94.000000
-90.000000
-98.000000
-84.000000
-98.000000
-88.000000
-96.000000
-110.000000
-98.000000
-116.000000
-106.000000
-96.000000
-88.000000
-98.000000
-88.000000
-104.000000
-98.000000
-88.000000
-88.000000
-94.000000
-98.000000
-88.000000
-88.000000
-92.000000
-94.000000
-88.000000
-92.000000
-110.000000
-92.000000
-82.000000
-104.000000
-98.000000
-96.000000
-94.000000
-84.000000
-88.000000
-86.000000
-94.000000
-94.000000
-82.000000
-88.000000
-96.000000
-76.000000
-100.000000
-110.000000
-94.000000
-90.000000
-78.000000
-102.000000
-78.000000
-88.000000
-98.000000
-96.000000
-92.000000
-88.000000
-114.000000
-96.000000
-84.000000
-90.000000
-100.000000
-100.000000
-100.000000
-98.000000
-88.000000
-82.000000
-94.000000
-92.000000
-92.000000
-92.000000
-88.000000
-92.000000
-88.000000
-102.000000
-90.000000
-86.000000
-88.000000
-84.000000
-92.000000
-92.000000
-86.000000
-102.000000
-102.000000
-88.000000
-106.000000
-90.000000
-102.000000
-90.000000
-90.000000
-82.000000
-84.000000
-96.000000
-104.000000
-98.000000
-98.000000
-88.000000
-90.000000
-86.000000
-96.000000
-96.000000
-90.000000
-94.000000
-82.000000
-98.000000
-92.000000
-88.000000
-88.000000
-102.000000
-94.000000
-92.000000
-94.000000
-98.000000
-96.000000
-96.000000
-96.000000
-106.000000
-92.000000
-90.000000
-86.000000
-102.000000
-100.000000
-94.000000
-104.000000
-88.000000
-84.000000
-84.000000
-86.000000
-98.000000
-96.000000
-92.000000
-88.000000
-88.000000
-92.000000
-92.000000
-88.000000
-78.000000
-102.000000
-110.000000
-90.000000
-104.000000
-100.000000
-96.000000
-96.000000
-104.000000
-116.000000
-106.000000
-98.000000
-102.000000
-92.000000
-78.000000
-96.000000
-82.000000
-98.000000
-90.000000
-108.000000
-106.000000
-106.000000
-94.000000
-90.000000
-90.000000
-104.000000
-90.000000
-110.000000
-100.000000
-88.000000
-108.000000
-102.000000
-106.000000
-92.000000
-106.000000
-86.000000
-98.000000
-126.000000
-94.000000
-88.000000
-92.000000
-82.000000
-94.000000
-92.000000
-104.000000
-94.000000
-106.000000
-100.000000
-88.000000
-90.000000
-98.000000
-94.000000
-88.000000
-98.000000
-100.000000
-84.000000
-94.000000
-88.000000
-82.000000
-90.000000
-96.000000
-102.000000
-82.000000
-96.000000
-102.000000
-108.000000
-94.000000
-90.000000
-94.000000
-104.000000
-92.000000
-102.000000
-86.000000
-90.000000
-92.000000
-100.000000
-100.000000
-94.000000
-98.000000
-110.000000
-86.000000
-94.000000
-82.000000
-86.000000
-104.000000
-96.000000
-96.000000
-92.000000
-86.000000
-100.000000
-102.000000
-88.000000
-88.000000
-92.000000
-86.000000
-94.000000
-88.000000
-110.000000
-96.000000
-88.000000
-98.000000
-102.000000
-102.000000
-94.000000
-90.000000
-92.000000
-90.000000
-90.000000
-96.000000
-84.000000
-98.000000
-88.000000
-84.000000
-88.000000
-90.000000
-88.000000
-82.000000
-84.000000
-80.000000
-88.000000
-82.000000
-84.000000
-90.000000
-106.000000
-86.000000
-92.000000
-78.000000
-70.000000
-102.000000
-100.000000
-100.000000
-96.000000
-78.000000
-86.000000
-94.000000
-104.000000
-120.000000
-116.000000
-98.000000
-158.000000
-1422.000000
54.000000
-198.000000
-22.000000
-28.000000
-44.000000
-100.000000
-164.000000
-74.000000
-76.000000
-58.000000
-90.000000
-74.000000
-86.000000
-18.000000
-62.000000
-122.000000
-110.000000
-92.000000
-82.000000
-62.000000
-62.000000
-96.000000
-90.000000
-70.000000
-80.000000
-84.000000
-72.000000
-96.000000
-212.000000
-146.000000
-70.000000
-74.000000
-88.000000
-88.000000
-84.000000
-74.000000
-92.000000
-100.000000
-98.000000
-94.000000
-92.000000
-82.000000
-94.000000
-102.000000
-92.000000
-100.000000
-102.000000
-94.000000
-82.000000
-88.000000
-82.000000
-98.000000
-90.000000
-92.000000
-88.000000
-90.000000
-84.000000
-98.000000
-102.000000
-88.000000
-94.000000
-104.000000
-92.000000
-98.000000
-108.000000
-106.000000
-88.000000
-94.000000
-106.000000
-96.000000
-92.000000
-94.000000
-94.000000
-102.000000
-92.000000
-90.000000
-96.000000
-72.000000
-114.000000
-82.000000
-94.000000
-88.000000
-88.000000
-90.000000
-100.000000
-90.000000
-92.000000
-100.000000
-112.000000
-100.000000
-84.000000
-94.000000
-86.000000
-98.000000
-98.000000
-98.000000
-80.000000
-108.000000
-110.000000
-94.000000
-84.000000
-88.000000
-112.000000
-112.000000
-118.000000
-94.000000
-92.000000
-102.000000
40.000000
-104.000000
-84.000000
-150.000000
-138.000000
-108.000000
-112.000000
-80.000000
-94.000000
-104.000000
-104.000000
-112.000000
-120.000000
-108.000000
-94.000000
-118.000000
-122.000000
-108.000000
-96.000000
-102.000000
-118.000000
-108.000000
-102.000000
-102.000000
-96.000000
-96.000000
-96.000000
-98.000000
-116.000000
-98.000000
-106.000000
-110.000000
-96.000000
-94.000000
-104.000000
-102.000000
-106.000000
-102.000000
-120.000000
-82.000000
-90.000000
-124.000000
-94.000000
-108.000000
-90.000000
-104.000000
-112.000000
-112.000000
-112.000000
-118.000000
-118.000000
-114.000000
-112.000000
-104.000000
-102.000000
-120.000000
-114.000000
-104.000000
-102.000000
-100.000000
-114.000000
-96.000000
-110.000000
-92.000000
-102.000000
-114.000000
-148.000000
-100.000000
-114.000000
-110.000000
-70.000000
-108.000000
-104.000000
-86.000000
-158.000000
-142.000000
-104.000000
-94.000000
-124.000000
-116.000000
-104.000000
-108.000000
-116.000000
-100.000000
-102.000000
-106.000000
-98.000000
-116.000000
-126.000000
-130.000000
-114.000000
-106.000000
122.000000
-136.000000
-116.000000
-124.000000
-138.000000
-124.000000
-122.000000
-106.000000
-96.000000
-90.000000
-106.000000
-116.000000
-128.000000
-96.000000
-108.000000
-116.000000
-114.000000
-98.000000
-102.000000
-92.000000
-110.000000
-104.000000
-128.000000
-100.000000
-130.000000
-104.000000
-106.000000
-128.000000
-138.000000
-92.000000
-80.000000
-116.000000
-106.000000
-114.000000
-90.000000
-90.000000
-108.000000
-120.000000
-90.000000
-118.000000
-118.000000
-102.000000
-110.000000
-106.000000
-86.000000
-80.000000
-120.000000
-100.000000
-76.000000
-118.000000
-118.000000
-102.000000
-92.000000
-96.000000
-106.000000
-98.000000
-98.000000
-108.000000
-132.000000
-74.000000
-82.000000
-76.000000
-98.000000
-118.000000
-132.000000
-108.000000
-100.000000
-98.000000
-94.000000
-96.000000
-92.000000
-112.000000
-110.000000
-116.000000
-98.000000
-94.000000
-96.000000
-94.000000
-108.000000
-120.000000
-94.000000
-134.000000
-96.000000
-96.000000
-102.000000
-92.000000
-96.000000
-84.000000
-96.000000
-106.000000
-98.000000
-98.000000
-118.000000
-118.000000
-82.000000
-110.000000
-114.000000
-90.000000
-110.000000
-100.000000
-106.000000
-92.000000
-100.000000
-112.000000
-128.000000
-110.000000
-106.000000
-112.000000
-104.000000
-110.000000
-108.000000
-96.000000
-104.000000
-110.000000
-124.000000
-108.000000
-94.000000
-138.000000
-124.000000
-98.000000
-122.000000
-108.000000
-98.000000
-110.000000
-104.000000
-116.000000
-118.000000
-108.000000
-108.000000
-128.000000
-112.000000
-98.000000
-112.000000
-146.000000
-112.000000
-110.000000
-94.000000
-118.000000
-142.000000
-120.000000
-104.000000
-120.000000
-106.000000
-104.000000
-100.000000
-108.000000
-104.000000
-110.000000
-112.000000
-112.000000
-112.000000
-116.000000
-128.000000
-120.000000
-104.000000
-114.000000
-96.000000
-108.000000
-94.000000
-92.000000
-114.000000
-108.000000
-106.000000
-98.000000
-88.000000
-102.000000
-122.000000
-100.000000
-112.000000
-102.000000
-100.000000
-94.000000
-84.000000
-98.000000
-126.000000
-116.000000
-106.000000
-96.000000
-98.000000
-120.000000
-106.000000
-96.000000
-112.000000
-86.000000
-90.000000
-94.000000
-112.000000
-88.000000
-96.000000
-88.000000
-118.000000
-96.000000
-94.000000
-106.000000
-148.000000
-86.000000
-116.000000
-142.000000
-92.000000
-84.000000
-104.000000
-118.000000
-72.000000
-136.000000
-168.000000
-148.000000
-80.000000
-104.000000
-122.000000
-102.000000
-84.000000
-66.000000
-90.000000
-106.000000
-106.000000
-124.000000
-96.000000
-90.000000
-104.000000
-100.000000
-102.000000
-100.000000
-100.000000
-114.000000
-86.000000
-98.000000
-108.000000
-100.000000
-98.000000
-92.000000
-92.000000
-106.000000
-96.000000
-122.000000
-128.000000
-96.000000
-92.000000
-100.000000
-90.000000
-96.000000
-108.000000
-104.000000
-108.000000
-114.000000
-94.000000
-114.000000
-108.000000
-98.000000
-92.000000
-104.000000
-100.000000
-92.000000
-112.000000
-104.000000
-106.000000
-92.000000
-94.000000
-102.000000
-106.000000
-92.000000
-98.000000
-106.000000
-112.000000
-102.000000
-92.000000
-96.000000
-88.000000
-106.000000
-82.000000
-94.000000
-100.000000
-88.000000
-110.000000
-88.000000
-102.000000
-100.000000
-92.000000
-88.000000
-76.000000
-100.000000
-94.000000
-88.000000
-68.000000
-76.000000
-32.000000
-78.000000
-82.000000
-86.000000
-70.000000
-94.000000
-90.000000
-84.000000
-96.000000
-468.000000
20.000000
-66.000000
-84.000000
-92.000000
-96.000000
-78.000000
-86.000000
-96.000000
-74.000000
-84.000000
-84.000000
-90.000000
-88.000000
-74.000000
-50.000000
-88.000000
-92.000000
-108.000000
-100.000000
-86.000000
-106.000000
-86.000000
-88.000000
-78.000000
-84.000000
-92.000000
-72.000000
-86.000000
-94.000000
-86.000000
-84.000000
-86.000000
-90.000000
-114.000000
-114.000000
-100.000000
-98.000000
-78.000000
-92.000000
-108.000000
-108.000000
-88.000000
-92.000000
-98.000000
-106.000000
-88.000000
-106.000000
-92.000000
-92.000000
-100.000000
-102.000000
-92.000000
-100.000000
-90.000000
-88.000000
-88.000000
-94.000000
-88.000000
-84.000000
-102.000000
-106.000000
-86.000000
-80.000000
-92.000000
-82.000000
-88.000000
-96.000000
-114.000000
-100.000000
-74.000000
-94.000000
-84.000000
-86.000000
-70.000000
-80.000000
-72.000000
-82.000000
-86.000000
-100.000000
-94.000000
-70.000000
-92.000000
-92.000000
-108.000000
-82.000000
-70.000000
-82.000000
-94.000000
-94.000000
-64.000000
-74.000000
-76.000000
-100.000000
-88.000000
-106.000000
-98.000000
-74.000000
-84.000000
-76.000000
-78.000000
-84.000000
-96.000000
-80.000000
-66.000000
-90.000000
-84.000000
-88.000000
-88.000000
-90.000000
-94.000000
-90.000000
-84.000000
-102.000000
-82.000000
-86.000000
-80.000000
-82.000000
-82.000000
-84.000000
-108.000000
-84.000000
-102.000000
-68.000000
-92.000000
-90.000000
-102.000000
-100.000000
-84.000000
-92.000000
-86.000000
-84.000000
-62.000000
-90.000000
-116.000000
-102.000000
-116.000000
-98.000000
-106.000000
-90.000000
-94.000000
-82.000000
-106.000000
-108.000000
-118.000000
-142.000000
-86.000000
-74.000000
-84.000000
-104.000000
-112.000000
108.000000
-138.000000
-114.000000
-106.000000
-100.000000
-102.000000
-86.000000
-86.000000
-88.000000
-86.000000
-116.000000
-110.000000
-98.000000
-100.000000
-104.000000
-98.000000
-100.000000
-96.000000
-110.000000
-102.000000
-106.000000
-96.000000
-96.000000
-102.000000
-102.000000
-98.000000
-86.000000
-108.000000
-106.000000
-128.000000
-98.000000
-104.000000
-94.000000
-110.000000
-104.000000
-90.000000
-104.000000
-112.000000
-108.000000
-98.000000
-102.000000
-86.000000
-110.000000
-72.000000
-86.000000
-84.000000
-122.000000
-100.000000
-100.000000
-96.000000
-118.000000
-124.000000
-96.000000
-80.000000
-100.000000
-114.000000
-80.000000
-70.000000
-84.000000
-94.000000
-82.000000
-114.000000
-170.000000
-88.000000
-84.000000
-98.000000
-100.000000
-90.000000
-100.000000
-80.000000
-78.000000
-104.000000
-118.000000
-108.000000
-78.000000
-64.000000
-100.000000
-136.000000
-74.000000
-106.000000
-92.000000
-66.000000
-90.000000
-94.000000
-94.000000
-94.000000
-64.000000
-110.000000
-116.000000
-76.000000
-58.000000
-102.000000
-94.000000
-130.000000
-120.000000
-66.000000
-94.000000
-90.000000
-74.000000
-74.000000
-76.000000
-106.000000
-122.000000
-110.000000
-116.000000
-90.000000
-90.000000
-84.000000
-106.000000
-106.000000
-94.000000
-116.000000
-110.000000
-96.000000
-116.000000
-122.000000
-106.000000
-118.000000
-124.000000
-102.000000
-84.000000
-98.000000
-102.000000
-124.000000
-346.000000
-100.000000
-146.000000
-110.000000
-98.000000
-98.000000
-92.000000
-94.000000
-98.000000
-84.000000
-110.000000
-112.000000
-90.000000
-108.000000
-102.000000
-94.000000
-82.000000
-102.000000
-86.000000
-102.000000
-108.000000
-88.000000
-78.000000
-92.000000
-106.000000
-108.000000
-84.000000
-96.000000
-98.000000
-74.000000
-80.000000
-92.000000
-90.000000
-94.000000
-74.000000
-88.000000
-98.000000
-92.000000
-72.000000
-84.000000
-80.000000
-84.000000
-94.000000
-80.000000
-76.000000
-88.000000
-108.000000
-80.000000
-78.000000
-98.000000
-102.000000
-94.000000
-84.000000
-98.000000
-98.000000
-88.000000
-86.000000
-86.000000
-88.000000
-88.000000
-90.000000
-92.000000
-94.000000
-94.000000
-90.000000
-90.000000
-104.000000
-104.000000
-88.000000
-84.000000
-84.000000
-102.000000
-96.000000
-88.000000
-96.000000
-84.000000
-84.000000
-86.000000
-92.000000
-106.000000
-112.000000
-92.000000
-90.000000
-94.000000
-98.000000
-94.000000
-112.000000
-96.000000
-88.000000
-84.000000
-86.000000
-86.000000
-88.000000
-70.000000
-82.000000
-88.000000
-86.000000
-76.000000
-74.000000
-98.000000
-82.000000
-82.000000
-100.000000
-84.000000
-80.000000
-94.000000
-94.000000
-96.000000
-94.000000
-92.000000
-82.000000
-78.000000
-88.000000
-80.000000
-90.000000
-86.000000
-80.000000
-96.000000
-122.000000
-76.000000
-72.000000
-94.000000
-84.000000
-102.000000
-86.000000
-94.000000
-90.000000
-96.000000
-94.000000
-80.000000
-92.000000
-76.000000
-96.000000
-118.000000
-118.000000
-102.000000
-104.000000
-100.000000
-76.000000
-86.000000
-84.000000
-86.000000
-100.000000
-100.000000
-96.000000
-96.000000
-92.000000
-74.000000
-94.000000
-114.000000
-84.000000
-94.000000
-102.000000
-98.000000
-94.000000
-98.000000
-104.000000
-84.000000
-96.000000
-114.000000
-98.000000
-94.000000
-86.000000
-106.000000
-102.000000
-122.000000
-98.000000
-92.000000
-88.000000
-92.000000
-88.000000
-116.000000
-128.000000
-154.000000
-116.000000
-90.000000
-98.000000
-98.000000
-96.000000
-84.000000
-98.000000
-100.000000
-104.000000
-104.000000
-80.000000
-78.000000
-100.000000
-86.000000
-78.000000
-92.000000
-82.000000
-60.000000
-86.000000
-98.000000
-100.000000
-76.000000
-90.000000
-100.000000
-68.000000
-86.000000
-94.000000
-92.000000
-90.000000
-80.000000
-100.000000
-94.000000
-94.000000
-98.000000
-88.000000
-90.000000
-82.000000
-80.000000
-90.000000
-98.000000
-104.000000
-84.000000
-78.000000
-104.000000
-84.000000
-70.000000
-86.000000
-84.000000
-104.000000
-96.000000
-84.000000
-78.000000
-84.000000
-104.000000
-106.000000
-82.000000
-82.000000
-108.000000
-106.000000
-102.000000
-96.000000
-90.000000
-84.000000
-90.000000
-92.000000
-96.000000
-86.000000
-76.000000
-94.000000
-84.000000
-90.000000
-96.000000
-100.000000
-108.000000
-108.000000
-88.000000
-80.000000
-104.000000
-96.000000
-76.000000
-102.000000
-90.000000
-94.000000
-118.000000
-116.000000
-50.000000
-64.000000
-62.000000
-64.000000
-120.000000
-142.000000
-168.000000
-134.000000
-90.000000
-90.000000
-90.000000
-100.000000
-46.000000
-50.000000
-84.000000
-136.000000
-152.000000
-122.000000
-70.000000
-32.000000
-104.000000
-152.000000
-106.000000
-72.000000
-104.000000
-100.000000
-92.000000
-114.000000
-90.000000
-86.000000
-84.000000
-94.000000
-96.000000
-132.000000
-102.000000
-112.000000
-102.000000
-90.000000
-104.000000
-96.000000
-134.000000
-128.000000
-92.000000
-90.000000
-100.000000
-100.000000
-92.000000
-108.000000
-88.000000
-90.000000
-76.000000
-74.000000
-106.000000
-120.000000
-114.000000
-90.000000
-90.000000
-88.000000
-104.000000
-90.000000
-94.000000
-90.000000
-86.000000
-82.000000
-84.000000
-86.000000
-84.000000
-106.000000
-80.000000
-72.000000
-96.000000
-88.000000
-82.000000
-82.000000
-84.000000
-84.000000
-88.000000
-88.000000
-100.000000
-98.000000
-90.000000
-90.000000
-94.000000
-90.000000
-88.000000
-90.000000
-88.000000
-94.000000
-94.000000
-84.000000
-90.000000
-76.000000
-74.000000
-94.000000
-86.000000
-90.000000
-84.000000
-58.000000
-40.000000
-70.000000
-114.000000
-110.000000
-70.000000
-86.000000
-56.000000
-78.000000
-72.000000
-100.000000
-86.000000
-74.000000
-88.000000
-82.000000
-78.000000
-84.000000
-90.000000
-114.000000
-90.000000
-76.000000
-70.000000
-82.000000
-88.000000
-82.000000
-94.000000
-102.000000
-84.000000
-76.000000
-82.000000
-90.000000
-84.000000
-72.000000
-70.000000
-100.000000
-86.000000
-84.000000
-78.000000
-76.000000
-100.000000
-84.000000
-108.000000
-82.000000
-92.000000
-88.000000
-74.000000
-76.000000
-92.000000
-102.000000
-92.000000
-76.000000
-114.000000
-108.000000
-86.000000
-80.000000
-88.000000
-88.000000
-114.000000
-108.000000
-98.000000
-100.000000
-88.000000
-100.000000
-102.000000
-74.000000
-90.000000
-84.000000
-90.000000
-88.000000
-92.000000
-92.000000
-102.000000
-88.000000
-120.000000
-74.000000
-92.000000
-74.000000
-94.000000
-126.000000
-92.000000
-92.000000
-74.000000
-80.000000
-106.000000
-70.000000
-60.000000
-88.000000
-110.000000
-116.000000
-38.000000
-74.000000
-78.000000
-84.000000
-102.000000
-78.000000
-92.000000
-120.000000
-146.000000
-84.000000
-58.000000
-68.000000
-78.000000
-88.000000
-70.000000
-82.000000
-100.000000
-90.000000
-84.000000
-88.000000
-82.000000
-106.000000
-72.000000
-76.000000
-88.000000
-94.000000
-78.000000
-92.000000
-148.000000
-82.000000
-96.000000
-70.000000
-82.000000
-86.000000
-94.000000
-96.000000
-96.000000
-72.000000
-98.000000
-94.000000
-94.000000
-94.000000
-96.000000
-90.000000
-84.000000
-100.000000
-100.000000
-98.000000
-84.000000
-82.000000
-98.000000
-80.000000
-86.000000
-94.000000
-82.000000
-78.000000
-88.000000
-98.000000
-92.000000
-86.000000
-84.000000
-88.000000
-90.000000
-94.000000
-88.000000
-94.000000
-74.000000
-86.000000
-94.000000
-90.000000
-98.000000
-94.000000
-112.000000
-90.000000
-86.000000
-88.000000
-90.000000
-106.000000
-104.000000
-110.000000
-92.000000
-106.000000
-86.000000
-82.000000
-116.000000
-86.000000
-100.000000
-94.000000
-90.000000
-68.000000
-94.000000
-96.000000
-94.000000
-108.000000
-100.000000
-116.000000
-100.000000
-98.000000
-116.000000
-98.000000
-114.000000
-76.000000
-78.000000
-90.000000
-112.000000
-90.000000
-126.000000
-96.000000
-86.000000
-124.000000
-84.000000
-76.000000
-88.000000
-116.000000
-90.000000
-82.000000
-78.000000
-104.000000
-88.000000
-78.000000
-78.000000
-102.000000
-82.000000
-74.000000
-72.000000
-100.000000
-122.000000
-132.000000
-158.000000
-68.000000
-80.000000
-112.000000
-62.000000
-68.000000
-72.000000
-74.000000
-62.000000
-52.000000
-66.000000
-94.000000
-116.000000
-62.000000
-72.000000
-66.000000
-86.000000
-82.000000
-44.000000
-34.000000
-56.000000
-70.000000
-108.000000
-100.000000
-40.000000
108.000000
-56.000000
-44.000000
-66.000000
-104.000000
-84.000000
-72.000000
-36.000000
-38.000000
-190.000000
-104.000000
-72.000000
-86.000000
-82.000000
-74.000000
-82.000000
-116.000000
-90.000000
-68.000000
-76.000000
-92.000000
-86.000000
-78.000000
-80.000000
-72.000000
-94.000000
-60.000000
-58.000000
-80.000000
-134.000000
-94.000000
-72.000000
-100.000000
-114.000000
-84.000000
-92.000000
-76.000000
-98.000000
-96.000000
-94.000000
-80.000000
-92.000000
-94.000000
-72.000000
-72.000000
-96.000000
-96.000000
-88.000000
-86.000000
-68.000000
-82.000000
-74.000000
-84.000000
-88.000000
-96.000000
-86.000000
-84.000000
-88.000000
-74.000000
-86.000000
-84.000000
-92.000000
-82.000000
-66.000000
-100.000000
-90.000000
-72.000000
-90.000000
-84.000000
-84.000000
-76.000000
-86.000000
-98.000000
-76.000000
-86.000000
-80.000000
-94.000000
-90.000000
-88.000000
-86.000000
-104.000000
-76.000000
-72.000000
-78.000000
-78.000000
-82.000000
-82.000000
-90.000000
-78.000000
-90.000000
-92.000000
-92.000000
-88.000000
-94.000000
-94.000000
-108.000000
-72.000000
-84.000000
-94.000000
-92.000000
-84.000000
-78.000000
-94.000000
-88.000000
-82.000000
-88.000000
-78.000000
-82.000000
-98.000000
-88.000000
-82.000000
-82.000000
-82.000000
-90.000000
-84.000000
-88.000000
-86.000000
-82.000000
-80.000000
-100.000000
-56.000000
-92.000000
-78.000000
-118.000000
-108.000000
-94.000000
-82.000000
-84.000000
-68.000000
-118.000000
-114.000000
-108.000000
-84.000000
-74.000000
-90.000000
-86.000000
-86.000000
-94.000000
-80.000000
-88.000000
-96.000000
-100.000000
-84.000000
-84.000000
-92.000000
-98.000000
-82.000000
-96.000000
-84.000000
-92.000000
-92.000000
-104.000000
-96.000000
-84.000000
-84.000000
-88.000000
-92.000000
-96.000000
-102.000000
-76.000000
-76.000000
-78.000000
-94.000000
-94.000000
-104.000000
-88.000000
-98.000000
-102.000000
-80.000000
-78.000000
-84.000000
-92.000000
-90.000000
-82.000000
-90.000000
-66.000000
-88.000000
-92.000000
-104.000000
-96.000000
-84.000000
-84.000000
-86.000000
-96.000000
-92.000000
-82.000000
-82.000000
-84.000000
-88.000000
-92.000000
-74.000000
-84.000000
-84.000000
-76.000000
-100.000000
-88.000000
-90.000000
-100.000000
-100.000000
-88.000000
-72.000000
-82.000000
-76.000000
-80.000000
-74.000000
-88.000000
-86.000000
-76.000000
-86.000000
-84.000000
-72.000000
-76.000000
-66.000000
-78.000000
-78.000000
-86.000000
-86.000000
-54.000000
-64.000000
-72.000000
-70.000000
-88.000000
-66.000000
-100.000000
-78.000000
-82.000000
-78.000000
-80.000000
-72.000000
-98.000000
-98.000000
-76.000000
-80.000000
-78.000000
-80.000000
-84.000000
-100.000000
-76.000000
-96.000000
-104.000000
-94.000000
-82.000000
-78.000000
-84.000000
-74.000000
-92.000000
-94.000000
-88.000000
-92.000000
-100.000000
-92.000000
-92.000000
-86.000000
-90.000000
-78.000000
-72.000000
-96.000000
-100.000000
-98.000000
-74.000000
-84.000000
-84.000000
-90.000000
-76.000000
-86.000000
-100.000000
-88.000000
-84.000000
-82.000000
-90.000000
-92.000000
-100.000000
-96.000000
-64.000000
-74.000000
-90.000000
-116.000000
-92.000000
-76.000000
-82.000000
-74.000000
-74.000000
-84.000000
-78.000000
-80.000000
-92.000000
-106.000000
-86.000000
-86.000000
-92.000000
-76.000000
-82.000000
-80.000000
-90.000000
-80.000000
-84.000000
-90.000000
-100.000000
-90.000000
-96.000000
-90.000000
-76.000000
-88.000000
-102.000000
-84.000000
-74.000000
-76.000000
-88.000000
-102.000000
-82.000000
-76.000000
-80.000000
-80.000000
-106.000000
-90.000000
-82.000000
-84.000000
-88.000000
-80.000000
-94.000000
-94.000000
-78.000000
-78.000000
-84.000000
-86.000000
-72.000000
-64.000000
-66.000000
-70.000000
-84.000000
-72.000000
-70.000000
-80.000000
-80.000000
-90.000000
-72.000000
-66.000000
-110.000000
-106.000000
-84.000000
-74.000000
-88.000000
-72.000000
-72.000000
-84.000000
-100.000000
-84.000000
-98.000000
-88.000000
-96.000000
-94.000000
-72.000000
-84.000000
-98.000000
-100.000000
-74.000000
-88.000000
-90.000000
-90.000000
-104.000000
-70.000000
-86.000000
-110.000000
-104.000000
-74.000000
-90.000000
-98.000000
-104.000000
-86.000000
-90.000000
-78.000000
-82.000000
-100.000000
-98.000000
-94.000000
-98.000000
-88.000000
-90.000000
-92.000000
-94.000000
-100.000000
-94.000000
-94.000000
-88.000000
-106.000000
-106.000000
-88.000000
-88.000000
-72.000000
-102.000000
-110.000000
-80.000000
-96.000000
-94.000000
-102.000000
-100.000000
-92.000000
-92.000000
-102.000000
-96.000000
-96.000000
-84.000000
-80.000000
-92.000000
-98.000000
-94.000000
-102.000000
-88.000000
-96.000000
-82.000000
-78.000000
-92.000000
-110.000000
-84.000000
-82.000000
-86.000000
-106.000000
-88.000000
-98.000000
-78.000000
-90.000000
-94.000000
-94.000000
-66.000000
-92.000000
-108.000000
-106.000000
-86.000000
-96.000000
-90.000000
-94.000000
-96.000000
-78.000000
-108.000000
-98.000000
-104.000000
-92.000000
-90.000000
-94.000000
-90.000000
-102.000000
-92.000000
-82.000000
-114.000000
-86.000000
-108.000000
-96.000000
-100.000000
-86.000000
-106.000000
-78.000000
-104.000000
-106.000000
-108.000000
-90.000000
-100.000000
-84.000000
-98.000000
-104.000000
-110.000000
-100.000000
-102.000000
-122.000000
-92.000000
-100.000000
-120.000000
-104.000000
-108.000000
-110.000000
-100.000000
-88.000000
-96.000000
-108.000000
-122.000000
-94.000000
-100.000000
-96.000000
-116.000000
-110.000000
-116.000000
-94.000000
-122.000000
-110.000000
-96.000000
-110.000000
-92.000000
-94.000000
-100.000000
-108.000000
-86.000000
-104.000000
-110.000000
-100.000000
-94.000000
-96.000000
-106.000000
-98.000000
-100.000000
-98.000000
-106.000000
-106.000000
-112.000000
-104.000000
-118.000000
-110.000000
-92.000000
-112.000000
-112.000000
-84.000000
-90.000000
-100.000000
-92.000000
-104.000000
-98.000000
-100.000000
-104.000000
-100.000000
-96.000000
-100.000000
-90.000000
-98.000000
-108.000000
-112.000000
-102.000000
-126.000000
-104.000000
-98.000000
-92.000000
-88.000000
-92.000000
-112.000000
-116.000000
-104.000000
-130.000000
-104.000000
-102.000000
-158.000000
-90.000000
-48.000000
-196.000000
-94.000000
-48.000000
-62.000000
-112.000000
-114.000000
-102.000000
-100.000000
-108.000000
-78.000000
-86.000000
-100.000000
-112.000000
-90.000000
-88.000000
-100.000000
-86.000000
-102.000000
-90.000000
-76.000000
-58.000000
-42.000000
-70.000000
-58.000000
-122.000000
-150.000000
-106.000000
-86.000000
-44.000000
-90.000000
-80.000000
-36.000000
-92.000000
-176.000000
-164.000000
-94.000000
-36.000000
-158.000000
-2.000000
18.000000
-28.000000
-150.000000
-132.000000
-224.000000
-156.000000
-170.000000
-90.000000
-62.000000
-74.000000
-112.000000
-102.000000
-90.000000
-108.000000
-116.000000
-86.000000
-94.000000
-110.000000
-116.000000
-100.000000
-108.000000
-80.000000
-86.000000
-100.000000
-90.000000
-118.000000
-102.000000
-96.000000
-102.000000
-106.000000
-76.000000
-102.000000
-102.000000
-98.000000
-110.000000
-98.000000
-104.000000
-118.000000
-104.000000
-108.000000
-122.000000
-110.000000
-104.000000
-102.000000
-106.000000
-110.000000
-102.000000
-114.000000
-108.000000
-98.000000
-116.000000
-98.000000
-78.000000
-94.000000
-116.000000
-108.000000
-108.000000
-106.000000
-102.000000
-108.000000
-104.000000
-96.000000
-102.000000
-94.000000
-108.000000
-112.000000
-98.000000
-102.000000
-100.000000
-104.000000
-96.000000
-86.000000
-96.000000
-96.000000
-110.000000
-106.000000
-100.000000
-64.000000
-138.000000
-142.000000
-140.000000
-104.000000
-34.000000
-92.000000
-124.000000
-116.000000
-48.000000
-96.000000
-110.000000
-78.000000
-72.000000
-146.000000
-190.000000
-150.000000
-58.000000
-104.000000
-134.000000
-162.000000
-114.000000
-88.000000
-112.000000
-144.000000
-98.000000
-110.000000
-126.000000
-136.000000
-96.000000
-108.000000
-126.000000
-98.000000
-110.000000
-110.000000
-96.000000
-100.000000
-126.000000
-142.000000
-106.000000
-62.000000
-106.000000
-148.000000
-148.000000
-94.000000
-80.000000
-118.000000
-144.000000
-136.000000
-142.000000
-106.000000
-106.000000
-96.000000
-106.000000
-162.000000
-148.000000
-86.000000
-52.000000
-132.000000
-156.000000
-172.000000
-122.000000
-98.000000
-106.000000
-118.000000
-104.000000
-108.000000
-132.000000
-98.000000
-102.000000
-126.000000
-138.000000
-124.000000
-114.000000
-112.000000
-88.000000
-112.000000
-110.000000
-110.000000
-106.000000
-102.000000
-98.000000
-90.000000
-124.000000
-112.000000
-126.000000
-130.000000
-100.000000
-84.000000
-90.000000
-106.000000
-108.000000
-108.000000
-126.000000
-88.000000
-122.000000
-96.000000
-122.000000
-118.000000
-108.000000
-82.000000
-96.000000
-110.000000
-110.000000
-94.000000
-118.000000
-122.000000
-120.000000
-108.000000
-94.000000
208.000000
44.000000
18.000000
-30.000000
-40.000000
-58.000000
-52.000000
-76.000000
-118.000000
-144.000000
-146.000000
-104.000000
-64.000000
-58.000000
-82.000000
-64.000000
-102.000000
-100.000000
-96.000000
-88.000000
-80.000000
-86.000000
-82.000000
-94.000000
-84.000000
-84.000000
-96.000000
-102.000000
-84.000000
-96.000000
-114.000000
-100.000000
-48.000000
-62.000000
-86.000000
-98.000000
-90.000000
-84.000000
-84.000000
-100.000000
-62.000000
-70.000000
-98.000000
-104.000000
-92.000000
-88.000000
-80.000000
-80.000000
-84.000000
-90.000000
-92.000000
-94.000000
108.000000
-104.000000
-22.000000
-54.000000
-98.000000
-122.000000
-150.000000
-112.000000
92.000000
44.000000
64.000000
-36.000000
-136.000000
42.000000
-30.000000
-12.000000
-188.000000
-60.000000
-158.000000
-102.000000
50.000000
46.000000
-180.000000
-140.000000
-38.000000
-32.000000
74.000000
50.000000
-164.000000
-38.000000
124.000000
210.000000
130.000000
136.000000
36.000000
254.000000
352.000000
354.000000
338.000000
292.000000
302.000000
204.000000
224.000000
208.000000
118.000000
74.000000
-10.000000
146.000000
136.000000
-44.000000
190.000000
-84.000000
660.000000
930.000000
908.000000
1140.000000
752.000000
558.000000
486.000000
324.000000
530.000000
438.000000
406.000000
310.000000
-486.000000
-364.000000
556.000000
1384.000000
1270.000000
1388.000000
926.000000
762.000000
894.000000
826.000000
746.000000
848.000000
938.000000
988.000000
932.000000
692.000000
690.000000
676.000000
642.000000
1014.000000
764.000000
742.000000
1088.000000
686.000000
1024.000000
992.000000
928.000000
730.000000
708.000000
696.000000
760.000000
812.000000
346.000000
284.000000
118.000000
388.000000
846.000000
850.000000
816.000000
670.000000
88.000000
4.000000
-256.000000
-256.000000
38.000000
62.000000
236.000000
130.000000
32.000000
-24.000000
-26.000000
-18.000000
6.000000
6.000000
-34.000000
-64.000000
-52.000000
-38.000000
-28.000000
-38.000000
-50.000000
-46.000000
-20.000000
-36.000000
-52.000000
-42.000000
88.000000
-74.000000
6.000000
-40.000000
-56.000000
-52.000000
-54.000000
-50.000000
-40.000000
-54.000000
-50.000000
-62.000000
-50.000000
-44.000000
-48.000000
-48.000000
-56.000000
-56.000000
-62.000000
-50.000000
-118.000000
-76.000000
-60.000000
-60.000000
-44.000000
-52.000000
-48.000000
-40.000000
-52.000000
-48.000000
-56.000000
-50.000000
-46.000000
-46.000000
-60.000000
-68.000000
-64.000000
-68.000000
-74.000000
-48.000000
-42.000000
-36.000000
-66.000000
-54.000000
-58.000000
-76.000000
-38.000000
-62.000000
-42.000000
-64.000000
-54.000000
-80.000000
-38.000000
-50.000000
-64.000000
-62.000000
-66.000000
-48.000000
-74.000000
-54.000000
-66.000000
-46.000000
-58.000000
-72.000000
-64.000000
-60.000000
-66.000000
-64.000000
-56.000000
-46.000000
-74.000000
-68.000000
-66.000000
-46.000000
-52.000000
-46.000000
-70.000000
-64.000000
-64.000000
-56.000000
-54.000000
-40.000000
-62.000000
-72.000000
-60.000000
-78.000000
-58.000000
-88.000000
-48.000000
-38.000000
-40.000000
-78.000000
-70.000000
-64.000000
-54.000000
-52.000000
-72.000000
-82.000000
-54.000000
-42.000000
-58.000000
-60.000000
-70.000000
314.000000
-170.000000
-78.000000
-52.000000
-60.000000
-44.000000
-24.000000
-58.000000
-58.000000
-78.000000
-80.000000
-74.000000
-74.000000
-66.000000
-44.000000
-226.000000
-76.000000
64.000000
-140.000000
-86.000000
-148.000000
292.000000
-184.000000
-36.000000
-112.000000
-92.000000
-88.000000
-54.000000
-50.000000
-48.000000
-84.000000
-70.000000
-48.000000
-74.000000
-54.000000
-74.000000
-66.000000
-76.000000
-76.000000
-56.000000
-74.000000
-50.000000
-64.000000
-78.000000
-88.000000
-32.000000
-90.000000
-56.000000
-58.000000
-88.000000
-66.000000
-74.000000
-44.000000
-52.000000
-38.000000
-88.000000
-88.000000
-56.000000
-64.000000
-62.000000
-54.000000
-68.000000
-76.000000
-70.000000
-56.000000
16.000000
-72.000000
-240.000000
-234.000000
160.000000
222.000000
6.000000
-244.000000
-126.000000
294.000000
366.000000
464.000000
324.000000
34.000000
32.000000
58.000000
146.000000
152.000000
96.000000
178.000000
36.000000
-302.000000
-180.000000
-106.000000
160.000000
6.000000
-100.000000
-178.000000
-70.000000
-110.000000
124.000000
22.000000
354.000000
-186.000000
-116.000000
-58.000000
-246.000000
26.000000
-86.000000
-74.000000
-28.000000
-54.000000
-126.000000
-118.000000
-130.000000
-122.000000
-84.000000
-100.000000
-90.000000
-112.000000
-96.000000
-86.000000
-88.000000
-142.000000
-100.000000
-126.000000
-96.000000
-92.000000
42.000000
-314.000000
-98.000000
-108.000000
-98.000000
-96.000000
-116.000000
-104.000000
-102.000000
-102.000000
-104.000000
-88.000000
-106.000000
-108.000000
-118.000000
-66.000000
-220.000000
-108.000000
-106.000000
-96.000000
-234.000000
-92.000000
-94.000000
-106.000000
-116.000000
-114.000000
-104.000000
-118.000000
-110.000000
-96.000000
-104.000000
-116.000000
-126.000000
-112.000000
-100.000000
-98.000000
-96.000000
-100.000000
-96.000000
-92.000000
-108.000000
-108.000000
-108.000000
-96.000000
-104.000000
-112.000000
-112.000000
-118.000000
-96.000000
-98.000000
-100.000000
-118.000000
-106.000000
-108.000000
-112.000000
-102.000000
-100.000000
-106.000000
-112.000000
-108.000000
-100.000000
-114.000000
-96.000000
-112.000000
-94.000000
-106.000000
-110.000000
-106.000000
-104.000000
-122.000000
-92.000000
-108.000000
-98.000000
-112.000000
-110.000000
-122.000000
-102.000000
-112.000000
-110.000000
-116.000000
-92.000000
-96.000000
-114.000000
-106.000000
-106.000000
-94.000000
-106.000000
-102.000000
-108.000000
-102.000000
-100.000000
-118.000000
-104.000000
-112.000000
-94.000000
-106.000000
-102.000000
-98.000000
-116.000000
-106.000000
-112.000000
-100.000000
-110.000000
-124.000000
-98.000000
-114.000000
-104.000000
-130.000000
-96.000000
-94.000000
-100.000000
-120.000000
-100.000000
-116.000000
-108.000000
-104.000000
-100.000000
-92.000000
-102.000000
-102.000000
-98.000000
-116.000000
-106.000000
-108.000000
-106.000000
-96.000000
-104.000000
-114.000000
-100.000000
-126.000000
-104.000000
-106.000000
-110.000000
-108.000000
-124.000000
-122.000000
-110.000000
-100.000000
-106.000000
-98.000000
-126.000000
-122.000000
-128.000000
-130.000000
-116.000000
-102.000000
-102.000000
-102.000000
-94.000000
-106.000000
-106.000000
-98.000000
-124.000000
-104.000000
-94.000000
-98.000000
-100.000000
-100.000000
-118.000000
-116.000000
-116.000000
-90.000000
-118.000000
-98.000000
-126.000000
-120.000000
-98.000000
-90.000000
-132.000000
-104.000000
-108.000000
-116.000000
-106.000000
-98.000000
-104.000000
-102.000000
-116.000000
-108.000000
-98.000000
-104.000000
-116.000000
-108.000000
-106.000000
-108.000000
-116.000000
-108.000000
-122.000000
-106.000000
-110.000000
-112.000000
-96.000000
-128.000000
-108.000000
-98.000000
-124.000000
-116.000000
-112.000000
-98.000000
-120.000000
-118.000000
-112.000000
-104.000000
-110.000000
-104.000000
-114.000000
-98.000000
-106.000000
-102.000000
-108.000000
-98.000000
-106.000000
-108.000000
-118.000000
-116.000000
-124.000000
-114.000000
-102.000000
-110.000000
-120.000000
-108.000000
-110.000000
-90.000000
-114.000000
-108.000000
-118.000000
-90.000000
-116.000000
-110.000000
-110.000000
-100.000000
-98.000000
-96.000000
-106.000000
-104.000000
-112.000000
-102.000000
-152.000000
-166.000000
-172.000000
-120.000000
-158.000000
-152.000000
-130.000000
-136.000000
-166.000000
-162.000000
-138.000000
-128.000000
-162.000000
-164.000000
-146.000000
-122.000000
-148.000000
-148.000000
-146.000000
-158.000000
-138.000000
-140.000000
-146.000000
-160.000000
-152.000000
-154.000000
-130.000000
-150.000000
-138.000000
-128.000000
-152.000000
-122.000000
-116.000000
-128.000000
-142.000000
-136.000000
-138.000000
-126.000000
-150.000000
-144.000000
-124.000000
-140.000000
-124.000000
-152.000000
-102.000000
-104.000000
-106.000000
-130.000000
-98.000000
-114.000000
-154.000000
-120.000000
-110.000000
-112.000000
-110.000000
-130.000000
-128.000000
-140.000000
-124.000000
-138.000000
-112.000000
-114.000000
-130.000000
-140.000000
-130.000000
-140.000000
-136.000000
-112.000000
-130.000000
-116.000000
-134.000000
-102.000000
-148.000000
-144.000000
-116.000000
-138.000000
-124.000000
-128.000000
-136.000000
-114.000000
-124.000000
-118.000000
-124.000000
-110.000000
-146.000000
-112.000000
-144.000000
-138.000000
-108.000000
-138.000000
-108.000000
-120.000000
-122.000000
-140.000000
-150.000000
-132.000000
-126.000000
-124.000000
-142.000000
-160.000000
-108.000000
-106.000000
-152.000000
-162.000000
-122.000000
-138.000000
-132.000000
-162.000000
-146.000000
-156.000000
-150.000000
-162.000000
-132.000000
-124.000000
-130.000000
-144.000000
-132.000000
-142.000000
-138.000000
-138.000000
-140.000000
-132.000000
-128.000000
-114.000000
-160.000000
-152.000000
-140.000000
-132.000000
-164.000000
-164.000000
-134.000000
-150.000000
-152.000000
-160.000000
-148.000000
-152.000000
-136.000000
-154.000000
-116.000000
-136.000000
-132.000000
-132.000000
-162.000000
-132.000000
-114.000000
-122.000000
-138.000000
-154.000000
-136.000000
-130.000000
-130.000000
-136.000000
-100.000000
-102.000000
-120.000000
-140.000000
-154.000000
-156.000000
-116.000000
-140.000000
-108.000000
-146.000000
-128.000000
-116.000000
-134.000000
-114.000000
-106.000000
-118.000000
-146.000000
-148.000000
-126.000000
-118.000000
-142.000000
-132.000000
-160.000000
-112.000000
-160.000000
-122.000000
-118.000000
-108.000000
-140.000000
-124.000000
-98.000000
-134.000000
-158.000000
-132.000000
-114.000000
-142.000000
-106.000000
-128.000000
-132.000000
-112.000000
-162.000000
-118.000000
-104.000000
-122.000000
-118.000000
-118.000000
-166.000000
-140.000000
-140.000000
-152.000000
-170.000000
-142.000000
-108.000000
-118.000000
-102.000000
-146.000000
-128.000000
-114.000000
-86.000000
-124.000000
-148.000000
-150.000000
-148.000000
-106.000000
-136.000000
-128.000000
-132.000000
-84.000000
-126.000000
-138.000000
-162.000000
-158.000000
-124.000000
-116.000000
-148.000000
-108.000000
-116.000000
-100.000000
-140.000000
-146.000000
-108.000000
-122.000000
-124.000000
-120.000000
-138.000000
-146.000000
-146.000000
-122.000000
-112.000000
-96.000000
-136.000000
-100.000000
-132.000000
-112.000000
-124.000000
-134.000000
-132.000000
-148.000000
-120.000000
-114.000000
-104.000000
-86.000000
-142.000000
-144.000000
-102.000000
-110.000000
-168.000000
-150.000000
-122.000000
-116.000000
-104.000000
-120.000000
-158.000000
-154.000000
-132.000000
-136.000000
-128.000000
-94.000000
-168.000000
-132.000000
-122.000000
-154.000000
-114.000000
-68.000000
-164.000000
-174.000000
-142.000000
-140.000000
-108.000000
-98.000000
-88.000000
-102.000000
-122.000000
-112.000000
-120.000000
-156.000000
-162.000000
-100.000000
-98.000000
-150.000000
-142.000000
-146.000000
-160.000000
-148.000000
-126.000000
-102.000000
-130.000000
-110.000000
-114.000000
-126.000000
-142.000000
-132.000000
-98.000000
-102.000000
-114.000000
-128.000000
-116.000000
-124.000000
-128.000000
-104.000000
-134.000000
-132.000000
-118.000000
-132.000000
-142.000000
-136.000000
-112.000000
-96.000000
-128.000000
-136.000000
-120.000000
-146.000000
-118.000000
-112.000000
-100.000000
-110.000000
-104.000000
-116.000000
-136.000000
-138.000000
-144.000000
-130.000000
-102.000000
-102.000000
-108.000000
-104.000000
-118.000000
-108.000000
-106.000000
-112.000000
-118.000000
-120.000000
-120.000000
-132.000000
-130.000000
-112.000000
-96.000000
-114.000000
-108.000000
-124.000000
-134.000000
-116.000000
-102.000000
-110.000000
-114.000000
-124.000000
-118.000000
-114.000000
-128.000000
-106.000000
-128.000000
-114.000000
-146.000000
-126.000000
-108.000000
-150.000000
-118.000000
-106.000000
-118.000000
-136.000000
-106.000000
-88.000000
-92.000000
-120.000000
-136.000000
-102.000000
-104.000000
-106.000000
-140.000000
-140.000000
-122.000000
-102.000000
-96.000000
-128.000000
-142.000000
-108.000000
-108.000000
-118.000000
-90.000000
-136.000000
-148.000000
-132.000000
-116.000000
-146.000000
-124.000000
-126.000000
-112.000000
-116.000000
-126.000000
-116.000000
-132.000000
-122.000000
-120.000000
-110.000000
-132.000000
-122.000000
-132.000000
-130.000000
-118.000000
-116.000000
-122.000000
-126.000000
-142.000000
-130.000000
-118.000000
-116.000000
-142.000000
-158.000000
-112.000000
-118.000000
-118.000000
-120.000000
-118.000000
-130.000000
-116.000000
-102.000000
-126.000000
-128.000000
-110.000000
-132.000000
-150.000000
-150.000000
-106.000000
-108.000000
-104.000000
-110.000000
-106.000000
-102.000000
-106.000000
-106.000000
-158.000000
-148.000000
-106.000000
-90.000000
-108.000000
-126.000000
-128.000000
-112.000000
-106.000000
-128.000000
-126.000000
-122.000000
-104.000000
-120.000000
-116.000000
-128.000000
-132.000000
-92.000000
-96.000000
-104.000000
-122.000000
-142.000000
-106.000000
-86.000000
-118.000000
-164.000000
-126.000000
-128.000000
-146.000000
-90.000000
-134.000000
-138.000000
-112.000000
-116.000000
-116.000000
-84.000000
-102.000000
-146.000000
-88.000000
-154.000000
-122.000000
-138.000000
-122.000000
-108.000000
-114.000000
-128.000000
-108.000000
-142.000000
-140.000000
-268.000000
-144.000000
-106.000000
-118.000000
-152.000000
-136.000000
-166.000000
-120.000000
-158.000000
-160.000000
-162.000000
-90.000000
-88.000000
-152.000000
-136.000000
-118.000000
-112.000000
-122.000000
-110.000000
-158.000000
-164.000000
-120.000000
-112.000000
-114.000000
-140.000000
-114.000000
-104.000000
-128.000000
-162.000000
-112.000000
-100.000000
-86.000000
-110.000000
-130.000000
-142.000000
-132.000000
-98.000000
-162.000000
-130.000000
-112.000000
-112.000000
-88.000000
-106.000000
-114.000000
-120.000000
-112.000000
-122.000000
-120.000000
-116.000000
-120.000000
-120.000000
-108.000000
-128.000000
-104.000000
-114.000000
-142.000000
-148.000000
-74.000000
-94.000000
-166.000000
-154.000000
-148.000000
-116.000000
-98.000000
-114.000000
-148.000000
-126.000000
-144.000000
-102.000000
-150.000000
-152.000000
-142.000000
-108.000000
-112.000000
-112.000000
-148.000000
-158.000000
-122.000000
-138.000000
-110.000000
-116.000000
-108.000000
-116.000000
-114.000000
-136.000000
-156.000000
-110.000000
-118.000000
-116.000000
-118.000000
-102.000000
-114.000000
-132.000000
-142.000000
-138.000000
-152.000000
-136.000000
-132.000000
-142.000000
-126.000000
-122.000000
-128.000000
-120.000000
-136.000000
-112.000000
-118.000000
-132.000000
-118.000000
-124.000000
-116.000000
-120.000000
-118.000000
-140.000000
-132.000000
-118.000000
-124.000000
-140.000000
-124.000000
-116.000000
-138.000000
-128.000000
-104.000000
-112.000000
-130.000000
-134.000000
-128.000000
-130.000000
-148.000000
-116.000000
-132.000000
-116.000000
-122.000000
-96.000000
-102.000000
-98.000000
-126.000000
-156.000000
-132.000000
-124.000000
-116.000000
-108.000000
-114.000000
-114.000000
-124.000000
-148.000000
-102.000000
-108.000000
-120.000000
-114.000000
-138.000000
-128.000000
-112.000000
-116.000000
-102.000000
-114.000000
-112.000000
-114.000000
-114.000000
-128.000000
-136.000000
-132.000000
-114.000000
-112.000000
-132.000000
-134.000000
-102.000000
-104.000000
-124.000000
-128.000000
-124.000000
-116.000000
-120.000000
-114.000000
-140.000000
-118.000000
-112.000000
-110.000000
-114.000000
-108.000000
-116.000000
-102.000000
-88.000000
-42.000000
-84.000000
-148.000000
-142.000000
-128.000000
-180.000000
-168.000000
-112.000000
-98.000000
-68.000000
-96.000000
-112.000000
-132.000000
-160.000000
-116.000000
-124.000000
-130.000000
-140.000000
-62.000000
-114.000000
-144.000000
-128.000000
-120.000000
-116.000000
-106.000000
-56.000000
-102.000000
-102.000000
-86.000000
-174.000000
-110.000000
-104.000000
-144.000000
-154.000000
-88.000000
-106.000000
-100.000000
-120.000000
-116.000000
-132.000000
-112.000000
-116.000000
-108.000000
-138.000000
-134.000000
-132.000000
-120.000000
-104.000000
-102.000000
-122.000000
-108.000000
-138.000000
-116.000000
-134.000000
-122.000000
-118.000000
-116.000000
-126.000000
-106.000000
-112.000000
-110.000000
-112.000000
-118.000000
-110.000000
-128.000000
-130.000000
-124.000000
-116.000000
-120.000000
-132.000000
-124.000000
-112.000000
-124.000000
-112.000000
-122.000000
-126.000000
-130.000000
-146.000000
-124.000000
-132.000000
-128.000000
-126.000000
-138.000000
-126.000000
-128.000000
-130.000000
-148.000000
-100.000000
-102.000000
-110.000000
-120.000000
-148.000000
-140.000000
-122.000000
-120.000000
-116.000000
-92.000000
-136.000000
-112.000000
-96.000000
-106.000000
-102.000000
-126.000000
-90.000000
-88.000000
-98.000000
-122.000000
-128.000000
-112.000000
-114.000000
-120.000000
-106.000000
-96.000000
-124.000000
-106.000000
-104.000000
-102.000000
-98.000000
-142.000000
-108.000000
-110.000000
-100.000000
-144.000000
-110.000000
-112.000000
-140.000000
-116.000000
-112.000000
-114.000000
-164.000000
-114.000000
-112.000000
-116.000000
-96.000000
-110.000000
-142.000000
-124.000000
-114.000000
-128.000000
-120.000000
-124.000000
-130.000000
-144.000000
-112.000000
-114.000000
-108.000000
-126.000000
-122.000000
-128.000000
-136.000000
-110.000000
-128.000000
-116.000000
-108.000000
-118.000000
-152.000000
-136.000000
-132.000000
-114.000000
-122.000000
-126.000000
-110.000000
-140.000000
-108.000000
-124.000000
-132.000000
-120.000000
-120.000000
-112.000000
-120.000000
-118.000000
-128.000000
-128.000000
-130.000000
-116.000000
-130.000000
-110.000000
-136.000000
-108.000000
-124.000000
-130.000000
-124.000000
-108.000000
-108.000000
-138.000000
-132.000000
-138.000000
-136.000000
-142.000000
-132.000000
-138.000000
-148.000000
-142.000000
-126.000000
-160.000000
-146.000000
-146.000000
-154.000000
-100.000000
-128.000000
-132.000000
-156.000000
-152.000000
-126.000000
-106.000000
-112.000000
-182.000000
-162.000000
-114.000000
-110.000000
-128.000000
-142.000000
-116.000000
-128.000000
-118.000000
-140.000000
-144.000000
-124.000000
-148.000000
-140.000000
-110.000000
-114.000000
-140.000000
-146.000000
-144.000000
-154.000000
-132.000000
-148.000000
-116.000000
-122.000000
-146.000000
-136.000000
-128.000000
-140.000000
-124.000000
-132.000000
-144.000000
-168.000000
-144.000000
-118.000000
-114.000000
-136.000000
-152.000000
-146.000000
-154.000000
-152.000000
-134.000000
-136.000000
-130.000000
-134.000000
-160.000000
-112.000000
-112.000000
-140.000000
-150.000000
-116.000000
-86.000000
-136.000000
-138.000000
-110.000000
-128.000000
-146.000000
-172.000000
-120.000000
-92.000000
-126.000000
-136.000000
-122.000000
-126.000000
-138.000000
-136.000000
-112.000000
-120.000000
-112.000000
-124.000000
-132.000000
-116.000000
-132.000000
-120.000000
-116.000000
-122.000000
-96.000000
-128.000000
-126.000000
-122.000000
-128.000000
-148.000000
-108.000000
-148.000000
-120.000000
-104.000000
-158.000000
-132.000000
-118.000000
-98.000000
-130.000000
-124.000000
-144.000000
-114.000000
-118.000000
-164.000000
-138.000000
-142.000000
-142.000000
-116.000000
-118.000000
-138.000000
-128.000000
-166.000000
-148.000000
-118.000000
-144.000000
-144.000000
-118.000000
-120.000000
-122.000000
-142.000000
-126.000000
-106.000000
-126.000000
-166.000000
-132.000000
-96.000000
-166.000000
-164.000000
-158.000000
-160.000000
-140.000000
-104.000000
-136.000000
-116.000000
-150.000000
-138.000000
-142.000000
-142.000000
-126.000000
-122.000000
-134.000000
-162.000000
-124.000000
-142.000000
-146.000000
-156.000000
-136.000000
-160.000000
-104.000000
-108.000000
-162.000000
-168.000000
-162.000000
-136.000000
-122.000000
-112.000000
-142.000000
-108.000000
-124.000000
-140.000000
-170.000000
-196.000000
-114.000000
-112.000000
-142.000000
-158.000000
-90.000000
-106.000000
-140.000000
-154.000000
-162.000000
-132.000000
-132.000000
-136.000000
-170.000000
-164.000000
-146.000000
-158.000000
-164.000000
-154.000000
-150.000000
-162.000000
-136.000000
-136.000000
-150.000000
-168.000000
-154.000000
-154.000000
-158.000000
-140.000000
-166.000000
-144.000000
-144.000000
-124.000000
-152.000000
-168.000000
-178.000000
-148.000000
-156.000000
-160.000000
-156.000000
-158.000000
-162.000000
-174.000000
-160.000000
-134.000000
-136.000000
-152.000000
-180.000000
-162.000000
-170.000000
-160.000000
-52.000000
-116.000000
-132.000000
-152.000000
-170.000000
-164.000000
-144.000000
-146.000000
-162.000000
-170.000000
-124.000000
-142.000000
-150.000000
-158.000000
-124.000000
-190.000000
-158.000000
-140.000000
-130.000000
-162.000000
-156.000000
-172.000000
-162.000000
-152.000000
-146.000000
-164.000000
-148.000000
-148.000000
-166.000000
-154.000000
-148.000000
-158.000000
-154.000000
-170.000000
-146.000000
-154.000000
-154.000000
-164.000000
-146.000000
-146.000000
-132.000000
-130.000000
-148.000000
-148.000000
-144.000000
-172.000000
-146.000000
-118.000000
-142.000000
-154.000000
-140.000000
-130.000000
-150.000000
-164.000000
-158.000000
-164.000000
-118.000000
-158.000000
-122.000000
-136.000000
-118.000000
-158.000000
-142.000000
-140.000000
-156.000000
-142.000000
-150.000000
-140.000000
-142.000000
-120.000000
-166.000000
-134.000000
-130.000000
-154.000000
-152.000000
-162.000000
-150.000000
-136.000000
-142.000000
-136.000000
-152.000000
-148.000000
-162.000000
-162.000000
-144.000000
-158.000000
-148.000000
-160.000000
-150.000000
-160.000000
-146.000000
-128.000000
-140.000000
-166.000000
-154.000000
-144.000000
-132.000000
-142.000000
-140.000000
-120.000000
-140.000000
-154.000000
-156.000000
-152.000000
-140.000000
-138.000000
-148.000000
-144.000000
-144.000000
-134.000000
-128.000000
-122.000000
-150.000000
-110.000000
-138.000000
-110.000000
-114.000000
-142.000000
-156.000000
-116.000000
-154.000000
-120.000000
-138.000000
-134.000000
-162.000000
-112.000000
-164.000000
-176.000000
-154.000000
-116.000000
-130.000000
-152.000000
-150.000000
-138.000000
-130.000000
-148.000000
-132.000000
-118.000000
-136.000000
-144.000000
-142.000000
-138.000000
-162.000000
-152.000000
-132.000000
-146.000000
-154.000000
-154.000000
-128.000000
-126.000000
-144.000000
-122.000000
-134.000000
-158.000000
-152.000000
-142.000000
-144.000000
-130.000000
-122.000000
-126.000000
-140.000000
-142.000000
-150.000000
-138.000000
-142.000000
-158.000000
-140.000000
-172.000000
-144.000000
-132.000000
-146.000000
-154.000000
-146.000000
-142.000000
-136.000000
-122.000000
-142.000000
-142.000000
-150.000000
-160.000000
-124.000000
-162.000000
-160.000000
-146.000000
-112.000000
-112.000000
-138.000000
-134.000000
-134.000000
-120.000000
-150.000000
-170.000000
-144.000000
-154.000000
-148.000000
-132.000000
-132.000000
-124.000000
-136.000000
-158.000000
-134.000000
-136.000000
-156.000000
-138.000000
-148.000000
-148.000000
-164.000000
-132.000000
-150.000000
-126.000000
-136.000000
-126.000000
-142.000000
-162.000000
-130.000000
-150.000000
-154.000000
-142.000000
-128.000000
-152.000000
-134.000000
-134.000000
-156.000000
-162.000000
-126.000000
-196.000000
-104.000000
-166.000000
-112.000000
-158.000000
-132.000000
-136.000000
-162.000000
-144.000000
-160.000000
-132.000000
-146.000000
-148.000000
-132.000000
-140.000000
-162.000000
-140.000000
-164.000000
-160.000000
-152.000000
-152.000000
-118.000000
-138.000000
-148.000000
-148.000000
-176.000000
-136.000000
-142.000000
-152.000000
-152.000000
-156.000000
-122.000000
-142.000000
-176.000000
-164.000000
-166.000000
-162.000000
-122.000000
-100.000000
-118.000000
-182.000000
-142.000000
-164.000000
-168.000000
-162.000000
-148.000000
-144.000000
-148.000000
-160.000000
-158.000000
-156.000000
-162.000000
-132.000000
-148.000000
-144.000000
-152.000000
-140.000000
-156.000000
-176.000000
-174.000000
-140.000000
-172.000000
-174.000000
-164.000000
-144.000000
-154.000000
-162.000000
-160.000000
-156.000000
-162.000000
-150.000000
-160.000000
-126.000000
-164.000000
-168.000000
-170.000000
-144.000000
-148.000000
-174.000000
-148.000000
-114.000000
-144.000000
-174.000000
-146.000000
-142.000000
-148.000000
-138.000000
-154.000000
-164.000000
-130.000000
-132.000000
-132.000000
-116.000000
-170.000000
-146.000000
-188.000000
-116.000000
-166.000000
-120.000000
-160.000000
-84.000000
-208.000000
-176.000000
-160.000000
-132.000000
-174.000000
-174.000000
-180.000000
-146.000000
110.000000
-50.000000
-196.000000
-176.000000
-154.000000
-116.000000
-226.000000
-130.000000
-110.000000
-106.000000
-112.000000
-144.000000
-134.000000
-128.000000
-94.000000
-160.000000
-168.000000
-176.000000
-152.000000
-122.000000
-252.000000
-170.000000
-154.000000
-128.000000
-160.000000
-186.000000
-186.000000
-152.000000
-164.000000
-162.000000
-152.000000
-124.000000
-158.000000
-172.000000
-164.000000
-158.000000
-136.000000
-146.000000
-160.000000
-164.000000
-136.000000
-116.000000
-138.000000
-138.000000
-128.000000
-134.000000
-152.000000
-144.000000
-136.000000
-148.000000
-142.000000
-158.000000
-140.000000
-150.000000
-176.000000
-150.000000
-138.000000
-134.000000
-134.000000
-150.000000
-130.000000
-118.000000
-142.000000
-158.000000
-142.000000
-144.000000
-128.000000
-152.000000
-178.000000
-158.000000
-162.000000
-140.000000
-148.000000
-102.000000
-136.000000
-128.000000
-136.000000
-128.000000
-130.000000
-166.000000
-158.000000
-170.000000
-164.000000
-162.000000
-160.000000
-162.000000
-158.000000
-160.000000
-152.000000
-156.000000
-164.000000
-168.000000
-154.000000
-152.000000
-164.000000
-150.000000
-156.000000
-148.000000
-158.000000
-160.000000
-132.000000
-142.000000
-150.000000
-158.000000
-128.000000
-140.000000
-162.000000
-162.000000
-166.000000
-140.000000
-148.000000
-176.000000
-140.000000
-152.000000
-156.000000
-152.000000
-134.000000
-148.000000
-142.000000
-154.000000
-154.000000
-132.000000
-152.000000
-140.000000
-168.000000
-166.000000
-174.000000
-136.000000
-138.000000
-138.000000
-162.000000
-150.000000
-142.000000
-156.000000
-156.000000
-156.000000
-154.000000
-158.000000
-134.000000
-152.000000
-142.000000
-144.000000
-162.000000
-146.000000
-128.000000
-132.000000
-144.000000
-164.000000
-136.000000
-130.000000
-128.000000
-170.000000
-156.000000
-156.000000
-132.000000
-130.000000
-152.000000
-158.000000
-142.000000
-154.000000
-150.000000
-142.000000
-142.000000
-162.000000
-128.000000
-126.000000
-160.000000
-146.000000
-108.000000
-146.000000
-164.000000
-164.000000
-160.000000
-158.000000
-164.000000
-156.000000
-150.000000
-162.000000
-178.000000
-162.000000
-168.000000
-168.000000
-166.000000
-160.000000
-166.000000
-120.000000
-148.000000
-172.000000
-150.000000
-136.000000
-160.000000
-170.000000
-150.000000
-158.000000
-124.000000
-146.000000
-162.000000
-160.000000
-152.000000
-154.000000
-136.000000
-148.000000
-162.000000
-168.000000
-156.000000
-140.000000
-164.000000
-156.000000
-162.000000
-164.000000
-184.000000
-158.000000
-138.000000
-116.000000
-168.000000
-142.000000
-178.000000
-186.000000
-166.000000
-138.000000
-140.000000
-152.000000
-162.000000
-156.000000
-138.000000
-150.000000
-130.000000
-132.000000
-136.000000
-142.000000
-152.000000
-158.000000
-158.000000
-112.000000
-140.000000
-164.000000
-120.000000
-134.000000
-136.000000
-118.000000
-158.000000
-140.000000
-152.000000
-130.000000
-146.000000
-134.000000
-154.000000
-162.000000
-128.000000
-152.000000
-138.000000
-128.000000
-142.000000
-152.000000
-148.000000
-150.000000
-160.000000
-130.000000
-148.000000
-150.000000
-148.000000
-148.000000
-142.000000
-140.000000
-154.000000
-142.000000
-158.000000
-142.000000
-136.000000
-146.000000
-160.000000
-152.000000
-186.000000
-164.000000
-170.000000
-134.000000
-140.000000
-152.000000
-140.000000
-132.000000
-172.000000
-168.000000
-142.000000
-152.000000
-140.000000
-162.000000
-148.000000
-126.000000
-160.000000
-152.000000
-154.000000
-100.000000
-142.000000
-148.000000
-150.000000
-182.000000
-156.000000
-148.000000
-142.000000
-168.000000
-132.000000
-124.000000
-166.000000
-184.000000
-134.000000
-140.000000
-126.000000
-160.000000
-184.000000
-182.000000
-168.000000
-128.000000
-166.000000
-158.000000
-150.000000
-152.000000
-138.000000
-126.000000
-152.000000
-172.000000
-174.000000
-74.000000
112.000000
-32.000000
-128.000000
-160.000000
-50.000000
-112.000000
-86.000000
-104.000000
-102.000000
-80.000000
-114.000000
-112.000000
-154.000000
-112.000000
-102.000000
-106.000000
-104.000000
-98.000000
-106.000000
-106.000000
-142.000000
-98.000000
-138.000000
-94.000000
-118.000000
-176.000000
-102.000000
-152.000000
-156.000000
-102.000000
78.000000
-154.000000
-118.000000
-92.000000
-166.000000
-166.000000
-166.000000
-156.000000
-158.000000
-106.000000
-60.000000
-172.000000
-184.000000
-176.000000
-102.000000
-164.000000
-128.000000
-50.000000
-94.000000
-84.000000
-56.000000
-72.000000
-100.000000
-118.000000
-130.000000
-142.000000
-142.000000
-130.000000
-100.000000
-104.000000
-106.000000
-76.000000
-78.000000
-76.000000
-374.000000
-382.000000
-50.000000
-92.000000
-60.000000
-112.000000
-88.000000
-158.000000
-132.000000
-170.000000
-92.000000
-140.000000
-148.000000
-136.000000
-118.000000
-134.000000
-142.000000
-108.000000
-148.000000
-154.000000
-130.000000
-128.000000
-110.000000
-132.000000
-144.000000
-126.000000
-118.000000
-158.000000
-138.000000
-132.000000
-130.000000
-132.000000
-116.000000
-166.000000
-140.000000
-120.000000
-136.000000
-122.000000
-136.000000
-150.000000
-140.000000
-132.000000
-134.000000
-124.000000
-140.000000
-108.000000
-140.000000
-144.000000
-148.000000
-116.000000
-150.000000
-148.000000
-140.000000
-120.000000
-146.000000
-150.000000
-128.000000
-160.000000
-108.000000
-116.000000
-142.000000
-144.000000
-110.000000
-114.000000
-140.000000
-134.000000
-120.000000
-132.000000
-132.000000
-144.000000
-124.000000
-118.000000
-134.000000
-150.000000
-120.000000
-110.000000
-122.000000
-144.000000
-146.000000
-128.000000
-154.000000
-140.000000
-146.000000
-132.000000
-124.000000
-118.000000
-110.000000
-124.000000
-138.000000
-152.000000
-140.000000
-140.000000
-132.000000
-136.000000
-148.000000
-128.000000
-122.000000
-142.000000
-150.000000
-130.000000
-134.000000
-122.000000
-128.000000
-128.000000
-132.000000
-138.000000
-136.000000
-112.000000
-144.000000
-138.000000
-126.000000
-148.000000
-116.000000
-132.000000
-128.000000
-128.000000
-138.000000
-142.000000
-132.000000
-114.000000
-110.000000
-120.000000
-142.000000
-148.000000
-152.000000
-124.000000
-130.000000
-120.000000
-140.000000
-138.000000
-128.000000
-132.000000
-146.000000
-138.000000
-162.000000
-146.000000
-148.000000
-110.000000
-120.000000
-142.000000
-136.000000
-142.000000
-130.000000
-134.000000
-148.000000
-132.000000
-124.000000
-146.000000
-134.000000
-140.000000
-146.000000
-148.000000
-126.000000
-114.000000
-150.000000
-124.000000
-116.000000
-150.000000
-124.000000
-124.000000
-116.000000
-122.000000
-130.000000
-146.000000
-144.000000
-122.000000
-146.000000
-158.000000
-130.000000
-126.000000
-130.000000
-140.000000
-140.000000
-134.000000
-148.000000
-138.000000
-130.000000
-120.000000
-112.000000
-146.000000
-132.000000
-142.000000
-112.000000
-138.000000
-146.000000
-120.000000
-120.000000
-120.000000
-132.000000
-134.000000
-142.000000
-146.000000
-134.000000
-142.000000
-120.000000
-106.000000
-132.000000
-158.000000
-140.000000
-140.000000
-128.000000
-122.000000
-126.000000
-120.000000
-140.000000
-132.000000
-110.000000
-114.000000
-106.000000
-142.000000
-130.000000
-158.000000
-156.000000
-132.000000
-88.000000
-86.000000
-88.000000
-162.000000
-148.000000
-154.000000
-154.000000
-132.000000
-92.000000
-106.000000
-142.000000
-156.000000
-126.000000
-128.000000
-118.000000
40.000000
-24.000000
-64.000000
-230.000000
-92.000000
-124.000000
-122.000000
-54.000000
-64.000000
-152.000000
-112.000000
-96.000000
-80.000000
-98.000000
-94.000000
-166.000000
-150.000000
-170.000000
-112.000000
-202.000000
-98.000000
-40.000000
-62.000000
-194.000000
-102.000000
-18.000000
-96.000000
-74.000000
88.000000
-164.000000
-190.000000
-166.000000
-72.000000
-42.000000
-70.000000
-70.000000
-124.000000
-84.000000
-78.000000
-118.000000
-112.000000
-48.000000
-80.000000
-100.000000
-126.000000
-82.000000
-84.000000
-116.000000
-100.000000
-102.000000
-82.000000
-70.000000
-136.000000
-74.000000
-86.000000
-272.000000
-194.000000
-8.000000
-32.000000
-100.000000
-134.000000
-132.000000
-134.000000
174.000000
-164.000000
-108.000000
-98.000000
-154.000000
-160.000000
-122.000000
-116.000000
-142.000000
-134.000000
-78.000000
-122.000000
-74.000000
-138.000000
-164.000000
-126.000000
-116.000000
-112.000000
-118.000000
-116.000000
-124.000000
-110.000000
-120.000000
-124.000000
-116.000000
-122.000000
-110.000000
-112.000000
-126.000000
-114.000000
-100.000000
-114.000000
-108.000000
-108.000000
-128.000000
-122.000000
-122.000000
-110.000000
-106.000000
-114.000000
-110.000000
-112.000000
-118.000000
-128.000000
-96.000000
-88.000000
-156.000000
-158.000000
-174.000000
-120.000000
-90.000000
-124.000000
-162.000000
-136.000000
-92.000000
-84.000000
-128.000000
-148.000000
-86.000000
-108.000000
-88.000000
-110.000000
-162.000000
-158.000000
-104.000000
-116.000000
-62.000000
-72.000000
-142.000000
-150.000000
-126.000000
-128.000000
-164.000000
-90.000000
-104.000000
-122.000000
-154.000000
-124.000000
-98.000000
-88.000000
-92.000000
-102.000000
-150.000000
-174.000000
-112.000000
-114.000000
-112.000000
-118.000000
-90.000000
-104.000000
-148.000000
-140.000000
-148.000000
-102.000000
-116.000000
-140.000000
-108.000000
-134.000000
-120.000000
-120.000000
-110.000000
-102.000000
-152.000000
-142.000000
-144.000000
-112.000000
-118.000000
-132.000000
-120.000000
-138.000000
-122.000000
-124.000000
-110.000000
-142.000000
-140.000000
-108.000000
-118.000000
-126.000000
-134.000000
-124.000000
-132.000000
-120.000000
-122.000000
-134.000000
-122.000000
-126.000000
-142.000000
-156.000000
-146.000000
-136.000000
-112.000000
-120.000000
-138.000000
-136.000000
-152.000000
-118.000000
-78.000000
-10.000000
-162.000000
-178.000000
-140.000000
-112.000000
-90.000000
-80.000000
-106.000000
-104.000000
-112.000000
-146.000000
-140.000000
-84.000000
-112.000000
-98.000000
-118.000000
-114.000000
-90.000000
-90.000000
-108.000000
-104.000000
-132.000000
-144.000000
-100.000000
-86.000000
-124.000000
-98.000000
-182.000000
-134.000000
-108.000000
-118.000000
-120.000000
-120.000000
-102.000000
-124.000000
-136.000000
-114.000000
-108.000000
-116.000000
-130.000000
-118.000000
-130.000000
-102.000000
-124.000000
-120.000000
-104.000000
-114.000000
-114.000000
-112.000000
-130.000000
-104.000000
-124.000000
-114.000000
-114.000000
-106.000000
-106.000000
-132.000000
-116.000000
-114.000000
-132.000000
-138.000000
-94.000000
-100.000000
-102.000000
-110.000000
-118.000000
-122.000000
-104.000000
-136.000000
-120.000000
-106.000000
-114.000000
-116.000000
-122.000000
-132.000000
-148.000000
-116.000000
-134.000000
-124.000000
-118.000000
-102.000000
-110.000000
-128.000000
-124.000000
-124.000000
-110.000000
-112.000000
-118.000000
-130.000000
-146.000000
-108.000000
-116.000000
-124.000000
-104.000000
-118.000000
-110.000000
-110.000000
-132.000000
-98.000000
-96.000000
-118.000000
-128.000000
-110.000000
-112.000000
-122.000000
-114.000000
-112.000000
-134.000000
-120.000000
-104.000000
-112.000000
-116.000000
-130.000000
-104.000000
-90.000000
-142.000000
-158.000000
-138.000000
-114.000000
-94.000000
-128.000000
-118.000000
-126.000000
-152.000000
-118.000000
-102.000000
-92.000000
-108.000000
-138.000000
-136.000000
-114.000000
-120.000000
-120.000000
-114.000000
-108.000000
-130.000000
-112.000000
-128.000000
-124.000000
-116.000000
-124.000000
-112.000000
-102.000000
-132.000000
-120.000000
-142.000000
-144.000000
-120.000000
-116.000000
-136.000000
-110.000000
-124.000000
-152.000000
-132.000000
-116.000000
-130.000000
-116.000000
-90.000000
-104.000000
-116.000000
-148.000000
-152.000000
-140.000000
-130.000000
-106.000000
-132.000000
-118.000000
-104.000000
-122.000000
-146.000000
-116.000000
-140.000000
-148.000000
-108.000000
-126.000000
-122.000000
-130.000000
-126.000000
-126.000000
-100.000000
-128.000000
-128.000000
-126.000000
-118.000000
-120.000000
-154.000000
-142.000000
-116.000000
-126.000000
-88.000000
-88.000000
-92.000000
-166.000000
-142.000000
-134.000000
-118.000000
-68.000000
-98.000000
-112.000000
-176.000000
-184.000000
-124.000000
-96.000000
-60.000000
-76.000000
-150.000000
-132.000000
-160.000000
-128.000000
-160.000000
-172.000000
-120.000000
-102.000000
-84.000000
-94.000000
-128.000000
-144.000000
-156.000000
-120.000000
-136.000000
-130.000000
-114.000000
-142.000000
-114.000000
-106.000000
-104.000000
-134.000000
-148.000000
-92.000000
-106.000000
-110.000000
-110.000000
-108.000000
-120.000000
-106.000000
-162.000000
-134.000000
-136.000000
-138.000000
-110.000000
-140.000000
-102.000000
-112.000000
-106.000000
-118.000000
-116.000000
-106.000000
-106.000000
-146.000000
-84.000000
-78.000000
-96.000000
-114.000000
-128.000000
-140.000000
-118.000000
-124.000000
-154.000000
-154.000000
-150.000000
-104.000000
-100.000000
-86.000000
-118.000000
-126.000000
-100.000000
-94.000000
-72.000000
-104.000000
-152.000000
-100.000000
-104.000000
-126.000000
-146.000000
-164.000000
-80.000000
-96.000000
-118.000000
-98.000000
-102.000000
-102.000000
-114.000000
-126.000000
-128.000000
-128.000000
-144.000000
-134.000000
-118.000000
-68.000000
-142.000000
-110.000000
-94.000000
-160.000000
-74.000000
-162.000000
-94.000000
-108.000000
-144.000000
-128.000000
-106.000000
-136.000000
-140.000000
-126.000000
-136.000000
-140.000000
-130.000000
-116.000000
-134.000000
-108.000000
-130.000000
-146.000000
-128.000000
-134.000000
-142.000000
-116.000000
-136.000000
-136.000000
-158.000000
-178.000000
-68.000000
-28.000000
-138.000000
-226.000000
-154.000000
-38.000000
-68.000000
-90.000000
-88.000000
-104.000000
-172.000000
-174.000000
-150.000000
-114.000000
-102.000000
-122.000000
-130.000000
-134.000000
-90.000000
-120.000000
-102.000000
-80.000000
-100.000000
-126.000000
-136.000000
-96.000000
-90.000000
-120.000000
-142.000000
-106.000000
-120.000000
-140.000000
-94.000000
-124.000000
-100.000000
-114.000000
-124.000000
-98.000000
-176.000000
-166.000000
-144.000000
-188.000000
-222.000000
-314.000000
24.000000
120.000000
532.000000
654.000000
930.000000
788.000000
458.000000
398.000000
288.000000
146.000000
106.000000
268.000000
504.000000
656.000000
546.000000
488.000000
552.000000
644.000000
580.000000
636.000000
530.000000
410.000000
284.000000
266.000000
212.000000
266.000000
-18.000000
-28.000000
-88.000000
-170.000000
-82.000000
-118.000000
-100.000000
-180.000000
-60.000000
-58.000000
50.000000
-196.000000
