493.873413
489.153351
484.502289
480.158752
490.660492
471.855316
467.873657
464.007935
460.277863
456.759918
453.315674
450.067902
448.312683
443.942535
441.148010
438.211731
435.402618
432.746887
430.933197
427.870117
425.813141
423.459198
421.376495
419.479553
417.519928
415.616486
413.949982
412.213562
410.593964
408.965607
407.509827
405.958527
404.882019
403.116699
401.797394
400.478363
399.181427
398.092529
396.753296
395.514069
394.098938
392.999908
391.696716
390.688141
389.759186
388.732300
387.741608
386.787628
385.852295
384.919586
384.043457
383.135010
382.444733
381.616486
380.912506
380.140411
379.398773
378.615601
377.945801
377.231018
376.568878
375.887238
375.262939
374.082458
373.788940
372.925537
372.322205
371.703461
371.098724
370.548126
369.951202
369.446716
368.827209
368.235291
367.640411
367.240021
366.783691
366.193756
365.643646
365.168915
364.464294
364.173615
363.759552
363.274170
362.824921
362.348694
361.916107
361.419861
360.804016
360.228912
358.225922
359.299774
358.867798
358.499329
356.878174
357.778748
357.348724
356.356567
356.012421
499.361176
493.884033
489.145721
484.512970
480.103180
506.226776
471.704773
467.701233
463.843842
460.082794
456.601990
453.070313
452.134277
446.644684
443.467865
440.542755
437.690186
435.016083
432.529205
430.143768
427.924408
425.835419
423.535217
421.484375
419.535645
417.686981
416.885162
414.132050
412.485138
410.904755
409.226593
407.800354
406.315704
404.956665
403.429443
402.136383
400.792786
399.363770
397.985809
396.698029
395.472198
394.170197
393.197540
392.015747
390.467407
389.997711
388.862244
387.867065
386.934296
385.999756
385.095520
384.244934
383.349274
382.475861
381.616486
380.855988
380.103485
378.808624
377.983368
377.817932
377.050018
376.247040
375.465454
374.665741
373.977966
373.236877
372.666931
371.966187
371.367249
370.734039
370.126251
369.565460
368.472717
368.507446
367.779053
367.408112
366.976288
366.490936
365.986603
365.487976
365.150848
364.615448
364.088043
363.665741
363.227264
362.584320
362.061096
361.592682
360.025421
360.652008
360.230560
359.918915
359.537811
359.057465
358.738678
358.359711
358.053467
357.647308
356.679962
356.279846
559.918701
493.916260
489.175934
484.664795
480.242645
484.909424
471.761353
467.521301
463.547089
459.699158
456.081024
461.854523
449.346680
446.218658
443.334839
440.434418
437.619171
435.002289
432.529053
432.547302
427.917175
425.591766
425.551483
421.464966
419.568665
418.982574
415.824249
414.015259
412.540802
410.726074
408.967377
407.308960
405.701935
404.139099
402.675903
401.417297
400.076447
398.826416
397.623383
396.209076
395.270966
394.141541
393.169739
392.161865
391.001282
390.095337
389.128967
388.140991
387.236908
386.340424
385.076385
384.572052
383.757965
382.862915
381.868774
380.946747
380.109039
379.280640
378.557678
377.825775
377.125214
376.453827
375.459473
375.054871
374.361267
373.704803
373.164185
372.379730
371.804352
371.252960
370.633179
370.058258
369.446899
368.850403
368.329498
367.767273
367.093842
366.618347
365.881836
365.229523
364.797089
363.493683
363.724335
363.311279
362.919800
362.394867
361.919891
360.556458
361.132324
360.672028
360.160950
359.919220
359.467285
359.068970
358.809998
358.368530
358.100311
357.659058
354.554382
356.477264
499.567749
886.970825
488.964630
484.243073
510.929474
475.571838
471.402802
467.596802
463.816650
460.075165
456.517029
453.051361
456.114410
446.836914
443.864868
447.350861
438.388336
435.777283
436.668152
430.836792
428.595581
426.498962
424.171082
422.070587
421.388824
417.858643
415.801178
414.031372
412.266327
410.877533
408.990936
407.506989
405.981781
404.432800
403.004547
401.710846
400.387421
399.125336
398.045746
396.716980
395.550629
394.338257
393.315308
392.149536
391.129852
390.188202
389.184631
388.191925
387.141022
385.973938
384.987701
384.051544
383.132080
382.278748
381.514709
380.704987
379.948059
379.151062
378.380157
377.699036
375.621918
376.302490
375.686646
373.603821
374.394135
373.844482
372.841370
372.580933
371.991119
371.367737
370.808960
370.256378
369.627930
368.895111
367.529724
367.654266
367.151978
364.811127
366.147491
365.644928
363.764984
364.743256
364.163757
363.590393
363.336426
362.901642
362.413940
361.975403
361.574432
361.094086
360.686035
359.897705
359.760742
359.350800
359.027649
358.470184
358.053192
357.443970
356.460724
356.009583
498.864105
493.332245
488.634003
493.065552
479.705231
508.904358
471.359558
467.482574
464.077576
459.900879
456.423676
452.964386
449.776672
446.647278
449.525269
440.870239
438.138000
435.660004
433.042877
430.477142
428.071838
425.514252
424.291718
421.423187
419.515472
417.695801
415.868835
414.067017
413.164886
410.790985
409.184631
407.760864
406.219238
404.800964
403.411469
402.118286
401.310364
399.529572
398.305389
396.766449
395.935120
394.595734
392.988800
392.159943
390.964996
390.035339
388.994232
387.969299
387.067200
386.166534
385.121155
384.290009
383.409760
381.840027
381.718750
380.997162
378.966949
379.407837
378.621948
377.898163
377.123871
376.429871
375.768127
375.108917
374.427521
373.166382
372.878326
371.112366
371.446686
370.807037
370.200897
369.715973
369.154388
368.567535
368.003754
367.413086
366.982635
366.485779
365.966766
365.178986
365.032074
364.579132
364.019897
363.567688
362.716827
362.699493
362.282593
361.910065
361.481598
360.867859
360.340302
359.842072
359.442719
358.912109
358.730774
358.323700
358.063507
357.662689
356.151001
356.424835
499.592316
879.952698
489.194031
484.724030
551.680237
476.220276
472.098328
475.390076
464.319183
460.571411
457.028259
453.435333
449.977936
446.647614
443.561951
445.337708
437.896301
435.276031
436.760406
430.390564
428.110413
427.864929
423.749908
421.709839
419.773010
417.860077
416.035187
414.257874
412.573029
411.677185
409.357056
407.741058
406.377380
404.763184
403.365082
401.926941
400.435394
399.011200
397.725311
396.463898
395.314392
394.130707
393.195007
391.976593
390.886505
389.963196
388.910309
387.947113
387.035065
386.132538
385.233093
384.375397
383.581696
382.769653
381.915375
381.058075
380.340057
379.652313
378.849121
377.999329
376.210938
376.368744
375.643982
374.900391
374.338928
373.741882
373.202118
372.519653
371.871399
371.077637
370.770142
370.178925
369.635010
369.049164
368.540741
367.971710
367.509399
365.902466
366.441284
365.861084
363.476074
364.808563
364.094543
362.273895
363.079010
362.494904
362.092651
361.692993
361.259674
360.775360
360.317719
359.943481
359.464111
359.093842
358.570740
358.375793
358.223846
357.841400
356.950470
356.570374
499.852692
494.499329
489.969543
485.585785
481.202148
476.907013
473.381744
468.995392
477.651093
461.519409
458.035187
454.488831
451.162415
447.833130
444.664032
441.812744
438.867462
439.782623
432.902802
429.794189
427.327576
424.881805
424.750366
420.894714
419.151031
417.782043
415.957520
414.275024
412.656708
411.055878
409.384186
408.202026
406.188171
404.651184
403.171112
401.866974
400.414032
399.051147
397.768402
396.501343
395.133453
393.761139
392.152344
391.649963
390.478149
389.172455
388.393250
387.281921
386.257721
385.273743
384.328552
383.410461
382.516174
382.122040
381.008728
380.361877
378.590912
378.970398
378.257904
376.350098
376.877167
376.203857
375.461884
374.972778
374.294983
373.665558
373.021423
372.273285
371.525543
370.943024
369.762390
369.686340
369.081665
368.560638
367.917694
367.247192
366.717834
366.279510
365.810425
365.259430
365.003754
364.490784
363.626953
363.526978
361.709412
362.913391
362.646942
362.200104
361.935394
361.513336
361.212311
360.896240
360.480896
360.131287
359.841003
359.306549
358.771423
358.463898
357.446075
357.132996
500.167664
585.834839
489.548981
485.096130
480.655823
476.236847
472.087860
483.435791
464.232147
460.432007
457.643646
453.204437
449.809479
446.451233
443.326508
443.393524
437.277374
434.292419
435.064636
428.757050
426.493286
426.662079
422.003662
420.010712
419.074341
416.207977
414.346985
412.586731
410.946075
409.324677
407.753906
406.337097
405.453888
403.420990
402.062592
400.741302
399.496857
398.273407
397.098663
395.865753
394.434418
393.075134
392.017914
391.001465
389.542603
389.019745
387.703278
387.188599
386.344208
385.450806
384.562073
383.779907
382.967407
382.246307
381.397095
380.733337
379.993469
379.308167
378.314270
378.080658
377.479553
376.753510
375.963867
374.922272
374.383850
373.656769
373.034882
372.354248
371.711182
371.073730
370.362000
369.615143
368.708801
368.202301
367.427979
366.720795
365.944275
364.051178
364.562927
363.916748
361.653473
362.764679
362.129639
359.938385
360.726196
360.014038
359.020966
358.682007
358.194427
357.742035
357.311157
357.011444
356.571747
356.237701
354.350494
355.603546
355.355591
352.541077
354.105774
353.813721
170.350647
489.496185
484.975647
481.955200
476.366180
471.997223
467.746918
463.824066
468.907104
456.399170
453.110077
450.261841
446.766510
443.639832
440.718567
437.991608
435.378174
432.860535
430.634247
428.415924
428.889160
424.416382
422.297821
420.434113
418.492340
417.082306
414.683380
412.790009
410.921265
409.175598
407.472168
405.900146
404.373688
402.871460
401.784424
399.974060
398.511139
397.194489
395.880402
394.740631
393.417450
392.046173
390.963745
389.752869
388.706543
387.684753
386.388977
385.109161
383.842316
382.750641
381.660950
380.705170
379.761932
378.919861
378.082092
377.332550
375.738495
375.842041
375.227142
373.329559
374.023743
373.492279
372.498108
372.480896
372.094391
371.585052
371.171631
370.580017
370.079376
369.441010
368.136688
368.227356
367.743073
365.497467
366.799530
366.277954
364.586029
365.252991
364.619568
363.842468
363.546539
362.969696
362.438965
361.894257
359.714508
360.662872
360.605072
359.930695
359.655151
359.055939
358.470551
357.931213
357.409302
357.016388
356.632599
356.257019
354.005554
355.669800
354.840210
354.246063
495.862488
627.458435
485.622009
481.175720
476.812897
472.645569
468.595734
464.780731
460.990021
457.417419
465.532776
450.643372
447.403900
444.160553
441.131409
443.781494
435.632202
433.214325
431.241547
428.458313
426.290466
424.054108
421.980988
420.059509
419.376770
416.412994
414.653320
412.933014
411.340057
409.674133
408.012756
406.450714
405.542084
403.295929
401.673523
399.973633
398.320374
396.828857
395.400024
394.156433
392.979218
391.796021
390.672028
389.498260
388.285828
387.491241
387.077881
385.557281
384.648560
378.773773
378.161438
377.345734
378.161438
377.345734
378.161438
377.345734
376.412781
375.678680
375.033966
374.035645
373.636597
372.631989
372.386566
371.770691
371.176819
370.510986
369.983643
369.485596
368.943726
368.393951
364.446442
364.971313
366.006805
364.446442
364.971313
364.446442
364.971313
364.445740
363.922150
363.471985
362.881744
362.387695
361.979187
361.509399
359.566895
360.781952
360.342346
359.827576
359.492645
359.092529
358.623566
358.287750
357.546234
357.463257
357.142242
356.637421
355.671234
355.270111
163.860977
491.333008
485.971161
481.136444
476.392548
471.984436
467.785004
463.775513
468.144348
456.259186
452.764465
462.062103
446.469971
443.573669
446.718781
438.210693
435.594116
434.592957
430.954285
428.651886
426.597961
424.655243
422.444611
420.426880
418.373016
417.116882
414.699982
413.024780
411.413696
409.914856
408.273438
406.799011
405.226105
403.790253
402.435699
401.118683
399.799500
398.735138
397.334686
396.217957
394.853485
393.557495
392.307068
390.962250
389.806854
388.654602
387.283722
386.028503
384.922668
383.908234
382.865723
381.900330
380.984863
380.251343
379.411865
378.789764
378.009613
377.650330
377.038086
376.480713
375.856537
375.369019
374.869202
374.333588
373.807343
373.205872
372.885193
372.122498
371.445160
370.906982
369.609650
369.991730
369.582733
369.220428
368.839935
368.378784
366.472687
367.713013
367.362915
366.806793
366.696594
366.244293
365.776703
365.413116
365.031525
364.522034
364.125366
361.777771
362.947998
362.404694
359.693695
361.606934
361.213745
359.880249
360.437561
359.929688
359.474701
359.064728
358.066925
357.757263
499.990753
648.581299
489.920502
485.624817
558.595215
477.495148
473.367706
469.187347
465.379425
461.668762
458.208282
454.867950
451.709290
455.549744
445.738281
448.629517
440.316315
437.616364
435.829712
432.569214
430.294617
427.945129
425.756256
423.678192
421.690765
419.711914
417.796295
416.887695
414.167511
412.276459
410.325500
408.694611
407.473450
405.551392
404.054504
402.555664
401.107819
399.582397
398.234802
396.593750
394.877441
393.157867
391.388092
390.316681
388.885529
387.917816
386.526520
385.832062
384.917358
383.171783
383.012482
382.213287
380.344086
380.348816
379.392639
378.388031
377.674103
376.889099
376.213379
375.503387
374.821869
374.148529
373.444550
371.955200
372.170868
371.565247
369.396240
370.282562
369.637848
368.336060
368.515045
367.975555
367.312408
366.750122
366.138855
365.496124
364.950745
364.064056
363.639008
363.041626
362.607605
361.952942
361.176422
360.370087
359.858398
359.345917
358.992279
358.675415
358.226471
356.203430
357.600555
357.354645
356.866241
356.535522
355.917419
356.045563
355.842987
355.521851
354.436279
354.145813
495.313202
489.952545
485.533356
536.372437
477.308472
473.372589
469.625244
465.707977
475.707428
458.336121
454.845062
451.405060
448.098053
444.860321
441.845337
438.731323
435.788544
434.912109
429.926056
427.180298
424.781189
422.164856
419.744049
417.393066
415.155060
414.127472
410.731476
408.825439
407.623322
405.012939
403.311646
402.322968
400.314178
399.024628
397.910828
397.095123
396.201904
395.233582
394.256439
393.807312
392.823547
391.912903
390.857544
390.547394
389.685089
388.520081
388.141266
387.325745
386.514435
385.667847
384.799133
384.059082
383.191223
382.449982
381.480835
380.812073
379.983856
379.189453
378.297211
377.534088
376.811523
376.148712
375.554474
374.955139
374.358063
373.708130
373.102631
372.351501
371.577606
371.005157
369.518311
369.406525
368.794769
368.113342
367.479156
366.877960
366.397949
365.808472
365.117126
364.063751
364.210571
363.738861
363.223358
362.987915
360.889221
362.102936
361.678955
361.241943
361.028412
360.635803
360.329407
360.019470
359.561218
358.367584
358.947327
358.537415
358.197968
357.843872
356.776123
356.132446
498.504913
693.456848
488.099884
483.581329
556.157837
474.795471
470.451263
492.176300
462.508484
458.714447
456.656952
451.305054
447.907745
444.649780
441.357208
441.495483
435.542236
432.733368
433.528809
427.259644
424.808746
424.629883
419.977692
417.937500
417.142548
414.326447
412.524170
410.810699
409.216705
407.676270
406.251160
404.718567
403.808533
401.976410
400.788177
399.650208
398.590027
397.486389
396.464935
395.430237
394.250458
393.175110
392.375153
391.600739
390.613739
389.953674
388.703186
388.202850
387.360657
386.609955
385.724274
384.925293
383.974213
383.138855
382.206421
380.609985
380.523743
379.653351
378.628479
377.686707
376.575256
375.381287
374.269989
372.800507
372.241486
371.436829
369.217712
370.064148
369.315765
367.671967
368.067108
367.496582
366.862518
366.343323
365.907745
365.334839
364.884521
364.531647
364.178680
363.937744
361.976471
363.338959
362.940826
360.528961
362.214172
361.901367
361.074341
361.237183
360.768829
360.327545
360.046753
359.787811
359.406647
358.972168
358.148438
358.181274
357.912292
357.467010
356.609894
356.167328
498.794891
493.182007
488.634399
484.045288
479.365814
475.071106
492.292877
467.091644
480.701324
459.435608
455.990784
453.489044
449.562195
446.544647
443.606049
440.861664
438.048340
435.306274
432.521210
429.654053
428.406158
424.585510
422.381622
420.239410
418.394562
417.343964
414.760376
413.158417
411.541595
410.037811
408.330902
406.889984
405.334229
403.823944
402.500458
400.971863
399.560638
398.118713
396.738312
395.621094
394.417633
393.193024
391.865356
391.463165
390.358368
388.842010
388.431976
387.525970
386.629272
385.787903
384.960083
384.094971
383.134613
382.193268
381.240356
380.385803
378.567566
378.427643
377.513916
375.269623
375.778625
375.020142
373.576202
373.603821
372.914886
372.286499
371.745117
371.243530
370.693085
370.158966
368.428467
369.042694
368.469879
367.839081
367.375549
366.619476
366.127380
365.697113
365.185791
364.700928
364.558044
364.081451
362.286285
363.196320
362.972443
362.541473
362.180695
361.532288
361.367340
360.930664
360.566498
360.156677
359.735046
359.332062
359.053223
358.497772
357.156219
357.596375
356.643250
356.283264
498.905792
676.406067
488.744354
483.869385
480.878326
474.677704
469.710083
464.862488
460.203278
455.990753
456.792511
448.560577
445.096863
441.889801
438.661652
435.810303
433.052643
430.064911
430.484650
424.936249
422.772247
422.977264
418.500458
416.490021
416.176788
413.065796
411.387543
409.852905
408.418335
406.997925
405.663330
404.442444
403.988922
401.844482
400.651306
399.367889
398.095520
396.679596
394.995026
393.733215
392.347931
390.846100
389.485474
387.963837
386.972229
386.199463
385.416077
384.530121
383.697601
382.786224
381.799255
380.775085
379.794647
378.844238
377.835663
377.023590
376.134369
375.210327
373.411713
373.570740
372.899292
372.274658
371.791168
370.483673
370.660187
370.078003
369.526947
368.979309
368.411743
367.936218
367.464874
366.895966
365.975800
365.890137
365.511017
365.049347
364.537781
364.094330
363.665009
363.317505
362.923248
362.788605
362.545624
362.249084
361.942413
361.522552
360.269043
361.080353
360.758514
360.550354
360.277313
359.877441
359.412964
359.029663
357.846222
358.194977
357.790955
355.019806
356.692413
356.447174
115.653488
493.571991
489.174072
495.698181
480.402252
476.191162
472.170227
468.291229
464.568542
460.891876
457.424133
456.254669
450.989502
447.896759
444.923798
441.908569
438.874939
436.142761
433.527161
430.992004
428.714386
426.499390
424.215576
422.981567
420.129944
419.142639
415.853516
413.910889
411.848816
409.871338
407.977234
406.083405
404.425201
402.755524
401.128204
399.458038
397.973633
396.720276
395.369690
394.115540
393.031219
391.904877
390.834747
389.962006
388.776520
387.985687
387.013489
386.122467
384.799011
384.486542
383.683960
382.889740
382.176208
381.503723
380.812347
379.941895
378.684448
378.336609
377.388702
375.058990
375.589539
374.997986
373.344421
373.340790
372.361389
371.472260
371.074921
370.604706
370.157837
369.725189
369.263550
368.691406
368.182831
365.995972
367.160004
366.370636
364.111328
365.224365
364.580475
363.403656
363.430878
362.865631
362.236359
361.632080
361.133057
360.637115
360.250641
359.067200
359.510498
359.099335
358.768433
358.529266
358.188141
357.916107
357.598602
357.015472
356.726501
356.277893
355.455688
354.417572
498.494659
788.133667
488.313202
483.722473
484.684387
475.142883
470.967163
467.002106
463.106628
459.426392
455.960052
452.544739
449.202026
447.841888
442.566284
439.131805
435.896088
433.042267
432.223785
427.990906
425.828339
423.709656
421.280762
418.983368
418.650146
415.049591
413.189026
411.390045
409.658508
408.048096
406.535583
405.210724
405.118042
402.657806
401.307770
400.026215
398.551025
397.223907
395.695435
394.817719
393.780823
392.710632
391.790405
390.632263
389.678253
388.908569
387.951935
387.044220
386.138184
385.028412
384.571014
384.038330
382.396088
382.691681
381.830475
380.389740
380.092377
379.233612
378.319061
377.483856
376.817474
375.236023
375.416260
373.623657
373.818329
373.033905
372.215271
371.632751
371.020660
370.672546
370.244843
369.568481
368.904297
368.100708
367.392761
365.970398
366.460175
366.024323
365.701599
365.453308
364.553406
364.624908
364.115234
363.725739
363.456329
363.049469
362.747955
362.381622
361.888489
360.827820
361.070129
360.493042
360.012665
359.559570
357.918701
358.806458
358.070190
357.668518
356.659027
355.986145
104.943871
492.428070
487.626404
514.836121
478.923096
474.896881
470.849884
467.073029
463.411011
459.686340
456.200745
461.110382
449.616119
446.597931
450.973907
440.530212
437.625305
438.556732
432.892059
430.663116
428.865753
426.648193
424.656525
422.640533
420.788483
420.110718
416.857391
414.891663
413.879974
411.573944
410.058655
409.124023
407.254639
405.824860
404.485779
403.225098
401.922333
400.525055
399.224731
397.992157
396.749634
395.362122
394.285370
392.933563
391.666199
390.684692
389.555420
388.545776
387.632385
386.713562
385.821198
384.368195
384.093475
383.306091
382.447998
381.699524
380.295624
380.263062
379.501312
378.736206
377.870880
377.013580
376.264313
375.497833
374.827271
373.691650
373.666748
372.951111
372.322815
371.714813
371.128815
370.577454
370.075104
368.268890
369.021240
368.430969
366.157684
367.455261
366.821381
364.936279
365.638367
364.972961
364.378723
363.996765
363.603607
363.106018
362.686554
362.130493
361.867188
361.439819
358.831848
360.696930
360.297424
357.675232
359.629761
359.119476
358.305054
358.304840
357.209534
356.778168
500.303406
494.453400
489.759857
485.409515
504.077148
476.906158
472.759644
468.784088
464.994232
461.316650
457.817413
454.343201
451.199524
448.072845
445.048004
442.306030
441.611145
436.884735
437.408325
431.595734
429.242493
426.996033
424.734253
422.693207
420.797668
418.897583
417.033264
415.193817
413.543518
411.933746
410.516510
408.832916
407.355438
405.966400
404.657043
403.601746
402.113770
400.838593
399.539032
398.177032
396.841217
395.357758
394.494263
393.388580
392.369568
391.489563
390.511749
389.541809
388.533386
387.906891
386.726807
385.813446
383.962982
384.132629
383.269775
381.512238
381.731506
381.024567
380.105194
379.324402
378.390472
377.639648
376.916443
376.129303
375.508057
374.878204
373.255219
373.587860
372.912384
370.705475
371.779236
371.228729
369.957245
370.089447
369.630188
368.993103
368.575165
367.973022
366.395508
366.829193
365.221985
365.672363
364.924103
364.396790
364.025391
363.491638
363.044647
362.647369
362.135406
361.622070
361.226349
360.856567
359.701508
360.005707
359.743134
359.231903
358.867798
358.182831
357.649475
357.290680
501.005951
495.508667
490.628418
485.943237
481.456207
477.185547
481.799591
469.228973
465.416260
461.735077
458.214020
463.442261
451.535736
448.450623
445.610352
442.743225
440.024750
441.802155
434.915253
432.463257
431.048431
427.950500
425.688446
423.409485
421.303802
419.347961
417.398590
415.597107
414.735443
412.279999
410.624298
409.494263
407.501312
406.063385
404.979340
403.334991
401.972290
400.634430
399.397186
398.209167
396.983307
395.698364
395.134277
393.517883
392.291656
391.151917
390.019043
389.018097
387.984802
387.046814
386.170319
385.301147
384.449158
383.643768
382.477936
382.005829
381.290833
380.574402
379.823486
378.948395
378.434967
377.757141
377.106689
376.406158
375.804565
375.036987
374.304840
373.506256
372.169495
372.226593
371.668915
371.079285
370.528778
369.035797
369.434906
368.869720
368.356964
367.934937
367.377502
366.823853
366.396179
365.828217
364.697327
364.729614
364.298737
363.696686
363.089386
362.548523
362.007690
361.462738
358.891998
360.599396
360.094757
357.412445
359.349701
358.892914
357.282471
358.207520
357.206024
356.868591
500.279083
494.942047
490.338837
485.789917
507.114105
477.200684
473.123322
499.902069
465.141479
461.335999
472.270630
454.245117
451.007660
449.832672
444.927826
442.241425
439.501709
436.875916
434.468170
433.298523
429.824158
428.586639
425.444916
423.414520
421.392029
419.488373
417.610718
415.779297
414.016479
412.202118
410.412476
408.816010
407.214905
405.800568
404.227051
403.210205
401.607819
400.271454
399.055206
397.867584
396.713348
395.543396
394.488159
393.357330
391.936066
391.261169
390.139679
389.114777
388.175934
387.232635
386.161438
385.163971
384.131256
383.389160
382.531403
381.749603
381.045685
380.360321
379.094086
378.871246
378.186462
377.537628
376.950806
376.262543
375.593140
374.969299
374.157745
373.667542
373.022614
370.774445
371.856750
371.160004
369.397095
369.722046
369.079407
368.226105
367.973236
367.495605
366.935730
366.381714
365.979950
365.469971
364.912384
364.069092
364.122864
363.572754
363.097107
362.739441
362.184570
361.738007
361.228271
360.850616
360.361694
359.909698
359.491730
358.043701
358.564301
356.568268
357.238586
356.923981
543.033875
494.835144
490.240234
485.703857
481.458740
477.342255
473.181641
469.201263
465.433563
466.940613
458.168365
454.711517
451.406952
448.281647
447.627808
442.463043
439.551819
436.681915
434.119751
431.552673
429.344391
427.017517
424.942261
423.194977
420.896057
418.975464
417.033813
415.272461
414.842896
411.914917
410.278839
409.193298
407.220795
405.765198
404.495911
402.950806
401.596954
400.514618
399.051025
397.658600
396.441772
395.134888
394.082092
392.980194
391.849365
390.644135
389.987640
388.925964
387.129578
387.101410
386.254791
384.985199
384.554077
383.692108
382.883331
382.092651
381.318176
380.589752
379.768280
378.186005
378.048676
377.329071
376.593628
375.838196
375.212250
374.553375
373.986084
373.348969
372.664307
372.052551
371.523956
369.808044
370.363831
369.825317
369.248810
368.662994
367.838501
367.615540
367.101196
366.521210
366.105713
365.429535
364.709137
364.159698
363.701660
362.934479
362.712158
362.303528
361.857758
361.358154
359.492706
360.525940
360.029083
359.619354
359.286896
358.901062
358.632874
358.197632
357.289398
356.926758
500.659058
495.040588
490.290588
485.777527
481.110626
476.907684
472.717377
495.855804
464.852020
461.247406
473.262482
454.244354
450.974365
453.463013
444.928802
442.091644
439.395233
436.731903
434.177094
431.763580
429.559753
429.358582
425.173248
423.070068
422.690063
419.082642
417.041687
416.165985
413.377502
411.711060
409.990723
408.522003
406.981323
405.468658
404.015442
402.650452
401.465393
400.087006
399.039948
397.683441
396.513489
395.284912
394.272644
393.136414
392.036621
391.065857
390.029846
388.479950
387.810333
386.813385
385.802826
384.922729
383.514587
383.166992
382.381714
381.622650
380.812622
380.097412
379.326752
378.641632
377.961365
376.626740
376.643982
375.999023
375.323181
374.647705
374.106873
373.468628
372.784363
370.945465
371.376709
370.729095
368.377594
369.561188
369.063751
367.474396
368.041321
367.501343
366.983643
366.432831
366.084778
365.548859
364.941925
364.235016
364.162109
363.620422
361.035278
362.729645
362.263367
359.586090
361.041443
360.609283
359.741974
359.594543
359.288147
358.810577
358.384796
358.051331
357.062408
356.711609
312.853302
494.644196
489.856506
485.424133
480.910889
476.772278
472.648926
468.768677
464.923889
461.187988
457.709747
454.130829
454.919434
447.465790
449.940216
441.513824
438.773041
436.331818
433.670197
431.182739
428.924835
426.694611
424.572144
422.553680
420.656982
418.738800
417.170074
415.150696
413.505707
411.882874
410.214844
409.145142
407.213318
405.641205
404.069550
402.687500
401.310486
400.024139
398.793549
397.618683
396.483124
395.234528
394.211456
393.078979
392.014160
390.870575
389.996063
389.013275
387.200562
387.071289
386.151520
384.369843
384.376373
383.500244
382.438232
381.509705
380.679962
379.852631
379.079529
378.287048
377.529358
376.855743
375.181763
375.446838
374.695465
372.550751
373.491669
372.735748
371.435333
371.438202
370.745148
370.174011
369.688568
369.206329
367.942749
368.440491
366.899872
367.689880
367.222443
366.705719
366.592316
366.252808
365.761200
365.312714
364.966217
364.224030
363.689972
363.003021
361.974426
362.313782
361.912140
361.435608
360.852631
359.977417
360.003845
359.444580
358.945953
358.269714
357.160614
356.715118
498.797150
493.303741
519.953430
483.658905
478.922302
474.306396
469.787079
488.255463
461.840912
458.032227
469.798553
451.174103
447.957367
453.300690
442.005768
439.387329
438.396362
433.848663
431.320374
428.911285
426.749725
424.632202
422.771545
420.898376
420.563873
417.474121
415.875031
415.347168
412.849243
411.407074
410.627472
408.801392
407.588837
406.307373
404.952820
403.654572
402.301056
400.928314
399.384186
398.295593
396.990234
395.233185
394.453186
393.302460
391.534271
391.071594
390.075928
389.135071
388.185852
387.241211
385.713226
385.368073
384.413635
383.571381
382.539520
381.682709
381.197113
380.598236
380.000702
379.204254
378.481750
377.657227
376.934082
376.184113
375.341156
374.896759
374.541565
373.827301
373.057343
371.697754
371.958008
371.439880
371.032471
370.631409
370.293701
369.557465
368.956207
368.462128
367.539703
367.377045
367.040314
366.516174
365.971802
365.467743
365.116394
364.669495
362.704346
363.936676
363.673889
361.108704
363.037781
362.425232
360.950562
361.203735
360.731445
359.893555
359.397064
358.659302
357.502808
356.976379
234.317368
492.936676
488.026337
596.206604
479.267365
474.925629
506.547913
466.708313
462.730713
462.956818
455.393280
451.962402
448.887207
445.837799
442.953674
441.725708
437.504730
436.397003
432.147766
429.683167
427.602234
425.324554
423.318176
421.448151
419.679810
417.850830
417.324005
414.579437
412.912720
411.521271
409.682159
408.898071
406.023224
404.260498
402.305176
400.643951
398.933960
397.230804
395.360138
393.618683
392.258362
391.066376
390.211517
389.005859
387.948944
387.096863
386.049438
385.299377
384.426270
383.710693
382.903107
381.163116
381.389740
380.819061
379.772522
379.686859
379.094940
378.615417
377.988098
377.329315
376.581848
376.107971
374.584534
374.840851
374.277557
372.097504
372.881866
371.576202
368.941467
369.530487
368.722961
368.008698
367.490265
366.917053
366.309265
365.645020
365.071991
364.531494
363.725983
362.701141
362.539398
361.892670
361.445709
360.899689
360.541473
360.293762
360.196838
359.995117
359.689056
359.549042
359.339600
359.121643
359.041321
357.370331
358.271851
357.716888
357.415680
357.085907
356.301514
356.056702
496.701019
490.959869
486.074463
481.223358
476.667358
481.634399
467.711884
463.440857
459.382874
455.607666
455.217651
448.426270
445.052460
441.821228
438.792206
435.997406
437.791473
430.654877
428.177917
425.905823
423.645660
421.578430
420.024719
418.359924
418.267212
415.261200
413.769928
413.153351
410.688995
409.085175
408.070709
406.070435
404.489197
403.256561
401.852631
400.497986
399.194305
397.744904
396.342529
394.993347
393.463135
391.654388
390.617004
389.058533
387.330750
386.867462
385.706512
384.515869
383.644409
382.657654
381.618927
380.972168
380.107758
378.915222
378.681976
377.403809
377.169464
376.532471
375.811066
375.296906
374.619537
373.992157
373.263733
372.631195
372.183289
371.699463
371.265900
369.944031
370.102875
369.465027
368.993835
368.516235
367.922668
367.588196
367.074463
366.430969
365.914246
365.422394
364.858459
364.329285
363.967499
362.911255
362.599854
362.113312
361.662323
361.239960
359.901978
360.629456
360.459808
360.094391
359.847046
359.555145
359.155304
358.873352
358.672791
357.961395
357.989807
357.516052
356.698883
356.325897
497.445404
491.378815
486.407257
565.776123
477.054962
472.684753
509.077545
464.579315
460.738525
466.755676
453.022644
449.375885
446.134155
442.765930
439.919556
437.033081
434.205200
434.607788
429.211578
426.866943
427.619324
422.747986
420.417114
418.158203
416.166534
414.487976
412.730927
411.092163
409.621307
408.844238
406.528076
405.095795
403.770782
402.295715
401.119080
399.554688
398.246796
396.922546
395.801422
394.580017
393.545410
392.425201
391.391205
389.969330
389.106323
388.120728
386.928131
385.948425
384.859161
383.935944
382.922363
381.860352
380.906189
380.135986
379.320282
378.644836
378.008972
376.949829
376.636230
375.925110
375.324249
374.735748
374.116364
373.421844
372.739655
370.881348
371.627625
370.991425
368.653076
369.766144
369.196381
368.090454
367.988129
367.394226
366.885345
366.302094
365.836639
365.271851
364.797119
363.437592
363.943024
363.389191
360.846161
362.488892
362.041779
359.616119
360.731384
360.297089
359.536316
359.120514
358.560638
358.122040
357.602600
357.013885
356.710266
356.272400
355.618774
355.564789
354.721313
354.349792
493.536163
488.095581
483.744629
479.682037
475.618500
471.646057
467.579437
463.838806
464.629272
456.761780
461.976868
450.170013
447.231323
444.311493
441.364655
438.610901
436.054413
433.643372
431.160553
431.634766
426.125061
423.608795
421.632782
419.181061
418.470856
414.880157
412.627930
410.700867
408.599060
406.886627
405.108856
403.762970
402.474182
401.435913
399.719513
398.457672
397.352356
396.071564
394.892365
393.843048
392.552887
391.536285
390.417114
389.328156
387.523590
387.277283
386.198975
385.002167
383.972870
383.036560
382.131989
381.306274
380.627930
379.907501
379.043671
378.832123
377.320770
376.483154
374.459808
375.101776
374.265961
372.193329
372.852173
372.061249
371.043762
370.359222
369.367279
368.557983
367.903748
367.423645
366.431488
366.921967
365.770081
366.199982
365.883148
365.422119
365.191956
364.902069
364.761322
364.414886
364.166260
363.819916
363.358490
363.058990
362.172516
362.324097
360.194916
361.402832
360.854340
360.305481
360.294617
360.145294
359.864166
359.548126
359.422394
358.948761
358.588806
358.058075
356.984711
356.622345
498.819214
493.625061
489.372406
532.552551
481.252380
476.963043
472.754547
468.888824
464.974182
477.488312
457.519012
453.470001
450.364380
445.204285
441.928741
439.077850
436.197449
436.473755
430.787140
428.154755
428.374023
423.380676
420.820404
420.155945
416.052551
413.989227
412.776306
410.178619
408.625244
407.041748
405.529968
404.116028
402.677734
401.411102
400.668732
398.917206
397.695435
396.300964
395.424286
394.503082
393.590332
392.238647
391.320221
390.338501
389.612518
388.913025
388.166656
387.530609
386.240051
385.999786
385.291748
384.525208
383.766968
382.919617
382.092285
381.373962
380.450897
379.414917
378.334656
376.941193
375.149109
374.380066
373.652405
373.000549
372.356201
371.517487
371.358337
370.699829
370.079620
369.561066
368.966705
368.380798
367.760742
367.187378
366.339172
366.165527
365.660736
365.053772
364.322327
362.520966
363.379456
362.976715
362.567627
362.316437
362.023804
359.668213
361.328094
361.051941
360.216583
360.295105
360.023834
359.967224
359.616974
359.348114
359.020447
358.536743
356.471161
357.668915
356.758179
353.835938
498.819214
493.370636
597.084534
483.841553
479.353333
477.831299
470.965515
466.964569
463.165558
459.428131
461.619781
452.436249
449.203735
446.431946
443.050140
440.062775
437.095795
434.331604
431.767822
429.337738
427.178497
424.935242
424.524750
420.447754
418.575684
416.912354
414.940765
413.995880
411.644409
409.959930
408.174683
406.675140
405.174347
403.668121
402.256531
400.785339
399.382538
397.737549
396.394836
395.113251
393.946716
392.604614
391.859100
390.729919
389.784454
388.837341
387.812714
386.816650
385.851654
384.846558
383.696320
383.101898
382.323883
381.508484
380.550323
379.558777
378.636230
377.808563
376.210419
376.480225
375.835907
373.981140
374.767120
373.809937
372.457550
372.461456
371.847473
371.095001
370.370575
369.871185
369.268433
368.694397
368.007141
367.683075
367.130402
364.670959
366.091400
365.638214
363.522980
364.737122
364.325867
363.548798
363.196533
362.582153
362.074188
361.593475
361.232727
360.750885
360.412628
359.546814
359.532776
359.344482
359.011597
358.599182
358.270660
357.704498
357.397766
356.907684
355.995453
355.651581
498.120056
541.799194
487.161285
556.157532
478.015289
473.775970
470.492645
465.604614
461.614136
457.632965
454.120697
450.606079
447.207581
443.962738
441.019745
438.707367
435.473267
433.009064
430.558472
428.490326
427.029633
423.896515
421.807831
419.687836
417.749023
415.865295
415.233368
412.447449
410.782959
409.229553
407.303955
405.614655
403.856781
402.276306
401.381927
399.370972
398.055725
396.541748
395.501678
394.476471
393.057495
392.108917
391.017487
390.229034
389.200256
388.398499
387.401764
386.313263
385.253326
384.358307
383.297119
382.173615
381.090942
380.141998
379.278290
378.634247
378.079590
377.439362
376.637878
375.915771
375.204285
374.723602
374.107117
372.768921
372.823486
371.588654
371.552948
370.939758
370.256897
369.550262
368.825775
368.160828
367.465668
366.861938
366.323090
365.751862
365.307159
364.122559
364.285553
362.071472
363.247406
362.573761
361.769897
361.449219
361.016479
360.503296
360.143188
359.711182
359.182281
358.581635
357.975800
357.373962
357.271912
357.042633
356.930786
356.661285
355.754272
356.153778
355.058685
354.881195
496.839905
491.112305
486.170685
481.461975
476.812500
480.657593
468.269470
464.295410
460.145966
456.345367
457.116486
449.135773
445.855835
449.860321
439.729797
436.965881
439.504791
431.631134
429.144836
428.727264
424.785767
422.973633
420.902863
418.699524
416.788696
414.948059
413.147430
412.262360
409.638519
408.229553
407.061707
405.134521
403.527588
402.455444
400.861694
399.535431
398.269379
397.018982
395.764465
394.364441
392.971771
390.944580
390.037292
389.014130
387.917389
386.855377
385.655273
384.574554
383.854492
382.993408
382.189728
381.832855
381.233063
380.003784
379.354950
378.479004
377.717255
377.035126
375.956543
375.642426
375.075714
374.473480
373.802856
373.021729
372.435028
371.688538
371.227264
370.267609
370.085999
369.612000
369.131409
368.430725
367.869110
367.411041
366.884705
364.942169
366.118622
365.707458
363.268005
364.568115
363.883728
362.257538
362.095367
361.272369
360.482300
359.806976
359.236694
358.765045
358.434509
357.126282
357.680908
357.586212
354.960419
357.123779
356.767120
354.657257
356.743927
356.564148
355.441406
355.159027
496.105713
490.145386
485.359741
480.893616
476.623596
472.324402
474.788605
464.246094
460.468903
456.907806
453.688049
450.737335
447.891449
445.147583
442.327759
439.720581
436.963623
434.193237
432.339325
429.017731
428.595337
424.235382
422.126984
420.022339
417.858063
415.463928
413.402161
411.487061
409.737946
408.738037
406.271301
404.805298
403.773285
402.536835
401.334198
400.014404
398.740692
397.766296
396.373505
395.333588
394.099701
392.877960
391.845215
390.739838
389.868378
389.141296
388.101929
387.213470
386.123840
385.001526
383.973114
382.741791
382.153656
381.276703
379.221863
379.527466
378.774658
377.183960
377.244476
376.522766
375.854462
375.095490
374.428894
373.735413
373.061401
372.809296
371.798035
371.048309
368.778961
369.505585
368.867218
366.415436
367.514709
366.782166
365.404846
365.404633
364.654846
363.963470
363.348328
362.954102
361.864929
362.206970
360.824188
361.315430
361.093781
360.720703
360.079468
359.858429
359.569733
359.054626
358.498840
357.938507
357.443176
357.028595
356.329163
356.436676
354.324066
355.988953
355.072571
354.504486
496.223999
490.868225
486.117645
481.784485
477.443756
473.014862
468.806671
464.583588
463.558685
456.509369
452.806793
449.209717
445.955048
447.619446
439.633728
436.812897
433.903198
431.146057
428.699097
429.351135
424.178955
422.152649
420.218567
417.998932
416.121918
414.173370
412.313538
412.023376
408.940857
407.448914
406.611664
404.796722
403.330902
402.094421
400.603607
399.452484
398.555786
397.176270
396.240173
395.213806
394.216705
392.953003
391.868195
390.760315
389.644226
388.728668
387.673431
386.572540
385.461517
384.251923
383.091614
382.116058
381.121429
380.304840
379.454041
378.498352
377.003418
376.719788
374.823975
374.935974
374.089325
373.429382
372.918823
372.199158
371.665619
371.185913
370.766754
370.053741
369.907166
369.401428
368.633850
368.724396
368.310089
367.861786
367.399658
366.443298
366.434204
365.913361
365.463745
365.001678
364.580383
363.997070
363.323181
363.027802
362.241455
362.029602
361.609772
361.211121
360.749786
358.626617
359.797485
359.461975
356.997742
358.851166
358.660675
356.417572
358.244629
358.032227
356.571869
356.945038
499.262695
493.536896
488.940094
484.373901
479.575317
475.047516
495.889252
466.681091
462.739929
477.775299
455.158630
451.438049
455.288391
444.592041
441.493011
438.686981
435.928833
433.406708
431.082977
428.988678
429.095581
424.949921
422.877686
421.184631
419.198700
417.461426
415.647858
413.931732
412.236603
410.610474
409.011749
407.505188
406.198700
403.955322
402.269592
400.770752
399.301514
398.064850
396.330902
394.972992
393.625427
392.184204
391.057281
389.815247
388.673126
387.726440
386.671112
385.972565
385.117737
384.338623
383.500305
382.198578
381.552979
380.729279
379.864288
379.171844
378.489258
377.853638
377.258667
376.471375
375.761719
375.181641
374.563324
373.937439
373.279449
372.680176
372.211792
371.173645
369.182404
369.727264
369.032410
366.831299
367.606354
366.879059
365.543640
365.498505
364.824371
364.211060
363.561981
363.005096
362.610443
362.183380
360.455719
361.510345
361.398956
358.974365
360.896057
360.433319
358.066742
359.607147
359.331207
358.809265
358.076019
357.675049
357.567352
356.926910
356.435699
355.722839
354.979614
354.485809
496.043488
490.718384
486.230896
482.108124
477.817291
473.742371
470.199738
466.322296
484.241150
458.942505
455.513092
452.954834
448.718201
449.698944
442.659851
439.882965
437.143707
434.633484
432.241455
429.905457
427.661560
425.469360
424.934204
420.870422
418.851349
416.974701
415.071594
414.314453
411.666718
410.043610
408.462677
406.880554
405.389923
403.940216
402.566956
401.248718
400.197205
398.647461
397.450470
396.260956
394.949402
393.593262
392.596741
391.456238
390.131989
389.578400
388.584137
386.849091
386.711365
385.785309
384.570190
384.080688
383.267578
382.504822
381.652344
380.858612
380.163269
379.361816
378.672577
377.601746
376.842468
374.858917
375.461975
374.774719
372.854767
373.574310
372.964539
372.089539
371.660034
371.117096
370.511047
369.981689
369.371124
368.321228
368.261719
367.271179
367.167877
366.512878
365.781647
365.209564
364.806763
364.190643
363.672791
363.236938
362.830414
362.308472
361.867157
361.304413
361.065918
359.324280
360.284882
359.913361
359.395538
359.047791
358.726746
358.269073
357.998444
357.499695
354.353638
355.837982
498.414581
503.090698
488.421448
483.960510
479.669739
475.581268
481.801636
467.540649
463.800323
460.206116
456.718597
453.272766
457.624115
446.939362
443.957642
441.329742
438.450653
435.744263
433.007446
430.366241
430.189880
425.727295
423.623566
423.370026
419.609924
417.657654
417.008179
414.101471
412.416046
411.131561
409.168396
407.656158
406.085663
404.579041
403.213013
401.852417
400.542389
399.215668
397.845520
396.467529
394.798187
393.926422
392.882721
391.860809
390.642883
389.784027
388.717896
387.701080
386.800262
385.638306
385.012054
383.798706
383.285278
382.433960
381.547974
380.675568
379.847900
379.088928
378.363037
377.499176
376.720581
375.974182
375.294617
374.406769
373.959595
373.324829
372.733337
372.079071
371.362335
371.016815
370.525146
369.958313
369.409729
368.940155
368.439209
367.921021
367.506042
366.861145
366.426666
365.667236
365.293610
364.735291
363.320648
363.695068
363.365265
362.928131
362.433350
362.036041
359.829224
361.135773
360.747223
360.183929
359.878326
359.493317
359.167908
358.746429
358.353180
357.771423
356.693481
354.102234
499.027802
493.700226
677.424011
484.507080
480.115479
501.359955
471.734131
467.881989
464.084259
460.426361
456.930969
453.513245
450.197845
451.868652
444.068970
441.228210
443.518738
435.473969
432.871979
430.348480
428.008881
425.677032
423.792480
421.768646
419.900116
419.180725
416.232239
414.396423
412.682892
411.041565
409.595978
407.921722
406.560364
405.024658
403.556274
402.041595
400.646698
399.192230
397.826660
396.687378
395.339691
394.114685
393.036194
392.001190
390.875854
390.012878
389.018524
387.994354
387.031677
386.142609
385.250977
384.440796
383.587738
382.707031
382.021606
381.318848
380.478485
379.601624
378.754272
377.966248
377.199310
376.463867
375.872925
375.207672
373.103058
373.911682
373.253784
372.482147
371.896698
371.303314
370.621796
370.076050
369.510681
368.970703
368.407440
366.896759
367.286530
366.681763
364.174164
365.465790
365.031555
363.334656
363.884705
363.440399
362.973602
362.467865
362.062561
361.649628
361.214569
360.274811
360.251648
359.929626
357.382874
358.981995
358.702332
358.211182
357.818542
357.353455
356.367584
355.998688
499.466980
829.084961
489.298035
485.049988
485.206665
476.355530
488.519714
468.219971
464.346771
460.642853
457.097687
453.683563
450.388702
447.270386
444.311646
446.292664
438.581940
435.838043
433.247070
430.731079
430.893921
426.263916
424.052826
422.162048
419.949005
417.993622
416.131317
414.436890
412.711823
411.746429
409.425751
407.914001
406.349518
404.895660
403.492279
402.197998
400.814362
399.455719
397.992615
396.687744
395.062836
394.176025
393.235779
391.936005
391.027557
390.077667
389.054443
388.066345
387.201752
386.280182
385.402588
384.818115
383.669708
382.794159
380.931335
381.151703
380.348785
378.391113
378.665253
377.775787
376.770203
376.194336
375.496277
374.749969
374.118835
373.376465
372.497345
372.103180
371.081055
370.914032
370.329132
369.782074
369.167053
368.631836
368.094147
367.502655
367.000854
366.560791
365.937500
365.384064
364.620575
364.151764
362.155914
363.006683
362.589783
362.014313
361.633240
361.266510
360.720306
360.295654
359.917694
357.764679
359.142822
358.774780
358.377777
358.023590
357.802704
357.390228
356.454742
355.691864
499.728638
493.939484
489.006042
484.412720
479.856323
514.558899
471.528229
467.704071
464.870239
460.134705
456.622833
453.153076
449.986267
450.959137
443.975769
441.195007
443.614685
435.806244
433.306732
434.062408
428.579376
426.275574
424.807983
421.715393
419.701050
417.667816
415.746796
413.939850
412.205902
410.591827
409.401825
407.385834
405.839569
404.341125
402.941162
401.637970
400.325287
399.039032
397.792450
396.598175
395.451263
394.168823
393.179749
392.044220
390.585327
389.943634
388.708435
387.656036
386.694763
385.694397
384.786499
383.950653
383.171936
382.347351
381.468872
380.692474
379.839355
379.237061
378.440277
377.745941
377.079407
376.240051
375.738129
375.087311
374.439331
373.768158
373.193024
372.376801
371.611755
370.985199
370.198120
369.567688
368.941437
368.372162
367.859100
367.191467
366.766205
366.263855
363.964264
365.273163
364.878815
362.460052
363.855164
363.371307
362.637695
362.481293
362.061920
361.642609
361.186035
360.701294
360.061737
359.569641
357.048584
358.583832
358.378662
355.576080
357.860077
357.603973
355.273376
356.406281
499.998688
498.926910
489.820190
485.409149
480.985016
476.694092
503.076324
470.409851
464.746033
461.286438
457.320343
453.626465
450.172699
446.822998
443.817719
440.950714
438.185486
435.616486
436.040558
430.634613
428.427521
426.107941
424.009094
422.552338
419.996552
418.094391
416.280365
414.558594
412.843109
411.196381
409.509827
407.975861
406.662903
404.519470
403.022369
401.550415
400.110931
398.930878
397.500488
396.303802
395.149841
393.850159
392.819672
391.729340
390.785095
389.886108
388.942322
387.939819
387.067963
386.194458
385.333099
384.461975
383.558258
382.639465
381.003052
380.937103
380.099792
378.140045
378.609253
377.964081
376.599762
376.607758
375.943451
375.332458
374.694092
374.115051
373.518677
372.901550
372.131989
371.688843
371.060364
368.797333
369.764832
368.981934
366.781616
367.690399
367.143372
366.606750
366.027008
365.471619
365.093140
364.447662
363.870087
363.208282
362.902069
362.155548
361.944916
361.516998
361.059814
360.568024
360.115265
359.711975
359.274353
358.778351
356.535217
357.708557
357.355438
356.878754
355.959656
354.558411
498.861542
493.232269
491.720154
484.113739
479.706696
475.628662
471.495453
467.643158
478.970581
460.184204
456.711456
453.306671
450.069031
446.946228
444.048096
441.195862
439.887512
435.487640
432.919952
433.800537
428.232178
425.923309
425.174744
421.848419
419.911316
417.958984
416.135559
414.414734
412.713165
411.061432
410.438141
407.874023
406.379272
405.136658
403.448700
402.113953
400.779114
399.272064
397.837341
396.651917
395.278656
394.028503
392.924469
391.954865
390.851471
389.840912
388.790009
387.816833
386.798218
385.926514
