0.000000
2588.000000
2570.000000
2582.000000
2566.000000
2566.000000
2574.000000
2578.000000
2588.000000
2586.000000
2564.000000
2584.000000
2582.000000
2578.000000
2582.000000
2566.000000
2622.000000
2580.000000
2582.000000
2564.000000
2580.000000
2562.000000
2566.000000
2576.000000
2584.000000
2582.000000
2574.000000
2590.000000
2566.000000
2566.000000
2602.000000
2564.000000
2558.000000
2574.000000
2570.000000
2580.000000
2580.000000
2562.000000
2578.000000
2588.000000
2586.000000
2578.000000
2564.000000
2588.000000
2620.000000
2560.000000
2572.000000
2586.000000
2556.000000
2584.000000
2574.000000
2572.000000
2568.000000
2572.000000
2584.000000
2576.000000
2572.000000
2574.000000
2564.000000
2566.000000
2584.000000
2586.000000
2506.000000
2576.000000
2584.000000
2584.000000
2580.000000
2580.000000
2566.000000
2562.000000
2576.000000
2558.000000
2562.000000
2562.000000
2566.000000
2568.000000
2570.000000
2576.000000
2570.000000
2578.000000
2568.000000
2512.000000
2556.000000
2582.000000
2562.000000
2586.000000
2576.000000
2608.000000
2572.000000
2584.000000
2574.000000
2568.000000
2590.000000
2576.000000
2616.000000
2574.000000
2566.000000
2574.000000
2580.000000
2586.000000
2564.000000
2574.000000
2570.000000
2568.000000
2578.000000
2574.000000
2578.000000
2592.000000
2576.000000
2592.000000
2574.000000
2578.000000
2580.000000
2614.000000
2564.000000
2570.000000
2580.000000
2578.000000
2572.000000
2570.000000
2572.000000
2564.000000
2584.000000
2584.000000
2568.000000
2620.000000
2570.000000
2588.000000
2510.000000
2580.000000
2576.000000
2568.000000
2576.000000
2620.000000
2570.000000
2566.000000
2576.000000
2580.000000
2578.000000
2580.000000
2498.000000
2510.000000
2576.000000
2584.000000
2546.000000
2566.000000
2572.000000
2592.000000
2576.000000
2578.000000
2570.000000
2584.000000
2574.000000
2584.000000
2590.000000
2574.000000
2548.000000
2564.000000
2586.000000
2588.000000
2566.000000
2562.000000
2570.000000
2578.000000
2576.000000
2564.000000
2510.000000
2566.000000
2560.000000
2502.000000
2570.000000
2574.000000
2576.000000
2594.000000
2590.000000
2566.000000
2572.000000
2560.000000
2568.000000
2572.000000
2598.000000
2610.000000
2582.000000
2586.000000
2564.000000
2562.000000
2590.000000
2570.000000
2580.000000
2500.000000
2576.000000
2582.000000
2584.000000
2560.000000
2518.000000
2576.000000
2564.000000
2520.000000
2578.000000
2588.000000
2584.000000
2564.000000
2588.000000
2586.000000
2580.000000
2498.000000
2562.000000
2566.000000
2554.000000
2586.000000
2578.000000
2584.000000
2586.000000
2568.000000
2582.000000
2580.000000
2576.000000
2582.000000
2576.000000
2560.000000
2586.000000
2574.000000
2580.000000
2568.000000
2580.000000
2582.000000
2584.000000
2572.000000
2584.000000
2622.000000
2578.000000
2572.000000
2570.000000
2580.000000
2516.000000
2560.000000
2614.000000
2518.000000
2566.000000
2556.000000
2580.000000
2578.000000
2590.000000
2614.000000
2620.000000
2502.000000
2582.000000
2562.000000
2572.000000
2584.000000
2562.000000
2564.000000
2588.000000
2588.000000
2562.000000
2580.000000
2580.000000
2580.000000
2582.000000
2572.000000
2574.000000
2562.000000
2560.000000
2564.000000
2578.000000
2576.000000
2556.000000
2556.000000
2580.000000
2564.000000
2614.000000
2594.000000
2568.000000
2578.000000
2570.000000
2580.000000
2596.000000
2586.000000
2574.000000
2562.000000
2560.000000
2584.000000
2584.000000
2570.000000
2578.000000
2578.000000
2572.000000
2576.000000
2580.000000
2568.000000
2580.000000
2584.000000
2580.000000
2554.000000
2574.000000
2562.000000
2554.000000
2564.000000
2580.000000
2582.000000
2570.000000
2576.000000
2574.000000
2572.000000
2562.000000
2572.000000
2576.000000
2564.000000
2596.000000
2584.000000
2586.000000
2572.000000
2590.000000
2574.000000
2580.000000
2574.000000
2588.000000
2574.000000
2582.000000
2556.000000
2572.000000
2518.000000
2564.000000
2586.000000
2584.000000
2584.000000
2564.000000
2558.000000
2570.000000
2574.000000
2580.000000
2622.000000
2556.000000
2538.000000
2574.000000
2568.000000
2560.000000
2578.000000
2566.000000
2564.000000
2556.000000
2568.000000
2564.000000
2568.000000
2562.000000
2582.000000
2574.000000
2570.000000
2572.000000
2582.000000
2562.000000
2566.000000
2562.000000
2582.000000
2564.000000
2588.000000
2586.000000
2572.000000
2572.000000
2562.000000
2576.000000
2578.000000
2574.000000
2562.000000
2582.000000
2558.000000
2562.000000
2578.000000
2564.000000
2568.000000
2586.000000
2574.000000
2586.000000
2584.000000
2578.000000
2564.000000
2584.000000
2582.000000
2576.000000
2570.000000
2602.000000
2570.000000
2580.000000
2564.000000
2578.000000
2564.000000
2586.000000
2588.000000
2574.000000
2516.000000
2574.000000
2580.000000
2570.000000
2600.000000
2596.000000
2578.000000
2582.000000
2590.000000
2566.000000
2574.000000
2576.000000
2586.000000
2574.000000
2578.000000
2582.000000
2560.000000
2580.000000
2572.000000
2564.000000
2572.000000
2576.000000
2570.000000
2578.000000
2566.000000
2564.000000
2574.000000
2568.000000
2622.000000
2562.000000
2582.000000
2614.000000
2584.000000
2576.000000
2580.000000
2568.000000
2566.000000
2574.000000
2584.000000
2594.000000
2570.000000
2608.000000
2576.000000
2564.000000
2580.000000
2586.000000
2588.000000
2580.000000
2548.000000
2570.000000
2580.000000
2572.000000
2590.000000
2574.000000
2576.000000
2562.000000
2574.000000
2570.000000
2572.000000
2596.000000
2564.000000
2582.000000
2588.000000
2572.000000
2576.000000
2622.000000
2584.000000
2582.000000
2568.000000
2568.000000
2562.000000
2584.000000
2578.000000
2618.000000
2564.000000
2576.000000
2568.000000
2582.000000
2568.000000
2574.000000
2554.000000
2566.000000
2558.000000
2576.000000
2580.000000
2576.000000
2568.000000
2580.000000
2566.000000
2598.000000
2584.000000
2568.000000
2570.000000
2562.000000
2604.000000
2574.000000
2572.000000
2580.000000
2574.000000
2560.000000
2556.000000
2570.000000
2622.000000
2576.000000
2564.000000
2558.000000
2586.000000
2568.000000
2574.000000
2560.000000
2566.000000
2566.000000
2578.000000
2510.000000
2586.000000
2574.000000
2568.000000
2568.000000
2574.000000
2562.000000
2590.000000
2574.000000
2560.000000
2564.000000
2556.000000
2576.000000
2570.000000
2554.000000
2620.000000
2502.000000
2576.000000
2576.000000
2520.000000
2578.000000
2578.000000
2584.000000
2580.000000
2562.000000
2580.000000
2580.000000
2576.000000
2580.000000
2622.000000
2578.000000
2574.000000
2618.000000
2570.000000
2568.000000
2510.000000
2580.000000
2572.000000
2564.000000
2582.000000
2612.000000
2578.000000
2570.000000
2576.000000
2588.000000
2590.000000
2558.000000
2562.000000
2570.000000
2562.000000
2564.000000
2592.000000
2570.000000
2578.000000
2566.000000
2564.000000
2596.000000
2580.000000
2588.000000
2578.000000
2578.000000
2566.000000
2562.000000
2586.000000
2580.000000
2576.000000
2580.000000
2566.000000
2564.000000
2596.000000
2562.000000
2588.000000
2560.000000
2560.000000
2570.000000
2572.000000
2568.000000
2582.000000
2580.000000
2570.000000
2590.000000
2576.000000
2580.000000
2550.000000
2568.000000
2576.000000
2564.000000
2582.000000
2574.000000
2580.000000
2622.000000
2564.000000
2572.000000
2574.000000
2570.000000
2618.000000
2578.000000
2584.000000
2576.000000
2568.000000
2564.000000
2566.000000
2578.000000
2582.000000
2576.000000
2616.000000
2564.000000
2562.000000
2570.000000
2508.000000
2570.000000
2580.000000
2592.000000
2588.000000
2580.000000
2556.000000
2580.000000
2564.000000
2584.000000
2572.000000
2572.000000
2578.000000
2584.000000
2588.000000
2566.000000
2580.000000
2574.000000
2570.000000
2582.000000
2514.000000
2576.000000
2586.000000
2560.000000
2574.000000
2582.000000
2622.000000
2586.000000
2582.000000
2566.000000
2594.000000
2576.000000
2572.000000
2578.000000
2568.000000
2574.000000
2582.000000
2574.000000
2528.000000
2580.000000
2566.000000
2570.000000
2568.000000
2498.000000
2584.000000
2562.000000
2556.000000
2574.000000
2574.000000
2592.000000
2558.000000
2580.000000
2584.000000
2564.000000
2564.000000
2568.000000
2582.000000
2602.000000
2594.000000
2564.000000
2578.000000
2582.000000
2572.000000
2580.000000
2566.000000
2562.000000
2580.000000
2580.000000
2568.000000
2574.000000
2622.000000
2566.000000
2572.000000
2592.000000
2568.000000
2570.000000
2574.000000
2560.000000
2580.000000
2578.000000
2510.000000
2564.000000
2548.000000
2578.000000
2580.000000
2554.000000
2562.000000
2578.000000
2576.000000
2608.000000
2562.000000
2508.000000
2504.000000
2586.000000
2580.000000
2572.000000
2576.000000
2562.000000
2564.000000
2574.000000
2584.000000
2578.000000
2570.000000
2620.000000
2576.000000
2576.000000
2518.000000
2574.000000
2578.000000
2562.000000
2568.000000
2566.000000
2568.000000
2570.000000
2574.000000
2512.000000
2568.000000
2576.000000
2566.000000
2502.000000
2576.000000
2564.000000
2568.000000
2574.000000
2574.000000
2528.000000
2582.000000
2564.000000
2586.000000
2562.000000
2574.000000
2622.000000
2570.000000
2568.000000
2582.000000
2562.000000
2566.000000
2584.000000
2580.000000
2572.000000
2564.000000
2506.000000
2564.000000
2574.000000
2584.000000
2584.000000
2574.000000
2592.000000
2620.000000
2568.000000
2560.000000
2516.000000
2558.000000
2564.000000
2574.000000
2506.000000
2580.000000
2622.000000
2572.000000
2558.000000
2552.000000
2572.000000
2568.000000
2580.000000
2506.000000
2584.000000
2582.000000
2564.000000
2562.000000
2570.000000
2574.000000
2508.000000
2570.000000
2510.000000
2560.000000
2578.000000
2570.000000
2560.000000
2574.000000
2616.000000
2576.000000
2572.000000
2574.000000
2582.000000
2574.000000
2568.000000
2586.000000
2620.000000
2562.000000
2586.000000
2572.000000
2584.000000
2572.000000
2580.000000
2580.000000
2620.000000
2562.000000
2564.000000
2560.000000
2566.000000
2570.000000
2582.000000
2576.000000
2580.000000
2576.000000
2564.000000
2574.000000
2576.000000
2578.000000
2574.000000
2576.000000
2576.000000
2568.000000
2570.000000
2564.000000
2586.000000
2568.000000
2576.000000
2560.000000
2526.000000
2558.000000
2574.000000
2578.000000
2568.000000
2560.000000
2580.000000
2558.000000
2582.000000
2570.000000
2568.000000
2546.000000
2620.000000
2562.000000
2558.000000
2554.000000
2518.000000
2434.000000
2330.000000
2410.000000
2526.000000
2646.000000
2922.000000
3000.000000
3240.000000
3428.000000
3394.000000
3414.000000
3508.000000
3388.000000
3648.000000
3800.000000
3956.000000
3946.000000
3842.000000
3878.000000
4026.000000
4012.000000
4092.000000
4030.000000
3920.000000
3774.000000
3458.000000
3484.000000
3570.000000
3404.000000
3794.000000
4024.000000
3992.000000
3972.000000
3210.000000
2760.000000
2818.000000
2784.000000
2550.000000
2646.000000
2908.000000
2926.000000
3340.000000
3490.000000
3452.000000
3382.000000
3598.000000
3692.000000
3680.000000
3712.000000
4010.000000
4026.000000
3754.000000
3782.000000
3662.000000
3730.000000
3862.000000
3892.000000
4008.000000
4010.000000
3932.000000
3952.000000
3864.000000
3656.000000
3532.000000
3626.000000
3338.000000
3424.000000
3502.000000
3640.000000
3540.000000
3436.000000
3402.000000
3366.000000
3332.000000
3360.000000
3380.000000
3438.000000
3318.000000
3166.000000
3290.000000
3370.000000
3574.000000
3574.000000
3706.000000
3598.000000
3604.000000
3730.000000
3678.000000
3672.000000
3814.000000
3872.000000
4058.000000
4246.000000
4322.000000
4310.000000
4336.000000
4132.000000
3980.000000
4004.000000
4020.000000
3926.000000
3716.000000
3662.000000
3624.000000
3672.000000
3638.000000
3534.000000
3502.000000
3458.000000
3344.000000
3366.000000
3406.000000
3348.000000
3196.000000
3108.000000
3064.000000
3000.000000
2992.000000
2952.000000
2940.000000
2998.000000
3244.000000
3208.000000
3354.000000
3516.000000
3594.000000
3678.000000
3676.000000
3596.000000
3472.000000
3330.000000
3358.000000
3338.000000
3418.000000
3328.000000
3460.000000
3470.000000
3532.000000
3546.000000
3638.000000
3570.000000
3650.000000
3606.000000
3542.000000
3554.000000
3642.000000
3712.000000
3704.000000
3592.000000
3590.000000
3568.000000
3598.000000
3646.000000
3646.000000
3794.000000
3864.000000
3968.000000
4024.000000
4122.000000
4250.000000
4220.000000
4262.000000
4150.000000
4222.000000
3988.000000
3892.000000
3698.000000
3590.000000
3702.000000
3638.000000
3516.000000
3548.000000
3466.000000
3222.000000
3414.000000
3364.000000
3132.000000
3244.000000
3194.000000
3218.000000
3148.000000
3338.000000
3270.000000
3294.000000
3296.000000
3412.000000
3450.000000
3350.000000
3428.000000
3354.000000
3316.000000
3318.000000
3252.000000
3280.000000
3226.000000
3224.000000
3298.000000
3270.000000
3250.000000
3294.000000
3248.000000
3344.000000
3362.000000
3316.000000
3384.000000
3378.000000
3332.000000
3308.000000
3374.000000
3448.000000
3506.000000
3550.000000
3494.000000
3552.000000
3530.000000
3520.000000
3532.000000
3590.000000
3588.000000
3550.000000
3614.000000
3642.000000
3564.000000
3530.000000
3522.000000
3524.000000
3622.000000
3666.000000
3674.000000
3692.000000
3728.000000
3732.000000
3682.000000
3756.000000
3782.000000
3788.000000
3794.000000
3846.000000
3806.000000
3848.000000
3864.000000
3754.000000
3766.000000
3766.000000
3870.000000
3822.000000
3868.000000
3744.000000
3896.000000
3400.000000
3316.000000
3304.000000
3562.000000
3554.000000
3146.000000
3348.000000
3554.000000
3162.000000
3184.000000
2990.000000
2808.000000
3204.000000
3030.000000
3112.000000
3072.000000
3280.000000
2940.000000
2902.000000
2832.000000
2526.000000
2526.000000
2542.000000
2574.000000
2796.000000
2882.000000
2660.000000
2654.000000
2708.000000
2692.000000
2672.000000
2680.000000
2764.000000
2702.000000
2746.000000
2620.000000
2446.000000
2434.000000
2408.000000
2384.000000
2388.000000
2372.000000
2408.000000
2396.000000
2522.000000
2632.000000
2640.000000
2644.000000
2600.000000
2606.000000
2558.000000
2676.000000
2898.000000
2714.000000
2520.000000
2492.000000
2786.000000
2846.000000
3076.000000
3198.000000
2728.000000
2532.000000
2448.000000
2556.000000
2816.000000
2928.000000
2892.000000
2840.000000
3246.000000
3416.000000
3670.000000
3554.000000
3228.000000
3240.000000
3224.000000
3472.000000
3550.000000
3628.000000
3746.000000
3714.000000
3866.000000
3752.000000
3670.000000
3784.000000
3924.000000
3786.000000
3898.000000
3908.000000
3716.000000
3708.000000
3794.000000
3854.000000
3718.000000
3858.000000
3656.000000
3578.000000
3478.000000
3574.000000
3480.000000
3432.000000
3486.000000
3432.000000
3016.000000
3224.000000
3132.000000
3250.000000
3424.000000
3430.000000
3498.000000
3508.000000
3426.000000
3430.000000
3384.000000
3284.000000
3380.000000
3472.000000
3230.000000
3318.000000
3300.000000
3444.000000
3260.000000
3422.000000
3412.000000
3270.000000
3574.000000
3474.000000
3450.000000
3566.000000
3500.000000
3518.000000
3540.000000
3496.000000
3616.000000
3708.000000
3770.000000
3790.000000
3714.000000
3766.000000
3604.000000
3558.000000
3682.000000
3774.000000
3826.000000
3884.000000
3920.000000
3964.000000
3918.000000
4144.000000
3998.000000
3960.000000
3894.000000
3974.000000
3882.000000
3766.000000
3702.000000
3660.000000
3814.000000
3706.000000
3666.000000
3620.000000
3334.000000
3540.000000
3476.000000
3438.000000
3492.000000
3452.000000
3636.000000
3716.000000
3470.000000
3534.000000
3258.000000
3382.000000
3338.000000
3230.000000
3292.000000
3248.000000
3482.000000
3582.000000
3300.000000
3532.000000
3316.000000
3324.000000
3482.000000
3282.000000
3202.000000
3556.000000
3576.000000
3404.000000
3424.000000
3376.000000
3476.000000
3562.000000
3556.000000
3544.000000
3498.000000
3512.000000
3604.000000
3570.000000
3604.000000
3526.000000
3592.000000
3524.000000
3496.000000
3616.000000
3654.000000
3740.000000
3824.000000
3624.000000
3774.000000
3554.000000
3408.000000
3758.000000
3550.000000
3736.000000
3692.000000
3562.000000
3912.000000
3578.000000
3688.000000
4132.000000
3788.000000
4110.000000
4030.000000
3866.000000
4142.000000
3872.000000
3986.000000
4142.000000
3872.000000
4112.000000
3910.000000
3796.000000
3764.000000
3618.000000
3564.000000
3594.000000
3470.000000
3512.000000
3214.000000
3048.000000
3240.000000
2976.000000
3116.000000
3014.000000
3158.000000
3074.000000
2976.000000
2894.000000
2884.000000
2966.000000
2958.000000
2858.000000
2904.000000
2918.000000
2924.000000
2796.000000
2904.000000
2918.000000
2924.000000
2796.000000
2904.000000
2918.000000
2924.000000
2796.000000
2990.000000
2974.000000
3050.000000
2936.000000
3090.000000
3088.000000
3122.000000
3076.000000
2886.000000
2940.000000
3026.000000
3136.000000
3082.000000
3070.000000
3134.000000
3164.000000
3274.000000
3260.000000
3286.000000
3234.000000
3260.000000
3336.000000
3360.000000
3310.000000
3260.000000
3336.000000
3360.000000
3310.000000
3260.000000
3336.000000
3360.000000
3310.000000
3340.000000
3434.000000
3422.000000
3568.000000
3458.000000
3526.000000
3638.000000
3568.000000
3350.000000
3310.000000
3400.000000
3332.000000
3220.000000
3058.000000
3064.000000
3024.000000
2920.000000
2946.000000
2930.000000
2882.000000
2790.000000
2814.000000
2850.000000
2708.000000
2562.000000
2414.000000
2482.000000
2400.000000
2318.000000
2404.000000
2298.000000
2304.000000
2298.000000
2358.000000
2242.000000
2232.000000
2096.000000
2266.000000
2186.000000
2250.000000
2420.000000
2496.000000
2506.000000
2550.000000
2802.000000
2752.000000
2892.000000
3100.000000
3274.000000
3386.000000
3444.000000
3270.000000
3412.000000
3202.000000
3306.000000
3358.000000
3374.000000
3444.000000
3562.000000
3870.000000
3724.000000
3540.000000
3524.000000
3576.000000
3718.000000
3828.000000
3800.000000
3428.000000
3680.000000
3668.000000
3546.000000
3806.000000
3484.000000
3528.000000
3772.000000
3620.000000
3762.000000
3746.000000
3514.000000
3644.000000
3770.000000
3696.000000
3768.000000
3784.000000
3722.000000
3722.000000
3892.000000
3766.000000
3944.000000
3964.000000
3670.000000
3606.000000
3438.000000
3426.000000
3394.000000
3358.000000
3418.000000
3536.000000
3152.000000
3016.000000
2990.000000
3018.000000
3106.000000
3080.000000
3122.000000
3250.000000
3152.000000
3050.000000
3568.000000
3318.000000
3604.000000
3752.000000
3828.000000
3866.000000
3766.000000
3662.000000
3702.000000
3692.000000
3846.000000
3906.000000
3724.000000
3804.000000
3730.000000
3880.000000
3800.000000
3756.000000
3862.000000
3918.000000
3854.000000
3792.000000
3850.000000
3830.000000
4004.000000
3894.000000
3750.000000
3760.000000
3892.000000
3740.000000
3716.000000
3852.000000
3854.000000
3988.000000
3890.000000
3870.000000
3994.000000
3958.000000
3954.000000
4068.000000
3872.000000
3942.000000
3854.000000
3618.000000
3608.000000
3522.000000
3444.000000
3454.000000
3304.000000
3296.000000
3368.000000
3210.000000
3548.000000
3536.000000
3568.000000
3506.000000
3526.000000
3528.000000
3300.000000
3278.000000
2994.000000
2948.000000
3226.000000
3108.000000
3290.000000
3254.000000
3198.000000
3600.000000
3552.000000
3868.000000
3966.000000
3718.000000
3714.000000
3696.000000
3790.000000
3762.000000
3950.000000
3940.000000
3860.000000
3826.000000
3890.000000
3858.000000
3762.000000
3828.000000
3964.000000
3856.000000
3956.000000
3982.000000
3966.000000
3982.000000
3758.000000
3678.000000
3812.000000
3682.000000
3980.000000
3884.000000
3940.000000
4084.000000
3922.000000
3824.000000
3750.000000
3818.000000
3890.000000
4002.000000
3940.000000
3926.000000
3716.000000
3744.000000
3910.000000
3710.000000
3752.000000
3750.000000
3664.000000
3736.000000
3698.000000
3420.000000
3336.000000
3344.000000
3320.000000
3164.000000
3042.000000
3080.000000
3134.000000
2946.000000
2814.000000
3138.000000
3116.000000
3074.000000
3380.000000
3386.000000
3396.000000
3412.000000
3510.000000
3636.000000
3500.000000
3382.000000
3238.000000
3544.000000
3556.000000
3524.000000
3624.000000
3880.000000
3844.000000
3822.000000
3678.000000
3768.000000
3666.000000
3724.000000
3826.000000
3830.000000
3686.000000
3576.000000
3892.000000
3820.000000
3796.000000
3820.000000
3976.000000
3896.000000
3866.000000
3956.000000
3874.000000
3946.000000
3936.000000
3694.000000
3912.000000
3996.000000
3856.000000
3964.000000
3610.000000
3550.000000
3626.000000
3830.000000
3550.000000
3676.000000
3650.000000
3282.000000
3248.000000
3278.000000
3234.000000
3274.000000
3076.000000
2940.000000
2932.000000
3056.000000
3092.000000
3164.000000
3302.000000
3052.000000
3432.000000
3428.000000
3384.000000
3294.000000
3386.000000
3400.000000
3584.000000
3272.000000
3262.000000
3432.000000
3276.000000
3222.000000
3340.000000
3546.000000
3672.000000
3686.000000
3708.000000
3806.000000
3714.000000
3654.000000
3602.000000
3576.000000
3736.000000
4038.000000
3884.000000
4008.000000
4032.000000
3976.000000
3712.000000
3684.000000
3670.000000
3820.000000
3894.000000
3662.000000
3848.000000
3754.000000
3680.000000
3834.000000
3874.000000
3696.000000
3714.000000
3632.000000
3508.000000
3564.000000
3490.000000
3534.000000
3482.000000
3224.000000
3260.000000
3356.000000
3288.000000
3162.000000
3182.000000
3128.000000
3128.000000
2948.000000
3240.000000
3148.000000
3228.000000
3312.000000
3458.000000
3410.000000
3506.000000
3402.000000
3528.000000
3694.000000
3642.000000
3468.000000
3574.000000
3598.000000
3514.000000
3464.000000
3506.000000
3494.000000
3594.000000
3628.000000
3582.000000
3626.000000
3696.000000
3576.000000
3728.000000
3682.000000
3774.000000
3740.000000
3960.000000
3928.000000
3920.000000
3918.000000
3670.000000
3742.000000
3738.000000
3702.000000
3608.000000
3598.000000
3662.000000
3552.000000
3506.000000
3436.000000
3408.000000
3468.000000
3486.000000
3482.000000
3396.000000
3404.000000
3400.000000
3346.000000
3238.000000
3240.000000
3306.000000
3262.000000
2928.000000
2904.000000
3004.000000
3056.000000
3068.000000
3112.000000
3206.000000
2816.000000
2760.000000
2768.000000
2982.000000
3066.000000
3026.000000
2998.000000
2944.000000
3052.000000
3010.000000
3088.000000
3290.000000
3232.000000
3296.000000
3508.000000
3498.000000
3824.000000
3744.000000
3484.000000
3762.000000
3552.000000
3598.000000
3844.000000
3832.000000
3902.000000
3954.000000
3836.000000
4030.000000
3702.000000
3634.000000
3804.000000
3418.000000
3574.000000
3684.000000
3308.000000
3644.000000
3684.000000
3394.000000
3472.000000
3400.000000
3502.000000
3654.000000
3748.000000
3398.000000
3390.000000
3316.000000
3456.000000
3618.000000
3566.000000
3360.000000
3244.000000
2736.000000
2766.000000
2834.000000
2898.000000
3052.000000
2820.000000
2810.000000
2470.000000
2556.000000
2528.000000
2574.000000
2520.000000
2428.000000
2250.000000
2404.000000
2564.000000
2606.000000
2562.000000
2738.000000
2772.000000
2438.000000
2388.000000
2412.000000
2478.000000
2252.000000
2426.000000
2482.000000
2368.000000
2616.000000
2644.000000
2800.000000
2880.000000
2892.000000
2994.000000
2850.000000
2862.000000
3006.000000
3012.000000
3150.000000
3242.000000
3254.000000
3290.000000
3138.000000
3450.000000
3674.000000
3614.000000
3702.000000
3466.000000
3512.000000
3286.000000
3472.000000
3482.000000
3458.000000
3474.000000
3490.000000
3570.000000
3728.000000
3466.000000
3582.000000
3554.000000
3632.000000
3860.000000
3958.000000
3758.000000
3600.000000
3440.000000
3310.000000
3138.000000
3240.000000
3156.000000
3084.000000
2976.000000
2846.000000
2782.000000
2794.000000
2688.000000
2204.000000
1922.000000
1816.000000
1866.000000
2162.000000
2284.000000
2310.000000
2234.000000
2310.000000
2402.000000
2500.000000
2502.000000
2450.000000
2486.000000
2452.000000
2482.000000
2550.000000
2528.000000
2480.000000
2490.000000
2576.000000
2612.000000
2654.000000
2890.000000
3062.000000
3228.000000
3166.000000
3028.000000
3208.000000
3370.000000
3478.000000
3610.000000
3788.000000
3588.000000
3422.000000
3432.000000
3340.000000
3342.000000
3370.000000
3514.000000
3480.000000
3508.000000
3482.000000
3358.000000
3428.000000
3332.000000
3378.000000
3422.000000
3162.000000
3140.000000
3114.000000
3122.000000
3386.000000
3198.000000
3108.000000
3102.000000
3112.000000
3058.000000
2722.000000
2696.000000
2994.000000
3088.000000
3372.000000
3256.000000
2702.000000
2772.000000
2482.000000
2504.000000
2888.000000
2806.000000
2884.000000
2794.000000
2962.000000
3012.000000
3006.000000
2976.000000
3146.000000
3204.000000
3218.000000
3130.000000
3078.000000
2996.000000
2976.000000
2962.000000
2702.000000
2538.000000
2522.000000
2544.000000
2446.000000
2540.000000
2552.000000
2674.000000
2686.000000
2746.000000
2764.000000
2842.000000
3288.000000
3174.000000
3260.000000
3314.000000
3300.000000
3290.000000
3266.000000
3512.000000
3418.000000
3312.000000
3192.000000
2898.000000
2782.000000
2822.000000
2940.000000
2944.000000
3300.000000
3186.000000
3196.000000
3554.000000
3358.000000
3766.000000
3746.000000
3590.000000
3744.000000
3326.000000
3736.000000
3722.000000
3784.000000
3630.000000
3536.000000
3584.000000
3476.000000
3740.000000
4008.000000
3834.000000
3734.000000
3308.000000
3196.000000
3294.000000
3348.000000
3300.000000
3276.000000
3450.000000
3290.000000
3268.000000
3174.000000
2800.000000
2592.000000
2608.000000
2638.000000
2604.000000
2652.000000
2566.000000
2612.000000
2596.000000
2974.000000
2946.000000
3064.000000
2874.000000
2688.000000
2688.000000
2670.000000
2698.000000
2638.000000
2680.000000
2726.000000
2696.000000
2702.000000
2740.000000
2736.000000
2686.000000
2792.000000
2828.000000
2986.000000
3032.000000
3054.000000
3118.000000
3160.000000
3132.000000
2998.000000
3064.000000
3246.000000
3266.000000
3318.000000
3076.000000
3126.000000
3094.000000
3094.000000
3096.000000
3072.000000
3092.000000
3794.000000
3944.000000
3476.000000
3326.000000
3214.000000
3330.000000
3516.000000
3740.000000
3886.000000
3660.000000
3670.000000
3370.000000
3700.000000
3604.000000
3762.000000
4202.000000
3592.000000
3488.000000
3698.000000
3544.000000
3382.000000
3416.000000
3262.000000
2502.000000
2054.000000
2502.000000
2418.000000
2528.000000
2630.000000
2590.000000
2552.000000
2302.000000
2424.000000
1766.000000
1650.000000
2466.000000
1744.000000
1888.000000
1982.000000
1872.000000
2216.000000
2092.000000
2150.000000
2148.000000
2446.000000
2500.000000
2634.000000
2474.000000
3136.000000
3240.000000
2752.000000
2758.000000
3002.000000
3110.000000
3326.000000
3468.000000
3792.000000
3692.000000
3654.000000
3624.000000
3936.000000
4094.000000
3906.000000
3598.000000
3768.000000
3780.000000
3744.000000
3932.000000
3416.000000
3580.000000
3708.000000
3542.000000
3944.000000
3842.000000
3532.000000
3970.000000
3710.000000
3622.000000
3798.000000
3508.000000
3966.000000
3998.000000
3588.000000
3600.000000
3352.000000
3220.000000
2962.000000
2864.000000
2476.000000
2506.000000
2404.000000
2382.000000
2364.000000
2682.000000
2576.000000
2536.000000
2392.000000
2138.000000
2138.000000
2490.000000
2450.000000
2382.000000
2378.000000
2496.000000
2576.000000
2690.000000
2500.000000
2354.000000
2254.000000
2482.000000
2624.000000
2692.000000
2480.000000
2592.000000
2584.000000
2666.000000
2922.000000
2848.000000
2834.000000
2932.000000
3106.000000
2922.000000
3008.000000
3316.000000
3194.000000
3380.000000
3392.000000
3174.000000
3680.000000
3300.000000
3426.000000
3428.000000
3526.000000
3480.000000
3402.000000
3696.000000
3946.000000
3778.000000
3644.000000
3904.000000
3530.000000
3570.000000
3428.000000
3220.000000
3058.000000
2758.000000
3004.000000
2946.000000
3268.000000
3374.000000
3062.000000
3682.000000
3538.000000
3906.000000
3896.000000
3482.000000
3786.000000
3548.000000
3416.000000
3634.000000
3236.000000
3270.000000
3336.000000
3230.000000
3304.000000
3282.000000
3318.000000
3126.000000
3204.000000
3354.000000
3256.000000
3322.000000
3216.000000
3280.000000
3442.000000
3176.000000
3310.000000
3248.000000
3074.000000
3006.000000
2880.000000
2958.000000
2792.000000
2802.000000
2670.000000
2776.000000
2702.000000
2984.000000
3212.000000
3052.000000
2520.000000
2194.000000
2090.000000
2064.000000
1946.000000
1870.000000
1920.000000
1888.000000
1848.000000
1774.000000
1796.000000
1716.000000
1832.000000
1690.000000
1876.000000
1812.000000
1856.000000
2084.000000
2088.000000
2356.000000
2584.000000
2322.000000
2914.000000
2598.000000
2570.000000
3276.000000
2792.000000
3220.000000
3188.000000
2870.000000
3324.000000
3220.000000
3292.000000
3546.000000
3626.000000
3876.000000
3734.000000
3472.000000
3436.000000
3364.000000
3378.000000
3536.000000
3726.000000
3696.000000
3576.000000
3720.000000
3514.000000
3654.000000
3794.000000
3788.000000
3756.000000
3760.000000
3540.000000
3532.000000
3742.000000
3394.000000
3308.000000
3578.000000
3452.000000
3488.000000
3768.000000
3938.000000
3884.000000
3842.000000
3704.000000
3718.000000
3718.000000
3452.000000
3590.000000
3706.000000
3614.000000
3530.000000
3516.000000
3296.000000
3130.000000
3204.000000
3346.000000
3308.000000
3240.000000
3274.000000
3184.000000
3254.000000
2984.000000
3236.000000
3308.000000
3238.000000
2986.000000
3042.000000
3128.000000
3300.000000
3480.000000
3400.000000
3312.000000
3772.000000
3512.000000
3644.000000
3762.000000
3808.000000
3860.000000
3716.000000
3984.000000
4024.000000
3742.000000
3854.000000
3816.000000
3766.000000
3838.000000
3738.000000
3752.000000
3830.000000
3916.000000
3950.000000
4174.000000
3914.000000
3662.000000
4156.000000
3926.000000
3744.000000
3824.000000
3728.000000
3844.000000
3718.000000
3782.000000
3852.000000
3882.000000
3502.000000
3464.000000
3378.000000
3464.000000
3404.000000
3268.000000
3426.000000
3388.000000
3264.000000
3412.000000
3284.000000
3400.000000
3414.000000
3266.000000
3086.000000
2972.000000
2754.000000
2952.000000
3134.000000
2986.000000
3126.000000
3156.000000
3232.000000
3408.000000
3598.000000
3684.000000
3792.000000
3706.000000
3868.000000
3634.000000
4000.000000
4158.000000
3696.000000
4052.000000
3670.000000
3524.000000
3920.000000
3464.000000
4046.000000
3950.000000
3696.000000
4066.000000
3832.000000
3866.000000
3936.000000
3618.000000
3754.000000
4014.000000
3608.000000
3756.000000
3878.000000
3560.000000
3400.000000
3534.000000
3320.000000
3820.000000
3750.000000
3820.000000
3832.000000
3736.000000
3700.000000
3662.000000
3398.000000
3568.000000
3502.000000
3242.000000
3310.000000
3364.000000
3200.000000
3304.000000
3020.000000
2800.000000
3042.000000
2602.000000
2348.000000
2516.000000
2464.000000
2376.000000
2560.000000
2580.000000
2320.000000
2824.000000
2576.000000
2766.000000
2812.000000
2732.000000
2776.000000
2850.000000
2754.000000
3058.000000
3026.000000
3020.000000
3170.000000
3604.000000
3480.000000
3534.000000
3820.000000
3614.000000
3708.000000
3696.000000
3468.000000
3688.000000
3654.000000
3684.000000
3666.000000
3544.000000
3768.000000
3628.000000
3482.000000
3674.000000
3312.000000
3306.000000
3638.000000
3232.000000
3664.000000
4978.000000
4130.000000
2738.000000
2528.000000
2534.000000
3380.000000
3672.000000
2906.000000
2720.000000
2810.000000
3040.000000
3106.000000
3038.000000
3190.000000
3134.000000
2970.000000
2980.000000
2896.000000
2898.000000
2840.000000
2832.000000
2854.000000
2824.000000
2824.000000
2908.000000
2922.000000
2834.000000
2754.000000
2800.000000
2778.000000
2702.000000
2802.000000
2740.000000
2766.000000
2758.000000
2842.000000
2876.000000
2876.000000
2926.000000
2902.000000
2842.000000
2688.000000
2556.000000
2450.000000
2384.000000
2454.000000
2426.000000
2402.000000
2374.000000
2396.000000
2522.000000
2486.000000
2304.000000
2212.000000
2300.000000
2298.000000
2470.000000
2576.000000
2716.000000
2644.000000
2680.000000
2682.000000
2508.000000
2518.000000
2412.000000
2392.000000
2310.000000
2388.000000
2402.000000
2436.000000
2496.000000
2546.000000
2528.000000
2526.000000
2476.000000
2512.000000
2476.000000
2458.000000
2468.000000
2472.000000
2448.000000
2474.000000
2474.000000
2478.000000
2474.000000
2478.000000
2482.000000
2494.000000
2492.000000
2470.000000
2492.000000
2490.000000
2432.000000
2480.000000
2494.000000
2466.000000
2498.000000
2434.000000
2454.000000
2486.000000
2474.000000
2478.000000
2486.000000
2496.000000
2476.000000
2460.000000
2492.000000
2484.000000
2558.000000
2444.000000
2502.000000
2486.000000
2506.000000
2488.000000
2472.000000
2482.000000
2472.000000
2470.000000
2476.000000
2474.000000
2478.000000
2498.000000
2432.000000
2502.000000
2478.000000
2462.000000
2472.000000
2472.000000
2466.000000
2486.000000
2464.000000
2470.000000
2480.000000
2492.000000
2474.000000
2448.000000
2474.000000
2464.000000
2474.000000
2486.000000
2480.000000
2478.000000
2490.000000
2482.000000
2472.000000
2542.000000
2470.000000
2474.000000
2510.000000
2486.000000
2486.000000
2482.000000
2458.000000
2464.000000
2476.000000
2488.000000
2478.000000
2480.000000
2486.000000
2486.000000
2474.000000
2552.000000
2482.000000
2484.000000
2478.000000
2482.000000
2494.000000
2470.000000
2478.000000
2490.000000
2470.000000
2488.000000
2482.000000
2484.000000
2468.000000
2484.000000
2480.000000
2496.000000
2462.000000
2446.000000
2474.000000
2464.000000
2486.000000
2462.000000
2482.000000
2480.000000
2468.000000
2472.000000
2486.000000
2472.000000
2486.000000
2470.000000
2550.000000
2480.000000
2458.000000
2500.000000
2508.000000
2482.000000
2480.000000
2490.000000
2482.000000
2478.000000
2482.000000
2532.000000
2554.000000
2576.000000
2570.000000
2504.000000
2398.000000
2396.000000
2296.000000
2244.000000
2334.000000
2374.000000
2538.000000
2538.000000
2552.000000
2530.000000
2490.000000
2460.000000
2468.000000
2418.000000
2416.000000
2392.000000
2446.000000
2380.000000
2444.000000
2470.000000
2478.000000
2456.000000
2436.000000
2432.000000
2402.000000
2476.000000
2470.000000
2448.000000
2482.000000
2476.000000
2444.000000
2472.000000
2470.000000
2460.000000
2454.000000
2486.000000
2470.000000
2452.000000
2458.000000
2434.000000
2402.000000
2436.000000
2462.000000
2454.000000
2466.000000
2442.000000
2448.000000
2468.000000
2468.000000
2482.000000
2436.000000
2472.000000
2452.000000
2456.000000
2446.000000
2474.000000
2490.000000
2468.000000
2450.000000
2484.000000
2428.000000
2460.000000
2442.000000
2462.000000
2434.000000
2442.000000
2466.000000
2488.000000
2434.000000
2450.000000
2474.000000
2450.000000
2448.000000
2468.000000
2450.000000
2454.000000
2454.000000
2450.000000
2456.000000
2452.000000
2476.000000
2444.000000
2474.000000
2460.000000
2484.000000
2462.000000
2450.000000
2476.000000
2388.000000
2482.000000
2476.000000
2474.000000
2462.000000
2476.000000
2460.000000
2454.000000
2444.000000
2486.000000
2470.000000
2480.000000
2456.000000
2426.000000
2462.000000
2446.000000
2466.000000
2446.000000
2472.000000
2452.000000
2456.000000
2472.000000
2462.000000
2444.000000
2456.000000
2450.000000
2474.000000
2488.000000
2494.000000
2462.000000
2470.000000
2458.000000
2466.000000
2460.000000
2442.000000
2436.000000
2450.000000
2442.000000
2476.000000
2454.000000
2464.000000
2446.000000
2478.000000
2464.000000
2460.000000
2474.000000
2450.000000
2436.000000
2450.000000
2494.000000
2468.000000
2482.000000
2468.000000
2438.000000
2476.000000
2470.000000
2474.000000
2494.000000
2450.000000
2424.000000
2456.000000
2458.000000
2444.000000
2486.000000
2454.000000
2478.000000
2470.000000
2494.000000
2480.000000
2432.000000
2474.000000
2436.000000
2452.000000
2370.000000
2458.000000
2444.000000
2460.000000
2434.000000
2442.000000
2434.000000
2468.000000
2370.000000
2466.000000
2444.000000
2484.000000
2454.000000
2478.000000
2460.000000
2448.000000
2460.000000
2452.000000
2446.000000
2438.000000
2458.000000
2462.000000
2462.000000
2454.000000
2452.000000
2432.000000
2438.000000
2492.000000
2452.000000
2466.000000
2446.000000
2476.000000
2492.000000
2456.000000
2456.000000
2490.000000
2446.000000
2460.000000
2478.000000
2476.000000
2464.000000
2438.000000
2492.000000
2442.000000
2438.000000
2480.000000
2432.000000
2462.000000
2456.000000
2450.000000
2444.000000
2458.000000
2432.000000
2430.000000
2446.000000
2450.000000
2470.000000
2368.000000
2452.000000
2452.000000
2462.000000
2454.000000
2462.000000
2448.000000
2462.000000
2372.000000
2456.000000
2430.000000
2460.000000
2446.000000
2434.000000
2428.000000
2428.000000
2444.000000
2402.000000
2436.000000
2374.000000
2466.000000
2434.000000
2438.000000
2470.000000
2458.000000
2426.000000
2452.000000
2438.000000
2486.000000
2468.000000
2484.000000
2470.000000
2410.000000
2478.000000
2434.000000
2460.000000
2446.000000
2420.000000
2482.000000
2478.000000
2468.000000
2428.000000
2400.000000
2452.000000
2442.000000
2430.000000
2428.000000
2454.000000
2426.000000
2460.000000
2452.000000
2440.000000
2454.000000
2436.000000
2452.000000
2494.000000
2488.000000
2432.000000
2450.000000
2462.000000
2464.000000
2468.000000
2462.000000
2454.000000
2476.000000
2468.000000
2420.000000
2494.000000
2456.000000
2494.000000
2478.000000
2438.000000
2454.000000
2446.000000
2446.000000
2460.000000
2438.000000
2454.000000
2464.000000
2442.000000
2454.000000
2416.000000
2442.000000
2486.000000
2448.000000
2448.000000
2436.000000
2452.000000
2472.000000
2450.000000
2452.000000
2464.000000
2438.000000
2472.000000
2478.000000
2448.000000
2428.000000
2372.000000
2452.000000
2424.000000
2460.000000
2496.000000
2478.000000
2470.000000
2432.000000
2428.000000
2438.000000
2452.000000
2450.000000
2480.000000
2418.000000
2454.000000
2464.000000
2464.000000
2468.000000
2436.000000
2480.000000
2436.000000
2444.000000
2436.000000
2476.000000
2422.000000
2442.000000
2452.000000
2450.000000
2470.000000
2466.000000
2446.000000
2420.000000
2450.000000
2454.000000
2404.000000
2424.000000
2452.000000
2472.000000
2488.000000
2458.000000
2450.000000
2488.000000
2438.000000
2434.000000
2418.000000
2452.000000
2446.000000
2464.000000
2446.000000
2422.000000
2412.000000
2434.000000
2474.000000
2410.000000
2432.000000
2474.000000
2444.000000
2436.000000
2448.000000
2436.000000
2438.000000
2458.000000
2470.000000
2462.000000
2476.000000
2448.000000
2436.000000
2428.000000
2428.000000
2458.000000
2460.000000
2426.000000
2444.000000
2420.000000
2450.000000
2476.000000
2468.000000
2452.000000
2414.000000
2446.000000
2454.000000
2464.000000
2418.000000
2422.000000
2426.000000
2462.000000
2456.000000
2424.000000
2460.000000
2494.000000
2422.000000
2448.000000
2484.000000
2448.000000
2450.000000
2442.000000
2428.000000
2448.000000
2456.000000
2454.000000
2466.000000
2478.000000
2410.000000
2430.000000
2432.000000
2448.000000
2444.000000
2462.000000
2454.000000
2444.000000
2440.000000
2456.000000
2434.000000
2446.000000
2474.000000
2396.000000
2450.000000
2422.000000
2390.000000
2452.000000
2444.000000
2458.000000
2476.000000
2436.000000
2466.000000
2470.000000
2492.000000
2452.000000
2434.000000
2476.000000
2386.000000
2458.000000
2428.000000
2430.000000
2434.000000
2470.000000
2450.000000
2464.000000
2464.000000
2472.000000
2478.000000
2418.000000
2470.000000
2432.000000
2456.000000
2436.000000
2444.000000
2424.000000
2446.000000
2468.000000
2476.000000
2490.000000
2436.000000
2490.000000
2446.000000
2438.000000
2424.000000
2484.000000
2448.000000
2474.000000
2436.000000
2468.000000
2456.000000
2452.000000
2470.000000
2456.000000
2478.000000
2448.000000
2452.000000
2438.000000
2432.000000
2432.000000
2420.000000
2450.000000
2432.000000
2434.000000
2446.000000
2490.000000
2468.000000
2448.000000
2438.000000
2456.000000
2460.000000
2396.000000
2490.000000
2470.000000
2478.000000
2432.000000
2492.000000
2450.000000
2434.000000
2468.000000
2434.000000
2448.000000
2446.000000
2448.000000
2448.000000
2432.000000
2466.000000
2390.000000
2468.000000
2458.000000
2432.000000
2478.000000
2412.000000
2442.000000
2450.000000
2408.000000
2434.000000
2438.000000
2370.000000
2434.000000
2452.000000
2448.000000
2454.000000
2440.000000
2420.000000
2452.000000
2396.000000
2490.000000
2462.000000
2436.000000
2444.000000
2462.000000
2460.000000
2434.000000
2388.000000
2494.000000
2462.000000
2464.000000
2452.000000
2422.000000
2438.000000
2430.000000
2432.000000
2458.000000
2460.000000
2424.000000
2444.000000
2464.000000
2448.000000
2458.000000
2428.000000
2426.000000
2436.000000
2426.000000
2490.000000
2450.000000
2442.000000
2466.000000
2466.000000
2422.000000
2440.000000
2434.000000
2370.000000
2372.000000
2466.000000
2480.000000
2464.000000
2428.000000
2466.000000
2454.000000
2438.000000
2456.000000
2460.000000
2450.000000
2426.000000
2448.000000
2432.000000
2446.000000
2426.000000
2474.000000
2486.000000
2470.000000
2388.000000
2462.000000
2442.000000
2466.000000
2448.000000
2438.000000
2450.000000
2458.000000
2480.000000
2446.000000
2482.000000
2446.000000
2426.000000
2430.000000
2464.000000
2442.000000
2446.000000
2446.000000
2460.000000
2494.000000
2444.000000
2386.000000
2474.000000
2438.000000
2446.000000
2486.000000
2368.000000
2428.000000
2454.000000
2492.000000
2444.000000
2450.000000
2454.000000
2438.000000
2446.000000
2456.000000
2450.000000
2424.000000
2440.000000
2436.000000
2456.000000
2458.000000
2462.000000
2440.000000
2466.000000
2456.000000
2494.000000
2450.000000
2372.000000
2378.000000
2380.000000
2428.000000
2438.000000
2468.000000
2424.000000
2460.000000
2444.000000
2446.000000
2440.000000
2424.000000
2426.000000
2436.000000
2466.000000
2460.000000
2422.000000
2452.000000
2486.000000
2384.000000
2472.000000
2444.000000
2452.000000
2432.000000
2430.000000
2448.000000
2418.000000
2438.000000
2482.000000
2486.000000
2444.000000
2490.000000
2430.000000
2388.000000
2454.000000
2438.000000
2462.000000
2456.000000
2458.000000
2450.000000
2426.000000
2432.000000
2378.000000
2424.000000
2474.000000
2486.000000
2434.000000
2452.000000
2450.000000
2432.000000
2456.000000
2432.000000
2448.000000
2480.000000
2452.000000
2442.000000
2454.000000
2482.000000
2448.000000
2464.000000
2442.000000
2456.000000
2418.000000
2470.000000
2470.000000
2424.000000
2452.000000
2444.000000
2444.000000
2488.000000
2462.000000
2450.000000
2432.000000
2438.000000
2432.000000
2422.000000
2440.000000
2444.000000
2474.000000
2476.000000
2442.000000
2420.000000
2402.000000
2436.000000
2438.000000
2426.000000
2428.000000
2440.000000
2474.000000
2496.000000
2434.000000
2466.000000
2478.000000
2394.000000
2410.000000
2426.000000
2484.000000
2474.000000
2472.000000
2492.000000
2436.000000
2434.000000
2488.000000
2416.000000
2476.000000
2446.000000
2420.000000
2396.000000
2414.000000
2392.000000
2430.000000
2398.000000
2418.000000
2212.000000
2352.000000
2428.000000
2324.000000
2408.000000
2538.000000
2674.000000
2566.000000
2572.000000
2640.000000
2732.000000
2680.000000
2684.000000
2718.000000
2688.000000
2822.000000
2692.000000
2712.000000
2744.000000
2658.000000
3000.000000
3084.000000
3052.000000
3026.000000
2804.000000
3454.000000
3520.000000
3644.000000
3622.000000
3704.000000
3606.000000
3826.000000
3884.000000
3824.000000
3874.000000
3890.000000
3894.000000
3468.000000
3496.000000
3680.000000
3596.000000
3686.000000
3636.000000
3380.000000
3222.000000
3160.000000
3106.000000
3314.000000
2998.000000
2812.000000
3372.000000
3092.000000
2664.000000
2432.000000
2350.000000
2678.000000
2254.000000
2236.000000
2390.000000
2786.000000
2842.000000
2854.000000
2976.000000
3016.000000
3152.000000
3216.000000
3164.000000
3098.000000
3130.000000
3162.000000
3428.000000
3306.000000
3410.000000
3506.000000
3412.000000
3306.000000
3794.000000
3490.000000
3580.000000
3606.000000
3632.000000
3696.000000
3760.000000
3750.000000
3752.000000
3720.000000
3880.000000
4066.000000
4164.000000
4094.000000
4224.000000
4338.000000
4224.000000
4108.000000
4398.000000
4352.000000
4672.000000
4422.000000
4184.000000
4002.000000
4016.000000
3956.000000
3624.000000
3518.000000
3486.000000
3328.000000
3380.000000
3522.000000
3202.000000
3294.000000
3250.000000
3050.000000
3044.000000
2956.000000
2930.000000
2530.000000
2528.000000
2462.000000
2522.000000
2658.000000
2614.000000
2598.000000
2612.000000
2934.000000
2864.000000
3010.000000
2998.000000
2820.000000
3072.000000
3090.000000
2966.000000
2850.000000
2908.000000
2776.000000
2852.000000
3022.000000
2722.000000
2638.000000
2964.000000
3120.000000
2968.000000
2956.000000
3090.000000
2982.000000
3596.000000
3470.000000
3362.000000
3526.000000
3898.000000
4030.000000
3972.000000
3782.000000
3734.000000
3944.000000
4012.000000
3862.000000
3790.000000
3672.000000
3658.000000
3528.000000
3304.000000
3240.000000
3244.000000
3302.000000
3362.000000
3428.000000
3596.000000
3652.000000
4046.000000
4042.000000
4102.000000
4582.000000
3976.000000
4322.000000
4084.000000
3592.000000
4020.000000
3860.000000
3966.000000
4076.000000
3908.000000
3754.000000
3590.000000
3430.000000
3178.000000
3080.000000
3198.000000
2962.000000
3146.000000
3396.000000
3160.000000
3454.000000
3122.000000
3074.000000
2976.000000
3042.000000
3168.000000
3012.000000
2762.000000
3098.000000
3192.000000
3046.000000
3016.000000
3228.000000
2990.000000
3232.000000
3162.000000
3074.000000
3524.000000
3434.000000
3326.000000
3606.000000
3578.000000
3672.000000
4088.000000
3788.000000
3694.000000
3662.000000
3814.000000
3774.000000
3204.000000
3434.000000
3412.000000
3396.000000
4476.000000
4348.000000
4524.000000
4174.000000
4162.000000
4492.000000
4450.000000
4286.000000
3106.000000
3076.000000
3428.000000
3604.000000
3546.000000
3624.000000
3376.000000
2820.000000
3108.000000
2722.000000
2660.000000
2840.000000
2692.000000
2646.000000
2604.000000
2672.000000
3364.000000
3020.000000
2792.000000
2760.000000
3172.000000
2992.000000
3000.000000
2968.000000
3128.000000
3194.000000
3156.000000
3198.000000
3428.000000
3366.000000
3288.000000
3556.000000
3554.000000
3782.000000
3900.000000
3884.000000
4010.000000
3994.000000
3904.000000
4080.000000
3808.000000
3776.000000
4156.000000
3864.000000
4174.000000
4142.000000
3770.000000
3734.000000
3790.000000
3508.000000
4164.000000
4088.000000
3876.000000
4176.000000
4158.000000
3994.000000
3796.000000
3790.000000
3956.000000
3794.000000
3310.000000
3196.000000
3268.000000
3518.000000
2644.000000
2406.000000
2646.000000
2702.000000
2598.000000
2568.000000
2564.000000
2702.000000
2356.000000
2384.000000
2536.000000
2870.000000
2784.000000
2752.000000
2824.000000
2902.000000
3152.000000
3148.000000
3392.000000
3622.000000
3762.000000
3570.000000
3900.000000
3648.000000
3892.000000
4064.000000
4040.000000
3824.000000
4110.000000
3600.000000
3594.000000
4382.000000
3608.000000
3766.000000
4214.000000
3496.000000
4154.000000
3700.000000
3510.000000
4096.000000
3856.000000
3882.000000
3922.000000
3514.000000
3726.000000
3394.000000
3340.000000
3476.000000
3346.000000
2958.000000
3032.000000
2954.000000
2834.000000
2818.000000
2762.000000
2804.000000
2916.000000
3034.000000
3060.000000
3218.000000
3072.000000
3278.000000
3900.000000
3382.000000
3832.000000
3690.000000
3352.000000
3642.000000
3654.000000
3558.000000
3698.000000
3952.000000
4016.000000
4112.000000
3880.000000
4030.000000
4012.000000
3830.000000
3954.000000
3764.000000
3986.000000
3736.000000
3808.000000
4562.000000
3764.000000
4370.000000
4550.000000
3848.000000
4498.000000
3988.000000
3964.000000
4202.000000
3330.000000
3534.000000
3486.000000
2998.000000
2936.000000
3040.000000
2812.000000
2650.000000
3450.000000
2562.000000
2538.000000
2884.000000
3010.000000
2978.000000
2916.000000
3112.000000
3252.000000
3302.000000
3186.000000
3382.000000
3388.000000
3370.000000
3958.000000
4008.000000
3948.000000
3912.000000
4042.000000
4044.000000
3994.000000
4080.000000
3966.000000
3592.000000
3994.000000
4022.000000
3732.000000
3956.000000
3502.000000
3328.000000
3476.000000
3624.000000
3816.000000
3994.000000
3870.000000
3788.000000
3962.000000
3924.000000
3882.000000
3722.000000
3234.000000
3258.000000
3244.000000
3198.000000
2880.000000
2800.000000
3094.000000
3394.000000
3048.000000
3590.000000
3598.000000
2988.000000
3708.000000
3428.000000
3000.000000
3710.000000
3002.000000
3324.000000
3670.000000
3362.000000
3738.000000
3654.000000
3752.000000
3540.000000
3798.000000
3790.000000
3960.000000
3968.000000
3866.000000
3938.000000
3884.000000
3682.000000
3992.000000
3694.000000
3534.000000
4128.000000
3722.000000
4002.000000
4406.000000
3948.000000
4154.000000
4188.000000
3966.000000
3912.000000
3790.000000
3688.000000
3688.000000
3716.000000
3440.000000
3488.000000
3488.000000
3180.000000
3162.000000
2850.000000
2796.000000
2828.000000
2454.000000
2760.000000
3044.000000
2784.000000
3216.000000
3320.000000
3442.000000
3522.000000
3334.000000
3506.000000
3820.000000
3856.000000
3780.000000
3816.000000
3960.000000
3694.000000
4010.000000
3988.000000
3744.000000
4040.000000
3790.000000
3992.000000
4208.000000
3826.000000
4260.000000
4404.000000
4046.000000
4026.000000
3770.000000
3708.000000
3572.000000
3896.000000
3326.000000
3932.000000
3926.000000
3818.000000
4130.000000
3904.000000
4062.000000
4038.000000
3952.000000
3800.000000
3628.000000
3302.000000
3494.000000
3320.000000
3270.000000
2950.000000
2744.000000
2684.000000
2644.000000
2494.000000
2712.000000
2858.000000
2894.000000
3002.000000
3126.000000
3216.000000
3206.000000
3388.000000
3414.000000
3458.000000
3448.000000
3532.000000
3694.000000
3860.000000
3848.000000
3980.000000
3862.000000
4122.000000
4130.000000
4114.000000
3952.000000
3676.000000
3970.000000
4084.000000
3714.000000
3606.000000
3458.000000
3506.000000
3016.000000
3144.000000
3414.000000
3440.000000
3714.000000
3558.000000
3470.000000
3582.000000
4054.000000
3954.000000
3988.000000
4236.000000
3984.000000
3990.000000
4054.000000
4000.000000
4128.000000
3954.000000
3746.000000
3592.000000
3906.000000
3480.000000
3494.000000
3476.000000
3412.000000
2974.000000
2924.000000
2740.000000
2316.000000
2284.000000
2294.000000
2340.000000
2450.000000
2408.000000
2404.000000
2246.000000
2464.000000
2526.000000
2538.000000
2490.000000
2648.000000
2706.000000
2726.000000
2986.000000
3390.000000
3470.000000
3558.000000
3504.000000
3850.000000
4004.000000
3894.000000
3900.000000
4522.000000
4960.000000
4170.000000
3518.000000
3440.000000
3690.000000
4006.000000
4006.000000
4148.000000
4070.000000
3958.000000
3986.000000
3764.000000
4058.000000
4002.000000
3626.000000
4206.000000
3566.000000
3320.000000
3896.000000
3156.000000
3240.000000
3248.000000
3050.000000
2920.000000
2912.000000
2836.000000
2750.000000
2336.000000
2460.000000
3080.000000
3298.000000
3192.000000
3238.000000
3052.000000
2946.000000
3414.000000
3394.000000
3284.000000
3646.000000
4046.000000
4026.000000
4152.000000
4034.000000
3452.000000
3768.000000
3646.000000
3966.000000
3904.000000
3920.000000
3772.000000
3882.000000
3738.000000
3706.000000
3620.000000
3650.000000
3558.000000
3784.000000
3956.000000
3654.000000
4132.000000
4330.000000
4178.000000
4212.000000
4628.000000
4458.000000
4416.000000
3990.000000
4242.000000
4326.000000
4332.000000
4328.000000
3980.000000
3866.000000
3860.000000
3792.000000
3536.000000
3438.000000
3228.000000
2964.000000
3054.000000
2910.000000
2698.000000
2650.000000
2652.000000
2560.000000
2470.000000
2320.000000
2372.000000
2506.000000
2324.000000
2610.000000
2622.000000
2554.000000
2704.000000
2730.000000
3134.000000
3232.000000
3318.000000
3250.000000
3224.000000
3208.000000
3104.000000
3232.000000
3304.000000
3290.000000
3204.000000
3246.000000
3366.000000
3390.000000
3436.000000
3396.000000
3454.000000
3298.000000
3240.000000
3786.000000
3388.000000
3722.000000
3948.000000
3352.000000
3392.000000
3248.000000
3022.000000
2698.000000
2722.000000
2534.000000
2602.000000
2864.000000
2978.000000
3206.000000
3292.000000
3392.000000
3738.000000
3658.000000
3628.000000
3610.000000
3504.000000
3366.000000
3512.000000
3516.000000
3236.000000
3190.000000
3236.000000
3270.000000
3132.000000
2964.000000
2970.000000
2924.000000
3008.000000
2896.000000
2866.000000
2736.000000
2534.000000
2508.000000
2338.000000
2192.000000
2296.000000
2296.000000
1980.000000
1642.000000
1784.000000
1626.000000
1430.000000
1332.000000
1432.000000
1440.000000
1324.000000
1216.000000
1042.000000
946.000000
788.000000
740.000000
1070.000000
1074.000000
970.000000
1070.000000
1332.000000
1376.000000
1326.000000
1388.000000
1714.000000
1678.000000
1780.000000
1502.000000
1972.000000
2396.000000
2706.000000
2930.000000
2658.000000
2648.000000
2860.000000
2942.000000
2752.000000
2752.000000
2684.000000
2670.000000
2634.000000
2604.000000
2586.000000
2728.000000
2860.000000
2892.000000
2796.000000
2692.000000
2234.000000
2256.000000
2138.000000
2298.000000
1760.000000
1382.000000
1358.000000
1364.000000
1316.000000
1126.000000
1192.000000
872.000000
-194.000000
-304.000000
-238.000000
138.000000
368.000000
456.000000
476.000000
308.000000
212.000000
190.000000
186.000000
230.000000
314.000000
340.000000
298.000000
342.000000
308.000000
396.000000
390.000000
490.000000
670.000000
614.000000
538.000000
444.000000
806.000000
1108.000000
1266.000000
1254.000000
1136.000000
1528.000000
1544.000000
1444.000000
1910.000000
2164.000000
2214.000000
2344.000000
2630.000000
2648.000000
2704.000000
2734.000000
2542.000000
2638.000000
2794.000000
2924.000000
3018.000000
3092.000000
3016.000000
3248.000000
2958.000000
2942.000000
2902.000000
2916.000000
2608.000000
2508.000000
2586.000000
2428.000000
1966.000000
2082.000000
2026.000000
1578.000000
1120.000000
1074.000000
886.000000
996.000000
886.000000
804.000000
780.000000
734.000000
754.000000
764.000000
662.000000
542.000000
612.000000
590.000000
720.000000
860.000000
1158.000000
1278.000000
1112.000000
1096.000000
1402.000000
1352.000000
1574.000000
1900.000000
2042.000000
2076.000000
2138.000000
2084.000000
2288.000000
2286.000000
2268.000000
2354.000000
2422.000000
2354.000000
2320.000000
2188.000000
2052.000000
2068.000000
1992.000000
2220.000000
2292.000000
2096.000000
2042.000000
2062.000000
2150.000000
1954.000000
1944.000000
1846.000000
1252.000000
1094.000000
970.000000
916.000000
538.000000
552.000000
486.000000
486.000000
408.000000
406.000000
448.000000
670.000000
838.000000
740.000000
884.000000
1100.000000
1570.000000
1416.000000
1296.000000
1358.000000
1646.000000
1914.000000
1952.000000
2100.000000
2148.000000
2278.000000
2272.000000
2324.000000
2636.000000
2516.000000
2540.000000
2514.000000
2630.000000
2248.000000
1872.000000
2166.000000
2768.000000
2698.000000
2554.000000
2308.000000
1962.000000
1806.000000
1748.000000
1516.000000
1444.000000
1324.000000
1362.000000
1878.000000
1318.000000
1160.000000
1178.000000
1256.000000
1068.000000
1288.000000
1292.000000
1564.000000
1496.000000
1658.000000
1394.000000
1390.000000
1882.000000
1984.000000
2128.000000
2016.000000
1916.000000
1932.000000
1996.000000
1962.000000
2506.000000
2512.000000
2638.000000
2500.000000
2890.000000
3156.000000
3334.000000
2978.000000
2870.000000
2862.000000
2966.000000
3052.000000
3342.000000
3322.000000
2954.000000
3136.000000
2738.000000
2660.000000
2772.000000
2934.000000
2562.000000
2466.000000
2260.000000
2096.000000
1826.000000
1766.000000
1764.000000
1456.000000
1264.000000
1036.000000
802.000000
708.000000
850.000000
704.000000
668.000000
526.000000
554.000000
526.000000
582.000000
752.000000
724.000000
924.000000
958.000000
1164.000000
1040.000000
1256.000000
1230.000000
1582.000000
1550.000000
1646.000000
1628.000000
1770.000000
2248.000000
2446.000000
2634.000000
2744.000000
2788.000000
2776.000000
2992.000000
3042.000000
2602.000000
2768.000000
3092.000000
2778.000000
2966.000000
2610.000000
2446.000000
2610.000000
2642.000000
2712.000000
2636.000000
2478.000000
2774.000000
2614.000000
2204.000000
2244.000000
2402.000000
2560.000000
2464.000000
2270.000000
2224.000000
2134.000000
2108.000000
2032.000000
2154.000000
2076.000000
2054.000000
2254.000000
2134.000000
1996.000000
1696.000000
1534.000000
2066.000000
2160.000000
2318.000000
2000.000000
1858.000000
1828.000000
1720.000000
1994.000000
2902.000000
2926.000000
2636.000000
2394.000000
2272.000000
2422.000000
3010.000000
3190.000000
3240.000000
3148.000000
2840.000000
2416.000000
2770.000000
2812.000000
3064.000000
2782.000000
2542.000000
2484.000000
2338.000000
2352.000000
2332.000000
2274.000000
2366.000000
2122.000000
1566.000000
1382.000000
1386.000000
1534.000000
1372.000000
1214.000000
1306.000000
1282.000000
1022.000000
858.000000
832.000000
600.000000
824.000000
1070.000000
1122.000000
1066.000000
1250.000000
1292.000000
1462.000000
1434.000000
1532.000000
1636.000000
1476.000000
1652.000000
1246.000000
1666.000000
2300.000000
2828.000000
3046.000000
2908.000000
2864.000000
3106.000000
3460.000000
3182.000000
2912.000000
2944.000000
2978.000000
3002.000000
2814.000000
3008.000000
2298.000000
2212.000000
2230.000000
2020.000000
1688.000000
1706.000000
1484.000000
1584.000000
1606.000000
1214.000000
1162.000000
1242.000000
1176.000000
1350.000000
1418.000000
1440.000000
1198.000000
1050.000000
826.000000
1066.000000
1354.000000
1178.000000
1170.000000
1334.000000
1456.000000
1490.000000
1634.000000
1534.000000
2340.000000
2196.000000
2084.000000
1808.000000
2236.000000
2312.000000
2382.000000
2578.000000
2716.000000
2470.000000
2516.000000
2740.000000
3038.000000
2920.000000
2806.000000
2664.000000
2648.000000
2636.000000
2814.000000
2484.000000
2508.000000
2510.000000
2268.000000
2196.000000
2168.000000
1964.000000
1528.000000
1348.000000
1064.000000
1062.000000
1138.000000
890.000000
474.000000
382.000000
450.000000
626.000000
632.000000
594.000000
680.000000
592.000000
782.000000
1108.000000
1200.000000
1170.000000
1172.000000
1308.000000
1356.000000
1304.000000
1058.000000
1288.000000
1392.000000
1504.000000
1710.000000
1936.000000
2096.000000
1844.000000
2160.000000
2390.000000
2668.000000
2808.000000
2578.000000
2574.000000
2556.000000
2598.000000
2886.000000
2756.000000
2838.000000
2752.000000
2870.000000
2978.000000
3120.000000
3294.000000
3002.000000
3474.000000
3896.000000
3642.000000
3342.000000
3146.000000
3432.000000
3506.000000
3670.000000
3790.000000
3730.000000
3222.000000
2952.000000
2632.000000
2382.000000
2450.000000
2492.000000
2536.000000
2510.000000
2608.000000
2742.000000
2644.000000
2814.000000
2996.000000
2886.000000
2560.000000
2538.000000
2912.000000
3326.000000
3286.000000
3312.000000
3340.000000
3386.000000
3482.000000
3236.000000
3154.000000
3474.000000
3656.000000
3576.000000
3352.000000
3912.000000
3772.000000
3388.000000
3348.000000
3708.000000
3838.000000
3738.000000
3868.000000
4112.000000
4084.000000
3830.000000
3678.000000
3354.000000
3274.000000
3408.000000
3330.000000
3626.000000
3670.000000
3474.000000
4128.000000
4080.000000
4128.000000
4316.000000
4470.000000
4128.000000
4338.000000
4278.000000
4088.000000
4052.000000
4072.000000
4168.000000
3622.000000
3742.000000
3780.000000
3274.000000
3966.000000
2652.000000
3152.000000
3560.000000
2956.000000
3572.000000
2572.000000
2790.000000
3710.000000
2900.000000
3392.000000
3148.000000
3242.000000
3042.000000
3102.000000
3374.000000
2964.000000
3106.000000
3226.000000
3222.000000
3376.000000
3320.000000
3500.000000
3556.000000
3160.000000
3662.000000
3582.000000
3450.000000
3554.000000
3470.000000
3622.000000
3574.000000
3560.000000
3714.000000
3524.000000
3566.000000
4052.000000
3450.000000
3804.000000
3890.000000
3536.000000
3642.000000
3616.000000
3638.000000
4204.000000
4150.000000
4536.000000
4306.000000
4228.000000
4332.000000
3964.000000
4172.000000
4180.000000
3682.000000
4076.000000
4194.000000
3766.000000
3658.000000
3608.000000
3528.000000
3356.000000
3478.000000
3406.000000
3158.000000
2894.000000
3360.000000
3286.000000
3182.000000
2824.000000
3538.000000
3018.000000
2918.000000
2828.000000
3270.000000
3350.000000
3196.000000
3304.000000
3292.000000
3270.000000
3124.000000
3282.000000
3304.000000
3412.000000
3546.000000
3226.000000
3640.000000
3786.000000
3850.000000
3438.000000
3268.000000
3518.000000
3712.000000
3852.000000
3740.000000
3732.000000
3704.000000
3500.000000
3220.000000
3582.000000
3710.000000
3814.000000
3646.000000
3746.000000
3780.000000
3796.000000
4078.000000
3594.000000
3584.000000
3744.000000
3492.000000
3792.000000
3854.000000
3368.000000
3576.000000
3384.000000
3028.000000
2894.000000
3092.000000
2768.000000
2604.000000
2292.000000
2510.000000
2546.000000
2330.000000
2294.000000
2120.000000
2228.000000
2070.000000
2220.000000
2182.000000
2210.000000
2140.000000
2068.000000
2032.000000
2166.000000
2242.000000
2352.000000
2072.000000
2336.000000
2454.000000
2644.000000
2902.000000
2882.000000
2970.000000
2882.000000
2648.000000
2740.000000
2934.000000
3016.000000
3006.000000
3046.000000
3040.000000
2894.000000
2970.000000
3038.000000
3148.000000
3374.000000
3232.000000
3248.000000
3252.000000
3238.000000
3568.000000
3668.000000
3554.000000
3634.000000
3722.000000
3410.000000
3394.000000
3434.000000
3364.000000
3506.000000
3454.000000
3514.000000
3980.000000
4006.000000
3688.000000
3190.000000
3040.000000
3248.000000
2992.000000
2930.000000
2848.000000
2914.000000
2526.000000
2326.000000
2404.000000
2270.000000
2252.000000
2146.000000
2142.000000
2254.000000
2162.000000
1946.000000
1980.000000
1866.000000
1882.000000
2096.000000
2088.000000
2248.000000
2178.000000
2350.000000
2846.000000
2834.000000
2894.000000
3546.000000
3438.000000
3604.000000
3698.000000
3930.000000
3774.000000
4042.000000
4032.000000
3686.000000
3614.000000
3764.000000
3784.000000
3788.000000
3460.000000
3626.000000
3790.000000
3468.000000
3750.000000
3734.000000
3542.000000
3408.000000
3262.000000
3108.000000
3260.000000
3244.000000
2760.000000
2884.000000
2678.000000
2560.000000
3180.000000
2912.000000
2866.000000
3120.000000
3092.000000
3008.000000
3156.000000
3430.000000
3222.000000
3294.000000
3402.000000
3486.000000
3502.000000
3200.000000
3250.000000
3258.000000
3242.000000
3230.000000
3376.000000
3192.000000
3312.000000
3442.000000
3486.000000
2962.000000
2554.000000
2432.000000
2478.000000
2182.000000
2450.000000
2376.000000
2314.000000
2460.000000
2508.000000
2280.000000
2010.000000
2112.000000
2270.000000
2334.000000
2288.000000
2326.000000
2884.000000
2940.000000
2824.000000
3196.000000
3640.000000
3592.000000
3728.000000
3424.000000
3848.000000
3882.000000
3848.000000
3744.000000
3534.000000
3542.000000
3584.000000
3574.000000
3580.000000
3422.000000
3326.000000
3156.000000
3306.000000
3338.000000
3344.000000
3400.000000
2988.000000
3018.000000
3270.000000
3152.000000
2736.000000
2878.000000
2922.000000
2746.000000
2238.000000
2656.000000
2570.000000
2248.000000
2016.000000
2196.000000
2220.000000
2090.000000
2428.000000
2420.000000
2512.000000
2686.000000
2744.000000
2992.000000
3038.000000
2764.000000
3036.000000
3170.000000
3112.000000
3204.000000
3474.000000
3572.000000
3422.000000
3204.000000
3454.000000
3538.000000
3614.000000
3712.000000
3598.000000
3490.000000
3490.000000
3410.000000
3364.000000
3358.000000
3384.000000
3216.000000
3148.000000
3234.000000
3492.000000
2834.000000
3268.000000
3092.000000
2998.000000
2880.000000
3030.000000
3186.000000
2882.000000
2936.000000
2740.000000
2226.000000
1890.000000
2158.000000
2022.000000
1914.000000
1678.000000
1770.000000
2244.000000
2176.000000
2422.000000
2214.000000
2700.000000
2242.000000
2212.000000
3374.000000
2390.000000
2352.000000
2772.000000
3166.000000
3222.000000
3396.000000
3248.000000
3608.000000
4228.000000
6256.000000
5548.000000
3422.000000
2276.000000
1822.000000
2242.000000
3772.000000
3142.000000
3036.000000
2694.000000
2664.000000
2824.000000
2776.000000
2726.000000
2906.000000
2936.000000
2902.000000
2876.000000
2836.000000
2946.000000
2860.000000
2920.000000
2870.000000
3380.000000
3350.000000
3026.000000
2640.000000
2436.000000
2248.000000
2256.000000
2324.000000
2416.000000
2506.000000
2518.000000
2642.000000
2840.000000
2906.000000
2942.000000
2812.000000
2674.000000
2590.000000
2614.000000
2620.000000
2682.000000
2728.000000
2720.000000
2696.000000
2638.000000
2646.000000
2624.000000
2628.000000
2646.000000
2656.000000
2668.000000
2660.000000
2656.000000
2712.000000
2686.000000
2668.000000
2672.000000
2656.000000
2638.000000
2644.000000
2642.000000
2680.000000
2656.000000
2662.000000
2644.000000
2670.000000
2674.000000
2624.000000
2674.000000
2672.000000
2636.000000
2668.000000
2652.000000
2676.000000
2672.000000
2654.000000
2648.000000
2654.000000
2676.000000
2674.000000
2650.000000
2662.000000
2664.000000
2676.000000
2662.000000
2652.000000
2682.000000
2648.000000
2650.000000
2666.000000
2670.000000
2646.000000
2652.000000
2648.000000
2666.000000
2662.000000
2658.000000
2668.000000
2686.000000
2658.000000
2652.000000
2670.000000
2652.000000
2656.000000
2660.000000
2646.000000
2676.000000
2686.000000
2666.000000
2662.000000
2666.000000
2664.000000
2664.000000
2680.000000
2648.000000
2668.000000
2680.000000
2632.000000
2654.000000
2676.000000
2672.000000
2666.000000
2676.000000
2668.000000
2650.000000
2688.000000
2672.000000
2662.000000
2638.000000
2654.000000
2634.000000
2664.000000
2660.000000
2668.000000
2662.000000
2664.000000
2648.000000
2662.000000
2646.000000
2656.000000
2666.000000
2662.000000
2652.000000
2648.000000
2658.000000
2656.000000
2646.000000
2650.000000
2686.000000
2702.000000
2696.000000
2700.000000
2640.000000
2648.000000
2640.000000
2564.000000
2630.000000
2624.000000
2578.000000
2658.000000
2672.000000
2694.000000
2688.000000
2726.000000
2656.000000
2638.000000
2642.000000
2660.000000
2632.000000
2658.000000
2666.000000
2628.000000
2654.000000
2660.000000
2646.000000
2676.000000
2644.000000
2674.000000
2646.000000
2666.000000
2664.000000
2634.000000
2646.000000
2666.000000
2654.000000
2686.000000
2670.000000
2646.000000
2646.000000
2638.000000
2658.000000
2654.000000
2664.000000
2668.000000
2652.000000
2662.000000
2662.000000
2650.000000
2658.000000
2660.000000
2660.000000
2662.000000
2648.000000
2660.000000
2662.000000
2686.000000
2658.000000
2674.000000
2670.000000
2670.000000
2676.000000
2662.000000
2658.000000
2640.000000
2648.000000
2650.000000
2662.000000
2678.000000
2648.000000
2668.000000
2670.000000
2658.000000
2640.000000
2678.000000
2684.000000
2746.000000
2764.000000
2798.000000
2760.000000
2726.000000
2688.000000
2686.000000
2602.000000
2576.000000
2580.000000
2614.000000
2664.000000
2692.000000
2690.000000
2650.000000
2664.000000
2628.000000
2682.000000
2656.000000
2652.000000
2636.000000
2670.000000
2634.000000
2628.000000
2636.000000
2634.000000
2668.000000
2662.000000
2650.000000
2668.000000
2656.000000
2640.000000
2634.000000
2638.000000
2664.000000
2634.000000
2652.000000
2650.000000
2648.000000
2618.000000
2662.000000
2660.000000
2648.000000
2644.000000
2630.000000
2632.000000
2640.000000
2658.000000
2646.000000
2648.000000
2672.000000
2670.000000
2660.000000
2656.000000
2648.000000
2634.000000
2640.000000
2684.000000
2636.000000
2640.000000
2660.000000
2650.000000
2648.000000
2658.000000
2670.000000
2650.000000
2648.000000
2644.000000
2628.000000
2648.000000
2644.000000
2662.000000
2666.000000
2644.000000
2644.000000
2652.000000
2660.000000
2644.000000
2632.000000
2618.000000
2646.000000
2630.000000
2644.000000
2676.000000
2670.000000
2674.000000
2648.000000
2642.000000
2608.000000
2600.000000
2582.000000
2668.000000
2650.000000
2668.000000
2682.000000
2628.000000
2694.000000
2694.000000
2662.000000
2564.000000
2636.000000
2656.000000
2622.000000
2642.000000
2690.000000
2690.000000
2806.000000
2762.000000
2754.000000
2694.000000
2634.000000
2640.000000
2584.000000
2636.000000
2642.000000
2628.000000
2740.000000
2746.000000
2762.000000
2720.000000
2746.000000
2702.000000
2648.000000
2652.000000
2666.000000
2672.000000
2744.000000
2682.000000
2692.000000
2668.000000
2676.000000
2694.000000
2692.000000
2688.000000
2676.000000
2628.000000
2660.000000
2628.000000
2678.000000
2686.000000
2662.000000
2668.000000
2670.000000
2644.000000
2634.000000
2678.000000
2692.000000
2680.000000
2670.000000
2672.000000
2662.000000
2680.000000
2676.000000
2664.000000
2652.000000
2672.000000
2678.000000
2660.000000
2678.000000
2670.000000
2660.000000
2688.000000
2658.000000
2658.000000
2662.000000
2658.000000
2670.000000
2674.000000
2678.000000
2670.000000
2638.000000
2660.000000
2680.000000
2674.000000
2684.000000
2630.000000
2678.000000
2662.000000
2648.000000
2682.000000
2690.000000
2684.000000
2748.000000
2656.000000
2654.000000
2644.000000
2638.000000
2646.000000
2656.000000
2672.000000
2676.000000
2690.000000
2640.000000
2668.000000
2672.000000
2660.000000
2642.000000
2662.000000
2658.000000
2686.000000
2660.000000
2674.000000
2668.000000
2662.000000
2674.000000
2674.000000
2660.000000
2664.000000
2666.000000
2656.000000
2658.000000
2666.000000
2654.000000
2656.000000
2672.000000
2646.000000
2626.000000
2662.000000
2660.000000
2634.000000
2668.000000
2660.000000
2646.000000
2652.000000
2668.000000
2666.000000
2664.000000
2682.000000
2678.000000
2654.000000
2664.000000
2634.000000
2684.000000
2654.000000
2640.000000
2654.000000
2656.000000
2642.000000
2684.000000
2680.000000
2680.000000
2632.000000
2644.000000
2654.000000
2664.000000
2668.000000
2664.000000
2662.000000
2642.000000
2648.000000
2656.000000
2658.000000
2648.000000
2644.000000
2674.000000
2654.000000
2668.000000
2662.000000
2662.000000
2664.000000
2648.000000
2642.000000
2650.000000
2666.000000
2636.000000
2648.000000
2648.000000
2666.000000
2654.000000
2670.000000
2656.000000
2666.000000
2648.000000
2652.000000
2654.000000
2654.000000
2656.000000
2650.000000
2650.000000
2672.000000
2678.000000
2674.000000
2650.000000
2656.000000
2654.000000
2650.000000
2652.000000
2646.000000
2650.000000
2644.000000
2642.000000
2662.000000
2662.000000
2674.000000
2684.000000
2674.000000
2668.000000
2648.000000
2658.000000
2666.000000
2636.000000
2682.000000
2670.000000
2644.000000
2664.000000
2630.000000
2644.000000
2642.000000
2664.000000
2664.000000
2678.000000
2664.000000
2654.000000
2654.000000
2668.000000
2664.000000
2652.000000
2658.000000
2668.000000
2644.000000
2668.000000
2672.000000
2684.000000
2658.000000
2684.000000
2676.000000
2672.000000
2654.000000
2660.000000
2656.000000
2670.000000
2664.000000
2660.000000
2650.000000
2646.000000
2660.000000
2648.000000
2654.000000
2676.000000
2660.000000
2678.000000
2656.000000
2676.000000
2660.000000
2648.000000
2678.000000
2644.000000
2656.000000
2654.000000
2656.000000
2654.000000
2680.000000
2670.000000
2672.000000
2648.000000
2666.000000
2666.000000
2640.000000
2660.000000
2646.000000
2666.000000
2666.000000
2646.000000
2662.000000
2652.000000
2644.000000
2654.000000
2646.000000
2636.000000
2644.000000
2638.000000
2658.000000
2650.000000
2668.000000
2658.000000
2646.000000
2648.000000
2684.000000
2664.000000
2676.000000
2630.000000
2662.000000
2656.000000
2668.000000
2664.000000
2664.000000
2680.000000
2670.000000
2652.000000
2656.000000
2678.000000
2668.000000
2630.000000
2664.000000
2676.000000
2672.000000
2682.000000
2668.000000
2644.000000
2636.000000
2662.000000
2674.000000
2668.000000
2674.000000
2672.000000
2682.000000
2660.000000
2658.000000
2664.000000
2646.000000
2672.000000
2652.000000
2654.000000
2666.000000
2658.000000
2664.000000
2636.000000
2660.000000
2652.000000
2670.000000
2664.000000
2660.000000
2664.000000
2670.000000
2648.000000
2648.000000
2658.000000
2654.000000
2644.000000
2668.000000
2662.000000
2662.000000
2650.000000
2662.000000
2658.000000
2658.000000
2654.000000
2652.000000
2652.000000
2660.000000
2646.000000
2666.000000
2644.000000
2650.000000
2664.000000
2628.000000
2656.000000
2666.000000
2650.000000
2652.000000
2652.000000
2646.000000
2630.000000
2660.000000
2658.000000
2656.000000
2658.000000
2650.000000
2646.000000
2566.000000
2640.000000
2658.000000
2698.000000
2720.000000
2640.000000
2636.000000
2648.000000
2646.000000
2656.000000
2660.000000
2652.000000
2676.000000
2684.000000
2678.000000
2644.000000
2638.000000
2648.000000
2638.000000
2660.000000
2624.000000
2730.000000
2698.000000
2702.000000
2570.000000
2582.000000
2574.000000
2602.000000
2668.000000
2694.000000
2744.000000
2658.000000
2736.000000
2664.000000
2668.000000
2644.000000
2650.000000
2652.000000
2630.000000
2658.000000
2654.000000
2668.000000
2652.000000
2648.000000
2634.000000
2634.000000
2644.000000
2642.000000
2650.000000
2648.000000
2676.000000
2648.000000
2648.000000
2664.000000
2654.000000
2634.000000
2638.000000
2640.000000
2638.000000
2654.000000
2658.000000
2722.000000
2666.000000
2666.000000
2664.000000
2650.000000
2654.000000
2656.000000
2632.000000
2650.000000
2644.000000
2642.000000
2628.000000
2642.000000
2680.000000
2648.000000
2674.000000
2658.000000
2644.000000
2644.000000
2648.000000
2680.000000
2650.000000
2672.000000
2646.000000
2674.000000
2656.000000
2656.000000
2654.000000
2662.000000
2644.000000
2682.000000
2662.000000
2678.000000
2658.000000
2646.000000
2650.000000
2668.000000
2662.000000
2642.000000
2658.000000
2648.000000
2652.000000
2636.000000
2658.000000
2644.000000
2632.000000
2664.000000
2648.000000
2652.000000
2668.000000
2650.000000
2652.000000
2662.000000
2656.000000
2644.000000
2646.000000
2668.000000
2682.000000
2670.000000
2640.000000
2650.000000
2644.000000
2648.000000
2644.000000
2662.000000
2650.000000
2652.000000
2668.000000
2650.000000
2638.000000
2656.000000
2650.000000
2644.000000
2680.000000
2640.000000
2654.000000
2656.000000
2662.000000
2668.000000
2664.000000
2670.000000
2664.000000
2654.000000
2662.000000
2666.000000
2654.000000
2638.000000
2642.000000
2666.000000
2642.000000
2666.000000
2676.000000
2674.000000
2646.000000
2670.000000
2658.000000
2652.000000
2666.000000
2646.000000
2664.000000
2668.000000
2648.000000
2644.000000
2638.000000
2652.000000
2646.000000
2668.000000
2644.000000
2656.000000
2652.000000
2652.000000
2650.000000
2676.000000
2660.000000
2662.000000
2658.000000
2650.000000
2652.000000
2632.000000
2654.000000
2638.000000
2668.000000
2646.000000
2670.000000
2666.000000
2648.000000
2652.000000
2652.000000
2660.000000
2640.000000
2650.000000
2660.000000
2652.000000
2664.000000
2652.000000
2648.000000
2664.000000
2664.000000
2654.000000
2626.000000
2650.000000
2632.000000
2654.000000
2646.000000
2664.000000
2670.000000
2628.000000
2656.000000
2668.000000
2658.000000
2656.000000
2670.000000
2648.000000
2648.000000
2656.000000
2662.000000
2656.000000
2646.000000
2652.000000
2670.000000
2674.000000
2644.000000
2658.000000
2656.000000
2654.000000
2650.000000
2636.000000
2658.000000
2644.000000
2662.000000
2648.000000
2658.000000
2654.000000
2648.000000
2674.000000
2652.000000
2662.000000
2650.000000
2676.000000
2664.000000
2654.000000
2650.000000
2656.000000
2646.000000
2676.000000
2644.000000
2650.000000
