487.305176
483.572784
478.465393
474.400696
470.422729
466.609467
463.181702
464.361481
456.482483
453.237396
450.030487
447.075470
444.249481
441.432678
438.932251
436.722473
433.889252
431.623932
429.331329
427.144073
425.141327
424.326233
421.162537
419.304291
417.461243
415.505341
414.607666
411.867126
410.207550
408.587280
407.176025
405.763367
404.367981
402.977234
401.591644
400.338135
399.217590
398.021423
397.059357
395.822083
394.644287
393.625427
392.630554
391.595306
390.681732
389.684387
388.768036
387.773926
386.776703
385.732849
384.756622
383.817108
382.494415
382.114288
381.009705
380.592712
379.890106
379.187744
378.370911
377.690521
377.042786
376.405945
375.683258
375.130035
374.592896
373.983704
373.408752
372.782623
371.840179
371.025146
371.069885
370.518738
369.859955
369.228790
368.574463
367.899689
367.333832
366.882233
366.406921
365.978638
365.533508
364.911102
363.965454
364.018280
363.663696
363.233704
362.491486
362.451385
362.006897
361.673218
361.238770
360.840118
360.441254
360.146027
359.618225
359.141937
357.072937
354.799866
356.043854
489.723907
730.331726
480.777130
476.920471
479.555420
469.360687
465.550049
462.049957
458.471954
455.087799
451.877808
451.099670
447.556427
444.788971
442.043793
439.424286
436.783417
434.252777
433.850616
429.393738
427.025635
424.802948
424.749878
420.694366
418.930328
417.327179
415.355804
413.579681
411.945221
410.396973
408.855560
407.472107
405.999634
404.624237
403.348236
402.233612
400.864471
399.523926
398.323975
397.186249
395.884827
394.607697
393.360474
392.216980
391.141846
390.219971
389.193756
388.359070
387.307800
385.796722
385.022491
384.695007
383.838623
383.027191
382.271362
381.516998
380.772675
380.037354
379.330261
378.635773
377.916138
377.218231
376.526978
375.703552
374.424072
374.212799
372.888367
372.848358
372.231781
371.714203
371.117889
370.563477
369.940704
369.440338
368.947418
368.418823
367.924133
367.470215
366.410736
366.472015
366.012085
365.605133
365.115875
364.249420
364.193268
363.815125
363.359711
362.816803
362.272461
361.666565
361.197876
360.793884
359.819458
359.931549
359.606964
359.246155
358.863892
356.660706
357.235992
357.147583
538.832153
485.462494
481.562439
585.514038
474.205627
470.728424
480.675842
463.651337
460.345947
456.973663
453.787201
450.472351
447.339142
444.256958
445.738861
438.834564
436.280609
438.395599
431.523621
429.199402
429.705109
424.963196
422.983673
421.445679
419.217773
417.431793
415.570435
413.937622
412.318848
410.792542
409.213623
408.151184
406.162506
404.557526
403.036713
401.574280
400.253906
399.081848
397.852234
396.758575
395.616119
394.411957
393.377563
392.397827
391.343872
389.992584
389.417450
388.479218
387.616058
386.737640
385.777832
384.989624
384.108154
383.190613
382.201874
381.270721
380.403931
379.480682
378.897705
378.236359
377.482544
376.778381
375.485321
375.356537
374.836151
374.206604
373.675507
373.027039
372.408997
371.820007
371.222198
370.497650
370.058899
369.375885
368.707336
368.062286
367.516846
367.060394
366.583435
364.750336
365.615662
365.078613
362.375824
364.110779
363.800842
362.127747
362.987793
362.611633
362.151428
361.734436
361.381958
361.084412
360.599121
359.844940
359.634979
359.108917
356.406311
358.269714
357.036346
354.471588
489.645721
484.951263
480.873779
477.262238
473.690887
470.205566
466.614807
463.222382
465.464630
456.730591
463.860291
450.492310
447.526672
444.877716
441.736847
439.132874
436.390869
433.670532
431.280548
428.989136
426.825684
424.778809
423.187836
420.683502
418.821228
417.085785
415.292114
414.145874
412.087311
410.537231
408.929779
407.536957
406.049286
404.956146
403.297455
401.867706
400.574951
399.111908
397.759705
396.508087
395.355377
394.821075
393.165863
392.204651
390.485382
390.162506
389.126617
387.514221
387.307800
386.415070
385.400635
384.675934
383.880676
383.043274
382.278931
381.488312
380.686249
379.968811
378.769318
378.357788
377.384338
375.263519
375.938202
375.181549
373.494446
374.044128
373.440735
372.675903
372.137451
371.562439
370.995209
370.489227
369.885315
369.289917
368.896698
367.952240
367.903625
367.440247
366.939056
366.419495
366.036255
365.522491
364.928040
364.340027
362.191315
363.284271
362.823364
362.348938
361.971191
359.984497
361.145752
360.740784
360.153503
359.865662
359.609467
359.236023
358.729797
358.497894
355.671448
357.182770
490.142578
489.067566
481.301971
477.604218
474.016083
470.385864
486.943237
463.149719
459.657257
475.006866
453.052704
449.932678
456.169586
444.227509
441.442993
439.841187
436.256531
433.785370
431.483276
429.204102
427.088257
425.047455
423.028320
422.635101
419.199921
417.408722
416.782959
413.955841
412.211975
411.198425
408.767761
407.200562
405.650452
404.159485
402.876923
401.553802
400.322754
399.033600
397.768311
396.633667
395.540771
394.397827
393.345947
392.291656
391.327148
390.443787
389.373322
388.496002
387.502777
386.131989
385.673553
384.877808
384.000580
382.979004
381.645294
381.129852
380.292999
379.567291
378.907684
378.204529
377.433685
376.730438
376.041382
374.673828
374.846008
374.215454
373.679352
373.058136
372.429138
371.844208
371.290344
370.479584
370.201630
369.604614
367.296173
368.545288
367.981659
366.375977
366.813354
366.160461
365.559357
365.103790
364.631012
364.136322
363.840240
363.249115
362.913208
362.482086
360.072845
361.644684
361.277893
358.619843
360.500824
360.096313
358.957977
359.412537
359.063080
358.680695
357.394745
357.165100
489.950745
484.967804
549.591064
477.037384
473.322784
472.012848
466.381012
462.996063
459.552246
456.274292
453.136749
450.083160
447.142487
444.300842
446.421814
439.048584
436.422333
433.986511
431.645386
430.886322
427.151276
425.100830
423.067047
420.998383
419.024231
417.043060
415.049835
413.278564
412.321075
410.036102
408.519287
407.083313
405.581848
404.410797
402.803833
401.468933
400.315735
399.029358
397.768188
396.650970
395.530731
394.404724
393.282990
392.313751
391.267456
390.348511
389.315948
388.382568
387.353912
386.393524
385.312561
384.366882
383.463684
381.521393
381.801514
381.040649
379.255646
379.590027
378.870758
377.969788
377.387054
376.753326
376.069550
375.399017
374.794128
374.105865
373.547699
372.340942
372.236450
371.684845
371.087463
370.572571
369.908630
369.345337
368.711731
368.041931
367.427612
366.927887
366.434052
365.107086
365.482849
365.039398
364.514893
363.959412
363.368652
363.190063
362.806335
362.233429
361.552063
360.098907
358.206573
357.384064
358.468842
357.818970
358.325989
358.002655
357.846161
357.823120
355.504425
357.231140
489.398346
496.575928
481.760651
478.490753
475.236359
472.015228
468.769043
475.827301
462.124420
458.789886
455.367401
452.167297
449.081604
446.162445
443.111969
444.233917
437.510284
434.659546
436.005463
429.634064
427.583160
428.168640
423.890442
421.763000
420.090210
417.923981
415.999725
414.393829
412.754608
411.215698
409.586700
408.145996
407.050476
405.367645
404.232605
402.955719
401.590057
400.368958
487.674683
487.119202
479.859406
476.177582
472.695313
469.109863
465.603577
469.581055
458.944580
455.843170
452.569977
449.448181
446.402710
443.513702
440.755005
438.822571
435.715973
433.439270
431.118896
428.897583
426.825317
426.104919
422.816376
421.013000
419.228363
417.424561
416.867584
414.177460
412.613770
411.195282
409.664368
408.139771
406.832733
405.536438
404.152802
402.870789
401.537567
400.118896
399.020508
397.634430
396.312592
395.392303
394.405060
393.373016
392.418854
391.423218
390.443970
389.544739
388.746765
387.908417
387.026642
386.218658
385.049408
384.642731
383.473053
383.175995
382.344513
381.658661
380.936005
380.152985
379.396820
378.537781
377.836090
377.141724
376.458496
375.873138
375.322266
374.762848
373.631287
372.946350
372.953735
372.385803
371.885742
371.341156
370.728149
370.262817
369.696167
369.261780
368.819550
368.384583
367.872986
367.395813
366.419891
366.315277
365.722504
365.178223
364.266113
364.298401
363.841949
363.478027
363.089081
362.698914
362.205139
361.939575
361.557587
361.053497
360.469543
359.690491
359.507843
492.740417
728.170227
483.844849
480.043121
481.437042
472.616882
468.999146
465.356781
461.772797
458.322815
454.996307
453.568573
448.970276
446.218323
443.545868
440.821869
438.246948
435.814758
435.469574
431.218842
429.059601
426.994263
427.071960
423.035309
421.195923
419.549805
417.584625
415.956451
414.303680
412.672058
411.091614
409.458435
407.790680
406.315216
404.865784
403.648834
402.325714
400.991150
399.678802
398.639923
397.346466
396.194000
395.062897
394.051880
393.028168
392.046936
391.155334
390.121490
389.216644
387.815979
387.139038
386.682159
385.827759
385.037750
384.236847
383.410645
382.538055
381.660889
380.858521
380.123505
379.445221
378.760162
378.108429
377.411560
376.335205
376.086731
374.915253
374.979279
374.410156
373.836700
373.278809
372.766846
372.136444
371.661835
371.123962
370.542603
369.987671
369.390686
368.380737
368.132507
367.513458
366.881012
366.357391
365.619263
365.327576
364.946747
364.553955
364.252441
363.923187
363.483398
363.236694
362.737915
362.076904
362.041931
361.755249
361.326050
360.695068
358.876984
359.161133
358.854431
536.251892
486.549957
482.623260
585.101746
475.195557
471.615326
480.977203
464.551910
461.241150
457.994873
454.871185
451.832672
448.873383
446.088715
447.837189
440.672272
437.872314
439.840424
432.890869
430.596100
431.092773
426.449402
424.444214
422.734528
420.549042
418.807648
416.952484
415.384979
413.735046
412.226563
410.761383
409.689362
407.754486
406.415741
405.075104
403.528564
402.126312
400.828247
399.490692
398.469879
397.337891
396.182831
395.096802
394.068451
393.028259
391.736847
391.166626
390.227570
389.337616
388.467224
387.579437
386.783478
385.932556
385.128845
384.362488
383.580750
382.851013
381.902191
381.164368
380.364197
379.445709
378.695221
377.615845
377.426239
376.906708
376.247253
375.535522
374.913849
373.131256
373.823975
373.265839
372.686218
372.117401
371.685974
371.145905
370.564972
370.065582
369.545624
369.104645
367.117035
368.199280
367.684357
365.027435
366.440125
365.863739
364.328339
364.895630
364.468048
364.131714
363.709259
363.348145
362.809998
362.476349
361.595032
361.741638
361.394440
358.631165
360.620361
359.643311
357.097382
492.550903
487.489899
483.482727
479.801483
476.087646
472.593536
468.991577
465.544220
465.541595
458.548096
464.400665
451.886688
448.765686
445.969208
443.283783
440.737762
438.175171
435.641510
433.234222
430.966431
428.859436
426.843445
425.037476
422.839142
421.020538
419.247040
417.468445
416.219635
414.161133
412.608551
411.089294
409.605011
408.121185
407.072388
405.312164
403.768158
402.387573
401.069855
399.730011
398.708344
397.587921
396.999359
395.348267
394.265869
392.643280
392.335144
391.441315
389.673065
389.583679
388.740021
387.768341
386.992889
386.142517
385.374481
384.552704
383.787170
383.085052
382.224335
380.947021
380.629852
379.744720
377.500336
378.177277
377.613586
375.946747
376.435852
375.738129
374.969421
374.544891
373.987213
372.104126
372.931946
372.266571
371.739105
371.268616
370.266815
370.219910
369.652313
369.210205
368.790253
368.253967
367.728119
367.015839
366.393188
364.451447
365.449158
364.931000
364.439209
364.203064
362.151886
363.242310
362.759521
362.346741
362.068878
361.712158
361.312073
360.849060
360.533478
358.073303
359.353394
491.973724
488.126556
483.109009
479.406921
475.667511
472.108612
488.484802
464.664398
461.168671
476.880096
454.692780
451.657654
457.719757
445.878662
443.047485
441.556396
437.863068
435.395935
433.044281
430.765350
428.467041
426.345581
424.311890
423.978516
420.493530
418.797516
418.118896
415.310242
413.679535
412.747314
410.402802
408.761749
407.154205
405.781219
404.478516
403.329803
401.923950
400.710480
399.303741
398.262268
397.229431
396.072815
395.016724
393.982971
393.015900
392.076050
391.167877
390.145538
389.198639
388.102539
387.427307
386.565735
385.650360
384.750946
383.490173
382.975403
382.138336
381.274872
380.630005
379.951141
379.242218
378.498840
377.786591
376.725464
376.587433
375.929871
375.336639
374.738220
374.161438
373.583527
373.044952
372.321625
371.861664
371.340790
368.977142
370.173584
369.567108
367.994324
368.334259
367.793884
367.282135
366.820862
366.406891
365.997406
365.505829
364.670624
364.567841
364.166199
361.628601
363.268311
362.961304
360.273071
362.123566
361.721954
360.823425
361.014557
360.498566
360.221466
359.197998
359.056824
491.628876
486.420471
575.337402
478.498993
474.723511
471.934540
467.702362
464.384399
461.069763
457.768799
454.593628
451.539398
448.631104
445.816528
446.616333
440.379944
437.927216
435.479767
433.181335
431.898499
428.778137
426.736389
424.628357
422.589233
420.643341
418.656311
416.730316
415.064331
413.808411
411.714325
410.290833
408.774445
407.219452
406.205963
404.578552
403.272522
402.100403
400.828705
399.562988
398.225098
397.362762
396.193054
395.252045
394.145203
393.116974
392.126190
391.157227
390.058868
388.934113
387.990784
386.622681
386.057922
385.240387
383.361603
383.721039
382.895874
381.308716
381.374725
380.708191
380.033386
379.352753
378.725464
378.057037
377.432861
376.830963
376.217194
375.577240
374.683960
374.405731
373.831390
373.157715
372.512787
371.760437
371.160583
370.527954
369.927338
369.482239
368.964203
368.534760
367.588074
367.555969
365.678040
366.630829
366.106842
365.723969
365.299561
364.845917
364.382019
364.058228
363.542816
363.253754
362.757477
362.451935
361.717987
361.521942
360.987793
360.283936
360.041809
358.088593
358.810364
491.184814
486.485809
482.244263
478.653442
475.018738
471.526733
467.971497
467.146271
461.235260
458.041809
454.862183
451.784027
448.776093
446.063690
443.288727
445.828522
438.072113
435.654175
437.158386
430.818726
428.391296
427.821381
423.931702
421.890472
420.075989
418.325836
416.561554
414.941010
413.241852
412.672424
410.155334
408.738281
407.565704
405.955933
404.686646
403.367493
402.111206
400.918427
399.590302
398.593140
397.414825
396.263885
395.201355
394.154449
393.142273
392.047943
390.819763
389.784027
388.809814
387.926422
387.057770
386.203552
385.416748
384.613159
383.793365
382.153625
382.352753
381.524109
380.870728
380.223999
379.499481
378.896881
378.198792
377.471588
376.977631
376.290161
375.636780
375.104309
374.453613
372.776917
373.088806
372.432159
371.660706
371.151978
370.594879
370.064117
369.612885
368.628754
368.548828
368.098175
365.730225
366.996368
366.746857
364.351654
365.839447
365.434265
364.599609
364.530762
364.206970
363.630463
363.319855
362.805359
362.442841
361.931854
360.002136
360.924194
360.471008
357.476593
358.966705
358.891418
142.425201
486.394043
482.501282
485.533661
475.162598
486.904022
485.100342
479.141968
475.495667
471.907227
468.245789
464.739136
467.521027
458.108795
454.807037
451.253448
447.987488
445.058167
442.532837
440.074463
438.107361
435.264130
432.936859
430.750519
428.618195
426.523102
426.219757
422.344482
420.392700
418.526428
416.542725
415.945007
413.346313
411.775513
410.359253
408.794250
407.337280
405.965363
404.717804
403.402466
402.152130
401.053772
399.804901
398.846863
397.604675
396.392303
395.326782
394.329926
393.232727
392.243225
391.240021
390.122589
389.028290
388.040375
387.079468
386.292267
385.473846
384.033966
383.830322
382.740021
382.251923
381.593170
380.849670
380.099060
379.462708
378.778687
378.142883
377.448212
376.841980
376.204529
375.671448
374.987579
374.316650
373.295380
372.087616
372.220184
371.574402
371.034027
370.545288
370.014008
369.556763
368.989197
368.464722
367.966736
367.497101
367.083618
366.571350
365.922668
365.737946
365.293976
364.841217
363.846069
364.130676
363.608612
363.185303
362.817749
362.324066
361.812347
361.394440
360.805939
360.506500
359.860046
358.932770
358.796936
492.213104
782.029602
482.928802
479.169922
484.970276
471.831696
468.311951
464.812042
481.771667
458.242004
455.079620
452.701202
449.030579
446.206970
443.464111
440.860474
438.272522
435.749298
435.646362
430.757996
428.460999
426.312469
426.137360
422.334229
420.568695
418.805511
416.882233
415.224030
413.623993
412.058899
410.528320
409.071594
407.675323
406.337250
405.003235
403.917572
402.580780
401.188110
399.880463
398.798157
397.629944
396.404114
395.135895
394.041412
392.809570
391.847290
390.880066
389.892914
389.006927
387.395508
386.963226
386.317871
385.419556
384.708893
383.874237
383.105011
382.432617
381.674255
380.979919
380.232544
379.493561
378.832825
378.181183
377.505310
376.619171
376.164856
374.498138
374.650177
373.950592
373.264008
372.754822
372.195953
371.679199
371.096527
370.507294
369.953308
369.492371
368.977600
368.329987
368.045593
367.566101
367.168945
366.591003
365.750244
365.749573
365.307648
364.851807
364.443970
364.126617
363.630615
363.221680
362.662537
361.916321
361.584717
361.188110
360.767914
360.443054
360.053802
358.951111
358.759064
89.083084
486.779297
482.947571
589.757141
475.381805
471.941772
487.272308
464.900116
461.572784
458.331268
455.105652
451.987701
449.011993
446.198975
447.361664
440.812256
438.085602
439.886322
432.931122
430.512970
431.146423
426.219696
424.222473
423.028503
420.424133
418.564087
416.771881
415.241486
413.595123
412.298462
410.497986
409.526855
407.571289
406.181519
404.914948
403.511108
402.263672
401.069702
399.785248
398.615082
397.448181
396.058411
394.900055
393.805908
392.583252
391.642303
390.750092
389.808899
388.891357
387.896637
386.974457
386.230896
385.361389
384.596283
383.016510
383.012634
382.282135
381.569794
380.824921
380.076477
379.358551
378.676941
377.788940
377.340637
376.731598
374.612488
375.448669
374.709808
372.501678
373.263977
372.615112
371.827240
371.448853
370.925415
370.481506
369.899597
369.321808
368.815308
368.414093
366.691650
367.397217
367.013885
364.424652
366.125519
365.597382
363.783264
364.830353
364.357727
363.886078
363.481720
363.139832
362.682739
362.301849
361.661285
361.124329
360.756287
359.827423
359.918671
358.809113
358.688843
491.340179
486.440948
482.491180
478.851593
475.101501
512.911011
468.005554
464.647644
461.938416
458.062286
464.985840
451.807617
448.833862
446.269135
443.266571
440.631470
437.955841
435.338684
432.798889
432.919556
428.223175
426.051941
424.133514
422.196899
420.327148
418.468414
416.611969
415.670502
413.422974
411.798462
410.836517
408.841156
407.376953
406.352722
404.744934
403.379578
402.175049
400.901917
399.614288
398.502197
397.394836
396.893585
394.864685
393.785095
391.972687
391.589813
390.637451
388.862488
388.765411
387.859131
386.748108
386.117615
385.288696
384.497711
383.631622
382.904999
382.216492
381.457489
380.054443
379.988586
379.331177
378.684021
377.980377
377.372101
376.752441
376.044769
375.356934
374.615570
373.893921
373.177399
371.859436
372.097656
371.566345
370.987030
370.434601
369.433746
369.398865
368.872986
368.434509
368.022186
367.480347
367.085480
366.588531
366.216431
365.006348
365.227173
364.878723
364.397278
364.041901
361.764984
363.081757
362.613281
361.859772
361.445038
361.075226
358.272705
360.190796
360.017365
358.048859
358.741211
491.326721
486.749329
482.590790
478.902405
475.254486
471.798248
484.747009
464.859253
461.608826
476.906311
455.154633
452.096222
458.786530
446.297699
443.548523
442.443878
438.362091
435.862915
433.433533
430.970276
428.588104
426.319092
424.216980
423.435059
420.482605
418.683228
416.908569
415.212036
413.487946
411.893585
410.446686
408.980957
407.592194
406.217560
404.908112
403.891235
402.272919
401.140137
399.851166
398.738708
397.733307
396.467743
395.434204
394.406219
393.333710
392.401306
391.381989
390.179596
389.067230
388.011047
387.051483
386.272003
385.455933
384.750488
383.460144
383.044769
382.234039
381.515869
380.845581
380.114319
379.453430
378.816864
378.178955
377.384094
376.891876
376.300720
375.636292
375.023407
374.502686
373.913696
373.318604
371.595306
372.194244
371.520966
369.061401
370.103516
369.528534
367.781982
368.497894
367.999847
367.517487
367.076355
366.503143
366.072235
365.612823
365.121429
364.823456
364.383728
362.033051
363.599640
363.189941
360.484344
362.432678
361.959442
361.655151
361.276001
360.675751
360.550568
359.335663
359.140991
398.151306
486.918304
594.066345
478.818115
475.076050
473.132782
468.185638
464.789185
461.297974
458.031219
454.820984
451.802948
448.850891
446.029694
444.748322
440.792267
438.196167
435.700928
433.385773
432.405884
429.006378
426.848724
424.829681
422.859619
421.063232
419.209351
417.331024
415.600769
413.808807
411.910919
410.342194
408.840240
407.367065
407.032318
404.755981
403.351135
401.946594
400.836304
399.577881
398.191406
397.419464
396.265076
395.313934
394.230286
393.148987
392.216949
391.277069
390.317352
389.382965
388.499451
387.498627
386.704437
385.763824
383.769135
383.821503
382.987610
381.227417
381.405945
380.753265
379.929413
379.261322
378.522339
377.887573
377.224243
376.635315
375.938293
375.432922
374.418365
374.316681
373.732483
373.153748
372.570801
372.008148
371.419586
370.891388
370.188568
369.578125
368.883881
368.340912
367.694092
367.299133
365.427185
366.376160
366.012482
365.346771
364.953094
364.593079
364.149872
363.837280
363.347076
361.262115
362.573273
362.209198
361.713623
361.432465
360.941711
360.265747
359.937836
357.644531
358.538422
491.090881
852.730652
482.451782
478.709351
538.687500
471.453033
467.959534
468.881042
461.269928
458.031219
454.828003
451.851898
448.860474
446.064514
443.332123
445.595703
438.110779
435.620972
437.080841
430.695343
428.398193
428.063599
424.137970
422.174377
420.471344
418.606232
