-0.340921
-1.456134
-2.107621
-2.467894
-2.841548
-3.160163
-3.450612
-3.708749
-4.949552
-4.103389
-4.291554
-4.434553
-4.571161
-4.684664
-4.781592
-4.874809
-5.195269
-5.018412
-5.076384
-5.122382
-5.161904
-5.180584
-5.561213
-5.233615
-5.248629
-5.263690
-5.269037
-8.277799
-5.270797
-5.269307
-5.297854
-5.248156
-5.244141
-5.219713
-5.215556
-5.180478
-6.826777
-5.147768
-5.122667
-5.073913
-5.087176
-6.995077
-5.012369
-4.976610
-4.942197
-4.908750
-4.867509
-4.846900
-4.806056
-4.753523
-8.082983
-4.689743
-4.640788
-4.812774
-4.582712
-5.726159
-4.493082
-4.455563
-4.409762
-4.373507
-4.323283
-4.302316
-4.242621
-4.188223
-4.159150
-4.105390
-4.076764
354.684845
-3.953238
-4.443025
-3.879092
-3.855555
-3.800242
-3.742011
-3.703247
-3.664205
-3.635982
-3.584508
-3.519826
-3.493372
-3.425936
-6.967643
-3.341819
-3.514821
-3.799894
-3.231193
-3.156103
-3.097646
-3.064575
-3.030648
-2.983748
-2.935553
-2.868523
-2.851029
-5.622674
-2.765638
-2.713172
-2.672252
-3.326775
-1.168528
-0.498297
-1.470655
-2.020072
-2.480421
-2.862093
-3.179451
-3.479736
-3.714684
-7.128675
-4.115007
-4.299231
-4.442742
-4.575696
-4.688414
-4.792070
-5.771613
-4.963893
-5.028077
-5.064892
-5.116952
-5.154217
-5.194615
-6.646626
-5.228401
-5.247939
-5.265840
-5.276310
-5.273110
-5.272864
-7.400697
-5.266329
-5.255174
-5.248082
-5.229378
-5.219740
-5.192038
-5.887175
-5.129217
-5.122059
-5.130208
-5.073482
-5.045652
-5.042244
-4.973100
-4.946035
-4.914911
-5.518686
-4.838574
-4.801521
-4.767941
-4.999849
-4.688616
-4.645706
-4.636828
-4.581415
-4.546107
-4.501742
-4.453732
-4.426223
-4.377400
-7.202494
-7.318937
-4.246459
-4.323556
-4.222042
-4.112588
-4.072598
355.972870
-3.962568
-3.926990
-3.889637
-3.854353
-3.815064
-3.759223
-3.701813
-5.974079
-3.629930
-4.863639
-3.521643
-3.487730
-3.443258
-3.399674
-3.346299
-3.310469
-3.274523
-3.210450
-3.166649
-3.108895
-3.057486
-4.594331
-2.981372
-5.983586
-2.889526
-2.846467
-2.990360
-2.750769
-2.700222
-2.653619
-1.239558
-1.142590
-0.471017
-1.451599
-2.001234
-4.115253
-2.853528
-3.173980
-3.450994
-3.704876
-5.720496
-4.114120
-4.286219
-4.436875
-4.561544
-4.686959
-4.786049
-4.871582
-4.955761
-5.471653
-5.081189
-5.117567
-5.164741
-5.200354
-6.533592
-5.244118
-5.252866
-9.693769
-5.281824
-5.273679
-9.526733
-5.262876
-5.266544
-6.305510
-5.241877
-5.226851
-5.213870
-5.177989
-5.167000
-5.141484
-5.125030
-7.885482
-5.069779
-5.029614
-9.324138
-4.972355
-4.944950
-7.837344
-4.862360
-4.840118
-4.937572
-4.763263
-4.725446
-4.685631
-4.643630
-4.617076
-4.580554
-4.545574
-5.147768
-4.455563
-4.413410
-4.368507
-4.328638
-4.275597
-4.244492
-4.204629
-4.169668
-7.270445
-4.071559
355.971649
-4.067193
-3.941484
-5.836338
-3.837878
-3.809121
-3.775260
-3.709845
-3.660776
-3.592979
-3.575643
-3.530796
-5.845443
-3.435936
-3.395412
-3.363662
-3.271946
-3.267952
-3.202336
-3.171635
-3.626896
-3.042261
-3.047457
-2.974439
-2.925430
-2.881910
-4.466759
-2.792046
-2.749560
-2.697627
-2.624188
-1.217687
-1.132922
-0.442385
-7.571790
-2.005373
-2.463591
-11.339191
-3.145082
-3.442812
-9.475199
-3.906896
-4.088206
-4.826337
-4.423789
-4.552371
-4.670328
-4.750433
-4.866206
-4.944642
-5.009912
-6.325346
-5.112159
-5.160479
-5.187141
-5.218973
-5.238407
-5.259486
-5.268647
-5.278254
-5.280209
-5.277312
-5.275411
-6.793543
-5.250480
-8.262480
-5.219335
-5.211254
-5.316662
-5.157831
-5.139435
-5.113825
-5.087915
-5.057827
-5.028959
-4.997499
-4.968141
-5.652250
-4.910136
-4.868486
-4.836662
-4.799247
-5.670162
-4.729352
-4.678596
-4.646894
-4.608510
-4.559517
-4.531982
-4.483533
-4.445700
-4.630897
-4.362142
-4.326452
-4.276867
-4.243003
-5.771870
-4.153699
-4.096510
-8.168717
355.985718
-3.969576
-7.618120
-3.892725
-3.851962
-4.383950
-3.739279
-3.693767
-3.691184
-3.621311
-3.590451
-3.522285
-3.498426
-6.590663
-3.396464
-3.384658
-7.427276
-3.256027
-3.198190
-5.380908
-3.130328
-3.056796
-3.027267
-2.976379
-2.923880
-2.879793
-2.834576
-4.203620
-2.743358
-2.689417
-2.876990
-1.194977
-1.131638
-0.430036
-1.423513
-1.982000
-2.428894
-2.811468
-3.134147
-7.974137
-3.652851
-3.902661
-4.106852
-4.270626
-6.020666
-4.546394
-4.664010
-4.769947
-4.851098
-4.938911
-5.004277
-5.061675
-5.104079
-7.248910
-5.180294
-5.249375
-5.226965
-5.254810
-8.554571
-5.271247
-5.273077
-5.449597
-5.262779
-5.262262
-5.242827
-5.229689
-5.225799
-6.255251
-5.175171
-5.155973
-5.144650
-5.112596
-5.071318
-5.056973
-5.003981
-7.859950
-4.966092
-4.931556
-9.187010
-4.869312
-4.829176
-7.561048
-4.764759
-4.718636
-4.768549
-4.653875
-4.623906
-4.557181
-4.516204
-5.550900
-4.437913
-4.382770
-8.281372
-4.349935
-4.273192
-8.195225
-4.190545
-4.144875
-5.262861
-4.061013
355.966675
-3.967759
-3.910079
-3.878942
-4.658198
-3.801294
-5.848619
-3.681554
-3.652183
-3.624657
-3.569919
-3.510824
-3.476392
-3.426210
-3.389402
-3.333090
-3.323542
-3.239737
-3.541127
-3.149949
-3.100555
-3.042036
-3.023947
-3.391634
-2.874839
-2.880415
-2.871636
-2.793863
-2.739471
-5.832602
-2.633422
-1.168336
-1.255582
-0.431265
-1.411205
-1.989978
-2.437650
-6.823890
-3.120876
-3.421782
-10.795262
-3.891364
-4.081635
-9.311954
-4.415845
-4.545561
-5.178487
-4.763950
-4.858044
-4.943221
-4.996518
-5.055401
-5.107728
-5.136220
-9.122401
-5.200733
-5.219388
-9.915769
-5.249726
-5.268623
-7.483086
-5.265854
-5.257050
-5.269351
-5.247789
-5.232666
-5.214099
-5.196412
-6.863116
-5.153674
-5.137621
-5.304732
-5.083721
-5.040635
-5.023952
-4.996891
-4.968598
-4.934636
-4.913121
-4.865932
-7.378982
-4.799124
-4.754998
-4.734994
-4.688063
-5.784572
-4.605861
-4.567181
-4.539987
-4.494420
-4.436944
-4.395323
-4.371677
-4.321904
-6.005656
-4.227991
-4.184931
-4.140626
-4.103818
-6.985427
355.982361
-3.969357
-4.077787
-3.881264
-3.805312
-3.793453
-3.747680
-3.704654
-4.779793
-3.638728
-3.569304
-3.512641
-3.474261
-3.411716
-3.384320
-3.337092
-5.923583
-3.233897
-3.178314
-7.269604
-3.095849
-3.068120
-5.774103
-3.012340
-2.926025
-3.013651
-2.825915
-2.779061
-2.728120
-2.686009
-2.612006
-1.183922
-1.096722
47.987511
-1.417366
-1.984118
-2.441680
-2.817192
-3.136203
-3.416625
-3.668772
-3.895564
-4.094380
-4.267245
-4.418406
-6.071214
-4.666537
-7.946637
-4.863143
-4.942094
-5.066421
-5.045098
-5.093010
-5.148435
-5.169116
-5.211615
-5.217562
-5.241838
-5.258579
-5.882635
-5.265320
-5.261716
-5.251917
-5.264452
-5.970522
-5.230299
-5.215421
-5.195820
-5.168860
-5.150471
-8.815866
-5.105680
-5.078134
-5.287909
-5.023345
-5.002704
-4.968387
-4.938072
-7.557504
-4.854771
-4.826144
-8.968204
-4.759704
-4.720986
-8.433643
-4.639040
-4.604016
-5.255363
-4.501383
-4.420189
-4.362235
-4.295657
-4.244212
-4.140931
-4.070063
-6.985557
-3.875072
-3.804895
-7.907128
-3.685927
356.382721
-6.104160
-3.486156
-3.431482
-3.487544
-3.382972
-3.312487
-3.221213
-3.192116
-4.207805
-3.056111
-3.021960
-3.307741
-2.856162
-2.819176
-2.732730
-2.667891
-2.592972
-2.499721
-2.429651
-2.403336
-5.157100
-2.289832
-2.169378
-2.066090
-2.006704
-3.576389
-2.045417
-1.988096
-1.934367
-1.927508
-0.556942
-0.513912
-0.563033
-1.491610
-5.983303
-2.426626
-2.795759
-3.122084
-3.402876
-3.636103
-3.869972
-4.076792
-4.997747
-4.398626
-4.538581
-4.658525
-4.763923
-4.853051
-7.234446
-4.962585
-5.004861
-5.030086
-5.060847
-5.092789
-5.096518
-5.105368
-6.988123
-5.108479
-5.091369
-9.600252
-5.050269
-5.036534
-8.938884
-4.969137
-4.936495
-5.567132
-4.877554
-4.845853
-4.807073
-4.765191
-4.720427
-4.708259
-4.633091
-5.948460
-4.583016
-4.542770
-4.511547
-4.454125
-4.374534
-4.338188
-4.278643
-4.249168
-4.196181
-4.141463
-4.101108
-5.698705
-4.025997
-7.261257
-3.933224
-3.876827
-4.016152
-3.805700
-3.781321
-3.813425
-3.815693
-3.823887
-3.944149
-3.951396
-3.930557
355.215668
-3.863448
-3.842965
-3.811746
-3.762910
-5.171840
-3.670184
-3.596915
-3.550550
-3.493053
-3.424286
-3.368510
-3.337370
-3.261534
-3.601616
-3.147896
-3.107168
-3.034824
-2.932324
-3.532549
-2.761983
-2.567857
-6.176858
-2.461758
-2.432694
-6.394035
-2.203200
-2.125515
-3.654553
-1.973053
-1.850054
-0.330029
-0.272134
-0.530371
-1.427434
-1.988024
-7.188128
-2.777864
-3.113991
-10.910886
-3.658123
-3.848723
-9.429940
-4.207044
-4.342824
-5.110507
-4.572103
-4.655934
-4.750178
-4.833993
-4.887129
-5.473296
-4.984025
-6.305394
-5.079896
-5.113641
-5.132432
-5.170830
-5.181605
-5.197628
-5.192929
-5.196013
-8.762309
-5.193772
-5.177550
-5.315691
-5.148823
-7.872155
-5.108290
-5.095044
-5.157879
-5.034503
-5.000973
-4.949466
-4.901186
-4.877828
-7.581563
-4.726582
-4.670711
-4.625673
-4.530519
-4.481431
-4.443036
-4.400609
-5.602004
-4.243572
-4.222550
-8.373440
-4.085493
-4.000679
-6.830610
-3.863265
-3.794130
-3.851153
-3.642397
-3.632972
-3.594160
-3.537725
-4.385414
-3.454602
356.586395
352.860748
-3.322710
-3.247463
-7.268041
-3.128466
-3.075083
-4.434364
-2.923771
-2.860373
-2.749053
-2.749900
-2.715482
-2.682457
-2.694252
-4.963770
-2.706748
-2.610150
-2.645142
-2.630841
-2.640173
-2.663623
-2.700244
-2.708444
-2.656642
-2.631837
-2.611515
-4.908906
-2.498571
-2.428155
-2.380859
-0.982978
-1.557900
-0.551968
-1.458566
-2.028623
-2.465585
-2.837218
-3.153626
-3.427239
-3.666115
-6.210479
-4.069252
-4.228429
-4.372275
-4.488263
-7.882136
-4.680274
-4.769610
-4.910781
-4.887156
-4.929084
-4.969985
-4.985076
-4.990182
-5.952504
-5.016090
-4.998533
-4.990396
-4.990546
-4.985431
-4.974039
-4.970054
-7.983872
-4.935731
-4.932217
-9.348926
-4.886786
-4.844931
-7.639750
-4.770392
-4.732649
-4.809550
-4.666422
-4.616224
-4.593002
-4.552680
-5.482335
-4.504887
-4.472014
-8.372917
-4.397003
-4.386810
-8.425448
-4.302007
-4.291779
-4.324976
-4.370662
-4.458435
-4.372460
-4.367152
-4.309536
-5.163446
-4.291004
-6.437789
-4.167052
-4.116752
-4.058104
-3.948883
-3.914547
356.181976
-3.782292
-3.735021
-3.672000
-3.528566
-3.467093
-3.848890
-3.289078
-3.258041
-3.184219
-3.123225
-3.577473
-2.922627
-2.812476
-2.713186
-2.654948
-2.556641
-5.723084
-2.395827
-2.353904
-2.417393
-2.259290
-2.257668
-2.222121
-2.208862
-3.736497
-2.118478
-2.032918
-6.039355
-1.901254
-1.810852
-3.986827
-0.189400
-0.577773
-2.302927
-2.051217
-2.497660
-2.851753
-3.160026
-3.443584
-3.679277
-3.907237
-8.682007
-4.268789
-4.411432
-10.293643
-4.620515
-4.711535
-8.152941
-4.887101
-4.972520
-5.131401
-5.098591
-5.139664
-5.142493
-5.192892
-8.973287
-5.347188
-5.197426
-5.606154
-5.188356
-5.151550
-5.135880
-5.123807
-5.111132
-5.085373
-5.044096
-5.026709
-7.822443
-4.983790
-4.922532
-4.902547
-4.833716
-6.411960
-4.684048
-4.679165
-4.602254
-4.544434
-4.503781
-4.469118
-4.371574
-4.289564
-6.294447
-4.173423
-4.117817
-4.078595
-4.043285
-4.016872
-3.948206
-3.886164
-4.317606
-3.754351
-3.712249
-7.812116
-3.612208
-3.566937
-5.414050
-3.452266
-3.382851
-3.345264
356.662659
-3.344026
-3.328802
-3.288034
-4.981389
-3.182356
-3.168630
-7.227079
-3.080838
-3.107325
-6.838287
-3.171446
-3.154594
-3.829751
-3.193157
-3.111286
-3.089109
-3.048641
-2.997607
-2.936376
-2.870836
-4.127681
-2.743951
-2.685686
-2.628461
-2.548495
-2.582309
-2.458473
-2.351414
-2.247989
-2.149186
-0.717755
-0.711523
85.971069
-1.385196
-9.049552
-2.440628
-2.820798
-3.423590
-3.390185
-3.605217
-3.844891
-4.025955
-4.188186
-4.332011
-4.408008
-4.537542
-5.745298
-4.697302
-4.758929
-4.814445
-4.861783
-6.699531
-4.936267
-4.967564
-4.980134
-4.966415
-4.954489
-4.948420
-4.934671
-4.941493
-5.315536
-4.964682
-5.004560
-5.011853
-5.027194
-5.651620
-4.967576
-4.962120
-8.795648
-4.960538
-4.960730
-9.188282
-4.869252
-4.835009
-6.476365
-4.866931
-4.862906
-4.870323
-4.793627
-4.775525
-4.727742
-4.657361
-6.515700
-4.497842
-4.374124
-8.471202
-4.189280
-4.159573
-7.661346
-4.045423
-3.947072
-4.412945
-3.874075
-3.790599
-3.715344
-3.656848
-3.591329
-3.887274
-3.427390
355.563782
-3.329669
-3.297370
-3.183382
-3.145543
-3.106923
-3.081640
-3.014969
-2.982770
-6.070548
-2.874237
-2.773191
-2.821008
-2.608267
-5.034180
-2.511650
-2.485150
-2.514725
-2.514590
-2.486601
-2.506240
-2.527511
-2.587990
-5.251590
-2.633959
-2.564211
-2.552864
-2.418865
-2.314545
-2.230783
-2.097621
-1.876732
-0.810360
-0.568648
-10.653244
-2.009143
-2.444234
-7.764981
-3.122611
-3.411973
-3.759299
-3.884513
-4.075112
-4.241652
-4.391830
-5.842164
-4.624415
-4.727637
-9.840776
-4.846212
-4.909535
-9.718239
-4.954260
-4.979161
-6.248310
-4.996797
-4.986192
-5.007731
-5.000618
-4.995428
-4.989635
-4.970508
-6.967854
-4.957656
-4.915124
-4.901672
-4.869134
-4.839548
-4.801911
-4.781053
-4.732475
-4.708290
-4.672195
-4.621747
-6.417475
-4.597817
-8.224618
-4.544926
-4.518569
-4.800546
-4.489019
-4.467873
-4.446157
-4.467592
-4.465562
-4.459037
-4.445679
-4.501228
-5.492471
-4.359510
-4.329723
-4.291860
-4.246957
-5.912436
-4.151342
-4.130018
-4.073680
-3.998640
-3.900115
-3.825030
356.346741
-3.556062
-4.050426
-3.469977
-3.446003
-3.355925
-3.297939
-3.807626
-3.128472
-3.082067
-6.585939
-2.910164
-2.894487
-7.027550
-2.715262
-2.649688
-4.269605
-2.470801
-2.444444
-2.406134
-2.355258
-2.313125
-2.257006
-2.204445
-4.071994
-2.084752
-1.960304
-5.896688
-1.824691
-1.751420
-5.132203
-0.164428
-0.134335
33.162884
-1.647133
-2.141649
-2.551072
-2.897269
-3.216567
-4.285985
-3.695211
-5.613091
-4.102180
-4.279341
-4.434662
-4.574951
-4.719355
-4.825596
-4.948530
-5.052163
-9.217469
-5.140437
-5.162828
-5.367278
-5.181095
-8.044611
-5.203217
-5.200157
-5.274412
-5.170037
-5.146825
-5.118974
-5.106282
-5.109779
-7.966187
-5.053804
-4.990281
-4.981185
-4.927805
-4.918227
-4.840433
-4.789415
-5.842883
-4.699160
-4.676658
-8.917045
-4.552866
-4.514962
-7.152597
-4.424052
-4.354847
-4.422029
-4.280081
-4.197267
-4.108699
-4.047627
-5.031218
-3.913545
-3.871394
-7.728187
-3.784551
-3.778435
-7.808505
-3.756254
-3.714032
-4.986333
-3.644526
-3.599252
-3.595543
-3.580332
356.431213
-3.590637
-3.615219
-5.734267
-3.659132
-3.669308
-3.575313
-3.575946
-3.508135
-3.505744
-3.461060
-3.412114
-3.359555
-3.295603
-3.251213
-5.279120
-3.073393
-2.985428
-2.857889
-2.970137
-3.035402
-2.608469
-2.129978
-2.496565
-2.446409
-1.836789
-2.218909
-2.181673
-2.100617
-3.190924
-1.940465
-0.411032
-0.312063
-0.454379
-4.614878
-2.001890
-2.595263
-2.866765
-3.144809
-3.421652
-3.660692
-3.889588
-4.066998
-5.093090
-4.350698
-4.471604
-4.578776
-4.673727
-4.759922
-4.834112
-4.887241
-8.719211
-5.016407
-5.048078
-9.900507
-5.123851
-5.182881
-7.824239
-5.224601
-5.196396
-5.201634
-5.114958
-5.102170
-5.103989
-5.080618
-6.380365
-5.109403
-5.119193
-9.300148
-5.026311
-4.985223
-9.008273
-4.886343
-4.847491
-4.797258
-4.750472
-4.709119
-4.617920
-4.586870
-4.529401
-5.027600
-4.400637
-6.111720
-4.247988
-4.208556
-4.217166
-4.154399
-4.033688
-3.977139
-3.891396
-3.799154
-7.164487
-3.700310
-3.667776
-3.789109
-3.583467
-6.707456
-3.542779
-3.494812
-3.705543
356.673615
-3.274426
-3.208482
-3.154299
-3.121023
-5.772542
-3.067980
-3.056483
-3.064774
-3.196022
-3.090371
-3.110452
-3.031706
-5.337979
-3.047086
-3.028996
-7.138155
-3.066345
-3.133077
-6.200264
-2.922724
-2.892427
-3.073972
-2.828601
-2.783082
-2.711197
-2.668786
-3.156607
-2.394124
-2.301073
-5.714879
-0.631691
-0.547568
107.973854
-1.586509
-2.057884
-5.526671
-2.830716
-3.134058
-3.406421
-3.671108
-3.876494
-4.054615
-4.229385
-7.983178
-4.473598
-4.567014
-4.714496
-4.731627
-4.793633
-4.847558
-4.900769
-4.927230
-4.955776
-4.992378
-4.989350
-7.035922
-5.004185
-5.007783
-5.005764
-4.999777
-5.792990
-4.965158
-4.984393
-4.979700
-4.992421
-5.005427
-4.973925
-4.952766
-4.950736
-6.045654
-4.956892
-4.841741
-4.784729
-4.872090
-7.628052
-4.846386
-4.828113
-4.891947
-4.791721
-4.750888
-4.740241
-4.686758
-4.651154
-5.446234
-4.487696
-4.391884
-4.306417
-4.255728
-4.179221
-4.132658
-4.050030
-6.975892
-3.925985
-3.857370
-7.990387
-3.759956
-3.697852
-6.328029
-3.539528
356.547394
-3.448487
-3.321931
-3.274387
-3.183259
-3.148520
-4.168816
-3.076031
-3.080811
-6.849504
-2.962101
-2.884865
-2.803741
-2.728424
-2.702735
-2.610346
-2.577910
-2.517130
-2.448337
-2.383888
-2.380298
-2.741228
-2.385680
-4.392052
-2.446095
-2.341513
-2.332762
-2.342223
-2.377533
-2.391443
-2.312362
-0.899045
-4.066567
-0.512463
-1.489575
-2.221972
-2.494409
-9.546253
-3.198207
-3.479859
-4.253846
-3.937194
-4.110329
-4.286117
-4.419738
-4.529155
-8.050357
-4.740782
-4.834442
-4.908906
-4.966584
-5.016220
-5.035847
-5.075535
-7.417855
-5.084463
-5.086343
-9.739254
-5.062245
-5.042656
-8.758858
-5.027202
-5.067944
-6.001812
-5.068281
-5.080226
-4.943122
-4.896276
-5.001568
-6.928717
-4.676385
-8.306581
-4.690152
-4.664483
-8.914886
-4.572989
-4.542613
-6.559183
-4.448996
-4.399204
-4.415178
-4.383438
-4.335467
-6.881771
-4.256702
-7.185593
-4.208412
-4.156194
-4.353865
-4.152255
-4.158517
-4.158630
-4.191920
-4.322559
-4.292727
-4.175849
-4.066727
-5.663253
-3.878450
-3.778845
356.267426
-3.701778
-4.675510
-3.625896
-3.595448
-3.588985
-3.512980
-3.469573
-3.390369
-3.343827
-3.237480
-4.132727
-3.118558
-3.038487
-3.041895
-2.957634
-5.735227
-2.787913
-2.703848
-2.747849
-2.511308
-2.415195
-6.190785
-2.193619
-2.158475
-3.129956
-2.021148
-1.982737
-1.930600
-1.880203
-1.841896
-0.396811
-0.372862
26.722435
-1.455888
-2.016725
-11.508578
-2.833625
-3.146332
-8.359264
-3.639723
-3.873708
-4.283932
-4.244207
-4.388647
-4.507688
-4.623438
-5.788704
-4.803440
-4.879444
-9.581337
-4.976055
-5.044021
-5.084223
-5.113262
-5.158706
-5.180155
-5.196750
-5.212118
-9.189906
-5.194905
-5.179594
-5.749057
-5.190144
-7.049183
-5.136309
-5.112363
-5.082914
-5.031157
-4.997993
-4.989542
-4.951069
-4.910180
-7.970083
-4.809935
-4.753423
-4.771944
-4.675109
-4.633636
-4.571448
-4.525499
-4.937162
-4.380854
-4.318872
-4.255152
-4.218232
-4.118049
-6.346472
-4.005142
-3.944931
-3.915008
-3.873934
-3.838977
-3.782045
-3.712584
-5.373905
-3.572427
-3.538695
-7.574224
-3.429317
356.630920
353.110901
-3.225407
-3.210307
-3.879488
-3.239853
-3.255277
-3.229587
-3.234108
-3.210912
-3.169151
-3.141284
-4.337624
-3.165939
-3.044545
-3.007385
-2.954643
-2.996459
-3.006979
-3.035653
-2.945400
-2.895446
-2.860535
-2.807994
-4.646706
-2.683794
-5.735794
-2.466464
-2.388721
-2.626156
-2.253886
-0.730282
-0.628998
-0.536218
-1.461421
-2.000169
-2.430669
-2.802766
-5.165220
-3.412199
-3.641581
-3.854809
-4.032512
-6.361572
-4.328404
-4.441893
-4.550444
-4.642868
-4.730422
-4.800887
-4.858452
-4.920218
-5.558199
-4.984274
-4.993824
-5.000747
-4.992551
-5.756909
-5.017377
-5.013213
-9.083656
-5.006415
-5.016605
-9.458367
-5.038677
-5.070743
-6.806633
-5.076634
-5.064378
-5.045730
-5.044768
-4.931029
-4.881404
-4.842717
-6.865788
-4.823234
-4.817822
-9.054873
-4.786776
-4.740864
-8.338357
-4.645356
-4.625340
-5.128577
-4.530033
-4.465853
-4.396351
-4.365553
-4.312392
-4.714448
-4.157097
-5.369868
-4.048500
-4.038847
-3.946600
-3.895319
-3.850702
-3.778476
-3.643505
-3.539009
353.242126
-3.365309
-3.316808
-3.379914
-3.221249
-5.965685
-3.146951
-3.094909
-3.145001
-3.045075
-2.970078
-2.904194
-2.851962
-2.786931
-5.386755
-2.663745
-2.607191
-2.486845
-2.387753
-2.348208
-2.320138
-2.343260
-4.902550
-2.505499
-2.410393
-6.561559
-2.494084
-2.448002
-5.370003
-2.365871
-2.330763
-1.120736
-0.867091
-0.549523
-1.509191
-2.071489
-3.955168
-2.873964
-3.191541
-10.169790
-3.722730
-3.943246
-10.495142
-4.317112
-4.455829
-6.864028
-4.707689
-4.803005
-4.878289
-4.966833
-5.024146
-5.083177
-5.123699
-8.129531
-5.223587
-5.201420
-5.345752
-5.271302
-5.269380
-5.267810
-5.264905
-5.259337
-5.251311
-5.243565
-5.231464
-7.308970
-5.190798
-5.171468
-5.139606
-5.118878
-6.020443
-5.065221
-5.045814
-5.021927
-4.976523
-4.965753
-4.938464
-4.882802
-4.839608
-6.072020
-4.773626
-4.731696
-4.702980
-4.669937
-7.343401
-4.583783
-4.547353
-4.612423
-4.452916
-4.402418
-4.368054
-4.293349
-4.262927
-5.120285
-4.152557
-4.120962
-4.078243
-4.046684
-4.008264
-3.974406
356.053406
353.418243
-3.837132
-3.806104
-7.919941
-3.720192
-3.672944
-6.540016
-3.558829
-3.491127
-3.571749
-3.401473
-3.362710
-3.307446
-3.275215
-4.041927
-3.222516
-3.147276
-6.870004
-3.072775
-3.012856
-6.989079
-2.907445
-2.875982
-2.845572
-2.772040
-2.734076
-2.687646
-2.654873
-2.594088
-3.163349
-1.091677
-3.332219
-0.551094
-1.502265
-2.075300
-2.509244
-2.876710
-3.198863
-3.491648
-3.721474
-9.553031
-4.141993
-4.328512
-4.753618
-4.600059
-4.720523
-4.844444
-4.902464
-5.725698
-5.038469
-5.097124
-5.132750
-5.168283
-5.186303
-8.437681
-5.239045
-5.255019
-5.295974
-5.270481
-5.271147
-5.266876
-5.254553
-6.887861
-5.230596
-5.221140
-9.548920
-5.174968
-5.142704
-9.030128
-5.082963
-5.061643
-5.787238
-5.009571
-4.974727
-4.961292
-4.923567
-4.885657
-4.856786
-4.807212
-7.873918
-4.726662
-4.717255
-8.906028
-4.621673
-4.578852
-7.093361
-4.490764
-4.471316
-4.430449
-4.371551
-4.321352
-6.869259
-4.233603
-7.465636
-4.159388
-4.111096
-4.422768
-4.000218
-3.930024
356.094757
-3.817577
-3.815972
-3.787635
-3.758635
-3.714961
-5.430611
-3.611654
-3.577284
-3.545496
-3.501071
-5.029380
-3.380455
-3.345149
-3.283110
-3.234803
-3.187853
-3.138506
-3.074495
-3.060808
-4.034618
-2.947492
-2.926180
-2.863974
-2.816133
-6.152417
-2.737307
-2.676479
-6.315909
-2.593781
-2.537414
-5.136973
-1.015518
-0.572514
-3.666998
-2.061736
-2.496704
-2.891217
-3.198385
-3.480392
-3.725708
-3.956374
-7.347961
-4.325466
-4.477836
-10.371980
-4.714492
-4.820630
-9.168485
-4.976177
-5.045678
-5.580557
-5.136811
-5.168014
-5.196216
-5.183442
-5.233060
-5.249018
-5.255815
-6.391730
-5.251966
-5.250559
-5.242765
-5.235643
-5.212919
-5.206257
-5.187625
-5.171222
-5.133879
-5.110688
-5.088878
-5.492716
-5.024947
-7.493834
-4.955732
-4.943636
-4.939768
-4.863752
-4.836842
-4.783095
-4.757705
-4.718589
-7.940435
-4.643784
-4.610608
-4.627947
-4.551001
-4.489644
-4.449610
-4.395300
-5.333693
-4.310028
-4.272735
-4.210968
-4.189577
-4.133693
-6.567615
-4.055071
-4.005450
-4.016357
356.083466
-3.877259
-3.839973
-3.781229
-4.988055
-3.682394
-3.665567
-7.556458
-3.558911
-3.520838
-7.386328
-3.428001
-3.395126
-4.296062
-3.266499
-3.238123
-3.182068
-3.148833
-3.085731
-3.053179
-2.999605
-5.535751
-2.896790
-2.853354
-6.914985
-2.760237
-2.704686
-2.669492
-2.614670
-2.571753
-2.493164
-1.071036
-1.004436
98.627243
-1.506459
-9.289332
-2.506771
-2.866656
-3.905781
-3.479422
-3.720989
-3.947303
-4.139507
-4.316115
-4.462222
-4.584760
-4.701637
-6.719529
-4.888667
-4.970409
-5.029487
-5.082644
-6.876014
-5.161930
-5.186786
-5.211449
-5.231428
-5.242385
-5.252741
-5.263674
-5.255445
-6.066546
-5.242630
-5.232979
-5.213815
-5.205096
-5.993584
-5.168244
-5.140805
-9.106807
-5.091866
-5.083653
-9.267226
-5.023826
-4.979870
-6.400939
-4.913192
-4.882351
-4.828686
-4.806530
-4.779049
-4.734776
-4.687168
-6.941924
-4.609659
-4.551490
-8.755092
-4.488524
-4.453763
-7.661428
-4.377534
-4.311271
-4.550163
-4.225325
-4.177515
-4.137163
-4.101561
-4.046957
-4.562315
-3.960801
355.290375
-3.864555
-3.826764
-3.777117
-3.717448
-3.695849
-3.654366
-3.597379
-3.551384
-6.941862
-3.467057
-3.415830
-3.478728
-3.299783
-5.197052
-3.224913
-3.155656
-3.143165
-3.053048
-3.042674
-2.989257
-2.944542
-2.902452
-5.560226
-2.804796
-2.760203
-2.741508
-2.666466
-2.621241
-2.577532
-2.533015
-1.692222
-1.030777
-0.572514
-1.505106
-2.068457
-2.510405
-6.693433
-3.195004
-3.487427
-3.742422
-3.963662
-4.149124
-4.326989
-4.476264
-6.770830
-4.709834
-4.808258
-10.190486
-4.970245
-5.035682
-9.418512
-5.125285
-5.160937
-5.837066
-5.219512
-5.233909
-5.247746
-5.249936
-5.267144
-5.264590
-5.256844
-6.493665
-5.257757
-5.224643
-5.218101
-5.189378
-5.164976
-5.140801
-5.116296
-5.111206
-5.065662
-5.073545
-5.005719
-6.781763
-4.943439
-7.942873
-4.858500
-4.842558
-4.950913
-4.766058
-4.723568
-4.675276
-4.650020
-4.591374
-4.562254
-4.529554
-4.482117
-5.421410
-4.405573
-4.351935
-4.289824
-4.266451
-5.154436
-4.170781
-4.133242
-4.071877
-4.044307
-3.984686
-3.953807
356.103149
-3.873489
-4.235360
-3.760711
-3.720986
-3.677067
-3.632755
-6.341012
-3.507671
-3.502329
-7.429058
-3.398918
-3.360429
-7.252181
-3.271007
-3.215269
-4.177855
-3.147536
-3.074358
-3.026056
-2.964587
-2.923915
-2.868485
-2.828054
-5.412541
-2.726100
-2.691948
-6.745858
-2.592807
-2.564124
-5.365921
-1.048968
-0.975319
9.662198
-1.519791
-2.066230
-2.499122
-2.868008
-9.932583
-4.048035
-3.732368
-4.757206
-4.135013
-4.316170
-4.450583
-4.588093
-4.696781
-4.800167
-4.897943
-4.969538
-8.892881
-5.078597
-5.116590
-5.258543
-5.177271
-7.331509
-5.215135
-5.226918
-5.243032
-5.241193
-5.247729
-5.236000
-5.228956
-5.224655
-7.803071
-5.192204
-5.181188
-5.162968
-5.126021
-5.113506
-5.089745
-5.058753
-5.664021
-4.992011
-4.972391
-4.954380
-4.918813
-4.868800
-6.885980
-4.789229
-4.754618
-4.727912
-4.679039
-4.642432
-4.603826
-4.556763
-6.117956
-4.487609
-4.441100
-8.536430
-4.351539
-4.311763
-7.999600
-4.225133
-4.173185
-4.794227
-4.098638
-4.051902
-3.999658
-3.955869
356.105865
-3.875674
-3.807339
-5.098663
-3.721260
-3.697981
-3.648314
-3.610589
-3.520935
-3.519268
-3.473559
-3.419641
-3.382723
-3.323375
-3.296689
-4.698622
-3.167185
-6.266112
-3.098039
-3.054688
-3.107194
-2.953428
-2.896571
-2.871945
-2.816694
-2.757717
-2.725709
-2.660435
-2.608380
-3.261288
-2.521786
-1.091992
-1.005324
-0.558963
-3.363506
-2.068484
-2.515582
-2.897515
-3.211929
-3.486266
-9.854246
-3.966974
-4.163618
-4.712744
-4.477521
-4.605749
-4.712012
-4.828697
-5.814236
-4.993187
-5.039220
-9.627841
-5.129439
-5.166879
-9.924162
-5.217830
-5.242162
-6.898702
-5.262599
-5.267808
-5.265870
-5.259826
-5.249833
-5.249058
-5.229383
-7.434651
-5.195920
-5.170027
-9.523947
-5.117321
-5.107609
-8.630813
-5.042214
-4.991690
-5.342916
-4.929478
-4.880059
-8.427971
-4.753691
-4.711999
-4.871804
-4.580250
-5.574033
-4.465127
-4.441158
-4.361870
-4.278449
-4.228362
-4.148672
-4.078817
-4.002967
-6.866541
-3.867049
-3.821455
-3.812838
-3.670511
-5.994002
-3.511484
-3.435389
-3.412050
356.680084
-3.279959
-3.239231
-3.179694
-3.136104
-5.252778
-3.013994
-2.959918
-2.906587
-2.888240
-2.859607
-2.850646
-2.863697
-5.852689
-2.905387
-2.945108
-7.092208
-2.945123
-2.981154
-5.536991
-2.916584
-3.091978
-3.043577
-2.986768
-2.883070
-2.866884
-2.808280
-3.906514
-2.704330
-2.658046
-6.552865
-1.106530
-1.019848
107.622948
-1.463538
-2.067664
-4.573997
-2.842641
-3.159179
-3.439151
-3.690130
-3.909949
-4.082550
-4.261897
-7.021794
-4.509996
-4.617878
-4.707594
-4.775569
-4.843692
-4.877751
-4.922121
-4.942113
-4.979957
-4.988302
-5.004663
-6.502271
-5.002392
-8.696772
-4.994372
-4.992995
-5.426976
-4.980021
-4.975912
-4.956626
-4.957973
-4.943275
-4.934317
-4.921825
-4.915382
-5.613078
-4.921135
-4.889771
-4.888520
-4.903079
-6.549974
-4.809257
-4.782063
-4.765445
-4.737374
-4.686712
-8.244204
-4.597883
-4.579000
-5.013870
-4.464528
-4.367255
-4.363313
-4.301327
-4.199903
-4.097360
-4.054210
-7.349926
-3.974192
-3.889500
-8.004785
-3.757456
-3.691609
-5.853577
-3.553161
356.536194
-3.438351
-3.308585
-3.268787
-3.202657
-3.209718
-4.440753
-3.024395
-2.956625
-6.854668
-2.763274
-2.661722
-2.637645
-2.586861
-2.528552
-2.495941
-2.510216
-2.459585
-5.918354
-2.411831
-2.409770
-2.744076
-2.412495
-3.943090
-2.497676
-2.497815
-2.587992
-2.673023
-2.710197
-2.671904
-2.687231
-1.320448
-3.939112
-0.447917
-1.443717
-2.097458
-2.485352
-9.462721
-3.173072
-3.452852
-4.264474
-3.921014
-4.127035
-4.307324
-4.456204
-4.552658
-7.346519
-4.740403
-4.812292
-4.885824
-4.931112
-4.972862
-5.003808
-5.007915
-7.217447
-5.031703
-5.023479
-9.665475
-5.002748
-5.004587
-8.706682
-4.963353
-4.954080
-5.417685
-4.926393
-4.915735
-4.895297
-4.866616
-4.819086
-4.790565
-4.774139
-5.963026
-4.727240
-4.717178
-4.709333
-4.743901
-4.734036
-4.728959
-4.693763
-4.648615
-4.593603
-4.552649
-4.546793
-6.505407
-4.465631
-7.521194
-4.420066
-4.430399
-4.688407
-4.429055
-4.344913
-4.309905
-4.277106
-4.175956
-4.085854
-3.994371
-3.920097
-5.033837
-3.705591
-3.663469
356.385315
-3.544806
-4.815543
-3.439938
-3.366500
-3.311255
-3.230894
-3.086932
-3.037535
-2.947540
-2.832764
-3.464106
-2.763812
-2.694136
-2.626142
-2.574064
-3.336526
-2.497220
-2.424063
-6.146708
-2.366344
-2.317168
-6.287138
-2.159119
-2.162307
-3.574054
-2.058522
-2.075450
-2.157027
-2.270925
-2.200057
-0.814870
-0.874546
12.912747
-1.517961
-2.026000
-11.483867
-2.863801
-3.193043
-9.684232
-3.726589
-3.949134
-4.786927
-4.327583
-4.463943
-4.581611
-4.693052
-4.777074
-5.602931
-4.929332
-6.350053
-4.995497
-5.045274
-5.076017
-5.082782
-5.103747
-5.082759
-5.099678
-5.106099
-8.928098
-5.070898
-5.063558
-5.242095
-4.970944
-7.634787
-4.902081
-4.854537
-4.906757
-4.799613
-4.772335
-4.722916
-4.687423
-4.653166
-7.567573
-4.632193
-4.566159
-4.539150
-4.447889
-4.432849
-4.405160
-4.385911
-5.486699
-4.358000
-4.379005
-8.621091
-4.386896
-4.389781
-7.122463
-4.427057
-4.455310
-4.523577
-4.425130
-4.380884
-4.278545
-4.195232
-5.204025
-4.039611
-3.966320
-7.889397
-3.831423
356.219666
352.298492
-3.631994
-3.589423
-4.639128
-3.510041
-3.389614
-3.300088
-3.284596
-3.107339
-3.118307
-3.036522
-4.856541
-2.842693
-2.682122
-2.668157
-2.579959
-2.497514
-2.343412
-2.290493
-2.264738
-2.202367
-2.128994
-2.060956
-4.091221
-1.936387
-5.409188
-1.825157
-1.738986
-2.105607
-1.609003
-0.306766
-0.321239
-0.801393
-1.607546
-2.118112
-2.517563
-2.877694
-5.716908
-3.478622
-3.731603
-3.939728
-4.133251
-7.184604
-4.451075
-4.585196
-4.709670
-4.825336
-4.943548
-5.018811
-5.077380
-5.127381
-6.056204
-5.164659
-5.155287
-5.159788
-5.159441
-5.158410
-5.155146
-5.158399
-9.036880
-5.155662
-5.106878
-9.549997
-5.035914
-5.030787
-6.952338
-4.952355
-4.886667
-4.825528
-4.803236
-4.808680
-4.758959
-4.693511
-6.491930
-4.597968
-4.533843
-8.726996
-4.397838
-4.358407
-7.809878
-4.202097
-4.168169
-4.652698
-4.105939
-4.052053
-4.024338
-3.957750
-3.902362
-4.599209
-3.850653
-4.881346
-3.879111
-3.926709
-3.953184
-4.018031
-4.010337
-4.012205
-4.013715
-3.994474
352.463562
-3.749698
-3.649999
-3.870240
-3.476411
-5.911331
-3.362921
-3.421543
-3.519227
-3.480882
-3.378551
-3.204121
-3.173077
-3.138536
-6.060470
-2.930696
-2.860817
-2.841168
-2.678460
-2.577961
-2.540896
-2.465862
-3.427919
-2.341677
-2.256331
-2.087512
-1.967824
-1.900686
-4.500793
-1.853982
-1.821504
-0.440832
-0.160081
-0.675349
-1.530788
-2.073375
-4.769504
-2.854799
-3.166672
-10.565291
-3.653178
-3.891931
-10.244017
-4.256624
-4.404916
-6.173428
-4.641839
-4.776166
-4.837642
-4.919517
-4.996473
-5.064380
-5.106217
-7.565728
-5.212944
-5.205000
-5.245875
-5.257242
-5.273623
-5.303638
-5.295837
-5.289618
-5.276464
-5.270798
-5.237277
-7.632161
-5.178548
-5.118838
-5.047501
-5.002741
-5.400741
-4.907601
-4.841324
-4.822800
-4.774227
-4.751736
-4.695787
-4.669488
-4.625700
-6.054057
-4.454342
-4.375058
-4.270007
-4.187295
-6.291709
-4.102705
-4.057273
-4.094559
-3.956553
-3.891984
-3.849779
-3.791589
-3.741182
-4.528476
-3.620349
-3.593766
-3.533167
-3.459479
-3.398943
-3.395507
356.598755
353.542175
-3.394905
-3.434173
-7.615205
-3.468896
-3.499484
-5.999844
-3.515730
-3.503476
-3.399957
-3.248955
-3.226106
-3.139683
-3.235886
-4.396946
-3.235111
-3.156886
-7.090284
-3.135968
-3.094961
-6.862789
-2.919439
-2.767471
-3.685876
-2.487686
-2.416732
-2.344122
-2.263981
-2.174441
-2.929675
-0.618075
-2.402402
-0.525344
-1.477075
-2.047597
-2.489204
-2.866956
-3.175852
-3.444581
-3.688422
-3.918534
-4.087618
-4.244412
-4.888999
-4.500243
-9.057277
-4.697564
-4.756660
-5.239641
-4.884830
-4.940190
-4.961905
-4.996778
-5.013714
-8.661846
-5.043327
-5.040539
-5.150650
-5.039525
-5.042370
-5.042479
-5.034259
-7.206209
-5.029402
-5.011364
-9.422493
-5.021726
-5.034059
-8.627892
-5.021218
-5.050045
-5.519986
-4.927397
-4.862213
-4.799553
-4.753645
-4.779037
-4.853029
-4.778335
-8.085852
-4.674520
-4.673521
-8.844959
-4.540155
-4.468408
-6.691350
-4.321785
-4.250797
-4.212661
-4.123369
-4.006440
-3.940856
-3.890987
-6.859430
-3.786856
-3.633898
-3.730978
-3.506696
-3.450422
356.593170
-3.307949
-3.229710
-3.201222
-3.175705
-3.072171
-5.509158
-2.992962
-2.895194
-2.867818
-2.800949
-3.876786
-2.797102
-2.738478
-2.703323
-2.595866
-2.525612
-2.443548
-2.381757
-2.391395
-4.075804
-2.403905
-2.540493
-2.462038
-2.371707
-5.518165
-2.556744
-2.525019
-2.662584
-2.295561
-2.260484
-0.931830
-0.952469
-0.496862
-3.453705
-2.038445
-2.487456
-2.874907
-3.195181
-3.462162
-3.709043
-3.922598
-7.740759
-4.287653
-4.419902
-10.327364
-4.661954
-4.734221
-8.772825
-4.891834
-4.932542
-5.324255
-4.995559
-5.031870
-5.044900
-5.052389
-5.047025
-5.056988
-5.038805
-5.790983
-5.011789
-4.999708
-4.998715
-4.970681
-4.935122
-4.890313
-4.867235
-4.847068
-4.830178
-4.822949
-4.789548
-5.819134
-4.717616
-7.568428
-4.604695
-4.528532
-4.537730
-4.449986
-4.437535
-4.420187
-4.461159
-4.468768
-4.480103
-4.464874
-4.408407
-4.902193
-4.408126
-4.411808
-4.388002
-4.451363
-5.034831
-4.330546
-4.222560
-4.200695
-4.221051
-4.212144
-7.569139
-4.114330
-4.099474
-4.204625
356.008759
-3.914470
-3.815535
-3.721560
-4.880725
-3.547197
-3.484908
-7.388681
-3.253178
-3.209300
-6.969960
-3.059089
-3.003620
-3.852318
-2.844640
-2.733809
-2.586544
-2.448910
-2.424520
-2.352367
-2.282237
-4.856066
-2.228811
-2.139401
-6.181826
-2.006512
-1.948912
-4.663258
-1.748001
-1.698357
-1.815681
-0.306646
-0.255864
105.320465
-1.572316
-9.522392
-2.808119
-2.885221
-4.034454
-3.457442
-3.728256
-3.938028
-4.121284
-4.314244
-4.477692
-4.590982
-4.702962
-8.297558
-4.885098
-4.970658
-5.059711
-5.088903
-7.212101
-5.179235
-5.208794
-5.221290
-5.244319
-5.242719
-5.225350
-5.209589
-5.176154
-7.282710
-5.146304
-5.105824
-5.068431
-5.024609
-4.974793
-4.953912
-4.918035
-5.471978
-4.836567
-4.794251
-9.042977
-4.678000
-4.633033
-6.573948
-4.553808
-4.510591
-4.479554
-4.396964
-4.342102
-4.253323
-4.232448
-5.971074
-4.148423
-4.112268
-8.222528
-3.983896
-3.987029
-7.570655
-3.871240
-3.820659
-4.460469
-3.806252
-3.790558
-3.855663
-3.880113
-3.899930
-3.900197
-3.914315
354.768768
-3.779710
-3.725131
-3.724087
-3.718036
-3.687011
-3.698202
-3.681432
-3.621366
-3.602678
-3.566367
-3.501194
-4.848058
-3.298253
-6.251129
-3.016606
-2.917029
-2.962506
-2.823492
-2.678871
-2.651668
-2.602151
-2.480005
-2.380684
-2.299642
-2.258082
-2.790193
-2.077977
-1.999769
-1.973695
-1.852400
-1.573926
-0.316486
-0.601269
-1.511062
-2.047857
-2.485447
-9.858120
-3.171788
-3.437758
-4.033354
-3.881802
-4.063672
-4.228832
-4.378484
-5.692780
-4.592901
-4.694214
-9.722666
-4.861682
-4.941210
-9.848647
-5.064367
-5.108078
-6.574356
-5.197084
-5.245730
-5.250180
-5.281432
-5.263399
-5.270540
-5.269831
-7.898767
-5.247794
-5.237835
-9.664701
-5.199175
-5.183486
-8.484627
-5.111245
-5.080132
-5.231974
-4.918513
-4.878152
-8.384385
-4.768811
-8.546607
-4.879195
-4.619853
-5.180899
-4.496519
-4.452533
-4.378197
-4.327061
-4.285956
-4.216319
-4.165573
-4.058768
-6.822391
-3.916559
-3.890351
-3.860970
-3.776835
-5.635813
-3.663707
-3.602673
-3.539970
-3.503342
-3.470564
-3.431994
356.639771
-3.316118
-5.331100
-3.160719
-3.081667
-2.992900
-3.036670
-3.021799
-3.049365
-3.066440
-3.589849
-3.094374
-3.156015
-7.351478
-3.151288
-3.175586
-4.861229
-2.934031
-2.864262
-2.855445
-2.752297
-2.841973
-2.839013
-2.814872
-4.624850
-2.721913
-2.658227
-6.713428
-2.619287
-2.348625
-5.749331
-0.723721
-0.570514
33.671505
-1.569816
-2.083784
-2.510760
-2.873322
-3.175292
-3.430483
-3.660958
-5.542644
-4.035791
-4.207679
-4.341225
-4.453176
-4.559071
-4.646713
-4.723920
-4.783664
-4.846728
-4.904205
-4.926327
-6.406565
-4.992187
-8.245396
-5.009002
-5.012162
-5.075385
-5.023092
-5.043882
-5.052838
-5.030375
-5.039063
-5.026233
-5.060648
-5.101429
-5.738408
-5.086164
-5.094098
-5.044703
-5.063377
-5.857998
-4.881416
-4.825843
-4.841047
-4.817501
-4.807697
-8.364805
-4.724683
-4.698344
-4.893879
-4.619064
-4.540600
-4.464750
-4.376364
-5.673337
-4.138791
-4.099317
-8.128300
-3.979116
-3.937059
-7.778698
-3.828709
-3.766775
-4.456296
-3.592562
-3.504421
-3.465196
-3.426489
356.658813
-3.294972
-3.208659
-6.039440
-3.079959
-3.003788
-7.073531
-2.843012
-2.810254
-5.395507
-2.729546
-2.697239
-2.639366
-2.621614
-2.553414
-2.505585
-2.535358
-5.872857
-2.736134
-2.583194
-2.881873
-2.580868
-2.746969
-2.649834
-2.686756
-2.724003
-2.630858
-2.498300
-2.478620
-5.154002
-2.448720
-1.095857
-1.047671
-0.540412
-3.314615
-2.027926
-2.496895
-2.857176
-3.167765
-3.454369
-3.698155
-3.923281
-4.097686
-7.083749
-4.408413
-4.520153
-4.623664
-4.735902
-8.846564
-4.843514
-4.887221
-5.231904
-4.910716
-4.946681
-4.975574
-4.982196
-4.967329
-6.493193
-5.004263
-4.993139
-4.975965
-4.940270
-4.917648
-4.937338
-4.913146
-7.342785
-4.886106
-4.849339
-9.182727
-4.769637
-4.727711
-8.049006
-4.672735
-4.670924
-4.919286
-4.647896
-4.650865
-4.677049
-4.705258
-4.726978
-4.714880
-4.674486
-5.238664
-4.537902
-4.438897
-4.363578
-4.341027
-4.372875
-4.416702
-4.433713
-4.403475
-4.352785
-4.320109
-4.233439
-5.236700
-4.068792
-6.417993
-3.891406
-3.763320
-3.683072
356.469025
-3.478800
-3.416543
-3.368548
-3.349288
-3.293893
-3.190145
-3.113214
-3.459244
-2.898089
-2.827040
-2.764694
-2.695496
-3.281301
-2.645990
-2.640604
-2.497854
-2.434792
-2.399276
-5.674674
-2.336359
-2.248471
-2.290685
-2.091268
-2.024686
-1.960853
-1.886613
-3.497065
-1.839820
-1.782156
-5.784332
-0.307879
-0.315898
106.286270
-1.571742
-2.099957
-3.617620
-2.886750
-3.207831
-3.485016
-3.736227
-3.960492
-4.156043
-4.343210
-8.935272
-4.595128
-4.692273
-10.258810
-4.926486
-4.984079
-7.919938
-5.099651
-5.125760
-5.202484
-5.163603
-5.175827
-5.180340
-5.181839
-8.711243
-5.297944
-5.169033
-5.421296
-5.118283
-5.109233
-5.060449
-5.032480
-4.998545
-4.967815
-4.905454
-4.821700
-7.462283
-4.724194
-4.682714
-4.633330
-4.572197
-5.915340
-4.508073
-4.463073
-4.427495
-4.375285
-4.310526
-4.262968
-4.222906
-4.177214
-5.927544
-4.094646
-4.057109
-3.997911
-3.909738
-7.072188
-3.799728
-3.763067
-3.980061
-3.747799
-3.738812
-3.759617
-3.746323
-3.728260
-5.049007
-3.707032
356.291748
-3.726886
-3.824578
-3.735480
-3.834900
-3.820268
-5.906839
-3.643018
-3.611175
-7.677391
-3.461961
-3.404929
-6.513340
-3.334877
-3.281321
-3.483108
-3.167096
-3.098181
-3.083115
-2.984652
-2.977666
-2.955607
-2.957107
-3.746128
-2.843987
-2.825719
-2.786778
-2.726107
-2.695731
-2.659992
-2.556644
-1.089399
-1.018834
-0.548294
-1.502320
-3.961061
-2.517467
-7.962251
-3.216212
-3.514297
-3.805615
-4.004465
-4.191137
-4.372997
-4.521105
-4.654462
-4.772467
-4.869094
-4.955450
-5.500018
-5.102566
-5.149508
-5.179857
-5.230789
-6.498693
-5.270820
-5.281886
-5.292137
-5.304788
-5.314899
-8.789029
-5.292726
-5.282516
-5.388521
-5.257766
-5.249250
-5.234436
-5.214474
-6.372466
-5.173776
-5.158562
-9.227450
-5.100318
-5.070230
-9.143089
-5.011085
-4.975278
-6.162165
-4.904201
-4.856704
-4.821588
-4.778968
-4.737288
-4.700939
-4.652477
-6.930343
-4.576108
-4.534546
-8.711047
-4.452196
-4.420373
-7.654020
-4.331830
-4.275403
-4.235804
-4.185165
-4.133185
-7.168148
-4.031541
-3.982452
355.995117
-3.893242
-4.483937
-3.799465
-3.730767
-3.714510
-3.673941
-3.615506
-3.573951
-3.562789
-3.506726
-5.802189
-3.408800
-3.344808
-3.302098
-3.255758
-5.294086
-3.154926
-3.102198
-3.078963
-3.003314
-2.950764
-2.923516
-2.828348
-2.813641
-4.343735
-2.744581
-2.681062
-2.638993
-2.603042
-2.531734
-1.108910
-1.020784
49.924210
-1.488905
-2.060793
-11.559915
-2.893704
-3.232372
-7.509459
-3.773807
-4.004793
-4.231489
-4.373461
-4.517608
-4.643219
-4.761525
-6.555894
-4.950269
-5.007353
-9.980804
-5.127146
-5.171109
-9.794966
-5.249856
-5.265937
-6.299233
-5.290365
-5.301363
-5.301589
-5.295625
-5.279723
-5.271569
-5.257110
-6.952722
-5.241508
-5.216555
-5.193386
-5.157327
-5.145335
-5.131214
-5.086033
-5.056407
-5.029597
-4.999883
-4.962604
-5.807502
-4.896469
-8.176688
-4.814733
-4.782116
-5.037538
-4.717692
-4.667321
-4.623695
-4.578005
-4.563773
-4.502417
-4.450812
-4.411092
-4.723183
-4.318388
-4.290152
-4.246676
-4.184236
-5.996627
-4.089089
-4.058363
-4.005628
-3.958793
356.093506
352.761902
-3.823690
-3.783947
-4.124446
-3.686492
-3.653382
-3.596068
-3.542764
-3.511714
-3.450896
-3.415393
-6.810644
-3.316380
-3.285515
-7.382245
-3.199123
-3.142591
-5.125512
-3.046752
-2.966383
-2.949412
-2.899775
-2.855710
-2.822363
-2.751092
-4.162248
-2.644882
-2.604309
-6.557258
-2.502071
-1.083365
-0.989157
-0.543840
-1.488017
-2.070793
-2.519148
-2.898389
-9.191957
-3.520369
-3.764695
-4.130762
-4.185543
-5.686449
-4.512683
-4.629265
-4.754940
-4.847630
-4.920475
-5.016697
-5.075014
-5.127402
-8.054405
-5.208480
-5.236622
-5.297576
-5.268454
-8.809417
-5.288293
-5.292752
-5.574133
-5.279370
-5.274790
-5.277388
-5.249691
-5.234039
-7.002717
-5.198505
-5.161750
-5.131384
-5.107640
-5.088420
-5.041053
-5.030786
-7.259918
-4.967187
-4.931790
-9.162953
-4.859511
-4.811741
-7.907713
-4.750506
-4.704598
-5.023269
-4.630245
-4.579098
-4.534622
-4.497676
-4.452055
-4.403824
-4.358669
-5.342589
-4.270754
-4.237455
-4.181941
-4.130824
-4.090974
-4.070261
-4.019602
-3.976100
356.055145
-3.876904
-3.824291
-5.406814
-3.729674
-6.852012
-3.644763
-3.597188
-3.751686
-3.526671
-3.464638
-3.405926
-3.372833
-3.317938
-3.254751
-3.240650
-3.197490
-4.102765
-3.043732
-3.024663
-2.969415
-2.939262
-4.092367
-2.837214
-2.763951
-2.723996
-2.699372
-2.664512
-2.629280
-2.580113
-2.511739
-1.499866
-0.972133
-0.519689
-1.496391
-2.083702
-4.046391
-2.899659
-3.229763
-10.492066
-3.772666
-3.989316
-10.537502
-4.350013
-4.501502
-6.696340
-4.726868
-4.823062
-4.920103
-4.997146
-5.059110
-5.117129
-5.160884
-7.635383
-5.223022
-5.261312
-9.984635
-5.283020
-5.288625
-8.846701
-5.299817
-5.301407
-5.662868
-5.261399
-5.256613
-5.238987
-5.219440
-5.189841
-5.615251
-5.143087
-6.051111
-5.080118
-5.055997
-5.003253
-4.977937
-4.962945
-4.942487
-4.916720
-4.863111
-8.243372
-4.797983
-4.758389
-4.857506
-4.678099
-6.914186
-4.609055
-4.564374
-4.567699
-4.476439
-4.432374
-4.401399
-4.358358
-4.292556
-6.959832
-4.220395
-4.170494
-4.152309
-4.099864
-4.041240
-4.002356
356.037628
-4.969598
-3.855628
-3.809560
-7.930842
-3.727460
-3.668012
-6.186431
-3.630559
-3.567598
-3.570752
-3.444503
-3.428020
-3.373617
-3.330676
-4.336376
-3.216171
-3.174836
-6.949753
-3.091845
-3.036058
-6.931774
-2.972755
-2.862308
-4.124423
-2.805221
-2.775945
-2.726298
-2.703210
-2.672608
-2.624413
-1.161509
-3.073540
0.534810
-1.503262
-2.092786
-2.518670
-2.913361
-3.234817
-3.514980
-3.770576
-4.003960
-4.201266
-4.376009
-7.645582
-4.655220
-4.766859
-4.864914
-4.958205
-5.515946
-5.088455
-5.129250
-5.176689
-5.213129
-5.245399
-5.266868
-5.295246
-5.301252
-6.622452
-5.317624
-5.307890
-5.300476
-5.293126
-7.508076
-5.267482
-5.253201
-5.253158
-5.219081
-5.181072
-5.162707
-5.117407
-5.124245
-5.673590
-5.071494
-5.028399
-5.019868
-4.975688
-4.941937
-4.906974
-4.856752
-8.197320
-4.783346
-4.726161
-8.935083
-4.674806
-4.615981
-6.773135
-4.537988
-4.495372
-4.467086
-4.406535
-4.355968
-4.316940
-4.274775
-5.677493
-4.182338
-4.144755
-8.183073
-4.040803
-4.011836
352.237274
-3.885879
-3.870600
-3.838384
-3.798359
-3.736858
-3.697683
-3.641584
-3.569593
-4.086638
-3.491522
-4.836619
-3.414702
-3.359547
-3.328449
-3.239666
-3.216014
-3.196508
-3.151054
-3.118899
-6.411790
-3.026252
-2.921815
-3.038875
-2.932308
-5.697294
-2.811817
-2.746038
-2.839404
-2.640171
-2.564297
-1.131074
-1.076826
-0.540412
-5.755561
-2.065861
-2.524585
-2.943195
-3.235650
-3.528176
-3.770726
-4.004437
-8.040030
-4.380893
-4.528536
-10.424961
-4.765718
-4.872533
-8.688841
-5.028530
-5.085993
-5.268049
-5.181062
-5.233917
-5.246814
-5.291149
-6.327543
-5.319167
-5.356054
-9.588320
-5.382426
-5.389441
-9.778684
-5.363034
-5.322474
-6.799392
-5.258519
-5.244770
-5.227098
-5.215911
-5.195398
-5.154881
-5.132181
-7.502823
-5.063335
-5.028413
-5.041634
-4.969190
-4.939855
-4.874715
-4.836259
-4.785443
-4.733975
-4.692019
-4.645893
-6.400170
-4.570617
-4.522907
-4.469172
-4.427948
-4.829256
-4.322309
-4.292460
-4.232660
-4.195069
-4.158732
-4.112381
-4.067447
-4.023632
-5.082004
356.059052
-3.897394
-3.830111
-3.789726
-5.982285
-3.713103
-3.673053
-3.653578
-3.583321
-3.510511
-3.491891
-3.439339
-3.396301
-3.902056
-3.287823
-3.258012
-3.155170
-3.157460
-3.109295
-3.073062
-3.016305
-6.160741
-2.930681
-2.856284
-6.943576
-2.776391
-2.756711
-4.907185
-2.660822
-2.596274
-2.561360
-1.108097
-1.029445
-0.522530
-1.516759
-5.870427
-2.521265
-2.919249
-10.957705
-3.525812
-3.793942
-10.116309
-4.203028
-4.378345
-5.866086
-4.646409
-4.766258
-4.869206
-4.952840
-5.039769
