0.000000
1616.000000
1624.000000
1624.000000
1620.000000
1616.000000
1616.000000
1602.000000
1614.000000
1610.000000
1616.000000
1596.000000
1602.000000
1618.000000
1614.000000
1640.000000
1608.000000
1592.000000
1584.000000
1568.000000
1622.000000
1636.000000
1632.000000
1618.000000
1568.000000
1584.000000
1604.000000
1626.000000
1622.000000
1614.000000
1590.000000
1568.000000
1608.000000
1624.000000
1626.000000
1614.000000
1608.000000
1600.000000
1604.000000
1604.000000
1628.000000
1598.000000
1602.000000
1594.000000
1622.000000
1602.000000
1614.000000
1620.000000
1600.000000
1612.000000
1614.000000
1620.000000
1588.000000
1620.000000
1624.000000
1606.000000
1612.000000
1614.000000
1626.000000
1616.000000
1596.000000
1582.000000
1586.000000
1618.000000
1620.000000
1616.000000
1616.000000
1586.000000
1622.000000
1626.000000
1620.000000
1592.000000
1624.000000
1620.000000
1600.000000
1610.000000
1618.000000
1612.000000
1614.000000
1602.000000
1622.000000
1614.000000
1618.000000
1624.000000
1608.000000
1598.000000
1606.000000
1626.000000
1588.000000
1618.000000
1622.000000
1586.000000
1622.000000
1618.000000
1614.000000
1632.000000
1618.000000
1592.000000
1608.000000
1610.000000
1614.000000
1626.000000
1632.000000
1622.000000
1622.000000
1606.000000
1620.000000
1624.000000
1622.000000
1618.000000
1608.000000
1622.000000
1602.000000
1612.000000
1614.000000
1626.000000
1620.000000
1620.000000
1620.000000
1606.000000
1620.000000
1626.000000
1612.000000
1628.000000
1608.000000
1612.000000
1614.000000
1624.000000
1638.000000
1630.000000
1616.000000
1606.000000
1624.000000
1606.000000
1626.000000
1628.000000
1612.000000
1616.000000
1608.000000
1614.000000
1590.000000
1618.000000
1612.000000
1630.000000
1620.000000
1624.000000
1618.000000
1616.000000
1612.000000
1616.000000
1624.000000
1610.000000
1638.000000
1656.000000
1628.000000
1620.000000
1632.000000
1636.000000
1614.000000
1600.000000
1646.000000
1658.000000
1652.000000
1628.000000
1566.000000
1566.000000
1656.000000
1696.000000
1620.000000
1604.000000
1594.000000
1604.000000
1684.000000
1660.000000
1600.000000
1592.000000
1626.000000
1616.000000
1632.000000
1630.000000
1622.000000
1624.000000
1628.000000
1608.000000
1632.000000
1630.000000
1642.000000
1638.000000
1618.000000
1634.000000
1616.000000
1624.000000
1622.000000
1632.000000
1612.000000
1624.000000
1626.000000
1638.000000
1624.000000
1622.000000
1614.000000
1610.000000
1616.000000
1628.000000
1628.000000
1626.000000
1610.000000
1620.000000
1612.000000
1626.000000
1612.000000
1622.000000
1628.000000
1628.000000
1606.000000
1620.000000
1644.000000
1638.000000
1634.000000
1620.000000
1640.000000
1634.000000
1620.000000
1614.000000
1608.000000
1606.000000
1620.000000
1638.000000
1640.000000
1628.000000
1640.000000
1634.000000
1618.000000
1626.000000
1624.000000
1618.000000
1644.000000
1626.000000
1626.000000
1634.000000
1622.000000
1638.000000
1620.000000
1636.000000
1624.000000
1638.000000
1620.000000
1624.000000
1626.000000
1644.000000
1654.000000
1652.000000
1620.000000
1620.000000
1622.000000
1636.000000
1636.000000
1630.000000
1630.000000
1622.000000
1634.000000
1618.000000
1650.000000
1636.000000
1628.000000
1630.000000
1636.000000
1628.000000
1628.000000
1628.000000
1636.000000
1628.000000
1624.000000
1628.000000
1626.000000
1632.000000
1632.000000
1628.000000
1618.000000
1634.000000
1632.000000
1642.000000
1632.000000
1624.000000
1634.000000
1622.000000
1624.000000
1634.000000
1638.000000
1626.000000
1626.000000
1628.000000
1650.000000
1648.000000
1620.000000
1624.000000
1602.000000
1612.000000
1626.000000
1646.000000
1672.000000
1662.000000
1642.000000
1598.000000
1642.000000
1646.000000
1656.000000
1644.000000
1642.000000
1634.000000
1626.000000
1620.000000
1642.000000
1626.000000
1644.000000
1632.000000
1626.000000
1630.000000
1640.000000
1656.000000
1634.000000
1628.000000
1614.000000
1654.000000
1630.000000
1640.000000
1648.000000
1646.000000
1624.000000
1626.000000
1626.000000
1638.000000
1616.000000
1612.000000
1624.000000
1650.000000
1636.000000
1624.000000
1642.000000
1648.000000
1640.000000
1640.000000
1646.000000
1636.000000
1630.000000
1630.000000
1626.000000
1624.000000
1632.000000
1644.000000
1640.000000
1628.000000
1642.000000
1638.000000
1638.000000
1644.000000
1626.000000
1636.000000
1634.000000
1626.000000
1640.000000
1670.000000
1638.000000
1662.000000
1632.000000
1636.000000
1632.000000
1648.000000
1650.000000
1644.000000
1636.000000
1638.000000
1632.000000
1628.000000
1612.000000
1650.000000
1642.000000
1634.000000
1638.000000
1652.000000
1640.000000
1636.000000
1640.000000
1642.000000
1658.000000
1640.000000
1648.000000
1636.000000
1642.000000
1644.000000
1644.000000
1654.000000
1650.000000
1646.000000
1646.000000
1626.000000
1650.000000
1636.000000
1632.000000
1652.000000
1638.000000
1634.000000
1626.000000
1654.000000
1630.000000
1640.000000
1626.000000
1658.000000
1634.000000
1642.000000
1648.000000
1632.000000
1644.000000
1636.000000
1646.000000
1648.000000
1642.000000
1640.000000
1656.000000
1628.000000
1630.000000
1646.000000
1650.000000
1656.000000
1652.000000
1642.000000
1632.000000
1640.000000
1632.000000
1624.000000
1648.000000
1652.000000
1646.000000
1646.000000
1640.000000
1658.000000
1638.000000
1644.000000
1622.000000
1642.000000
1644.000000
1648.000000
1638.000000
1642.000000
1636.000000
1638.000000
1652.000000
1646.000000
1634.000000
1638.000000
1628.000000
1640.000000
1638.000000
1650.000000
1660.000000
1636.000000
1640.000000
1624.000000
1650.000000
1658.000000
1650.000000
1638.000000
1648.000000
1654.000000
1630.000000
1640.000000
1648.000000
1634.000000
1630.000000
1636.000000
1622.000000
1640.000000
1624.000000
1636.000000
1636.000000
1652.000000
1632.000000
1636.000000
1638.000000
1652.000000
1626.000000
1636.000000
1630.000000
1640.000000
1650.000000
1654.000000
1640.000000
1638.000000
1658.000000
1648.000000
1644.000000
1652.000000
1644.000000
1652.000000
1642.000000
1650.000000
1652.000000
1644.000000
1646.000000
1648.000000
1646.000000
1648.000000
1632.000000
1654.000000
1644.000000
1640.000000
1642.000000
1644.000000
1652.000000
1646.000000
1658.000000
1644.000000
1626.000000
1640.000000
1640.000000
1650.000000
1668.000000
1660.000000
1632.000000
1642.000000
1660.000000
1686.000000
1682.000000
1658.000000
1624.000000
1638.000000
1644.000000
1656.000000
1668.000000
1648.000000
1652.000000
1666.000000
1644.000000
1658.000000
1658.000000
1656.000000
1656.000000
1656.000000
1664.000000
1654.000000
1638.000000
1660.000000
1638.000000
1672.000000
1654.000000
1664.000000
1650.000000
1668.000000
1660.000000
1644.000000
1654.000000
1644.000000
1646.000000
1650.000000
1656.000000
1650.000000
1650.000000
1650.000000
1664.000000
1656.000000
1658.000000
1656.000000
1632.000000
1660.000000
1638.000000
1644.000000
1640.000000
1640.000000
1654.000000
1652.000000
1652.000000
1652.000000
1652.000000
1676.000000
1652.000000
1666.000000
1648.000000
1650.000000
1664.000000
1656.000000
1646.000000
1664.000000
1648.000000
1654.000000
1658.000000
1658.000000
1652.000000
1662.000000
1656.000000
1650.000000
1646.000000
1646.000000
1656.000000
1668.000000
1672.000000
1648.000000
1654.000000
1644.000000
1664.000000
1666.000000
1672.000000
1648.000000
1668.000000
1660.000000
1650.000000
1644.000000
1654.000000
1652.000000
1658.000000
1648.000000
1658.000000
1660.000000
1628.000000
1660.000000
1648.000000
1660.000000
1652.000000
1650.000000
1654.000000
1660.000000
1648.000000
1678.000000
1662.000000
1650.000000
1672.000000
1662.000000
1662.000000
1658.000000
1644.000000
1636.000000
1656.000000
1664.000000
1648.000000
1642.000000
1658.000000
1662.000000
1656.000000
1662.000000
1654.000000
1656.000000
1634.000000
1654.000000
1654.000000
1658.000000
1660.000000
1636.000000
1650.000000
1642.000000
1658.000000
1670.000000
1664.000000
1646.000000
1656.000000
1656.000000
1664.000000
1660.000000
1658.000000
1654.000000
1640.000000
1654.000000
1678.000000
1676.000000
1660.000000
1640.000000
1660.000000
1648.000000
1666.000000
1684.000000
1644.000000
1662.000000
1638.000000
1660.000000
1668.000000
1662.000000
1654.000000
1644.000000
1648.000000
1660.000000
1662.000000
1658.000000
1644.000000
1646.000000
1648.000000
1670.000000
1656.000000
1670.000000
1658.000000
1648.000000
1658.000000
1664.000000
1656.000000
1632.000000
1680.000000
1652.000000
1668.000000
1642.000000
1654.000000
1670.000000
1658.000000
1652.000000
1636.000000
1638.000000
1656.000000
1654.000000
1656.000000
1648.000000
1672.000000
1666.000000
1668.000000
1650.000000
1642.000000
1636.000000
1652.000000
1654.000000
1656.000000
1672.000000
1656.000000
1654.000000
1650.000000
1652.000000
1656.000000
1678.000000
1650.000000
1658.000000
1660.000000
1674.000000
1658.000000
1652.000000
1666.000000
1674.000000
1650.000000
1672.000000
1660.000000
1666.000000
1662.000000
1660.000000
1634.000000
1642.000000
1652.000000
1662.000000
1654.000000
1640.000000
1636.000000
1658.000000
1658.000000
1670.000000
1654.000000
1656.000000
1646.000000
1646.000000
1662.000000
1658.000000
1654.000000
1674.000000
1654.000000
1664.000000
1656.000000
1658.000000
1658.000000
1680.000000
1648.000000
1664.000000
1658.000000
1676.000000
1658.000000
1652.000000
1644.000000
1658.000000
1668.000000
1656.000000
1660.000000
1654.000000
1664.000000
1668.000000
1642.000000
1638.000000
1662.000000
1660.000000
1650.000000
1668.000000
1652.000000
1654.000000
1656.000000
1658.000000
1660.000000
1656.000000
1656.000000
1672.000000
1666.000000
1662.000000
1654.000000
1642.000000
1652.000000
1670.000000
1672.000000
1658.000000
1656.000000
1652.000000
1668.000000
1658.000000
1660.000000
1646.000000
1646.000000
1644.000000
1662.000000
1656.000000
1656.000000
1652.000000
1654.000000
1652.000000
1644.000000
1668.000000
1654.000000
1664.000000
1646.000000
1654.000000
1662.000000
1646.000000
1660.000000
1646.000000
1658.000000
1666.000000
1660.000000
1648.000000
1658.000000
1660.000000
1660.000000
1660.000000
1666.000000
1650.000000
1646.000000
1668.000000
1644.000000
1660.000000
1652.000000
1684.000000
1694.000000
1670.000000
1670.000000
1664.000000
1664.000000
1656.000000
1620.000000
1660.000000
1684.000000
1676.000000
1642.000000
1638.000000
1670.000000
1678.000000
1682.000000
1678.000000
1704.000000
1664.000000
1646.000000
1652.000000
1658.000000
1666.000000
1660.000000
1660.000000
1676.000000
1672.000000
1670.000000
1648.000000
1670.000000
1676.000000
1666.000000
1678.000000
1660.000000
1668.000000
1674.000000
1656.000000
1662.000000
1654.000000
1656.000000
1674.000000
1670.000000
1656.000000
1682.000000
1654.000000
1666.000000
1662.000000
1662.000000
1664.000000
1654.000000
1678.000000
1658.000000
1674.000000
1676.000000
1676.000000
1678.000000
1666.000000
1680.000000
1658.000000
1678.000000
1680.000000
1658.000000
1664.000000
1672.000000
1672.000000
1660.000000
1660.000000
1662.000000
1676.000000
1672.000000
1676.000000
1670.000000
1678.000000
1670.000000
1672.000000
1680.000000
1670.000000
1670.000000
1664.000000
1656.000000
1666.000000
1680.000000
1684.000000
1664.000000
1662.000000
1670.000000
1686.000000
1662.000000
1676.000000
1678.000000
1662.000000
1656.000000
1662.000000
1642.000000
1652.000000
1676.000000
1660.000000
1676.000000
1680.000000
1678.000000
1692.000000
1662.000000
1668.000000
1674.000000
1670.000000
1640.000000
1630.000000
1638.000000
1670.000000
1700.000000
1680.000000
1660.000000
1646.000000
1670.000000
1690.000000
1690.000000
1678.000000
1650.000000
1666.000000
1670.000000
1650.000000
1696.000000
1678.000000
1668.000000
1666.000000
1662.000000
1648.000000
1658.000000
1664.000000
1662.000000
1666.000000
1684.000000
1650.000000
1660.000000
1644.000000
1662.000000
1644.000000
1654.000000
1654.000000
1672.000000
1660.000000
1650.000000
1648.000000
1662.000000
1684.000000
1670.000000
1662.000000
1658.000000
1642.000000
1680.000000
1684.000000
1660.000000
1660.000000
1644.000000
1666.000000
1672.000000
1664.000000
1650.000000
1630.000000
1658.000000
1664.000000
1658.000000
1652.000000
1640.000000
1628.000000
1656.000000
1656.000000
1674.000000
1664.000000
1644.000000
1626.000000
1650.000000
1670.000000
1664.000000
1648.000000
1646.000000
1652.000000
1642.000000
1632.000000
1654.000000
1672.000000
1668.000000
1686.000000
1638.000000
1610.000000
1618.000000
1616.000000
1652.000000
1678.000000
1676.000000
1682.000000
1650.000000
1660.000000
1674.000000
1672.000000
1668.000000
1638.000000
1638.000000
1654.000000
1658.000000
1652.000000
1664.000000
1642.000000
1662.000000
1660.000000
1634.000000
1638.000000
1664.000000
1676.000000
1666.000000
1660.000000
1654.000000
1664.000000
1648.000000
1650.000000
1642.000000
1664.000000
1646.000000
1648.000000
1666.000000
1652.000000
1654.000000
1662.000000
1654.000000
1644.000000
1654.000000
1662.000000
1634.000000
1668.000000
1664.000000
1682.000000
1670.000000
1652.000000
1626.000000
1646.000000
1658.000000
1688.000000
1626.000000
1632.000000
1644.000000
1662.000000
1654.000000
1668.000000
1640.000000
1654.000000
1694.000000
1670.000000
1660.000000
1644.000000
1646.000000
1640.000000
1660.000000
1652.000000
1650.000000
1656.000000
1646.000000
1638.000000
1652.000000
1672.000000
1664.000000
1662.000000
1634.000000
1636.000000
1656.000000
1686.000000
1682.000000
1648.000000
1626.000000
1656.000000
1654.000000
1658.000000
1668.000000
1666.000000
1652.000000
1636.000000
1652.000000
1660.000000
1660.000000
1656.000000
1640.000000
1656.000000
1644.000000
1626.000000
1644.000000
1664.000000
1656.000000
1660.000000
1654.000000
1650.000000
1652.000000
1668.000000
1664.000000
1650.000000
1658.000000
1634.000000
1658.000000
1646.000000
1652.000000
1666.000000
1664.000000
1632.000000
1680.000000
1692.000000
1638.000000
1636.000000
1694.000000
1730.000000
1730.000000
1704.000000
1618.000000
1626.000000
1654.000000
1656.000000
1712.000000
1682.000000
1674.000000
1640.000000
1668.000000
1680.000000
1684.000000
1676.000000
1612.000000
1640.000000
1672.000000
1692.000000
1644.000000
1648.000000
1636.000000
1668.000000
1698.000000
1710.000000
1672.000000
1644.000000
1624.000000
1660.000000
1634.000000
1692.000000
1688.000000
1666.000000
1650.000000
1642.000000
1664.000000
1664.000000
1668.000000
1654.000000
1630.000000
1654.000000
1658.000000
1650.000000
1654.000000
1642.000000
1650.000000
1662.000000
1662.000000
1658.000000
1664.000000
1650.000000
1636.000000
1658.000000
1660.000000
1682.000000
1650.000000
1652.000000
1658.000000
1662.000000
1678.000000
1668.000000
1656.000000
1650.000000
1656.000000
1656.000000
1670.000000
1668.000000
1658.000000
1634.000000
1650.000000
1672.000000
1660.000000
1660.000000
1652.000000
1662.000000
1658.000000
1676.000000
1650.000000
1650.000000
1660.000000
1660.000000
1664.000000
1670.000000
1660.000000
1648.000000
1654.000000
1664.000000
1684.000000
1662.000000
1662.000000
1642.000000
1664.000000
1658.000000
1678.000000
1654.000000
1678.000000
1656.000000
1662.000000
1646.000000
1660.000000
1684.000000
1672.000000
1670.000000
1658.000000
1666.000000
1668.000000
1670.000000
1656.000000
1662.000000
1648.000000
1652.000000
1672.000000
1692.000000
1684.000000
1618.000000
1624.000000
1656.000000
1662.000000
1684.000000
1648.000000
1648.000000
1634.000000
1672.000000
1678.000000
1672.000000
1650.000000
1666.000000
1666.000000
1658.000000
1674.000000
1644.000000
1660.000000
1654.000000
1648.000000
1648.000000
1658.000000
1656.000000
1652.000000
1670.000000
1680.000000
1660.000000
1658.000000
1658.000000
1636.000000
1652.000000
1634.000000
1654.000000
1658.000000
1658.000000
1644.000000
1652.000000
1646.000000
1646.000000
1630.000000
1656.000000
1666.000000
1652.000000
1666.000000
1632.000000
1654.000000
1658.000000
1662.000000
1660.000000
1672.000000
1656.000000
1634.000000
1646.000000
1668.000000
1652.000000
1656.000000
1640.000000
1654.000000
1652.000000
1662.000000
1656.000000
1662.000000
1654.000000
1664.000000
1662.000000
1656.000000
1646.000000
1656.000000
1676.000000
1670.000000
1656.000000
1670.000000
1654.000000
1660.000000
1656.000000
1654.000000
1666.000000
1662.000000
1650.000000
1652.000000
1656.000000
1666.000000
1674.000000
1672.000000
1644.000000
1648.000000
1646.000000
1668.000000
1686.000000
1648.000000
1662.000000
1662.000000
1662.000000
1668.000000
1652.000000
1674.000000
1648.000000
1662.000000
1680.000000
1660.000000
1662.000000
1644.000000
1644.000000
1682.000000
1658.000000
1650.000000
1684.000000
1666.000000
1678.000000
1664.000000
1662.000000
1646.000000
1642.000000
1662.000000
1660.000000
1668.000000
1672.000000
1630.000000
1656.000000
1652.000000
1664.000000
1656.000000
1646.000000
1668.000000
1668.000000
1638.000000
1626.000000
1646.000000
1668.000000
1664.000000
1658.000000
1652.000000
1660.000000
1668.000000
1666.000000
1658.000000
1658.000000
1652.000000
1644.000000
1672.000000
1652.000000
1636.000000
1650.000000
1672.000000
1658.000000
1660.000000
1644.000000
1648.000000
1676.000000
1646.000000
1662.000000
1682.000000
1682.000000
1654.000000
1658.000000
1670.000000
1664.000000
1674.000000
1666.000000
1636.000000
1664.000000
1656.000000
1660.000000
1664.000000
1682.000000
1680.000000
1684.000000
1654.000000
1652.000000
1664.000000
1670.000000
1634.000000
1650.000000
1698.000000
1694.000000
1676.000000
1666.000000
1664.000000
1666.000000
1682.000000
1680.000000
1682.000000
1684.000000
1648.000000
1638.000000
1670.000000
1666.000000
1682.000000
1658.000000
1658.000000
1642.000000
1660.000000
1682.000000
1642.000000
1662.000000
1636.000000
1628.000000
1674.000000
1670.000000
1666.000000
1636.000000
1656.000000
1654.000000
1686.000000
1656.000000
1636.000000
1654.000000
1652.000000
1664.000000
1666.000000
1652.000000
1678.000000
1648.000000
1646.000000
1668.000000
1654.000000
1646.000000
1650.000000
1670.000000
1664.000000
1652.000000
1652.000000
1674.000000
1678.000000
1686.000000
1654.000000
1658.000000
1654.000000
1652.000000
1670.000000
1690.000000
1666.000000
1662.000000
1660.000000
1648.000000
1686.000000
1664.000000
1656.000000
1652.000000
1642.000000
1660.000000
1692.000000
1664.000000
1668.000000
1666.000000
1670.000000
1674.000000
1682.000000
1676.000000
1672.000000
1676.000000
1658.000000
1664.000000
1670.000000
1690.000000
1688.000000
1670.000000
1644.000000
1636.000000
1632.000000
1672.000000
1676.000000
1688.000000
1662.000000
1672.000000
1664.000000
1654.000000
1664.000000
1658.000000
1664.000000
1660.000000
1660.000000
1668.000000
1672.000000
1684.000000
1686.000000
1666.000000
1660.000000
1676.000000
1678.000000
1650.000000
1664.000000
1674.000000
1668.000000
1666.000000
1644.000000
1630.000000
1674.000000
1706.000000
1660.000000
1634.000000
1632.000000
1698.000000
1688.000000
1680.000000
1638.000000
1642.000000
1678.000000
1678.000000
1664.000000
1656.000000
1646.000000
1656.000000
1652.000000
1664.000000
1668.000000
1658.000000
1658.000000
1662.000000
1668.000000
1640.000000
1644.000000
1680.000000
1668.000000
1652.000000
1656.000000
1664.000000
1684.000000
1662.000000
1666.000000
1664.000000
1676.000000
1658.000000
1662.000000
1668.000000
1666.000000
1658.000000
1670.000000
1668.000000
1660.000000
1652.000000
1684.000000
1668.000000
1678.000000
1688.000000
1686.000000
1674.000000
1672.000000
1678.000000
1692.000000
1654.000000
1652.000000
1648.000000
1654.000000
1674.000000
1682.000000
1676.000000
1678.000000
1654.000000
1674.000000
1672.000000
1650.000000
1668.000000
1686.000000
1684.000000
1688.000000
1638.000000
1670.000000
1662.000000
1676.000000
1668.000000
1694.000000
1678.000000
1672.000000
1644.000000
1666.000000
1666.000000
1656.000000
1678.000000
1648.000000
1652.000000
1650.000000
1674.000000
1694.000000
1680.000000
1672.000000
1658.000000
1652.000000
1658.000000
1650.000000
1666.000000
1696.000000
1712.000000
1682.000000
1620.000000
1636.000000
1666.000000
1670.000000
1734.000000
1678.000000
1660.000000
1618.000000
1624.000000
1694.000000
1720.000000
1664.000000
1634.000000
1656.000000
1654.000000
1678.000000
1680.000000
1692.000000
1666.000000
1656.000000
1664.000000
1676.000000
1670.000000
1656.000000
1666.000000
1668.000000
1676.000000
1688.000000
1654.000000
1654.000000
1652.000000
1666.000000
1680.000000
1668.000000
1676.000000
1692.000000
1674.000000
1664.000000
1672.000000
1696.000000
1684.000000
1646.000000
1644.000000
1676.000000
1704.000000
1710.000000
1682.000000
1692.000000
1656.000000
1656.000000
1672.000000
1684.000000
1674.000000
1612.000000
1636.000000
1688.000000
1746.000000
1684.000000
1676.000000
1660.000000
1686.000000
1664.000000
1660.000000
1674.000000
1702.000000
1406.000000
1804.000000
1738.000000
1778.000000
1726.000000
1718.000000
1704.000000
1656.000000
1702.000000
1712.000000
1702.000000
1722.000000
1698.000000
1698.000000
1734.000000
1708.000000
1708.000000
1708.000000
1700.000000
1700.000000
1714.000000
1708.000000
1706.000000
1692.000000
1706.000000
1716.000000
1720.000000
1712.000000
1702.000000
1720.000000
1734.000000
1702.000000
1706.000000
1700.000000
1694.000000
1712.000000
1718.000000
1716.000000
1712.000000
1718.000000
1704.000000
1694.000000
1720.000000
1722.000000
1708.000000
1698.000000
1702.000000
1730.000000
1720.000000
1734.000000
1714.000000
1716.000000
1736.000000
1724.000000
1734.000000
1718.000000
1708.000000
1714.000000
1718.000000
1724.000000
1696.000000
1698.000000
1692.000000
1718.000000
1750.000000
1750.000000
1688.000000
1672.000000
1718.000000
1746.000000
1756.000000
1746.000000
1700.000000
1710.000000
1710.000000
1726.000000
1720.000000
1708.000000
1686.000000
1706.000000
1690.000000
1684.000000
1718.000000
1726.000000
1726.000000
1734.000000
1736.000000
1700.000000
1704.000000
1708.000000
1718.000000
1712.000000
1708.000000
1736.000000
1712.000000
1698.000000
1682.000000
1710.000000
1704.000000
1710.000000
1728.000000
1704.000000
1718.000000
1720.000000
1696.000000
1730.000000
1706.000000
1710.000000
1706.000000
1708.000000
1740.000000
1722.000000
1704.000000
1688.000000
1706.000000
1726.000000
1736.000000
1712.000000
1720.000000
1714.000000
1718.000000
1728.000000
1720.000000
1738.000000
1730.000000
1738.000000
1704.000000
1728.000000
1712.000000
1738.000000
1732.000000
1732.000000
1724.000000
1742.000000
1744.000000
1720.000000
1728.000000
1738.000000
1726.000000
1758.000000
1738.000000
1704.000000
1730.000000
1744.000000
1752.000000
1760.000000
1726.000000
1706.000000
1742.000000
1744.000000
1744.000000
1726.000000
1728.000000
1724.000000
1724.000000
1744.000000
1718.000000
1734.000000
1736.000000
1728.000000
1726.000000
1720.000000
1726.000000
1738.000000
1744.000000
1708.000000
1710.000000
1688.000000
1728.000000
1740.000000
1754.000000
1722.000000
1690.000000
1730.000000
1732.000000
1734.000000
1730.000000
1734.000000
1684.000000
1698.000000
1718.000000
1716.000000
1722.000000
1748.000000
1732.000000
1718.000000
1720.000000
1760.000000
1750.000000
1728.000000
1680.000000
1686.000000
1754.000000
1752.000000
1752.000000
1734.000000
1698.000000
1702.000000
1732.000000
1750.000000
1740.000000
1728.000000
1728.000000
1738.000000
1764.000000
1734.000000
1754.000000
1744.000000
1722.000000
1704.000000
1700.000000
1736.000000
1736.000000
1736.000000
1720.000000
1700.000000
1718.000000
1696.000000
1748.000000
1776.000000
1748.000000
1734.000000
1706.000000
1704.000000
1722.000000
1738.000000
1742.000000
1734.000000
1722.000000
1720.000000
1718.000000
1766.000000
1734.000000
1734.000000
1750.000000
1730.000000
1720.000000
1736.000000
1734.000000
1710.000000
1740.000000
1712.000000
1730.000000
1736.000000
1732.000000
1700.000000
1690.000000
1686.000000
1752.000000
1768.000000
1778.000000
1732.000000
1700.000000
1704.000000
1716.000000
1732.000000
1748.000000
1766.000000
1744.000000
1696.000000
1710.000000
1700.000000
1742.000000
1762.000000
1722.000000
1726.000000
1650.000000
1720.000000
2148.000000
1988.000000
1998.000000
1766.000000
1692.000000
1714.000000
1802.000000
1840.000000
1766.000000
1762.000000
1742.000000
1754.000000
1764.000000
1760.000000
1798.000000
1822.000000
1786.000000
1772.000000
1720.000000
1746.000000
1832.000000
1816.000000
1774.000000
1776.000000
1782.000000
1782.000000
1810.000000
1760.000000
1808.000000
1810.000000
1802.000000
1786.000000
1750.000000
1776.000000
1758.000000
1780.000000
1784.000000
1784.000000
1806.000000
1778.000000
1774.000000
1762.000000
1736.000000
1758.000000
1804.000000
1800.000000
1790.000000
1766.000000
1762.000000
1762.000000
1780.000000
1772.000000
1794.000000
1788.000000
1774.000000
1764.000000
1780.000000
1788.000000
1770.000000
1832.000000
1778.000000
1758.000000
1772.000000
1746.000000
1820.000000
1828.000000
1798.000000
1754.000000
1732.000000
1742.000000
1766.000000
1770.000000
1788.000000
1774.000000
1736.000000
1742.000000
1766.000000
1802.000000
1804.000000
1784.000000
1774.000000
1782.000000
1752.000000
1742.000000
1754.000000
1768.000000
1792.000000
1782.000000
1754.000000
1764.000000
1770.000000
1764.000000
1788.000000
1768.000000
1814.000000
1768.000000
1754.000000
1742.000000
1752.000000
1776.000000
1768.000000
1752.000000
1758.000000
1790.000000
1806.000000
1792.000000
1770.000000
1762.000000
1776.000000
1770.000000
1768.000000
1762.000000
1778.000000
1770.000000
1788.000000
1792.000000
1774.000000
1780.000000
1768.000000
1760.000000
1790.000000
1802.000000
1840.000000
1774.000000
1712.000000
1710.000000
1730.000000
1762.000000
1742.000000
1762.000000
1778.000000
1758.000000
1806.000000
1814.000000
1832.000000
1850.000000
1782.000000
1782.000000
1788.000000
1804.000000
1828.000000
1806.000000
1802.000000
1794.000000
1782.000000
1790.000000
1794.000000
1796.000000
1792.000000
1798.000000
1810.000000
1784.000000
1774.000000
1782.000000
1788.000000
1782.000000
1792.000000
1784.000000
1780.000000
1780.000000
1794.000000
1804.000000
1798.000000
1808.000000
1816.000000
1798.000000
1792.000000
1796.000000
1798.000000
1812.000000
1790.000000
1786.000000
1776.000000
1788.000000
1806.000000
1790.000000
1816.000000
1814.000000
1802.000000
1778.000000
1798.000000
1812.000000
1794.000000
1786.000000
1794.000000
1808.000000
1798.000000
1786.000000
1810.000000
1810.000000
1786.000000
1806.000000
1788.000000
1774.000000
1782.000000
1804.000000
1792.000000
1790.000000
1792.000000
1780.000000
1816.000000
1808.000000
1820.000000
1802.000000
1744.000000
1780.000000
1796.000000
1808.000000
1828.000000
1808.000000
1792.000000
1802.000000
1792.000000
1806.000000
1808.000000
1838.000000
1784.000000
1770.000000
1750.000000
1778.000000
1810.000000
1806.000000
1790.000000
1788.000000
1772.000000
1804.000000
1822.000000
1830.000000
1792.000000
1776.000000
1772.000000
1782.000000
1780.000000
1798.000000
1772.000000
1790.000000
1804.000000
1794.000000
1790.000000
1794.000000
1822.000000
1802.000000
1810.000000
1810.000000
1784.000000
1774.000000
1792.000000
1802.000000
1786.000000
1770.000000
1786.000000
1770.000000
1802.000000
1798.000000
1794.000000
1778.000000
1792.000000
1796.000000
1814.000000
1786.000000
1794.000000
1802.000000
1808.000000
1796.000000
1798.000000
1790.000000
1788.000000
1790.000000
1788.000000
1796.000000
1798.000000
1808.000000
1798.000000
1810.000000
1790.000000
1798.000000
1780.000000
1794.000000
1792.000000
1808.000000
1794.000000
1796.000000
1788.000000
1792.000000
1778.000000
1814.000000
1804.000000
1808.000000
1790.000000
1784.000000
1796.000000
1812.000000
1800.000000
1800.000000
1786.000000
1796.000000
1786.000000
1796.000000
1818.000000
1784.000000
1786.000000
1778.000000
1810.000000
1836.000000
1790.000000
1782.000000
1796.000000
1786.000000
1842.000000
1818.000000
1822.000000
1794.000000
1782.000000
1808.000000
1804.000000
1790.000000
1784.000000
1808.000000
1786.000000
1832.000000
1804.000000
1762.000000
1756.000000
1816.000000
1828.000000
1816.000000
1788.000000
1752.000000
1812.000000
1822.000000
1834.000000
1792.000000
1792.000000
1798.000000
1802.000000
1796.000000
1826.000000
1792.000000
1792.000000
1788.000000
1812.000000
1802.000000
1802.000000
1800.000000
1784.000000
1788.000000
1800.000000
1788.000000
1802.000000
1800.000000
1808.000000
1824.000000
1788.000000
1776.000000
1790.000000
1816.000000
1812.000000
1814.000000
1802.000000
1782.000000
1830.000000
1826.000000
1840.000000
1822.000000
1786.000000
1780.000000
1794.000000
1826.000000
1812.000000
1784.000000
1794.000000
1808.000000
1836.000000
1802.000000
1804.000000
1784.000000
1816.000000
1826.000000
1822.000000
1780.000000
1786.000000
1798.000000
1806.000000
1824.000000
1794.000000
1788.000000
1804.000000
1798.000000
1794.000000
1808.000000
1804.000000
1804.000000
1786.000000
1778.000000
1808.000000
1808.000000
1814.000000
1810.000000
1770.000000
1800.000000
1784.000000
1808.000000
1794.000000
1818.000000
1786.000000
1790.000000
1764.000000
1798.000000
1792.000000
1806.000000
1796.000000
1786.000000
1788.000000
1812.000000
1786.000000
1814.000000
1800.000000
1790.000000
1784.000000
1794.000000
1810.000000
1804.000000
1806.000000
1816.000000
1772.000000
1796.000000
1796.000000
1806.000000
1808.000000
1810.000000
1792.000000
1800.000000
1820.000000
1828.000000
1788.000000
1782.000000
1784.000000
1806.000000
1798.000000
1820.000000
1806.000000
1822.000000
1822.000000
1824.000000
1784.000000
1776.000000
1786.000000
1790.000000
1790.000000
1812.000000
1826.000000
1846.000000
1792.000000
1808.000000
1788.000000
1814.000000
1840.000000
1830.000000
1796.000000
1764.000000
1786.000000
1802.000000
1842.000000
1850.000000
1782.000000
1776.000000
1766.000000
1784.000000
1842.000000
1834.000000
1782.000000
1752.000000
1800.000000
1790.000000
1800.000000
1804.000000
1790.000000
1792.000000
1768.000000
1796.000000
1804.000000
1820.000000
1820.000000
1786.000000
1802.000000
1784.000000
1782.000000
1812.000000
1828.000000
1800.000000
1796.000000
1770.000000
1798.000000
1794.000000
1808.000000
1788.000000
1800.000000
1804.000000
1824.000000
1792.000000
1774.000000
1772.000000
1786.000000
1814.000000
1800.000000
1796.000000
1786.000000
1798.000000
1820.000000
1812.000000
1798.000000
1788.000000
1800.000000
1810.000000
1792.000000
1798.000000
1786.000000
1792.000000
1798.000000
1792.000000
1800.000000
1788.000000
1794.000000
1806.000000
1760.000000
1788.000000
1788.000000
1812.000000
1826.000000
1828.000000
1804.000000
1788.000000
1790.000000
1804.000000
1800.000000
1808.000000
1802.000000
1808.000000
1790.000000
1808.000000
1784.000000
1782.000000
1782.000000
1822.000000
1846.000000
1840.000000
1800.000000
1764.000000
1756.000000
1772.000000
1788.000000
1808.000000
1826.000000
1814.000000
1806.000000
1800.000000
1812.000000
1814.000000
1800.000000
1810.000000
1780.000000
1790.000000
1788.000000
1806.000000
1838.000000
1802.000000
1818.000000
1790.000000
1782.000000
1790.000000
1792.000000
1774.000000
1792.000000
1790.000000
1794.000000
1784.000000
1742.000000
1736.000000
1794.000000
1798.000000
1814.000000
1806.000000
1760.000000
1760.000000
1774.000000
1804.000000
1800.000000
1800.000000
1794.000000
1804.000000
1814.000000
1798.000000
1824.000000
1824.000000
1794.000000
1800.000000
1770.000000
1742.000000
1798.000000
1844.000000
1810.000000
1832.000000
1826.000000
1806.000000
1840.000000
1804.000000
1816.000000
1812.000000
1806.000000
1794.000000
1772.000000
1760.000000
1762.000000
1780.000000
1824.000000
1826.000000
1780.000000
1786.000000
1794.000000
1788.000000
1804.000000
1794.000000
1804.000000
1796.000000
1788.000000
1800.000000
1808.000000
1790.000000
1810.000000
1798.000000
1792.000000
1766.000000
1722.000000
1722.000000
1690.000000
1844.000000
1830.000000
1814.000000
1748.000000
1784.000000
1824.000000
1816.000000
1814.000000
1762.000000
1786.000000
1784.000000
1784.000000
1810.000000
1760.000000
1780.000000
1768.000000
1802.000000
1794.000000
1802.000000
1738.000000
1836.000000
1780.000000
1740.000000
1784.000000
1772.000000
1768.000000
1756.000000
1826.000000
1832.000000
1628.000000
1604.000000
1708.000000
1850.000000
1760.000000
1746.000000
1684.000000
1760.000000
1730.000000
1692.000000
1750.000000
1758.000000
1732.000000
1708.000000
1726.000000
1774.000000
1738.000000
1742.000000
1748.000000
1748.000000
1720.000000
1720.000000
1742.000000
1756.000000
1752.000000
1766.000000
1730.000000
1766.000000
1782.000000
1750.000000
1682.000000
1686.000000
1830.000000
1826.000000
1816.000000
1754.000000
1750.000000
1744.000000
1744.000000
1746.000000
1770.000000
1776.000000
1768.000000
1744.000000
1758.000000
1760.000000
1754.000000
1772.000000
1760.000000
1746.000000
1722.000000
1758.000000
1778.000000
1772.000000
1750.000000
1744.000000
1744.000000
1758.000000
1770.000000
1764.000000
1764.000000
1762.000000
1754.000000
1746.000000
1752.000000
1762.000000
1760.000000
1790.000000
1762.000000
1764.000000
1746.000000
1754.000000
1776.000000
1778.000000
1776.000000
1742.000000
1764.000000
1766.000000
1776.000000
1762.000000
1752.000000
1766.000000
1778.000000
1780.000000
1772.000000
1792.000000
1768.000000
1764.000000
1756.000000
1754.000000
1778.000000
1762.000000
1778.000000
1766.000000
1754.000000
1770.000000
1772.000000
1780.000000
1774.000000
1768.000000
1768.000000
1784.000000
1768.000000
1752.000000
1756.000000
1776.000000
1770.000000
1770.000000
1756.000000
1772.000000
1766.000000
1768.000000
1776.000000
1752.000000
1768.000000
1776.000000
1768.000000
1754.000000
1760.000000
1776.000000
1772.000000
1788.000000
1772.000000
1774.000000
1752.000000
1768.000000
1768.000000
1770.000000
1754.000000
1758.000000
1762.000000
1768.000000
1776.000000
1776.000000
1768.000000
1764.000000
1764.000000
1760.000000
1744.000000
1766.000000
1770.000000
1778.000000
1780.000000
1748.000000
1762.000000
1766.000000
1760.000000
1772.000000
1788.000000
1782.000000
1750.000000
1754.000000
1768.000000
1782.000000
1768.000000
1782.000000
1768.000000
1766.000000
1776.000000
1768.000000
1768.000000
1760.000000
1768.000000
1780.000000
1776.000000
1756.000000
1748.000000
1770.000000
1766.000000
1774.000000
1752.000000
1764.000000
1762.000000
1762.000000
1756.000000
1770.000000
1764.000000
1772.000000
1786.000000
1766.000000
1792.000000
1784.000000
1774.000000
1756.000000
1782.000000
1772.000000
1754.000000
1742.000000
1774.000000
1768.000000
1774.000000
1774.000000
1780.000000
1778.000000
1766.000000
1798.000000
1758.000000
1766.000000
1768.000000
1772.000000
1772.000000
1772.000000
1780.000000
1768.000000
1768.000000
1770.000000
1776.000000
1768.000000
1772.000000
1770.000000
1764.000000
1766.000000
1760.000000
1764.000000
1778.000000
1772.000000
1758.000000
1762.000000
1764.000000
1786.000000
1772.000000
1776.000000
1768.000000
1758.000000
1768.000000
1778.000000
1760.000000
1774.000000
1744.000000
1774.000000
1766.000000
1776.000000
1766.000000
1774.000000
1776.000000
1766.000000
1774.000000
1764.000000
1776.000000
1772.000000
1770.000000
1778.000000
1774.000000
1780.000000
1776.000000
1764.000000
1752.000000
1764.000000
1764.000000
1774.000000
1762.000000
1762.000000
1770.000000
1766.000000
1772.000000
1760.000000
1774.000000
1768.000000
1770.000000
1750.000000
1788.000000
1764.000000
1770.000000
1752.000000
1770.000000
1766.000000
1766.000000
1770.000000
1766.000000
1754.000000
1762.000000
1764.000000
1776.000000
1758.000000
1768.000000
1772.000000
1788.000000
1782.000000
1780.000000
1778.000000
1766.000000
1754.000000
1772.000000
1772.000000
1776.000000
1780.000000
1776.000000
1768.000000
1778.000000
1782.000000
1764.000000
1770.000000
1774.000000
1784.000000
1784.000000
1880.000000
1726.000000
1454.000000
1656.000000
976.000000
1782.000000
2084.000000
1918.000000
1988.000000
1892.000000
1692.000000
1686.000000
1648.000000
1794.000000
1834.000000
1882.000000
1840.000000
1744.000000
1754.000000
1738.000000
1776.000000
1848.000000
1840.000000
1806.000000
1782.000000
1796.000000
1808.000000
1822.000000
1800.000000
1778.000000
1786.000000
1798.000000
1794.000000
1796.000000
1798.000000
1800.000000
1796.000000
1802.000000
1820.000000
1792.000000
1790.000000
1798.000000
1798.000000
1790.000000
1808.000000
1786.000000
1786.000000
1802.000000
1818.000000
1804.000000
1796.000000
1802.000000
1804.000000
1804.000000
1804.000000
1806.000000
1824.000000
1792.000000
1782.000000
1788.000000
1782.000000
1804.000000
1808.000000
1796.000000
1808.000000
1792.000000
1796.000000
1796.000000
1788.000000
1800.000000
1796.000000
1792.000000
1786.000000
1792.000000
1822.000000
1812.000000
1816.000000
1804.000000
1808.000000
1792.000000
1780.000000
1798.000000
1816.000000
1826.000000
1786.000000
1800.000000
1794.000000
1800.000000
1796.000000
1808.000000
1806.000000
1802.000000
1794.000000
1778.000000
1798.000000
1792.000000
1804.000000
1804.000000
1792.000000
1806.000000
1810.000000
1790.000000
1800.000000
1794.000000
1808.000000
1798.000000
1792.000000
1788.000000
1812.000000
1800.000000
1792.000000
1794.000000
1814.000000
1788.000000
1778.000000
1780.000000
1800.000000
1814.000000
1808.000000
1828.000000
1804.000000
1818.000000
1812.000000
1804.000000
1804.000000
1772.000000
1762.000000
1768.000000
1784.000000
1824.000000
1840.000000
1838.000000
1846.000000
1796.000000
1784.000000
1804.000000
1812.000000
1802.000000
1812.000000
1800.000000
1804.000000
1796.000000
1804.000000
1802.000000
1798.000000
1792.000000
1802.000000
1792.000000
1810.000000
1828.000000
1826.000000
1824.000000
1814.000000
1812.000000
1788.000000
1784.000000
1794.000000
1804.000000
1812.000000
1800.000000
1810.000000
1810.000000
1818.000000
1826.000000
1794.000000
1802.000000
1806.000000
1810.000000
1810.000000
1782.000000
1808.000000
1830.000000
1820.000000
1782.000000
1792.000000
1794.000000
1794.000000
1816.000000
1816.000000
1828.000000
1822.000000
1802.000000
1778.000000
1818.000000
1802.000000
1798.000000
1796.000000
1796.000000
1788.000000
1814.000000
1792.000000
1824.000000
1812.000000
1796.000000
1796.000000
1802.000000
1802.000000
1810.000000
1810.000000
1820.000000
1828.000000
1802.000000
1814.000000
1806.000000
1814.000000
1788.000000
1832.000000
1792.000000
1822.000000
1796.000000
1818.000000
1816.000000
1814.000000
1810.000000
1788.000000
1806.000000
1808.000000
1802.000000
1818.000000
1816.000000
1806.000000
1808.000000
1816.000000
1804.000000
1806.000000
1806.000000
1820.000000
1824.000000
1800.000000
1806.000000
1812.000000
1822.000000
1818.000000
1810.000000
1800.000000
1802.000000
1816.000000
1802.000000
1818.000000
1798.000000
1818.000000
1824.000000
1832.000000
1812.000000
1804.000000
1822.000000
1808.000000
1812.000000
1802.000000
1830.000000
1818.000000
1800.000000
1806.000000
1832.000000
1830.000000
1788.000000
1812.000000
1800.000000
1816.000000
1812.000000
1800.000000
1812.000000
1806.000000
1808.000000
1814.000000
1810.000000
1816.000000
1806.000000
1800.000000
1796.000000
1796.000000
1836.000000
1820.000000
1794.000000
1806.000000
1806.000000
1804.000000
1824.000000
1826.000000
1820.000000
1802.000000
1826.000000
1834.000000
1828.000000
1804.000000
1802.000000
1794.000000
1798.000000
1842.000000
1804.000000
1798.000000
1808.000000
1822.000000
1826.000000
1826.000000
1830.000000
1792.000000
1802.000000
1804.000000
1820.000000
1782.000000
1794.000000
1800.000000
1808.000000
1800.000000
1810.000000
1798.000000
1814.000000
1802.000000
1818.000000
1826.000000
1826.000000
1824.000000
1804.000000
1822.000000
1804.000000
1796.000000
1804.000000
1810.000000
1808.000000
1810.000000
1808.000000
1826.000000
1792.000000
1800.000000
1800.000000
1812.000000
1814.000000
1804.000000
1824.000000
1808.000000
1814.000000
1800.000000
1818.000000
1808.000000
1800.000000
1826.000000
1802.000000
1814.000000
1816.000000
1832.000000
1830.000000
1796.000000
1818.000000
1816.000000
1802.000000
1822.000000
1826.000000
1830.000000
1804.000000
1814.000000
1820.000000
1814.000000
1820.000000
1796.000000
1820.000000
1812.000000
1814.000000
1828.000000
1834.000000
1784.000000
1822.000000
1842.000000
1816.000000
1834.000000
1802.000000
1814.000000
1814.000000
1800.000000
1810.000000
1814.000000
1824.000000
1830.000000
1814.000000
1820.000000
1814.000000
1812.000000
1812.000000
1816.000000
1806.000000
1824.000000
1832.000000
1826.000000
1806.000000
1812.000000
1824.000000
1822.000000
1806.000000
1816.000000
1816.000000
1802.000000
1810.000000
1830.000000
1826.000000
1822.000000
1824.000000
1816.000000
1814.000000
1802.000000
1804.000000
1812.000000
1818.000000
1796.000000
1806.000000
1802.000000
1824.000000
1826.000000
1806.000000
1818.000000
1808.000000
1830.000000
1814.000000
1816.000000
1804.000000
1828.000000
1810.000000
1808.000000
1818.000000
1820.000000
1838.000000
1816.000000
1814.000000
1818.000000
1818.000000
1816.000000
1822.000000
1812.000000
1802.000000
1818.000000
1806.000000
1802.000000
1818.000000
1818.000000
1818.000000
1810.000000
1812.000000
1806.000000
1820.000000
1810.000000
1804.000000
1812.000000
1818.000000
1806.000000
1810.000000
1822.000000
1804.000000
1816.000000
1836.000000
1814.000000
1808.000000
1826.000000
1800.000000
1814.000000
1796.000000
1830.000000
1820.000000
1820.000000
1806.000000
1804.000000
1816.000000
1826.000000
1816.000000
1810.000000
1822.000000
1808.000000
1800.000000
1820.000000
1820.000000
1826.000000
1790.000000
1808.000000
1810.000000
1834.000000
1798.000000
1802.000000
1790.000000
1804.000000
1818.000000
1802.000000
1804.000000
1814.000000
1818.000000
1828.000000
1808.000000
1812.000000
1828.000000
1824.000000
1816.000000
1818.000000
1798.000000
1824.000000
1812.000000
1818.000000
1802.000000
1800.000000
1834.000000
1842.000000
1820.000000
1794.000000
1810.000000
1832.000000
1828.000000
1824.000000
1822.000000
1826.000000
1820.000000
1802.000000
1814.000000
1814.000000
1818.000000
1816.000000
1798.000000
1826.000000
1834.000000
1816.000000
1814.000000
1824.000000
1832.000000
1812.000000
1820.000000
1812.000000
1810.000000
1832.000000
1810.000000
1804.000000
1796.000000
1832.000000
1820.000000
1822.000000
1814.000000
1812.000000
1834.000000
1824.000000
1818.000000
1822.000000
1810.000000
1822.000000
1818.000000
1808.000000
1824.000000
1842.000000
1816.000000
1818.000000
1790.000000
1802.000000
1826.000000
1842.000000
1832.000000
1816.000000
1802.000000
1794.000000
1824.000000
1828.000000
1826.000000
1822.000000
1816.000000
1828.000000
1814.000000
1814.000000
1814.000000
1826.000000
1820.000000
1808.000000
1820.000000
1822.000000
1802.000000
1818.000000
1824.000000
1824.000000
1820.000000
1818.000000
1836.000000
1808.000000
1820.000000
1814.000000
1824.000000
1808.000000
1822.000000
1820.000000
1816.000000
1816.000000
1800.000000
1806.000000
1832.000000
1818.000000
1810.000000
1826.000000
1812.000000
1806.000000
1822.000000
1812.000000
1814.000000
1794.000000
1820.000000
1814.000000
1812.000000
1806.000000
1820.000000
1828.000000
1828.000000
1816.000000
1798.000000
1808.000000
1816.000000
1826.000000
1792.000000
1786.000000
1808.000000
1838.000000
1806.000000
1816.000000
1808.000000
1832.000000
1818.000000
1820.000000
1806.000000
1806.000000
1822.000000
1816.000000
1812.000000
1818.000000
1808.000000
1814.000000
1816.000000
1800.000000
1828.000000
1818.000000
1820.000000
1794.000000
1816.000000
1806.000000
1818.000000
1812.000000
1802.000000
1820.000000
1816.000000
1812.000000
1818.000000
1796.000000
1824.000000
1816.000000
1816.000000
1818.000000
1808.000000
1802.000000
1816.000000
1812.000000
1808.000000
1812.000000
1818.000000
1810.000000
1812.000000
1810.000000
1806.000000
1824.000000
1820.000000
1824.000000
1828.000000
1792.000000
1828.000000
1800.000000
1816.000000
1824.000000
1820.000000
1812.000000
1820.000000
1850.000000
1822.000000
1836.000000
1808.000000
1798.000000
1822.000000
1810.000000
1830.000000
1824.000000
1816.000000
1810.000000
1838.000000
1800.000000
1770.000000
1808.000000
1830.000000
1808.000000
1810.000000
1746.000000
1784.000000
1774.000000
1810.000000
1816.000000
1804.000000
1830.000000
1808.000000
1794.000000
1806.000000
1818.000000
1804.000000
1796.000000
1770.000000
1758.000000
1784.000000
1816.000000
1786.000000
1808.000000
1794.000000
1800.000000
1818.000000
1796.000000
1786.000000
1780.000000
1796.000000
1798.000000
1820.000000
1836.000000
1798.000000
1800.000000
1774.000000
1796.000000
1830.000000
1846.000000
1814.000000
1806.000000
1800.000000
1796.000000
1816.000000
1836.000000
1796.000000
1800.000000
1778.000000
1778.000000
1850.000000
1846.000000
1800.000000
1780.000000
1810.000000
1804.000000
1826.000000
1822.000000
1788.000000
1792.000000
1806.000000
1790.000000
1792.000000
1788.000000
1794.000000
1794.000000
1796.000000
1774.000000
1792.000000
1810.000000
1784.000000
1800.000000
1780.000000
1784.000000
1818.000000
1846.000000
1792.000000
1786.000000
1798.000000
1774.000000
1802.000000
1790.000000
1792.000000
1800.000000
1788.000000
1770.000000
1798.000000
1780.000000
1806.000000
1814.000000
1804.000000
1790.000000
1788.000000
1796.000000
1810.000000
1810.000000
1782.000000
1742.000000
1758.000000
1788.000000
1800.000000
1806.000000
1808.000000
1788.000000
1788.000000
1808.000000
1802.000000
1808.000000
1800.000000
1772.000000
1778.000000
1780.000000
1796.000000
1822.000000
1810.000000
1826.000000
1822.000000
1800.000000
1796.000000
1824.000000
1818.000000
1810.000000
1714.000000
1746.000000
1842.000000
2274.000000
2102.000000
2002.000000
1814.000000
1718.000000
1798.000000
1808.000000
1874.000000
1904.000000
1866.000000
1858.000000
1806.000000
1788.000000
1850.000000
1872.000000
1890.000000
1862.000000
1798.000000
1796.000000
1778.000000
1778.000000
1830.000000
1814.000000
1876.000000
1818.000000
1846.000000
1818.000000
1876.000000
1852.000000
1834.000000
1842.000000
1816.000000
1836.000000
1838.000000
1844.000000
1838.000000
1818.000000
1824.000000
1832.000000
1848.000000
1828.000000
1826.000000
1836.000000
1846.000000
1860.000000
1822.000000
1818.000000
1820.000000
1804.000000
1812.000000
1814.000000
1804.000000
1822.000000
1808.000000
1842.000000
1822.000000
1842.000000
1810.000000
1766.000000
1966.000000
1750.000000
1834.000000
1796.000000
1796.000000
1796.000000
1878.000000
1832.000000
1710.000000
1886.000000
1770.000000
1882.000000
1818.000000
1802.000000
1768.000000
1756.000000
1782.000000
1868.000000
1832.000000
1800.000000
1760.000000
1822.000000
1842.000000
1852.000000
1834.000000
1784.000000
1764.000000
1764.000000
1854.000000
1834.000000
1812.000000
1810.000000
1786.000000
1788.000000
1768.000000
1778.000000
1784.000000
1804.000000
1792.000000
1790.000000
1796.000000
1792.000000
1774.000000
1786.000000
1802.000000
1864.000000
1798.000000
1782.000000
1786.000000
1776.000000
1786.000000
1808.000000
1798.000000
1774.000000
1792.000000
1796.000000
1812.000000
1800.000000
1788.000000
1792.000000
1772.000000
1830.000000
1830.000000
1822.000000
1796.000000
1770.000000
1796.000000
1782.000000
1828.000000
1830.000000
1828.000000
1800.000000
1782.000000
1810.000000
1822.000000
1806.000000
1840.000000
1870.000000
1808.000000
1806.000000
1794.000000
1828.000000
1830.000000
1844.000000
1820.000000
1812.000000
1822.000000
1840.000000
1824.000000
1828.000000
1826.000000
1822.000000
1822.000000
1862.000000
1810.000000
1826.000000
1786.000000
1822.000000
1860.000000
1856.000000
1802.000000
1764.000000
1788.000000
1822.000000
1846.000000
1822.000000
1788.000000
1788.000000
1844.000000
1870.000000
1842.000000
1840.000000
1836.000000
1792.000000
1802.000000
1850.000000
1860.000000
1824.000000
1796.000000
1796.000000
1834.000000
1814.000000
1820.000000
1792.000000
1794.000000
1806.000000
1810.000000
1810.000000
1836.000000
1844.000000
1810.000000
1800.000000
1790.000000
1810.000000
1812.000000
1810.000000
1820.000000
1806.000000
1806.000000
1784.000000
1808.000000
1830.000000
1816.000000
1816.000000
1820.000000
1814.000000
1834.000000
1832.000000
1834.000000
1842.000000
1816.000000
1826.000000
1820.000000
1794.000000
1846.000000
1826.000000
1826.000000
1834.000000
1848.000000
1842.000000
1854.000000
1852.000000
1834.000000
1820.000000
1792.000000
1834.000000
1836.000000
1830.000000
1862.000000
1784.000000
1820.000000
1842.000000
1854.000000
1854.000000
1786.000000
1770.000000
1792.000000
1838.000000
1846.000000
1818.000000
1802.000000
1820.000000
1792.000000
1806.000000
1824.000000
1836.000000
1820.000000
1800.000000
1798.000000
1824.000000
1834.000000
1862.000000
1834.000000
1830.000000
1826.000000
1810.000000
1832.000000
1836.000000
1804.000000
1806.000000
1810.000000
1808.000000
1816.000000
1800.000000
1836.000000
1822.000000
1816.000000
1840.000000
1838.000000
1806.000000
1800.000000
1806.000000
1796.000000
1820.000000
1814.000000
1818.000000
1834.000000
1814.000000
1786.000000
1800.000000
1816.000000
1824.000000
1832.000000
1830.000000
1830.000000
1818.000000
1806.000000
1832.000000
1790.000000
1818.000000
1864.000000
1870.000000
1846.000000
1788.000000
1816.000000
1848.000000
1838.000000
1852.000000
1812.000000
1804.000000
1822.000000
1846.000000
1866.000000
1852.000000
1848.000000
1846.000000
1810.000000
1838.000000
1854.000000
1846.000000
1792.000000
1798.000000
1814.000000
1858.000000
1848.000000
1832.000000
1788.000000
1790.000000
1882.000000
1894.000000
1870.000000
1788.000000
1776.000000
1822.000000
1874.000000
1900.000000
1850.000000
1842.000000
1840.000000
1820.000000
1836.000000
1836.000000
1834.000000
1824.000000
1814.000000
1828.000000
1836.000000
1834.000000
1868.000000
1860.000000
1830.000000
1802.000000
1838.000000
1856.000000
1864.000000
1836.000000
1808.000000
1830.000000
1812.000000
1814.000000
1854.000000
1840.000000
1820.000000
1842.000000
1822.000000
1824.000000
1848.000000
1856.000000
1812.000000
1814.000000
1816.000000
1850.000000
1848.000000
1840.000000
1864.000000
1824.000000
1838.000000
1850.000000
1828.000000
1862.000000
1850.000000
1848.000000
1882.000000
1846.000000
1792.000000
1776.000000
1790.000000
1808.000000
1874.000000
1870.000000
1828.000000
1836.000000
1808.000000
1810.000000
1816.000000
1850.000000
1836.000000
1836.000000
1818.000000
1808.000000
1838.000000
1832.000000
1836.000000
1852.000000
1856.000000
1822.000000
1820.000000
1810.000000
1842.000000
1840.000000
1858.000000
1816.000000
1814.000000
1830.000000
1836.000000
1822.000000
1854.000000
1852.000000
1830.000000
1834.000000
1830.000000
1802.000000
1806.000000
1800.000000
1826.000000
1810.000000
1814.000000
1820.000000
1840.000000
1854.000000
1838.000000
1830.000000
1840.000000
1852.000000
1866.000000
1828.000000
1810.000000
1802.000000
1826.000000
1810.000000
1820.000000
1840.000000
1820.000000
1850.000000
1818.000000
1830.000000
1818.000000
1842.000000
1828.000000
1848.000000
1818.000000
1804.000000
1842.000000
1840.000000
1828.000000
1824.000000
1850.000000
1842.000000
1848.000000
1858.000000
1826.000000
1844.000000
1850.000000
1838.000000
1850.000000
1850.000000
1842.000000
1870.000000
1804.000000
1792.000000
1828.000000
1898.000000
1878.000000
1864.000000
1832.000000
1818.000000
1814.000000
1818.000000
1858.000000
1844.000000
1802.000000
1814.000000
1810.000000
1864.000000
1852.000000
1832.000000
1794.000000
1762.000000
1806.000000
1820.000000
1824.000000
1818.000000
1854.000000
1826.000000
1846.000000
1820.000000
1852.000000
1846.000000
1824.000000
1810.000000
1804.000000
1812.000000
1784.000000
1796.000000
1818.000000
1810.000000
1828.000000
1802.000000
1814.000000
1822.000000
1836.000000
1840.000000
1830.000000
1826.000000
1812.000000
1822.000000
1832.000000
1838.000000
1826.000000
1832.000000
1840.000000
1836.000000
1848.000000
1826.000000
1818.000000
1814.000000
1838.000000
1840.000000
1826.000000
1834.000000
1864.000000
1836.000000
1818.000000
1828.000000
1816.000000
1842.000000
1844.000000
1824.000000
1844.000000
1832.000000
1844.000000
1852.000000
1816.000000
1840.000000
1838.000000
1844.000000
1850.000000
1856.000000
1872.000000
1850.000000
1868.000000
1862.000000
1778.000000
1772.000000
1748.000000
1782.000000
1888.000000
1870.000000
1858.000000
1822.000000
1830.000000
1828.000000
1842.000000
1842.000000
1824.000000
1826.000000
1826.000000
1840.000000
1822.000000
1818.000000
1798.000000
1818.000000
1830.000000
1818.000000
1816.000000
1818.000000
1832.000000
1850.000000
1862.000000
1844.000000
1830.000000
1804.000000
1780.000000
1800.000000
1846.000000
1858.000000
1854.000000
1800.000000
1790.000000
1792.000000
1838.000000
1854.000000
1866.000000
1838.000000
1812.000000
1772.000000
1862.000000
1868.000000
1880.000000
1816.000000
1774.000000
1768.000000
1816.000000
1864.000000
1836.000000
1836.000000
1818.000000
1820.000000
1854.000000
1860.000000
1816.000000
1830.000000
1840.000000
1834.000000
1850.000000
1832.000000
1846.000000
1838.000000
1860.000000
1842.000000
1828.000000
1824.000000
1846.000000
1836.000000
1842.000000
1810.000000
1854.000000
1868.000000
1846.000000
1842.000000
1818.000000
1810.000000
1828.000000
1852.000000
1850.000000
1858.000000
1840.000000
1808.000000
1816.000000
1836.000000
1852.000000
1840.000000
1838.000000
1826.000000
1818.000000
1836.000000
1824.000000
1802.000000
1880.000000
1864.000000
1842.000000
1816.000000
1830.000000
1838.000000
1862.000000
1866.000000
1800.000000
1792.000000
1828.000000
1808.000000
1820.000000
1840.000000
1836.000000
1810.000000
1828.000000
1810.000000
1824.000000
1864.000000
1862.000000
1852.000000
1812.000000
1838.000000
1834.000000
1828.000000
1848.000000
1826.000000
1834.000000
1820.000000
1832.000000
1858.000000
1854.000000
1834.000000
1846.000000
1846.000000
1814.000000
1820.000000
1814.000000
1842.000000
1830.000000
1832.000000
1824.000000
1808.000000
1846.000000
1850.000000
1846.000000
1842.000000
1826.000000
1840.000000
1858.000000
1840.000000
1828.000000
1842.000000
1830.000000
1844.000000
1812.000000
1832.000000
1834.000000
1850.000000
1840.000000
1844.000000
1852.000000
1854.000000
1830.000000
1826.000000
1854.000000
1844.000000
1836.000000
1846.000000
1824.000000
1826.000000
1854.000000
1824.000000
1836.000000
1836.000000
1868.000000
1858.000000
1838.000000
1838.000000
1814.000000
1808.000000
1814.000000
1810.000000
1866.000000
1860.000000
1836.000000
1818.000000
1744.000000
1790.000000
1834.000000
1888.000000
1830.000000
1810.000000
1842.000000
1824.000000
1852.000000
1854.000000
1824.000000
1806.000000
1832.000000
1856.000000
1816.000000
1834.000000
1870.000000
1866.000000
1846.000000
1796.000000
1832.000000
1846.000000
1844.000000
1816.000000
1818.000000
1826.000000
1838.000000
1844.000000
1830.000000
1844.000000
1868.000000
1834.000000
1828.000000
1816.000000
1846.000000
1854.000000
1848.000000
1844.000000
1832.000000
1818.000000
1828.000000
1822.000000
1862.000000
1836.000000
1852.000000
1844.000000
1822.000000
1838.000000
1848.000000
1856.000000
1842.000000
1844.000000
1832.000000
1840.000000
1836.000000
1828.000000
1836.000000
1834.000000
1852.000000
1854.000000
1858.000000
1854.000000
1848.000000
1838.000000
1834.000000
1840.000000
1826.000000
1814.000000
1828.000000
1812.000000
1856.000000
1840.000000
1832.000000
1806.000000
1828.000000
1822.000000
1822.000000
1826.000000
1810.000000
1852.000000
1866.000000
1846.000000
1822.000000
1802.000000
1860.000000
1870.000000
1862.000000
1826.000000
1842.000000
1836.000000
1838.000000
1828.000000
1826.000000
1824.000000
1832.000000
1840.000000
1826.000000
1818.000000
1830.000000
1840.000000
1844.000000
1830.000000
1846.000000
1844.000000
1834.000000
1844.000000
1846.000000
1852.000000
1836.000000
1796.000000
1824.000000
1832.000000
1842.000000
1866.000000
1850.000000
1826.000000
1836.000000
1862.000000
1864.000000
1836.000000
1848.000000
1838.000000
1832.000000
1852.000000
1832.000000
1824.000000
1844.000000
1846.000000
1860.000000
1850.000000
1868.000000
1812.000000
1800.000000
1802.000000
1828.000000
1824.000000
1822.000000
1814.000000
1824.000000
1864.000000
1858.000000
1850.000000
1876.000000
1846.000000
1870.000000
1858.000000
1838.000000
1848.000000
1842.000000
1848.000000
1842.000000
1828.000000
1834.000000
1846.000000
1846.000000
1850.000000
1868.000000
1870.000000
1848.000000
1828.000000
1852.000000
1872.000000
1846.000000
1832.000000
1836.000000
1850.000000
1864.000000
1866.000000
1848.000000
1826.000000
1838.000000
1862.000000
1842.000000
1832.000000
1844.000000
1852.000000
1852.000000
1860.000000
1836.000000
1846.000000
1834.000000
1826.000000
1852.000000
1858.000000
1844.000000
1836.000000
1816.000000
1820.000000
1854.000000
1860.000000
1844.000000
1842.000000
1840.000000
1824.000000
1816.000000
1856.000000
1852.000000
1840.000000
1832.000000
1834.000000
1866.000000
1870.000000
1856.000000
1826.000000
1856.000000
1838.000000
1854.000000
1864.000000
1852.000000
1846.000000
1850.000000
1846.000000
1854.000000
1860.000000
1862.000000
1862.000000
1860.000000
1872.000000
1884.000000
1864.000000
1844.000000
1862.000000
1856.000000
1856.000000
1876.000000
1856.000000
1866.000000
1850.000000
1850.000000
1860.000000
1864.000000
1856.000000
1848.000000
1848.000000
1838.000000
1854.000000
1878.000000
1876.000000
1856.000000
1824.000000
1842.000000
1864.000000
1890.000000
1862.000000
1828.000000
1862.000000
1868.000000
1824.000000
1840.000000
1840.000000
1880.000000
1866.000000
1830.000000
1836.000000
1840.000000
1860.000000
1860.000000
1868.000000
1828.000000
1838.000000
1854.000000
1852.000000
1838.000000
1866.000000
1844.000000
1844.000000
1816.000000
1844.000000
1882.000000
1864.000000
1856.000000
1840.000000
1854.000000
1860.000000
1862.000000
1868.000000
1870.000000
1878.000000
1870.000000
1828.000000
1838.000000
1860.000000
1884.000000
1852.000000
1842.000000
1848.000000
1864.000000
1860.000000
1864.000000
1868.000000
1834.000000
1818.000000
1856.000000
1866.000000
1870.000000
1872.000000
1838.000000
1856.000000
1852.000000
1858.000000
1864.000000
1866.000000
1882.000000
1852.000000
1882.000000
1880.000000
1862.000000
1868.000000
1878.000000
1868.000000
1854.000000
1864.000000
1876.000000
1862.000000
1870.000000
1878.000000
1816.000000
1826.000000
1860.000000
1886.000000
1864.000000
1870.000000
1868.000000
1858.000000
1840.000000
1848.000000
1848.000000
1916.000000
1864.000000
1866.000000
1824.000000
1848.000000
1860.000000
1860.000000
1890.000000
1866.000000
1838.000000
1838.000000
1866.000000
1868.000000
1870.000000
1860.000000
1860.000000
1852.000000
1858.000000
1852.000000
1852.000000
1840.000000
1876.000000
1874.000000
1852.000000
1858.000000
1834.000000
1846.000000
1862.000000
1874.000000
1864.000000
1862.000000
1874.000000
1868.000000
1878.000000
1882.000000
1862.000000
1848.000000
1858.000000
1864.000000
1862.000000
1850.000000
1886.000000
1892.000000
1856.000000
1840.000000
1870.000000
1882.000000
1894.000000
1894.000000
1850.000000
1852.000000
1840.000000
1874.000000
1900.000000
1882.000000
1844.000000
1854.000000
1888.000000
1882.000000
1866.000000
1868.000000
1870.000000
1870.000000
1858.000000
1864.000000
1856.000000
1872.000000
1862.000000
1858.000000
1866.000000
1878.000000
1872.000000
1852.000000
1864.000000
1874.000000
1878.000000
1852.000000
1866.000000
1876.000000
1846.000000
1846.000000
1876.000000
1886.000000
1890.000000
1868.000000
1826.000000
1814.000000
1850.000000
1862.000000
1870.000000
1874.000000
1858.000000
1844.000000
1876.000000
1890.000000
1880.000000
1840.000000
1846.000000
1828.000000
1860.000000
1866.000000
1842.000000
1864.000000
1834.000000
1866.000000
1878.000000
1868.000000
1864.000000
1878.000000
1852.000000
1856.000000
1878.000000
1872.000000
1860.000000
1852.000000
1860.000000
1880.000000
1838.000000
1852.000000
1850.000000
1858.000000
1846.000000
1860.000000
1860.000000
1880.000000
1872.000000
1878.000000
1836.000000
1858.000000
1880.000000
1912.000000
1882.000000
1862.000000
1848.000000
1850.000000
1886.000000
1900.000000
1856.000000
1840.000000
1850.000000
1898.000000
1888.000000
1874.000000
1848.000000
1866.000000
1870.000000
1880.000000
1852.000000
1890.000000
1874.000000
1888.000000
1844.000000
1902.000000
1906.000000
1920.000000
1876.000000
1880.000000
1908.000000
1934.000000
1892.000000
1912.000000
1888.000000
1848.000000
1892.000000
1924.000000
1896.000000
1900.000000
1840.000000
1868.000000
1892.000000
1892.000000
1886.000000
1868.000000
1910.000000
1918.000000
1378.000000
1846.000000
1912.000000
1954.000000
1926.000000
1944.000000
1884.000000
1912.000000
1918.000000
1908.000000
1892.000000
1892.000000
1884.000000
1930.000000
1900.000000
1930.000000
1922.000000
1864.000000
1882.000000
1900.000000
1966.000000
1924.000000
1906.000000
1886.000000
1850.000000
1844.000000
1864.000000
1898.000000
1948.000000
1986.000000
1884.000000
1862.000000
1778.000000
1866.000000
1894.000000
1906.000000
1896.000000
1912.000000
1880.000000
1878.000000
1892.000000
1880.000000
1928.000000
1916.000000
1900.000000
1852.000000
1874.000000
1890.000000
1920.000000
1924.000000
1870.000000
1874.000000
1864.000000
1870.000000
1906.000000
1888.000000
1902.000000
1866.000000
1898.000000
1896.000000
1864.000000
1846.000000
1904.000000
1926.000000
1916.000000
1912.000000
1914.000000
1920.000000
1930.000000
1930.000000
1876.000000
1866.000000
1902.000000
1934.000000
1908.000000
1892.000000
1850.000000
1878.000000
1980.000000
1946.000000
1924.000000
1800.000000
1908.000000
1950.000000
1970.000000
1904.000000
1826.000000
1848.000000
1904.000000
1918.000000
1886.000000
1888.000000
1896.000000
1926.000000
1896.000000
1886.000000
1878.000000
1882.000000
1896.000000
1890.000000
1916.000000
1916.000000
1890.000000
1886.000000
1884.000000
1920.000000
1934.000000
1920.000000
1910.000000
1900.000000
1894.000000
1886.000000
1900.000000
1942.000000
1898.000000
1894.000000
1874.000000
1882.000000
1906.000000
1886.000000
1914.000000
1934.000000
1912.000000
1886.000000
1890.000000
1924.000000
1912.000000
1932.000000
1902.000000
1896.000000
1880.000000
1900.000000
1928.000000
1924.000000
1910.000000
1908.000000
1890.000000
1864.000000
1898.000000
1902.000000
1894.000000
1902.000000
1890.000000
1890.000000
1910.000000
1880.000000
1894.000000
1890.000000
1896.000000
1888.000000
1918.000000
1910.000000
1880.000000
1868.000000
1930.000000
1936.000000
1894.000000
1868.000000
1902.000000
1906.000000
1902.000000
1922.000000
1922.000000
1912.000000
1878.000000
1856.000000
1906.000000
1920.000000
1928.000000
1896.000000
1900.000000
1904.000000
1898.000000
1926.000000
1916.000000
1922.000000
1892.000000
1888.000000
1884.000000
1894.000000
1892.000000
1886.000000
1932.000000
1930.000000
1916.000000
1898.000000
1916.000000
1934.000000
1918.000000
1898.000000
1904.000000
1908.000000
1922.000000
1938.000000
1888.000000
1902.000000
1880.000000
1896.000000
1934.000000
1964.000000
1944.000000
1926.000000
1916.000000
1916.000000
1918.000000
1964.000000
1900.000000
1914.000000
1902.000000
2006.000000
1922.000000
1918.000000
1910.000000
1908.000000
1956.000000
1940.000000
1938.000000
1976.000000
1972.000000
1970.000000
1894.000000
1824.000000
1926.000000
1974.000000
2016.000000
1962.000000
1870.000000
1854.000000
1888.000000
1964.000000
1974.000000
1950.000000
1922.000000
1918.000000
1952.000000
1952.000000
1954.000000
1922.000000
1918.000000
1932.000000
1948.000000
1954.000000
1918.000000
1918.000000
1936.000000
1936.000000
1912.000000
1916.000000
1904.000000
1938.000000
1926.000000
1942.000000
1916.000000
1912.000000
1942.000000
1936.000000
1928.000000
1918.000000
1912.000000
1922.000000
1942.000000
1942.000000
1924.000000
1920.000000
1948.000000
1942.000000
1930.000000
1924.000000
1888.000000
1930.000000
1946.000000
1964.000000
1932.000000
1918.000000
1922.000000
1922.000000
1938.000000
1960.000000
1942.000000
1944.000000
1928.000000
1930.000000
1918.000000
1940.000000
1954.000000
1918.000000
1918.000000
1910.000000
1940.000000
1938.000000
1940.000000
1922.000000
1922.000000
1912.000000
1914.000000
1922.000000
1950.000000
1956.000000
1910.000000
1910.000000
1938.000000
1910.000000
1946.000000
1944.000000
1934.000000
1938.000000
1928.000000
1920.000000
1940.000000
1946.000000
1916.000000
1932.000000
1964.000000
1940.000000
1964.000000
1962.000000
1950.000000
1910.000000
1898.000000
1896.000000
1916.000000
2416.000000
1940.000000
2060.000000
1952.000000
1938.000000
1916.000000
1908.000000
1916.000000
1996.000000
1940.000000
2044.000000
1942.000000
1836.000000
1916.000000
1912.000000
2024.000000
1966.000000
1980.000000
1982.000000
1944.000000
1898.000000
1966.000000
1968.000000
1992.000000
1916.000000
1922.000000
1954.000000
1960.000000
1938.000000
1978.000000
1968.000000
1964.000000
1940.000000
1928.000000
1948.000000
1962.000000
1954.000000
1960.000000
1966.000000
1962.000000
1956.000000
1932.000000
1958.000000
1924.000000
1944.000000
1970.000000
1980.000000
1956.000000
1944.000000
1964.000000
1960.000000
1970.000000
1956.000000
1938.000000
1938.000000
1946.000000
1968.000000
1960.000000
1958.000000
1954.000000
1968.000000
1958.000000
1984.000000
1966.000000
1948.000000
1950.000000
1928.000000
1952.000000
1940.000000
1946.000000
1938.000000
1948.000000
1946.000000
1960.000000
1956.000000
1978.000000
1958.000000
1938.000000
1948.000000
1964.000000
1942.000000
1954.000000
1994.000000
1960.000000
1954.000000
1964.000000
1958.000000
1948.000000
1952.000000
1974.000000
1980.000000
1930.000000
1964.000000
1964.000000
1962.000000
1958.000000
1934.000000
1962.000000
1968.000000
1956.000000
1956.000000
1966.000000
1972.000000
1972.000000
1966.000000
1960.000000
1976.000000
1950.000000
1942.000000
1930.000000
1946.000000
1924.000000
1946.000000
1942.000000
1946.000000
1956.000000
1956.000000
1932.000000
1950.000000
1954.000000
1944.000000
1950.000000
1962.000000
1906.000000
1962.000000
1954.000000
1940.000000
1924.000000
1918.000000
1954.000000
1936.000000
1922.000000
1926.000000
1956.000000
1946.000000
1906.000000
1968.000000
1888.000000
1960.000000
1886.000000
1978.000000
1850.000000
1834.000000
1900.000000
1896.000000
1928.000000
1906.000000
1858.000000
1890.000000
1920.000000
1904.000000
1872.000000
1858.000000
1870.000000
1880.000000
1890.000000
1884.000000
1864.000000
1846.000000
1922.000000
1920.000000
1850.000000
1862.000000
1886.000000
1898.000000
1920.000000
1912.000000
1922.000000
1938.000000
1922.000000
1918.000000
1898.000000
1926.000000
1956.000000
1940.000000
1934.000000
1942.000000
1932.000000
1958.000000
1926.000000
1944.000000
1934.000000
1956.000000
1942.000000
1976.000000
1966.000000
1972.000000
1946.000000
1954.000000
1950.000000
1948.000000
1956.000000
1962.000000
1958.000000
1944.000000
1974.000000
1962.000000
1948.000000
1962.000000
1940.000000
1938.000000
1890.000000
1908.000000
1914.000000
1954.000000
1940.000000
1952.000000
1926.000000
1932.000000
1920.000000
1936.000000
1922.000000
1918.000000
1926.000000
1958.000000
1940.000000
1928.000000
1938.000000
1932.000000
1938.000000
1928.000000
1906.000000
1914.000000
1910.000000
1932.000000
1920.000000
1936.000000
1906.000000
1918.000000
1914.000000
1910.000000
1918.000000
1934.000000
1914.000000
1938.000000
1928.000000
1894.000000
1912.000000
1938.000000
1920.000000
1916.000000
1924.000000
1930.000000
1926.000000
1924.000000
1902.000000
1920.000000
1918.000000
1930.000000
1888.000000
1928.000000
1916.000000
1918.000000
1902.000000
1922.000000
1916.000000
1908.000000
1932.000000
1922.000000
1922.000000
1926.000000
1928.000000
1914.000000
1926.000000
1922.000000
1898.000000
1930.000000
1932.000000
1922.000000
1936.000000
1942.000000
1964.000000
1942.000000
1896.000000
1880.000000
1892.000000
1938.000000
1958.000000
1928.000000
1934.000000
1910.000000
1866.000000
1882.000000
1934.000000
1986.000000
1888.000000
1882.000000
1872.000000
1954.000000
1946.000000
1936.000000
1884.000000
1866.000000
1960.000000
1982.000000
1960.000000
1916.000000
1906.000000
1906.000000
1906.000000
1920.000000
1940.000000
1930.000000
1912.000000
1916.000000
1908.000000
1898.000000
1924.000000
1950.000000
1932.000000
1948.000000
1944.000000
1920.000000
1930.000000
1940.000000
1936.000000
1936.000000
1938.000000
1936.000000
1912.000000
1934.000000
1934.000000
1916.000000
1942.000000
1928.000000
1936.000000
1944.000000
1908.000000
1918.000000
1932.000000
1946.000000
1954.000000
1942.000000
1936.000000
1932.000000
1932.000000
1922.000000
1936.000000
1934.000000
1946.000000
1920.000000
1934.000000
1938.000000
1946.000000
1960.000000
1948.000000
1932.000000
1928.000000
1924.000000
1944.000000
1954.000000
1940.000000
1948.000000
1942.000000
1938.000000
1938.000000
1934.000000
1966.000000
1950.000000
1912.000000
1916.000000
1946.000000
1952.000000
1936.000000
1944.000000
1920.000000
1948.000000
1936.000000
1934.000000
1946.000000
1930.000000
1942.000000
1940.000000
1928.000000
1938.000000
1944.000000
1934.000000
1930.000000
1936.000000
1922.000000
1938.000000
1938.000000
1958.000000
1940.000000
1944.000000
1944.000000
1940.000000
1942.000000
1932.000000
1910.000000
1936.000000
1946.000000
1932.000000
1934.000000
1932.000000
1944.000000
1948.000000
1946.000000
1946.000000
1948.000000
1930.000000
1924.000000
1934.000000
1940.000000
1936.000000
1944.000000
1942.000000
1952.000000
1928.000000
1950.000000
1936.000000
1948.000000
1938.000000
1934.000000
1934.000000
1926.000000
1946.000000
1950.000000
1964.000000
1954.000000
1946.000000
1932.000000
1924.000000
1948.000000
1952.000000
1954.000000
1946.000000
1938.000000
1936.000000
1924.000000
1940.000000
1940.000000
1942.000000
1918.000000
1938.000000
1938.000000
1956.000000
1948.000000
1948.000000
1930.000000
1932.000000
1944.000000
1952.000000
1942.000000
1946.000000
1948.000000
1948.000000
1954.000000
1940.000000
1936.000000
1944.000000
1928.000000
1956.000000
1976.000000
1964.000000
1926.000000
1916.000000
1972.000000
1958.000000
1966.000000
1936.000000
1924.000000
1942.000000
1946.000000
1950.000000
1958.000000
1960.000000
1938.000000
1924.000000
1918.000000
1908.000000
1936.000000
2024.000000
1890.000000
1882.000000
1952.000000
2012.000000
2028.000000
2020.000000
1992.000000
1918.000000
1896.000000
1948.000000
2004.000000
2154.000000
2122.000000
1858.000000
1940.000000
1838.000000
2062.000000
2062.000000
2068.000000
1966.000000
1966.000000
1988.000000
2088.000000
2020.000000
2130.000000
2044.000000
1982.000000
1920.000000
1972.000000
1972.000000
2010.000000
1970.000000
2032.000000
2020.000000
2008.000000
1992.000000
2042.000000
2132.000000
1952.000000
1882.000000
1854.000000
1986.000000
2212.000000
2436.000000
2176.000000
2126.000000
1854.000000
1850.000000
1920.000000
2016.000000
2068.000000
2144.000000
2072.000000
2066.000000
1992.000000
1974.000000
2054.000000
2084.000000
2006.000000
1946.000000
1946.000000
1980.000000
2010.000000
2150.000000
2262.000000
2252.000000
2144.000000
2092.000000
1954.000000
2038.000000
2040.000000
2200.000000
1986.000000
1992.000000
2166.000000
2310.000000
2262.000000
2270.000000
2032.000000
1906.000000
2048.000000
2064.000000
2154.000000
2374.000000
2370.000000
2314.000000
2296.000000
2224.000000
2202.000000
2246.000000
2182.000000
2176.000000
2076.000000
2040.000000
2030.000000
1958.000000
1916.000000
1936.000000
1940.000000
2060.000000
2150.000000
2134.000000
2254.000000
2040.000000
1738.000000
1720.000000
1694.000000
1744.000000
1896.000000
1996.000000
1988.000000
1906.000000
1926.000000
1944.000000
1928.000000
1886.000000
1884.000000
1876.000000
1926.000000
1956.000000
2070.000000
2024.000000
2000.000000
1934.000000
1886.000000
1856.000000
1822.000000
1838.000000
1888.000000
1894.000000
1948.000000
1976.000000
1928.000000
1906.000000
1922.000000
1926.000000
1884.000000
1868.000000
1790.000000
1830.000000
1900.000000
1958.000000
1962.000000
1886.000000
1810.000000
1810.000000
1810.000000
1848.000000
1888.000000
1892.000000
1918.000000
1954.000000
1900.000000
1886.000000
1860.000000
1854.000000
1928.000000
1942.000000
1898.000000
1828.000000
1846.000000
1862.000000
1864.000000
1892.000000
1904.000000
1932.000000
1902.000000
1888.000000
1896.000000
1886.000000
1898.000000
1890.000000
1898.000000
1902.000000
1884.000000
1890.000000
1868.000000
1860.000000
1898.000000
1852.000000
1838.000000
1844.000000
1816.000000
1808.000000
1848.000000
1882.000000
1892.000000
1858.000000
1840.000000
1830.000000
1838.000000
1862.000000
1856.000000
1870.000000
1868.000000
1856.000000
1858.000000
1878.000000
1902.000000
1892.000000
1852.000000
1858.000000
1894.000000
1944.000000
1908.000000
1882.000000
1832.000000
1868.000000
1876.000000
1882.000000
1910.000000
1896.000000
1876.000000
1866.000000
1866.000000
1884.000000
1908.000000
1886.000000
1904.000000
1838.000000
1874.000000
1874.000000
1886.000000
1892.000000
1866.000000
1850.000000
1878.000000
1890.000000
1892.000000
1888.000000
1876.000000
1892.000000
1882.000000
1878.000000
1866.000000
1868.000000
1884.000000
1872.000000
1880.000000
1886.000000
1884.000000
1870.000000
1876.000000
1892.000000
1886.000000
1888.000000
1884.000000
1886.000000
1886.000000
1868.000000
1874.000000
1872.000000
1868.000000
1876.000000
1882.000000
1892.000000
1860.000000
1876.000000
1894.000000
1898.000000
1874.000000
1884.000000
1868.000000
1884.000000
1886.000000
1878.000000
1870.000000
1880.000000
1876.000000
1888.000000
1888.000000
1886.000000
1896.000000
1884.000000
1880.000000
1878.000000
1888.000000
1886.000000
1886.000000
1862.000000
1886.000000
1882.000000
1916.000000
1890.000000
1880.000000
1854.000000
1870.000000
1898.000000
1890.000000
1888.000000
1878.000000
1886.000000
1862.000000
1848.000000
1864.000000
1914.000000
1894.000000
1896.000000
1844.000000
1820.000000
1918.000000
1960.000000
1896.000000
1794.000000
1864.000000
1880.000000
1900.000000
1884.000000
1906.000000
1926.000000
1908.000000
1848.000000
1902.000000
1934.000000
1996.000000
2008.000000
1988.000000
1904.000000
1874.000000
1850.000000
1924.000000
1936.000000
1968.000000
2016.000000
2088.000000
2172.000000
1862.000000
1602.000000
1352.000000
1378.000000
1440.000000
1596.000000
1654.000000
1744.000000
1636.000000
1918.000000
1710.000000
1666.000000
1600.000000
1554.000000
1630.000000
1664.000000
1734.000000
1784.000000
1812.000000
1766.000000
1694.000000
1678.000000
1716.000000
1698.000000
1734.000000
1736.000000
1722.000000
1744.000000
1746.000000
1714.000000
1700.000000
1704.000000
1720.000000
1730.000000
1782.000000
1786.000000
1744.000000
1718.000000
1730.000000
1720.000000
1766.000000
1742.000000
1742.000000
1754.000000
1752.000000
1760.000000
1774.000000
1762.000000
1914.000000
1664.000000
1778.000000
1782.000000
1790.000000
1738.000000
1674.000000
1686.000000
1918.000000
1852.000000
2074.000000
2094.000000
2116.000000
2134.000000
1698.000000
1664.000000
1302.000000
1262.000000
1658.000000
1892.000000
2238.000000
2290.000000
2294.000000
2324.000000
2156.000000
1914.000000
1810.000000
1836.000000
2018.000000
2100.000000
2096.000000
2122.000000
2098.000000
1984.000000
1968.000000
1932.000000
1930.000000
1948.000000
2000.000000
2022.000000
2022.000000
1990.000000
2004.000000
2006.000000
1924.000000
1874.000000
1856.000000
1838.000000
1906.000000
1926.000000
1852.000000
1876.000000
1892.000000
1924.000000
1924.000000
1914.000000
1902.000000
1874.000000
1896.000000
1896.000000
1912.000000
1910.000000
1922.000000
1900.000000
1866.000000
1878.000000
1928.000000
1898.000000
1918.000000
1934.000000
1948.000000
1942.000000
1864.000000
1850.000000
1940.000000
1920.000000
1930.000000
1874.000000
1878.000000
1858.000000
1850.000000
1884.000000
1948.000000
1950.000000
1910.000000
1906.000000
1960.000000
1966.000000
1860.000000
1868.000000
1944.000000
1962.000000
1964.000000
1906.000000
1874.000000
1896.000000
1872.000000
1896.000000
1922.000000
1908.000000
1914.000000
1912.000000
1942.000000
1920.000000
1940.000000
1922.000000
1888.000000
1894.000000
1910.000000
1924.000000
1938.000000
1932.000000
1916.000000
1898.000000
1892.000000
1904.000000
1924.000000
1928.000000
1928.000000
1912.000000
1920.000000
1908.000000
1906.000000
1906.000000
1908.000000
1948.000000
1924.000000
1930.000000
1886.000000
1902.000000
1940.000000
1896.000000
1892.000000
1914.000000
1906.000000
1922.000000
1908.000000
1930.000000
