0.000000
3592.000000
3630.000000
3630.000000
3642.000000
3656.000000
3620.000000
3638.000000
3644.000000
3630.000000
3650.000000
3610.000000
3624.000000
3628.000000
3620.000000
3624.000000
3608.000000
3662.000000
3626.000000
3628.000000
3612.000000
3624.000000
3614.000000
3620.000000
3708.000000
3634.000000
3620.000000
3618.000000
3622.000000
3588.000000
3602.000000
3632.000000
3640.000000
3608.000000
3628.000000
3628.000000
3638.000000
3630.000000
3622.000000
3628.000000
3620.000000
3628.000000
3626.000000
3638.000000
3624.000000
3634.000000
3616.000000
3626.000000
3628.000000
3640.000000
3626.000000
3632.000000
3626.000000
3608.000000
3632.000000
3614.000000
3632.000000
3628.000000
3620.000000
3616.000000
3614.000000
3584.000000
3592.000000
3584.000000
3614.000000
3622.000000
3648.000000
3636.000000
3632.000000
3642.000000
3626.000000
3642.000000
3616.000000
3620.000000
3632.000000
3708.000000
3630.000000
3608.000000
3622.000000
3620.000000
3642.000000
3610.000000
3614.000000
3610.000000
3624.000000
3696.000000
3590.000000
3622.000000
3612.000000
3608.000000
3584.000000
3606.000000
3634.000000
3612.000000
3604.000000
3590.000000
3612.000000
3634.000000
3634.000000
3652.000000
3614.000000
3604.000000
3638.000000
3604.000000
3628.000000
3628.000000
3608.000000
3632.000000
3602.000000
3620.000000
3630.000000
3614.000000
3586.000000
3636.000000
3622.000000
3600.000000
3596.000000
3610.000000
3646.000000
3608.000000
3622.000000
3626.000000
3616.000000
3642.000000
3642.000000
3628.000000
3628.000000
3616.000000
3608.000000
3610.000000
3664.000000
3620.000000
3626.000000
3604.000000
3616.000000
3632.000000
3624.000000
3634.000000
3648.000000
3626.000000
3628.000000
3584.000000
3598.000000
3630.000000
3616.000000
3626.000000
3612.000000
3600.000000
3632.000000
3608.000000
3608.000000
3644.000000
3610.000000
3618.000000
3584.000000
3604.000000
3620.000000
3590.000000
3650.000000
3614.000000
3616.000000
3644.000000
3618.000000
3618.000000
3666.000000
3596.000000
3604.000000
3590.000000
3614.000000
3662.000000
3644.000000
3638.000000
3606.000000
3588.000000
3644.000000
3710.000000
3614.000000
3620.000000
3606.000000
3604.000000
3628.000000
3624.000000
3638.000000
3618.000000
3640.000000
3628.000000
3618.000000
3600.000000
3642.000000
3624.000000
3618.000000
3614.000000
3598.000000
3636.000000
3616.000000
3616.000000
3606.000000
3612.000000
3608.000000
3626.000000
3612.000000
3616.000000
3636.000000
3618.000000
3622.000000
3626.000000
3616.000000
3608.000000
3618.000000
3608.000000
3612.000000
3612.000000
3612.000000
3612.000000
3626.000000
3616.000000
3630.000000
3602.000000
3618.000000
3644.000000
3610.000000
3618.000000
3610.000000
3632.000000
3680.000000
3618.000000
3624.000000
3628.000000
3616.000000
3606.000000
3606.000000
3598.000000
3610.000000
3620.000000
3608.000000
3620.000000
3612.000000
3632.000000
3612.000000
3606.000000
3624.000000
3614.000000
3588.000000
3636.000000
3612.000000
3606.000000
3612.000000
3608.000000
3632.000000
3600.000000
3614.000000
3596.000000
3612.000000
3620.000000
3612.000000
3612.000000
3616.000000
3618.000000
3620.000000
3614.000000
3616.000000
3600.000000
3600.000000
3594.000000
3592.000000
3618.000000
3608.000000
3604.000000
3598.000000
3612.000000
3618.000000
3634.000000
3598.000000
3628.000000
3596.000000
3630.000000
3602.000000
3624.000000
3672.000000
3610.000000
3616.000000
3612.000000
3586.000000
3624.000000
3620.000000
3612.000000
3618.000000
3598.000000
3598.000000
3626.000000
3614.000000
3616.000000
3600.000000
3588.000000
3616.000000
3608.000000
3616.000000
3628.000000
3608.000000
3646.000000
3588.000000
3562.000000
3610.000000
3622.000000
3624.000000
3612.000000
3614.000000
3550.000000
3618.000000
3594.000000
3592.000000
3608.000000
3592.000000
3608.000000
3608.000000
3604.000000
3600.000000
3596.000000
3604.000000
3588.000000
3612.000000
3608.000000
3606.000000
3614.000000
3604.000000
3598.000000
3600.000000
3592.000000
3632.000000
3612.000000
3600.000000
3600.000000
3612.000000
3604.000000
3614.000000
3590.000000
3610.000000
3616.000000
3614.000000
3606.000000
3598.000000
3604.000000
3600.000000
3584.000000
3628.000000
3614.000000
3622.000000
3612.000000
3592.000000
3626.000000
3626.000000
3600.000000
3596.000000
3594.000000
3614.000000
3602.000000
3590.000000
3594.000000
3592.000000
3606.000000
3606.000000
3578.000000
3644.000000
3590.000000
3620.000000
3592.000000
3606.000000
3618.000000
3614.000000
3640.000000
3600.000000
3616.000000
3592.000000
3612.000000
3600.000000
3626.000000
3592.000000
3606.000000
3610.000000
3608.000000
3598.000000
3612.000000
3610.000000
3628.000000
3602.000000
3590.000000
3612.000000
3620.000000
3608.000000
3592.000000
3614.000000
3592.000000
3600.000000
3614.000000
3614.000000
3600.000000
3610.000000
3596.000000
3602.000000
3614.000000
3550.000000
3610.000000
3646.000000
3594.000000
3602.000000
3608.000000
3612.000000
3596.000000
3606.000000
3610.000000
3582.000000
3614.000000
3612.000000
3610.000000
3614.000000
3596.000000
3606.000000
3606.000000
3604.000000
3634.000000
3604.000000
3600.000000
3590.000000
3586.000000
3594.000000
3594.000000
3576.000000
3600.000000
3610.000000
3600.000000
3582.000000
3600.000000
3606.000000
3612.000000
3614.000000
3598.000000
3616.000000
3602.000000
3590.000000
3610.000000
3578.000000
3610.000000
3602.000000
3610.000000
3604.000000
3600.000000
3588.000000
3600.000000
3602.000000
3592.000000
3606.000000
3602.000000
3600.000000
3582.000000
3588.000000
3608.000000
3612.000000
3608.000000
3604.000000
3524.000000
3642.000000
3596.000000
3630.000000
3582.000000
3602.000000
3602.000000
3592.000000
3604.000000
3604.000000
3590.000000
3612.000000
3590.000000
3600.000000
3614.000000
3608.000000
3586.000000
3542.000000
3600.000000
3630.000000
3598.000000
3598.000000
3610.000000
3598.000000
3600.000000
3616.000000
3580.000000
3640.000000
3596.000000
3588.000000
3588.000000
3592.000000
3602.000000
3594.000000
3586.000000
3602.000000
3596.000000
3590.000000
3598.000000
3602.000000
3598.000000
3520.000000
3564.000000
3570.000000
3616.000000
3608.000000
3616.000000
3592.000000
3596.000000
3522.000000
3584.000000
3602.000000
3612.000000
3598.000000
3618.000000
3594.000000
3588.000000
3612.000000
3612.000000
3622.000000
3586.000000
3580.000000
3586.000000
3586.000000
3608.000000
3610.000000
3594.000000
3604.000000
3606.000000
3576.000000
3598.000000
3580.000000
3590.000000
3604.000000
3530.000000
3598.000000
3590.000000
3592.000000
3608.000000
3586.000000
3582.000000
3614.000000
3602.000000
3590.000000
3640.000000
3578.000000
3600.000000
3608.000000
3612.000000
3600.000000
3526.000000
3612.000000
3612.000000
3586.000000
3592.000000
3588.000000
3588.000000
3534.000000
3588.000000
3600.000000
3544.000000
3586.000000
3576.000000
3604.000000
3584.000000
3590.000000
3598.000000
3646.000000
3586.000000
3580.000000
3602.000000
3592.000000
3546.000000
3596.000000
3588.000000
3578.000000
3596.000000
3572.000000
3600.000000
3546.000000
3594.000000
3584.000000
3542.000000
3598.000000
3588.000000
3590.000000
3580.000000
3576.000000
3586.000000
3592.000000
3588.000000
3588.000000
3620.000000
3588.000000
3524.000000
3586.000000
3604.000000
3592.000000
3578.000000
3584.000000
3586.000000
3608.000000
3570.000000
3572.000000
3580.000000
3576.000000
3584.000000
3520.000000
3524.000000
3616.000000
3580.000000
3592.000000
3646.000000
3590.000000
3596.000000
3568.000000
3626.000000
3600.000000
3604.000000
3596.000000
3580.000000
3644.000000
3590.000000
3526.000000
3528.000000
3592.000000
3578.000000
3570.000000
3590.000000
3598.000000
3592.000000
3588.000000
3596.000000
3594.000000
3606.000000
3580.000000
3582.000000
3592.000000
3598.000000
3528.000000
3520.000000
3602.000000
3582.000000
3578.000000
3580.000000
3596.000000
3610.000000
3542.000000
3594.000000
3594.000000
3572.000000
3592.000000
3594.000000
3530.000000
3582.000000
3646.000000
3566.000000
3596.000000
3634.000000
3588.000000
3532.000000
3592.000000
3548.000000
3586.000000
3592.000000
3588.000000
3600.000000
3638.000000
3542.000000
3588.000000
3594.000000
3582.000000
3588.000000
3546.000000
3588.000000
3588.000000
3596.000000
3590.000000
3526.000000
3632.000000
3596.000000
3598.000000
3584.000000
3584.000000
3598.000000
3636.000000
3586.000000
3566.000000
3578.000000
3540.000000
3582.000000
3610.000000
3600.000000
3646.000000
3642.000000
3580.000000
3574.000000
3588.000000
3598.000000
3522.000000
3560.000000
3592.000000
3622.000000
3646.000000
3574.000000
3588.000000
3602.000000
3588.000000
3596.000000
3626.000000
3592.000000
3596.000000
3602.000000
3520.000000
3584.000000
3584.000000
3634.000000
3588.000000
3612.000000
3604.000000
3590.000000
3586.000000
3570.000000
3610.000000
3610.000000
3606.000000
3646.000000
3602.000000
3590.000000
3640.000000
3576.000000
3520.000000
3608.000000
3582.000000
3596.000000
3588.000000
3584.000000
3602.000000
3590.000000
3638.000000
3550.000000
3606.000000
3574.000000
3578.000000
3600.000000
3524.000000
3596.000000
3634.000000
3534.000000
3582.000000
3570.000000
3590.000000
3604.000000
3600.000000
3588.000000
3598.000000
3586.000000
3580.000000
3602.000000
3584.000000
3610.000000
3608.000000
3570.000000
3520.000000
3614.000000
3590.000000
3580.000000
3590.000000
3646.000000
3526.000000
3544.000000
3560.000000
3604.000000
3572.000000
3586.000000
3602.000000
3612.000000
3646.000000
3586.000000
3610.000000
3596.000000
3592.000000
3602.000000
3592.000000
3596.000000
3600.000000
3606.000000
3580.000000
3580.000000
3562.000000
3582.000000
3594.000000
3614.000000
3592.000000
3586.000000
3546.000000
3606.000000
3604.000000
3584.000000
3580.000000
3586.000000
3586.000000
3612.000000
3598.000000
3610.000000
3596.000000
3570.000000
3596.000000
3576.000000
3598.000000
3576.000000
3592.000000
3646.000000
3572.000000
3578.000000
3576.000000
3592.000000
3588.000000
3606.000000
3578.000000
3586.000000
3582.000000
3594.000000
3580.000000
3600.000000
3566.000000
3634.000000
3642.000000
3608.000000
3586.000000
3592.000000
3586.000000
3578.000000
3568.000000
3526.000000
3536.000000
3592.000000
3562.000000
3560.000000
3566.000000
3572.000000
3538.000000
3604.000000
3610.000000
3596.000000
3572.000000
3562.000000
3590.000000
3580.000000
3560.000000
3544.000000
3552.000000
3570.000000
3546.000000
3558.000000
3596.000000
3596.000000
3578.000000
3576.000000
3582.000000
3582.000000
3566.000000
3592.000000
3596.000000
3532.000000
3580.000000
3572.000000
3576.000000
3590.000000
3574.000000
3588.000000
3590.000000
3578.000000
3644.000000
3524.000000
3588.000000
3572.000000
3576.000000
3590.000000
3562.000000
3592.000000
3582.000000
3534.000000
3638.000000
3586.000000
3572.000000
3582.000000
3580.000000
3524.000000
3524.000000
3520.000000
3582.000000
3592.000000
3580.000000
3564.000000
3582.000000
3524.000000
3592.000000
3576.000000
3572.000000
3584.000000
3594.000000
3606.000000
3578.000000
3522.000000
3570.000000
3586.000000
3642.000000
3580.000000
3524.000000
3574.000000
3566.000000
3570.000000
3598.000000
3576.000000
3582.000000
3602.000000
3580.000000
3580.000000
3584.000000
3594.000000
3570.000000
3572.000000
3544.000000
3576.000000
3566.000000
3576.000000
3586.000000
3544.000000
3586.000000
3602.000000
3618.000000
3578.000000
3574.000000
3574.000000
3576.000000
3588.000000
3570.000000
3524.000000
3580.000000
3556.000000
3594.000000
3596.000000
3588.000000
3590.000000
3568.000000
3546.000000
3524.000000
3588.000000
3520.000000
3572.000000
3574.000000
3572.000000
3594.000000
3588.000000
3596.000000
3592.000000
3580.000000
3532.000000
3646.000000
3612.000000
3636.000000
3610.000000
3542.000000
3582.000000
3596.000000
3520.000000
3528.000000
3576.000000
3590.000000
3608.000000
3604.000000
3612.000000
3606.000000
3642.000000
3538.000000
3570.000000
3594.000000
3524.000000
3630.000000
3570.000000
3646.000000
3534.000000
3598.000000
3630.000000
3580.000000
3600.000000
3612.000000
3600.000000
3600.000000
3588.000000
3584.000000
3530.000000
3600.000000
3606.000000
3604.000000
3578.000000
3600.000000
3598.000000
3592.000000
3636.000000
3588.000000
3580.000000
3574.000000
3536.000000
3602.000000
3594.000000
3582.000000
3644.000000
3608.000000
3602.000000
3592.000000
3582.000000
3588.000000
3612.000000
3602.000000
3528.000000
3584.000000
3628.000000
3610.000000
3600.000000
3602.000000
3612.000000
3578.000000
3526.000000
3584.000000
3564.000000
3630.000000
3600.000000
3638.000000
3522.000000
3636.000000
3606.000000
3606.000000
3610.000000
3612.000000
3588.000000
3572.000000
3582.000000
3542.000000
3618.000000
3640.000000
3596.000000
3590.000000
3568.000000
3598.000000
3574.000000
3570.000000
3568.000000
3596.000000
3602.000000
3596.000000
3584.000000
3604.000000
3576.000000
3578.000000
3588.000000
3592.000000
3580.000000
3528.000000
3524.000000
3594.000000
3594.000000
3592.000000
3572.000000
3638.000000
3602.000000
3590.000000
3596.000000
3614.000000
3604.000000
3588.000000
3570.000000
3602.000000
3610.000000
3606.000000
3588.000000
3588.000000
3594.000000
3604.000000
3604.000000
3568.000000
3584.000000
3602.000000
3606.000000
3582.000000
3636.000000
3596.000000
3600.000000
3588.000000
3610.000000
3596.000000
3600.000000
3578.000000
3582.000000
3590.000000
3572.000000
3614.000000
3620.000000
3590.000000
3640.000000
3584.000000
3646.000000
3600.000000
3590.000000
3592.000000
3608.000000
3598.000000
3580.000000
3602.000000
3526.000000
3584.000000
3594.000000
3600.000000
3590.000000
3548.000000
3640.000000
3598.000000
3584.000000
3576.000000
3604.000000
3600.000000
3606.000000
3642.000000
3616.000000
3598.000000
3588.000000
3562.000000
3588.000000
3602.000000
3592.000000
3590.000000
3588.000000
3582.000000
3570.000000
3588.000000
3582.000000
3608.000000
3578.000000
3566.000000
3602.000000
3528.000000
3552.000000
3562.000000
3542.000000
3610.000000
3594.000000
3644.000000
3530.000000
3580.000000
3578.000000
3564.000000
3608.000000
3592.000000
3586.000000
3556.000000
3522.000000
3628.000000
3596.000000
3594.000000
3570.000000
3574.000000
3540.000000
3604.000000
3578.000000
3558.000000
3566.000000
3570.000000
3616.000000
3606.000000
3644.000000
3536.000000
3532.000000
3578.000000
3580.000000
3584.000000
3566.000000
3606.000000
3526.000000
3536.000000
3572.000000
3584.000000
3572.000000
3572.000000
3526.000000
3588.000000
3600.000000
3628.000000
3646.000000
3528.000000
3586.000000
3588.000000
3596.000000
3590.000000
3644.000000
3526.000000
3562.000000
3590.000000
3600.000000
3584.000000
3578.000000
3564.000000
3634.000000
3642.000000
3598.000000
3540.000000
3578.000000
3602.000000
3524.000000
3612.000000
3632.000000
3588.000000
3604.000000
3572.000000
3598.000000
3582.000000
3534.000000
3582.000000
3596.000000
3576.000000
3602.000000
3582.000000
3596.000000
3592.000000
3606.000000
3598.000000
3582.000000
3588.000000
3588.000000
3598.000000
3580.000000
3594.000000
3588.000000
3596.000000
3552.000000
3634.000000
3590.000000
3588.000000
3598.000000
3588.000000
3620.000000
3580.000000
3594.000000
3568.000000
3562.000000
3602.000000
3588.000000
3580.000000
3530.000000
3590.000000
3572.000000
3530.000000
3592.000000
3524.000000
3572.000000
3630.000000
3622.000000
3596.000000
3592.000000
3586.000000
3568.000000
3608.000000
3592.000000
3610.000000
3640.000000
3568.000000
3592.000000
3594.000000
3588.000000
3584.000000
3572.000000
3572.000000
3594.000000
3598.000000
3634.000000
3592.000000
3604.000000
3592.000000
3578.000000
3646.000000
3576.000000
3570.000000
3632.000000
3566.000000
3582.000000
3586.000000
3592.000000
3644.000000
3586.000000
3596.000000
3588.000000
3592.000000
3582.000000
3578.000000
3592.000000
3590.000000
3636.000000
3590.000000
3634.000000
3600.000000
3588.000000
3580.000000
3542.000000
3550.000000
3532.000000
3612.000000
3646.000000
3586.000000
3604.000000
3538.000000
3536.000000
3632.000000
3600.000000
3586.000000
3616.000000
3582.000000
3586.000000
3630.000000
3520.000000
3600.000000
3644.000000
3592.000000
3596.000000
3590.000000
3584.000000
3566.000000
3582.000000
3576.000000
3580.000000
3576.000000
3640.000000
3564.000000
3564.000000
3574.000000
3586.000000
3614.000000
3584.000000
3526.000000
3574.000000
3564.000000
3580.000000
3610.000000
3612.000000
3580.000000
3646.000000
3644.000000
3532.000000
3576.000000
3602.000000
3572.000000
3574.000000
3602.000000
3592.000000
3636.000000
3574.000000
3596.000000
3646.000000
3602.000000
3614.000000
3524.000000
3572.000000
3578.000000
3578.000000
3574.000000
3552.000000
3586.000000
3520.000000
3606.000000
3600.000000
3598.000000
3576.000000
3574.000000
3560.000000
3572.000000
3612.000000
3524.000000
3588.000000
3530.000000
3598.000000
3600.000000
3588.000000
3600.000000
3646.000000
3606.000000
3638.000000
3534.000000
3584.000000
3586.000000
3608.000000
3580.000000
3532.000000
3572.000000
3612.000000
3580.000000
3594.000000
3602.000000
3584.000000
3580.000000
3532.000000
3572.000000
3590.000000
3592.000000
3582.000000
3602.000000
3612.000000
3576.000000
3580.000000
3634.000000
3572.000000
3586.000000
3580.000000
3584.000000
3572.000000
3598.000000
3598.000000
3588.000000
3602.000000
3586.000000
3588.000000
3562.000000
3586.000000
3572.000000
3584.000000
3646.000000
3588.000000
3578.000000
3576.000000
3606.000000
3642.000000
3558.000000
3562.000000
3640.000000
3520.000000
3578.000000
3574.000000
3578.000000
3520.000000
3576.000000
3560.000000
3568.000000
3604.000000
3558.000000
3526.000000
3566.000000
3522.000000
3590.000000
3612.000000
3520.000000
3580.000000
3638.000000
3586.000000
3578.000000
3590.000000
3520.000000
3592.000000
3584.000000
3586.000000
3584.000000
3576.000000
3544.000000
3582.000000
3582.000000
3588.000000
3588.000000
3598.000000
3592.000000
3592.000000
3586.000000
3564.000000
3582.000000
3522.000000
3608.000000
3584.000000
3570.000000
3570.000000
3540.000000
3564.000000
3574.000000
3568.000000
3566.000000
3576.000000
3634.000000
3578.000000
3640.000000
3592.000000
3584.000000
3570.000000
3580.000000
3594.000000
3578.000000
3578.000000
3574.000000
3562.000000
3582.000000
3602.000000
3606.000000
3576.000000
3640.000000
3586.000000
3570.000000
3580.000000
3522.000000
3616.000000
3562.000000
3570.000000
3582.000000
3586.000000
3576.000000
3638.000000
3574.000000
3566.000000
3550.000000
3566.000000
3592.000000
3604.000000
3606.000000
3554.000000
3574.000000
3536.000000
3568.000000
3568.000000
3582.000000
3588.000000
3592.000000
3530.000000
3584.000000
3644.000000
3594.000000
3572.000000
3570.000000
3578.000000
3558.000000
3642.000000
3558.000000
3560.000000
3558.000000
3600.000000
3590.000000
3576.000000
3582.000000
3526.000000
3606.000000
3604.000000
3582.000000
3576.000000
3576.000000
3590.000000
3646.000000
3560.000000
3574.000000
3578.000000
3602.000000
3590.000000
3572.000000
3576.000000
3568.000000
3574.000000
3608.000000
3588.000000
3580.000000
3598.000000
3570.000000
3594.000000
3532.000000
3536.000000
3594.000000
3568.000000
3636.000000
3578.000000
3640.000000
3576.000000
3604.000000
3644.000000
3560.000000
3566.000000
3598.000000
3562.000000
3584.000000
3594.000000
3520.000000
3588.000000
3578.000000
3574.000000
3574.000000
3562.000000
3580.000000
3588.000000
3646.000000
3580.000000
3568.000000
3522.000000
3568.000000
3592.000000
3616.000000
3570.000000
3578.000000
3634.000000
3522.000000
3622.000000
3580.000000
3572.000000
3588.000000
3568.000000
3596.000000
3584.000000
3580.000000
3570.000000
3584.000000
3578.000000
3574.000000
3574.000000
3572.000000
3578.000000
3520.000000
3588.000000
3582.000000
3570.000000
3578.000000
3580.000000
3564.000000
3638.000000
3596.000000
3520.000000
3572.000000
3558.000000
3632.000000
3608.000000
3528.000000
3582.000000
3598.000000
3592.000000
3572.000000
3570.000000
3580.000000
3598.000000
3644.000000
3520.000000
3572.000000
3558.000000
3582.000000
3600.000000
3600.000000
3646.000000
3566.000000
3558.000000
3570.000000
3580.000000
3580.000000
3630.000000
3570.000000
3556.000000
3646.000000
3568.000000
3576.000000
3590.000000
3576.000000
3576.000000
3572.000000
3528.000000
3636.000000
3592.000000
3614.000000
3578.000000
3582.000000
3588.000000
3582.000000
3558.000000
3520.000000
3558.000000
3594.000000
3580.000000
3586.000000
3570.000000
3576.000000
3580.000000
3574.000000
3564.000000
3638.000000
3596.000000
3572.000000
3566.000000
3590.000000
3580.000000
3576.000000
3558.000000
3540.000000
3570.000000
3568.000000
3574.000000
3582.000000
3582.000000
3572.000000
3578.000000
3610.000000
3620.000000
3556.000000
3456.000000
3582.000000
3640.000000
3566.000000
3548.000000
3580.000000
3590.000000
3584.000000
3556.000000
3564.000000
3526.000000
3520.000000
3536.000000
3580.000000
3576.000000
3580.000000
3614.000000
3586.000000
3572.000000
3574.000000
3572.000000
3586.000000
3586.000000
3566.000000
3562.000000
3520.000000
3522.000000
3590.000000
3574.000000
3586.000000
3566.000000
3582.000000
3572.000000
3564.000000
3626.000000
3578.000000
3582.000000
3582.000000
3560.000000
3566.000000
3520.000000
3578.000000
3534.000000
3576.000000
3582.000000
3536.000000
3562.000000
3586.000000
3560.000000
3594.000000
3584.000000
3554.000000
3576.000000
3580.000000
3580.000000
3578.000000
3562.000000
3568.000000
3646.000000
3606.000000
3636.000000
3572.000000
3574.000000
3572.000000
3572.000000
3568.000000
3520.000000
3570.000000
3558.000000
3564.000000
3576.000000
3600.000000
3570.000000
3558.000000
3622.000000
3588.000000
3586.000000
3526.000000
3558.000000
3546.000000
3556.000000
3562.000000
3570.000000
3588.000000
3580.000000
3590.000000
3584.000000
3584.000000
3582.000000
3596.000000
3522.000000
3580.000000
3564.000000
3582.000000
3564.000000
3584.000000
3526.000000
3564.000000
3564.000000
3550.000000
3578.000000
3574.000000
3564.000000
3562.000000
3584.000000
3588.000000
3576.000000
3576.000000
3562.000000
3568.000000
3568.000000
3562.000000
3544.000000
3556.000000
3566.000000
3564.000000
3578.000000
3574.000000
3580.000000
3568.000000
3570.000000
3572.000000
3576.000000
3568.000000
3568.000000
3542.000000
3566.000000
3572.000000
3564.000000
3582.000000
3572.000000
3570.000000
3568.000000
3572.000000
3584.000000
3562.000000
3540.000000
3556.000000
3562.000000
3562.000000
3562.000000
3568.000000
3568.000000
3560.000000
3554.000000
3564.000000
3526.000000
3570.000000
3562.000000
3544.000000
3530.000000
3582.000000
3634.000000
3534.000000
3542.000000
3556.000000
3644.000000
3550.000000
3528.000000
3562.000000
3562.000000
3562.000000
3564.000000
3592.000000
3578.000000
3562.000000
3568.000000
3574.000000
3562.000000
3540.000000
3576.000000
3558.000000
3532.000000
3562.000000
3580.000000
3526.000000
3534.000000
3580.000000
3552.000000
3550.000000
3582.000000
3568.000000
3540.000000
3582.000000
3562.000000
3522.000000
3572.000000
3578.000000
3594.000000
3596.000000
3574.000000
3582.000000
3570.000000
3574.000000
3572.000000
3548.000000
3542.000000
3540.000000
3568.000000
3522.000000
3646.000000
3566.000000
3540.000000
3530.000000
3554.000000
3568.000000
3638.000000
3560.000000
3562.000000
3548.000000
3566.000000
3566.000000
3552.000000
3546.000000
3566.000000
3562.000000
3570.000000
3570.000000
3564.000000
3568.000000
3542.000000
3534.000000
3548.000000
3524.000000
3570.000000
3582.000000
3580.000000
3566.000000
3558.000000
3550.000000
3554.000000
3530.000000
3582.000000
3576.000000
3560.000000
3554.000000
3568.000000
3564.000000
3546.000000
3572.000000
3562.000000
3520.000000
3558.000000
3566.000000
3560.000000
3566.000000
3558.000000
3570.000000
3624.000000
3570.000000
3566.000000
3548.000000
3568.000000
3566.000000
3552.000000
3578.000000
3610.000000
3572.000000
3540.000000
3506.000000
3542.000000
3570.000000
3566.000000
3542.000000
3564.000000
3556.000000
3528.000000
3542.000000
3596.000000
3638.000000
3576.000000
3544.000000
3548.000000
3558.000000
3596.000000
3530.000000
3608.000000
3538.000000
3426.000000
3470.000000
3508.000000
3554.000000
3550.000000
3560.000000
3554.000000
3536.000000
3560.000000
3642.000000
3584.000000
3558.000000
3564.000000
3526.000000
3536.000000
3560.000000
3564.000000
3588.000000
3560.000000
3536.000000
3548.000000
3562.000000
3566.000000
3548.000000
3558.000000
3560.000000
3556.000000
3580.000000
3510.000000
3530.000000
3564.000000
3572.000000
3640.000000
3538.000000
3538.000000
3548.000000
3546.000000
3538.000000
3558.000000
3560.000000
3568.000000
3572.000000
3584.000000
3558.000000
3536.000000
3536.000000
3554.000000
3564.000000
3540.000000
3556.000000
3568.000000
3556.000000
3560.000000
3566.000000
3564.000000
3568.000000
3568.000000
3542.000000
3544.000000
3554.000000
3556.000000
3640.000000
3640.000000
3546.000000
3526.000000
3558.000000
3578.000000
3562.000000
3566.000000
3552.000000
3564.000000
3542.000000
3528.000000
3576.000000
3520.000000
3560.000000
3544.000000
3548.000000
3568.000000
3538.000000
3560.000000
3562.000000
3580.000000
3568.000000
3540.000000
3530.000000
3556.000000
3544.000000
3580.000000
3558.000000
3554.000000
3548.000000
3562.000000
3544.000000
3546.000000
3570.000000
3576.000000
3554.000000
3568.000000
3542.000000
3526.000000
3568.000000
3536.000000
3558.000000
3530.000000
3570.000000
3582.000000
3564.000000
3558.000000
3544.000000
3540.000000
3528.000000
3552.000000
3562.000000
3526.000000
3550.000000
3560.000000
3566.000000
3574.000000
3570.000000
3544.000000
3526.000000
3532.000000
3590.000000
3594.000000
3636.000000
3550.000000
3590.000000
3572.000000
3558.000000
3572.000000
3532.000000
3532.000000
3574.000000
3466.000000
3582.000000
3546.000000
3546.000000
3544.000000
3536.000000
3536.000000
3554.000000
3530.000000
3530.000000
3534.000000
3528.000000
3542.000000
3528.000000
3540.000000
3538.000000
3532.000000
3540.000000
3552.000000
3546.000000
3552.000000
3556.000000
3538.000000
3554.000000
3562.000000
3524.000000
3512.000000
3528.000000
3542.000000
3534.000000
3550.000000
3532.000000
3536.000000
3530.000000
3544.000000
3542.000000
3562.000000
3542.000000
3566.000000
3548.000000
3538.000000
3548.000000
3548.000000
3542.000000
3542.000000
3526.000000
3550.000000
3540.000000
3548.000000
3528.000000
3554.000000
3532.000000
3568.000000
3538.000000
3542.000000
3532.000000
3534.000000
3540.000000
3558.000000
3534.000000
3528.000000
3540.000000
3578.000000
3526.000000
3554.000000
3538.000000
3534.000000
3528.000000
3544.000000
3580.000000
3568.000000
3548.000000
3552.000000
3500.000000
3518.000000
3528.000000
3548.000000
3550.000000
3554.000000
3526.000000
3516.000000
3540.000000
3544.000000
3564.000000
3562.000000
3524.000000
3540.000000
3542.000000
3520.000000
3534.000000
3530.000000
3518.000000
3500.000000
3554.000000
3572.000000
3538.000000
3552.000000
3522.000000
3536.000000
3550.000000
3524.000000
3538.000000
3532.000000
3552.000000
3536.000000
3544.000000
3534.000000
3548.000000
3546.000000
3530.000000
3554.000000
3538.000000
3528.000000
3552.000000
3546.000000
3552.000000
3550.000000
3580.000000
3528.000000
3562.000000
3532.000000
3518.000000
3536.000000
3548.000000
3554.000000
3532.000000
3532.000000
3532.000000
3554.000000
3562.000000
3564.000000
3546.000000
3538.000000
3522.000000
3536.000000
3514.000000
3558.000000
3552.000000
3538.000000
3556.000000
3544.000000
3556.000000
3558.000000
3556.000000
3540.000000
3540.000000
3536.000000
3534.000000
3528.000000
3554.000000
3524.000000
3532.000000
3520.000000
3560.000000
3538.000000
3468.000000
3464.000000
3546.000000
3524.000000
3548.000000
3538.000000
3534.000000
3542.000000
3530.000000
3552.000000
3558.000000
3558.000000
3520.000000
3460.000000
3524.000000
3540.000000
3568.000000
3546.000000
3500.000000
3500.000000
3524.000000
3532.000000
3556.000000
3564.000000
3570.000000
3538.000000
3548.000000
3536.000000
3542.000000
3520.000000
3554.000000
3574.000000
3546.000000
3528.000000
3582.000000
3540.000000
3570.000000
3556.000000
3540.000000
3524.000000
3526.000000
3534.000000
3546.000000
3550.000000
3546.000000
3540.000000
3526.000000
3538.000000
3540.000000
3536.000000
3524.000000
3518.000000
3546.000000
3542.000000
3552.000000
3550.000000
3548.000000
3532.000000
3542.000000
3528.000000
3532.000000
3530.000000
3558.000000
3558.000000
3536.000000
3540.000000
3516.000000
3538.000000
3532.000000
3542.000000
3532.000000
3482.000000
3508.000000
3518.000000
3572.000000
3542.000000
3546.000000
3544.000000
3526.000000
3520.000000
3544.000000
3540.000000
3528.000000
3542.000000
3534.000000
3540.000000
3528.000000
3546.000000
3472.000000
3560.000000
3542.000000
3534.000000
3544.000000
3546.000000
3474.000000
3524.000000
3582.000000
3530.000000
3536.000000
3550.000000
3532.000000
3582.000000
3546.000000
3554.000000
3572.000000
3534.000000
3524.000000
3534.000000
3468.000000
3546.000000
3526.000000
3538.000000
3574.000000
3536.000000
3556.000000
3542.000000
3548.000000
3566.000000
3536.000000
3466.000000
3524.000000
3536.000000
3530.000000
3522.000000
3528.000000
3566.000000
3536.000000
3542.000000
3540.000000
3554.000000
3548.000000
3548.000000
3542.000000
3528.000000
3534.000000
3546.000000
3550.000000
3542.000000
3520.000000
3532.000000
3518.000000
3550.000000
3550.000000
3528.000000
3548.000000
3546.000000
3552.000000
3546.000000
3522.000000
3470.000000
3544.000000
3472.000000
3520.000000
3514.000000
3576.000000
3570.000000
3552.000000
3546.000000
3510.000000
3504.000000
3498.000000
3462.000000
3560.000000
3550.000000
3528.000000
3552.000000
3524.000000
3512.000000
3532.000000
3560.000000
3536.000000
3544.000000
3510.000000
3468.000000
3550.000000
3540.000000
3568.000000
3528.000000
3512.000000
3528.000000
3566.000000
3544.000000
3542.000000
3558.000000
3526.000000
3524.000000
3546.000000
3540.000000
3552.000000
3554.000000
3518.000000
3524.000000
3548.000000
3530.000000
3520.000000
3530.000000
3562.000000
3530.000000
3482.000000
3534.000000
3560.000000
3548.000000
3530.000000
3550.000000
3476.000000
3532.000000
3544.000000
3530.000000
3540.000000
3548.000000
3572.000000
3546.000000
3558.000000
3528.000000
3538.000000
3544.000000
3552.000000
3522.000000
3516.000000
3526.000000
3562.000000
3542.000000
3530.000000
3550.000000
3530.000000
3524.000000
3540.000000
3522.000000
3536.000000
3540.000000
3578.000000
3552.000000
3538.000000
3536.000000
3546.000000
3542.000000
3552.000000
3574.000000
3516.000000
3514.000000
3530.000000
3544.000000
3554.000000
3536.000000
3538.000000
3560.000000
3544.000000
3548.000000
3542.000000
3538.000000
3570.000000
3546.000000
3528.000000
3526.000000
3466.000000
3494.000000
3544.000000
3546.000000
3568.000000
3558.000000
3532.000000
3464.000000
3492.000000
3524.000000
3522.000000
3544.000000
3510.000000
3546.000000
3530.000000
3524.000000
3544.000000
3542.000000
3552.000000
3480.000000
3518.000000
3538.000000
3460.000000
3570.000000
3544.000000
3524.000000
3518.000000
3550.000000
3528.000000
3538.000000
3482.000000
3568.000000
3570.000000
3560.000000
3576.000000
3530.000000
3552.000000
3574.000000
3568.000000
3576.000000
3546.000000
3540.000000
3524.000000
3532.000000
3554.000000
3560.000000
3544.000000
3534.000000
3552.000000
3536.000000
3528.000000
3504.000000
3574.000000
3572.000000
3550.000000
3508.000000
3496.000000
3508.000000
3558.000000
3558.000000
3542.000000
3530.000000
3542.000000
3528.000000
3540.000000
3536.000000
3526.000000
3568.000000
3570.000000
3526.000000
3534.000000
3530.000000
3548.000000
3544.000000
3538.000000
3564.000000
3552.000000
3536.000000
3542.000000
3564.000000
3540.000000
3530.000000
3550.000000
3532.000000
3550.000000
3564.000000
3566.000000
3566.000000
3568.000000
3562.000000
3588.000000
3546.000000
3554.000000
3578.000000
3530.000000
3558.000000
3460.000000
3506.000000
3540.000000
3572.000000
3542.000000
3548.000000
3468.000000
3552.000000
3574.000000
3550.000000
3556.000000
3548.000000
3530.000000
3568.000000
3462.000000
3570.000000
3562.000000
3482.000000
3466.000000
3566.000000
3534.000000
3526.000000
3518.000000
3552.000000
3660.000000
3654.000000
3604.000000
3572.000000
3560.000000
3524.000000
3610.000000
3554.000000
3584.000000
3582.000000
3570.000000
3636.000000
3598.000000
3600.000000
3562.000000
3568.000000
3524.000000
3584.000000
3566.000000
3582.000000
3574.000000
3644.000000
3566.000000
3566.000000
3548.000000
3572.000000
3590.000000
3622.000000
3526.000000
3588.000000
3580.000000
3634.000000
3542.000000
3528.000000
3534.000000
3558.000000
3570.000000
3582.000000
3594.000000
3574.000000
3558.000000
3566.000000
3564.000000
3574.000000
3564.000000
3560.000000
3552.000000
3556.000000
3574.000000
3582.000000
3520.000000
3570.000000
3560.000000
3564.000000
3570.000000
3568.000000
3566.000000
3568.000000
3550.000000
3556.000000
3566.000000
3570.000000
3586.000000
3572.000000
3560.000000
3570.000000
3566.000000
3574.000000
3558.000000
3522.000000
3590.000000
3586.000000
3548.000000
3568.000000
3554.000000
3568.000000
3564.000000
3562.000000
3540.000000
3544.000000
3542.000000
3564.000000
3572.000000
3544.000000
3548.000000
3532.000000
3556.000000
3566.000000
3572.000000
3562.000000
3572.000000
3566.000000
3538.000000
3562.000000
3562.000000
3574.000000
3552.000000
3568.000000
3570.000000
3562.000000
3556.000000
3558.000000
3550.000000
3570.000000
3562.000000
3556.000000
3568.000000
3562.000000
3558.000000
3566.000000
3538.000000
3570.000000
3566.000000
3576.000000
3624.000000
3550.000000
3528.000000
3556.000000
3554.000000
3542.000000
3564.000000
3546.000000
3572.000000
3562.000000
3574.000000
3568.000000
3560.000000
3554.000000
3556.000000
3572.000000
3566.000000
3578.000000
3570.000000
3556.000000
3578.000000
3530.000000
3566.000000
3564.000000
3530.000000
3576.000000
3556.000000
3570.000000
3572.000000
3560.000000
3560.000000
3572.000000
3566.000000
3568.000000
3544.000000
3572.000000
3572.000000
3558.000000
3560.000000
3550.000000
3582.000000
3548.000000
3566.000000
3564.000000
3554.000000
3538.000000
3560.000000
3574.000000
3560.000000
3558.000000
3572.000000
3546.000000
3560.000000
3566.000000
3566.000000
3576.000000
3572.000000
3552.000000
3564.000000
3566.000000
3520.000000
3552.000000
3554.000000
3570.000000
3538.000000
3566.000000
3556.000000
3568.000000
3580.000000
3558.000000
3560.000000
3560.000000
3560.000000
3556.000000
3582.000000
3572.000000
3562.000000
3558.000000
3560.000000
3552.000000
3562.000000
3528.000000
3554.000000
3570.000000
3552.000000
3570.000000
3524.000000
3550.000000
3556.000000
3560.000000
3560.000000
3568.000000
3536.000000
3544.000000
3568.000000
3562.000000
3576.000000
3552.000000
3568.000000
3562.000000
3556.000000
3570.000000
3570.000000
3566.000000
3556.000000
3552.000000
3574.000000
3626.000000
3572.000000
3556.000000
3556.000000
3558.000000
3556.000000
3552.000000
3544.000000
3566.000000
3558.000000
3550.000000
3574.000000
3568.000000
3554.000000
3570.000000
3562.000000
3548.000000
3544.000000
3568.000000
3570.000000
3556.000000
3538.000000
3574.000000
3564.000000
3542.000000
3558.000000
3560.000000
3566.000000
3568.000000
3564.000000
3562.000000
3568.000000
3574.000000
3574.000000
3566.000000
3562.000000
3564.000000
3546.000000
3580.000000
3530.000000
3566.000000
3554.000000
3548.000000
3562.000000
3568.000000
3562.000000
3566.000000
3524.000000
3642.000000
3564.000000
3568.000000
3578.000000
3548.000000
3562.000000
3570.000000
3548.000000
3554.000000
3552.000000
3572.000000
3548.000000
3552.000000
3556.000000
3538.000000
3562.000000
3566.000000
3550.000000
3558.000000
3554.000000
3544.000000
3566.000000
3578.000000
3564.000000
3562.000000
3570.000000
3538.000000
3846.000000
3700.000000
3546.000000
3670.000000
3406.000000
3388.000000
3416.000000
3438.000000
3576.000000
3592.000000
3584.000000
3636.000000
3560.000000
3582.000000
3512.000000
3528.000000
3580.000000
3588.000000
3638.000000
3572.000000
3540.000000
3546.000000
3534.000000
3536.000000
3562.000000
3560.000000
3580.000000
3548.000000
3542.000000
3566.000000
3540.000000
3556.000000
3550.000000
3540.000000
3546.000000
3556.000000
3564.000000
3526.000000
3554.000000
3556.000000
3554.000000
3540.000000
3560.000000
3536.000000
3572.000000
3570.000000
3564.000000
3562.000000
3552.000000
3540.000000
3544.000000
3564.000000
3548.000000
3546.000000
3542.000000
3534.000000
3558.000000
3560.000000
3574.000000
3558.000000
3570.000000
3566.000000
3546.000000
3556.000000
3568.000000
3540.000000
3570.000000
3544.000000
3560.000000
3530.000000
3578.000000
3556.000000
3554.000000
3540.000000
3540.000000
3558.000000
3568.000000
3548.000000
3538.000000
3592.000000
3544.000000
3562.000000
3538.000000
3546.000000
3534.000000
3544.000000
3546.000000
3564.000000
3548.000000
3538.000000
3558.000000
3554.000000
3522.000000
3546.000000
3552.000000
3564.000000
3552.000000
3570.000000
3548.000000
3544.000000
3542.000000
3564.000000
3556.000000
3554.000000
3556.000000
3530.000000
3538.000000
3540.000000
3538.000000
3566.000000
3562.000000
3546.000000
3534.000000
3548.000000
3560.000000
3556.000000
3548.000000
3554.000000
3548.000000
3556.000000
3568.000000
3552.000000
3536.000000
3546.000000
3562.000000
3550.000000
3566.000000
3556.000000
3560.000000
3538.000000
3520.000000
3532.000000
3542.000000
3560.000000
3546.000000
3562.000000
3542.000000
3540.000000
3560.000000
3520.000000
3558.000000
3556.000000
3544.000000
3544.000000
3564.000000
3560.000000
3558.000000
3554.000000
3540.000000
3540.000000
3538.000000
3536.000000
3552.000000
3550.000000
3558.000000
3558.000000
3544.000000
3544.000000
3550.000000
3524.000000
3544.000000
3570.000000
3536.000000
3562.000000
3542.000000
3564.000000
3528.000000
3544.000000
3540.000000
3548.000000
3542.000000
3520.000000
3574.000000
3558.000000
3566.000000
3552.000000
3564.000000
3564.000000
3550.000000
3524.000000
3578.000000
3540.000000
3548.000000
3558.000000
3540.000000
3528.000000
3538.000000
3568.000000
3560.000000
3558.000000
3554.000000
3562.000000
3542.000000
3532.000000
3550.000000
3542.000000
3558.000000
3544.000000
3580.000000
3564.000000
3546.000000
3532.000000
3542.000000
3552.000000
3552.000000
3558.000000
3560.000000
3564.000000
3540.000000
3528.000000
3530.000000
3558.000000
3548.000000
3556.000000
3556.000000
3536.000000
3556.000000
3548.000000
3546.000000
3534.000000
3568.000000
3528.000000
3528.000000
3572.000000
3560.000000
3568.000000
3564.000000
3566.000000
3548.000000
3552.000000
3540.000000
3550.000000
3530.000000
3546.000000
3538.000000
3538.000000
3530.000000
3566.000000
3554.000000
3528.000000
3540.000000
3536.000000
3542.000000
3558.000000
3544.000000
3548.000000
3546.000000
3562.000000
3536.000000
3526.000000
3542.000000
3548.000000
3512.000000
3522.000000
3540.000000
3538.000000
3534.000000
3542.000000
3532.000000
3554.000000
3542.000000
3558.000000
3554.000000
3566.000000
3534.000000
3524.000000
3552.000000
3540.000000
3540.000000
3526.000000
3542.000000
3540.000000
3574.000000
3564.000000
3552.000000
3550.000000
3550.000000
3542.000000
3520.000000
3554.000000
3540.000000
3532.000000
3518.000000
3528.000000
3568.000000
3540.000000
3538.000000
3502.000000
3558.000000
3550.000000
3532.000000
3572.000000
3540.000000
3556.000000
3546.000000
3536.000000
3550.000000
3560.000000
3540.000000
3566.000000
3536.000000
3540.000000
3548.000000
3520.000000
3546.000000
3554.000000
3544.000000
3562.000000
3542.000000
3544.000000
3538.000000
3534.000000
3534.000000
3552.000000
3556.000000
3552.000000
3540.000000
3542.000000
3534.000000
3536.000000
3530.000000
3542.000000
3540.000000
3556.000000
3524.000000
3552.000000
3552.000000
3552.000000
3554.000000
3536.000000
3554.000000
3540.000000
3542.000000
3546.000000
3530.000000
3582.000000
3548.000000
3540.000000
3546.000000
3536.000000
3544.000000
3536.000000
3476.000000
3558.000000
3554.000000
3532.000000
3534.000000
3540.000000
3550.000000
3528.000000
3480.000000
3538.000000
3558.000000
3566.000000
3538.000000
3528.000000
3542.000000
3534.000000
3522.000000
3558.000000
3546.000000
3538.000000
3524.000000
3522.000000
3538.000000
3548.000000
3548.000000
3548.000000
3556.000000
3542.000000
3560.000000
3540.000000
3532.000000
3532.000000
3532.000000
3536.000000
3528.000000
3542.000000
3544.000000
3572.000000
3552.000000
3542.000000
3552.000000
3526.000000
3534.000000
3528.000000
3542.000000
3530.000000
3548.000000
3548.000000
3560.000000
3546.000000
3552.000000
3536.000000
3554.000000
3532.000000
3530.000000
3546.000000
3552.000000
3548.000000
3554.000000
3546.000000
3534.000000
3522.000000
3532.000000
3558.000000
3570.000000
3544.000000
3538.000000
3546.000000
3552.000000
3542.000000
3544.000000
3524.000000
3548.000000
3534.000000
3540.000000
3536.000000
3524.000000
3532.000000
3542.000000
3540.000000
3530.000000
3538.000000
3536.000000
3550.000000
3534.000000
3548.000000
3544.000000
3558.000000
3538.000000
3526.000000
3520.000000
3552.000000
3546.000000
3520.000000
3546.000000
3532.000000
3560.000000
3538.000000
3538.000000
3580.000000
3532.000000
3526.000000
3540.000000
3526.000000
3534.000000
3524.000000
3530.000000
3534.000000
3552.000000
3542.000000
3550.000000
3526.000000
3524.000000
3530.000000
3540.000000
3524.000000
3532.000000
3540.000000
3520.000000
3550.000000
3538.000000
3538.000000
3536.000000
3542.000000
3532.000000
3524.000000
3552.000000
3550.000000
3534.000000
3522.000000
3538.000000
3552.000000
3552.000000
3546.000000
3542.000000
3566.000000
3524.000000
3546.000000
3548.000000
3522.000000
3552.000000
3550.000000
3534.000000
3530.000000
3544.000000
3562.000000
3538.000000
3526.000000
3544.000000
3528.000000
3544.000000
3554.000000
3524.000000
3536.000000
3524.000000
3540.000000
3544.000000
3552.000000
3530.000000
3536.000000
3542.000000
3530.000000
3544.000000
3548.000000
3528.000000
3548.000000
3548.000000
3556.000000
3544.000000
3546.000000
3540.000000
3526.000000
3536.000000
3544.000000
3526.000000
3532.000000
3532.000000
3530.000000
3524.000000
3560.000000
3530.000000
3530.000000
3546.000000
3540.000000
3538.000000
3528.000000
3524.000000
3544.000000
3534.000000
3544.000000
3556.000000
3550.000000
3528.000000
3520.000000
3564.000000
3538.000000
3536.000000
3530.000000
3530.000000
3530.000000
3536.000000
3468.000000
3526.000000
3536.000000
3534.000000
3548.000000
3542.000000
3558.000000
3544.000000
3546.000000
3542.000000
3536.000000
3528.000000
3524.000000
3522.000000
3470.000000
3544.000000
3534.000000
3544.000000
3566.000000
3532.000000
3534.000000
3544.000000
3542.000000
3526.000000
3536.000000
3532.000000
3540.000000
3538.000000
3548.000000
3542.000000
3526.000000
3540.000000
3530.000000
3556.000000
3544.000000
3542.000000
3546.000000
3572.000000
3524.000000
3550.000000
3546.000000
3548.000000
3528.000000
3542.000000
3548.000000
3538.000000
3542.000000
3544.000000
3544.000000
3536.000000
3534.000000
3554.000000
3544.000000
3534.000000
3538.000000
3530.000000
3544.000000
3540.000000
3544.000000
3538.000000
3536.000000
3552.000000
3546.000000
3540.000000
3528.000000
3546.000000
3540.000000
3530.000000
3546.000000
3552.000000
3552.000000
3544.000000
3548.000000
3548.000000
3546.000000
3550.000000
3546.000000
3510.000000
3536.000000
3530.000000
3524.000000
3538.000000
3536.000000
3534.000000
3542.000000
3530.000000
3564.000000
3530.000000
3552.000000
3532.000000
3536.000000
3524.000000
3548.000000
3542.000000
3558.000000
3544.000000
3572.000000
3530.000000
3546.000000
3552.000000
3552.000000
3514.000000
3538.000000
3534.000000
3534.000000
3540.000000
3556.000000
3562.000000
3544.000000
3526.000000
3528.000000
3538.000000
3544.000000
3544.000000
3544.000000
3544.000000
3560.000000
3524.000000
3530.000000
3540.000000
3522.000000
3572.000000
3544.000000
3528.000000
3538.000000
3530.000000
3548.000000
3550.000000
3552.000000
3546.000000
3528.000000
3536.000000
3542.000000
3518.000000
3560.000000
3576.000000
3542.000000
3532.000000
3542.000000
3536.000000
3578.000000
3564.000000
3520.000000
3534.000000
3544.000000
3540.000000
3542.000000
3546.000000
3554.000000
3554.000000
3508.000000
3550.000000
3544.000000
3556.000000
3576.000000
3546.000000
3530.000000
3562.000000
3558.000000
3544.000000
3528.000000
3526.000000
3558.000000
3542.000000
3540.000000
3552.000000
3556.000000
3580.000000
3534.000000
3530.000000
3556.000000
3574.000000
3552.000000
3560.000000
3534.000000
3538.000000
3550.000000
3526.000000
3548.000000
3526.000000
3548.000000
3550.000000
3548.000000
3562.000000
3564.000000
3528.000000
3528.000000
3528.000000
3552.000000
3544.000000
3562.000000
3568.000000
3544.000000
3564.000000
3570.000000
3542.000000
3520.000000
3548.000000
3544.000000
3548.000000
3526.000000
3568.000000
3562.000000
3580.000000
3558.000000
3560.000000
3566.000000
3570.000000
3534.000000
3522.000000
3544.000000
3550.000000
3566.000000
3552.000000
3560.000000
3570.000000
3552.000000
3542.000000
3566.000000
3548.000000
3530.000000
3568.000000
3558.000000
3564.000000
3542.000000
3550.000000
3574.000000
3572.000000
3566.000000
3540.000000
3568.000000
3582.000000
3594.000000
3574.000000
3562.000000
3548.000000
3532.000000
3538.000000
3560.000000
3546.000000
3532.000000
3546.000000
3550.000000
3564.000000
3548.000000
3560.000000
3564.000000
3542.000000
3562.000000
3554.000000
3522.000000
3530.000000
3552.000000
3540.000000
3570.000000
3532.000000
3534.000000
3582.000000
3526.000000
3582.000000
3474.000000
3392.000000
3454.000000
3570.000000
3622.000000
3628.000000
3552.000000
3544.000000
3484.000000
3500.000000
3502.000000
3546.000000
3566.000000
3500.000000
3458.000000
3490.000000
3456.000000
3558.000000
3566.000000
3564.000000
3570.000000
3500.000000
3472.000000
3556.000000
3582.000000
3550.000000
3528.000000
3528.000000
3524.000000
3540.000000
3554.000000
3554.000000
3556.000000
3470.000000
3540.000000
3540.000000
3546.000000
3522.000000
3546.000000
3548.000000
3506.000000
3524.000000
3532.000000
3528.000000
3500.000000
3528.000000
3574.000000
3564.000000
3566.000000
3538.000000
3532.000000
3550.000000
3552.000000
3536.000000
3554.000000
3558.000000
3530.000000
3466.000000
3452.000000
3616.000000
3530.000000
3638.000000
3542.000000
3524.000000
3576.000000
3502.000000
3556.000000
3594.000000
3542.000000
3528.000000
3524.000000
3554.000000
3532.000000
3554.000000
3568.000000
3614.000000
3530.000000
3536.000000
3570.000000
3552.000000
3550.000000
3530.000000
3530.000000
3538.000000
3556.000000
3566.000000
3564.000000
3564.000000
3532.000000
3556.000000
3530.000000
3560.000000
3568.000000
3560.000000
3568.000000
3546.000000
3560.000000
3564.000000
3572.000000
3548.000000
3542.000000
3546.000000
3572.000000
3548.000000
3522.000000
3560.000000
3568.000000
3566.000000
3568.000000
3546.000000
3540.000000
3558.000000
3580.000000
3572.000000
3562.000000
3574.000000
3540.000000
3556.000000
3564.000000
3582.000000
3560.000000
3532.000000
3540.000000
3560.000000
3572.000000
3574.000000
3574.000000
3534.000000
3528.000000
3562.000000
3554.000000
3558.000000
3550.000000
3566.000000
3544.000000
3544.000000
3522.000000
3554.000000
3574.000000
3570.000000
3548.000000
3540.000000
3562.000000
3544.000000
3556.000000
3528.000000
3556.000000
3558.000000
3546.000000
3550.000000
3524.000000
3534.000000
3522.000000
3566.000000
3534.000000
3542.000000
3570.000000
3538.000000
3522.000000
3548.000000
3546.000000
3528.000000
3560.000000
3538.000000
3510.000000
3556.000000
3558.000000
3530.000000
3502.000000
3504.000000
3520.000000
3572.000000
3540.000000
3538.000000
3560.000000
3516.000000
3568.000000
3558.000000
3548.000000
3572.000000
3564.000000
3560.000000
3558.000000
3570.000000
3576.000000
3560.000000
3542.000000
3538.000000
3532.000000
3534.000000
3554.000000
3558.000000
3560.000000
3546.000000
3528.000000
3542.000000
3472.000000
3546.000000
3558.000000
3558.000000
3528.000000
3544.000000
3532.000000
3550.000000
3554.000000
3532.000000
3536.000000
3548.000000
3550.000000
3532.000000
3530.000000
3564.000000
3558.000000
3532.000000
3532.000000
3536.000000
3548.000000
3536.000000
3524.000000
3536.000000
3536.000000
3552.000000
3550.000000
3560.000000
3552.000000
3528.000000
3532.000000
3536.000000
3558.000000
3544.000000
3546.000000
3540.000000
3538.000000
3582.000000
3576.000000
3562.000000
3544.000000
3542.000000
3552.000000
3558.000000
3580.000000
3558.000000
3564.000000
3544.000000
3544.000000
3558.000000
3570.000000
3556.000000
3536.000000
3524.000000
3536.000000
3540.000000
3530.000000
3538.000000
3552.000000
3540.000000
3540.000000
3546.000000
3562.000000
3572.000000
3540.000000
3534.000000
3540.000000
3544.000000
3554.000000
3558.000000
3530.000000
3544.000000
3560.000000
3556.000000
3568.000000
3536.000000
3526.000000
3560.000000
3538.000000
3512.000000
3542.000000
3562.000000
3562.000000
3470.000000
3546.000000
3530.000000
3556.000000
3544.000000
3542.000000
3544.000000
3566.000000
3576.000000
3542.000000
3520.000000
3528.000000
3510.000000
3564.000000
3550.000000
3540.000000
3580.000000
3522.000000
3552.000000
3568.000000
3566.000000
3536.000000
3580.000000
3528.000000
3458.000000
3532.000000
3536.000000
3552.000000
3510.000000
3516.000000
3568.000000
3568.000000
3550.000000
3576.000000
3552.000000
3524.000000
3546.000000
3572.000000
3504.000000
3488.000000
3508.000000
3538.000000
3554.000000
3548.000000
3484.000000
3542.000000
3538.000000
3524.000000
3552.000000
3556.000000
3536.000000
3536.000000
3542.000000
3542.000000
3562.000000
3540.000000
3554.000000
3530.000000
3580.000000
3576.000000
3550.000000
3542.000000
3538.000000
3522.000000
3502.000000
3508.000000
3550.000000
3564.000000
3548.000000
3536.000000
3540.000000
3538.000000
3540.000000
3518.000000
3542.000000
3576.000000
3552.000000
3456.000000
3554.000000
3552.000000
3538.000000
3536.000000
3540.000000
3540.000000
3530.000000
3528.000000
3522.000000
3540.000000
3536.000000
3544.000000
3524.000000
3558.000000
3490.000000
3536.000000
3566.000000
3644.000000
3580.000000
3542.000000
3506.000000
3512.000000
3512.000000
3522.000000
3548.000000
3560.000000
3550.000000
3548.000000
3534.000000
3530.000000
3502.000000
3530.000000
3526.000000
3558.000000
3550.000000
3574.000000
3538.000000
3552.000000
3534.000000
3538.000000
3552.000000
3544.000000
3554.000000
3562.000000
3544.000000
3538.000000
3546.000000
3534.000000
3564.000000
3530.000000
3528.000000
3552.000000
3554.000000
3534.000000
3560.000000
3538.000000
3538.000000
3572.000000
3554.000000
3550.000000
3536.000000
3544.000000
3544.000000
3548.000000
3546.000000
3544.000000
3530.000000
3530.000000
3544.000000
3556.000000
3534.000000
3544.000000
3538.000000
3540.000000
3540.000000
3550.000000
3552.000000
3536.000000
3566.000000
3538.000000
3522.000000
3534.000000
3550.000000
3550.000000
3526.000000
3534.000000
3542.000000
3546.000000
3560.000000
3532.000000
3520.000000
3572.000000
3538.000000
3532.000000
3550.000000
3536.000000
3542.000000
3538.000000
3534.000000
3528.000000
3546.000000
3546.000000
3556.000000
3518.000000
3506.000000
3458.000000
3536.000000
3526.000000
3528.000000
3546.000000
3536.000000
3540.000000
3548.000000
3554.000000
3572.000000
3564.000000
3526.000000
3538.000000
3552.000000
3582.000000
3560.000000
3564.000000
3534.000000
3580.000000
3536.000000
3544.000000
3542.000000
3520.000000
3542.000000
3522.000000
3530.000000
3542.000000
3540.000000
3552.000000
3558.000000
3554.000000
3538.000000
3552.000000
3560.000000
3538.000000
3534.000000
3534.000000
3538.000000
3538.000000
3530.000000
3526.000000
3558.000000
3556.000000
3524.000000
3516.000000
3524.000000
3540.000000
3554.000000
3540.000000
3532.000000
3548.000000
3544.000000
3554.000000
3530.000000
3534.000000
3542.000000
3542.000000
3522.000000
3526.000000
3528.000000
3558.000000
3528.000000
3546.000000
3528.000000
3538.000000
3564.000000
3530.000000
3538.000000
3530.000000
3544.000000
3526.000000
3526.000000
3546.000000
3540.000000
3510.000000
3462.000000
3460.000000
3510.000000
3520.000000
3574.000000
3572.000000
3644.000000
3548.000000
3502.000000
3516.000000
3508.000000
3556.000000
3552.000000
3532.000000
3548.000000
3540.000000
3548.000000
3542.000000
3542.000000
3512.000000
3548.000000
3558.000000
3552.000000
3540.000000
3530.000000
3548.000000
3572.000000
3476.000000
3582.000000
3514.000000
3508.000000
3554.000000
3536.000000
3538.000000
3564.000000
3544.000000
3542.000000
3522.000000
3538.000000
3544.000000
3562.000000
3552.000000
3534.000000
3456.000000
3514.000000
3530.000000
3562.000000
3580.000000
3524.000000
3508.000000
3516.000000
3552.000000
3582.000000
3550.000000
3548.000000
3522.000000
3546.000000
3536.000000
3572.000000
3552.000000
3528.000000
3558.000000
3526.000000
3532.000000
3536.000000
3554.000000
3538.000000
3526.000000
3542.000000
3486.000000
3526.000000
3522.000000
3526.000000
3528.000000
3546.000000
3530.000000
3538.000000
3562.000000
3532.000000
3508.000000
3534.000000
3532.000000
3536.000000
3564.000000
3528.000000
3460.000000
3520.000000
3528.000000
3540.000000
3560.000000
3546.000000
3530.000000
3522.000000
3532.000000
3542.000000
3538.000000
3536.000000
3560.000000
3548.000000
3548.000000
3500.000000
3518.000000
3544.000000
3566.000000
3530.000000
3542.000000
3528.000000
3550.000000
3544.000000
3538.000000
3554.000000
3534.000000
3534.000000
3530.000000
3556.000000
3564.000000
3560.000000
3546.000000
3560.000000
3490.000000
3554.000000
3456.000000
3534.000000
3528.000000
3522.000000
3552.000000
3524.000000
3574.000000
3542.000000
3570.000000
3532.000000
3532.000000
3518.000000
3530.000000
3558.000000
3550.000000
3532.000000
3550.000000
3538.000000
3526.000000
3538.000000
3540.000000
3548.000000
3540.000000
3536.000000
3544.000000
3526.000000
3542.000000
3534.000000
3538.000000
3542.000000
3512.000000
3544.000000
3536.000000
3578.000000
3538.000000
3528.000000
3524.000000
3532.000000
3522.000000
3544.000000
3556.000000
3572.000000
3582.000000
3556.000000
3526.000000
3516.000000
3530.000000
3544.000000
3522.000000
3554.000000
3552.000000
3568.000000
3540.000000
3518.000000
3538.000000
3538.000000
3534.000000
3530.000000
3548.000000
3558.000000
3560.000000
3560.000000
3526.000000
3534.000000
3566.000000
3472.000000
3520.000000
3504.000000
3498.000000
3528.000000
3542.000000
3518.000000
3508.000000
3576.000000
3576.000000
3542.000000
3534.000000
3554.000000
3568.000000
3532.000000
3522.000000
3570.000000
3536.000000
3538.000000
3534.000000
3472.000000
3550.000000
3534.000000
3564.000000
3534.000000
3564.000000
3546.000000
3540.000000
3522.000000
3530.000000
3538.000000
3520.000000
3530.000000
3466.000000
3560.000000
3556.000000
3542.000000
3524.000000
3516.000000
3526.000000
3504.000000
3554.000000
3524.000000
3480.000000
3522.000000
3460.000000
3522.000000
3532.000000
3572.000000
3482.000000
3536.000000
3538.000000
3538.000000
3522.000000
3540.000000
3526.000000
3536.000000
3526.000000
3524.000000
3526.000000
3526.000000
3576.000000
3534.000000
3530.000000
3524.000000
3538.000000
3562.000000
3514.000000
3524.000000
3546.000000
3542.000000
3542.000000
3518.000000
3532.000000
3524.000000
3522.000000
3542.000000
3528.000000
3538.000000
3544.000000
3546.000000
3522.000000
3528.000000
3518.000000
3550.000000
3542.000000
3532.000000
3560.000000
3546.000000
3528.000000
3526.000000
3530.000000
3542.000000
3578.000000
3558.000000
3548.000000
3544.000000
3538.000000
3520.000000
3540.000000
3524.000000
3534.000000
3574.000000
3522.000000
3534.000000
3540.000000
3522.000000
3536.000000
3522.000000
3538.000000
3548.000000
3532.000000
3538.000000
3546.000000
3540.000000
3472.000000
3574.000000
3466.000000
3538.000000
3526.000000
3510.000000
3532.000000
3558.000000
3536.000000
3530.000000
3528.000000
3536.000000
3534.000000
3546.000000
3540.000000
3528.000000
3582.000000
3456.000000
3554.000000
3572.000000
3574.000000
3538.000000
3540.000000
3544.000000
3530.000000
3538.000000
3512.000000
3490.000000
3512.000000
3544.000000
3518.000000
3522.000000
3520.000000
3574.000000
3510.000000
3574.000000
3534.000000
3530.000000
3556.000000
3540.000000
3550.000000
3464.000000
3526.000000
3462.000000
3528.000000
3540.000000
3544.000000
3538.000000
3522.000000
3546.000000
3542.000000
3552.000000
3548.000000
3502.000000
3520.000000
3522.000000
3526.000000
3546.000000
3522.000000
3530.000000
3510.000000
3518.000000
3540.000000
3548.000000
3544.000000
3552.000000
3530.000000
3550.000000
3556.000000
3542.000000
3518.000000
3532.000000
3546.000000
3552.000000
3582.000000
3546.000000
3526.000000
3516.000000
3526.000000
3522.000000
3530.000000
3536.000000
3530.000000
3576.000000
3528.000000
3540.000000
3532.000000
3528.000000
3570.000000
3510.000000
3548.000000
3582.000000
3502.000000
3522.000000
3548.000000
3582.000000
3572.000000
3538.000000
3540.000000
3512.000000
3494.000000
3534.000000
3528.000000
3558.000000
3468.000000
3514.000000
3486.000000
3546.000000
3522.000000
3522.000000
3536.000000
3514.000000
3504.000000
3510.000000
3574.000000
3582.000000
3530.000000
3510.000000
3522.000000
3534.000000
3538.000000
3520.000000
3484.000000
3500.000000
3498.000000
3526.000000
3552.000000
3514.000000
3528.000000
3516.000000
3512.000000
3548.000000
3538.000000
3526.000000
3528.000000
3540.000000
3472.000000
3580.000000
3514.000000
3542.000000
3542.000000
3530.000000
3508.000000
3514.000000
3534.000000
3574.000000
3528.000000
3538.000000
3542.000000
3530.000000
3534.000000
3522.000000
3532.000000
3538.000000
3494.000000
3568.000000
3530.000000
3508.000000
3580.000000
3518.000000
3470.000000
3488.000000
3518.000000
3500.000000
3502.000000
3516.000000
3576.000000
3466.000000
3576.000000
3508.000000
3528.000000
3516.000000
3518.000000
3470.000000
3574.000000
3502.000000
3502.000000
3514.000000
3522.000000
3530.000000
3514.000000
3476.000000
3458.000000
3520.000000
3478.000000
3518.000000
3542.000000
3512.000000
3520.000000
3458.000000
3536.000000
3516.000000
3554.000000
3516.000000
3500.000000
3566.000000
3526.000000
3526.000000
3510.000000
3538.000000
3550.000000
3520.000000
3498.000000
3532.000000
3530.000000
3526.000000
3530.000000
3534.000000
3528.000000
3460.000000
3518.000000
3542.000000
3540.000000
3488.000000
3478.000000
3510.000000
3528.000000
3542.000000
3518.000000
3530.000000
3518.000000
3518.000000
3538.000000
3526.000000
3550.000000
3554.000000
3518.000000
3524.000000
3522.000000
3460.000000
3520.000000
3516.000000
3512.000000
3514.000000
3520.000000
3530.000000
3478.000000
3570.000000
3554.000000
3510.000000
3530.000000
3520.000000
3496.000000
3532.000000
3504.000000
3470.000000
3574.000000
3512.000000
3508.000000
3522.000000
3530.000000
3488.000000
3508.000000
3508.000000
3520.000000
3492.000000
3482.000000
3530.000000
3540.000000
3522.000000
3510.000000
3510.000000
3510.000000
3580.000000
3502.000000
3540.000000
3494.000000
3498.000000
3492.000000
3476.000000
3464.000000
3516.000000
3502.000000
3490.000000
3500.000000
3500.000000
3526.000000
3528.000000
3458.000000
3520.000000
3502.000000
3512.000000
3524.000000
3484.000000
3500.000000
3462.000000
3456.000000
3528.000000
3544.000000
3518.000000
3566.000000
3456.000000
3556.000000
3568.000000
3514.000000
3516.000000
3478.000000
3504.000000
3500.000000
3532.000000
3544.000000
3522.000000
3512.000000
3514.000000
3498.000000
3492.000000
3458.000000
3512.000000
3504.000000
3512.000000
3576.000000
3538.000000
3544.000000
3460.000000
3506.000000
3512.000000
3510.000000
3518.000000
3484.000000
3502.000000
3520.000000
3526.000000
3532.000000
3526.000000
3536.000000
3526.000000
3492.000000
3520.000000
3544.000000
3532.000000
3498.000000
3530.000000
3548.000000
3528.000000
3486.000000
3580.000000
3526.000000
3516.000000
3490.000000
3518.000000
3566.000000
3532.000000
3526.000000
3502.000000
3488.000000
3464.000000
3522.000000
3536.000000
3544.000000
3504.000000
3484.000000
3512.000000
3532.000000
3458.000000
3472.000000
3516.000000
3498.000000
3522.000000
3512.000000
3482.000000
3498.000000
3554.000000
3460.000000
3458.000000
3532.000000
3512.000000
3450.000000
3496.000000
3464.000000
3500.000000
3516.000000
3472.000000
3462.000000
3472.000000
3496.000000
3552.000000
3506.000000
3516.000000
3456.000000
3474.000000
3500.000000
3550.000000
3524.000000
3476.000000
3466.000000
3476.000000
3508.000000
3510.000000
3490.000000
3456.000000
3484.000000
3470.000000
3476.000000
3442.000000
3394.000000
3504.000000
3512.000000
3482.000000
3486.000000
3496.000000
3498.000000
3510.000000
3490.000000
3418.000000
3450.000000
3498.000000
3524.000000
3492.000000
3502.000000
3486.000000
3516.000000
3538.000000
3512.000000
3512.000000
3540.000000
3538.000000
3458.000000
3426.000000
3436.000000
3476.000000
3526.000000
3558.000000
3536.000000
3508.000000
3464.000000
3458.000000
3482.000000
3522.000000
3546.000000
3570.000000
3524.000000
3504.000000
3502.000000
3494.000000
3516.000000
3512.000000
3488.000000
3476.000000
3466.000000
3526.000000
3464.000000
3524.000000
3532.000000
3458.000000
3464.000000
3506.000000
3516.000000
3482.000000
3488.000000
3502.000000
3460.000000
3472.000000
3408.000000
3468.000000
3494.000000
3504.000000
3490.000000
3486.000000
3492.000000
3458.000000
3496.000000
3516.000000
3474.000000
3492.000000
3578.000000
3478.000000
3560.000000
3424.000000
3436.000000
3510.000000
3566.000000
3492.000000
3452.000000
3444.000000
3502.000000
3558.000000
3532.000000
3502.000000
3506.000000
3528.000000
3460.000000
3488.000000
3500.000000
3508.000000
3508.000000
3510.000000
3500.000000
3482.000000
3500.000000
3512.000000
3486.000000
3564.000000
3480.000000
3520.000000
3500.000000
3502.000000
3462.000000
3500.000000
3502.000000
3580.000000
3540.000000
3498.000000
3482.000000
3496.000000
3522.000000
3514.000000
3508.000000
3488.000000
3496.000000
3498.000000
3474.000000
3470.000000
3492.000000
3502.000000
3482.000000
3480.000000
3482.000000
3480.000000
3510.000000
3498.000000
3482.000000
3492.000000
3480.000000
3486.000000
3524.000000
3522.000000
3508.000000
3478.000000
3498.000000
3472.000000
3502.000000
3462.000000
3452.000000
3516.000000
3488.000000
3506.000000
3486.000000
3522.000000
3502.000000
3478.000000
3474.000000
3514.000000
3514.000000
3464.000000
3500.000000
3512.000000
3536.000000
3496.000000
3512.000000
3480.000000
3462.000000
3456.000000
3470.000000
3518.000000
3502.000000
3484.000000
3490.000000
3470.000000
3500.000000
3472.000000
3562.000000
3518.000000
3462.000000
3474.000000
3508.000000
3478.000000
3492.000000
3496.000000
3500.000000
3512.000000
3528.000000
3484.000000
3414.000000
3480.000000
3500.000000
3470.000000
3486.000000
3472.000000
3504.000000
3492.000000
3470.000000
3492.000000
3478.000000
3488.000000
3494.000000
3518.000000
3512.000000
3516.000000
3504.000000
3454.000000
3486.000000
3490.000000
3466.000000
3492.000000
3464.000000
3430.000000
3466.000000
3496.000000
3498.000000
3470.000000
3486.000000
3478.000000
3476.000000
3420.000000
3420.000000
3516.000000
3424.000000
3392.000000
3456.000000
3478.000000
3530.000000
3456.000000
3504.000000
3348.000000
3480.000000
3466.000000
3516.000000
3518.000000
3418.000000
3438.000000
3438.000000
3478.000000
3442.000000
3458.000000
3462.000000
3452.000000
3458.000000
3482.000000
3492.000000
3464.000000
3456.000000
3516.000000
3474.000000
3464.000000
3400.000000
3478.000000
3502.000000
3480.000000
3474.000000
3464.000000
3480.000000
3490.000000
3482.000000
3460.000000
3454.000000
3406.000000
3480.000000
3480.000000
3462.000000
3446.000000
3438.000000
3470.000000
3500.000000
3392.000000
3468.000000
3464.000000
3484.000000
3502.000000
3504.000000
3468.000000
3512.000000
3492.000000
3468.000000
3456.000000
3486.000000
3468.000000
3516.000000
3452.000000
3514.000000
3488.000000
3494.000000
3462.000000
3404.000000
3470.000000
3518.000000
3472.000000
3468.000000
3454.000000
3468.000000
3452.000000
3446.000000
3474.000000
3494.000000
3482.000000
3484.000000
3442.000000
3444.000000
3474.000000
3478.000000
3468.000000
3482.000000
3442.000000
3444.000000
3462.000000
3466.000000
3492.000000
3454.000000
3470.000000
3434.000000
3456.000000
3444.000000
3492.000000
3472.000000
3476.000000
3400.000000
3468.000000
3440.000000
3500.000000
3478.000000
3436.000000
3442.000000
3396.000000
3422.000000
3450.000000
3464.000000
3500.000000
3496.000000
3500.000000
3544.000000
3348.000000
3456.000000
3420.000000
3412.000000
3400.000000
3464.000000
3488.000000
3400.000000
3420.000000
3416.000000
3478.000000
3582.000000
3448.000000
3424.000000
3440.000000
3466.000000
3474.000000
3430.000000
3462.000000
3472.000000
3444.000000
3432.000000
3456.000000
3488.000000
3470.000000
3472.000000
3472.000000
3472.000000
3454.000000
3462.000000
3460.000000
3490.000000
3468.000000
3488.000000
3462.000000
3466.000000
3446.000000
3462.000000
3514.000000
3464.000000
3464.000000
3456.000000
3460.000000
3460.000000
3446.000000
3480.000000
3450.000000
3458.000000
3460.000000
3510.000000
3518.000000
3464.000000
3434.000000
3458.000000
3458.000000
3454.000000
3462.000000
3472.000000
3458.000000
3462.000000
3460.000000
3470.000000
3474.000000
3456.000000
3446.000000
3516.000000
3392.000000
3392.000000
3458.000000
3510.000000
3464.000000
3472.000000
3462.000000
3450.000000
3448.000000
3482.000000
3460.000000
3410.000000
3458.000000
3470.000000
3464.000000
3464.000000
3474.000000
3398.000000
3410.000000
3454.000000
3450.000000
3476.000000
3446.000000
3400.000000
3480.000000
3442.000000
3450.000000
3456.000000
3466.000000
3456.000000
3460.000000
3430.000000
3458.000000
3482.000000
3474.000000
3466.000000
3476.000000
3458.000000
3400.000000
3478.000000
3478.000000
3466.000000
3456.000000
3466.000000
3468.000000
3514.000000
3470.000000
3464.000000
3466.000000
3452.000000
3392.000000
3482.000000
3488.000000
3556.000000
3496.000000
3474.000000
3492.000000
3466.000000
3468.000000
3514.000000
3462.000000
3464.000000
3562.000000
3504.000000
3442.000000
3458.000000
3470.000000
3488.000000
3538.000000
3466.000000
3552.000000
3524.000000
3512.000000
3542.000000
3474.000000
3518.000000
3510.000000
3540.000000
3554.000000
3540.000000
3502.000000
3502.000000
3556.000000
3544.000000
3492.000000
3564.000000
3520.000000
3466.000000
3552.000000
3474.000000
3488.000000
3452.000000
3504.000000
3478.000000
3476.000000
3576.000000
3510.000000
3488.000000
3460.000000
3470.000000
3498.000000
3492.000000
3480.000000
3496.000000
3448.000000
3468.000000
3518.000000
3512.000000
3410.000000
3444.000000
3450.000000
3462.000000
3466.000000
3448.000000
3516.000000
3518.000000
3468.000000
3516.000000
3444.000000
3448.000000
3454.000000
3458.000000
3466.000000
3414.000000
3448.000000
3490.000000
3512.000000
3516.000000
3488.000000
3476.000000
3480.000000
3470.000000
3504.000000
3470.000000
3480.000000
3498.000000
3468.000000
3488.000000
3470.000000
3482.000000
3458.000000
3468.000000
3458.000000
3460.000000
3486.000000
3478.000000
3486.000000
3492.000000
3470.000000
3468.000000
3482.000000
3466.000000
3472.000000
3490.000000
3484.000000
3494.000000
3486.000000
3498.000000
3470.000000
3498.000000
3516.000000
3492.000000
3500.000000
3470.000000
3486.000000
3518.000000
3476.000000
3466.000000
3490.000000
3480.000000
3500.000000
3500.000000
3472.000000
3490.000000
3494.000000
3484.000000
3482.000000
3490.000000
3478.000000
3484.000000
3500.000000
3490.000000
3496.000000
3494.000000
3482.000000
3504.000000
3540.000000
3510.000000
3508.000000
3496.000000
3492.000000
3498.000000
3462.000000
3470.000000
3474.000000
3478.000000
3472.000000
3466.000000
3514.000000
3522.000000
3500.000000
3458.000000
3450.000000
3482.000000
3470.000000
3520.000000
3522.000000
3484.000000
3494.000000
3446.000000
3486.000000
3484.000000
3530.000000
3462.000000
3392.000000
3494.000000
3520.000000
3526.000000
3458.000000
3432.000000
3460.000000
3504.000000
3522.000000
3496.000000
3472.000000
3496.000000
3492.000000
3462.000000
3460.000000
3480.000000
3484.000000
3574.000000
3474.000000
3516.000000
3474.000000
3514.000000
3478.000000
3478.000000
3470.000000
3494.000000
3492.000000
3466.000000
3458.000000
3494.000000
3488.000000
3470.000000
3482.000000
3498.000000
3472.000000
3462.000000
3468.000000
3466.000000
3482.000000
3486.000000
3480.000000
3452.000000
3482.000000
3484.000000
3472.000000
3468.000000
3468.000000
3482.000000
3462.000000
3504.000000
3480.000000
3484.000000
3480.000000
3484.000000
3476.000000
3456.000000
3478.000000
3488.000000
3400.000000
3474.000000
3462.000000
3474.000000
3474.000000
3460.000000
3466.000000
3484.000000
3460.000000
3464.000000
3468.000000
3466.000000
3486.000000
3496.000000
3482.000000
3452.000000
3478.000000
3472.000000
3466.000000
3464.000000
3454.000000
3464.000000
3466.000000
3492.000000
3510.000000
3480.000000
3454.000000
3454.000000
3468.000000
3484.000000
3468.000000
3488.000000
3474.000000
3476.000000
3458.000000
3462.000000
3454.000000
3462.000000
3470.000000
3470.000000
3402.000000
3472.000000
3482.000000
3458.000000
3474.000000
3518.000000
3466.000000
3468.000000
3398.000000
3472.000000
3472.000000
3468.000000
3460.000000
3484.000000
3486.000000
3474.000000
3464.000000
3450.000000
3434.000000
3462.000000
3462.000000
3468.000000
3504.000000
3466.000000
3392.000000
3484.000000
3474.000000
3472.000000
3482.000000
3482.000000
3480.000000
3464.000000
3460.000000
3468.000000
3466.000000
3490.000000
3468.000000
3458.000000
3444.000000
3512.000000
3464.000000
3478.000000
3486.000000
3454.000000
3476.000000
3476.000000
3470.000000
3478.000000
3514.000000
3402.000000
3472.000000
3488.000000
3474.000000
3452.000000
3446.000000
3468.000000
3480.000000
3458.000000
3472.000000
3460.000000
3474.000000
3466.000000
3476.000000
3458.000000
3518.000000
3458.000000
3462.000000
3456.000000
3466.000000
3480.000000
3444.000000
3448.000000
3454.000000
3480.000000
3486.000000
3494.000000
3488.000000
3448.000000
3456.000000
3454.000000
3466.000000
3466.000000
3478.000000
3468.000000
3462.000000
3416.000000
3486.000000
3530.000000
3486.000000
3410.000000
3446.000000
3414.000000
3446.000000
3478.000000
3494.000000
3516.000000
3426.000000
3180.000000
3394.000000
3522.000000
3582.000000
3532.000000
3458.000000
3428.000000
3386.000000
3358.000000
3386.000000
3408.000000
3494.000000
3428.000000
3440.000000
3456.000000
3484.000000
3514.000000
3504.000000
3502.000000
3394.000000
3438.000000
3426.000000
3420.000000
3420.000000
3446.000000
3360.000000
3392.000000
3468.000000
3540.000000
3474.000000
3438.000000
3390.000000
3252.000000
3236.000000
3276.000000
3582.000000
3524.000000
3478.000000
3398.000000
3426.000000
3326.000000
3348.000000
3380.000000
3392.000000
3480.000000
3448.000000
3448.000000
3450.000000
3484.000000
3506.000000
3524.000000
3470.000000
3374.000000
3266.000000
3316.000000
3336.000000
3350.000000
3406.000000
3448.000000
3350.000000
3412.000000
3572.000000
3480.000000
3086.000000
3378.000000
3220.000000
3232.000000
3402.000000
3582.000000
3432.000000
3442.000000
3376.000000
3222.000000
3262.000000
3286.000000
3250.000000
3384.000000
3354.000000
3338.000000
3332.000000
3352.000000
3438.000000
3428.000000
3444.000000
3512.000000
3468.000000
3468.000000
3522.000000
3400.000000
3340.000000
3264.000000
3390.000000
3434.000000
3586.000000
3608.000000
3636.000000
3584.000000
3470.000000
3480.000000
3428.000000
3496.000000
3496.000000
3548.000000
3414.000000
3578.000000
3518.000000
3514.000000
3466.000000
3444.000000
3426.000000
3408.000000
3392.000000
3496.000000
3582.000000
3516.000000
3530.000000
3548.000000
3578.000000
3518.000000
3452.000000
3392.000000
3494.000000
3468.000000
3506.000000
3508.000000
3520.000000
3544.000000
3564.000000
3564.000000
3508.000000
3452.000000
3444.000000
3486.000000
3534.000000
3550.000000
3566.000000
3544.000000
3514.000000
3582.000000
3488.000000
3448.000000
3494.000000
3526.000000
3538.000000
3510.000000
3504.000000
3458.000000
3518.000000
3546.000000
3540.000000
3538.000000
3518.000000
3496.000000
3456.000000
3472.000000
3494.000000
3582.000000
3534.000000
3516.000000
3536.000000
3528.000000
3508.000000
3578.000000
3520.000000
3506.000000
3536.000000
3534.000000
3524.000000
3548.000000
3566.000000
3566.000000
3556.000000
3550.000000
3544.000000
3518.000000
3502.000000
3502.000000
3552.000000
3566.000000
3532.000000
3558.000000
3520.000000
3550.000000
3474.000000
3518.000000
3520.000000
3456.000000
3500.000000
3460.000000
3538.000000
3534.000000
3520.000000
3466.000000
3512.000000
3572.000000
3526.000000
3532.000000
3580.000000
3512.000000
3514.000000
3498.000000
3512.000000
3474.000000
3582.000000
3534.000000
3582.000000
3532.000000
3514.000000
3538.000000
3528.000000
3522.000000
3518.000000
3526.000000
3530.000000
3528.000000
3520.000000
3512.000000
3520.000000
3456.000000
3530.000000
3524.000000
3518.000000
3520.000000
3530.000000
3528.000000
3514.000000
3500.000000
3458.000000
3514.000000
3502.000000
3530.000000
3544.000000
3574.000000
3504.000000
3522.000000
3514.000000
3516.000000
3522.000000
3518.000000
3540.000000
3518.000000
3516.000000
3512.000000
3498.000000
3500.000000
3528.000000
3482.000000
3512.000000
3460.000000
3508.000000
3508.000000
3580.000000
3518.000000
3500.000000
3500.000000
3504.000000
3504.000000
3516.000000
3526.000000
3576.000000
3526.000000
3504.000000
3536.000000
3514.000000
3460.000000
3504.000000
3464.000000
3492.000000
3548.000000
3464.000000
3470.000000
3486.000000
3488.000000
3516.000000
3544.000000
3500.000000
3486.000000
3532.000000
3570.000000
3488.000000
3466.000000
3458.000000
3456.000000
3494.000000
3478.000000
3500.000000
3456.000000
3538.000000
3570.000000
3580.000000
3484.000000
3516.000000
3558.000000
3520.000000
3524.000000
3506.000000
3510.000000
3472.000000
3480.000000
3504.000000
3518.000000
3530.000000
3554.000000
3422.000000
3408.000000
3480.000000
3486.000000
3520.000000
3556.000000
3508.000000
3476.000000
3400.000000
3432.000000
3430.000000
3392.000000
3478.000000
3660.000000
3732.000000
3718.000000
3726.000000
3656.000000
3640.000000
3556.000000
3510.000000
3500.000000
3572.000000
3644.000000
3674.000000
3660.000000
3616.000000
3604.000000
3556.000000
3552.000000
3546.000000
3568.000000
3530.000000
3600.000000
3636.000000
3574.000000
3554.000000
3560.000000
3578.000000
3542.000000
3562.000000
3560.000000
3586.000000
3592.000000
3574.000000
3558.000000
3566.000000
3524.000000
3556.000000
3566.000000
3596.000000
3568.000000
3554.000000
3560.000000
3554.000000
3576.000000
3552.000000
3520.000000
3568.000000
3538.000000
3438.000000
3640.000000
3562.000000
3546.000000
3526.000000
3582.000000
3606.000000
3598.000000
3572.000000
3568.000000
3348.000000
3294.000000
3252.000000
3364.000000
3572.000000
3622.000000
3830.000000
3812.000000
3554.000000
3476.000000
3296.000000
3218.000000
3208.000000
3300.000000
3366.000000
3520.000000
3614.000000
3486.000000
3426.000000
3388.000000
3412.000000
3396.000000
3412.000000
3454.000000
3480.000000
3392.000000
3504.000000
3490.000000
3438.000000
3444.000000
3440.000000
3462.000000
3402.000000
3522.000000
3470.000000
3546.000000
3528.000000
3538.000000
3490.000000
3496.000000
3546.000000
3574.000000
3532.000000
3450.000000
3532.000000
3488.000000
3494.000000
3478.000000
3524.000000
3458.000000
3496.000000
3500.000000
3510.000000
3498.000000
3528.000000
3524.000000
3480.000000
3514.000000
3496.000000
3480.000000
3488.000000
3500.000000
3532.000000
3530.000000
3486.000000
3492.000000
3490.000000
3424.000000
3462.000000
3524.000000
3542.000000
3490.000000
3456.000000
3554.000000
3516.000000
3462.000000
3456.000000
3514.000000
3544.000000
3534.000000
3462.000000
3406.000000
3486.000000
3510.000000
3520.000000
3526.000000
3510.000000
3544.000000
3500.000000
3506.000000
3496.000000
3474.000000
3472.000000
3494.000000
3482.000000
3554.000000
3504.000000
3526.000000
3494.000000
3500.000000
3478.000000
3506.000000
3514.000000
3510.000000
3500.000000
3504.000000
3504.000000
3510.000000
3498.000000
3506.000000
3486.000000
3510.000000
3484.000000
3510.000000
3488.000000
3472.000000
3488.000000
3514.000000
3518.000000
3492.000000
3492.000000
3508.000000
3524.000000
3476.000000
3500.000000
3504.000000
3456.000000
3520.000000
