600.209106
548.393982
632.975403
500.502106
486.890350
509.737366
468.610443
462.053406
455.697113
451.002960
142.128036
548.426270
519.730774
517.106018
487.075348
476.790131
468.705261
462.126343
455.754242
472.220947
599.439819
547.986633
519.297424
500.181915
498.922821
476.240417
468.237915
472.597839
455.379974
450.639221
599.625549
548.195618
519.592163
557.403320
486.843597
476.455444
468.483368
461.849670
455.520264
450.770782
599.625549
612.639404
519.152893
500.069489
486.409271
476.128571
468.145660
488.374847
455.250458
450.490723
599.558105
548.059387
519.449341
500.411835
486.805908
490.419861
468.388458
461.863251
455.447845
450.739716
599.625549
1007.602722
519.171509
500.047974
486.571777
476.104156
468.145660
461.569031
455.277893
461.053894
599.625549
548.116333
519.483521
500.457336
486.861267
481.322205
468.478119
461.958008
469.655090
450.744476
599.625549
548.065491
519.404846
525.912170
486.703827
476.439575
468.520721
461.940460
455.588104
450.956665
600.111633
548.530884
630.366333
500.958038
490.049042
477.626617
469.003906
486.069183
455.768402
451.010895
599.625549
548.274353
519.703125
500.743652
487.134583
476.834961
480.204468
462.197540
455.869507
454.833984
600.318237
654.732788
520.166199
500.972412
487.278137
476.794189
468.544312
461.874786
455.421570
450.696533
599.625549
548.100281
519.575623
544.002930
486.839874
497.599792
468.428467
461.895691
455.465302
450.856079
600.044128
548.394653
519.805481
500.665802
487.004852
476.344849
468.232727
475.263702
455.148346
466.905426
646.819519
547.973694
519.291443
500.308990
486.663635
476.385132
468.298859
461.758514
455.375458
450.652740
599.625549
547.831238
519.235413
535.585205
527.740784
476.202606
468.116974
462.693878
455.346893
450.609650
599.558105
548.230042
519.514832
500.547211
486.861298
476.523895
468.478180
483.250732
439.333252
450.939270
600.457886
681.951965
519.878479
500.874207
487.211426
476.826660
468.845459
462.232025
455.831665
451.050873
600.044128
726.432556
519.586731
500.564117
486.979706
507.282135
468.734924
462.123871
457.542206
451.096161
600.390381
548.777649
520.253540
501.174927
487.498627
506.870026
469.159821
462.480927
456.117462
428.104431
599.971863
548.419861
579.249756
500.705383
487.130798
476.810059
468.761047
462.169006
455.836182
471.206787
600.390381
548.682739
519.988953
500.986877
487.299591
476.912842
498.987793
462.186615
455.617889
450.862488
599.372375
548.027283
519.434631
545.875977
486.780731
476.425964
468.388458
461.772736
455.487122
450.798676
163.942993
548.356567
519.776245
512.285278
487.001068
476.634247
468.605225
486.830811
455.715515
450.872864
599.490601
548.125366
519.308899
500.182190
486.566681
476.177429
468.293640
488.519958
455.415833
450.670227
599.423035
785.670166
519.584900
500.538940
486.938110
476.585571
468.559967
461.972229
455.685669
450.970245
599.976624
2943.635742
519.487427
500.353394
516.518127
508.079193
468.362366
461.888367
455.651062
450.883972
599.651062
548.505249
519.905396
500.882629
487.215179
476.887665
468.911621
462.298950
470.504028
472.595581
599.790771
558.846313
519.778076
500.600098
486.928040
476.561432
468.607849
462.039154
455.662811
451.030853
599.444702
548.511536
603.236206
550.224487
487.177490
503.029938
468.761047
462.186615
455.825623
450.973450
599.191650
548.112610
519.377197
500.315063
486.666199
476.400177
468.391083
488.573181
455.418121
462.988678
599.191650
548.296265
524.412598
500.634766
486.970856
476.629425
468.506927
461.863922
455.550018
450.668579
598.706055
1209.730225
519.262268
499.979919
486.308594
476.029572
482.592407
461.481903
455.205536
450.527435
598.706055
547.970093
519.395874
500.343842
486.712769
508.866455
468.327545
461.747589
455.413086
450.645508
384.908661
547.688293
519.114746
499.972687
486.316162
475.977814
468.082153
461.495819
455.110199
472.140808
598.984497
548.055481
519.594666
500.388092
516.799072
476.490631
468.414612
467.557404
455.548859
450.662231
598.638611
547.966797
519.456604
548.658447
486.746704
476.515594
468.488586
461.961945
455.724518
451.085205
599.470032
1738.214355
520.076599
501.091248
482.782898
477.210663
469.159790
473.217377
455.970459
451.185730
668.585999
548.410034
519.977417
500.897186
487.336151
461.702148
468.950806
462.425354
419.122040
451.412292
599.630371
3004.636719
520.277283
501.157135
525.556824
476.948090
468.665314
461.972015
455.561371
450.885620
598.984497
548.169312
503.751068
500.628845
486.960815
463.424622
468.573059
461.941010
460.862976
450.959839
598.871338
577.958984
519.829407
500.784546
487.066620
476.545074
452.522552
461.656860
455.212280
410.239655
598.385925
547.846497
595.537170
500.374969
486.695068
509.257751
468.391083
461.867218
455.622406
450.983002
599.217041
548.571533
520.014771
550.930969
487.442047
477.034271
468.849854
462.164856
455.798065
446.167114
598.871338
548.362427
533.032166
500.905640
487.163605
476.859222
468.884674
489.117676
456.028931
451.297424
599.217041
548.666504
520.208984
541.347290
487.298340
476.682892
475.014740
461.895508
455.530670
450.891968
598.571106
842.757935
519.585999
500.627808
486.960815
476.651123
468.573059
464.014404
455.732483
451.106812
674.771301
548.555664
520.030334
500.866089
487.151093
510.364685
468.417236
461.738068
455.356049
450.729248
598.385925
2207.916748
519.526733
500.382141
493.954224
476.400452
468.297974
461.827240
455.518555
472.925476
599.056641
548.289673
519.815674
500.515167
486.624542
488.945099
467.989014
461.384949
460.826508
450.442902
598.385925
547.868591
519.430237
552.886719
486.708954
476.287384
468.266632
461.630371
455.438171
431.360077
598.871338
548.292847
567.107361
500.519867
486.661072
476.123688
468.052582
488.587097
455.137512
450.479675
598.385925
547.963501
519.546814
500.372559
486.695038
476.339233
495.742340
461.771820
455.410767
451.904480
598.871338
886.815247
519.487793
500.201508
486.458435
476.033569
468.078644
461.480957
455.169525
450.597015
136.973862
548.004578
519.475342
528.824341
486.775635
511.300446
468.445953
461.913300
455.588867
450.800232
598.525696
547.820984
519.197388
500.082947
486.484833
476.155975
468.144775
487.373688
455.315491
472.385986
598.318481
548.093323
519.606079
500.470917
486.856262
476.418427
468.448578
461.775818
455.374939
450.529083
598.385925
1849.603638
519.231506
556.429565
494.545074
476.200806
468.179596
461.530365
455.313232
450.603302
598.458130
548.115479
519.523315
500.512665
486.889038
476.526642
468.477234
488.566986
470.379883
450.540222
598.621155
557.999451
519.237732
500.192932
486.580444
476.180328
468.237030
461.750702
455.415375
450.691772
598.871338
1096.470825
602.345703
500.573792
486.938263
504.585358
468.500885
461.844788
455.547150
450.731781
598.458130
547.811523
519.323120
500.224091
486.716583
510.659973
468.443359
461.836090
455.742554
456.746674
598.803833
548.324463
529.851135
500.759491
487.113251
476.888947
468.752350
462.112793
455.752106
465.333466
598.803833
547.995117
520.413330
517.579407
486.720245
476.404480
496.511658
461.806976
455.508453
450.790802
598.803833
548.308594
519.750366
557.651001
486.965881
476.608521
470.018585
461.953796
455.609406
450.837097
172.779083
547.950745
519.338440
509.894257
486.598145
476.237030
468.221436
480.672974
455.337341
450.688599
611.302979
548.188293
519.619812
500.565582
500.956787
476.563446
468.538208
476.930603
455.578552
450.871338
598.803833
1559.446655
519.397705
500.141510
488.474762
476.119965
468.139557
461.564789
455.338379
450.510742
598.871338
1115.679321
519.619812
500.505524
487.551331
502.531616
468.443359
461.905090
456.961884
450.797180
598.803833
548.052124
519.372559
500.200165
486.572968
466.112152
468.316315
461.793365
479.911957
457.616211
599.149475
548.429016
525.830688
500.797882
487.176239
476.846375
468.873474
462.315735
455.927734
451.235291
599.217041
548.362427
625.866882
550.560425
487.133392
487.950562
471.594971
462.399780
456.040558
451.054718
598.458130
546.862366
516.941772
497.430450
483.275208
472.683868
446.514801
471.226501
449.904419
465.739532
622.194641
538.592224
509.864288
489.825684
475.612671
464.750244
456.069458
449.031342
442.213165
436.923431
579.602661
1762.804688
501.827240
512.948547
471.807098
457.558136
464.223816
442.230011
435.817535
431.035614
572.153809
524.766846
497.395691
479.280945
466.618652
477.005188
450.644775
422.660797
445.214050
436.809204
250.153351
533.543152
506.694794
489.578949
476.768158
467.761261
460.692383
455.000549
449.493134
445.269104
590.862732
542.381592
522.713806
496.438263
520.557007
473.583618
466.176331
463.005737
454.549286
450.332520
598.803833
548.343628
519.643433
551.889404
486.512817
475.649597
469.370636
459.507568
452.243927
446.672363
591.693604
702.703125
510.713928
490.801971
476.608948
465.706879
457.125366
461.218353
443.094269
437.800842
640.329041
529.380981
501.140350
482.107941
468.274872
437.718536
449.258453
442.562164
402.252106
431.408691
570.838867
2878.605713
495.276794
476.525543
497.301910
453.157562
445.465454
439.176666
433.436401
432.269623
569.455750
522.523926
483.790009
477.840698
465.095642
443.267029
448.749512
443.270660
450.368622
434.758759
576.997314
543.692749
503.101196
485.637177
473.730408
464.879730
437.864166
452.902283
447.754333
405.742126
589.061829
540.913147
590.854614
495.938995
483.390961
502.987000
466.177765
460.130646
453.979584
449.568970
444.276611
547.368774
518.325806
468.131775
484.614807
473.587036
445.897369
457.467316
450.459778
454.086731
587.819031
537.097595
517.385864
488.144562
473.906311
463.126221
454.712555
419.329041
441.057129
436.174774
108.481422
527.536682
499.661133
501.740021
467.302368
457.012329
478.498840
442.242767
435.665375
431.002472
570.008484
1798.003296
494.580933
476.523712
467.391602
453.891876
446.542328
440.534180
434.964569
431.157776
260.614807
524.338379
497.610535
480.181671
468.038879
478.121643
452.151947
446.663239
442.085693
437.586700
579.256836
532.121460
505.324188
488.039856
517.452942
467.201630
460.358948
454.774017
449.302795
447.597015
590.656860
543.491272
526.077698
498.830963
485.381104
475.152985
467.581055
461.236298
478.848969
450.295898
599.081909
547.840149
517.480774
544.158264
481.099152
469.808868
466.611847
455.036682
448.508972
443.395660
583.755676
534.135132
613.509460
486.268951
472.442230
461.697266
453.204102
451.580292
439.692413
435.000305
622.544617
527.651001
499.824158
481.044739
467.535706
457.216644
476.765533
442.178558
435.766296
431.670685
570.913452
1925.706421
496.220581
477.966675
470.349792
455.502319
448.282501
442.636383
437.327606
433.539368
138.119949
527.906250
500.982025
504.934570
470.738068
479.715820
454.610443
448.981384
446.636932
440.156036
583.205139
535.374146
508.509766
490.915741
474.197571
469.155304
462.110535
482.120148
450.840637
432.648560
596.852783
542.349548
554.980286
495.680267
482.515717
472.644165
464.772888
458.298004
451.953979
447.150146
591.905823
1847.216187
513.002502
533.004028
483.479370
469.279724
466.585999
453.836548
446.869507
441.323517
583.624268
533.899475
505.007233
485.704987
471.884674
459.629913
453.012451
446.946228
459.100433
434.313904
638.500854
526.413147
498.246704
479.432739
465.917786
455.644165
447.614563
440.866302
434.615570
430.100342
569.977722
2104.276855
589.223267
477.780090
472.754883
470.325104
448.994965
443.558960
438.449158
434.995392
576.904175
529.674377
502.719971
485.037994
472.669495
476.833374
438.947388
451.501099
450.257813
462.715759
586.157593
538.307251
511.469208
493.272583
480.773468
471.117371
463.797272
457.694977
451.800232
436.572998
593.567139
543.943420
533.063965
526.286743
481.598694
471.052032
476.494019
456.223633
449.551178
444.645599
587.958313
538.086365
509.504608
535.237854
476.280579
465.574860
463.563812
427.575317
443.042603
437.784698
291.889160
530.100220
501.375641
482.112244
468.312561
457.768494
449.667938
446.431946
436.403137
431.495941
613.291443
523.797546
495.992767
477.690826
485.970306
455.214478
447.810852
451.742737
436.585632
432.921997
574.551514
2527.832520
500.307709
482.782349
489.403473
461.376831
454.481018
448.960968
443.736206
440.155579
583.458984
699.886963
508.142456
490.025360
477.321228
484.838776
460.827515
455.039185
453.792145
445.678436
591.882690
542.694031
514.889771
496.323486
483.087921
504.759247
465.409943
459.074463
453.873291
440.694122
593.544617
542.648804
525.655212
493.782501
479.885437
469.346863
460.926453
453.809021
446.715240
411.451904
583.697754
533.749573
595.671936
526.267822
471.726807
460.950043
455.979431
445.569580
438.983368
434.103180
575.663025
526.955750
498.950592
479.884979
466.259949
455.984833
457.812897
446.374146
435.611115
438.196899
627.828613
524.302246
496.866455
478.769318
466.129517
456.867950
450.027802
444.725861
439.653900
435.943237
121.067322
1692.459961
504.026672
536.498413
477.859741
464.985596
458.145447
452.653839
447.193878
443.331207
587.892029
539.240540
511.725372
493.589417
480.792664
489.215485
463.628876
460.633636
455.503937
447.529724
689.976440
543.572021
514.401611
494.896637
480.773499
470.065826
461.641907
454.703033
448.102509
442.679901
586.715759
2955.250488
513.098511
487.486938
510.243500
462.219391
453.676392
446.623505
440.062775
434.859680
576.567993
527.289795
498.876282
511.214050
466.218536
455.844971
450.990967
441.184906
449.915039
430.350677
571.818420
526.882446
496.240082
478.180908
465.307678
455.752991
448.604523
454.727417
437.487549
433.681549
602.878845
528.205505
602.761169
484.005463
471.859650
473.876862
456.103485
450.756866
445.754761
442.311737
586.370178
1545.714111
511.018951
493.001068
483.014160
470.480225
462.998993
457.043243
451.583405
406.691742
593.294189
544.105591
582.615295
496.894348
483.638702
479.469269
465.798981
459.363220
464.303467
447.960571
594.793884
543.017273
512.977356
491.364410
478.025635
466.785583
425.374420
450.822510
443.707458
412.325592
580.900024
530.885498
590.894470
482.452179
468.480865
457.825317
449.403442
442.407440
435.615112
430.703339
202.404938
523.610840
495.734589
487.862030
464.435944
454.630035
452.556122
441.212463
435.656830
437.491455
574.561401
526.834778
499.708191
481.849823
463.512726
460.018250
453.134796
415.414581
442.548004
438.844269
122.318565
535.454529
508.218750
533.395935
478.009552
468.807373
461.830414
456.038086
450.645752
446.629089
592.463623
1605.877197
514.285400
495.409943
476.778931
471.873749
463.828796
462.158966
450.487000
445.780273
670.190613
540.890015
511.748016
492.368042
478.166443
449.201691
458.134766
450.569763
443.839996
437.643860
580.170044
2917.562744
502.110779
482.693054
500.183350
458.227814
450.019073
443.082031
436.483185
447.811340
573.246033
524.440247
496.522034
477.197388
463.661011
444.057251
445.585754
439.290253
453.350159
428.937103
569.887329
522.418457
495.297333
530.328308
464.930145
455.531036
448.677185
442.798004
437.366425
407.419830
576.363708
528.937134
552.995422
484.437164
472.264862
463.175079
456.554047
476.928345
446.480652
443.057526
591.354126
540.647278
512.590027
508.994965
480.810913
471.056854
487.477448
457.642609
451.995056
447.885437
595.557434
1103.598022
517.711914
499.313629
486.805908
476.335083
468.356415
440.643341
454.696960
449.406128
442.707794
544.987732
514.770874
494.729279
480.481659
503.567719
460.753235
453.355804
446.192902
440.563446
583.491821
2928.905518
503.637695
484.064667
510.317047
459.164642
450.745239
443.943604
437.467682
450.072418
574.011841
525.120667
497.178864
478.028107
464.498779
454.311005
446.446503
440.084351
433.236298
429.480957
569.887329
565.006470
495.409424
533.618225
465.267639
456.029633
449.351837
443.778015
438.662567
434.936401
577.818359
530.050964
576.503784
485.206451
472.702576
496.320587
456.278381
477.060425
445.527802
441.993134
587.085510
538.346375
510.916687
492.865784
480.253174
470.636078
463.366882
457.144104
451.366211
465.082550
592.536438
1043.896973
515.750610
496.647034
483.674683
473.302917
465.064087
458.252502
451.468079
446.383759
591.705872
540.879761
511.453644
527.832336
477.594788
501.180908
468.457703
450.210968
443.159637
437.594574
578.854736
529.219910
500.618134
481.500549
467.680939
457.211914
448.994659
442.271027
435.736816
451.178436
179.210571
522.214294
494.321472
480.318329
462.717590
453.149078
445.853882
440.027649
434.523834
430.840332
572.723450
525.276184
498.542419
529.268250
472.885162
459.558441
452.407043
467.641266
441.668823
438.112885
581.280396
533.388733
506.096222
488.290894
475.907288
466.796844
460.063873
481.035736
448.993500
445.076874
589.699463
1397.111450
511.674377
493.385010
482.718719
470.707367
463.386108
457.276245
451.520569
447.385651
594.821045
810.511658
514.671204
494.760345
480.511902
471.298950
461.380981
454.440582
463.532043
442.810120
585.432068
534.994324
505.676605
486.009155
471.963867
489.915894
452.897217
445.980896
439.536377
404.383179
575.979492
526.767883
600.450989
479.073395
465.417938
455.303986
447.185120
440.557922
434.439911
446.501404
571.063049
523.532227
496.209381
478.414429
465.901642
456.549500
476.260071
443.778778
438.554626
435.943817
577.613708
530.012451
502.981110
514.829773
472.870117
463.800293
457.049194
451.688599
446.374176
442.654449
138.608612
538.603699
510.640137
518.811401
479.343201
469.735260
462.431061
474.334351
450.708160
446.562103
593.021667
543.877563
515.230286
496.141602
482.306488
471.568329
463.206512
465.647278
432.565613
444.992157
652.663818
630.736938
511.106598
490.970947
476.225769
464.829834
455.778809
448.320190
441.241302
435.888062
578.098572
2853.023438
587.733521
479.867188
496.462616
468.317230
446.935455
440.156921
433.760010
428.950623
569.653687
521.563110
494.245087
476.080109
463.257996
453.737061
445.555603
440.887329
452.755951
440.258972
574.254517
533.090332
499.870697
482.429779
470.410858
461.569550
454.911896
449.440002
444.134888
440.326172
146.490021
535.779053
598.347412
501.133667
477.324036
488.137756
460.558075
454.794983
449.339325
445.466125
591.639038
542.731506
514.726196
496.286865
506.792816
473.873199
448.239685
464.859009
454.146240
470.847595
598.700500
547.432556
517.726807
497.632385
483.190186
472.031525
463.402679
456.005280
454.370728
444.285370
589.632813
551.125793
508.531158
543.451233
473.898071
462.712921
454.738373
447.211426
440.843140
435.822205
577.229431
528.078613
611.744934
480.788300
467.062408
458.093567
448.426941
439.522369
435.320587
430.464264
661.687683
521.986084
494.329712
475.937897
463.069824
453.567932
468.024689
440.590210
435.179535
432.194366
573.143677
525.544800
498.717163
481.030792
434.872070
459.332520
452.284149
423.383392
441.779053
438.296143
147.176041
533.871765
506.606018
505.617615
476.663330
467.938782
461.716522
456.443146
441.918610
447.577545
596.899658
2523.721436
518.346252
499.089478
481.823120
475.175751
467.081085
487.733582
453.671783
448.425995
596.764526
544.829712
514.543152
494.240143
479.756439
430.768372
459.534302
452.059906
417.279297
439.632721
583.845154
1919.533691
503.453003
483.701050
477.329315
458.498260
449.954529
442.982239
436.386536
412.776276
572.249023
523.555725
541.662109
476.451202
462.858093
445.901917
444.643768
438.235260
454.176666
428.072235
569.132385
521.353271
494.234009
491.794403
463.603119
454.377441
406.949158
442.154999
437.026642
402.567047
576.577454
528.518677
613.761780
483.802887
471.624359
464.494812
456.108582
450.931061
445.880829
442.272339
355.886841
537.396118
509.643707
491.538330
478.688843
469.129852
450.933990
455.731934
450.045685
463.013855
592.747803
544.218872
516.400269
497.368103
525.965393
473.458893
465.226532
458.390381
451.703461
446.557739
130.877655
541.618408
511.973145
519.416260
477.745819
466.616730
457.890472
450.229126
466.873505
437.424255
580.943420
530.697144
501.430847
481.978485
477.426849
456.933441
448.620392
453.066406
434.821808
429.896118
570.588989
521.837769
578.295288
474.909668
461.480774
451.297852
443.507202
437.161621
415.395599
426.890625
567.126709
609.507263
492.547638
474.700012
462.343964
453.291473
475.432648
441.184723
436.027832
432.527161
575.159119
527.685669
589.714111
483.133545
470.812317
474.248871
454.685150
449.313293
444.122131
440.544708
374.777740
535.795776
508.332367
490.439423
477.975952
468.638245
445.441101
455.745819
449.986389
467.485321
591.389526
541.852234
513.867004
495.714813
524.612183
473.155151
465.518555
459.021118
452.489807
447.777039
595.311401
544.462463
514.860718
539.744690
480.470093
468.980804
467.531921
452.492615
469.117249
439.739563
582.949036
532.510315
502.817017
482.939331
468.623566
457.821808
449.420197
442.494781
435.870667
430.952850
485.597992
522.891174
575.064270
475.536957
461.823547
451.687286
443.628204
437.358765
431.315308
426.949341
567.408081
519.606445
492.330017
474.326324
501.939148
452.362854
471.721741
439.827484
434.701569
431.232269
573.844421
526.390259
499.714844
482.425995
470.314575
461.427643
454.775360
449.421844
441.435577
440.502502
448.898712
588.531616
508.861084
490.921967
478.271027
468.770508
461.479004
455.526886
449.810944
445.418640
591.389526
541.521667
513.104797
494.441925
518.575989
499.666840
462.626129
455.728851
451.475525
444.107635
589.384094
538.240967
508.928986
488.958313
474.361755
462.819641
453.486511
445.884094
458.921265
413.274261
574.981567
525.505127
547.999146
477.396973
463.486176
452.854950
444.852264
438.244781
432.001801
427.291077
567.372314
519.093262
549.669983
473.172943
460.377991
450.908356
468.963135
437.735901
432.266205
429.413849
569.488708
522.138916
495.265961
477.907440
465.870789
456.843903
472.713043
444.928375
439.882202
436.367004
132.656967
531.843567
504.722931
514.614502
474.585571
465.311981
458.192902
452.705902
447.473236
443.829224
496.132019
541.073242
513.315979
494.914001
482.113708
472.388153
464.552551
484.131195
452.224670
448.059479
598.564941
547.930481
518.480286
499.284088
512.476501
475.310638
467.171967
460.464081
454.100006
449.531891
601.055786
1307.277100
520.425293
500.452454
488.490814
475.633118
467.389313
460.488983
473.192413
449.414978
601.885986
550.171692
520.435852
500.897003
486.854248
473.623199
468.485565
462.058319
474.371399
451.351715
602.716309
550.884277
584.245605
501.817596
487.730774
477.121918
469.190826
462.539154
456.347107
451.703583
602.511963
550.680176
622.797424
501.772614
487.999115
491.661072
494.256653
462.753235
456.139374
451.245789
600.710754
548.934509
519.489807
499.918854
486.005157
475.378784
448.844635
459.749390
452.882141
468.283783
488.820740
543.911255
510.685883
487.553406
479.301453
471.009430
463.630310
457.851593
452.166870
448.510864
600.968689
551.211609
523.363647
540.962524
525.483826
481.573059
486.374756
466.057770
459.134430
453.573242
602.348633
550.598083
520.582275
500.572601
486.439972
476.114471
468.191956
438.545013
476.723724
450.359741
282.962036
549.512085
520.462646
501.599640
487.967865
477.856476
469.744995
463.034698
456.667786
422.473877
602.371399
550.615112
609.486816
501.758087
506.595856
477.316345
469.120270
474.769531
456.184875
451.402252
601.055786
549.669556
520.737244
501.497986
487.789825
477.487518
496.364075
463.152649
439.283630
452.250793
601.700317
702.188110
520.929443
501.617065
487.879456
477.361023
469.420319
462.900177
456.660706
452.040344
442.253082
550.049744
521.038269
501.837646
488.059814
508.486481
469.613953
462.814331
458.174835
451.651154
600.525452
549.434387
520.583618
501.326508
522.438293
477.287476
469.301697
462.759979
456.441833
453.329987
600.870300
549.796265
513.982483
501.514954
487.615845
464.089417
468.966156
462.361084
469.975067
451.420898
600.525452
561.590271
520.461975
501.107025
487.387390
476.984192
443.415009
462.383179
456.059601
415.445801
600.710754
549.365051
604.523743
500.688416
486.800995
501.989258
468.442108
461.926697
455.653748
451.086029
437.199707
549.127197
520.145508
474.346527
487.203217
476.874390
449.961243
462.396729
456.098785
463.740021
600.525452
549.212769
524.550903
500.893402
487.126343
476.821503
468.873566
434.075287
456.034821
451.479797
112.597382
549.586792
520.682922
524.434082
487.879211
477.499359
491.044250
462.454437
455.993164
451.268982
600.040283
583.793518
520.310669
501.133301
453.696350
477.005798
469.000732
438.594116
456.144196
451.520538
158.708221
549.475708
520.459045
509.543671
487.093567
476.649811
468.639099
462.049042
477.544922
451.131531
600.040283
549.066589
520.191345
500.948669
511.033875
476.898712
468.844788
467.864990
455.833801
451.016418
599.695374
548.616089
586.742676
500.598541
486.991425
476.740051
468.754944
462.186920
455.374939
451.291168
600.180542
573.256226
520.513367
501.223206
487.514709
477.004883
494.405334
462.310883
456.064972
451.412659
600.180542
549.247070
627.085266
501.285492
487.637054
483.391144
469.355499
462.851471
456.627228
451.841797
513.867737
549.262878
520.266602
500.988190
487.412598
477.052338
480.710846
462.592010
456.235107
455.272278
600.525452
549.253235
520.537231
501.294006
516.801147
477.195068
468.964081
462.247223
455.923309
451.152161
168.107071
548.853760
520.124695
506.698608
487.247375
476.889160
468.961456
462.409119
473.718475
451.449371
600.157471
549.031494
520.003235
500.673981
490.721924
476.553314
468.498810
483.945587
455.719727
451.141052
599.695374
548.711121
563.052612
500.755615
487.125000
476.773895
468.768005
462.176056
455.774597
450.908539
599.350586
1276.747314
519.651917
518.919922
488.642212
476.504059
494.955078
461.947815
455.673553
450.991760
599.695374
548.669983
519.858643
500.791412
487.087219
495.626831
468.350586
452.769196
458.473389
450.722504
693.476624
548.333984
519.636047
500.552856
486.921997
476.655151
468.678223
462.084564
455.880341
451.249664
599.972290
2546.620850
576.078552
500.515778
498.358246
476.533386
468.657288
462.197784
455.926544
451.316132
599.695374
548.866455
520.177856
501.121277
487.508362
487.700104
476.137421
462.380615
462.277069
459.272308
599.282654
548.577759
519.886963
500.861115
487.220978
476.852386
468.900482
462.342072
456.025574
448.256531
127.102333
548.828308
530.930481
550.444824
486.980133
476.544189
468.558990
462.001434
455.782898
451.181824
599.627441
548.666626
520.059753
546.920898
487.246094
476.872772
472.314545
475.353027
455.913544
451.184235
653.683960
548.340088
519.418579
500.246094
486.604462
476.299072
468.310577
473.002991
455.539917
450.903839
633.880127
2981.245117
519.875793
500.693207
519.991577
476.847778
468.865601
462.309296
455.913544
451.082062
599.282654
1666.197144
519.717590
500.718384
489.707581
476.954010
469.003265
462.418457
471.110229
451.536530
599.767883
559.539856
520.327087
501.278412
487.600464
490.728973
468.934479
462.249634
464.822144
451.302460
599.627441
548.599915
615.393738
500.844269
487.194397
488.752808
468.870880
462.291687
455.991638
460.003876
599.767883
548.736450
522.590149
500.774719
486.869049
476.380493
468.375885
461.743713
455.473083
471.951874
599.282654
548.226074
519.563232
555.613770
486.802216
476.437439
469.413086
461.967865
455.671814
451.041321
599.627441
548.530396
519.738892
553.266113
486.574097
476.126862
471.339172
482.281494
455.428162
450.821564
604.399170
548.216553
519.611328
500.551666
486.928284
476.659393
468.746246
462.217804
456.018036
451.342499
280.396912
1203.571899
519.914978
500.776672
487.167145
476.593109
468.659149
462.165741
455.990631
451.362518
599.699890
548.694946
520.008606
500.925964
507.953857
511.282257
469.026917
473.282318
456.304688
451.365723
599.029968
548.260559
519.548035
500.485962
486.914459
476.597412
468.656525
462.116272
429.278625
469.976807
599.282654
909.170044
519.888916
500.633270
487.034363
476.695435
468.703583
461.894684
455.460022
450.615540
598.408508
547.864563
519.292969
558.320984
486.662292
492.916656
468.455231
461.922455
462.667358
451.024506
599.214722
548.406555
519.784241
500.676483
487.074615
476.730804
468.546753
478.788849
455.520844
450.914368
599.054810
548.124146
589.444519
500.588074
486.996613
476.685730
468.814026
462.203583
455.944641
451.357880
599.540161
970.903870
519.781494
500.614868
486.798584
476.407410
499.150177
461.828064
455.546265
450.997681
598.870056
548.165283
519.541748
500.478760
486.880493
511.863770
468.546753
462.087494
455.855560
451.145172
155.361465
548.380920
519.474854
514.050354
486.564026
476.247559
468.301025
461.725861
455.556763
472.062592
598.685303
548.165405
519.726868
500.442749
486.833801
476.513092
468.544128
419.747925
455.737122
451.094025
123.021507
547.914795
519.159241
543.885132
486.398804
476.049042
476.344543
461.591797
455.317322
450.627502
598.870056
698.403259
519.263000
500.254425
468.529053
476.223267
468.232117
441.718781
455.316071
450.453430
422.453796
547.262268
518.566650
499.410706
485.437653
474.328369
465.316406
458.094421
405.124512
446.054291
591.426270
2947.074463
510.211090
490.324341
508.241119
464.670197
455.540222
451.298737
440.425659
434.805542
574.125366
525.699707
490.083679
478.425964
464.909332
434.097534
446.263824
439.519867
415.005951
428.399536
566.036804
692.754822
492.188843
474.406830
461.860657
452.430206
449.789520
440.044037
434.920502
384.442078
571.292908
525.112244
498.700836
481.391998
469.470276
480.485016
454.299744
449.260376
446.998993
441.191223
131.628418
536.429626
509.183594
513.778320
478.356079
468.813690
461.676086
456.038727
450.348633
447.559265
591.908691
542.374207
520.263733
494.967804
490.395264
470.620605
461.921631
466.884583
447.840424
442.902252
584.050537
534.382263
505.387024
534.636169
471.323700
460.158386
452.608856
444.311920
427.535187
432.945435
571.116699
576.543091
495.777130
477.226471
463.913269
453.687012
445.712402
457.742767
432.927399
428.425079
574.286987
519.844604
583.900574
474.825317
462.158630
463.832123
445.858398
440.507477
435.311279
431.819916
572.018127
1220.011475
499.014801
481.817291
470.212311
461.088531
461.212860
449.331940
444.236511
445.922363
582.876221
535.478333
509.036163
492.286194
481.005585
502.961334
464.790680
458.968475
454.447876
448.606262
162.614304
546.817200
517.070313
505.119690
481.571533
470.705811
462.345398
455.343201
448.418732
424.357147
584.329346
535.031189
551.410095
486.874176
501.128510
461.512482
452.791565
449.452423
438.861542
433.682617
572.951233
524.657166
496.757843
489.555634
464.507660
454.063263
474.775635
439.005615
419.608459
428.303497
566.627258
535.057129
492.793549
474.975555
462.539124
453.235687
446.112122
440.584595
435.139496
431.493958
200.944489
524.809143
609.446045
482.592773
468.434998
460.827057
452.328217
446.920319
441.914185
438.748779
580.732971
533.279907
506.433868
488.988678
487.691467
468.310028
485.313568
472.329651
450.035095
446.803680
591.908691
543.558594
515.594788
496.891846
483.633453
473.292175
464.854523
457.792999
450.985046
445.793457
220.204041
1826.046997
510.113647
490.640717
482.483490
465.517853
456.879730
449.664734
442.528748
436.984192
577.032043
527.858154
499.264801
480.273132
507.531464
450.526215
447.883636
441.015228
454.870514
429.663208
568.944641
521.166626
493.480316
474.871399
461.720886
451.964539
444.494476
438.622192
454.075439
428.878021
568.944641
521.956299
606.089233
477.629761
465.568176
458.642456
450.248993
444.931030
439.921204
436.318512
578.524048
531.241760
604.386536
486.630920
474.778778
466.121796
453.274292
454.550751
449.326569
463.002014
594.192688
544.962280
516.741150
497.699707
483.932770
473.452148
495.796661
458.125305
451.106750
445.887390
592.466370
540.976257
510.893250
548.262634
476.413422
465.343994
456.746643
448.452301
441.206421
435.678162
196.423203
528.260681
499.529449
480.205109
466.407928
455.770203
447.287048
456.296448
433.907593
428.819550
588.024658
520.490906
492.915741
474.455017
499.827942
451.580658
444.166016
438.217255
432.562775
428.587708
569.429016
2618.891357
495.507050
478.050507
491.516693
457.122986
450.629059
445.264069
462.894775
436.827667
579.287903
531.935181
505.029388
487.467804
475.149597
466.074738
459.591675
454.787689
445.968597
446.313507
593.640503
606.394165
596.574890
497.131348
483.397766
472.981384
464.708374
458.274963
451.742676
446.584045
594.057922
542.827087
584.277466
492.497650
477.701416
500.517517
483.182892
448.885803
441.642639
435.978485
578.420044
528.206177
499.002350
479.346771
465.204559
454.428894
446.096527
439.246796
432.901367
428.187286
462.797302
520.172791
506.518433
473.427612
460.404358
450.722534
443.264832
437.446655
431.981384
428.295593
568.535400
521.910278
495.537659
496.019714
498.970367
458.195557
478.762817
446.660248
441.647217
438.010559
579.977539
532.569397
505.937439
488.425751
476.150726
467.021881
460.397583
455.507477
473.326691
447.943146
169.623840
547.786133
519.347473
509.201508
486.271362
475.700592
467.238556
460.147308
453.533295
448.486511
596.061340
545.318054
573.725769
494.855652
486.712921
468.322357
459.209656
465.884857
443.997375
438.286072
582.194641
532.213562
503.103455
483.427521
469.197083
458.490112
471.242767
442.772644
435.960938
430.782928
571.098022
837.291931
494.270325
475.328033
461.519623
451.198242
443.394348
437.134491
431.304932
427.161499
489.508423
520.243896
493.097900
475.173218
462.546265
475.073853
446.010284
440.462463
397.230499
431.937439
574.759033
2897.283691
500.980286
483.542236
511.162598
462.439117
455.943115
451.012909
446.116791
442.521698
590.255737
542.295593
494.453461
496.607452
483.646637
459.838959
465.982635
459.573730
446.051392
447.592194
596.405945
601.237183
513.775330
492.906250
478.036316
466.527771
448.207642
449.567688
441.913910
395.950989
578.839111
527.818237
572.535706
478.242126
464.302826
485.233215
445.326965
438.502228
431.811890
426.910034
567.016724
519.190491
491.538635
444.009338
460.688599
451.132202
425.790283
438.171082
432.856750
431.664063
570.753296
523.936584
509.421082
479.614105
467.283417
458.411194
451.705566
427.163330
441.309753
437.823273
104.000671
533.775452
506.416138
505.073090
475.742279
466.390686
487.801605
454.004333
448.750732
444.998657
592.399170
2913.161621
515.345886
496.515015
504.157288
472.459503
463.918915
456.901978
450.198212
445.078705
172.636246
541.937500
512.065308
496.020355
477.574036
469.304840
457.215515
449.446564
452.832428
435.983429
579.017517
528.878601
499.842072
480.492859
499.268768
455.970337
447.713654
442.771027
434.248871
416.053558
569.859802
521.787842
521.718323
475.586243
462.772827
452.753265
445.147644
439.375336
447.319580
430.638885
573.380676
528.478699
499.455231
515.397034
469.553436
460.609985
464.700684
448.868866
443.748627
440.154388
584.960876
536.638367
622.194336
491.248657
478.652588
469.836273
461.827393
452.498932
450.074127
446.177765
681.049133
545.262268
516.899597
498.180450
484.711182
474.150116
492.975616
458.453979
451.454224
446.037964
591.527710
2063.707275
509.546295
489.655090
483.982361
463.823181
454.874634
447.042297
439.667816
433.876495
176.496658
525.878235
497.287628
482.732117
464.182861
464.636475
445.186188
438.303741
437.580536
427.579803
568.610779
521.299683
493.886383
475.584564
465.679230
453.209442
446.164307
462.640167
435.331116
432.502014
575.355774
527.638306
509.564301
482.624146
470.124695
460.896118
454.054932
448.821167
443.906433
440.382599
587.381958
1389.680298
512.835754
541.697876
483.684998
473.054993
468.594849
459.572021
453.297272
448.729309
598.481628
547.964600
518.199219
497.903656
483.222015
489.930542
463.360870
466.730408
454.633453
443.319031
629.950684
537.241394
506.592773
485.901794
470.875641
459.524384
450.249939
442.919128
436.015656
430.846802
571.686157
1658.663818
561.671692
475.303101
464.321442
450.980133
442.872620
436.365662
430.444916
425.985748
566.024719
519.149231
492.063995
474.216339
461.748840
474.342224
446.139099
440.556061
437.279938
443.615417
574.694031
527.876343
501.404388
484.226013
472.451324
464.050842
457.877258
452.937592
447.694214
451.975464
122.507729
543.113831
517.595337
554.822144
484.228668
474.368988
467.228485
460.580933
454.440674
449.883820
600.072144
548.739319
518.762817
554.200745
483.250793
471.674713
462.487183
450.291504
445.111298
438.704681
669.445923
531.340088
501.767761
481.733215
467.569000
456.922333
448.513794
463.202393
434.798248
429.549438
574.678833
2885.343018
493.854187
474.885681
499.274963
451.627502
444.294067
438.378448
432.820038
428.986542
570.968689
1084.236450
496.889374
479.064545
466.676331
457.474579
450.654968
445.252899
444.175720
436.796997
579.807129
561.057068
505.228943
487.589081
475.759735
501.885223
460.590027
455.017181
450.017944
446.402557
596.410706
546.877380
618.336975
499.495667
485.615631
488.453003
466.610931
459.750519
453.231384
469.162964
596.066284
544.844604
514.483215
493.525238
477.778717
465.299713
455.445435
447.233795
439.315491
454.632355
573.874756
524.567444
495.902496
529.979065
463.092987
452.713684
444.556671
437.846466
431.656647
426.972351
566.853455
519.195740
491.724792
505.256805
460.644379
450.910614
460.242340
463.850464
432.929047
429.331787
570.373291
523.444336
496.854797
479.679169
468.085022
459.691772
453.665741
448.762268
444.143158
441.004028
230.078461
765.554260
512.362976
496.506287
483.279999
473.818542
466.719391
460.413391
454.190918
449.800751
600.144287
549.688904
520.444092
500.653870
496.127777
507.070160
466.771271
475.456360
451.908600
446.098633
593.922974
542.381104
512.088806
491.432922
476.287201
464.588837
455.191925
447.642548
414.188538
455.519287
578.960754
984.126221
499.312195
479.579346
465.639099
454.489349
446.119598
439.162231
432.552826
427.718628
568.102173
520.317139
492.811127
519.345642
462.057617
468.618683
445.519714
439.930206
442.499023
431.465820
575.048096
527.565796
500.510468
483.189758
471.351929
462.344299
455.638428
472.578461
445.187073
420.508484
589.391052
540.349243
555.111389
493.662933
480.731079
471.174408
463.576996
457.370270
451.542694
447.044312
596.827637
727.729797
517.472961
498.046082
483.551697
471.930786
490.228210
455.253326
448.192352
443.604645
588.077576
536.099243
505.103851
484.289703
469.466309
483.322510
448.933502
441.153961
433.991333
428.800201
398.238525
520.357300
492.044128
451.650146
459.483124
449.371338
424.163483
435.712891
429.929871
446.423157
566.135071
519.417908
494.489502
474.446625
461.864685
452.480591
445.549561
405.882996
435.133545
431.806000
112.680740
527.483582
500.407837
527.739624
470.556152
461.458862
468.318817
449.609192
444.680206
441.303864
588.906555
588.729248
513.479553
495.460022
454.424866
472.707886
465.145630
435.541290
452.774445
448.310181
249.629211
547.435730
517.716553
497.927795
483.070984
472.070343
463.551392
456.696106
408.420654
444.704803
591.466553
2916.895264
508.858795
487.707214
493.652710
460.431641
450.866394
452.758911
436.086609
430.568451
571.043762
521.996887
495.265625
474.345001
460.743744
424.273102
442.788055
436.529510
407.648773
426.589569
567.757751
775.682373
493.081726
475.136444
463.926147
453.504425
442.260315
441.391663
436.475494
442.690887
576.640442
529.299744
502.313019
484.629517
472.223694
493.338806
455.403625
449.568665
444.462280
440.130585
144.022751
537.268677
509.549866
505.919891
478.810760
469.672638
463.286560
457.807892
452.424286
460.907654
598.902710
547.981689
520.222168
498.928833
501.669952
473.692322
465.109070
465.033386
451.316589
446.116455
591.466553
540.492676
510.762817
547.151245
475.296600
463.675812
455.164948
447.210083
435.060608
434.736267
578.372559
558.003296
500.380524
481.454559
467.189331
456.528534
448.094879
466.119019
434.391663
429.294739
571.398621
522.640747
597.347839
475.884796
462.860016
458.103851
445.880951
439.957245
434.710175
431.265228
575.607361
956.345032
500.774872
482.744293
470.379272
461.420258
471.829773
449.793213
444.753784
442.952179
589.464539
540.779907
512.860107
494.542053
481.799438
495.001862
465.359467
459.560425
457.663788
449.538910
178.729950
551.429199
522.041748
505.697937
486.990051
474.664825
464.631256
456.248230
448.920044
417.936157
586.419739
535.724426
574.118958
486.002350
507.385010
460.026855
450.782837
446.237579
436.126526
431.008423
571.212280
522.281067
493.517365
474.514435
460.729492
450.494965
470.865143
436.329407
443.786255
425.115906
564.379150
520.216919
489.484619
471.398804
458.915771
449.728363
443.061615
437.863281
433.114929
429.961426
175.474731
525.413696
610.378052
486.691101
469.942169
461.075256
453.919861
448.432098
443.185547
439.369843
583.728577
535.271729
507.667938
489.864105
477.621307
468.492554
488.873199
479.217133
450.415710
446.654236
603.710938
545.374695
516.294678
497.027863
483.367981
472.877563
464.658783
457.721985
450.975494
445.714325
238.479141
2507.101074
511.539581
490.704834
492.220032
463.805695
454.508057
446.612701
439.397186
434.031250
577.543762
527.959045
498.867340
479.437164
506.720337
443.240875
446.425446
439.557983
456.095001
427.617432
567.973389
520.058655
491.843018
473.590240
460.744049
451.149902
444.123474
438.494049
454.376495
429.736938
572.944519
525.921448
601.459167
481.597382
469.539459
473.483154
454.310181
449.014923
444.096222
440.894653
588.776123
541.010681
616.808960
495.795288
483.192932
473.460083
447.800293
459.588165
453.827087
470.929504
600.860840
550.325195
521.593872
501.655273
487.814636
477.138062
496.035522
458.691376
450.829407
446.973053
590.293396
539.112549
509.722137
531.239746
477.025757
466.330505
464.820801
450.105133
442.508911
436.583923
258.052368
527.280579
498.144836
478.403748
464.300903
453.742096
445.495941
430.178497
432.226898
427.299164
585.666870
518.939453
490.893860
472.454498
500.079376
449.550140
441.772461
435.666565
429.730438
425.741089
566.800598
520.339600
493.692719
476.166321
503.914124
455.178070
448.508301
444.134033
459.210419
435.204651
579.749756
532.576660
505.480286
488.162476
476.087555
467.138885
460.409912
454.936035
423.146240
446.092957
595.518555
951.602234
629.452332
499.337555
486.305542
476.058319
467.998108
461.418457
455.077637
450.245728
600.148376
548.057068
518.139587
497.397430
482.249847
484.203674
491.319794
452.938568
454.868164
438.884033
583.802551
533.342407
503.405701
482.731659
467.951660
456.733246
448.023254
440.505066
433.601868
399.498932
251.576920
521.486511
575.833984
473.693237
459.781555
449.598175
441.674927
435.444580
429.478912
425.394501
567.144958
520.213013
493.170990
475.356354
503.724609
454.063599
461.335541
442.226349
437.180511
439.920135
577.888000
530.730469
503.818481
486.417053
474.417450
465.773956
459.418732
454.542969
466.241852
446.369781
125.635414
558.324280
518.844482
551.964233
486.523956
476.210907
468.419830
461.962891
455.806549
451.024658
603.739929
552.539185
630.037415
503.203827
489.292511
478.685791
470.457458
491.051544
456.830994
452.109924
606.530945
554.536377
524.863708
504.441498
490.101501
479.498108
501.748566
464.497986
457.834412
453.174652
605.672791
2174.196533
524.805237
504.842163
503.554565
480.070160
471.903778
464.973663
458.473694
453.545258
259.960785
555.035950
525.502197
506.173309
492.318939
482.042572
474.090607
467.451508
419.592285
456.304321
611.200806
3005.551514
528.734924
508.666229
515.974182
483.575287
475.155151
479.325714
461.647858
456.209412
611.616089
559.139221
531.979126
507.527313
493.390656
453.135345
474.293365
467.250671
433.627686
455.707367
612.078430
908.343018
528.579285
508.412689
494.010986
483.057037
474.312347
467.367828
460.970001
409.659668
611.460388
558.057922
597.805176
507.484436
492.805634
499.628387
473.555969
466.690338
467.768036
454.831879
608.025818
555.651367
525.908936
503.937744
492.527863
481.661072
442.699860
466.139587
459.130188
424.197266
606.938110
554.168884
617.381836
504.352661
489.918152
479.042877
470.944305
464.095551
457.878174
453.204041
213.806244
553.415405
523.853088
515.525024
490.317688
479.780273
463.962067
464.708160
458.101593
465.986053
604.451660
552.904114
523.413025
503.762878
532.766113
479.158997
471.075592
464.359558
458.008453
453.262756
137.852737
552.535889
522.795288
524.409973
489.175964
478.654541
470.484711
463.842712
481.857330
452.629181
603.622864
552.115845
522.639771
503.207977
502.500031
478.559296
470.222260
476.536621
457.024994
452.334106
602.794067
551.712036
619.596680
502.968872
489.149597
478.776550
470.662018
463.955322
445.464233
452.910095
603.278809
606.832092
522.453308
502.962799
489.127899
478.760223
501.550903
464.120789
457.769989
453.099670
603.622864
552.366150
620.048279
503.651306
489.744568
489.446014
470.892395
464.226440
457.942841
453.272308
346.988220
552.410278
523.151489
503.891541
490.200348
479.892242
473.563263
465.211975
458.916626
463.752014
603.853088
552.889771
523.826050
504.509094
531.962036
480.430054
472.456390
465.895416
459.653412
455.095612
605.211487
554.230896
525.021667
562.262756
491.469513
480.983948
472.944214
466.315308
484.554810
455.257721
605.211487
554.068115
524.885376
505.558105
491.706238
481.283936
473.108795
470.479858
459.790833
454.861023
694.244080
553.425781
637.426208
504.944458
491.184937
480.668365
472.557007
465.924042
459.586517
454.864227
604.540710
553.515320
524.112061
504.590118
514.213440
480.060883
501.297913
465.282898
458.968414
454.179962
603.853088
552.866760
523.718079
504.396271
490.592346
480.159210
472.053070
465.431152
480.795959
454.217133
406.470062
554.102112
523.116577
503.685791
489.898163
479.482483
471.319031
464.723053
458.403595
453.651550
603.368408
552.291931
620.762390
503.796448
527.271057
514.001282
471.430176
464.687927
458.057953
453.159088
602.725464
551.475525
522.480042
503.220795
489.420807
478.999023
470.902802
464.364197
480.952240
455.994843
603.024597
552.079468
537.047302
504.236237
490.699707
480.337128
472.112793
465.314301
458.994110
454.163696
606.181152
554.416870
600.784363
525.390686
491.498993
480.956329
498.995056
465.969238
459.532867
454.749756
607.284607
555.162903
525.729065
505.914551
491.673645
480.835541
499.279114
465.596924
459.017273
454.082611
205.666290
553.176758
523.558655
506.237610
489.897125
479.277710
471.083405
464.409637
458.084503
453.340424
550.340881
551.936707
522.514404
503.054108
495.520691
478.591705
470.622498
483.653351
457.700867
452.930573
603.024597
3005.888916
522.604797
503.241394
531.975952
478.970734
470.892395
464.155975
457.726196
452.741089
602.196167
886.676758
522.017212
502.687653
488.910706
478.482544
470.367859
463.790344
474.974731
452.682190
602.680786
551.495239
522.422058
503.067413
489.316223
503.663361
470.611450
463.849426
461.017639
452.449310
602.127563
551.037781
568.174805
502.761078
488.936066
478.498505
470.455200
463.782928
457.411743
452.678986
602.612183
551.517456
589.445618
525.822388
489.231537
478.918091
488.491882
463.508942
457.113464
452.401306
602.127563
551.158569
522.138672
502.798340
489.024445
478.530426
469.708282
450.486725
457.380707
463.774689
669.507385
551.447693
522.132263
502.663788
488.817413
478.436523
470.367798
463.857513
457.600647
453.031616
603.096802
2875.448486
522.842712
561.128479
509.102386
479.671204
471.753204
465.081482
458.743622
453.942322
603.440491
552.256714
523.253723
504.053345
490.334167
479.030823
472.016144
464.722595
472.921722
454.571136
696.022095
553.939392
524.692505
505.198608
491.242950
480.503998
472.266876
465.516205
459.149414
433.319885
605.214417
553.608276
561.490051
505.195709
533.933289
480.761292
472.572113
465.984558
459.445526
454.784882
606.042969
554.001343
524.458984
519.493164
490.719116
480.106201
487.545227
465.470367
465.000763
454.429077
605.699280
567.191162
524.597534
505.186890
491.339111
480.805969
472.685089
455.089386
459.648468
454.905701
707.069031
554.306946
617.856201
505.427582
491.628998
500.514221
473.146729
466.526550
460.216919
455.485535
607.958923
2759.076172
526.548828
506.975494
507.815643
482.514008
474.346344
467.600281
461.185791
476.144440
609.203125
556.601807
527.886597
507.174927
493.190063
484.297302
474.330597
467.540222
478.311737
455.872589
608.718079
555.742126
525.793030
517.135132
491.605988
480.821320
432.816132
465.433411
458.795288
421.571869
605.028381
553.237061
638.793884
504.344666
490.420929
480.652863
471.700073
464.950806
458.540222
453.664856
285.171448
552.877136
523.475159
512.132019
489.947876
479.327301
467.336884
464.163788
457.669922
467.143890
603.028076
551.668213
522.626099
503.226013
494.246307
479.015350
470.830322
423.668396
457.804596
453.029846
125.296730
551.941589
522.799133
562.081604
489.452423
478.806946
471.107391
463.984558
457.677765
453.012909
603.371704
1192.935669
523.230530
503.781219
482.979156
479.512177
471.426819
458.864532
458.439636
453.738281
690.042419
552.392273
523.056702
503.579285
489.623932
478.073517
471.119324
464.477142
465.320374
453.409149
603.698303
552.207886
523.193970
503.759521
533.156433
479.475861
471.389465
464.685120
458.124969
443.158661
603.028076
551.667053
539.452393
503.408386
489.627747
479.201355
471.121979
464.413300
481.170959
453.273895
603.028076
552.013916
522.848633
542.872437
489.560852
478.869080
477.703339
463.973633
