-1018.000000
-974.000000
-1010.000000
-932.000000
-1002.000000
-1018.000000
-1016.000000
-1004.000000
-1016.000000
-966.000000
-1024.000000
-1004.000000
-1002.000000
-1014.000000
-1012.000000
-996.000000
-1020.000000
-1018.000000
-1006.000000
-998.000000
-964.000000
-1024.000000
-1018.000000
-992.000000
-962.000000
-1014.000000
-1014.000000
-944.000000
-964.000000
-972.000000
-1016.000000
-1002.000000
-1016.000000
-966.000000
-1024.000000
-998.000000
-1022.000000
-1014.000000
-962.000000
-996.000000
-964.000000
-964.000000
-1002.000000
-1012.000000
-1024.000000
-1008.000000
-962.000000
-1012.000000
-964.000000
-962.000000
-1022.000000
-998.000000
-1020.000000
-1020.000000
-964.000000
-1002.000000
-1018.000000
-978.000000
-974.000000
-1000.000000
-966.000000
-966.000000
-1018.000000
-996.000000
-1018.000000
-962.000000
-1020.000000
-1010.000000
-970.000000
-966.000000
-1024.000000
-936.000000
-1020.000000
-968.000000
-964.000000
-1016.000000
-1022.000000
-970.000000
-978.000000
-1018.000000
-970.000000
-1018.000000
-1018.000000
-1012.000000
-976.000000
-964.000000
-1014.000000
-1016.000000
-1018.000000
-964.000000
-1020.000000
-954.000000
-966.000000
-964.000000
-1022.000000
-952.000000
-1012.000000
-1010.000000
-966.000000
-940.000000
-962.000000
-968.000000
-964.000000
-1002.000000
-1018.000000
-1024.000000
-1020.000000
-956.000000
-974.000000
-968.000000
-1008.000000
-966.000000
-1008.000000
-966.000000
-962.000000
-990.000000
-972.000000
-1024.000000
-1020.000000
-1006.000000
-1018.000000
-976.000000
-1012.000000
-942.000000
-1024.000000
-974.000000
-968.000000
-942.000000
-1022.000000
-1012.000000
-976.000000
-1004.000000
-1016.000000
-974.000000
-1018.000000
-996.000000
-1006.000000
-1018.000000
-1016.000000
-1002.000000
-1018.000000
-1016.000000
-1022.000000
-1008.000000
-1016.000000
-966.000000
-964.000000
-1006.000000
-962.000000
-1006.000000
-1018.000000
-1012.000000
-1018.000000
-1000.000000
-1022.000000
-1020.000000
-1018.000000
-964.000000
-1022.000000
-1002.000000
-1024.000000
-968.000000
-1022.000000
-994.000000
-1016.000000
-980.000000
-1022.000000
-998.000000
-966.000000
-964.000000
-970.000000
-1018.000000
-1024.000000
-966.000000
-974.000000
-992.000000
-1002.000000
-974.000000
-968.000000
-962.000000
-1018.000000
-972.000000
-962.000000
-1016.000000
-1008.000000
-966.000000
-970.000000
-964.000000
-964.000000
-974.000000
-1024.000000
-996.000000
-1024.000000
-962.000000
-1016.000000
-944.000000
-1020.000000
-1020.000000
-968.000000
-1004.000000
-1024.000000
-1024.000000
-972.000000
-996.000000
-958.000000
-1020.000000
-1016.000000
-954.000000
-972.000000
-970.000000
-1010.000000
-942.000000
-1024.000000
-972.000000
-1012.000000
-1016.000000
-1008.000000
-1014.000000
-962.000000
-1004.000000
-1024.000000
-1020.000000
-974.000000
-1008.000000
-914.000000
-970.000000
-988.000000
-1000.000000
-1022.000000
-970.000000
-970.000000
-1014.000000
-1008.000000
-1020.000000
-974.000000
-998.000000
-1004.000000
-970.000000
-974.000000
-1006.000000
-1012.000000
-1014.000000
-974.000000
-944.000000
-1010.000000
-978.000000
-960.000000
-948.000000
-966.000000
-962.000000
-962.000000
-1004.000000
-1020.000000
-966.000000
-972.000000
-940.000000
-962.000000
-976.000000
-974.000000
-1008.000000
-962.000000
-1010.000000
-962.000000
-962.000000
-1010.000000
-970.000000
-1020.000000
-1008.000000
-976.000000
-1016.000000
-1016.000000
-936.000000
-1010.000000
-1024.000000
-1016.000000
-1002.000000
-1022.000000
-968.000000
-970.000000
-1012.000000
-1018.000000
-970.000000
-1024.000000
-1012.000000
-968.000000
-1012.000000
-968.000000
-1008.000000
-1020.000000
-970.000000
-972.000000
-1004.000000
-1000.000000
-1020.000000
-968.000000
-1004.000000
-1012.000000
-976.000000
-980.000000
-1000.000000
-1024.000000
-962.000000
-1022.000000
-1008.000000
-1020.000000
-966.000000
-968.000000
-1020.000000
-962.000000
-962.000000
-964.000000
-1020.000000
-1010.000000
-962.000000
-982.000000
-1024.000000
-964.000000
-984.000000
-980.000000
-952.000000
-966.000000
-970.000000
-984.000000
-972.000000
-972.000000
-962.000000
-984.000000
-1004.000000
-972.000000
-974.000000
-982.000000
-1024.000000
-968.000000
-980.000000
-970.000000
-1018.000000
-978.000000
-962.000000
-984.000000
-1012.000000
-976.000000
-964.000000
-972.000000
-954.000000
-1024.000000
-956.000000
-1018.000000
-962.000000
-974.000000
-964.000000
-968.000000
-1012.000000
-964.000000
-990.000000
-974.000000
-1022.000000
-1018.000000
-972.000000
-984.000000
-1002.000000
-1014.000000
-980.000000
-978.000000
-1018.000000
-988.000000
-970.000000
-966.000000
-974.000000
-1024.000000
-1022.000000
-972.000000
-1018.000000
-984.000000
-984.000000
-988.000000
-968.000000
-990.000000
-970.000000
-970.000000
-968.000000
-984.000000
-964.000000
-998.000000
-966.000000
-966.000000
-974.000000
-1000.000000
-1018.000000
-972.000000
-986.000000
-978.000000
-952.000000
-984.000000
-972.000000
-1004.000000
-1020.000000
-992.000000
-990.000000
-980.000000
-954.000000
-970.000000
-984.000000
-974.000000
-900.000000
-992.000000
-972.000000
-964.000000
-962.000000
-984.000000
-966.000000
-966.000000
-962.000000
-976.000000
-982.000000
-970.000000
-954.000000
-972.000000
-980.000000
-976.000000
-1016.000000
-988.000000
-974.000000
-982.000000
-956.000000
-974.000000
-992.000000
-982.000000
-902.000000
-1000.000000
-994.000000
-934.000000
-918.000000
-1000.000000
-936.000000
-996.000000
-898.000000
-986.000000
-932.000000
-988.000000
-920.000000
-948.000000
-938.000000
-988.000000
-922.000000
-936.000000
-930.000000
-1010.000000
-928.000000
-1006.000000
-934.000000
-998.000000
-914.000000
-948.000000
-946.000000
-930.000000
-920.000000
-940.000000
-932.000000
-994.000000
-920.000000
-938.000000
-930.000000
-942.000000
-980.000000
-1024.000000
-1014.000000
-922.000000
-912.000000
-994.000000
-982.000000
-946.000000
-916.000000
-912.000000
-970.000000
-932.000000
-990.000000
-1002.000000
-1004.000000
-938.000000
-914.000000
-998.000000
-898.000000
-924.000000
-942.000000
-1022.000000
-928.000000
-920.000000
-980.000000
-1014.000000
-966.000000
-924.000000
-962.000000
-1004.000000
-1006.000000
-936.000000
-910.000000
-1002.000000
-974.000000
-954.000000
-908.000000
-998.000000
-1014.000000
-964.000000
-914.000000
-938.000000
-924.000000
-1010.000000
-920.000000
-916.000000
-924.000000
-934.000000
-992.000000
-1008.000000
-934.000000
-928.000000
-932.000000
-1004.000000
-898.000000
-922.000000
-920.000000
-1006.000000
-978.000000
-962.000000
-920.000000
-1010.000000
-942.000000
-980.000000
-960.000000
-1008.000000
-930.000000
-1010.000000
-986.000000
-1018.000000
-988.000000
-974.000000
-910.000000
-996.000000
-972.000000
-990.000000
-908.000000
-972.000000
-984.000000
-986.000000
-910.000000
-984.000000
-992.000000
-1014.000000
-906.000000
-974.000000
-908.000000
-966.000000
-984.000000
-986.000000
-970.000000
-1000.000000
-1024.000000
-982.000000
-994.000000
-986.000000
-996.000000
-978.000000
-982.000000
-1012.000000
-920.000000
-1000.000000
-978.000000
-1008.000000
-976.000000
-990.000000
-992.000000
-990.000000
-970.000000
-976.000000
-982.000000
-1004.000000
-970.000000
-998.000000
-1002.000000
-990.000000
-974.000000
-982.000000
-986.000000
-1006.000000
-984.000000
-998.000000
-990.000000
-992.000000
-982.000000
-990.000000
-988.000000
-1000.000000
-902.000000
-986.000000
-988.000000
-988.000000
-912.000000
-990.000000
-994.000000
-994.000000
-960.000000
-978.000000
-1002.000000
-1004.000000
-920.000000
-982.000000
-996.000000
-986.000000
-912.000000
-986.000000
-1002.000000
-994.000000
-966.000000
-992.000000
-1004.000000
-998.000000
-988.000000
-994.000000
-976.000000
-990.000000
-916.000000
-988.000000
-972.000000
-976.000000
-970.000000
-978.000000
-984.000000
-988.000000
-982.000000
-982.000000
-992.000000
-980.000000
-974.000000
-966.000000
-984.000000
-974.000000
-976.000000
-968.000000
-976.000000
-992.000000
-978.000000
-972.000000
-980.000000
-1024.000000
-976.000000
-998.000000
-982.000000
-998.000000
-980.000000
-988.000000
-980.000000
-990.000000
-976.000000
-984.000000
-986.000000
-1010.000000
-1014.000000
-970.000000
-986.000000
-1006.000000
-1022.000000
-976.000000
-998.000000
-984.000000
-916.000000
-988.000000
-966.000000
-990.000000
-974.000000
-972.000000
-988.000000
-996.000000
-1020.000000
-984.000000
-992.000000
-990.000000
-1020.000000
-1016.000000
-984.000000
-988.000000
-972.000000
-984.000000
-992.000000
-974.000000
-898.000000
-972.000000
-988.000000
-998.000000
-958.000000
-990.000000
-998.000000
-998.000000
-932.000000
-1008.000000
-986.000000
-994.000000
-986.000000
-1010.000000
-998.000000
-984.000000
-1006.000000
-936.000000
-946.000000
-906.000000
-976.000000
-964.000000
-996.000000
-996.000000
-988.000000
-1002.000000
-996.000000
-996.000000
-1002.000000
-996.000000
-1020.000000
-1002.000000
-924.000000
-996.000000
-996.000000
-990.000000
-982.000000
-1008.000000
-990.000000
-992.000000
-934.000000
-1002.000000
-1004.000000
-990.000000
-984.000000
-998.000000
-1006.000000
-992.000000
-906.000000
-990.000000
-1000.000000
-962.000000
-992.000000
-1008.000000
-992.000000
-990.000000
-914.000000
-988.000000
-1000.000000
-1008.000000
-1006.000000
-998.000000
-990.000000
-1004.000000
-978.000000
-992.000000
-940.000000
-1022.000000
-982.000000
-994.000000
-1012.000000
-1006.000000
-998.000000
-1004.000000
-1008.000000
-998.000000
-918.000000
-1010.000000
-1008.000000
-992.000000
-1014.000000
-1008.000000
-1008.000000
-1000.000000
-1070.000000
-908.000000
-902.000000
-980.000000
-952.000000
-1022.000000
-966.000000
-1016.000000
-994.000000
-1018.000000
-1016.000000
-1012.000000
-1016.000000
-972.000000
-968.000000
-1012.000000
-954.000000
-974.000000
-1022.000000
-1018.000000
-948.000000
-1012.000000
-932.000000
-940.000000
-934.000000
-1016.000000
-1020.000000
-982.000000
-928.000000
-998.000000
-978.000000
-976.000000
-974.000000
-990.000000
-974.000000
-964.000000
-914.000000
-966.000000
-970.000000
-984.000000
-900.000000
-982.000000
-986.000000
-972.000000
-946.000000
-924.000000
-972.000000
-988.000000
-974.000000
-912.000000
-970.000000
-992.000000
-966.000000
-972.000000
-966.000000
-972.000000
-916.000000
-972.000000
-982.000000
-976.000000
-952.000000
-968.000000
-980.000000
-992.000000
-972.000000
-1012.000000
-1022.000000
-974.000000
-952.000000
-1014.000000
-946.000000
-904.000000
-936.000000
-970.000000
-972.000000
-1024.000000
-948.000000
-970.000000
-974.000000
-966.000000
-948.000000
-1016.000000
-974.000000
-912.000000
-944.000000
-958.000000
-1024.000000
-970.000000
-1008.000000
-968.000000
-984.000000
-914.000000
-950.000000
-972.000000
-956.000000
-1020.000000
-934.000000
-958.000000
-1024.000000
-1020.000000
-952.000000
-902.000000
-982.000000
-904.000000
-926.000000
-958.000000
-962.000000
-1018.000000
-938.000000
-1022.000000
-904.000000
-900.000000
-944.000000
-1014.000000
-910.000000
-944.000000
-948.000000
-1022.000000
-906.000000
-954.000000
-948.000000
-968.000000
-960.000000
-1020.000000
-944.000000
-904.000000
-914.000000
-1012.000000
-950.000000
-972.000000
-976.000000
-966.000000
-1022.000000
-966.000000
-992.000000
-962.000000
-1016.000000
-1016.000000
-964.000000
-984.000000
-940.000000
-966.000000
-962.000000
-962.000000
-962.000000
-970.000000
-966.000000
-1020.000000
-1018.000000
-962.000000
-976.000000
-962.000000
-944.000000
-964.000000
-1008.000000
-970.000000
-950.000000
-904.000000
-1020.000000
-1018.000000
-946.000000
-972.000000
-968.000000
-970.000000
-950.000000
-976.000000
-1022.000000
-1008.000000
-1022.000000
-908.000000
-1020.000000
-900.000000
-1008.000000
-1024.000000
-972.000000
-970.000000
-942.000000
-976.000000
-916.000000
-904.000000
-946.000000
-970.000000
-980.000000
-972.000000
-952.000000
-972.000000
-1010.000000
-1024.000000
-944.000000
-972.000000
-1020.000000
-1022.000000
-948.000000
-970.000000
-910.000000
-1014.000000
-950.000000
-970.000000
-898.000000
-1022.000000
-934.000000
-982.000000
-1024.000000
-900.000000
-950.000000
-912.000000
-946.000000
-954.000000
-950.000000
-976.000000
-968.000000
-956.000000
-954.000000
-974.000000
-908.000000
-912.000000
-950.000000
-950.000000
-1020.000000
-976.000000
-1016.000000
-910.000000
-1020.000000
-964.000000
-950.000000
-1024.000000
-956.000000
-1016.000000
-946.000000
-958.000000
-1004.000000
-944.000000
-942.000000
-912.000000
-1024.000000
-936.000000
-956.000000
-962.000000
-940.000000
-1024.000000
-942.000000
-1018.000000
-928.000000
-1018.000000
-936.000000
-948.000000
-1014.000000
-954.000000
-942.000000
-964.000000
-948.000000
-946.000000
-936.000000
-944.000000
-1002.000000
-1002.000000
-934.000000
-1020.000000
-1002.000000
-1020.000000
-926.000000
-1006.000000
-1000.000000
-944.000000
-926.000000
-950.000000
-944.000000
-950.000000
-942.000000
-956.000000
-952.000000
-974.000000
-882.000000
-956.000000
-898.000000
-992.000000
-902.000000
-950.000000
-1012.000000
-918.000000
-898.000000
-942.000000
-942.000000
-922.000000
-844.000000
-956.000000
-908.000000
-950.000000
-928.000000
-954.000000
-952.000000
-914.000000
-934.000000
-942.000000
-908.000000
-908.000000
-878.000000
-908.000000
-904.000000
-910.000000
-900.000000
-956.000000
-932.000000
-910.000000
-884.000000
-900.000000
-902.000000
-920.000000
-918.000000
-932.000000
-952.000000
-920.000000
-908.000000
-926.000000
-922.000000
-948.000000
-906.000000
-912.000000
-948.000000
-900.000000
-836.000000
-908.000000
-908.000000
-916.000000
-954.000000
-920.000000
-930.000000
-926.000000
-948.000000
-910.000000
-910.000000
-920.000000
-944.000000
-956.000000
-960.000000
-916.000000
-938.000000
-902.000000
-872.000000
-900.000000
-900.000000
-910.000000
-990.000000
-1018.000000
-952.000000
-956.000000
-982.000000
-972.000000
-954.000000
-898.000000
-970.000000
-964.000000
-902.000000
-1020.000000
-970.000000
-974.000000
-934.000000
-1024.000000
-974.000000
-978.000000
-954.000000
-964.000000
-986.000000
-1024.000000
-960.000000
-1002.000000
-912.000000
-904.000000
-906.000000
-932.000000
-926.000000
-908.000000
-950.000000
-914.000000
-964.000000
-910.000000
-904.000000
-928.000000
-900.000000
-900.000000
-920.000000
-928.000000
-974.000000
-910.000000
-904.000000
-908.000000
-914.000000
-916.000000
-904.000000
-928.000000
-916.000000
-914.000000
-940.000000
-904.000000
-920.000000
-932.000000
-916.000000
-926.000000
-916.000000
-958.000000
-940.000000
-902.000000
-910.000000
-918.000000
-902.000000
-906.000000
-958.000000
-956.000000
-934.000000
-956.000000
-920.000000
-972.000000
-936.000000
-916.000000
-950.000000
-946.000000
-932.000000
-950.000000
-908.000000
-912.000000
-956.000000
-956.000000
-912.000000
-908.000000
-954.000000
-956.000000
-928.000000
-956.000000
-942.000000
-934.000000
-950.000000
-910.000000
-938.000000
-898.000000
-898.000000
-898.000000
-908.000000
-912.000000
-954.000000
-924.000000
-960.000000
-954.000000
-916.000000
-900.000000
-940.000000
-960.000000
-992.000000
-972.000000
-952.000000
-986.000000
-904.000000
-972.000000
-960.000000
-968.000000
-1012.000000
-956.000000
-950.000000
-1018.000000
-1020.000000
-990.000000
-944.000000
-912.000000
-992.000000
-904.000000
-948.000000
-908.000000
-906.000000
-914.000000
-914.000000
-980.000000
-952.000000
-908.000000
-952.000000
-898.000000
-966.000000
-906.000000
-914.000000
-906.000000
-928.000000
-922.000000
-948.000000
-902.000000
-956.000000
-938.000000
-920.000000
-998.000000
-1008.000000
-932.000000
-938.000000
-906.000000
-956.000000
-932.000000
-906.000000
-1016.000000
-912.000000
-970.000000
-972.000000
-992.000000
-920.000000
-898.000000
-898.000000
-972.000000
-958.000000
-954.000000
-958.000000
-1024.000000
-1020.000000
-1020.000000
-928.000000
-942.000000
-966.000000
-990.000000
-942.000000
-976.000000
-980.000000
-900.000000
-950.000000
-958.000000
-966.000000
-978.000000
-898.000000
-990.000000
-986.000000
-1004.000000
-950.000000
-912.000000
-924.000000
-966.000000
-970.000000
-978.000000
-954.000000
-920.000000
-928.000000
-1014.000000
-926.000000
-916.000000
-958.000000
-986.000000
-920.000000
-998.000000
-902.000000
-902.000000
-978.000000
-926.000000
-952.000000
-916.000000
-928.000000
-930.000000
-916.000000
-926.000000
-938.000000
-998.000000
-950.000000
-906.000000
-924.000000
-904.000000
-944.000000
-982.000000
-1000.000000
-1004.000000
-920.000000
-914.000000
-918.000000
-904.000000
-916.000000
-920.000000
-954.000000
-958.000000
-916.000000
-938.000000
-922.000000
-918.000000
-906.000000
-940.000000
-932.000000
-900.000000
-900.000000
-916.000000
-994.000000
-902.000000
-928.000000
-928.000000
-974.000000
-994.000000
-960.000000
-968.000000
-940.000000
-898.000000
-940.000000
-950.000000
-982.000000
-976.000000
-1020.000000
-912.000000
-1004.000000
-964.000000
-932.000000
-938.000000
-936.000000
-922.000000
-974.000000
-998.000000
-928.000000
-898.000000
-1018.000000
-968.000000
-998.000000
-1004.000000
-976.000000
-994.000000
-986.000000
-934.000000
-958.000000
-900.000000
-1002.000000
-1010.000000
-992.000000
-946.000000
-956.000000
-1008.000000
-908.000000
-984.000000
-918.000000
-988.000000
-924.000000
-998.000000
-1000.000000
-1000.000000
-932.000000
-932.000000
-1018.000000
-1002.000000
-922.000000
-976.000000
-936.000000
-986.000000
-934.000000
-954.000000
-1006.000000
-960.000000
-932.000000
-1024.000000
-938.000000
-972.000000
-994.000000
-930.000000
-948.000000
-1016.000000
-1008.000000
-950.000000
-952.000000
-900.000000
-976.000000
-976.000000
-1022.000000
-934.000000
-946.000000
-952.000000
-1010.000000
-972.000000
-1014.000000
-974.000000
-1018.000000
-1022.000000
-922.000000
-950.000000
-1016.000000
-1016.000000
-932.000000
-1020.000000
-962.000000
-976.000000
-994.000000
-960.000000
-1014.000000
-1012.000000
-950.000000
-1020.000000
-1012.000000
-968.000000
-922.000000
-934.000000
-952.000000
-1014.000000
-966.000000
-970.000000
-980.000000
-1016.000000
-920.000000
-1002.000000
-938.000000
-1002.000000
-1008.000000
-966.000000
-974.000000
-952.000000
-920.000000
-954.000000
-902.000000
-854.000000
-968.000000
-1004.000000
-938.000000
-924.000000
-906.000000
-950.000000
-1018.000000
-1020.000000
-1004.000000
-932.000000
-944.000000
-964.000000
-940.000000
-950.000000
-944.000000
-922.000000
-900.000000
-1002.000000
-1008.000000
-950.000000
-958.000000
-954.000000
-916.000000
-930.000000
-924.000000
-960.000000
-952.000000
-1018.000000
-958.000000
-950.000000
-912.000000
-1018.000000
-942.000000
-1012.000000
-952.000000
-942.000000
-960.000000
-962.000000
-932.000000
-920.000000
-916.000000
-974.000000
-1018.000000
-926.000000
-1012.000000
-970.000000
-974.000000
-1006.000000
-980.000000
-982.000000
-966.000000
-976.000000
-1020.000000
-972.000000
-970.000000
-982.000000
-978.000000
-976.000000
-998.000000
-1024.000000
-1022.000000
-976.000000
-1048.000000
-992.000000
-1018.000000
-974.000000
-982.000000
-982.000000
-1018.000000
-986.000000
-974.000000
-982.000000
-1022.000000
-976.000000
-1008.000000
-998.000000
-980.000000
-1008.000000
-904.000000
-922.000000
-926.000000
-1024.000000
-994.000000
-988.000000
-998.000000
-972.000000
-994.000000
-982.000000
-958.000000
-1004.000000
-1044.000000
-1002.000000
-1010.000000
-1000.000000
-1002.000000
-976.000000
-984.000000
-982.000000
-986.000000
-968.000000
-964.000000
-1074.000000
-988.000000
-976.000000
-976.000000
-966.000000
-968.000000
-976.000000
-1000.000000
-1086.000000
-1022.000000
-996.000000
-964.000000
-1016.000000
-986.000000
-1004.000000
-954.000000
-978.000000
-1002.000000
-1000.000000
-988.000000
-998.000000
-980.000000
-992.000000
-986.000000
-994.000000
-984.000000
-992.000000
-968.000000
-992.000000
-1004.000000
-922.000000
-924.000000
-988.000000
-996.000000
-998.000000
-970.000000
-978.000000
-1022.000000
-924.000000
-912.000000
-998.000000
-988.000000
-1020.000000
-900.000000
-992.000000
-1012.000000
-976.000000
-918.000000
-926.000000
-1020.000000
-1002.000000
-918.000000
-966.000000
-918.000000
-898.000000
-952.000000
-1008.000000
-950.000000
-944.000000
-988.000000
-1014.000000
-976.000000
-928.000000
-924.000000
-994.000000
-1002.000000
-998.000000
-908.000000
-932.000000
-994.000000
-984.000000
-904.000000
-924.000000
-994.000000
-978.000000
-994.000000
-992.000000
-990.000000
-900.000000
-1042.000000
-924.000000
-1016.000000
-976.000000
-1014.000000
-970.000000
-982.000000
-986.000000
-964.000000
-1022.000000
-1002.000000
-996.000000
-1002.000000
-990.000000
-992.000000
-974.000000
-968.000000
-982.000000
-994.000000
-996.000000
-972.000000
-990.000000
-990.000000
-964.000000
-946.000000
-972.000000
-970.000000
-998.000000
-1014.000000
-1008.000000
-966.000000
-966.000000
-978.000000
-988.000000
-1022.000000
-976.000000
-996.000000
-1014.000000
-976.000000
-992.000000
-984.000000
-1014.000000
-990.000000
-984.000000
-1056.000000
-994.000000
-994.000000
-1004.000000
-988.000000
-1016.000000
-962.000000
-1016.000000
-1012.000000
-1006.000000
-982.000000
-1006.000000
-938.000000
-960.000000
-996.000000
-1000.000000
-922.000000
-1014.000000
-968.000000
-1006.000000
-934.000000
-1018.000000
-1018.000000
-966.000000
-992.000000
-934.000000
-1002.000000
-1000.000000
-944.000000
-1012.000000
-944.000000
-1018.000000
-956.000000
-980.000000
-980.000000
-964.000000
-900.000000
-918.000000
-902.000000
-946.000000
-908.000000
-1002.000000
-948.000000
-942.000000
-1024.000000
-1008.000000
-1020.000000
-914.000000
-1024.000000
-990.000000
-990.000000
-968.000000
-914.000000
-1012.000000
-990.000000
-1020.000000
-948.000000
-968.000000
-952.000000
-980.000000
-912.000000
-934.000000
-1002.000000
-962.000000
-952.000000
-964.000000
-1006.000000
-1012.000000
-928.000000
-924.000000
-956.000000
-876.000000
-1002.000000
-1012.000000
-1020.000000
-946.000000
-940.000000
-942.000000
-966.000000
-986.000000
-898.000000
-994.000000
-1020.000000
-1006.000000
-1014.000000
-1008.000000
-990.000000
-990.000000
-948.000000
-986.000000
-1024.000000
-1008.000000
-962.000000
-974.000000
-978.000000
-996.000000
-904.000000
-1020.000000
-984.000000
-1018.000000
-1006.000000
-970.000000
-966.000000
-974.000000
-1020.000000
-966.000000
-990.000000
-900.000000
-988.000000
-984.000000
-976.000000
-966.000000
-984.000000
-978.000000
-1024.000000
-964.000000
-1004.000000
-972.000000
-984.000000
-990.000000
-892.000000
-978.000000
-1002.000000
-962.000000
-964.000000
-940.000000
-968.000000
-982.000000
-982.000000
-1006.000000
-996.000000
-996.000000
-1008.000000
-1044.000000
-944.000000
-1022.000000
-1010.000000
-1004.000000
-980.000000
-980.000000
-996.000000
-1048.000000
-1024.000000
-1014.000000
-1014.000000
-1020.000000
-1024.000000
-962.000000
-924.000000
-1012.000000
-1000.000000
-1024.000000
-1024.000000
-1022.000000
-1016.000000
-952.000000
-990.000000
-962.000000
-1020.000000
-966.000000
-1016.000000
-992.000000
-962.000000
-978.000000
-914.000000
-950.000000
-1024.000000
-958.000000
-1018.000000
-992.000000
-994.000000
-1004.000000
-980.000000
-894.000000
-898.000000
-994.000000
-922.000000
-980.000000
-1010.000000
-1004.000000
-940.000000
-1010.000000
-960.000000
-954.000000
-1002.000000
-976.000000
-944.000000
-984.000000
-942.000000
-914.000000
-908.000000
-960.000000
-936.000000
-1024.000000
-952.000000
-976.000000
-920.000000
-942.000000
-920.000000
-962.000000
-948.000000
-914.000000
-934.000000
-984.000000
-926.000000
-942.000000
-966.000000
-992.000000
-926.000000
-1008.000000
-938.000000
-954.000000
-950.000000
-1020.000000
-934.000000
-946.000000
-1014.000000
-930.000000
-944.000000
-948.000000
-1018.000000
-1020.000000
-986.000000
-916.000000
-940.000000
-1014.000000
-904.000000
-1014.000000
-950.000000
-998.000000
-1004.000000
-932.000000
-996.000000
-990.000000
-1022.000000
-1020.000000
-946.000000
-1012.000000
-998.000000
-1018.000000
-928.000000
-980.000000
-1016.000000
-962.000000
-932.000000
-908.000000
-974.000000
-902.000000
-954.000000
-984.000000
-1014.000000
-1010.000000
-932.000000
-990.000000
-992.000000
-934.000000
-952.000000
-984.000000
-1024.000000
-976.000000
-974.000000
-1024.000000
-982.000000
-980.000000
-998.000000
-1022.000000
-954.000000
-984.000000
-952.000000
-970.000000
-988.000000
-1128.000000
-920.000000
-902.000000
-994.000000
-962.000000
-988.000000
-1002.000000
-982.000000
-966.000000
-1024.000000
-976.000000
-1014.000000
-972.000000
-942.000000
-1018.000000
-964.000000
-968.000000
-962.000000
-984.000000
-968.000000
-980.000000
-1006.000000
-1054.000000
-998.000000
-1020.000000
-998.000000
-958.000000
-974.000000
-1002.000000
-986.000000
-1018.000000
-992.000000
-946.000000
-1024.000000
-970.000000
-1012.000000
-984.000000
-936.000000
-998.000000
-1008.000000
-1002.000000
-992.000000
-992.000000
-1012.000000
-1012.000000
-990.000000
-998.000000
-996.000000
-962.000000
-1020.000000
-966.000000
-910.000000
-1108.000000
-1010.000000
-966.000000
-998.000000
-996.000000
-976.000000
-1018.000000
-1024.000000
-1012.000000
-1014.000000
-1012.000000
-1010.000000
-962.000000
-1016.000000
-984.000000
-962.000000
-980.000000
-982.000000
-962.000000
-980.000000
-1016.000000
-1016.000000
-988.000000
-966.000000
-972.000000
-1002.000000
-1008.000000
-980.000000
-1018.000000
-946.000000
-970.000000
-1038.000000
-1022.000000
-1010.000000
-1016.000000
-910.000000
-960.000000
-932.000000
-974.000000
-1004.000000
-908.000000
-906.000000
-970.000000
-986.000000
-992.000000
-1020.000000
-1022.000000
-966.000000
-1022.000000
-906.000000
-986.000000
-1018.000000
-1006.000000
-1024.000000
-932.000000
-1000.000000
-966.000000
-968.000000
-984.000000
-922.000000
-964.000000
-948.000000
-1018.000000
-904.000000
-976.000000
-918.000000
-1010.000000
-966.000000
-938.000000
-952.000000
-910.000000
-1010.000000
-990.000000
-900.000000
-992.000000
-916.000000
-902.000000
-916.000000
-920.000000
-952.000000
-924.000000
-920.000000
-950.000000
-898.000000
-954.000000
-926.000000
-1004.000000
-1014.000000
-964.000000
-900.000000
-918.000000
-920.000000
-914.000000
-904.000000
-984.000000
-988.000000
-946.000000
-986.000000
-908.000000
-1016.000000
-950.000000
-946.000000
-960.000000
-954.000000
-1014.000000
-1022.000000
-966.000000
-1014.000000
-968.000000
-900.000000
-914.000000
-964.000000
-970.000000
-976.000000
-990.000000
-996.000000
-1006.000000
-1008.000000
-978.000000
-944.000000
-1010.000000
-936.000000
-968.000000
-900.000000
-960.000000
-900.000000
-984.000000
-956.000000
-960.000000
-950.000000
-912.000000
-956.000000
-906.000000
-900.000000
-942.000000
-966.000000
-1008.000000
-944.000000
-900.000000
-992.000000
-960.000000
-942.000000
-950.000000
-948.000000
-924.000000
-910.000000
-960.000000
-916.000000
-968.000000
-1020.000000
-898.000000
-962.000000
-1022.000000
-912.000000
-920.000000
-988.000000
-1000.000000
-912.000000
-934.000000
-962.000000
-1022.000000
-928.000000
-944.000000
-948.000000
-934.000000
-912.000000
-978.000000
-874.000000
-950.000000
-900.000000
-906.000000
-992.000000
-912.000000
-940.000000
-906.000000
-1008.000000
-992.000000
-1002.000000
-926.000000
-1018.000000
-912.000000
-932.000000
-950.000000
-942.000000
-936.000000
-914.000000
-962.000000
-900.000000
-974.000000
-934.000000
-934.000000
-912.000000
-868.000000
-916.000000
-1004.000000
-910.000000
-920.000000
-950.000000
-944.000000
-920.000000
-898.000000
-900.000000
-930.000000
-956.000000
-952.000000
-948.000000
-898.000000
-904.000000
-908.000000
-950.000000
-922.000000
-938.000000
-904.000000
-920.000000
-934.000000
-938.000000
-950.000000
-916.000000
-956.000000
-952.000000
-948.000000
-928.000000
-952.000000
-938.000000
-918.000000
-914.000000
-954.000000
-1024.000000
-930.000000
-922.000000
-916.000000
-1002.000000
-940.000000
-944.000000
-952.000000
-920.000000
-924.000000
-926.000000
-898.000000
-914.000000
-934.000000
-910.000000
-940.000000
-922.000000
-958.000000
-906.000000
-934.000000
-960.000000
-918.000000
-902.000000
-928.000000
-904.000000
-928.000000
-854.000000
-928.000000
-1010.000000
-910.000000
-956.000000
-942.000000
-942.000000
-888.000000
-922.000000
-946.000000
-906.000000
-914.000000
-946.000000
-956.000000
-848.000000
-936.000000
-914.000000
-948.000000
-938.000000
-916.000000
-934.000000
-898.000000
-936.000000
-936.000000
-894.000000
-1162.000000
-914.000000
-922.000000
-906.000000
-934.000000
-942.000000
-870.000000
-942.000000
-912.000000
-912.000000
-918.000000
-912.000000
-926.000000
-918.000000
-864.000000
-898.000000
-924.000000
-908.000000
-1010.000000
-892.000000
-898.000000
-940.000000
-920.000000
-958.000000
-950.000000
-928.000000
-898.000000
-904.000000
-958.000000
-904.000000
-922.000000
-938.000000
-912.000000
-916.000000
-950.000000
-928.000000
-938.000000
-950.000000
-920.000000
-930.000000
-950.000000
-960.000000
-910.000000
-888.000000
-932.000000
-954.000000
-954.000000
-860.000000
-1002.000000
-940.000000
-960.000000
-906.000000
-912.000000
-914.000000
-956.000000
-918.000000
-922.000000
-928.000000
-982.000000
-906.000000
-948.000000
-932.000000
-902.000000
-960.000000
-900.000000
-898.000000
-926.000000
-954.000000
-1016.000000
-942.000000
-932.000000
-948.000000
-916.000000
-926.000000
-936.000000
-914.000000
-952.000000
-910.000000
-948.000000
-952.000000
-912.000000
-850.000000
-928.000000
-902.000000
-928.000000
-944.000000
-930.000000
-912.000000
-1020.000000
-1012.000000
-944.000000
-838.000000
-900.000000
-934.000000
-924.000000
-966.000000
-1022.000000
-964.000000
-934.000000
-936.000000
-916.000000
-938.000000
-764.000000
-958.000000
-938.000000
-920.000000
-930.000000
-1004.000000
-992.000000
-902.000000
-926.000000
-918.000000
-936.000000
-950.000000
-956.000000
-904.000000
-936.000000
-954.000000
-926.000000
-942.000000
-906.000000
-944.000000
-938.000000
-948.000000
-932.000000
-906.000000
-940.000000
-940.000000
-904.000000
-956.000000
-948.000000
-900.000000
-906.000000
-906.000000
-956.000000
-928.000000
-956.000000
-946.000000
-960.000000
-908.000000
-912.000000
-940.000000
-900.000000
-948.000000
-906.000000
-960.000000
-954.000000
-910.000000
-902.000000
-928.000000
-952.000000
-874.000000
-900.000000
-954.000000
-902.000000
-862.000000
-998.000000
-936.000000
-926.000000
-934.000000
-954.000000
-916.000000
-950.000000
-836.000000
-914.000000
-922.000000
-908.000000
-960.000000
-922.000000
-848.000000
-930.000000
-882.000000
-880.000000
-844.000000
-898.000000
-928.000000
-906.000000
-944.000000
-928.000000
-858.000000
-932.000000
-846.000000
-842.000000
-900.000000
-874.000000
-900.000000
-908.000000
-932.000000
-912.000000
-918.000000
-872.000000
-848.000000
-884.000000
-1010.000000
-956.000000
-942.000000
-912.000000
-898.000000
-838.000000
-882.000000
-900.000000
-954.000000
-956.000000
-924.000000
-898.000000
-900.000000
-900.000000
-838.000000
-876.000000
-942.000000
-938.000000
-886.000000
-902.000000
-960.000000
-952.000000
-914.000000
-940.000000
-910.000000
-900.000000
-866.000000
-938.000000
-910.000000
-954.000000
-936.000000
-904.000000
-846.000000
-940.000000
-872.000000
-854.000000
-922.000000
-946.000000
-934.000000
-948.000000
-1002.000000
-908.000000
-806.000000
-874.000000
-958.000000
-880.000000
-948.000000
-938.000000
-920.000000
-922.000000
-848.000000
-930.000000
-944.000000
-912.000000
-942.000000
-898.000000
-930.000000
-954.000000
-958.000000
-902.000000
-958.000000
-948.000000
-908.000000
-854.000000
-930.000000
-952.000000
-958.000000
-922.000000
-874.000000
-956.000000
-948.000000
-910.000000
-956.000000
-900.000000
-850.000000
-924.000000
-954.000000
-902.000000
-782.000000
-846.000000
-950.000000
-908.000000
-862.000000
-956.000000
-902.000000
-904.000000
-898.000000
-916.000000
-916.000000
-838.000000
-840.000000
-874.000000
-958.000000
-834.000000
-916.000000
-908.000000
-980.000000
-860.000000
-936.000000
-914.000000
-892.000000
-862.000000
-882.000000
-946.000000
-968.000000
-854.000000
-834.000000
-914.000000
-906.000000
-852.000000
-900.000000
-906.000000
-916.000000
-956.000000
-896.000000
-932.000000
-844.000000
-914.000000
-840.000000
-918.000000
-944.000000
-916.000000
-884.000000
-842.000000
-840.000000
-910.000000
-906.000000
-922.000000
-840.000000
-936.000000
-844.000000
-940.000000
-936.000000
-916.000000
-838.000000
-844.000000
-846.000000
-926.000000
-912.000000
-918.000000
-916.000000
-904.000000
-894.000000
-912.000000
-920.000000
-898.000000
-896.000000
-960.000000
-924.000000
-912.000000
-868.000000
-898.000000
-940.000000
-912.000000
-960.000000
-920.000000
-868.000000
-882.000000
-834.000000
-898.000000
-890.000000
-912.000000
-850.000000
-920.000000
-934.000000
-866.000000
-878.000000
-870.000000
-884.000000
-956.000000
-846.000000
-860.000000
-894.000000
-878.000000
-870.000000
-858.000000
-872.000000
-888.000000
-894.000000
-776.000000
-844.000000
-858.000000
-834.000000
-908.000000
-894.000000
-844.000000
-838.000000
-868.000000
-844.000000
-890.000000
-870.000000
-926.000000
-938.000000
-924.000000
-636.000000
-868.000000
-858.000000
-872.000000
-866.000000
-888.000000
-942.000000
-918.000000
-840.000000
-854.000000
-874.000000
-852.000000
-890.000000
-862.000000
-846.000000
-850.000000
-868.000000
-842.000000
-846.000000
-918.000000
-848.000000
-846.000000
-842.000000
-838.000000
-864.000000
-878.000000
-892.000000
-854.000000
-842.000000
-850.000000
-864.000000
-846.000000
-858.000000
-860.000000
-866.000000
-864.000000
-896.000000
-858.000000
-856.000000
-842.000000
-844.000000
-836.000000
-874.000000
-838.000000
-870.000000
-884.000000
-860.000000
-886.000000
-838.000000
-852.000000
-880.000000
-852.000000
-892.000000
-860.000000
-880.000000
-884.000000
-896.000000
-868.000000
-896.000000
-858.000000
-786.000000
-874.000000
-852.000000
-870.000000
-856.000000
-886.000000
-866.000000
-890.000000
-848.000000
-872.000000
-798.000000
-838.000000
-850.000000
-866.000000
-838.000000
-848.000000
-838.000000
-858.000000
-878.000000
-838.000000
-834.000000
-866.000000
-854.000000
-816.000000
-834.000000
-836.000000
-884.000000
-856.000000
-856.000000
-838.000000
-778.000000
-796.000000
-866.000000
-878.000000
-838.000000
-870.000000
-614.000000
-896.000000
-792.000000
-876.000000
-878.000000
-890.000000
-878.000000
-882.000000
-852.000000
-862.000000
-800.000000
-850.000000
-858.000000
-886.000000
-846.000000
-778.000000
-860.000000
-886.000000
-868.000000
-874.000000
-790.000000
-858.000000
-874.000000
-874.000000
-862.000000
-834.000000
-878.000000
-864.000000
-778.000000
-860.000000
-814.000000
-860.000000
-866.000000
-812.000000
-862.000000
-864.000000
-788.000000
-850.000000
-868.000000
-876.000000
-794.000000
-792.000000
-854.000000
-846.000000
-840.000000
-874.000000
-784.000000
-874.000000
-844.000000
-830.000000
-868.000000
-872.000000
-862.000000
-868.000000
-810.000000
-784.000000
-870.000000
-852.000000
-792.000000
-814.000000
-882.000000
-808.000000
-770.000000
-822.000000
-782.000000
-772.000000
-772.000000
-836.000000
-812.000000
-784.000000
-828.000000
-826.000000
-828.000000
-776.000000
-772.000000
-742.000000
-748.000000
-948.000000
-772.000000
-770.000000
-790.000000
-862.000000
-816.000000
-818.000000
-780.000000
-728.000000
-1084.000000
-836.000000
-784.000000
-922.000000
-880.000000
-874.000000
-820.000000
-870.000000
-846.000000
-930.000000
-942.000000
-864.000000
-840.000000
-850.000000
-896.000000
-920.000000
-918.000000
-922.000000
-866.000000
-942.000000
-846.000000
-938.000000
-890.000000
-944.000000
-838.000000
-956.000000
-840.000000
-918.000000
-910.000000
-910.000000
-954.000000
-948.000000
-938.000000
-952.000000
-950.000000
-902.000000
-910.000000
-916.000000
-934.000000
-954.000000
-906.000000
-954.000000
-932.000000
-974.000000
-982.000000
-1186.000000
-858.000000
-672.000000
-536.000000
-550.000000
-548.000000
-580.000000
-46.000000
-1024.000000
158.000000
406.000000
918.000000
1062.000000
1184.000000
1400.000000
1440.000000
1248.000000
514.000000
980.000000
1054.000000
1324.000000
1958.000000
1792.000000
1756.000000
1420.000000
1524.000000
1862.000000
1640.000000
2048.000000
1178.000000
1290.000000
1614.000000
1438.000000
998.000000
902.000000
808.000000
416.000000
772.000000
780.000000
584.000000
210.000000
604.000000
726.000000
702.000000
686.000000
992.000000
852.000000
1032.000000
588.000000
340.000000
258.000000
156.000000
772.000000
-244.000000
-268.000000
2268.000000
-1152.000000
-692.000000
-636.000000
-906.000000
-1168.000000
-1086.000000
-1082.000000
-946.000000
-1188.000000
-1332.000000
-1428.000000
-1042.000000
-1250.000000
-1166.000000
-1248.000000
-1230.000000
-1250.000000
-1182.000000
-1178.000000
-1172.000000
-1136.000000
-1116.000000
-1124.000000
-1148.000000
-1096.000000
-1144.000000
-1144.000000
-1098.000000
-1100.000000
-1092.000000
-1108.000000
-1060.000000
-1112.000000
-1028.000000
-1086.000000
-1032.000000
-1030.000000
-1068.000000
-1152.000000
-1032.000000
-1072.000000
-1040.000000
-1070.000000
-1026.000000
-1080.000000
-1048.000000
-1072.000000
-1046.000000
-1074.000000
-1038.000000
-1040.000000
-1044.000000
-1058.000000
-1076.000000
-1074.000000
-1066.000000
-1028.000000
-1066.000000
-1074.000000
-1070.000000
-1076.000000
-1018.000000
-1040.000000
-1060.000000
-1084.000000
-1012.000000
-1086.000000
-1068.000000
-1076.000000
-1064.000000
-1076.000000
-1076.000000
-1086.000000
-1058.000000
-1084.000000
-1048.000000
-1076.000000
-1014.000000
-1054.000000
-1086.000000
-1084.000000
-1082.000000
-1074.000000
-1036.000000
-1050.000000
-1028.000000
-1050.000000
-1072.000000
-1034.000000
-1086.000000
-1048.000000
-1042.000000
-1038.000000
-1026.000000
-1050.000000
-1058.000000
-1038.000000
-1082.000000
-1046.000000
-1054.000000
-1064.000000
-1030.000000
-1030.000000
-1044.000000
-1088.000000
-1040.000000
-1086.000000
-1076.000000
-1026.000000
-1058.000000
-1088.000000
-1078.000000
-1052.000000
-994.000000
-1072.000000
-1030.000000
-1062.000000
-1028.000000
-1050.000000
-1070.000000
-1084.000000
-1052.000000
-1088.000000
-1076.000000
-1078.000000
-1028.000000
-1036.000000
-1064.000000
-1072.000000
-962.000000
-1010.000000
-1052.000000
-1074.000000
-1022.000000
-1048.000000
-1058.000000
-1066.000000
-1010.000000
-1028.000000
-1078.000000
-1086.000000
-1084.000000
-1052.000000
-1030.000000
-1026.000000
-962.000000
-1048.000000
-1060.000000
-1088.000000
-1070.000000
-1070.000000
-1042.000000
-1074.000000
-1066.000000
-1148.000000
-1050.000000
-1038.000000
-1078.000000
-1026.000000
-1010.000000
-1030.000000
-1078.000000
-1028.000000
-1054.000000
-1050.000000
-1044.000000
-1040.000000
-1026.000000
-1028.000000
-1048.000000
-1064.000000
-1088.000000
-1076.000000
-1052.000000
-1044.000000
-1034.000000
-1088.000000
-1012.000000
-1050.000000
-1064.000000
-1084.000000
-1080.000000
-1016.000000
-1060.000000
-1050.000000
-1084.000000
-1080.000000
-1066.000000
-1078.000000
-1080.000000
-1152.000000
-1050.000000
-1046.000000
-1030.000000
-1026.000000
-1076.000000
-1072.000000
-1068.000000
-1036.000000
-1080.000000
-1080.000000
-1080.000000
-1026.000000
-1088.000000
-1080.000000
-1076.000000
-1084.000000
-1050.000000
-1076.000000
-1064.000000
-1086.000000
-1050.000000
-1086.000000
-1048.000000
-1064.000000
-1026.000000
-1050.000000
-1050.000000
-1060.000000
-1064.000000
-1056.000000
-998.000000
-1086.000000
-1070.000000
-1070.000000
-1066.000000
-1044.000000
-1062.000000
-1088.000000
-1086.000000
-968.000000
-1042.000000
-1060.000000
-986.000000
-1082.000000
-1088.000000
-1038.000000
-1084.000000
-1056.000000
-1044.000000
-1054.000000
-962.000000
-1048.000000
-1050.000000
-1054.000000
-1008.000000
-1062.000000
-1032.000000
-1086.000000
-966.000000
-1026.000000
-1044.000000
-1044.000000
-1034.000000
-1030.000000
-1060.000000
-1048.000000
-1084.000000
-1058.000000
-1054.000000
-1048.000000
-976.000000
-1040.000000
-1044.000000
-1032.000000
-1034.000000
-1052.000000
-1064.000000
-1044.000000
-1076.000000
-1030.000000
-1056.000000
-1052.000000
-1038.000000
-1062.000000
-1052.000000
-1048.000000
-1020.000000
-1042.000000
-1028.000000
-1076.000000
-1076.000000
-1042.000000
-1068.000000
-1056.000000
-976.000000
-1042.000000
-1048.000000
-1032.000000
-1034.000000
-1072.000000
-1060.000000
-1054.000000
-972.000000
-1072.000000
-1070.000000
-1046.000000
-1038.000000
-1028.000000
-1058.000000
-1058.000000
-988.000000
-1048.000000
-1068.000000
-1054.000000
-974.000000
-1080.000000
-1080.000000
-1064.000000
-1052.000000
-1050.000000
-1062.000000
-1074.000000
-984.000000
-1070.000000
-1012.000000
-1072.000000
-1066.000000
-1066.000000
-1076.000000
-1076.000000
-978.000000
-1026.000000
-1082.000000
-1078.000000
-992.000000
-1078.000000
-1026.000000
-1078.000000
-972.000000
-1072.000000
-1076.000000
-1066.000000
-1016.000000
-1080.000000
-1076.000000
-1048.000000
-1040.000000
-992.000000
-1010.000000
-1080.000000
-970.000000
-1072.000000
-1082.000000
-1076.000000
-978.000000
-1080.000000
-1006.000000
-1082.000000
-994.000000
-1074.000000
-1084.000000
-1080.000000
-976.000000
-1070.000000
-1008.000000
-1070.000000
-1002.000000
-1020.000000
-1078.000000
-1088.000000
-990.000000
-1046.000000
-1078.000000
-1080.000000
-1048.000000
-1080.000000
-1086.000000
-1074.000000
-994.000000
-1054.000000
-1082.000000
-1024.000000
-1048.000000
-1078.000000
-1072.000000
-1084.000000
-986.000000
-1050.000000
-1084.000000
-1076.000000
-986.000000
-1072.000000
-1082.000000
-1078.000000
-964.000000
-1078.000000
-1076.000000
-1068.000000
-1050.000000
-1076.000000
-1080.000000
-1072.000000
-1076.000000
-1078.000000
-1054.000000
-1076.000000
-1046.000000
-1080.000000
-1084.000000
-1078.000000
-1046.000000
-1028.000000
-1086.000000
-998.000000
-1072.000000
-1028.000000
-1060.000000
-1078.000000
-992.000000
-1076.000000
-1010.000000
-1076.000000
-1062.000000
-1074.000000
-992.000000
-998.000000
-1026.000000
-972.000000
-1034.000000
-1046.000000
-1010.000000
-1016.000000
-1014.000000
-1066.000000
-988.000000
-1014.000000
-1024.000000
-1012.000000
-1018.000000
-962.000000
-1010.000000
-982.000000
-1004.000000
-1084.000000
-1060.000000
-994.000000
-976.000000
-1000.000000
-1086.000000
-1028.000000
-1010.000000
-1020.000000
-1002.000000
-986.000000
-1014.000000
-1082.000000
-1022.000000
-1018.000000
-998.000000
-1020.000000
-962.000000
-1004.000000
-984.000000
-1014.000000
-980.000000
-1010.000000
-1000.000000
-1018.000000
-1080.000000
-1084.000000
-998.000000
-962.000000
-1020.000000
-1010.000000
-984.000000
-1006.000000
-1016.000000
-1006.000000
-988.000000
-1022.000000
-996.000000
-998.000000
-980.000000
-1006.000000
-1010.000000
-1082.000000
-986.000000
-1080.000000
-984.000000
-1010.000000
-1010.000000
-1010.000000
-1074.000000
-1082.000000
-966.000000
-1080.000000
-1072.000000
-1010.000000
-980.000000
-1016.000000
-1012.000000
-1010.000000
-1008.000000
-966.000000
-1012.000000
-1088.000000
-984.000000
-998.000000
-1056.000000
-1018.000000
-986.000000
-1012.000000
-994.000000
-1018.000000
-990.000000
-1018.000000
-964.000000
-1000.000000
-972.000000
-1018.000000
-1012.000000
-992.000000
-988.000000
-1020.000000
-1016.000000
-1010.000000
-1006.000000
-1018.000000
-998.000000
-972.000000
-1012.000000
-1020.000000
-1010.000000
-1012.000000
-1010.000000
-1014.000000
-1062.000000
-1014.000000
-1016.000000
-1018.000000
-1018.000000
-1020.000000
-1012.000000
-994.000000
-1020.000000
-1020.000000
-1020.000000
-1020.000000
-1022.000000
-990.000000
-964.000000
-1006.000000
-1016.000000
-968.000000
-1022.000000
-1022.000000
-1086.000000
-966.000000
-1002.000000
-984.000000
-990.000000
-1008.000000
-1010.000000
-994.000000
-988.000000
-1008.000000
-990.000000
-1006.000000
-1006.000000
-1012.000000
-998.000000
-1008.000000
-1006.000000
-1004.000000
-994.000000
-1012.000000
-1018.000000
-1000.000000
-988.000000
-1020.000000
-1022.000000
-1000.000000
-1016.000000
-992.000000
-1012.000000
-1008.000000
-968.000000
-988.000000
-1010.000000
-1018.000000
-978.000000
-1018.000000
-1006.000000
-1024.000000
-1000.000000
-1016.000000
-1026.000000
-1004.000000
-988.000000
-990.000000
-1002.000000
-1008.000000
-978.000000
-996.000000
-996.000000
-994.000000
-974.000000
-996.000000
-1014.000000
-1014.000000
-1008.000000
-1016.000000
-1010.000000
-1014.000000
-994.000000
-1002.000000
-1012.000000
-1012.000000
-1004.000000
-1014.000000
-1016.000000
-1010.000000
-972.000000
-994.000000
-1010.000000
-1022.000000
-1052.000000
-1006.000000
-986.000000
-1056.000000
-972.000000
-1018.000000
-996.000000
-1008.000000
-1000.000000
-1006.000000
-990.000000
-976.000000
-966.000000
-994.000000
-974.000000
-990.000000
-1024.000000
-980.000000
-982.000000
-998.000000
-964.000000
-1014.000000
-1006.000000
-984.000000
-962.000000
-988.000000
-1014.000000
-1010.000000
-1016.000000
-1018.000000
-1014.000000
-998.000000
-974.000000
-1006.000000
-1008.000000
-992.000000
-976.000000
-1018.000000
-1018.000000
-1002.000000
-984.000000
-1002.000000
-998.000000
-994.000000
-978.000000
-1010.000000
-980.000000
-1012.000000
-974.000000
-986.000000
-992.000000
-994.000000
-966.000000
-1020.000000
-1022.000000
-1008.000000
-982.000000
-984.000000
-1006.000000
-980.000000
-1022.000000
-990.000000
-982.000000
-980.000000
-974.000000
-976.000000
-1010.000000
-1006.000000
-1016.000000
-1016.000000
-992.000000
-968.000000
-966.000000
-984.000000
-1014.000000
-992.000000
-972.000000
-988.000000
-992.000000
-968.000000
-966.000000
-990.000000
-978.000000
-964.000000
-978.000000
-976.000000
-962.000000
-966.000000
-974.000000
-980.000000
-996.000000
-986.000000
-1010.000000
-998.000000
-984.000000
-990.000000
-1008.000000
-970.000000
-978.000000
-968.000000
-964.000000
-978.000000
-972.000000
-976.000000
-1022.000000
-986.000000
-978.000000
-1024.000000
-968.000000
-972.000000
-964.000000
-980.000000
-970.000000
-988.000000
-992.000000
-1022.000000
-1018.000000
-974.000000
-970.000000
-964.000000
-992.000000
-970.000000
-972.000000
-970.000000
-1022.000000
-966.000000
-1010.000000
-970.000000
-1008.000000
-964.000000
-982.000000
-970.000000
-1018.000000
-1020.000000
-974.000000
-966.000000
-990.000000
-1014.000000
-978.000000
-1008.000000
-1010.000000
-1018.000000
-988.000000
-968.000000
-980.000000
-1034.000000
-1012.000000
-972.000000
-1006.000000
-1022.000000
-1024.000000
-982.000000
-1020.000000
-1016.000000
-1008.000000
-1016.000000
-902.000000
-914.000000
-998.000000
-992.000000
-1008.000000
-980.000000
-984.000000
-1000.000000
-990.000000
-1008.000000
-968.000000
-984.000000
-980.000000
-1002.000000
-990.000000
-994.000000
-1018.000000
-966.000000
-1016.000000
-970.000000
-1020.000000
-978.000000
-962.000000
-982.000000
-950.000000
-1004.000000
-1008.000000
-1016.000000
-996.000000
-966.000000
-914.000000
-1006.000000
-982.000000
-1050.000000
-996.000000
-1002.000000
-972.000000
-1012.000000
-1008.000000
-988.000000
-996.000000
-1006.000000
-970.000000
-988.000000
-1016.000000
-980.000000
-972.000000
-964.000000
-978.000000
-980.000000
-962.000000
-1004.000000
-1014.000000
-1016.000000
-980.000000
-960.000000
-950.000000
-1022.000000
-972.000000
-1004.000000
-966.000000
-976.000000
-998.000000
-966.000000
-944.000000
-964.000000
-1000.000000
-964.000000
-984.000000
-974.000000
-1040.000000
-938.000000
-918.000000
-968.000000
-952.000000
-968.000000
-982.000000
-1014.000000
-1012.000000
-978.000000
-990.000000
-1004.000000
-1024.000000
-948.000000
-902.000000
-900.000000
-974.000000
-1018.000000
-974.000000
-996.000000
-910.000000
-964.000000
-970.000000
-994.000000
-996.000000
-1026.000000
-966.000000
-994.000000
-1000.000000
-988.000000
-994.000000
-982.000000
-974.000000
-982.000000
-994.000000
-964.000000
-992.000000
-1068.000000
-994.000000
-1000.000000
-1004.000000
-976.000000
-830.000000
-1092.000000
-1020.000000
-966.000000
-1066.000000
-1062.000000
-1060.000000
-1042.000000
-1088.000000
-1080.000000
-1072.000000
-1046.000000
-978.000000
-974.000000
-1052.000000
-1034.000000
-964.000000
-986.000000
-1038.000000
-1034.000000
-980.000000
-1060.000000
-1146.000000
-1002.000000
-974.000000
-1068.000000
-1020.000000
-1006.000000
-992.000000
-970.000000
-966.000000
-1062.000000
-966.000000
-962.000000
-976.000000
-1028.000000
-998.000000
-1046.000000
-1046.000000
-1034.000000
-1024.000000
-1016.000000
-1060.000000
-988.000000
-1024.000000
-964.000000
-976.000000
-1072.000000
-966.000000
-1064.000000
-1052.000000
-1048.000000
-1008.000000
-1052.000000
-1040.000000
-1030.000000
-976.000000
-976.000000
-972.000000
-1050.000000
-1002.000000
-1014.000000
-1038.000000
-1068.000000
-1002.000000
-1008.000000
-1020.000000
-1040.000000
-1018.000000
-1032.000000
-994.000000
-998.000000
-1000.000000
-980.000000
-1088.000000
-984.000000
-1012.000000
-976.000000
-982.000000
-978.000000
-996.000000
-1152.000000
-1010.000000
-1028.000000
-1000.000000
-1012.000000
-994.000000
-1084.000000
-984.000000
-1014.000000
-978.000000
-1074.000000
-986.000000
-1012.000000
-1000.000000
-1008.000000
-964.000000
-962.000000
-1008.000000
-976.000000
-1016.000000
-1042.000000
-1060.000000
-994.000000
-970.000000
-992.000000
-998.000000
-994.000000
-1022.000000
-966.000000
-990.000000
-1018.000000
-1004.000000
-994.000000
-966.000000
-1020.000000
-980.000000
-1042.000000
-1104.000000
-1030.000000
-978.000000
-988.000000
-1052.000000
-1058.000000
-1062.000000
-1060.000000
-1064.000000
-1048.000000
-992.000000
-1050.000000
-1082.000000
-976.000000
-1010.000000
-970.000000
-974.000000
-1088.000000
-1012.000000
-1062.000000
-1032.000000
-978.000000
-1006.000000
-1018.000000
-1028.000000
-988.000000
-1000.000000
-1072.000000
-1012.000000
-978.000000
-970.000000
-1010.000000
-1008.000000
-1020.000000
-1058.000000
-1072.000000
-1002.000000
-998.000000
-1076.000000
-1034.000000
-1050.000000
-1048.000000
-1052.000000
-1068.000000
-1010.000000
-1088.000000
-1032.000000
-1052.000000
-1056.000000
-986.000000
-962.000000
-1052.000000
-1080.000000
-1076.000000
-1082.000000
-1044.000000
-1060.000000
-1084.000000
-978.000000
-1082.000000
-1078.000000
-1028.000000
-974.000000
-998.000000
-998.000000
-1044.000000
-1058.000000
-1056.000000
-1044.000000
-1072.000000
-1000.000000
-1058.000000
-1088.000000
-1086.000000
-1012.000000
-1058.000000
-1030.000000
-1022.000000
-994.000000
-994.000000
-990.000000
-1000.000000
-1074.000000
-996.000000
-1080.000000
-1076.000000
-976.000000
-1030.000000
-984.000000
-1008.000000
-1020.000000
-976.000000
-1006.000000
-1010.000000
-998.000000
-1030.000000
-1080.000000
-1084.000000
-1066.000000
-972.000000
-1048.000000
-982.000000
-1034.000000
-982.000000
-1052.000000
-996.000000
-982.000000
-1056.000000
-988.000000
-1052.000000
-994.000000
-1010.000000
-1010.000000
-1064.000000
-994.000000
-1072.000000
-1058.000000
-1048.000000
-970.000000
-984.000000
-1064.000000
-1074.000000
-1056.000000
-1008.000000
-1032.000000
-964.000000
-978.000000
-1044.000000
-1046.000000
-1000.000000
-1016.000000
-990.000000
-1030.000000
-1066.000000
-966.000000
-1082.000000
-1062.000000
-976.000000
-1276.000000
-940.000000
-966.000000
-1056.000000
-1088.000000
-972.000000
-1046.000000
-1058.000000
-1012.000000
-976.000000
-996.000000
-976.000000
-1000.000000
-1060.000000
-1072.000000
-1076.000000
-978.000000
-998.000000
-998.000000
-1064.000000
-980.000000
-1000.000000
-1070.000000
-1004.000000
-982.000000
-998.000000
-996.000000
-998.000000
-994.000000
-1076.000000
-1018.000000
-986.000000
-1024.000000
-970.000000
-1078.000000
-1078.000000
-1056.000000
-978.000000
-996.000000
-1080.000000
-1012.000000
-1058.000000
-1064.000000
-982.000000
-1050.000000
-1046.000000
-990.000000
-1036.000000
-1024.000000
-994.000000
-986.000000
-1066.000000
-1022.000000
-1002.000000
-980.000000
-1058.000000
-966.000000
-1010.000000
-1082.000000
-990.000000
-968.000000
-1034.000000
-992.000000
-1008.000000
-1016.000000
-970.000000
-970.000000
-992.000000
-986.000000
-1018.000000
-974.000000
-1010.000000
-982.000000
-1004.000000
-970.000000
-1006.000000
-1012.000000
-1012.000000
-970.000000
-1004.000000
-996.000000
-940.000000
-970.000000
-1004.000000
-1022.000000
-1010.000000
-1112.000000
-964.000000
-982.000000
-970.000000
-990.000000
-1040.000000
-994.000000
-974.000000
-962.000000
-1082.000000
-968.000000
-1056.000000
-1038.000000
-1050.000000
-970.000000
-974.000000
-998.000000
-994.000000
-1008.000000
-986.000000
-1068.000000
-966.000000
-966.000000
-1024.000000
-1064.000000
-1084.000000
-976.000000
-994.000000
-1018.000000
-1072.000000
-962.000000
-1016.000000
-976.000000
-992.000000
-1006.000000
-982.000000
-1036.000000
-1042.000000
-1002.000000
-1048.000000
-1058.000000
-1010.000000
-984.000000
-990.000000
-1084.000000
-1044.000000
-1008.000000
-986.000000
-966.000000
-976.000000
-1006.000000
-986.000000
-972.000000
-1024.000000
-984.000000
-1024.000000
-1018.000000
-966.000000
-990.000000
-986.000000
-986.000000
-1022.000000
-1008.000000
-978.000000
-974.000000
-980.000000
-964.000000
-986.000000
-1020.000000
-1002.000000
-994.000000
-1000.000000
-966.000000
-1066.000000
-918.000000
-1012.000000
-1046.000000
-1018.000000
-1016.000000
-986.000000
-1016.000000
-980.000000
-976.000000
-986.000000
-976.000000
-1018.000000
-1012.000000
-998.000000
-992.000000
-812.000000
-920.000000
-1042.000000
-962.000000
-1012.000000
-998.000000
-970.000000
-974.000000
-1016.000000
-998.000000
-1050.000000
-1048.000000
-1018.000000
-988.000000
-1000.000000
-982.000000
-1024.000000
-908.000000
-986.000000
-962.000000
-992.000000
-924.000000
-988.000000
-990.000000
-982.000000
-984.000000
-976.000000
-980.000000
-990.000000
-998.000000
-1038.000000
-982.000000
-982.000000
-966.000000
-964.000000
-966.000000
-990.000000
-964.000000
-990.000000
-998.000000
-996.000000
-902.000000
-966.000000
-962.000000
-1002.000000
-934.000000
-1020.000000
-932.000000
-980.000000
-960.000000
-1046.000000
-988.000000
-910.000000
-898.000000
-966.000000
-926.000000
-1004.000000
-978.000000
-934.000000
-946.000000
-920.000000
-1004.000000
-996.000000
-1000.000000
-974.000000
-944.000000
-1008.000000
-940.000000
-932.000000
-990.000000
-1012.000000
-912.000000
-928.000000
-934.000000
-974.000000
-924.000000
-906.000000
-998.000000
-1016.000000
-944.000000
-1000.000000
-932.000000
-1152.000000
-974.000000
-974.000000
-954.000000
-948.000000
-952.000000
-960.000000
-924.000000
-984.000000
-1024.000000
-1000.000000
-922.000000
-954.000000
-1016.000000
-1014.000000
-900.000000
-1042.000000
-988.000000
-942.000000
-932.000000
-956.000000
-916.000000
-924.000000
-930.000000
-900.000000
-1004.000000
-898.000000
-944.000000
-1018.000000
-974.000000
-936.000000
-932.000000
-898.000000
-998.000000
-942.000000
-906.000000
-986.000000
-956.000000
-942.000000
-918.000000
-934.000000
-920.000000
-952.000000
-952.000000
-920.000000
-906.000000
-990.000000
-924.000000
-930.000000
-910.000000
-880.000000
-870.000000
-892.000000
-982.000000
-950.000000
-944.000000
-908.000000
-934.000000
-888.000000
-936.000000
-884.000000
-908.000000
-898.000000
-948.000000
-914.000000
-938.000000
-1082.000000
-946.000000
-908.000000
-948.000000
-868.000000
-944.000000
-922.000000
-970.000000
-918.000000
-930.000000
-1006.000000
-956.000000
-1016.000000
-956.000000
-1006.000000
-926.000000
-900.000000
-934.000000
-950.000000
-988.000000
-904.000000
-1192.000000
-858.000000
-900.000000
-1004.000000
-960.000000
-996.000000
-952.000000
-990.000000
-954.000000
-972.000000
-940.000000
-960.000000
-930.000000
-972.000000
-940.000000
-926.000000
-952.000000
-968.000000
-910.000000
-900.000000
-946.000000
-922.000000
-902.000000
-1014.000000
-908.000000
-938.000000
-968.000000
-1022.000000
-910.000000
-970.000000
-958.000000
-918.000000
-956.000000
-992.000000
-1012.000000
-974.000000
-914.000000
-960.000000
-988.000000
-934.000000
-956.000000
-992.000000
-918.000000
-906.000000
-902.000000
-962.000000
-924.000000
-974.000000
-938.000000
-990.000000
-944.000000
-954.000000
-1012.000000
-904.000000
-932.000000
-920.000000
-924.000000
-950.000000
-948.000000
-988.000000
-1018.000000
-954.000000
-960.000000
-908.000000
-950.000000
-952.000000
-878.000000
-922.000000
-928.000000
-922.000000
-924.000000
-954.000000
-934.000000
-904.000000
-938.000000
-898.000000
-960.000000
-954.000000
-920.000000
-932.000000
-912.000000
-938.000000
-956.000000
-906.000000
-968.000000
-840.000000
-930.000000
-938.000000
-940.000000
-914.000000
-922.000000
-1006.000000
-844.000000
-928.000000
-922.000000
-898.000000
-926.000000
-928.000000
-1016.000000
-958.000000
-944.000000
-898.000000
-918.000000
-906.000000
-898.000000
-954.000000
-906.000000
-900.000000
-934.000000
-948.000000
-950.000000
-942.000000
-906.000000
-926.000000
-932.000000
-878.000000
-884.000000
-940.000000
-940.000000
-960.000000
-950.000000
-958.000000
-1038.000000
-944.000000
-862.000000
-938.000000
-956.000000
-848.000000
-844.000000
-850.000000
-888.000000
-948.000000
-840.000000
-876.000000
-914.000000
-850.000000
-872.000000
-846.000000
-864.000000
-890.000000
-876.000000
-896.000000
-890.000000
-850.000000
-870.000000
-870.000000
-838.000000
-928.000000
-888.000000
-868.000000
-840.000000
-852.000000
-878.000000
-846.000000
-848.000000
-934.000000
-794.000000
-936.000000
-954.000000
-850.000000
-838.000000
-932.000000
-942.000000
-932.000000
-852.000000
-918.000000
-920.000000
-850.000000
-932.000000
-912.000000
-960.000000
-878.000000
-848.000000
-844.000000
-916.000000
-918.000000
-886.000000
-934.000000
-928.000000
-942.000000
-860.000000
-866.000000
-934.000000
-842.000000
-870.000000
-942.000000
-878.000000
-890.000000
-908.000000
-898.000000
-930.000000
-902.000000
-938.000000
-942.000000
-924.000000
-856.000000
-936.000000
-956.000000
-848.000000
-932.000000
-852.000000
-834.000000
-936.000000
-944.000000
-914.000000
-926.000000
-924.000000
-926.000000
-924.000000
-932.000000
-938.000000
-908.000000
-864.000000
-848.000000
-864.000000
-844.000000
-848.000000
-886.000000
-926.000000
-908.000000
-892.000000
-926.000000
-948.000000
-890.000000
-872.000000
-876.000000
-858.000000
-844.000000
-874.000000
-838.000000
-882.000000
-868.000000
-876.000000
-950.000000
-860.000000
-880.000000
-836.000000
-786.000000
-858.000000
-892.000000
-892.000000
-872.000000
-876.000000
-834.000000
-888.000000
-880.000000
-906.000000
-870.000000
-882.000000
-860.000000
-1030.000000
-836.000000
-846.000000
-906.000000
-926.000000
-868.000000
-882.000000
-870.000000
-862.000000
-856.000000
-850.000000
-892.000000
-894.000000
-840.000000
-844.000000
-820.000000
-844.000000
-860.000000
-862.000000
-892.000000
-876.000000
-836.000000
-862.000000
-852.000000
-884.000000
-876.000000
-852.000000
-896.000000
-840.000000
-894.000000
-858.000000
-904.000000
-838.000000
-798.000000
-834.000000
-718.000000
-876.000000
-846.000000
-892.000000
-920.000000
-770.000000
-954.000000
-834.000000
-876.000000
-882.000000
-866.000000
-854.000000
-862.000000
-888.000000
-856.000000
-850.000000
-882.000000
-838.000000
-886.000000
-848.000000
-878.000000
-834.000000
-884.000000
-846.000000
-848.000000
-854.000000
-864.000000
-836.000000
-860.000000
-890.000000
-882.000000
-896.000000
-864.000000
-844.000000
-896.000000
-892.000000
-920.000000
-834.000000
-892.000000
-872.000000
-868.000000
-868.000000
-858.000000
-894.000000
-838.000000
-834.000000
-880.000000
-948.000000
-910.000000
-960.000000
-952.000000
-938.000000
-906.000000
-894.000000
-1016.000000
-852.000000
-864.000000
-900.000000
-920.000000
-890.000000
-1096.000000
-932.000000
-896.000000
-890.000000
-908.000000
-936.000000
-934.000000
-880.000000
-906.000000
-908.000000
-934.000000
-934.000000
-870.000000
-928.000000
-948.000000
-840.000000
-948.000000
-926.000000
-910.000000
-946.000000
-902.000000
-902.000000
-942.000000
-840.000000
-900.000000
-882.000000
-958.000000
-888.000000
-844.000000
-956.000000
-898.000000
-922.000000
-942.000000
-938.000000
-866.000000
-850.000000
-858.000000
-922.000000
-856.000000
-858.000000
-886.000000
-836.000000
-944.000000
-896.000000
-840.000000
-834.000000
-954.000000
-798.000000
-808.000000
-948.000000
-870.000000
-878.000000
-848.000000
-844.000000
-840.000000
-870.000000
-844.000000
-840.000000
-770.000000
-852.000000
-844.000000
-848.000000
-848.000000
-888.000000
-876.000000
-852.000000
-846.000000
-792.000000
-882.000000
-980.000000
-856.000000
-884.000000
-838.000000
-840.000000
-856.000000
-834.000000
-844.000000
-850.000000
-876.000000
-878.000000
-840.000000
-846.000000
-902.000000
-880.000000
-834.000000
-914.000000
-868.000000
-776.000000
-874.000000
-836.000000
-848.000000
-950.000000
-940.000000
-860.000000
-872.000000
-834.000000
-842.000000
-870.000000
-840.000000
-842.000000
-852.000000
-846.000000
-910.000000
-834.000000
-840.000000
-840.000000
-834.000000
-892.000000
-844.000000
-848.000000
-890.000000
-894.000000
-868.000000
-774.000000
-890.000000
-780.000000
-822.000000
-850.000000
-840.000000
-800.000000
-824.000000
-772.000000
-796.000000
-798.000000
-834.000000
-852.000000
-812.000000
-866.000000
-890.000000
-812.000000
-756.000000
-648.000000
-820.000000
-856.000000
-788.000000
-772.000000
-834.000000
-834.000000
-786.000000
-718.000000
-706.000000
-782.000000
-820.000000
-876.000000
-802.000000
-798.000000
-824.000000
-716.000000
-776.000000
-732.000000
-760.000000
-832.000000
-796.000000
-800.000000
-660.000000
-862.000000
-814.000000
-718.000000
-750.000000
-808.000000
-816.000000
-784.000000
-778.000000
-826.000000
-796.000000
-830.000000
-794.000000
-764.000000
-812.000000
-830.000000
-800.000000
-710.000000
-732.000000
-746.000000
-778.000000
-826.000000
-786.000000
-806.000000
-772.000000
-792.000000
-802.000000
-820.000000
-714.000000
-824.000000
-866.000000
-786.000000
-832.000000
-788.000000
-828.000000
-772.000000
-874.000000
-742.000000
-726.000000
-826.000000
-832.000000
-818.000000
-830.000000
-892.000000
-770.000000
-814.000000
-796.000000
-840.000000
-794.000000
-802.000000
-824.000000
-848.000000
-844.000000
-790.000000
-870.000000
-792.000000
-878.000000
-878.000000
-852.000000
-860.000000
-838.000000
-848.000000
-882.000000
-848.000000
-854.000000
-914.000000
-914.000000
-920.000000
-852.000000
-836.000000
-848.000000
-846.000000
-834.000000
-846.000000
-878.000000
-916.000000
-898.000000
-862.000000
-914.000000
-918.000000
-976.000000
-850.000000
-876.000000
-924.000000
-934.000000
-878.000000
-902.000000
-926.000000
-946.000000
-876.000000
-894.000000
-858.000000
-844.000000
-888.000000
-926.000000
-934.000000
-892.000000
-896.000000
-874.000000
-858.000000
-892.000000
-844.000000
-856.000000
-902.000000
-866.000000
-878.000000
-894.000000
-858.000000
-868.000000
-872.000000
-860.000000
-880.000000
-888.000000
-856.000000
-886.000000
-906.000000
-896.000000
-860.000000
-852.000000
-928.000000
-914.000000
-896.000000
-910.000000
-942.000000
-888.000000
-918.000000
-926.000000
-898.000000
-912.000000
-896.000000
-882.000000
-910.000000
-906.000000
-890.000000
-914.000000
-854.000000
-854.000000
-902.000000
-954.000000
-930.000000
-874.000000
-882.000000
-860.000000
-846.000000
-894.000000
-840.000000
-910.000000
-884.000000
-914.000000
-910.000000
-888.000000
-780.000000
-850.000000
-838.000000
-890.000000
-896.000000
-922.000000
-856.000000
-866.000000
-874.000000
-852.000000
-856.000000
-868.000000
-932.000000
-834.000000
-838.000000
-834.000000
-836.000000
-854.000000
-880.000000
-880.000000
-866.000000
-910.000000
-860.000000
-864.000000
-816.000000
-840.000000
-864.000000
-946.000000
-844.000000
-876.000000
-860.000000
-892.000000
-796.000000
-876.000000
-872.000000
-846.000000
-864.000000
-882.000000
-852.000000
-848.000000
-864.000000
-874.000000
-876.000000
-746.000000
-880.000000
-834.000000
-850.000000
-862.000000
-826.000000
-872.000000
-854.000000
-802.000000
-788.000000
-876.000000
-846.000000
-770.000000
-844.000000
-800.000000
-876.000000
-882.000000
-838.000000
-798.000000
-818.000000
-828.000000
-808.000000
-776.000000
-798.000000
-828.000000
-802.000000
-778.000000
-888.000000
-772.000000
-784.000000
-830.000000
-802.000000
-774.000000
-748.000000
-800.000000
-818.000000
-776.000000
-806.000000
-776.000000
-816.000000
-796.000000
-814.000000
-812.000000
-788.000000
-770.000000
-786.000000
-780.000000
-788.000000
-812.000000
-824.000000
-850.000000
-772.000000
-802.000000
-700.000000
-816.000000
-844.000000
-858.000000
-886.000000
-788.000000
-816.000000
-786.000000
-808.000000
-890.000000
-790.000000
-850.000000
-840.000000
-800.000000
-770.000000
-798.000000
-896.000000
-888.000000
-838.000000
-876.000000
-802.000000
-822.000000
-784.000000
-798.000000
-800.000000
-788.000000
-738.000000
-822.000000
-818.000000
-896.000000
-790.000000
-854.000000
-808.000000
-796.000000
-780.000000
-822.000000
-802.000000
-776.000000
-758.000000
-798.000000
-776.000000
-724.000000
-740.000000
-790.000000
-792.000000
-832.000000
-822.000000
-802.000000
-826.000000
-798.000000
-760.000000
-734.000000
-732.000000
-732.000000
-714.000000
-736.000000
-728.000000
-718.000000
-726.000000
-812.000000
-784.000000
-730.000000
-760.000000
-742.000000
-786.000000
-712.000000
-794.000000
-828.000000
-818.000000
-812.000000
-784.000000
-824.000000
-774.000000
-786.000000
-728.000000
-788.000000
-808.000000
-858.000000
-794.000000
-788.000000
-804.000000
-788.000000
-802.000000
-848.000000
-826.000000
-812.000000
-816.000000
-776.000000
-788.000000
-780.000000
-842.000000
-880.000000
-824.000000
-776.000000
-790.000000
-778.000000
-766.000000
-876.000000
-816.000000
-896.000000
-850.000000
-820.000000
-770.000000
-888.000000
-850.000000
-806.000000
-860.000000
-846.000000
-880.000000
-820.000000
-806.000000
-872.000000
-866.000000
-784.000000
-878.000000
-838.000000
-782.000000
-792.000000
-796.000000
-820.000000
-862.000000
-858.000000
-794.000000
-890.000000
-882.000000
-794.000000
-784.000000
-786.000000
-788.000000
-732.000000
-832.000000
-736.000000
-876.000000
-782.000000
-772.000000
-820.000000
-866.000000
-820.000000
-806.000000
-890.000000
-848.000000
-796.000000
-832.000000
-790.000000
-816.000000
-778.000000
-790.000000
-748.000000
-816.000000
-778.000000
-818.000000
-712.000000
-788.000000
-774.000000
-790.000000
-824.000000
-706.000000
-832.000000
-716.000000
-816.000000
-810.000000
-802.000000
-760.000000
-724.000000
-802.000000
-724.000000
-768.000000
-830.000000
-798.000000
-728.000000
-788.000000
-796.000000
-744.000000
-762.000000
-712.000000
-728.000000
-744.000000
-724.000000
-718.000000
-768.000000
-718.000000
-734.000000
-714.000000
-722.000000
-754.000000
-734.000000
-756.000000
-740.000000
-714.000000
-652.000000
-758.000000
-776.000000
-830.000000
-810.000000
-742.000000
-720.000000
-720.000000
-708.000000
-760.000000
-794.000000
-772.000000
-708.000000
-752.000000
-832.000000
-772.000000
-774.000000
-722.000000
-782.000000
-828.000000
-810.000000
-756.000000
-772.000000
-712.000000
-780.000000
-736.000000
-816.000000
-754.000000
-752.000000
-888.000000
-792.000000
-736.000000
-770.000000
-762.000000
-822.000000
-740.000000
-772.000000
-824.000000
-790.000000
-774.000000
-826.000000
-806.000000
-810.000000
-830.000000
-770.000000
-788.000000
-888.000000
-826.000000
-828.000000
-800.000000
-782.000000
-772.000000
-822.000000
-720.000000
-770.000000
-820.000000
-780.000000
-816.000000
-852.000000
-812.000000
-788.000000
-720.000000
-710.000000
-736.000000
-802.000000
-762.000000
-726.000000
-806.000000
-804.000000
-720.000000
-832.000000
-828.000000
-714.000000
-786.000000
-802.000000
-774.000000
-744.000000
-800.000000
-784.000000
-804.000000
-878.000000
-744.000000
-740.000000
-780.000000
-780.000000
-1230.000000
-744.000000
-714.000000
-832.000000
-780.000000
-826.000000
-832.000000
-832.000000
-794.000000
-820.000000
-790.000000
-814.000000
-712.000000
-830.000000
-824.000000
-800.000000
-822.000000
-814.000000
-810.000000
-786.000000
-814.000000
-778.000000
-814.000000
-814.000000
-730.000000
-782.000000
-820.000000
-798.000000
-744.000000
-844.000000
-824.000000
-784.000000
-806.000000
-796.000000
-840.000000
-766.000000
-780.000000
-894.000000
-832.000000
-732.000000
-816.000000
-774.000000
-820.000000
-760.000000
-790.000000
-810.000000
-832.000000
-794.000000
-712.000000
-752.000000
-792.000000
-718.000000
-782.000000
-822.000000
-738.000000
-778.000000
-762.000000
-718.000000
-748.000000
-750.000000
-668.000000
-768.000000
-892.000000
-818.000000
-670.000000
-754.000000
-794.000000
-712.000000
-654.000000
-718.000000
-706.000000
-744.000000
-742.000000
-642.000000
-716.000000
-782.000000
-706.000000
-644.000000
-710.000000
-712.000000
-748.000000
-706.000000
-748.000000
-762.000000
-642.000000
-724.000000
-792.000000
-832.000000
-788.000000
-824.000000
-816.000000
-832.000000
-788.000000
-790.000000
-824.000000
-786.000000
-788.000000
-824.000000
-804.000000
-798.000000
-812.000000
-812.000000
-820.000000
-772.000000
-826.000000
-812.000000
-820.000000
-822.000000
-820.000000
-832.000000
-808.000000
-858.000000
-828.000000
-788.000000
-844.000000
-794.000000
-862.000000
-930.000000
-1090.000000
-658.000000
-646.000000
-356.000000
172.000000
342.000000
390.000000
246.000000
146.000000
62.000000
164.000000
8.000000
262.000000
430.000000
500.000000
344.000000
648.000000
540.000000
668.000000
644.000000
530.000000
876.000000
598.000000
576.000000
276.000000
608.000000
718.000000
922.000000
644.000000
604.000000
806.000000
1008.000000
802.000000
614.000000
352.000000
432.000000
402.000000
500.000000
370.000000
636.000000
268.000000
360.000000
332.000000
240.000000
204.000000
222.000000
260.000000
96.000000
52.000000
-34.000000
-24.000000
50.000000
-152.000000
100.000000
-192.000000
-484.000000
-464.000000
-708.000000
-1720.000000
-1606.000000
-682.000000
-696.000000
-640.000000
-1434.000000
-1226.000000
-994.000000
-1012.000000
-1148.000000
-1032.000000
-1202.000000
-1330.000000
-1102.000000
-1172.000000
-1162.000000
-1104.000000
-1140.000000
-1120.000000
-1140.000000
-1184.000000
-1124.000000
-1110.000000
-1124.000000
-1178.000000
-1106.000000
-1118.000000
-992.000000
-1080.000000
-1054.000000
-1124.000000
-1032.000000
-1038.000000
-1064.000000
-1118.000000
-1030.000000
-1064.000000
-1058.000000
-1026.000000
-1030.000000
-1064.000000
-1108.000000
-1088.000000
-1058.000000
-1078.000000
-1074.000000
-1122.000000
-1030.000000
-1040.000000
-1042.000000
-1026.000000
-1032.000000
-1086.000000
-1044.000000
-1084.000000
-1034.000000
-1022.000000
-1040.000000
-1058.000000
-1036.000000
-1030.000000
-1032.000000
-1026.000000
-1136.000000
-1064.000000
-1064.000000
-1062.000000
-1044.000000
-1040.000000
-1052.000000
-1050.000000
-1050.000000
-1034.000000
-1052.000000
-1060.000000
-1034.000000
-1026.000000
-1076.000000
-1076.000000
-1046.000000
-1012.000000
-1054.000000
-1074.000000
-1060.000000
-1036.000000
-1066.000000
-1062.000000
-1060.000000
-1052.000000
-1088.000000
-1066.000000
-1076.000000
-1084.000000
-1050.000000
-1080.000000
-1052.000000
-1066.000000
-1086.000000
-1084.000000
-1046.000000
-1074.000000
-1032.000000
-1048.000000
-1068.000000
-1028.000000
-1050.000000
-1130.000000
-1040.000000
-1074.000000
-1032.000000
-1084.000000
-1048.000000
-1054.000000
-1064.000000
-1038.000000
-1050.000000
-1088.000000
-1066.000000
-1036.000000
-1052.000000
-1038.000000
-1050.000000
-1064.000000
-1042.000000
-1050.000000
-1080.000000
-1028.000000
-1148.000000
-1036.000000
-1082.000000
-1078.000000
-1072.000000
-1084.000000
-1028.000000
-1050.000000
-1130.000000
-1074.000000
-1146.000000
-1028.000000
-1082.000000
-1032.000000
-1122.000000
-1048.000000
-1142.000000
-1080.000000
-1040.000000
-1046.000000
-1102.000000
-1080.000000
-1048.000000
-1054.000000
-1096.000000
-1086.000000
-1034.000000
-1066.000000
-1100.000000
-1068.000000
-1034.000000
-1038.000000
-1072.000000
-1076.000000
-1096.000000
-1042.000000
-1084.000000
-1034.000000
-1110.000000
-1086.000000
-1046.000000
-1030.000000
-1052.000000
-1032.000000
-1120.000000
-1034.000000
-1048.000000
-1056.000000
-1044.000000
-1044.000000
-1062.000000
-1066.000000
-1046.000000
-1050.000000
-1080.000000
-1080.000000
-1064.000000
-1086.000000
-1062.000000
-1074.000000
-1084.000000
-1066.000000
-1036.000000
-1070.000000
-1030.000000
-1028.000000
-1042.000000
-1082.000000
-1084.000000
-1038.000000
-1042.000000
-1040.000000
-1040.000000
-1070.000000
-1032.000000
-1040.000000
-1054.000000
-1032.000000
-1040.000000
-1038.000000
-1054.000000
-1044.000000
-1044.000000
-1062.000000
-1064.000000
-1040.000000
-1070.000000
-1076.000000
-1072.000000
-1048.000000
-1086.000000
-1030.000000
-1032.000000
-1070.000000
-1032.000000
-1034.000000
-1028.000000
-1072.000000
-1030.000000
-1088.000000
-1038.000000
-1020.000000
-1034.000000
-1040.000000
-1044.000000
-1088.000000
-1036.000000
-1034.000000
-1046.000000
-1078.000000
-1042.000000
-1032.000000
-1034.000000
-1018.000000
-1042.000000
-1058.000000
-1060.000000
-1004.000000
-1074.000000
-966.000000
-1048.000000
-1060.000000
-1076.000000
-1024.000000
-1054.000000
-1002.000000
-1040.000000
-1010.000000
-1070.000000
-996.000000
-1040.000000
-1054.000000
-1062.000000
-976.000000
-1038.000000
-1036.000000
-1046.000000
-1060.000000
-1086.000000
-1014.000000
-990.000000
-996.000000
-1082.000000
-1020.000000
-1078.000000
-994.000000
-1010.000000
-1062.000000
-1076.000000
-1062.000000
-1074.000000
-1072.000000
-1072.000000
-1026.000000
-1026.000000
-1058.000000
-1070.000000
-1018.000000
-1042.000000
-1030.000000
-1082.000000
-1054.000000
-1028.000000
-1080.000000
-1044.000000
-990.000000
-964.000000
-1066.000000
-1036.000000
-1016.000000
-1030.000000
-1028.000000
-1048.000000
-1004.000000
-1028.000000
-1038.000000
-1052.000000
-1002.000000
-1042.000000
-1038.000000
-1040.000000
-1080.000000
-1042.000000
-1050.000000
-1034.000000
-1020.000000
-1058.000000
-1086.000000
-1028.000000
-1014.000000
-1044.000000
-1042.000000
-1034.000000
-1012.000000
-1042.000000
-1036.000000
-976.000000
-1088.000000
-1032.000000
-974.000000
-988.000000
-1074.000000
-1046.000000
-1046.000000
-1046.000000
-1016.000000
-1040.000000
-1044.000000
-1054.000000
-1022.000000
-1034.000000
-1066.000000
-988.000000
-964.000000
-1048.000000
-1074.000000
-980.000000
-968.000000
-980.000000
-1060.000000
-1058.000000
-1020.000000
-978.000000
-1048.000000
-986.000000
-1034.000000
-998.000000
-1052.000000
-1058.000000
-962.000000
-1072.000000
-1014.000000
-998.000000
-986.000000
-1066.000000
-1076.000000
-1060.000000
-1060.000000
-1086.000000
-1002.000000
-1056.000000
-970.000000
-1046.000000
-1064.000000
-1018.000000
-1046.000000
-1072.000000
-1058.000000
-982.000000
-978.000000
-1080.000000
-1058.000000
-1066.000000
-982.000000
-1060.000000
-1080.000000
-1070.000000
-978.000000
-1000.000000
-970.000000
-1004.000000
-978.000000
-1020.000000
-1086.000000
-984.000000
-998.000000
-1006.000000
-1012.000000
-1058.000000
-1010.000000
-1062.000000
-1080.000000
-1086.000000
-984.000000
-1064.000000
-968.000000
-1002.000000
-978.000000
-966.000000
-1008.000000
-1054.000000
-1012.000000
-1010.000000
-1064.000000
-1088.000000
-988.000000
-1076.000000
-1018.000000
-1064.000000
-994.000000
-968.000000
-1014.000000
-1058.000000
-986.000000
-1086.000000
-1074.000000
-1078.000000
-976.000000
-1062.000000
-1030.000000
-1004.000000
-994.000000
-1084.000000
-1088.000000
-1062.000000
-1066.000000
-1044.000000
-1066.000000
-1084.000000
-1082.000000
-1028.000000
-1086.000000
-1056.000000
-976.000000
-1088.000000
-1036.000000
-1080.000000
-1024.000000
-1048.000000
-1056.000000
-1066.000000
-962.000000
-1052.000000
-1026.000000
-1046.000000
-1028.000000
-1048.000000
-1046.000000
-1052.000000
-1036.000000
-1054.000000
-1066.000000
-1032.000000
-1040.000000
-1048.000000
-964.000000
-1052.000000
-1020.000000
-1044.000000
-1070.000000
-1054.000000
-1032.000000
-1062.000000
-1060.000000
-1058.000000
-1044.000000
-1048.000000
-1084.000000
-1070.000000
-1058.000000
-1038.000000
-1038.000000
-1088.000000
-978.000000
-990.000000
-1034.000000
-1088.000000
-1080.000000
-1054.000000
-1072.000000
-1078.000000
-1006.000000
-1030.000000
-1034.000000
-1032.000000
-1076.000000
-1038.000000
-1060.000000
-1084.000000
-986.000000
-1030.000000
-1028.000000
-1034.000000
-1026.000000
-1054.000000
-1032.000000
-1084.000000
-1072.000000
-1082.000000
-1036.000000
-1042.000000
-1000.000000
-1080.000000
-1030.000000
-1082.000000
-1078.000000
-1050.000000
-1082.000000
-986.000000
-1008.000000
-1034.000000
-1036.000000
-1052.000000
-1052.000000
-1048.000000
-1042.000000
-1036.000000
-998.000000
-964.000000
-1080.000000
-1044.000000
-1076.000000
-1034.000000
-1026.000000
-1026.000000
-1088.000000
-1038.000000
-978.000000
-1020.000000
-1020.000000
-1058.000000
-1086.000000
-1084.000000
-964.000000
-1052.000000
-1032.000000
-1030.000000
-1000.000000
-1024.000000
-1048.000000
-1042.000000
-1014.000000
-1040.000000
-1052.000000
-1032.000000
-996.000000
-1040.000000
-1036.000000
-1040.000000
-1004.000000
-1034.000000
-976.000000
-1050.000000
-1014.000000
-1048.000000
-1036.000000
-1032.000000
-964.000000
-1030.000000
-992.000000
-1040.000000
-994.000000
-1040.000000
-988.000000
-1026.000000
-998.000000
-1040.000000
-988.000000
-982.000000
-1022.000000
-986.000000
-986.000000
-970.000000
-1012.000000
-1008.000000
-988.000000
-996.000000
-1020.000000
-982.000000
-1010.000000
-988.000000
-1022.000000
-1028.000000
-1076.000000
-1054.000000
-1016.000000
-1064.000000
-1026.000000
-1078.000000
-962.000000
-1000.000000
-1002.000000
-1064.000000
-978.000000
-1014.000000
-1022.000000
-1026.000000
-964.000000
-1000.000000
-1004.000000
-1018.000000
-980.000000
-998.000000
-968.000000
-1010.000000
-990.000000
-1020.000000
-1014.000000
-1072.000000
-990.000000
-1008.000000
-964.000000
-962.000000
-982.000000
-982.000000
-1020.000000
-996.000000
-992.000000
-1018.000000
-1026.000000
-1078.000000
-968.000000
-982.000000
-990.000000
-1064.000000
-982.000000
-1066.000000
-1068.000000
-1008.000000
-1030.000000
-1066.000000
-1006.000000
-1006.000000
-992.000000
-1088.000000
-1000.000000
-1070.000000
-968.000000
-1006.000000
-1058.000000
-1086.000000
-986.000000
-1080.000000
-1028.000000
-964.000000
-970.000000
-1078.000000
-966.000000
-964.000000
-1006.000000
-1084.000000
-962.000000
-968.000000
-1008.000000
-1022.000000
-1084.000000
-1024.000000
-1000.000000
-998.000000
-962.000000
-1054.000000
-986.000000
-970.000000
-972.000000
-966.000000
-1020.000000
-986.000000
-976.000000
-976.000000
-1004.000000
-978.000000
-1024.000000
-1042.000000
-1012.000000
-984.000000
-1032.000000
-1028.000000
-1014.000000
-966.000000
-1044.000000
-996.000000
-1000.000000
-1018.000000
-1044.000000
-978.000000
-1014.000000
-1042.000000
-978.000000
-962.000000
-994.000000
-1084.000000
-970.000000
-968.000000
-994.000000
-1018.000000
-1022.000000
-1004.000000
-978.000000
-1022.000000
-964.000000
-964.000000
-990.000000
-976.000000
-1002.000000
-1024.000000
-1020.000000
-986.000000
-982.000000
-1000.000000
