-2922.000000
-2924.000000
-2924.000000
-2872.000000
-2918.000000
-2924.000000
-2930.000000
-2936.000000
-2926.000000
-2912.000000
-2926.000000
-2882.000000
-2922.000000
-2920.000000
-2906.000000
-2938.000000
-2918.000000
-2920.000000
-2910.000000
-2874.000000
-2914.000000
-2928.000000
-2920.000000
-2828.000000
-2924.000000
-2924.000000
-2832.000000
-2884.000000
-2918.000000
-2902.000000
-2854.000000
-2936.000000
-2896.000000
-2914.000000
-2912.000000
-2938.000000
-2900.000000
-2916.000000
-2920.000000
-2876.000000
-2890.000000
-2908.000000
-2906.000000
-2874.000000
-2862.000000
-2908.000000
-2928.000000
-2858.000000
-2896.000000
-2864.000000
-2864.000000
-2820.000000
-2932.000000
-2920.000000
-2850.000000
-2874.000000
-2908.000000
-2900.000000
-2918.000000
-2866.000000
-2902.000000
-2912.000000
-2900.000000
-2884.000000
-2920.000000
-2916.000000
-2904.000000
-2924.000000
-2916.000000
-2902.000000
-2914.000000
-2938.000000
-2916.000000
-2940.000000
-2902.000000
-2940.000000
-2918.000000
-2912.000000
-2944.000000
-2834.000000
-2918.000000
-2942.000000
-2920.000000
-2898.000000
-2894.000000
-2910.000000
-2918.000000
-2830.000000
-2916.000000
-2934.000000
-2908.000000
-2942.000000
-2936.000000
-2932.000000
-2928.000000
-2942.000000
-2900.000000
-2920.000000
-2910.000000
-2894.000000
-2998.000000
-2932.000000
-2856.000000
-2900.000000
-2936.000000
-2934.000000
-2910.000000
-2876.000000
-2920.000000
-2940.000000
-2918.000000
-2886.000000
-2914.000000
-2936.000000
-2938.000000
-2884.000000
-2918.000000
-2914.000000
-2918.000000
-2940.000000
-2920.000000
-2904.000000
-2926.000000
-2886.000000
-2930.000000
-2924.000000
-2918.000000
-2938.000000
-2916.000000
-2924.000000
-2918.000000
-2888.000000
-2924.000000
-2932.000000
-2902.000000
-2890.000000
-2928.000000
-2922.000000
-2920.000000
-2892.000000
-2936.000000
-2920.000000
-2922.000000
-2894.000000
-2914.000000
-2920.000000
-2910.000000
-2890.000000
-2920.000000
-2924.000000
-2924.000000
-2902.000000
-2918.000000
-2944.000000
-2928.000000
-2942.000000
-2920.000000
-2926.000000
-2912.000000
-2936.000000
-2902.000000
-2924.000000
-2936.000000
-2820.000000
-2934.000000
-2920.000000
-2920.000000
-2884.000000
-2890.000000
-2832.000000
-2908.000000
-2896.000000
-2942.000000
-2924.000000
-2912.000000
-2940.000000
-2936.000000
-2922.000000
-2926.000000
-2824.000000
-2910.000000
-2932.000000
-2920.000000
-2822.000000
-2932.000000
-2926.000000
-2932.000000
-2818.000000
-2854.000000
-2932.000000
-2902.000000
-2944.000000
-2936.000000
-2932.000000
-2844.000000
-2898.000000
-2938.000000
-2924.000000
-2920.000000
-2944.000000
-2942.000000
-2932.000000
-2926.000000
-2886.000000
-2910.000000
-2930.000000
-2922.000000
-2900.000000
-2928.000000
-2882.000000
-2934.000000
-2828.000000
-2924.000000
-2930.000000
-2926.000000
-2936.000000
-2934.000000
-2938.000000
-2936.000000
-2936.000000
-2922.000000
-2904.000000
-2924.000000
-2908.000000
-2942.000000
-2928.000000
-2920.000000
-2904.000000
-2932.000000
-2924.000000
-2928.000000
-2942.000000
-2930.000000
-2866.000000
-3008.000000
-2886.000000
-2930.000000
-2932.000000
-2992.000000
-2934.000000
-2928.000000
-2924.000000
-2936.000000
-2890.000000
-2924.000000
-2930.000000
-2894.000000
-2906.000000
-2924.000000
-2922.000000
-2948.000000
-2940.000000
-2918.000000
-2882.000000
-2938.000000
-2884.000000
-2926.000000
-2946.000000
-2940.000000
-2884.000000
-2934.000000
-2938.000000
-2938.000000
-2894.000000
-2924.000000
-2920.000000
-2924.000000
-2900.000000
-2932.000000
-2890.000000
-2932.000000
-2828.000000
-2942.000000
-2932.000000
-2920.000000
-2904.000000
-2938.000000
-2920.000000
-2928.000000
-2884.000000
-2936.000000
-2920.000000
-2882.000000
-2886.000000
-2864.000000
-2926.000000
-2934.000000
-2934.000000
-2908.000000
-2930.000000
-2932.000000
-2936.000000
-2912.000000
-2930.000000
-2924.000000
-2940.000000
-2926.000000
-2928.000000
-2926.000000
-2876.000000
-2938.000000
-2938.000000
-2884.000000
-2878.000000
-2908.000000
-2912.000000
-2928.000000
-2934.000000
-2924.000000
-2930.000000
-2934.000000
-2886.000000
-2912.000000
-2916.000000
-2912.000000
-2894.000000
-2920.000000
-2928.000000
-2910.000000
-2882.000000
-2930.000000
-2934.000000
-2926.000000
-2830.000000
-2910.000000
-2910.000000
-2940.000000
-2936.000000
-2922.000000
-2920.000000
-2928.000000
-2940.000000
-2922.000000
-2934.000000
-2912.000000
-2906.000000
-2938.000000
-2868.000000
-2926.000000
-2898.000000
-2928.000000
-2904.000000
-2932.000000
-2936.000000
-2916.000000
-2932.000000
-2926.000000
-2824.000000
-2932.000000
-2920.000000
-2920.000000
-2888.000000
-2920.000000
-2928.000000
-2914.000000
-2882.000000
-2932.000000
-2926.000000
-2922.000000
-2902.000000
-2928.000000
-2924.000000
-2922.000000
-2942.000000
-2910.000000
-2914.000000
-2912.000000
-2882.000000
-2918.000000
-2918.000000
-3002.000000
-2934.000000
-2920.000000
-2912.000000
-2912.000000
-2876.000000
-2928.000000
-2936.000000
-2926.000000
-2818.000000
-2924.000000
-2926.000000
-2874.000000
-2894.000000
-2940.000000
-2922.000000
-2920.000000
-2892.000000
-2928.000000
-2928.000000
-2926.000000
-2904.000000
-2922.000000
-2926.000000
-2936.000000
-2906.000000
-2934.000000
-2870.000000
-2926.000000
-2940.000000
-2910.000000
-2934.000000
-2936.000000
-2830.000000
-2922.000000
-2940.000000
-2930.000000
-2818.000000
-2926.000000
-2934.000000
-2916.000000
-2882.000000
-2932.000000
-2922.000000
-2884.000000
-2936.000000
-2930.000000
-2932.000000
-2914.000000
-2884.000000
-2990.000000
-2934.000000
-2922.000000
-2936.000000
-2926.000000
-2856.000000
-2914.000000
-2900.000000
-2930.000000
-2852.000000
-2926.000000
-2884.000000
-2928.000000
-2926.000000
-2932.000000
-2886.000000
-2932.000000
-2928.000000
-2918.000000
-2908.000000
-3006.000000
-2926.000000
-2852.000000
-2892.000000
-2928.000000
-2866.000000
-2926.000000
-2944.000000
-2916.000000
-2920.000000
-2922.000000
-2944.000000
-2924.000000
-2904.000000
-2934.000000
-2890.000000
-2910.000000
-2928.000000
-2930.000000
-2944.000000
-2936.000000
-2922.000000
-2906.000000
-2942.000000
-2920.000000
-2932.000000
-2932.000000
-2872.000000
-2918.000000
-2888.000000
-2928.000000
-2892.000000
-2920.000000
-2918.000000
-2836.000000
-2900.000000
-2922.000000
-2918.000000
-2936.000000
-2842.000000
-2868.000000
-2932.000000
-2938.000000
-2864.000000
-2890.000000
-2934.000000
-2920.000000
-2904.000000
-2928.000000
-2930.000000
-2924.000000
-2872.000000
-2924.000000
-2944.000000
-2928.000000
-2940.000000
-2916.000000
-2924.000000
-2936.000000
-2872.000000
-2902.000000
-2924.000000
-2920.000000
-2880.000000
-2856.000000
-2932.000000
-2928.000000
-2880.000000
-2916.000000
-2908.000000
-2908.000000
-2934.000000
-2940.000000
-2922.000000
-2930.000000
-2890.000000
-2914.000000
-2896.000000
-2902.000000
-2818.000000
-2912.000000
-2910.000000
-2922.000000
-2830.000000
-2912.000000
-2912.000000
-2910.000000
-2864.000000
-2896.000000
-2904.000000
-2914.000000
-2818.000000
-2914.000000
-2902.000000
-2902.000000
-2934.000000
-2914.000000
-2916.000000
-2920.000000
-2834.000000
-2846.000000
-2904.000000
-2912.000000
-2894.000000
-2906.000000
-2930.000000
-2926.000000
-2876.000000
-2934.000000
-2896.000000
-2924.000000
-2892.000000
-2936.000000
-2838.000000
-2902.000000
-2892.000000
-2930.000000
-2894.000000
-2904.000000
-2892.000000
-2920.000000
-2926.000000
-2906.000000
-2818.000000
-2922.000000
-2926.000000
-2914.000000
-2886.000000
-2928.000000
-2910.000000
-2928.000000
-2884.000000
-2922.000000
-2840.000000
-2914.000000
-2938.000000
-2908.000000
-2920.000000
-2920.000000
-2934.000000
-2906.000000
-2926.000000
-2908.000000
-2818.000000
-2910.000000
-2924.000000
-2908.000000
-2944.000000
-2922.000000
-2926.000000
-2926.000000
-2888.000000
-2912.000000
-2916.000000
-2890.000000
-2866.000000
-2912.000000
-2924.000000
-2918.000000
-2934.000000
-2908.000000
-2916.000000
-2914.000000
-2940.000000
-2914.000000
-2908.000000
-2914.000000
-2892.000000
-2916.000000
-2856.000000
-2838.000000
-2930.000000
-2920.000000
-2932.000000
-2916.000000
-2868.000000
-2918.000000
-2920.000000
-2916.000000
-2886.000000
-2924.000000
-2920.000000
-2928.000000
-2932.000000
-2850.000000
-2924.000000
-2910.000000
-2878.000000
-2904.000000
-2922.000000
-2924.000000
-2944.000000
-2934.000000
-2936.000000
-2894.000000
-2898.000000
-2940.000000
-2846.000000
-2894.000000
-2936.000000
-2914.000000
-2920.000000
-2902.000000
-2886.000000
-2916.000000
-2918.000000
-2920.000000
-2864.000000
-2888.000000
-2918.000000
-2912.000000
-2936.000000
-2914.000000
-2916.000000
-2894.000000
-2876.000000
-2910.000000
-2922.000000
-2910.000000
-2886.000000
-2922.000000
-2908.000000
-2924.000000
-2886.000000
-2916.000000
-2838.000000
-2924.000000
-2880.000000
-2908.000000
-2916.000000
-2926.000000
-2868.000000
-2894.000000
-2934.000000
-2900.000000
-2866.000000
-2920.000000
-2930.000000
-2846.000000
-2944.000000
-2914.000000
-2920.000000
-2920.000000
-2884.000000
-2932.000000
-2936.000000
-2836.000000
-2888.000000
-2934.000000
-2934.000000
-2906.000000
-2882.000000
-2916.000000
-2900.000000
-2896.000000
-2874.000000
-2886.000000
-2918.000000
-2930.000000
-2944.000000
-2912.000000
-2918.000000
-2930.000000
-2882.000000
-2910.000000
-2918.000000
-2926.000000
-2866.000000
-2900.000000
-2924.000000
-2908.000000
-2942.000000
-2932.000000
-2928.000000
-2916.000000
-2942.000000
-2930.000000
-2818.000000
-2914.000000
-2936.000000
-2900.000000
-2916.000000
-2916.000000
-2884.000000
-2894.000000
-2888.000000
-2924.000000
-2876.000000
-2914.000000
-2866.000000
-2912.000000
-2866.000000
-2916.000000
-2918.000000
-2906.000000
-2934.000000
-2938.000000
-2926.000000
-2910.000000
-2886.000000
-2898.000000
-2914.000000
-2924.000000
-2878.000000
-2890.000000
-2920.000000
-2904.000000
-2934.000000
-2930.000000
-2930.000000
-2920.000000
-2936.000000
-2902.000000
-2818.000000
-2908.000000
-2872.000000
-2834.000000
-2822.000000
-2924.000000
-2944.000000
-2920.000000
-2916.000000
-2912.000000
-2864.000000
-2892.000000
-2904.000000
-2914.000000
-2884.000000
-2932.000000
-2914.000000
-2852.000000
-2936.000000
-2936.000000
-2922.000000
-2922.000000
-2888.000000
-2910.000000
-2864.000000
-2904.000000
-2890.000000
-2926.000000
-2904.000000
-2840.000000
-2944.000000
-2922.000000
-2902.000000
-2832.000000
-2884.000000
-2922.000000
-2914.000000
-2892.000000
-2932.000000
-2924.000000
-2854.000000
-2932.000000
-2936.000000
-2902.000000
-2926.000000
-2922.000000
-2870.000000
-2832.000000
-2926.000000
-2926.000000
-2872.000000
-2898.000000
-2920.000000
-2930.000000
-2858.000000
-2904.000000
-2926.000000
-2916.000000
-2872.000000
-2914.000000
-2908.000000
-2928.000000
-2896.000000
-2862.000000
-2904.000000
-2910.000000
-2950.000000
-2974.000000
-2976.000000
-2948.000000
-2912.000000
-2936.000000
-2886.000000
-2946.000000
-2922.000000
-2930.000000
-2840.000000
-2824.000000
-2940.000000
-2906.000000
-2936.000000
-2936.000000
-2904.000000
-2960.000000
-2938.000000
-2868.000000
-2832.000000
-2934.000000
-2938.000000
-2932.000000
-2940.000000
-2878.000000
-2918.000000
-2938.000000
-2900.000000
-2922.000000
-2884.000000
-2886.000000
-2888.000000
-2934.000000
-2924.000000
-2926.000000
-2884.000000
-2938.000000
-2934.000000
-2932.000000
-2896.000000
-2930.000000
-2936.000000
-2884.000000
-2942.000000
-2918.000000
-2882.000000
-2942.000000
-2882.000000
-2900.000000
-2894.000000
-2934.000000
-2882.000000
-2920.000000
-2944.000000
-2914.000000
-2900.000000
-2934.000000
-2924.000000
-2866.000000
-2892.000000
-2936.000000
-2926.000000
-2928.000000
-2902.000000
-2928.000000
-2926.000000
-2926.000000
-2912.000000
-2920.000000
-2930.000000
-2882.000000
-2902.000000
-2928.000000
-2928.000000
-2932.000000
-2900.000000
-2924.000000
-2926.000000
-2940.000000
-2898.000000
-2936.000000
-2942.000000
-2882.000000
-2896.000000
-2886.000000
-2944.000000
-2932.000000
-2900.000000
-2902.000000
-2934.000000
-2944.000000
-2914.000000
-2884.000000
-2948.000000
-2932.000000
-2874.000000
-2938.000000
-2974.000000
-2936.000000
-2882.000000
-2928.000000
-2952.000000
-2906.000000
-2884.000000
-2928.000000
-2954.000000
-2890.000000
-2892.000000
-2886.000000
-2954.000000
-2944.000000
-2894.000000
-2882.000000
-2936.000000
-2908.000000
-2992.000000
-2946.000000
-2856.000000
-2882.000000
-2924.000000
-2958.000000
-2968.000000
-2938.000000
-2984.000000
-2976.000000
-2896.000000
-2946.000000
-2982.000000
-2960.000000
-2962.000000
-2970.000000
-2880.000000
-2900.000000
-2926.000000
-2840.000000
-2938.000000
-2910.000000
-2926.000000
-2918.000000
-2876.000000
-2882.000000
-2960.000000
-2938.000000
-2898.000000
-2932.000000
-2940.000000
-2948.000000
-2874.000000
-2912.000000
-2926.000000
-2942.000000
-2826.000000
-2842.000000
-2882.000000
-2882.000000
-2904.000000
-2886.000000
-2932.000000
-2920.000000
-2904.000000
-2936.000000
-2934.000000
-2944.000000
-2940.000000
-2912.000000
-2962.000000
-2892.000000
-2942.000000
-2924.000000
-2954.000000
-2880.000000
-2906.000000
-2996.000000
-2960.000000
-2836.000000
-3064.000000
-3014.000000
-3030.000000
-2972.000000
-2848.000000
-2900.000000
-2952.000000
-3006.000000
-2894.000000
-2934.000000
-2922.000000
-2934.000000
-2896.000000
-2882.000000
-2982.000000
-2934.000000
-2894.000000
-2934.000000
-2930.000000
-2930.000000
-2960.000000
-2986.000000
-2874.000000
-2922.000000
-2898.000000
-2920.000000
-2932.000000
-2938.000000
-2894.000000
-2930.000000
-2928.000000
-2930.000000
-2902.000000
-2930.000000
-2908.000000
-2934.000000
-2888.000000
-2924.000000
-2942.000000
-2932.000000
-2878.000000
-2936.000000
-3002.000000
-2906.000000
-2888.000000
-2948.000000
-2894.000000
-2834.000000
-2878.000000
-2928.000000
-2968.000000
-2928.000000
-2864.000000
-2852.000000
-2892.000000
-2936.000000
-2858.000000
-2852.000000
-2894.000000
-2836.000000
-2872.000000
-2898.000000
-2904.000000
-2838.000000
-2936.000000
-2982.000000
-2888.000000
-2848.000000
-2858.000000
-2904.000000
-2884.000000
-2828.000000
-2826.000000
-2928.000000
-2910.000000
-2878.000000
-2906.000000
-2996.000000
-2914.000000
-2834.000000
-2930.000000
-2912.000000
-2924.000000
-2934.000000
-2940.000000
-2912.000000
-2944.000000
-2930.000000
-2974.000000
-2944.000000
-2916.000000
-2994.000000
-2898.000000
-2918.000000
-2838.000000
-2908.000000
-2920.000000
-2826.000000
-2888.000000
-2904.000000
-2862.000000
-2888.000000
-2906.000000
-2944.000000
-2926.000000
-2904.000000
-2890.000000
-2932.000000
-2928.000000
-2932.000000
-2826.000000
-2820.000000
-2928.000000
-2836.000000
-2858.000000
-2926.000000
-2806.000000
-2750.000000
-2996.000000
-2948.000000
-2920.000000
-2880.000000
-2944.000000
-2820.000000
-2924.000000
-2898.000000
-2862.000000
-2878.000000
-2880.000000
-2846.000000
-2998.000000
-2820.000000
-2860.000000
-2936.000000
-2890.000000
-2874.000000
-2856.000000
-2840.000000
-2936.000000
-2940.000000
-2832.000000
-2820.000000
-2822.000000
-2936.000000
-2926.000000
-2906.000000
-2936.000000
-2900.000000
-2768.000000
-2768.000000
-2864.000000
-2960.000000
-2838.000000
-2834.000000
-2824.000000
-2918.000000
-2916.000000
-2910.000000
-2920.000000
-2920.000000
-2770.000000
-2870.000000
-2930.000000
-2922.000000
-2890.000000
-2934.000000
-2928.000000
-2982.000000
-2938.000000
-2858.000000
-2820.000000
-2828.000000
-2936.000000
-2866.000000
-2818.000000
-2860.000000
-2858.000000
-2868.000000
-2910.000000
-2876.000000
-2850.000000
-2898.000000
-2922.000000
-2900.000000
-2878.000000
-2830.000000
-2880.000000
-2864.000000
-2860.000000
-2874.000000
-2878.000000
-2940.000000
-2850.000000
-2920.000000
-2874.000000
-2822.000000
-2880.000000
-2874.000000
-2824.000000
-2852.000000
-2852.000000
-2870.000000
-2820.000000
-2960.000000
-2842.000000
-2868.000000
-2878.000000
-2874.000000
-2842.000000
-2874.000000
-2882.000000
-2876.000000
-2826.000000
-2872.000000
-2940.000000
-2866.000000
-2868.000000
-2904.000000
-2882.000000
-2854.000000
-2924.000000
-2888.000000
-2820.000000
-2874.000000
-2866.000000
-2944.000000
-2868.000000
-2856.000000
-2924.000000
-2896.000000
-2854.000000
-2860.000000
-2860.000000
-2940.000000
-2866.000000
-2866.000000
-2920.000000
-2824.000000
-2878.000000
-2826.000000
-2926.000000
-2880.000000
-2878.000000
-2932.000000
-2894.000000
-2902.000000
-2932.000000
-2906.000000
-2840.000000
-2868.000000
-2902.000000
-2990.000000
-2886.000000
-2830.000000
-2894.000000
-2936.000000
-2942.000000
-3008.000000
-2908.000000
-2920.000000
-2886.000000
-2984.000000
-2842.000000
-2840.000000
-2862.000000
-2832.000000
-2862.000000
-2884.000000
-2872.000000
-2894.000000
-2882.000000
-2834.000000
-2916.000000
-2930.000000
-2922.000000
-2942.000000
-2802.000000
-2834.000000
-2888.000000
-2832.000000
-2832.000000
-2944.000000
-2924.000000
-2850.000000
-2826.000000
-2832.000000
-2968.000000
-2876.000000
-2890.000000
-2954.000000
-2898.000000
-2826.000000
-2826.000000
-2818.000000
-2926.000000
-2914.000000
-2950.000000
-2936.000000
-2856.000000
-2896.000000
-2926.000000
-2906.000000
-2880.000000
-2840.000000
-2942.000000
-2952.000000
-2760.000000
-2930.000000
-2894.000000
-2920.000000
-2882.000000
-2828.000000
-2884.000000
-2848.000000
-2888.000000
-2926.000000
-2914.000000
-2910.000000
-2914.000000
-2902.000000
-2860.000000
-3006.000000
-2928.000000
-2878.000000
-2820.000000
-2906.000000
-2906.000000
-2836.000000
-2920.000000
-2918.000000
-2862.000000
-2846.000000
-2920.000000
-2878.000000
-2910.000000
-2930.000000
-2926.000000
-2886.000000
-2930.000000
-2926.000000
-2854.000000
-2914.000000
-2882.000000
-2986.000000
-2894.000000
-2940.000000
-2924.000000
-2900.000000
-2890.000000
-2930.000000
-2926.000000
-2906.000000
-2842.000000
-2840.000000
-2944.000000
-2998.000000
-2786.000000
-2800.000000
-2948.000000
-2964.000000
-2878.000000
-2856.000000
-2882.000000
-2916.000000
-2934.000000
-2928.000000
-2996.000000
-2878.000000
-2794.000000
-2818.000000
-2902.000000
-2850.000000
-2932.000000
-2934.000000
-2834.000000
-2930.000000
-2866.000000
-2866.000000
-2918.000000
-2920.000000
-2888.000000
-2830.000000
-2910.000000
-2914.000000
-2932.000000
-2944.000000
-2978.000000
-2842.000000
-2908.000000
-2904.000000
-2924.000000
-2830.000000
-2868.000000
-2860.000000
-2832.000000
-2870.000000
-2848.000000
-2838.000000
-2886.000000
-2886.000000
-2820.000000
-2854.000000
-2844.000000
-2890.000000
-2848.000000
-2904.000000
-2924.000000
-2944.000000
-2838.000000
-2924.000000
-2922.000000
-2876.000000
-2870.000000
-2866.000000
-2932.000000
-2896.000000
-2814.000000
-2852.000000
-2932.000000
-2984.000000
-2826.000000
-2864.000000
-2834.000000
-2894.000000
-2852.000000
-2832.000000
-2898.000000
-2902.000000
-2762.000000
-2864.000000
-2906.000000
-2930.000000
-2912.000000
-2944.000000
-3002.000000
-2874.000000
-2890.000000
-2964.000000
-2858.000000
-2838.000000
-2830.000000
-2858.000000
-2878.000000
-2842.000000
-2880.000000
-2820.000000
-2828.000000
-2828.000000
-2806.000000
-2848.000000
-2930.000000
-2844.000000
-2842.000000
-2836.000000
-2766.000000
-2840.000000
-2870.000000
-2830.000000
-2836.000000
-2936.000000
-2792.000000
-2742.000000
-2912.000000
-2992.000000
-2726.000000
-2770.000000
-2900.000000
-2902.000000
-2756.000000
-2854.000000
-2872.000000
-2938.000000
-2790.000000
-2808.000000
-2852.000000
-2820.000000
-2798.000000
-2814.000000
-2846.000000
-2904.000000
-2826.000000
-2868.000000
-2944.000000
-2852.000000
-2830.000000
-2868.000000
-2942.000000
-2840.000000
-2824.000000
-2868.000000
-2854.000000
-2854.000000
-2822.000000
-2848.000000
-2850.000000
-2850.000000
-2894.000000
-2886.000000
-2852.000000
-2858.000000
-2928.000000
-2890.000000
-2850.000000
-2766.000000
-2922.000000
-2944.000000
-2816.000000
-2758.000000
-2864.000000
-2836.000000
-2846.000000
-2868.000000
-2922.000000
-2880.000000
-2848.000000
-2864.000000
-2870.000000
-2834.000000
-2846.000000
-2868.000000
-2820.000000
-2864.000000
-2886.000000
-2932.000000
-2788.000000
-2800.000000
-2846.000000
-2874.000000
-2782.000000
-2872.000000
-2874.000000
-2836.000000
-2878.000000
-2866.000000
-2842.000000
-2868.000000
-2856.000000
-2826.000000
-2862.000000
-2808.000000
-2842.000000
-2872.000000
-2720.000000
-2880.000000
-2840.000000
-2880.000000
-2782.000000
-2858.000000
-2732.000000
-2724.000000
-2878.000000
-2934.000000
-2740.000000
-2742.000000
-2906.000000
-2988.000000
-2728.000000
-2786.000000
-2870.000000
-2898.000000
-2782.000000
-2860.000000
-2838.000000
-2834.000000
-2806.000000
-2760.000000
-2790.000000
-2842.000000
-2806.000000
-2782.000000
-2874.000000
-2858.000000
-2796.000000
-2822.000000
-2850.000000
-2784.000000
-2854.000000
-2848.000000
-2846.000000
-2860.000000
-2802.000000
-2852.000000
-2862.000000
-2868.000000
-2856.000000
-2876.000000
-2780.000000
-2854.000000
-2794.000000
-2868.000000
-2872.000000
-2860.000000
-2794.000000
-2812.000000
-2822.000000
-2830.000000
-2790.000000
-2784.000000
-2836.000000
-2936.000000
-2800.000000
-2764.000000
-2898.000000
-2840.000000
-2784.000000
-2846.000000
-2858.000000
-2776.000000
-2868.000000
-2876.000000
-2846.000000
-2816.000000
-2800.000000
-2864.000000
-2790.000000
-2844.000000
-2800.000000
-2790.000000
-2820.000000
-2884.000000
-2764.000000
-2690.000000
-2830.000000
-2890.000000
-2802.000000
-2796.000000
-2840.000000
-2792.000000
-2854.000000
-2884.000000
-2848.000000
-2752.000000
-2822.000000
-2934.000000
-2860.000000
-2784.000000
-2848.000000
-2874.000000
-2812.000000
-2756.000000
-2814.000000
-2792.000000
-2902.000000
-2870.000000
-2784.000000
-2876.000000
-2862.000000
-2770.000000
-2870.000000
-2860.000000
-2846.000000
-2776.000000
-2866.000000
-2852.000000
-2778.000000
-2770.000000
-2856.000000
-2838.000000
-2804.000000
-2816.000000
-2820.000000
-2846.000000
-2812.000000
-2866.000000
-2810.000000
-2870.000000
-2826.000000
-2876.000000
-2780.000000
-2802.000000
-2844.000000
-2836.000000
-2796.000000
-2758.000000
-2872.000000
-2836.000000
-2872.000000
-2838.000000
-2834.000000
-2862.000000
-2748.000000
-2754.000000
-2936.000000
-2864.000000
-2696.000000
-2874.000000
-2866.000000
-2856.000000
-2766.000000
-2760.000000
-2928.000000
-2842.000000
-2804.000000
-2850.000000
-2870.000000
-2830.000000
-2780.000000
-2798.000000
-2816.000000
-2760.000000
-2766.000000
-2764.000000
-2796.000000
-2846.000000
-2870.000000
-2782.000000
-2790.000000
-2784.000000
-2842.000000
-2820.000000
-2812.000000
-2712.000000
-2822.000000
-2864.000000
-2792.000000
-2696.000000
-2832.000000
-2780.000000
-2796.000000
-2864.000000
-2858.000000
-2864.000000
-2790.000000
-2778.000000
-2822.000000
-2828.000000
-2864.000000
-2800.000000
-2758.000000
-2852.000000
-2802.000000
-2824.000000
-2772.000000
-2812.000000
-2762.000000
-2814.000000
-2776.000000
-2754.000000
-2804.000000
-2838.000000
-2760.000000
-2780.000000
-2824.000000
-2822.000000
-2778.000000
-2800.000000
-2832.000000
-2858.000000
-2764.000000
-2824.000000
-2764.000000
-2782.000000
-2776.000000
-2808.000000
-2850.000000
-2790.000000
-2810.000000
-2782.000000
-2828.000000
-2870.000000
-2776.000000
-2808.000000
-2830.000000
-2808.000000
-2794.000000
-2880.000000
-2850.000000
-2780.000000
-2760.000000
-2870.000000
-2830.000000
-2790.000000
-2846.000000
-2836.000000
-2822.000000
-2800.000000
-2756.000000
-2788.000000
-2840.000000
-2812.000000
-2858.000000
-2872.000000
-2820.000000
-2780.000000
-2770.000000
-2816.000000
-2762.000000
-2778.000000
-2776.000000
-2832.000000
-2864.000000
-2802.000000
-2852.000000
-2822.000000
-2776.000000
-2746.000000
-2860.000000
-2856.000000
-2808.000000
-2716.000000
-2848.000000
-2826.000000
-2788.000000
-2784.000000
-2786.000000
-2864.000000
-2794.000000
-2842.000000
-2770.000000
-2768.000000
-2718.000000
-2860.000000
-2828.000000
-2856.000000
-2760.000000
-2880.000000
-2780.000000
-2804.000000
-2770.000000
-2850.000000
-2862.000000
-2814.000000
-2764.000000
-2870.000000
-2724.000000
-2774.000000
-2846.000000
-2872.000000
-2792.000000
-2808.000000
-2866.000000
-2878.000000
-2762.000000
-2872.000000
-2764.000000
-2766.000000
-2772.000000
-2770.000000
-2776.000000
-2880.000000
-2708.000000
-2742.000000
-2790.000000
-2830.000000
-2716.000000
-2798.000000
-2806.000000
-2828.000000
-2764.000000
-2782.000000
-2780.000000
-2936.000000
-2780.000000
-2816.000000
-2876.000000
-2876.000000
-2704.000000
-2792.000000
-2838.000000
-2822.000000
-2770.000000
-2754.000000
-2822.000000
-2836.000000
-2876.000000
-2866.000000
-2774.000000
-2810.000000
-2860.000000
-2836.000000
-2840.000000
-2760.000000
-2866.000000
-2788.000000
-2830.000000
-2862.000000
-2828.000000
-2792.000000
-2810.000000
-2842.000000
-2774.000000
-2796.000000
-2864.000000
-2788.000000
-2842.000000
-2800.000000
-2796.000000
-2812.000000
-2790.000000
-2820.000000
-2782.000000
-2798.000000
-2854.000000
-2822.000000
-2854.000000
-2816.000000
-2800.000000
-2836.000000
-2810.000000
-2796.000000
-2836.000000
-2784.000000
-2784.000000
-2772.000000
-2804.000000
-2794.000000
-2844.000000
-2856.000000
-2808.000000
-2806.000000
-2800.000000
-2750.000000
-2808.000000
-2856.000000
-2858.000000
-2710.000000
-2876.000000
-2796.000000
-2840.000000
-2754.000000
-2874.000000
-2828.000000
-2762.000000
-2760.000000
-2778.000000
-2798.000000
-2788.000000
-2822.000000
-2796.000000
-2760.000000
-2784.000000
-2826.000000
-2744.000000
-2724.000000
-2804.000000
-2824.000000
-2728.000000
-2702.000000
-2870.000000
-2872.000000
-2736.000000
-2696.000000
-2798.000000
-2806.000000
-2774.000000
-2880.000000
-2790.000000
-2780.000000
-2872.000000
-2832.000000
-2690.000000
-2708.000000
-2868.000000
-2878.000000
-2760.000000
-2800.000000
-2778.000000
-2802.000000
-2770.000000
-2860.000000
-2774.000000
-2808.000000
-2778.000000
-2808.000000
-2828.000000
-2794.000000
-2800.000000
-2764.000000
-2786.000000
-2812.000000
-2832.000000
-2840.000000
-2774.000000
-2788.000000
-2854.000000
-2772.000000
-2844.000000
-2844.000000
-2722.000000
-2796.000000
-2782.000000
-2756.000000
-2770.000000
-2792.000000
-2732.000000
-2786.000000
-2848.000000
-2776.000000
-2878.000000
-2862.000000
-2858.000000
-2792.000000
-2776.000000
-2774.000000
-2792.000000
-2810.000000
-2864.000000
-2840.000000
-2788.000000
-2800.000000
-2786.000000
-2790.000000
-2866.000000
-2792.000000
-2786.000000
-2880.000000
-2870.000000
-2716.000000
-2844.000000
-2888.000000
-2834.000000
-2754.000000
-2868.000000
-2850.000000
-2796.000000
-2768.000000
-2858.000000
-2878.000000
-2728.000000
-2800.000000
-2878.000000
-2756.000000
-2790.000000
-2792.000000
-2868.000000
-2778.000000
-2802.000000
-2832.000000
-2786.000000
-2756.000000
-2790.000000
-2880.000000
-2806.000000
-2694.000000
-2758.000000
-2832.000000
-2802.000000
-2692.000000
-2702.000000
-2830.000000
-2756.000000
-2740.000000
-2710.000000
-2794.000000
-2778.000000
-2804.000000
-2802.000000
-2794.000000
-2764.000000
-2806.000000
-2754.000000
-2780.000000
-2782.000000
-2804.000000
-2764.000000
-2778.000000
-2796.000000
-2776.000000
-2844.000000
-2838.000000
-2786.000000
-2822.000000
-2838.000000
-2826.000000
-2790.000000
-2826.000000
-2826.000000
-2812.000000
-2864.000000
-2876.000000
-2868.000000
-2784.000000
-2854.000000
-2830.000000
-2806.000000
-2844.000000
-2876.000000
-2774.000000
-2816.000000
-2810.000000
-2842.000000
-2798.000000
-2880.000000
-2848.000000
-2814.000000
-2788.000000
-2770.000000
-2794.000000
-2784.000000
-2796.000000
-2870.000000
-2880.000000
-2814.000000
-2812.000000
-2828.000000
-2870.000000
-2764.000000
-2798.000000
-2860.000000
-2840.000000
-2780.000000
-2792.000000
-2834.000000
-2812.000000
-2842.000000
-2860.000000
-2736.000000
-2794.000000
-2796.000000
-2770.000000
-2812.000000
-2822.000000
-2872.000000
-2786.000000
-2786.000000
-2854.000000
-2780.000000
-2706.000000
-2864.000000
-2856.000000
-2860.000000
-2848.000000
-2806.000000
-2790.000000
-2802.000000
-2790.000000
-2842.000000
-2866.000000
-2748.000000
-2788.000000
-2826.000000
-2760.000000
-2754.000000
-2796.000000
-2822.000000
-2784.000000
-2856.000000
-2818.000000
-2792.000000
-2712.000000
-2872.000000
-2906.000000
-2794.000000
-2742.000000
-2854.000000
-2824.000000
-2802.000000
-2706.000000
-2858.000000
-2826.000000
-2762.000000
-2872.000000
-2792.000000
-2864.000000
-2854.000000
-2842.000000
-2752.000000
-2788.000000
-2856.000000
-2906.000000
-2840.000000
-2856.000000
-2870.000000
-2812.000000
-2810.000000
-2790.000000
-2764.000000
-2820.000000
-2808.000000
-2866.000000
-2834.000000
-2770.000000
-2818.000000
-2942.000000
-2786.000000
-2742.000000
-2898.000000
-2922.000000
-2700.000000
-2686.000000
-2844.000000
-2826.000000
-2696.000000
-2806.000000
-2856.000000
-2866.000000
-2784.000000
-2870.000000
-2784.000000
-2792.000000
-2754.000000
-2826.000000
-2792.000000
-2760.000000
-2792.000000
-2812.000000
-2814.000000
-2806.000000
-2834.000000
-2776.000000
-2770.000000
-2878.000000
-2756.000000
-2786.000000
-2872.000000
-2838.000000
-2738.000000
-2754.000000
-2868.000000
-2798.000000
-2700.000000
-2858.000000
-2802.000000
-2676.000000
-2784.000000
-2822.000000
-2814.000000
-2696.000000
-2798.000000
-2868.000000
-2794.000000
-2774.000000
-2866.000000
-2806.000000
-2846.000000
-2818.000000
-2710.000000
-2762.000000
-2830.000000
-2940.000000
-2780.000000
-2792.000000
-2866.000000
-2844.000000
-2772.000000
-2758.000000
-2842.000000
-2836.000000
-2766.000000
-2878.000000
-2870.000000
-2926.000000
-2792.000000
-2750.000000
-2874.000000
-2840.000000
-2710.000000
-2774.000000
-2898.000000
-2890.000000
-2704.000000
-2798.000000
-2854.000000
-2762.000000
-2776.000000
-2806.000000
-2800.000000
-2830.000000
-2872.000000
-2830.000000
-2778.000000
-2794.000000
-2874.000000
-2764.000000
-2792.000000
-2814.000000
-2826.000000
-2830.000000
-2780.000000
-2792.000000
-2798.000000
-2790.000000
-2848.000000
-2848.000000
-2826.000000
-2722.000000
-2804.000000
-2834.000000
-2792.000000
-2776.000000
-2780.000000
-2830.000000
-2806.000000
-2782.000000
-2790.000000
-2830.000000
-2804.000000
-2724.000000
-2822.000000
-2860.000000
-2792.000000
-2800.000000
-2852.000000
-2814.000000
-2774.000000
-2846.000000
-2700.000000
-2780.000000
-2844.000000
-2788.000000
-2814.000000
-2880.000000
-2850.000000
-2724.000000
-2926.000000
-2978.000000
-2764.000000
-2714.000000
-2842.000000
-2862.000000
-2736.000000
-2844.000000
-2802.000000
-2812.000000
-2778.000000
-2894.000000
-2804.000000
-2760.000000
-2698.000000
-2822.000000
-2710.000000
-2776.000000
-2822.000000
-2846.000000
-2796.000000
-2792.000000
-2840.000000
-2870.000000
-2790.000000
-2792.000000
-2812.000000
-2786.000000
-2810.000000
-2780.000000
-2776.000000
-2804.000000
-2910.000000
-2824.000000
-2708.000000
-2700.000000
-2912.000000
-2844.000000
-2736.000000
-2804.000000
-2872.000000
-2792.000000
-2640.000000
-2796.000000
-2868.000000
-2858.000000
-2754.000000
-2800.000000
-2870.000000
-2830.000000
-2730.000000
-2782.000000
-2832.000000
-2868.000000
-2802.000000
-2780.000000
-2774.000000
-2814.000000
-2790.000000
-2870.000000
-2864.000000
-2878.000000
-2758.000000
-2768.000000
-2778.000000
-2816.000000
-2808.000000
-2824.000000
-2860.000000
-2832.000000
-2804.000000
-2754.000000
-2776.000000
-2794.000000
-2820.000000
-2842.000000
-2778.000000
-2736.000000
-2802.000000
-2842.000000
-2750.000000
-2796.000000
-2820.000000
-2786.000000
-2796.000000
-2796.000000
-2834.000000
-2754.000000
-2778.000000
-2858.000000
-2822.000000
-2788.000000
-2786.000000
-2764.000000
-2804.000000
-2806.000000
-2784.000000
-2808.000000
-2836.000000
-2778.000000
-2770.000000
-2802.000000
-2858.000000
-2780.000000
-2872.000000
-2832.000000
-2794.000000
-2816.000000
-2838.000000
-2818.000000
-2790.000000
-2820.000000
-2868.000000
-2830.000000
-2798.000000
-2822.000000
-2758.000000
-2778.000000
-2862.000000
-2816.000000
-2860.000000
-2818.000000
-2796.000000
-2708.000000
-2822.000000
-2864.000000
-2836.000000
-2742.000000
-2880.000000
-2934.000000
-2708.000000
-2638.000000
-2884.000000
-2900.000000
-2772.000000
-2814.000000
-2826.000000
-2802.000000
-2634.000000
-2810.000000
-2794.000000
-2702.000000
-2722.000000
-2862.000000
-2756.000000
-2762.000000
-2784.000000
-2920.000000
-2706.000000
-2750.000000
-2874.000000
-2908.000000
-2772.000000
-2804.000000
-2838.000000
-2830.000000
-2784.000000
-2756.000000
-2844.000000
-2836.000000
-2796.000000
-2826.000000
-2834.000000
-2832.000000
-2784.000000
-2762.000000
-2804.000000
-2782.000000
-2824.000000
-2784.000000
-2808.000000
-2846.000000
-2772.000000
-2816.000000
-2832.000000
-2872.000000
-2690.000000
-2812.000000
-2906.000000
-2870.000000
-2740.000000
-2816.000000
-2876.000000
-2818.000000
-2768.000000
-2778.000000
-2822.000000
-2880.000000
-2756.000000
-2846.000000
-2768.000000
-2818.000000
-2814.000000
-2818.000000
-2772.000000
-2840.000000
-2880.000000
-2772.000000
-2762.000000
-2694.000000
-2862.000000
-2872.000000
-2792.000000
-2776.000000
-2852.000000
-2858.000000
-2810.000000
-2846.000000
-2850.000000
-2864.000000
-2772.000000
-2852.000000
-2756.000000
-2782.000000
-2846.000000
-2842.000000
-2742.000000
-2834.000000
-2860.000000
-2822.000000
-2776.000000
-2854.000000
-2774.000000
-2818.000000
-2740.000000
-2708.000000
-2830.000000
-2918.000000
-2744.000000
-2718.000000
-2760.000000
-2876.000000
-2752.000000
-2742.000000
-2826.000000
-2818.000000
-2800.000000
-2774.000000
-2832.000000
-2816.000000
-2754.000000
-2850.000000
-2800.000000
-2832.000000
-2778.000000
-2794.000000
-2796.000000
-2822.000000
-2758.000000
-2782.000000
-2754.000000
-2876.000000
-2720.000000
-2698.000000
-2840.000000
-2914.000000
-2722.000000
-2742.000000
-2838.000000
-2874.000000
-2766.000000
-2796.000000
-2808.000000
-2818.000000
-2818.000000
-2876.000000
-2828.000000
-2840.000000
-2872.000000
-2834.000000
-2804.000000
-2794.000000
-2770.000000
-2848.000000
-2796.000000
-2880.000000
-2788.000000
-2880.000000
-2872.000000
-2872.000000
-2776.000000
-2804.000000
-2752.000000
-2838.000000
-2790.000000
-2816.000000
-2810.000000
-2846.000000
-2814.000000
-2780.000000
-2722.000000
-2804.000000
-2848.000000
-2872.000000
-2808.000000
-2800.000000
-2710.000000
-2798.000000
-2786.000000
-2786.000000
-2754.000000
-2850.000000
-2838.000000
-2802.000000
-2842.000000
-2876.000000
-2768.000000
-2766.000000
-2806.000000
-2778.000000
-2694.000000
-2864.000000
-2732.000000
-2794.000000
-2836.000000
-2838.000000
-2780.000000
-2876.000000
-2772.000000
-2804.000000
-2780.000000
-2822.000000
-2756.000000
-2798.000000
-2804.000000
-2814.000000
-2800.000000
-2872.000000
-2706.000000
-2726.000000
-2844.000000
-2848.000000
-2716.000000
-2766.000000
-2780.000000
-2846.000000
-2806.000000
-2844.000000
-2816.000000
-2776.000000
-2856.000000
-2870.000000
-2788.000000
-2718.000000
-2876.000000
-2774.000000
-2766.000000
-2780.000000
-2784.000000
-2804.000000
-2804.000000
-2790.000000
-2762.000000
-2790.000000
-2824.000000
-2776.000000
-2768.000000
-2770.000000
-2852.000000
-2848.000000
-2696.000000
-2796.000000
-2760.000000
-2838.000000
-2768.000000
-2788.000000
-2758.000000
-2770.000000
-2814.000000
-2850.000000
-2822.000000
-2906.000000
-2810.000000
-2788.000000
-2780.000000
-2804.000000
-2806.000000
-2858.000000
-2822.000000
-2868.000000
-2796.000000
-2850.000000
-2774.000000
-2796.000000
-2798.000000
-2766.000000
-2732.000000
-2834.000000
-2808.000000
-2772.000000
-2806.000000
-2806.000000
-2754.000000
-2786.000000
-2880.000000
-2840.000000
-2758.000000
-2796.000000
-2820.000000
-2788.000000
-2770.000000
-2804.000000
-2874.000000
-2794.000000
-2782.000000
-2768.000000
-2848.000000
-2764.000000
-2756.000000
-2786.000000
-2756.000000
-2784.000000
-2852.000000
-2864.000000
-2770.000000
-2816.000000
-2814.000000
-2832.000000
-2812.000000
-2868.000000
-2772.000000
-2830.000000
-2722.000000
-2906.000000
-2758.000000
-2876.000000
-2710.000000
-2788.000000
-2862.000000
-2870.000000
-2700.000000
-2788.000000
-2696.000000
-2800.000000
-2782.000000
-2818.000000
-2748.000000
-2768.000000
-2766.000000
-2838.000000
-2802.000000
-2714.000000
-2810.000000
-2792.000000
-2804.000000
-2776.000000
-2780.000000
-2816.000000
-2808.000000
-2774.000000
-2788.000000
-2784.000000
-2766.000000
-2854.000000
-2782.000000
-2770.000000
-2938.000000
-2852.000000
-2702.000000
-2688.000000
-2872.000000
-2844.000000
-2778.000000
-2768.000000
-2868.000000
-2832.000000
-2756.000000
-2804.000000
-2842.000000
-2874.000000
-2782.000000
-2820.000000
-2880.000000
-2806.000000
-2766.000000
-2794.000000
-2780.000000
-2782.000000
-2756.000000
-2754.000000
-2760.000000
-2770.000000
-2716.000000
-2876.000000
-2768.000000
-2784.000000
-2776.000000
-2818.000000
-2800.000000
-2800.000000
-2854.000000
-2704.000000
-2774.000000
-2820.000000
-2832.000000
-2700.000000
-2790.000000
-2800.000000
-2814.000000
-2788.000000
-2760.000000
-2800.000000
-2704.000000
-2868.000000
-2788.000000
-2756.000000
-2710.000000
-2838.000000
-2758.000000
-2766.000000
-2748.000000
-2760.000000
-2856.000000
-2856.000000
-2692.000000
-2810.000000
-2846.000000
-2814.000000
-2724.000000
-2826.000000
-2780.000000
-2780.000000
-2730.000000
-2820.000000
-2790.000000
-2814.000000
-2808.000000
-2870.000000
-2728.000000
-2740.000000
-2756.000000
-2876.000000
-2816.000000
-2784.000000
-2762.000000
-2864.000000
-2694.000000
-2706.000000
-2812.000000
-2826.000000
-2754.000000
-2764.000000
-2796.000000
-2816.000000
-2828.000000
-2844.000000
-2804.000000
-2818.000000
-2862.000000
-2838.000000
-2818.000000
-2872.000000
-2802.000000
-2862.000000
-2822.000000
-2760.000000
-2756.000000
-2848.000000
-2932.000000
-2844.000000
-2862.000000
-2796.000000
-2758.000000
-2852.000000
-2870.000000
-2852.000000
-2796.000000
-2788.000000
-2800.000000
-2756.000000
-2766.000000
-2846.000000
-2880.000000
-2824.000000
-2780.000000
-2796.000000
-2768.000000
-2754.000000
-2802.000000
-2754.000000
-2774.000000
-2754.000000
-2804.000000
-2862.000000
-2790.000000
-2806.000000
-2804.000000
-2868.000000
-2776.000000
-2810.000000
-2868.000000
-2792.000000
-2762.000000
-2794.000000
-2790.000000
-2806.000000
-2766.000000
-2776.000000
-2806.000000
-2874.000000
-2770.000000
-2790.000000
-2854.000000
-2808.000000
-2774.000000
-2796.000000
-2786.000000
-2786.000000
-2780.000000
-2772.000000
-2792.000000
-2800.000000
-2778.000000
-2792.000000
-2784.000000
-2800.000000
-2850.000000
-2834.000000
-2868.000000
-2878.000000
-2786.000000
-2778.000000
-2802.000000
-2796.000000
-2778.000000
-2806.000000
-2804.000000
-2858.000000
-2766.000000
-2796.000000
-2806.000000
-2800.000000
-2774.000000
-2794.000000
-2864.000000
-2774.000000
-2768.000000
-2800.000000
-2874.000000
-2762.000000
-2836.000000
-2812.000000
-2808.000000
-2850.000000
-2796.000000
-2802.000000
-2814.000000
-2820.000000
-2778.000000
-2814.000000
-2806.000000
-2810.000000
-2762.000000
-2794.000000
-2806.000000
-2802.000000
-2770.000000
-2798.000000
-2804.000000
-2800.000000
-2776.000000
-2880.000000
-2806.000000
-2792.000000
-2792.000000
-2822.000000
-2816.000000
-2800.000000
-2780.000000
-2764.000000
-2820.000000
-2804.000000
-2782.000000
-2862.000000
-2856.000000
-2874.000000
-2782.000000
-2834.000000
-2800.000000
-2806.000000
-2774.000000
-2802.000000
-2760.000000
-2758.000000
-2770.000000
-2790.000000
-2758.000000
-2758.000000
-2782.000000
-2756.000000
-2756.000000
-2794.000000
-2774.000000
-2832.000000
-2808.000000
-2860.000000
-2776.000000
-2810.000000
-2784.000000
-2804.000000
-2776.000000
-2868.000000
-2808.000000
-2776.000000
-2834.000000
-2862.000000
-2868.000000
-2810.000000
-2782.000000
-2792.000000
-2794.000000
-2800.000000
-2854.000000
-2816.000000
-2758.000000
-2876.000000
-2780.000000
-2808.000000
-2810.000000
-2826.000000
-2786.000000
-2870.000000
-2852.000000
-2816.000000
-2850.000000
-2756.000000
-2814.000000
-2802.000000
-2776.000000
-2872.000000
-2808.000000
-2796.000000
-2796.000000
-2754.000000
-2768.000000
-2874.000000
-2776.000000
-2810.000000
-2804.000000
-2874.000000
-2788.000000
-2798.000000
-2792.000000
-2808.000000
-2772.000000
-2792.000000
-2758.000000
-2760.000000
-2774.000000
-2802.000000
-2808.000000
-2800.000000
-2768.000000
-2814.000000
-2868.000000
-2866.000000
-2788.000000
-2824.000000
-2812.000000
-2796.000000
-2770.000000
-2756.000000
-2872.000000
-2866.000000
-2790.000000
-2820.000000
-2800.000000
-2866.000000
-2790.000000
-2814.000000
-2808.000000
-2810.000000
-2780.000000
-2810.000000
-2866.000000
-2762.000000
-2794.000000
-2802.000000
-2868.000000
-2800.000000
-2780.000000
-2756.000000
-2818.000000
-2818.000000
-2790.000000
-2804.000000
-2858.000000
-2838.000000
-2772.000000
-2758.000000
-2804.000000
-2754.000000
-2784.000000
-2758.000000
-2814.000000
-2806.000000
-2848.000000
-2824.000000
-2754.000000
-2784.000000
-2800.000000
-2880.000000
-2812.000000
-2810.000000
-2790.000000
-2810.000000
-2800.000000
-2874.000000
-2774.000000
-2788.000000
-2754.000000
-2824.000000
-2782.000000
-2760.000000
-2880.000000
-2754.000000
-2770.000000
-2798.000000
-2822.000000
-2800.000000
-2776.000000
-2860.000000
-2828.000000
-2780.000000
-2786.000000
-2766.000000
-2874.000000
-2754.000000
-2774.000000
-2804.000000
-2804.000000
-2760.000000
-2760.000000
-2820.000000
-2876.000000
-2804.000000
-2778.000000
-2818.000000
-2806.000000
-2804.000000
-2788.000000
-2758.000000
-2864.000000
-2832.000000
-2776.000000
-2802.000000
-2864.000000
-2874.000000
-2776.000000
-2862.000000
-2806.000000
-2802.000000
-2796.000000
-2804.000000
-2762.000000
-2804.000000
-2780.000000
-2760.000000
-2810.000000
-2876.000000
-2780.000000
-2810.000000
-2806.000000
-2864.000000
-2780.000000
-2788.000000
-2878.000000
-2880.000000
-2798.000000
-2754.000000
-2824.000000
-2878.000000
-2800.000000
-2842.000000
-2820.000000
-2878.000000
-2786.000000
-2776.000000
-2832.000000
-2838.000000
-2792.000000
-2822.000000
-2772.000000
-2796.000000
-2850.000000
-2828.000000
-2874.000000
-2754.000000
-2778.000000
-2834.000000
-2802.000000
-2834.000000
-2870.000000
-2818.000000
-2818.000000
-2762.000000
-2784.000000
-2770.000000
-2758.000000
-2830.000000
-2786.000000
-2826.000000
-2878.000000
-2824.000000
-2796.000000
-2824.000000
-2824.000000
-2762.000000
-2868.000000
-2836.000000
-2762.000000
-2822.000000
-2872.000000
-2850.000000
-2856.000000
-2822.000000
-2852.000000
-2846.000000
-2830.000000
-2838.000000
-2872.000000
-2830.000000
-2824.000000
-2848.000000
-2848.000000
-2804.000000
-2832.000000
-2846.000000
-2804.000000
-2774.000000
-2834.000000
-2842.000000
-2824.000000
-2830.000000
-2832.000000
-2846.000000
-2780.000000
-2826.000000
-2850.000000
-2830.000000
-2804.000000
-2768.000000
-2840.000000
-2830.000000
-2866.000000
-2842.000000
-2822.000000
-2828.000000
-2802.000000
-2760.000000
-2842.000000
-2838.000000
-2800.000000
-2776.000000
-2832.000000
-2830.000000
-2786.000000
-2872.000000
-2770.000000
-2854.000000
-2798.000000
-2814.000000
-2850.000000
-2830.000000
-2792.000000
-2754.000000
-2818.000000
-2826.000000
-2786.000000
-2880.000000
-2764.000000
-2804.000000
-2808.000000
-2776.000000
-2830.000000
-2786.000000
-2848.000000
-2858.000000
-2772.000000
-2758.000000
-2802.000000
-2858.000000
-2800.000000
-2820.000000
-2794.000000
-2880.000000
-2860.000000
-2872.000000
-2828.000000
-2850.000000
-2790.000000
-2838.000000
-2880.000000
-2846.000000
-2826.000000
-2852.000000
-2818.000000
-2850.000000
-2844.000000
-2834.000000
-2796.000000
-2768.000000
-2804.000000
-2852.000000
-2778.000000
-2838.000000
-2786.000000
-2854.000000
-2792.000000
-2818.000000
-2878.000000
-2872.000000
-2784.000000
-2822.000000
-2810.000000
-2802.000000
-2848.000000
-2842.000000
-2844.000000
-2838.000000
-2796.000000
-2830.000000
-2850.000000
-2832.000000
-2790.000000
-2812.000000
-2846.000000
-2764.000000
-2846.000000
-2852.000000
-2794.000000
-2812.000000
-2818.000000
-2838.000000
-2798.000000
-2858.000000
-2794.000000
-2870.000000
-2872.000000
-2834.000000
-2782.000000
-2824.000000
-2756.000000
-2848.000000
-2798.000000
-2832.000000
-2826.000000
-2832.000000
-2862.000000
-2854.000000
-2772.000000
-2818.000000
-2776.000000
-2770.000000
-2838.000000
-2830.000000
-2858.000000
-2832.000000
-2832.000000
-2852.000000
-2872.000000
-2834.000000
-2850.000000
-2840.000000
-2784.000000
-2878.000000
-2760.000000
-2774.000000
-2856.000000
-2830.000000
-2828.000000
-2832.000000
-2854.000000
-2796.000000
-2860.000000
-2830.000000
-2800.000000
-2782.000000
-2832.000000
-2756.000000
-2786.000000
-2846.000000
-2850.000000
-2850.000000
-2878.000000
-2844.000000
-2872.000000
-2816.000000
-2862.000000
-2834.000000
-2816.000000
-2818.000000
-2792.000000
-2780.000000
-2808.000000
-2832.000000
-2870.000000
-2840.000000
-2828.000000
-2828.000000
-2792.000000
-2824.000000
-2842.000000
-2764.000000
-2800.000000
-2820.000000
-2880.000000
-2872.000000
-2800.000000
-2768.000000
-2796.000000
-2822.000000
-2808.000000
-2830.000000
-2766.000000
-2814.000000
-2794.000000
-2822.000000
-2820.000000
-2812.000000
-2866.000000
-2874.000000
-2824.000000
-2830.000000
-2796.000000
-2820.000000
-2876.000000
-2756.000000
-2798.000000
-2870.000000
-2830.000000
-2760.000000
-2788.000000
-2758.000000
-2764.000000
-2830.000000
-2792.000000
-2876.000000
-2824.000000
-2820.000000
-2776.000000
-2880.000000
-2830.000000
-2874.000000
-2868.000000
-2772.000000
-2788.000000
-2764.000000
-2800.000000
-2806.000000
-2802.000000
-2764.000000
-2786.000000
-2804.000000
-2804.000000
-2754.000000
-2788.000000
-2796.000000
-2756.000000
-2758.000000
-2788.000000
-2816.000000
-2786.000000
-2860.000000
-2792.000000
-2784.000000
-2802.000000
-2878.000000
-2780.000000
-2760.000000
-2872.000000
-2810.000000
-2778.000000
-2872.000000
-2808.000000
-2836.000000
-2836.000000
-2806.000000
-2808.000000
-2878.000000
-2770.000000
-2794.000000
-2802.000000
-2818.000000
-2774.000000
-2808.000000
-2812.000000
-2806.000000
-2790.000000
-2810.000000
-2876.000000
-2806.000000
-2774.000000
-2814.000000
-2876.000000
-2812.000000
-2774.000000
-2826.000000
-2804.000000
-2792.000000
-2798.000000
-2758.000000
-2868.000000
-2826.000000
-2788.000000
-2814.000000
-2804.000000
-2828.000000
-2784.000000
-2806.000000
-2754.000000
-2870.000000
-2772.000000
-2834.000000
-2866.000000
-2816.000000
-2784.000000
-2880.000000
-2766.000000
-2772.000000
-2790.000000
-2808.000000
-2808.000000
-2816.000000
-2784.000000
-2754.000000
-2872.000000
-2754.000000
-2848.000000
-2816.000000
-2772.000000
-2802.000000
-2786.000000
-2758.000000
-2870.000000
-2864.000000
-2790.000000
-2808.000000
-2806.000000
-2820.000000
-2766.000000
-2808.000000
-2762.000000
-2820.000000
-2762.000000
-2858.000000
-2862.000000
-2754.000000
-2778.000000
-2870.000000
-2864.000000
-2794.000000
-2790.000000
-2878.000000
-2756.000000
-2760.000000
-2774.000000
-2822.000000
-2806.000000
-2806.000000
-2844.000000
-2820.000000
-2802.000000
-2810.000000
-2862.000000
-2756.000000
-2806.000000
-2866.000000
-2790.000000
-2860.000000
-2808.000000
-2808.000000
-2784.000000
-2812.000000
-2762.000000
-2814.000000
-2772.000000
-2802.000000
-2814.000000
-2814.000000
-2774.000000
-2800.000000
-2796.000000
-2880.000000
-2782.000000
-2764.000000
-2872.000000
-2802.000000
-2766.000000
-2808.000000
-2792.000000
-2802.000000
-2770.000000
-2858.000000
-2878.000000
-2796.000000
-2778.000000
-2812.000000
-2790.000000
-2858.000000
-2778.000000
-2802.000000
-2796.000000
-2806.000000
-2776.000000
-2808.000000
-2814.000000
-2790.000000
-2744.000000
-2776.000000
-2784.000000
-2778.000000
-2768.000000
-2770.000000
-2794.000000
-2778.000000
-2836.000000
-2772.000000
-2780.000000
-2780.000000
-2774.000000
-2790.000000
-2776.000000
-2796.000000
-2754.000000
-2778.000000
-2794.000000
-2782.000000
-2808.000000
-2774.000000
-2792.000000
-2788.000000
-2810.000000
-2732.000000
-2784.000000
-2790.000000
-2770.000000
-2780.000000
-2804.000000
-2774.000000
-2766.000000
-2768.000000
-2776.000000
-2786.000000
-2740.000000
-2774.000000
-2778.000000
-2784.000000
-2812.000000
-2790.000000
-2776.000000
-2786.000000
-2768.000000
-2790.000000
-2766.000000
-2786.000000
-2802.000000
-2770.000000
-2782.000000
-2778.000000
-2816.000000
-2784.000000
-2740.000000
-2792.000000
-2800.000000
-2784.000000
-2788.000000
-2796.000000
-2808.000000
-2788.000000
-2788.000000
-2768.000000
-2772.000000
-2782.000000
-2772.000000
-2788.000000
-2810.000000
-2790.000000
-2784.000000
-2782.000000
-2808.000000
-2786.000000
-2780.000000
-2786.000000
-2808.000000
-2800.000000
-2776.000000
-2802.000000
-2728.000000
-2760.000000
-2788.000000
-2800.000000
-2802.000000
-2778.000000
-2788.000000
-2780.000000
-2808.000000
-2782.000000
-2786.000000
-2782.000000
-2812.000000
-2796.000000
-2794.000000
-2778.000000
-2808.000000
-2794.000000
-2776.000000
-2770.000000
-2754.000000
-2786.000000
-2784.000000
-2766.000000
-2770.000000
-2796.000000
-2780.000000
-2782.000000
-2698.000000
-2782.000000
-2776.000000
-2786.000000
-2690.000000
-2774.000000
-2774.000000
-2780.000000
-2802.000000
-2776.000000
-2788.000000
-2802.000000
-2812.000000
-2786.000000
-2768.000000
-2786.000000
-2754.000000
-2800.000000
-2758.000000
-2778.000000
-2802.000000
-2786.000000
-2800.000000
-2764.000000
-2744.000000
-2724.000000
-2808.000000
-2788.000000
-2734.000000
-2788.000000
-2790.000000
-2704.000000
-2720.000000
-2780.000000
-2768.000000
-2762.000000
-2788.000000
-2782.000000
-2860.000000
-2770.000000
-2680.000000
-2736.000000
-2816.000000
-2812.000000
-2710.000000
-2736.000000
-2838.000000
-2760.000000
-2722.000000
-2738.000000
-2814.000000
-2720.000000
-2716.000000
-2690.000000
-2812.000000
-2782.000000
-2804.000000
-2784.000000
-2752.000000
-2766.000000
-2804.000000
-2878.000000
-2814.000000
-2660.000000
-2770.000000
-2676.000000
-2664.000000
-2942.000000
-2900.000000
-2892.000000
-2940.000000
-2772.000000
-2640.000000
-2736.000000
-2856.000000
-2916.000000
-2716.000000
-2734.000000
-2798.000000
-2824.000000
-2860.000000
-2774.000000
-2696.000000
-2700.000000
-2786.000000
-2850.000000
-2808.000000
-2754.000000
-2774.000000
-2794.000000
-2718.000000
-2764.000000
-2734.000000
-2792.000000
-2776.000000
-2804.000000
-2720.000000
-2702.000000
-2774.000000
-2708.000000
-2698.000000
-2774.000000
-2774.000000
-2776.000000
-2710.000000
-2762.000000
-2774.000000
-2756.000000
-2816.000000
-2802.000000
-2700.000000
-2804.000000
-2812.000000
-2790.000000
-2692.000000
-2772.000000
-2744.000000
-2746.000000
-2690.000000
-2784.000000
-2836.000000
-2760.000000
-2732.000000
-2792.000000
-2692.000000
-2774.000000
-2756.000000
-2772.000000
-2802.000000
-2782.000000
-2844.000000
-2690.000000
-2718.000000
-2784.000000
-2874.000000
-2716.000000
-2736.000000
-2754.000000
-2802.000000
-2694.000000
-2782.000000
-2868.000000
-2774.000000
-2804.000000
-2752.000000
-2698.000000
-2762.000000
-2774.000000
-2746.000000
-2810.000000
-2808.000000
-2772.000000
-2736.000000
-2768.000000
-2804.000000
-2728.000000
-2806.000000
-2772.000000
-2808.000000
-2714.000000
-2756.000000
-2768.000000
-2732.000000
-2702.000000
-2808.000000
-2748.000000
-2734.000000
-2698.000000
-2766.000000
-2770.000000
-2734.000000
-2746.000000
-2800.000000
-2774.000000
-2754.000000
-2780.000000
-2802.000000
-2764.000000
-2788.000000
-2694.000000
-2722.000000
-2800.000000
-2694.000000
-2760.000000
-2752.000000
-2708.000000
-2758.000000
-2790.000000
-2706.000000
-2720.000000
-2748.000000
-2772.000000
-2664.000000
-2632.000000
-2658.000000
-2760.000000
-2730.000000
-2752.000000
-2740.000000
-2760.000000
-2716.000000
-2744.000000
-2666.000000
-2798.000000
-2796.000000
-2768.000000
-2740.000000
-2742.000000
-2730.000000
-2754.000000
-2744.000000
-2808.000000
-2716.000000
-2730.000000
-2664.000000
-2800.000000
-2698.000000
-2750.000000
-2732.000000
-2816.000000
-2710.000000
-2730.000000
-2738.000000
-2810.000000
-2720.000000
-2768.000000
-2706.000000
-2786.000000
-2704.000000
-2690.000000
-2758.000000
-2692.000000
-2740.000000
-2808.000000
-2780.000000
-2738.000000
-2720.000000
-2776.000000
-2782.000000
-2716.000000
-2726.000000
-2774.000000
-2806.000000
-2714.000000
-2714.000000
-2746.000000
-2728.000000
-2732.000000
-2708.000000
-2670.000000
-2720.000000
-2760.000000
-2768.000000
-2724.000000
-2662.000000
-2744.000000
-2690.000000
-2720.000000
-2728.000000
-2772.000000
-2708.000000
-2726.000000
-2668.000000
-2738.000000
-2698.000000
-2740.000000
-2740.000000
-2740.000000
-2772.000000
-2800.000000
-2734.000000
-2730.000000
-2736.000000
-2716.000000
-2718.000000
-2694.000000
-2672.000000
-2752.000000
-2708.000000
-2748.000000
-2726.000000
-2730.000000
-2816.000000
-2726.000000
-2630.000000
-2742.000000
-2758.000000
-2714.000000
-2694.000000
-2808.000000
-2734.000000
-2658.000000
-2736.000000
-2724.000000
-2730.000000
-2710.000000
-2782.000000
-2812.000000
-2666.000000
-2676.000000
-2810.000000
-2816.000000
-2708.000000
-2676.000000
-2804.000000
-2756.000000
-2730.000000
-2636.000000
-2788.000000
-2716.000000
-2650.000000
-2698.000000
-2794.000000
-2800.000000
-2706.000000
-2744.000000
-2712.000000
-2734.000000
-2712.000000
-2690.000000
-2736.000000
-2780.000000
-2742.000000
-2710.000000
-2782.000000
-2708.000000
-2742.000000
-2724.000000
-2768.000000
-2790.000000
-2684.000000
-2712.000000
-2716.000000
-2772.000000
-2682.000000
-2702.000000
-2682.000000
-2666.000000
-2728.000000
-2762.000000
-2682.000000
-2640.000000
-2790.000000
-2750.000000
-2682.000000
-2726.000000
-2810.000000
-2736.000000
-2654.000000
-2710.000000
-2732.000000
-2736.000000
-2688.000000
-2734.000000
-2754.000000
-2800.000000
-2668.000000
-2696.000000
-2808.000000
-2742.000000
-2744.000000
-2724.000000
-2666.000000
-2694.000000
-2740.000000
-2794.000000
-2720.000000
-2726.000000
-2702.000000
-2720.000000
-2790.000000
-2696.000000
-2810.000000
-2802.000000
-2668.000000
-2676.000000
-2766.000000
-2742.000000
-2630.000000
-2698.000000
-2872.000000
-2774.000000
-2672.000000
-2626.000000
-2802.000000
-2700.000000
-2748.000000
-2706.000000
-2722.000000
-2728.000000
-2690.000000
-2710.000000
-2662.000000
-2680.000000
-2730.000000
-2728.000000
-2738.000000
-2724.000000
-2804.000000
-2802.000000
-2698.000000
-2716.000000
-2738.000000
-2750.000000
-2636.000000
-2666.000000
-2734.000000
-2806.000000
-2742.000000
-2692.000000
-2744.000000
-2696.000000
-2690.000000
-2748.000000
-2770.000000
-2678.000000
-2806.000000
-2798.000000
-2802.000000
-2706.000000
-2710.000000
-2690.000000
-2784.000000
-2778.000000
-2568.000000
-2732.000000
-2834.000000
-2734.000000
-2688.000000
-2732.000000
-2818.000000
-2664.000000
-2730.000000
-2692.000000
-2832.000000
-2712.000000
-2670.000000
-2672.000000
-2796.000000
-2776.000000
-2636.000000
-2746.000000
-2806.000000
-2730.000000
-2650.000000
-2714.000000
-2732.000000
-2720.000000
-2670.000000
-2660.000000
-2656.000000
-2802.000000
-2722.000000
-2716.000000
-2676.000000
-2740.000000
-2766.000000
-2802.000000
-2648.000000
-2718.000000
-2708.000000
-2728.000000
-2690.000000
-2720.000000
-2720.000000
-2714.000000
-2720.000000
-2720.000000
-2714.000000
-2696.000000
-2744.000000
-2708.000000
-2706.000000
-2744.000000
-2730.000000
-2736.000000
-2748.000000
-2728.000000
-2750.000000
-2808.000000
-2704.000000
-2736.000000
-2718.000000
-2732.000000
-2632.000000
-2722.000000
-2708.000000
-2736.000000
-2740.000000
-2790.000000
-2812.000000
-2736.000000
-2748.000000
-2740.000000
-2740.000000
-2698.000000
-2698.000000
-2752.000000
-2644.000000
-2718.000000
-2690.000000
-2722.000000
-2724.000000
-2724.000000
-2674.000000
-2696.000000
-2726.000000
-2754.000000
-2746.000000
-2730.000000
-2654.000000
-2720.000000
-2694.000000
-2736.000000
-2724.000000
-2738.000000
-2752.000000
-2722.000000
-2646.000000
-2790.000000
-2642.000000
-2652.000000
-2724.000000
-2802.000000
-2638.000000
-2650.000000
-2744.000000
-2690.000000
-2658.000000
-2778.000000
-2942.000000
-2806.000000
-2702.000000
-2802.000000
-2894.000000
-2852.000000
-2868.000000
-2842.000000
-2768.000000
-2944.000000
-2634.000000
-2642.000000
-2758.000000
-2852.000000
-2726.000000
-2786.000000
-2714.000000
-2694.000000
-2800.000000
-2808.000000
-2810.000000
-2764.000000
-2804.000000
-2758.000000
-2796.000000
-2806.000000
-2722.000000
-2816.000000
-2812.000000
-2698.000000
-2854.000000
-2784.000000
-2804.000000
-2748.000000
-2800.000000
-2778.000000
-2806.000000
-2780.000000
-2850.000000
-2790.000000
-2802.000000
-2780.000000
-2776.000000
-2774.000000
-2772.000000
-2812.000000
-2754.000000
-2792.000000
-2806.000000
-2782.000000
-2812.000000
-2786.000000
-2728.000000
-2798.000000
-2796.000000
-2788.000000
-2778.000000
-2780.000000
-2754.000000
-2856.000000
-2864.000000
-2806.000000
-2756.000000
-2790.000000
-2778.000000
-2812.000000
-2750.000000
-2784.000000
-2786.000000
-2762.000000
-2848.000000
-2848.000000
-2718.000000
-2810.000000
-2842.000000
-2868.000000
-2800.000000
-2790.000000
-2798.000000
-2878.000000
-2846.000000
-2812.000000
-2750.000000
-2792.000000
-2932.000000
-2776.000000
-2750.000000
-2848.000000
-2912.000000
-2806.000000
-2802.000000
-2874.000000
-2936.000000
-2720.000000
-2768.000000
-2754.000000
-2862.000000
-2848.000000
-2736.000000
-2766.000000
-2856.000000
-2912.000000
-2696.000000
-2732.000000
-2878.000000
-2874.000000
-2800.000000
-2776.000000
-2842.000000
-2824.000000
-2720.000000
-2872.000000
-2922.000000
-2828.000000
-2784.000000
-2826.000000
-2826.000000
-2764.000000
-2864.000000
-2874.000000
-2918.000000
-2774.000000
-2858.000000
-2794.000000
-2794.000000
-2756.000000
-2788.000000
-2778.000000
-2802.000000
-2794.000000
-2846.000000
-2874.000000
-2752.000000
-2794.000000
-2844.000000
-2774.000000
-2720.000000
-2874.000000
-2788.000000
-2778.000000
-2762.000000
-2872.000000
-2796.000000
-2780.000000
-2804.000000
-2872.000000
-2804.000000
-2754.000000
-2784.000000
-2828.000000
-2866.000000
-2932.000000
-2656.000000
-2750.000000
-3100.000000
-3018.000000
-2866.000000
-2764.000000
-2862.000000
-2878.000000
-2758.000000
-3060.000000
-2692.000000
-2772.000000
-2980.000000
-2908.000000
-2890.000000
-2920.000000
-2978.000000
-2850.000000
-2860.000000
-2908.000000
-2870.000000
-2876.000000
-2840.000000
-2856.000000
-2918.000000
-2872.000000
-2818.000000
-2870.000000
-2870.000000
-2820.000000
-2824.000000
-2762.000000
-2768.000000
-2808.000000
-2850.000000
-2822.000000
-2770.000000
-2858.000000
-2742.000000
-2704.000000
-2776.000000
-2922.000000
-2694.000000
-2726.000000
-2770.000000
-2758.000000
-2706.000000
-2856.000000
-2822.000000
-2814.000000
-2860.000000
-2894.000000
-2776.000000
-2596.000000
-2836.000000
-2916.000000
-2776.000000
-2678.000000
-2844.000000
-2830.000000
-2866.000000
-2674.000000
-2812.000000
-2838.000000
-2782.000000
-2700.000000
-2802.000000
-2790.000000
-2694.000000
-2794.000000
-2800.000000
-2698.000000
-2718.000000
-2710.000000
-2738.000000
-2816.000000
-2740.000000
-2744.000000
-2818.000000
-2840.000000
-2756.000000
-2716.000000
-2836.000000
-2838.000000
-2748.000000
-2646.000000
-2850.000000
-2842.000000
-2732.000000
-2732.000000
-2770.000000
-2770.000000
-2628.000000
-2814.000000
-2758.000000
-2768.000000
-2678.000000
-2696.000000
-2808.000000
-2778.000000
-2746.000000
-2730.000000
-2760.000000
-2770.000000
-2636.000000
-2706.000000
-2878.000000
-2904.000000
-2772.000000
-2750.000000
-2762.000000
-2764.000000
-2872.000000
-2708.000000
-2710.000000
-2748.000000
-2752.000000
-2758.000000
-2718.000000
-2796.000000
-2720.000000
-2746.000000
-2796.000000
-2752.000000
-2730.000000
-2742.000000
-2788.000000
-2760.000000
-2744.000000
-2728.000000
-2778.000000
-2808.000000
-2750.000000
-2736.000000
-2732.000000
-2734.000000
-2806.000000
-2758.000000
-2762.000000
-2802.000000
-2706.000000
-2726.000000
-2790.000000
-2806.000000
-2700.000000
-2744.000000
-2818.000000
-2760.000000
-2678.000000
-2760.000000
-2708.000000
-2690.000000
-2690.000000
-2764.000000
-2702.000000
-2730.000000
-2740.000000
-2850.000000
-2638.000000
-2676.000000
-2806.000000
-2788.000000
-2686.000000
-2748.000000
-2842.000000
-2796.000000
-2696.000000
-2806.000000
-2774.000000
-2700.000000
-2808.000000
-2800.000000
-2760.000000
-2728.000000
-2776.000000
-2758.000000
-2804.000000
-2722.000000
-2762.000000
-2810.000000
-2790.000000
-2694.000000
-2784.000000
-2758.000000
-2744.000000
-2738.000000
-2650.000000
-2676.000000
-2734.000000
-2764.000000
-2706.000000
-2750.000000
-2782.000000
-2806.000000
-2682.000000
-2712.000000
-2840.000000
-2794.000000
-2732.000000
-2732.000000
-2758.000000
-2816.000000
-2710.000000
-2730.000000
-2738.000000
-2760.000000
-2704.000000
-2750.000000
-2786.000000
-2754.000000
-2696.000000
-2700.000000
-2748.000000
-2778.000000
-2758.000000
-2784.000000
-2750.000000
-2746.000000
-2728.000000
-2782.000000
-2806.000000
-2746.000000
-2750.000000
-2804.000000
-2710.000000
-2734.000000
-2802.000000
-2772.000000
-2724.000000
-2770.000000
-2724.000000
-2722.000000
-2722.000000
-2840.000000
-2670.000000
-2662.000000
-2734.000000
-2874.000000
-2640.000000
-2572.000000
-2728.000000
-2854.000000
-2646.000000
-2652.000000
-2718.000000
-2840.000000
-2600.000000
-2684.000000
-2758.000000
-2776.000000
-2678.000000
-2644.000000
-2770.000000
-2780.000000
-2748.000000
-2742.000000
-2732.000000
-2748.000000
-2810.000000
-2812.000000
-2748.000000
-2746.000000
-2728.000000
-2864.000000
-2766.000000
-2680.000000
-2776.000000
-2830.000000
-2758.000000
-2648.000000
-2804.000000
-2782.000000
-2716.000000
-2680.000000
-2864.000000
-2758.000000
-2638.000000
-2638.000000
-2844.000000
-2804.000000
-2570.000000
-2666.000000
-2830.000000
-2806.000000
-2574.000000
-2664.000000
-2776.000000
-2768.000000
-2682.000000
-2752.000000
-2700.000000
-2734.000000
-2652.000000
-2812.000000
-2644.000000
-2748.000000
-2786.000000
-2706.000000
-2752.000000
-2744.000000
-2690.000000
-2728.000000
-2756.000000
-2858.000000
-2738.000000
-2682.000000
-2812.000000
-2838.000000
-2736.000000
-2648.000000
-2826.000000
-2840.000000
-2752.000000
-2742.000000
-2762.000000
-2756.000000
-2708.000000
-2804.000000
-2704.000000
-2744.000000
-2812.000000
-2758.000000
-2698.000000
-2716.000000
-2750.000000
-2814.000000
-2714.000000
-2666.000000
-2778.000000
-2802.000000
-2702.000000
-2772.000000
-2750.000000
-2698.000000
-2710.000000
-2742.000000
-2742.000000
-2724.000000
-2692.000000
-2800.000000
-2734.000000
-2810.000000
-2748.000000
-2810.000000
-2752.000000
-2746.000000
-2712.000000
-2756.000000
-2740.000000
-2722.000000
-2796.000000
-2808.000000
-2726.000000
-2710.000000
-2720.000000
-2800.000000
-2802.000000
-2664.000000
-2812.000000
-2878.000000
-2698.000000
-2634.000000
-2802.000000
-2792.000000
-2678.000000
-2814.000000
-2734.000000
-2628.000000
-2628.000000
-2758.000000
-2700.000000
-2646.000000
-2780.000000
-2732.000000
-2732.000000
-2736.000000
-2698.000000
-2784.000000
-2698.000000
-2748.000000
-2694.000000
-2720.000000
-2704.000000
-2716.000000
-2656.000000
-2748.000000
-2714.000000
-2718.000000
-2660.000000
-2802.000000
-2720.000000
-2746.000000
-2810.000000
-2780.000000
-2630.000000
-2736.000000
-2766.000000
-2738.000000
-2722.000000
-2718.000000
-2752.000000
-2712.000000
-2760.000000
-2762.000000
-2742.000000
-2766.000000
-2698.000000
-2738.000000
-2708.000000
-2794.000000
-2710.000000
-2728.000000
-2696.000000
-2742.000000
-2770.000000
-2798.000000
-2804.000000
-2758.000000
-2770.000000
-2864.000000
-2778.000000
-2738.000000
-2806.000000
-2778.000000
-2706.000000
-2740.000000
-2786.000000
-2766.000000
-2794.000000
-2730.000000
-2690.000000
-2780.000000
-2790.000000
-2748.000000
-2796.000000
-2766.000000
-2692.000000
-2630.000000
-2752.000000
-2712.000000
-2744.000000
-2800.000000
-2778.000000
-2756.000000
-2762.000000
-2808.000000
-2630.000000
-2744.000000
-2846.000000
-2706.000000
-2730.000000
-2796.000000
-2766.000000
-2636.000000
-2830.000000
-2790.000000
-2686.000000
-2722.000000
-2776.000000
-2666.000000
-2674.000000
-2812.000000
-2644.000000
-2658.000000
-2728.000000
-2802.000000
-2638.000000
-2568.000000
-2790.000000
-2840.000000
-2618.000000
-2668.000000
-2868.000000
-2836.000000
-2554.000000
-2642.000000
-2920.000000
-2842.000000
-2624.000000
-2690.000000
-2862.000000
-2720.000000
-2680.000000
-2710.000000
-2874.000000
-2752.000000
-2676.000000
-2722.000000
-2738.000000
-2698.000000
-2736.000000
-2728.000000
-2742.000000
-2740.000000
-2746.000000
-2738.000000
-2780.000000
-2774.000000
-2626.000000
-2738.000000
-2762.000000
-2720.000000
-2658.000000
-2640.000000
-2830.000000
-2760.000000
-2664.000000
-2632.000000
-2746.000000
-2872.000000
-2630.000000
-2574.000000
-2676.000000
-2780.000000
-2748.000000
-2626.000000
-2632.000000
-2844.000000
-2710.000000
-2648.000000
-2676.000000
-2780.000000
-2704.000000
-2716.000000
-2726.000000
-2776.000000
-2696.000000
-2632.000000
-2788.000000
-2914.000000
-2722.000000
-2690.000000
-2632.000000
-2732.000000
-2768.000000
-2814.000000
-2680.000000
-2646.000000
-2830.000000
-2878.000000
-2648.000000
-2670.000000
-2712.000000
-2752.000000
-2692.000000
-2796.000000
-2730.000000
-2808.000000
-2736.000000
-2720.000000
-2802.000000
-2778.000000
-2650.000000
-2700.000000
-2778.000000
-2710.000000
-2610.000000
-2734.000000
-2632.000000
-2642.000000
-2798.000000
-2762.000000
-2726.000000
-2750.000000
-2708.000000
-2720.000000
-2776.000000
-2782.000000
-2736.000000
-2698.000000
-2806.000000
-2764.000000
-2730.000000
-2688.000000
-2780.000000
-2766.000000
-2696.000000
-2716.000000
-2678.000000
-2690.000000
-2774.000000
-2800.000000
-2598.000000
-2720.000000
-2824.000000
-2792.000000
-2646.000000
-2720.000000
-2754.000000
-2756.000000
-2748.000000
-2666.000000
-2748.000000
-2798.000000
-2746.000000
-2694.000000
-2692.000000
-2698.000000
-2700.000000
-2728.000000
-2684.000000
-2724.000000
-2812.000000
-2778.000000
-2636.000000
-2816.000000
-2706.000000
-2654.000000
-2622.000000
-2852.000000
-2702.000000
-2626.000000
-2714.000000
-2694.000000
-2686.000000
-2746.000000
-2792.000000
-2638.000000
-2810.000000
-2788.000000
-2804.000000
-2646.000000
-2812.000000
-2842.000000
-2732.000000
-2708.000000
-2748.000000
-2706.000000
-2734.000000
-2738.000000
-2802.000000
-2756.000000
-2668.000000
-2718.000000
-2796.000000
-2780.000000
-2764.000000
-2716.000000
-2742.000000
-2768.000000
-2704.000000
-2638.000000
-2752.000000
-2780.000000
-2734.000000
-2700.000000
-2768.000000
-2804.000000
-2698.000000
-2704.000000
-2744.000000
-2662.000000
-2682.000000
-2804.000000
-2720.000000
-2748.000000
-2706.000000
-2810.000000
-2736.000000
-2706.000000
-2732.000000
-2754.000000
-2660.000000
-2642.000000
-2748.000000
-2808.000000
-2688.000000
-2672.000000
-2738.000000
-2748.000000
-2642.000000
-2720.000000
-2788.000000
-2752.000000
-2744.000000
-2778.000000
-2732.000000
-2712.000000
-2730.000000
-2694.000000
-2712.000000
-2798.000000
-2634.000000
-2702.000000
-2800.000000
-2734.000000
-2710.000000
-2770.000000
-2784.000000
-2700.000000
-2788.000000
-2850.000000
-2760.000000
-2628.000000
-2782.000000
-2794.000000
-2718.000000
-2734.000000
-2762.000000
-2722.000000
-2626.000000
-2724.000000
-2756.000000
-2722.000000
-2628.000000
-2754.000000
-2712.000000
-2718.000000
-2718.000000
-2772.000000
-2664.000000
-2712.000000
-2700.000000
-2746.000000
-2696.000000
-2698.000000
-2758.000000
-2628.000000
-2706.000000
-2806.000000
-2814.000000
-2700.000000
-2740.000000
-2772.000000
-2748.000000
-2710.000000
-2740.000000
-2788.000000
-2692.000000
-2758.000000
-2718.000000
-2662.000000
-2692.000000
-2806.000000
-2772.000000
-2756.000000
-2726.000000
-2814.000000
-2792.000000
-2762.000000
-2786.000000
-2724.000000
-2778.000000
-2768.000000
-2724.000000
-2706.000000
-2810.000000
-2764.000000
-2732.000000
-2808.000000
-2704.000000
-2808.000000
-2774.000000
-2730.000000
-2632.000000
-2738.000000
-2830.000000
-2690.000000
-2708.000000
-2806.000000
-2738.000000
-2714.000000
-2754.000000
-2760.000000
-2692.000000
-2804.000000
-2640.000000
-2710.000000
-2800.000000
-2694.000000
-2726.000000
-2814.000000
-2806.000000
-2722.000000
-2790.000000
-2784.000000
-2642.000000
-2662.000000
-2816.000000
-2728.000000
-2666.000000
-2870.000000
-2660.000000
-2666.000000
-2844.000000
-2796.000000
-2744.000000
-2774.000000
-2710.000000
-2646.000000
-2808.000000
-2820.000000
-2666.000000
-2626.000000
-2820.000000
-2858.000000
-2694.000000
-2640.000000
-2860.000000
-2810.000000
-2584.000000
-2852.000000
-2668.000000
-2648.000000
-2694.000000
-2694.000000
-2738.000000
-2740.000000
-2712.000000
-2734.000000
-2750.000000
-2794.000000
-2700.000000
-2748.000000
-2720.000000
-2696.000000
-2716.000000
-2732.000000
-2728.000000
-2732.000000
-2704.000000
-2738.000000
-2720.000000
-2698.000000
-2684.000000
-2816.000000
-2780.000000
-2714.000000
-2696.000000
-2764.000000
-2778.000000
-2736.000000
-2736.000000
-2794.000000
-2626.000000
-2740.000000
-2756.000000
-2814.000000
-2732.000000
-2708.000000
-2786.000000
-2862.000000
-2692.000000
-2792.000000
-2752.000000
-2698.000000
-2716.000000
-2794.000000
-2714.000000
-2772.000000
-2828.000000
-2782.000000
-2724.000000
-2810.000000
-2750.000000
-2810.000000
-2830.000000
-2760.000000
-2732.000000
-2772.000000
-2878.000000
-2774.000000
-2634.000000
-2712.000000
-2824.000000
-2784.000000
-2716.000000
-2814.000000
-2872.000000
-2758.000000
-2750.000000
-2666.000000
-2768.000000
-2694.000000
-2690.000000
-2772.000000
-2742.000000
-2814.000000
-2790.000000
-2768.000000
-2738.000000
-2768.000000
-2724.000000
-2698.000000
-2796.000000
-2752.000000
-2756.000000
-2836.000000
-2772.000000
-2676.000000
-2788.000000
-2846.000000
-2692.000000
-2686.000000
-2850.000000
-2790.000000
-2722.000000
-2750.000000
-2834.000000
-2710.000000
-2608.000000
-2848.000000
-2796.000000
-2750.000000
-2634.000000
-2772.000000
-2708.000000
-2654.000000
-2728.000000
-2708.000000
-2798.000000
-2772.000000
-2756.000000
-2744.000000
-2790.000000
-2742.000000
-2782.000000
-2780.000000
-2696.000000
-2744.000000
-2750.000000
-2748.000000
-2718.000000
-2740.000000
-2678.000000
-2772.000000
-2716.000000
-2746.000000
-2712.000000
-2778.000000
-2778.000000
-2734.000000
-2644.000000
-2760.000000
-2714.000000
-2750.000000
-2730.000000
-2848.000000
-2666.000000
-2662.000000
-2660.000000
-2774.000000
-2730.000000
-2728.000000
-2696.000000
-2708.000000
-2784.000000
-2776.000000
-2772.000000
-2850.000000
-2726.000000
-2728.000000
-2736.000000
-2730.000000
-2726.000000
-2694.000000
-2660.000000
-2762.000000
-2848.000000
-2756.000000
-2736.000000
-2728.000000
-2756.000000
-2804.000000
-2810.000000
-2758.000000
-2636.000000
-2696.000000
-2756.000000
-2752.000000
-2738.000000
-2804.000000
-2764.000000
-2700.000000
-2830.000000
-2862.000000
-2652.000000
-2658.000000
-2762.000000
-2774.000000
-2704.000000
-2706.000000
-2718.000000
-2740.000000
-2700.000000
-2798.000000
-2636.000000
-2716.000000
-2728.000000
-2754.000000
-2732.000000
-2780.000000
-2738.000000
-2708.000000
-2724.000000
-2802.000000
-2816.000000
-2656.000000
-2804.000000
-2844.000000
-2792.000000
-2618.000000
-2868.000000
-2892.000000
-2744.000000
-2566.000000
-2866.000000
-2860.000000
-2674.000000
-2624.000000
-2830.000000
-2844.000000
-2726.000000
-2748.000000
-2706.000000
-2808.000000
-2848.000000
-2662.000000
-2732.000000
-2824.000000
-2842.000000
-2680.000000
-2780.000000
-2790.000000
-2802.000000
-2698.000000
-2842.000000
-2832.000000
-2646.000000
-2746.000000
-2822.000000
-2768.000000
-2634.000000
-2808.000000
-2772.000000
-2722.000000
-2638.000000
-2788.000000
-2746.000000
-2730.000000
-2692.000000
-2758.000000
-2752.000000
-2666.000000
-2730.000000
-2870.000000
-2820.000000
-2844.000000
-2746.000000
-2724.000000
-2722.000000
-2734.000000
-2688.000000
-2718.000000
-2730.000000
-2718.000000
-2704.000000
-2756.000000
-2748.000000
-2652.000000
-2752.000000
-2802.000000
-2670.000000
-2678.000000
-2730.000000
-2800.000000
-2662.000000
-2676.000000
-2816.000000
-2800.000000
-2572.000000
-2730.000000
-2876.000000
-2744.000000
-2738.000000
-2754.000000
-2788.000000
-2670.000000
-2798.000000
-2732.000000
-2686.000000
-2656.000000
-2788.000000
-2794.000000
-2696.000000
-2808.000000
-2746.000000
-2638.000000
-2724.000000
-2754.000000
-2608.000000
-2590.000000
-2718.000000
-2810.000000
-2618.000000
-2568.000000
-2698.000000
-2828.000000
-2644.000000
-2684.000000
-2750.000000
-2758.000000
-2656.000000
-2636.000000
-2800.000000
-2778.000000
-2654.000000
-2720.000000
-2764.000000
-2790.000000
-2752.000000
-2730.000000
-2692.000000
-2784.000000
-2750.000000
-2730.000000
-2714.000000
-2704.000000
-2764.000000
-2744.000000
-2726.000000
-2722.000000
-2712.000000
-2742.000000
-2814.000000
-2816.000000
-2740.000000
-2704.000000
-2794.000000
-2700.000000
-2700.000000
-2806.000000
-2800.000000
-2758.000000
-2694.000000
-2798.000000
-2812.000000
-2708.000000
-2798.000000
-2784.000000
-2750.000000
-2746.000000
-2738.000000
-2806.000000
-2804.000000
-2744.000000
-2726.000000
-2750.000000
-2758.000000
-2748.000000
-2702.000000
-2742.000000
-2696.000000
-2764.000000
-2750.000000
-2786.000000
-2730.000000
-2706.000000
-2722.000000
-2732.000000
-2804.000000
-2808.000000
-2694.000000
-2726.000000
-2796.000000
-2814.000000
-2716.000000
-2776.000000
-2764.000000
-2832.000000
-2640.000000
-2646.000000
-2472.000000
-2652.000000
-2754.000000
-2710.000000
-2592.000000
-2686.000000
-2708.000000
-2678.000000
-2628.000000
-2632.000000
-2652.000000
-2668.000000
-2648.000000
-2662.000000
-2666.000000
-2650.000000
-2686.000000
-2626.000000
-2570.000000
-2648.000000
-2636.000000
-2664.000000
-2628.000000
-2628.000000
-2666.000000
-2598.000000
-2628.000000
-2664.000000
-2632.000000
-2676.000000
-2638.000000
-2638.000000
-2666.000000
-2642.000000
-2638.000000
-2674.000000
-2634.000000
-2646.000000
-2624.000000
-2686.000000
-2650.000000
-2680.000000
-2622.000000
-2580.000000
-2648.000000
-2636.000000
-2670.000000
-2634.000000
-2680.000000
-2650.000000
-2622.000000
-2650.000000
-2658.000000
-2576.000000
-2688.000000
-2628.000000
-2586.000000
-2658.000000
-2626.000000
-2562.000000
-2570.000000
-2682.000000
-2620.000000
-2634.000000
-2570.000000
-2646.000000
-2562.000000
-2688.000000
-2670.000000
-2662.000000
-2688.000000
-2680.000000
-2682.000000
-2626.000000
-2682.000000
-2622.000000
-2658.000000
-2630.000000
-2634.000000
-2576.000000
-2582.000000
-2660.000000
-2680.000000
-2630.000000
-2688.000000
-2668.000000
-2566.000000
-2652.000000
-2634.000000
-2646.000000
-2604.000000
-2632.000000
-2668.000000
-2562.000000
-2570.000000
-2638.000000
-2684.000000
-2670.000000
-2686.000000
-2660.000000
-2666.000000
-2682.000000
-2610.000000
-2636.000000
-2566.000000
-2668.000000
-2678.000000
-2666.000000
-2666.000000
-2648.000000
-2652.000000
-2656.000000
-2564.000000
-2662.000000
-2676.000000
-2658.000000
-2630.000000
-2646.000000
-2676.000000
-2634.000000
-2662.000000
-2646.000000
-2628.000000
-2658.000000
-2636.000000
-2676.000000
-2566.000000
-2642.000000
-2650.000000
-2628.000000
-2628.000000
-2658.000000
-2650.000000
-2630.000000
-2626.000000
-2644.000000
-2684.000000
-2626.000000
-2586.000000
-2636.000000
-2666.000000
-2646.000000
-2640.000000
-2634.000000
-2650.000000
-2628.000000
-2618.000000
-2666.000000
-2676.000000
-2674.000000
-2636.000000
-2646.000000
-2632.000000
-2662.000000
-2680.000000
-2656.000000
-2664.000000
-2632.000000
-2622.000000
-2650.000000
-2652.000000
-2650.000000
-2634.000000
-2676.000000
-2640.000000
-2628.000000
-2638.000000
-2654.000000
-2688.000000
-2632.000000
-2680.000000
-2670.000000
-2658.000000
-2658.000000
-2626.000000
-2626.000000
-2670.000000
-2644.000000
-2686.000000
-2648.000000
-2644.000000
-2644.000000
-2642.000000
-2642.000000
-2688.000000
-2654.000000
-2626.000000
-2660.000000
-2636.000000
-2644.000000
-2618.000000
-2654.000000
-2646.000000
-2656.000000
-2572.000000
-2678.000000
-2652.000000
-2600.000000
-2648.000000
-2656.000000
-2656.000000
-2684.000000
-2612.000000
-2646.000000
-2662.000000
-2674.000000
-2634.000000
-2640.000000
-2662.000000
-2658.000000
-2648.000000
-2640.000000
-2658.000000
-2642.000000
-2628.000000
-2646.000000
-2626.000000
-2652.000000
-2564.000000
-2658.000000
-2670.000000
-2654.000000
-2632.000000
-2620.000000
-2628.000000
-2642.000000
-2628.000000
-2658.000000
-2628.000000
-2672.000000
-2620.000000
-2672.000000
-2668.000000
-2664.000000
-2640.000000
-2658.000000
-2650.000000
-2636.000000
-2612.000000
-2594.000000
-2668.000000
-2682.000000
-2632.000000
-2652.000000
-2570.000000
-2650.000000
-2616.000000
-2678.000000
-2666.000000
-2670.000000
-2574.000000
-2636.000000
-2670.000000
-2566.000000
-2614.000000
-2680.000000
-2660.000000
-2622.000000
-2628.000000
-2660.000000
-2658.000000
-2626.000000
-2564.000000
-2636.000000
-2646.000000
-2660.000000
-2686.000000
-2670.000000
-2658.000000
-2662.000000
-2632.000000
-2596.000000
-2640.000000
-2600.000000
-2688.000000
-2638.000000
-2652.000000
-2578.000000
-2616.000000
-2682.000000
-2678.000000
-2656.000000
-2624.000000
-2640.000000
-2658.000000
-2658.000000
-2636.000000
-2646.000000
-2656.000000
-2646.000000
-2634.000000
-2648.000000
-2642.000000
-2676.000000
-2628.000000
-2642.000000
-2638.000000
-2636.000000
-2688.000000
-2644.000000
-2630.000000
-2672.000000
-2634.000000
-2676.000000
-2628.000000
-2670.000000
-2640.000000
-2596.000000
-2630.000000
-2654.000000
-2626.000000
-2640.000000
-2582.000000
-2616.000000
-2640.000000
-2578.000000
-2666.000000
-2658.000000
-2666.000000
-2644.000000
-2652.000000
-2564.000000
-2578.000000
-2632.000000
-2664.000000
-2638.000000
-2642.000000
-2664.000000
-2682.000000
-2580.000000
-2640.000000
-2634.000000
-2666.000000
-2600.000000
-2634.000000
-2632.000000
-2664.000000
-2646.000000
-2672.000000
-2644.000000
-2668.000000
-2674.000000
-2572.000000
-2650.000000
-2674.000000
-2574.000000
-2626.000000
-2660.000000
-2632.000000
-2670.000000
-2626.000000
-2662.000000
-2674.000000
-2648.000000
-2574.000000
-2658.000000
-2664.000000
-2674.000000
-2564.000000
-2646.000000
-2652.000000
-2644.000000
-2562.000000
-2650.000000
-2642.000000
-2662.000000
-2646.000000
-2632.000000
-2666.000000
-2628.000000
-2562.000000
-2642.000000
-2640.000000
-2584.000000
-2564.000000
-2672.000000
-2636.000000
-2666.000000
-2628.000000
-2654.000000
-2654.000000
-2566.000000
-2628.000000
-2688.000000
-2588.000000
-2576.000000
-2632.000000
-2664.000000
-2654.000000
-2624.000000
-2678.000000
-2564.000000
-2646.000000
-2640.000000
-2686.000000
-2682.000000
-2654.000000
-2628.000000
-2622.000000
-2648.000000
-2686.000000
-2562.000000
-2620.000000
-2646.000000
-2638.000000
-2612.000000
-2628.000000
-2634.000000
-2582.000000
-2642.000000
-2604.000000
-2632.000000
-2646.000000
-2642.000000
-2616.000000
-2684.000000
-2568.000000
-2682.000000
-2688.000000
-2630.000000
-2640.000000
-2630.000000
-2682.000000
-2562.000000
-2628.000000
-2628.000000
-2684.000000
-2650.000000
-2630.000000
-2652.000000
-2604.000000
-2664.000000
-2642.000000
-2640.000000
-2618.000000
-2652.000000
-2574.000000
-2564.000000
-2632.000000
-2646.000000
-2632.000000
-2634.000000
-2608.000000
-2632.000000
-2626.000000
-2634.000000
-2680.000000
-2652.000000
-2662.000000
-2638.000000
-2680.000000
-2636.000000
-2564.000000
-2642.000000
-2610.000000
-2632.000000
-2688.000000
-2632.000000
-2616.000000
-2636.000000
-2640.000000
-2626.000000
-2682.000000
-2684.000000
-2646.000000
-2586.000000
-2618.000000
-2644.000000
-2652.000000
-2572.000000
-2626.000000
-2688.000000
-2620.000000
-2676.000000
-2674.000000
-2620.000000
-2680.000000
-2664.000000
-2634.000000
-2650.000000
-2628.000000
-2628.000000
-2574.000000
-2638.000000
-2652.000000
-2640.000000
-2620.000000
-2650.000000
-2630.000000
-2660.000000
-2680.000000
-2634.000000
-2628.000000
-2638.000000
-2574.000000
-2686.000000
-2628.000000
-2684.000000
-2626.000000
-2688.000000
-2636.000000
-2562.000000
-2688.000000
-2688.000000
-2644.000000
-2642.000000
-2688.000000
-2660.000000
-2688.000000
-2594.000000
-2618.000000
-2636.000000
-2686.000000
-2660.000000
-2616.000000
-2678.000000
-2598.000000
-2580.000000
-2606.000000
-2684.000000
-2584.000000
-2620.000000
-2616.000000
-2640.000000
-2648.000000
-2568.000000
-2610.000000
-2644.000000
-2682.000000
-2618.000000
-2610.000000
-2578.000000
-2640.000000
-2646.000000
-2634.000000
-2628.000000
-2620.000000
-2622.000000
-2610.000000
-2642.000000
-2630.000000
-2562.000000
-2616.000000
-2636.000000
-2568.000000
-2628.000000
-2622.000000
-2650.000000
-2626.000000
-2626.000000
-2612.000000
-2568.000000
-2686.000000
-2624.000000
-2590.000000
-2572.000000
-2666.000000
-2688.000000
-2622.000000
-2628.000000
-2562.000000
-2626.000000
-2614.000000
-2578.000000
-2642.000000
-2640.000000
-2604.000000
-2640.000000
-2682.000000
-2582.000000
-2608.000000
-2624.000000
-2674.000000
-2564.000000
-2592.000000
-2678.000000
-2654.000000
-2562.000000
-2688.000000
-2664.000000
-2634.000000
-2622.000000
-2602.000000
-2684.000000
-2568.000000
-2644.000000
-2604.000000
-2684.000000
-2576.000000
-2568.000000
-2592.000000
-2570.000000
-2616.000000
-2676.000000
-2668.000000
-2680.000000
-2616.000000
-2674.000000
-2590.000000
-2608.000000
-2562.000000
-2630.000000
-2600.000000
-2680.000000
-2622.000000
-2688.000000
-2594.000000
-2680.000000
-2624.000000
-2666.000000
-2608.000000
-2562.000000
-2658.000000
-2688.000000
-2664.000000
-2606.000000
-2618.000000
-2612.000000
-2592.000000
-2610.000000
-2568.000000
-2612.000000
-2582.000000
-2610.000000
-2612.000000
-2610.000000
-2578.000000
-2616.000000
-2620.000000
-2582.000000
-2578.000000
-2564.000000
-2616.000000
-2606.000000
-2582.000000
-2608.000000
-2686.000000
-2620.000000
-2624.000000
-2596.000000
-2656.000000
-2634.000000
-2602.000000
-2500.000000
-2586.000000
-2574.000000
-2564.000000
-2608.000000
-2578.000000
-2684.000000
-2570.000000
-2616.000000
-2614.000000
-2624.000000
-2570.000000
-2606.000000
-2618.000000
-2622.000000
-2584.000000
-2618.000000
-2624.000000
-2610.000000
-2598.000000
-2678.000000
-2608.000000
-2676.000000
-2596.000000
-2622.000000
-2608.000000
-2616.000000
-2596.000000
-2680.000000
-2618.000000
-2596.000000
-2600.000000
-2686.000000
-2578.000000
-2674.000000
-2596.000000
-2684.000000
-2562.000000
-2612.000000
-2562.000000
-2602.000000
-2608.000000
-2688.000000
-2604.000000
-2618.000000
-2618.000000
-2676.000000
-2596.000000
-2622.000000
-2602.000000
-2682.000000
-2564.000000
-2594.000000
-2620.000000
-2566.000000
-2612.000000
-2610.000000
-2624.000000
-2590.000000
-2668.000000
-2680.000000
-2608.000000
-2600.000000
-2590.000000
-2608.000000
-2612.000000
-2622.000000
-2604.000000
-2592.000000
-2630.000000
-2670.000000
-2618.000000
-2666.000000
-2606.000000
-2610.000000
-2572.000000
-2606.000000
-2686.000000
-2630.000000
-2590.000000
-2576.000000
-2620.000000
-2622.000000
-2618.000000
-2610.000000
-2672.000000
-2618.000000
-2578.000000
-2606.000000
-2598.000000
-2602.000000
-2576.000000
-2684.000000
-2616.000000
-2594.000000
-2610.000000
-2584.000000
-2540.000000
-2592.000000
-2578.000000
-2670.000000
-2742.000000
-2578.000000
-2696.000000
-2750.000000
-2640.000000
-2724.000000
-2650.000000
-2684.000000
-2706.000000
-2680.000000
-2652.000000
-2702.000000
-2716.000000
-2682.000000
-2664.000000
-2748.000000
-2710.000000
-2602.000000
-2646.000000
-2696.000000
-2652.000000
-2646.000000
-2680.000000
-2750.000000
-2802.000000
-2644.000000
-2612.000000
-2680.000000
-2718.000000
-2864.000000
-2586.000000
-2672.000000
-2622.000000
-2590.000000
-2598.000000
-2566.000000
-2742.000000
-2682.000000
-2622.000000
-2610.000000
-2688.000000
-2672.000000
-2624.000000
-2620.000000
-2652.000000
-2654.000000
-2586.000000
-2628.000000
-2562.000000
-2680.000000
-2614.000000
-2576.000000
-2650.000000
-2640.000000
-2624.000000
-2648.000000
-2570.000000
-2646.000000
-2616.000000
-2634.000000
-2564.000000
-2648.000000
-2612.000000
-2564.000000
-2608.000000
-2638.000000
-2632.000000
-2644.000000
-2680.000000
-2682.000000
-2638.000000
-2638.000000
-2666.000000
-2566.000000
-2660.000000
-2738.000000
-2682.000000
-2662.000000
-2650.000000
-2688.000000
-2586.000000
-2590.000000
-2666.000000
-2700.000000
-2680.000000
-2624.000000
-2688.000000
-2734.000000
-2644.000000
-2630.000000

