15.245596
8.028762
4.768859
1.872461
0.503212
-1.073662
-1.958564
-3.403424
-3.873262
-4.028674
-4.157374
-4.179348
-4.579313
-4.407807
-4.511052
-4.678566
-4.561414
-4.410562
-4.539546
-4.526570
-4.423912
-6.293299
-3.908078
-3.943236
-3.748620
-3.631087
-6.436051
-3.547867
-3.817173
-3.413278
-3.206779
-3.304141
-2.614444
-2.102893
-2.572667
-2.860026
-3.366023
-2.601802
-4.338335
-2.922636
-4.196146
-0.720943
-1.617787
-1.117152
-0.685832
-0.766143
-1.849911
0.020198
1.004461
-0.253966
-1.054271
-0.639480
-3.281957
-0.985878
-2.635269
2.193856
1.477352
2.123115
2.936605
2.833316
3.543935
2.754931
3.548075
3.233026
3.234798
2.720110
3.435748
5.138744
3.302767
2.717628
5.377557
-353.614349
3.798480
5.513111
4.665966
5.097144
4.957600
4.983725
4.754367
2.934393
1.714346
2.555855
2.468523
3.421339
3.722778
2.557474
2.417283
3.387889
3.468294
3.800224
3.243558
3.282042
2.791928
4.088834
2.622013
1.457560
1.980718
3.923823
4.068558
-329.160797
6.032204
8.472860
4.564937
1.634251
0.516872
-0.905352
-1.744513
-6.960880
-2.906360
-4.047211
-4.236462
-4.319004
-4.513391
-4.712673
-4.641376
-4.758281
-4.822440
-6.433640
-4.828321
-4.774914
-4.744931
-7.325377
-4.851468
-4.790342
-4.798849
-4.978736
-4.951616
-5.124827
-5.112458
-5.078613
-5.025657
-5.119665
-5.154365
-5.150799
-6.079727
-6.507945
-4.839585
-4.962093
-5.235002
-4.849750
-4.519822
-5.867231
-5.030033
-5.388158
-5.732304
-5.318130
-5.247971
-5.186059
-8.002333
-6.100738
-5.309526
-5.520996
-5.463342
-5.354133
-5.654663
-5.647296
-5.863094
-5.790602
-5.837101
-5.958462
-5.553686
-6.151704
-5.608640
-6.112149
-5.488979
-7.459426
-6.022739
-6.186202
354.420898
353.753571
-6.178782
-5.792058
-6.132247
-5.663552
-5.410982
-5.508979
-5.629440
-4.668617
-5.829639
-8.837179
-5.450768
-5.419894
-5.489099
-5.128160
-5.739221
-5.969075
-5.704523
-6.011476
-7.839098
-5.816369
-5.951352
-6.117433
-5.975863
-5.410020
-5.548643
-5.859000
-7.186763
-4.059179
-3.295718
116.043755
13.860803
8.047517
-2.028832
2.521513
0.965445
-0.824907
-1.433309
-1.588328
-2.509362
-3.067488
-3.882535
-3.878785
-4.145460
-8.260690
-4.321064
-4.740642
-9.753799
-5.181984
-5.216560
-7.776393
-5.348165
-5.527343
-5.634635
-5.591419
-5.678272
-5.785688
-5.834619
-9.445667
-6.075770
-5.928739
-6.392582
-6.007094
-6.062689
-6.116312
-6.165517
-6.203082
-6.182567
-6.244687
-6.313315
-8.649558
-6.269287
-6.047650
-6.388900
-6.408473
-8.278100
-6.388687
-6.512546
-6.476692
-6.430733
-6.444775
-6.364326
-6.453870
-6.508955
-8.107587
-6.352586
-6.099319
-6.410670
-5.835394
-6.192011
-5.568049
-6.018508
-5.835699
-4.150313
-4.164465
-8.133287
-4.192164
-3.463030
-5.473772
-3.650503
356.033478
-3.934354
-3.883648
-3.850472
-3.452387
-3.434243
-4.808885
-3.506357
-3.662544
-7.831787
-3.012804
-3.576934
-7.456357
-3.081156
-3.295661
-4.624547
-3.487654
-3.376917
-3.324568
-3.151498
-2.889482
-3.164539
-3.223297
-4.930325
-3.421376
-3.034231
-3.505085
-3.096244
-1.431626
-2.043676
28.238180
14.654006
8.301655
4.843144
2.325152
-1.062821
-0.469354
-1.472254
-2.074474
-2.875488
-3.902110
-3.587696
-3.907410
-4.126014
-4.440121
-4.527557
-4.756119
-4.779447
-5.081635
-5.891148
-5.243550
-5.490733
-5.506683
-5.503120
-8.585979
-5.613391
-5.754923
-6.069891
-5.901675
-6.055483
-10.109671
-6.112586
-6.190627
-7.086912
-6.291609
-6.353153
-6.453341
-6.462967
-6.666017
-6.717594
-6.811920
-9.815125
-7.039742
-6.934645
-11.221230
-7.070768
-7.056734
-10.128893
-7.155900
-7.208118
-7.441764
-7.302002
-7.413409
-7.463249
-7.505314
-7.559317
-7.542018
-7.622360
-8.628259
-7.711919
-7.782997
-7.810941
-7.811276
-7.893462
-7.917490
-7.953148
-8.016825
-8.086194
351.840118
351.844818
-8.548934
-8.219151
-10.991294
-8.297157
-8.329552
-8.521832
-8.405211
-8.380217
-8.445917
-8.478634
-8.484154
-11.682551
-8.532863
-8.543519
-8.687740
-8.609027
-8.651878
-8.643021
-8.662847
-10.271964
-8.677638
-8.660028
-8.690338
-8.653489
-8.689249
-11.710449
-8.726765
-8.756266
-7.567770
-7.197734
24.697721
12.887664
7.808583
4.817313
2.953126
1.666919
-4.898931
-0.426928
-1.092764
-7.389826
-2.232347
-2.734550
-5.590034
-3.349900
-3.688848
-3.963626
-4.207320
-4.387097
-4.573657
-4.769542
-6.393153
-5.081745
-5.189127
-9.807384
-5.501868
-5.524369
-5.695296
-5.830703
-5.966256
-6.020147
-6.160616
-6.302475
-9.489747
-6.425377
-6.433226
-6.655102
-6.635632
-8.703833
-6.779579
-6.827328
-6.929252
-6.836172
-6.999677
-7.094274
-7.202687
-7.229871
-9.890716
-7.346492
-7.410003
-7.478143
-7.569584
-7.554528
-7.637713
-7.682259
-8.712482
-7.801337
-7.808505
-7.892316
-7.916101
-7.959718
-10.435146
-8.046910
-8.107720
-8.169169
-8.171164
-8.202108
-8.253573
-8.260159
-9.326818
351.677338
-8.379928
-12.316814
-8.450040
-8.454907
-12.459427
-8.522161
-8.550285
-9.848844
-8.602697
-8.608612
-8.641822
-8.657023
-8.687157
-8.707758
-8.720143
-10.890310
-8.788974
-8.794802
-12.917365
-8.839994
-8.783444
-8.848807
-8.874623
-8.901363
-8.897119
-8.956798
-8.887186
-11.137966
-7.536494
-7.476419
24.290123
12.798038
5.955799
4.926350
2.977838
1.593700
0.462489
-0.238551
-1.014743
-1.725994
-2.259313
-4.518787
-2.998995
-3.265315
-3.517178
-4.077277
-7.919361
-4.291130
-4.578591
-4.973519
-4.996267
-5.036761
-5.224639
-5.186956
-5.404520
-6.968063
-5.600743
-5.690973
-5.957164
-6.090616
-6.115811
-6.263475
-6.302656
-8.654605
-6.364780
-6.532418
-11.043122
-6.739515
-6.856132
-10.371868
-6.928415
-7.115315
-7.703951
-7.118152
-7.181397
-7.193582
-7.284862
-7.367741
-7.378721
-7.491899
-9.049283
-7.530772
-7.605577
-7.696227
-7.713171
-7.710851
-7.821946
-7.885309
-7.886992
-7.902386
-7.969762
-7.992556
-9.592972
-8.074599
-11.452743
-8.171223
-8.194191
-8.522684
351.753387
351.675476
-8.334998
-8.360154
-8.341563
-8.375582
-8.397826
-8.412837
-9.144962
-8.462657
-8.464577
-8.485409
-8.500751
-10.675358
-8.450764
-8.491923
-8.570213
-8.492115
-8.551481
-8.632414
-8.621982
-8.622254
-9.085823
-8.668818
-8.638060
-8.499126
-8.432911
-8.421174
-8.425164
-8.352970
-9.723880
-6.235582
21.958708
0.151274
6.323126
4.067945
-1.665243
1.396471
0.368929
-0.770439
-1.013322
-1.540192
-1.759213
-1.934373
-2.503144
-2.946666
-3.296870
-4.528995
-3.855446
-3.876595
-4.011665
-4.188211
-4.203026
-4.338786
-4.234571
-4.333133
-4.422953
-4.554937
-4.663392
-5.680973
-4.929652
-7.937704
-5.490177
-5.675106
-5.942304
-6.024756
-6.191382
-6.296489
-6.407268
-6.987994
-7.308342
-7.510336
-7.410712
-7.877366
-6.708614
-6.960436
-7.005534
-6.857004
-7.901451
-6.454224
-6.443927
-6.701441
-6.599513
-6.555530
-9.444536
-6.320886
-6.648904
-6.841640
-6.367732
-5.589490
-5.766150
-6.072783
-6.290970
-6.181927
-5.442184
-9.007179
-5.408366
-5.662548
-10.123843
-6.436375
-6.836982
351.498535
-7.027058
-7.469907
-7.369409
-7.914666
-7.714411
-7.712154
-7.377664
-8.758199
-6.928085
-6.695189
-10.686931
-7.267408
-8.106112
-12.728662
-8.774019
-8.015497
-6.409561
-5.766240
-4.949908
-7.714352
-5.092615
-5.302505
-5.264123
-4.270686
-5.406126
-3.985875
-4.074511
-3.823912
-2.229508
-1.069917
18.263384
9.637000
6.711628
-0.043392
3.329962
1.949389
0.732657
-0.296738
-1.404077
-2.047252
-2.609982
-3.583864
-3.977119
-4.293777
-4.318035
-4.560704
-4.874657
-7.559494
-5.409013
-5.268924
-5.407568
-5.179601
-5.385307
-5.391793
-5.426739
-6.952301
-5.495948
-5.474333
-9.703824
-5.374072
-5.245523
-9.064123
-5.086942
-5.086778
-6.050916
-5.232363
-5.123693
-5.091352
-5.194173
-4.955616
-4.815817
-4.977186
-7.156122
-5.176691
-5.636203
-6.701679
-7.647709
-7.530177
-7.626739
-8.382870
-8.577638
-8.348428
-8.203662
-7.557519
-8.859543
-6.163348
-6.751342
-7.190104
-7.588662
-8.294794
-8.088362
-7.830038
-7.964355
-7.567047
-6.761481
-5.904938
-5.151615
-4.749278
-5.696477
-3.988966
-3.668175
-3.281019
-3.347369
-6.523972
-4.084385
-4.540242
-4.255831
-5.077738
-4.526864
-4.692918
-4.189358
-5.673324
-9.213108
-8.939766
-9.688487
-10.249911
-10.945633
-10.824454
-10.851307
-8.391339
-8.946925
-4.641069
-4.947244
-9.409359
-6.585038
-5.624021
-8.722892
-6.510799
-5.334041
-5.306256
26.142307
13.006101
7.615029
4.413826
3.049473
1.325007
0.314581
-2.437073
-1.991904
-2.136188
-2.515615
-3.300056
-3.234616
-3.651569
-3.697676
-3.891622
-3.906792
-4.186457
-4.372538
-5.981453
-4.911006
-8.460820
-5.025184
-5.143999
-5.774916
-6.188888
-8.126591
-7.074941
-5.691074
-5.532106
-5.577196
-5.912533
-6.409943
-7.157217
-6.424831
-6.075745
-6.108836
-6.147891
-7.621715
-5.835980
-5.833916
-5.246582
-5.440815
-5.096601
-4.769145
-4.653735
-4.604737
-4.900731
-4.580071
-4.713050
-4.933465
-5.172342
-5.678329
-5.854158
-6.119729
-9.721317
-7.796607
-7.704637
-11.314340
-6.870358
-6.781159
-9.136722
-6.868615
-7.311203
-7.287379
-6.394690
-6.499621
-6.664148
-6.554513
-7.541376
-6.727486
-6.908288
-11.223425
-7.363743
-6.999646
-6.562278
-6.122863
-5.751099
-5.586622
-6.452375
-5.039293
-5.535573
-4.798921
-5.001355
-4.695905
-3.976758
-7.386743
-5.561198
-6.153366
-6.363675
-6.766196
-7.090369
-7.006518
-6.233020
-6.400718
-10.385010
-7.880272
-10.157752
-8.651236
-9.838299
-326.881195
18.773716
11.643653
5.742503
4.339027
1.699076
0.792728
0.216872
-1.129306
-5.258001
-1.749057
-2.089760
-2.776427
-3.195121
-3.290832
-3.485315
-3.751337
-4.759541
-3.874013
-4.381256
-8.918605
-4.682189
-4.735032
-9.376104
-4.942680
-5.059576
-6.782504
-5.023373
-5.169924
-5.211902
-5.179121
-5.285539
-5.438989
-5.648447
-7.796088
-5.789003
-5.971809
-10.315494
-5.906958
-6.130720
-6.368074
-6.572513
-6.878003
-6.946434
-7.316969
-7.349385
-10.298192
-7.170854
-7.306314
-8.041955
-8.432278
-10.395545
-7.480215
-7.598254
-7.403148
-7.201415
-7.460602
-7.534223
-7.195012
-7.380259
-9.724233
-7.422699
-7.258427
-6.721223
-7.047243
-10.694404
-7.552823
-7.463239
-7.860896
352.862762
-6.650305
-6.501194
-6.666404
-6.859102
-8.762531
-6.991037
-6.728524
-7.205943
-8.116141
-8.897543
-9.485843
-10.034864
-12.543099
-11.300914
-10.830487
-13.973854
-8.780019
-8.808372
-12.131777
-8.612098
-9.034263
-9.945490
-9.480877
-10.413670
-10.156647
-9.337533
-9.262613
-9.140846
-7.775910
-8.927677
26.042315
13.653111
8.736765
5.349685
2.645522
1.663887
1.131567
0.265482
-0.542913
-1.124022
-1.430715
-4.576783
-2.375638
-7.611685
-3.108507
-3.463086
-4.481808
-3.988860
-4.310158
-4.384845
-4.436792
-4.520172
-4.773104
-4.958309
-5.182293
-6.931709
-5.442249
-5.341521
-5.387164
-5.495805
-8.330595
-5.937364
-6.333312
-6.628859
-6.329298
-6.341248
-6.109355
-6.413090
-6.368782
-7.369563
-6.996311
-7.137807
-6.849562
-6.734733
-6.377101
-6.302297
-6.207598
-8.841722
-6.070207
-5.965003
-10.219138
-5.949051
-5.878563
-8.773095
-5.756007
-6.029176
-6.354631
-6.155699
-6.209866
-6.345403
-6.736066
-6.989406
-7.125225
-7.420485
-8.832600
-8.979055
-9.362536
-9.660171
349.901276
349.690277
-10.435295
-9.958364
-9.280563
-9.068340
-8.853127
-8.705141
-9.586151
-8.580750
-11.068969
-7.595367
-7.504049
-7.579110
-7.123658
-7.454090
-7.215732
-7.031445
-6.319867
-7.582204
-7.911335
-7.604338
-7.509532
-7.396491
-7.981139
-8.236294
-8.061874
-8.832488
-6.468616
-7.275589
-6.246155
-5.572388
23.704954
5.606915
7.331604
5.861594
3.068420
2.485149
1.692203
0.335253
-0.870155
-2.054355
-2.070922
-2.674226
-7.397357
-3.426234
-2.801046
-8.667990
-4.132997
-4.556859
-5.936717
-4.795725
-4.612998
-4.646047
-4.732071
-4.790607
-4.905889
-5.048929
-6.918649
-5.224677
-5.425730
-9.690709
-5.283367
-5.252006
-9.255895
-5.392648
-5.582099
-5.679956
-5.843955
-6.474801
-10.466881
-6.960475
-7.302139
-7.946262
-7.628710
-9.052680
-7.104393
-6.951384
-6.746964
-6.726522
-6.838740
-7.532641
-7.709856
-7.581042
-10.365185
-7.299201
-7.262843
-7.354384
-7.523003
-10.843150
-7.357310
-7.542367
-8.041780
-7.428792
-7.423936
-7.295056
-7.251001
-7.408604
-9.548837
-7.934222
352.205597
352.277191
-7.658659
-6.916251
-7.201577
-7.586312
-9.696601
-8.117185
-8.022749
-11.761065
-8.244946
-8.497594
-12.543200
-9.045306
-8.307276
-8.831766
-8.714631
-9.717191
-9.665669
-9.950831
-9.830385
-8.276770
-8.129174
-8.974182
-7.899730
-7.933286
-7.575538
-7.360288
-7.051866
-6.607399
-5.193442
-4.918059
19.334030
9.320899
5.881719
-0.603194
1.405255
-4.610066
0.073871
-0.540664
-1.738032
-1.675082
-2.190266
-2.616648
-2.962713
-3.260725
-3.526446
-3.924342
-4.165441
-5.936444
-4.916775
-4.724521
-4.424836
-4.833286
-7.275892
-5.631403
-5.771444
-5.636879
-5.661427
-5.723198
-5.843409
-5.725191
-5.705167
-6.912330
-5.747010
-5.564121
-5.874393
-5.892262
-5.806580
-5.588683
-5.508994
-8.896688
-5.640645
-5.707442
-10.093089
-5.658766
-5.680866
-8.066781
-5.729676
-5.976807
-6.101174
-6.175032
-6.441598
-6.560080
-6.801759
-8.504642
-7.459354
-7.777377
-12.094723
-7.457411
-7.213111
-10.997117
-7.315211
-7.498173
-9.111512
-8.373406
-8.947525
-8.158969
-8.251716
-8.565031
350.531006
351.947693
349.941559
-7.549301
-7.363043
-6.988561
-6.212781
-6.126581
-6.477978
-6.821895
-7.220130
-7.252997
-7.248955
-7.348619
-7.806144
-7.268240
-7.337645
-7.927654
-8.157755
-8.772235
-8.381005
-7.526760
-7.779700
-8.177680
-8.568719
-11.544558
-10.310831
-8.650811
-8.325683
-8.144267
-7.072017
-7.742148
-333.827667
21.110939
10.320399
6.086867
-3.052591
2.025095
0.839037
-5.458544
-0.780112
-1.314660
-3.579336
-2.283498
-2.619114
-2.709733
-2.721918
-2.897304
-3.099361
-3.422042
-6.527603
-3.601289
-3.849403
-8.815705
-4.365592
-4.568151
-8.004616
-4.904868
-5.087126
-5.504213
-5.318092
-5.545747
-9.387190
-5.773420
-5.607766
-5.716175
-5.516481
-6.680326
-5.942050
-6.280284
-6.483040
-6.221428
-6.356674
-6.162005
-6.187806
-6.208016
-9.125051
-6.022560
-6.032213
-6.147603
-6.100820
-8.813759
-6.045365
-5.997825
-5.734439
-5.684858
-5.861309
-6.069747
-6.149330
-6.258411
-8.681001
-6.575594
-7.176613
-8.181465
-7.091853
-6.971632
-7.186374
-6.861314
-9.202436
-6.934009
-7.009527
348.734894
353.097351
-7.012284
-10.602696
-7.607322
-8.032944
-8.367169
-7.807734
-7.574664
-7.249186
-6.855958
-6.821180
-7.220348
-7.609312
-11.236279
-7.372615
-7.410875
-11.899422
-7.798721
-7.750531
-9.811336
-7.988397
-8.063445
-8.213243
-8.586280
-8.846786
-11.302141
-8.516470
-10.826728
-5.949530
-5.800840
51.700684
13.166582
7.883893
4.156724
2.140689
1.855118
0.896643
0.201989
0.160501
-2.475990
-0.566423
-1.304869
-1.891548
-2.336675
-4.761324
-3.173510
-3.107792
-3.371697
-3.596495
-3.828526
-4.062245
-4.277816
-4.481123
-6.032982
-4.615234
-4.787401
-4.866305
-4.921720
-5.004139
-5.022860
-5.088534
-8.906592
-5.195455
-5.303143
-9.773236
-5.438452
-5.557609
-7.928128
-6.041967
-6.266371
-6.173902
-6.127287
-6.123513
-6.096663
-6.188923
-7.595252
-6.460424
-6.489843
-10.824238
-6.718101
-7.282026
-11.659785
-7.833151
-7.994283
-8.761052
-7.233763
-6.895814
-6.981278
-7.499802
-7.804700
-9.322536
-7.848794
-9.638366
-7.482121
-7.218134
-7.071753
-6.759100
-6.462358
-6.432307
353.402649
353.473785
-6.347296
-6.403442
-6.347616
-7.257923
-6.076625
-6.142193
-6.454608
-6.682594
-7.468858
-6.767358
-6.800278
-7.123029
-8.434864
-10.126458
-8.940920
-9.237020
-9.025525
-9.161388
-8.435803
-8.070161
-8.550328
-8.549308
-11.364193
-8.822267
-8.891760
-13.492993
-9.955298
-8.232122
-10.598141
22.452080
12.358734
6.503853
5.307679
3.508380
1.635705
0.662613
0.045598
-0.432442
-1.766442
-5.254829
-2.329828
-2.876454
-7.732989
-2.799243
-3.087634
-6.528659
-3.274442
-3.470011
-3.883810
-3.899414
-4.049609
-4.206142
-4.344802
-5.137557
-4.899572
-5.071705
-6.368709
-5.546724
-5.493625
-5.461495
-5.554205
-5.672068
-5.707242
-5.710424
-5.819737
-9.855188
-5.888627
-5.978695
-6.401028
-6.250830
-8.803137
-6.273777
-5.952553
-6.116393
-6.175378
-6.055783
-6.120487
-6.202214
-6.382410
-9.629091
-6.313045
-6.243323
-6.388723
-6.334026
-6.483835
-6.760754
-6.186230
-6.854609
-5.643506
-5.800248
-6.061866
-6.310124
-6.482795
-9.700130
-7.442414
-7.243702
-7.014960
-7.063458
352.414825
352.298157
-7.771692
-8.861805
-7.976616
-7.171617
-10.689790
-6.748508
-7.081675
-11.268670
-6.974980
-6.664619
-7.935250
-6.516140
-6.323339
-6.748855
-6.780599
-6.623380
-6.111588
-5.641485
-6.565889
-6.001774
-8.841465
-13.727828
-8.135378
-9.872661
-8.167658
-7.579539
-7.748840
-7.196532
-7.149711
-335.583466
8.815546
6.270274
5.117499
3.608238
2.399703
-0.123350
1.303241
0.768476
0.121716
-0.579653
-1.184978
-1.679798
-2.009919
-2.457132
-5.053294
-3.117409
-3.308228
-3.577484
-3.747950
-6.949152
-3.924788
-4.080276
-4.374557
-4.267010
-4.430552
-4.490036
-4.536788
-4.648594
-6.003224
-4.839923
-4.982176
-5.096138
-5.332817
-5.450604
-5.546513
-5.543901
-8.184421
-5.597031
-5.688223
-10.239008
-6.193889
-6.379140
-9.849504
-6.709116
-6.550540
-6.877332
-6.727376
-6.981914
-7.115993
-7.179935
-7.340346
-6.386497
-6.353049
-10.097658
-6.428981
-6.493598
-10.716218
-6.391986
-6.330486
-6.234580
-6.334991
-6.365025
-6.269748
-6.258780
-6.351017
-7.608066
-6.564537
-9.478326
-6.740604
353.166687
-7.037842
-6.829086
-6.758043
-6.785643
-6.707434
-6.957745
-7.326509
-7.294552
-7.761573
-8.926750
-8.224086
-8.146684
-7.821294
-7.653664
-9.068617
-7.922243
-7.508478
-7.662264
-7.454169
-7.530057
-7.289537
-7.046263
-7.292246
-7.715660
-7.255725
-7.000175
-6.627828
-4.499043
-5.341531
14.905799
8.323704
0.518545
5.269471
3.562748
-3.593338
1.684027
1.061671
-1.121642
0.584085
-0.169043
-0.811183
-1.198113
-1.434770
-2.079341
-2.413323
-5.213109
-3.198323
-3.639686
-8.509768
-3.840233
-3.975170
-8.015688
-4.353605
-4.512014
-5.169789
-4.865081
-5.011347
-5.115239
-5.161947
-5.207522
-5.619771
-5.366768
-6.654699
-5.525046
-5.596790
-5.643363
-5.680668
-5.600586
-5.468759
-5.515045
-5.542653
-9.009907
-5.813900
-5.969168
-6.227438
-6.084368
-8.811520
-5.990416
-6.036686
-6.209345
-6.145364
-6.156832
-6.136279
-6.277997
-6.323571
-8.769212
-6.449179
-6.709508
-6.900821
-6.944223
-6.896720
-7.047716
-7.260577
-9.710689
-7.256414
-7.359474
-11.663957
-7.682997
352.296234
349.385284
-8.490459
-7.644774
-7.585206
-6.799535
-6.694757
-7.096616
-6.874119
-6.930680
-6.573161
-6.734888
-10.315763
-6.852895
-7.119301
-11.640759
-7.783728
-8.062972
-10.360622
-9.125100
-10.373802
-8.942007
-8.307645
-7.865633
-10.093245
-7.346966
-10.217349
-7.429220
-7.564260
-7.113749
-7.261610
-333.383118
15.053573
9.982510
6.818161
4.085067
2.626670
1.424808
-1.874805
-0.148490
-0.562417
-1.166844
-1.772634
-3.696391
-2.478757
-2.622785
-2.862237
-3.207916
-3.402184
-3.430512
-3.581102
-3.827864
-5.235368
-4.027128
-4.057610
-4.138669
-4.298934
-8.138151
-4.799861
-4.921439
-5.328549
-4.975777
-5.023715
-9.462551
-5.218925
-5.247996
-6.790476
-5.284958
-5.378118
-5.706936
-5.878269
-6.025420
-6.072301
-6.313276
-8.710727
-6.698428
-6.568545
-10.806911
-6.384405
-6.615085
-10.218040
-6.808291
-6.594353
-6.787108
-6.587195
-6.665126
-6.599169
-6.504663
-6.416817
-6.395866
-6.232665
-7.589744
-6.402529
-6.338414
-6.316330
-6.482263
-6.573627
-6.744278
-6.829562
-6.825125
-6.773772
353.190369
-6.956495
-7.577141
-6.963290
-9.922954
-6.783467
-6.693758
-6.835870
-6.604142
-6.633212
-6.712498
-6.682457
-6.817406
-10.504179
-7.532291
-8.289791
-8.576213
-8.161261
-7.943737
-7.912728
-7.968692
-9.645248
-8.048491
-8.108966
-8.258338
-8.411633
-8.263077
-11.335037
-6.380713
-6.309201
54.505829
8.799154
5.499638
3.975437
2.647421
1.848083
1.267987
0.570853
-4.691345
-0.616293
-1.326739
-6.993762
-1.971113
-2.324982
-4.996085
-2.827205
-3.133515
-3.417494
-3.584177
-3.747910
-3.929576
-4.125383
-5.869312
-4.432302
-4.566376
-4.937127
-4.847298
-4.940558
-5.043245
-5.129468
-5.243629
-5.375996
-5.437712
-5.534854
-8.900982
-5.685423
-5.790621
-5.895105
-5.943991
-7.513130
-6.026865
-6.226308
-6.047623
-6.222598
-6.288480
-6.341140
-6.379541
-6.437749
-8.845757
-6.539095
-6.564583
-6.632985
-6.704873
-10.311664
-6.796430
-6.847890
-7.392820
-6.946594
-6.976760
-6.998711
-7.026704
-7.068062
-8.765453
-7.099029
-7.154326
-7.162212
-7.231462
-7.293810
-7.342621
-7.387969
350.776215
-7.434690
-7.442914
-11.622695
-7.419415
-7.407719
-11.096730
-7.431053
-7.495072
-8.077743
-7.577392
-7.580627
-7.677053
-7.725644
-7.768930
-7.796317
-7.827454
-9.294662
-7.856092
-7.820021
-7.823618
-7.783954
-7.760196
-7.771111
-7.746710
-7.803820
-7.791159
-7.828261
-6.491847
-8.130642
20.922226
3.735511
7.158035
4.767657
2.806072
2.036091
1.153417
0.411170
-0.248655
-0.821055
-1.287718
-1.710166
-2.074413
-3.540708
-2.659060
-2.946816
-3.159777
-3.402320
-5.679392
-3.761648
-3.951105
-4.128638
-4.269142
-4.411203
-4.523537
-4.674173
-4.771082
-5.405592
-5.005313
-5.120038
-5.207737
-5.307802
-5.377039
-5.464253
-5.562023
-9.359242
-5.720813
-5.795081
-10.266320
-5.923172
-5.964648
-8.222311
-5.933610
-6.166072
-6.232233
-6.276608
-6.323608
-6.373333
-6.429160
-8.061947
-6.518821
-6.582592
-10.846316
-6.666930
-6.703389
-10.623900
-6.786764
-6.829566
-7.608593
-6.875850
-6.932981
-6.952099
-6.973089
-7.039401
-7.536639
-7.097106
-8.809892
-7.170088
-7.199980
-7.229304
352.737793
-7.295751
-7.304248
-7.314771
-7.353559
-10.700130
-7.392951
-7.404756
-7.595763
-7.453231
-10.755246
-7.483679
-7.536543
-7.845023
-7.579023
-7.588037
-7.640600
-7.641879
-7.683219
-10.345648
-7.677780
-7.713876
-7.739808
-7.742990
-7.747796
-7.773269
-7.787662
-9.807391
-6.438715
-6.386960
115.815292
10.959338
6.955056
-0.909774
3.102393
1.968923
0.503948
0.338483
-0.286679
-0.785866
-1.256682
-1.643312
-2.019826
-2.320993
-6.504478
-2.888226
-3.127723
-8.302579
-3.544972
-3.755942
-6.638828
-4.069782
-4.229509
-4.420839
-4.505032
-4.622823
-7.826089
-4.868402
-8.611155
-5.097364
-5.164345
-5.650471
-5.356017
-5.440024
-5.482144
-5.590627
-5.666240
-5.731297
-5.806711
-5.878488
-8.186956
-6.046841
-6.012711
-6.104941
-6.175208
-7.970345
-6.264357
-6.303195
-6.371431
-6.411869
-6.464350
-6.492904
-6.522589
-6.575351
-8.110326
-6.648114
-6.694884
-6.748765
-6.764081
-6.810566
-6.854146
-6.885491
-10.508067
-6.947999
-6.980498
-11.234507
-7.035108
-7.072088
-9.072762
-7.123040
352.844788
-7.189815
-7.210552
-7.242056
-7.259507
-7.279954
-8.823533
-7.317548
-7.350204
-11.510828
-7.388127
-7.398534
-11.228821
-7.462559
-7.464317
-8.259943
-7.510117
-7.525362
-7.555980
-7.557292
-7.586406
-7.597394
-7.632348
-9.434514
-7.665499
-7.677120
-7.673727
-7.696002
-6.318462
-6.274026
20.356441
10.829086
6.938267
4.650410
3.115712
0.826123
1.095265
-4.234485
-0.222038
-0.764529
-1.747868
-1.636953
-1.974979
-2.296739
-2.560309
-2.840716
-3.086762
-3.319631
-3.521008
-4.137066
-3.878404
-4.026827
-4.180851
-4.317104
-6.977023
-4.584675
-4.705329
-4.876270
-4.930645
-5.030756
-9.077839
-5.229897
-5.301377
-6.017610
-5.472209
-5.539199
-5.635661
-5.692891
-5.765474
-5.828334
-5.918207
-9.159837
-5.762333
-6.071446
-10.511456
-6.175870
-6.217105
-8.885757
-6.343961
-6.368989
-6.498583
-6.459436
-6.494086
-6.537198
-6.592965
-7.625358
-6.674544
-6.709914
-7.221540
-6.779038
-6.816212
-6.850029
-6.880144
-6.910297
-6.957398
-6.973945
-7.021721
-10.531839
-7.045454
-7.091266
352.712830
-7.150636
-9.075070
-7.193016
-7.230001
-7.255598
-7.284569
-7.294968
-7.324536
-7.358920
-7.390409
-10.105379
-7.411332
-7.445907
-7.463019
-7.444022
-7.504194
-7.529427
-7.530408
-8.319650
-7.572786
-7.574335
-7.617882
-7.599351
-7.650964
-9.920094
-7.662355
-7.667096
-6.341200
-6.259744
20.390648
10.877908
6.894581
3.983155
3.116272
1.980247
-4.498115
0.373488
-0.223991
-5.839715
-1.215742
-1.625177
-3.209898
-2.284561
-2.578662
-2.830176
-3.090696
-3.310492
-3.508905
-3.690577
-6.244030
-4.054434
-4.175906
-4.337931
-4.433250
-4.549568
-4.703146
-4.809974
-4.899886
-5.021034
-5.118236
-5.214269
-7.584665
-5.389868
-5.464502
-5.529747
-5.625453
-6.331364
-5.759785
-5.830964
-5.886648
-6.089543
-5.859287
-6.064472
-6.112841
-6.170276
-7.709058
-6.262876
-6.333627
-6.375307
-6.415132
-9.208629
-6.507098
-6.538174
-6.696169
-6.628197
-6.680363
-6.698494
-6.724835
-6.779216
-7.683304
-6.856203
-6.873123
-6.910419
-6.957316
-6.972333
-7.002965
-7.041407
-9.807022
-7.090173
352.867950
348.598389
-7.190457
-7.220774
-10.169727
-7.254300
-7.278162
-7.437883
-7.316682
-7.347937
-7.378784
-7.385625
-8.133379
-7.413327
-7.457774
-11.229341
-7.514870
-7.504121
-11.627285
-7.544751
-7.560069
-7.582053
-7.603887
-7.598485
-7.638977
-7.647204
-7.650703
-8.426340
-6.293560
-8.949059
20.503809
10.857635
6.902804
4.614305
3.116068
1.976177
1.101193
0.387579
-0.218459
-0.743369
-1.232558
-2.004683
-1.976358
-2.263108
-2.580301
-2.813770
-4.192160
-3.305223
-3.506590
-3.675837
-3.860652
-4.012712
-7.788414
-4.318786
-4.456920
-4.684111
-4.711125
-4.811523
-4.919936
-5.018693
-6.310568
-5.208894
-5.296437
-9.647327
-5.471839
-5.545567
-9.855926
-5.689591
-5.779076
-6.976124
-5.900694
-6.133998
-6.063879
-6.076179
-6.132546
-6.181109
-6.231081
-8.800243
-6.319331
-6.358484
-10.748354
-6.451124
-6.458125
-9.768609
-6.501782
-6.506053
-6.796271
-6.565538
-6.620784
-10.007299
-6.728184
-6.742399
-6.887862
-6.803486
-7.699335
-6.818230
-6.762516
-6.716536
-6.662566
-6.606910
353.430298
-6.527777
-6.503231
-9.095606
-6.457452
-6.378628
-6.402027
-6.350926
-8.750529
-6.352409
-6.421177
-6.506689
-6.611721
-6.690680
-6.751505
-6.794334
-6.929345
-8.924548
-7.114593
-7.185941
-7.219051
-7.371096
-7.693158
-8.181127
-8.106380
-10.839108
-7.833820
-7.851006
-10.514030
-6.017443
20.170181
5.173867
6.240044
3.954127
2.289587
1.118510
-0.015461
-0.609137
-1.026928
-2.660972
-1.609775
-1.744159
-6.855381
-2.114988
-2.345520
-7.330226
-2.811874
-3.045269
-4.517946
-3.558716
-3.759945
-3.951698
-4.128218
-4.250520
-4.409574
-4.548818
-7.110746
-4.847180
-4.901128
-5.007979
-5.059365
-5.139808
-5.192007
-5.269996
-5.368209
-5.349555
-5.485892
-5.534587
-6.755445
-5.492483
-9.223062
-5.441912
-5.487650
-6.015869
-5.628021
-5.771346
-5.850058
-5.899386
-6.010040
-6.061637
-6.118620
-6.078373
-6.731224
-6.290150
-6.611762
-7.150946
-6.560985
-8.891532
-6.878296
-6.925219
-6.878762
-6.930475
-7.207351
-10.745463
-6.971687
-6.835141
-7.802521
-7.370895
-7.385433
-7.261679
353.044952
-6.692399
-6.732875
-6.422380
-9.732938
-6.628081
-6.427380
-10.606899
-6.256896
-6.180957
-8.619310
-6.360345
-6.548474
-6.442252
-6.304086
-5.921600
-5.865782
-5.912331
-7.280621
-6.021516
-5.957850
-10.057184
-6.214872
-6.520954
-6.740063
-6.954924
-7.033069
-7.290199
-6.161539
-6.579780
-240.628052
12.863089
8.579548
5.864381
4.281640
-0.217066
1.393963
1.131769
0.551939
-0.406190
-1.061858
-1.359852
-1.757464
-1.972886
-5.750219
-2.602868
-2.900708
-3.225719
-3.454715
-7.558609
-3.963959
-3.913224
-4.276884
-4.018150
-4.138953
-4.253214
-4.327244
-4.426709
-6.847609
-4.562882
-4.679117
-4.789094
-4.911609
-5.067276
-5.241016
-5.450888
-7.809415
-5.842557
-5.957283
-10.466213
-6.188525
-6.123260
-9.878031
-6.210973
-6.148119
-6.525235
-6.009140
-6.057676
-6.073601
-6.012282
-6.065727
-6.015228
-5.953224
-7.190144
-5.914680
-5.719707
-5.848732
-5.917845
-5.900704
-5.934185
-5.953176
-5.969522
-5.747357
-5.836646
-6.074665
-8.518947
-6.223012
-9.490808
-6.166230
-6.247874
353.043884
-6.692986
-6.891241
-7.159685
-7.305693
-7.254109
-7.451280
-7.725748
-7.854613
-9.428631
-7.714787
-7.845092
-7.870253
-7.866879
-9.526912
-7.281477
-7.043703
-7.329241
-7.484236
-7.347441
-7.102576
-7.099828
-7.011539
-7.846673
-6.700195
-6.462535
-6.333678
-6.054795
-4.727090
-5.026253
18.224110
3.522382
6.400021
4.391314
-3.939518
1.694418
1.253985
-1.972996
0.214794
-0.126459
-0.703081
-1.377802
-1.932877
-2.198808
-2.472937
-4.525484
-2.979118
-3.225739
-8.252558
-3.638958
-3.823926
-8.345570
-4.161808
-4.263040
-5.112768
-4.463134
-4.580354
-4.710260
-4.842552
-4.906054
-6.062942
-5.024408
-6.800995
-5.054861
-5.062443
-5.073431
-5.143078
-5.189130
-5.273728
-5.340334
-5.451554
-5.389746
-5.314857
-5.472022
-6.045523
-5.603056
-9.123297
-5.571045
-5.724216
-6.397866
-6.156800
-6.500793
-6.849659
-6.964959
-6.967308
-10.502943
-6.926455
-6.859701
-6.990967
-6.717184
-6.657888
-6.640438
-6.718241
-9.025784
-6.859904
-6.775090
-10.983846
-6.862771
-6.765662
-10.021131
353.683380
-6.059978
-6.600848
-6.209688
-6.285386
-6.401086
-6.370471
-6.351418
-6.472429
-6.949313
-10.505016
-7.115218
-7.107019
-10.896164
-6.639217
-6.699723
-9.202760
-7.154811
-7.353137
-7.484837
-7.547870
-7.848294
-7.786881
-7.633448
-8.610155
-7.436377
-7.400506
-7.660075
-5.995682
-5.960326
19.906031
10.761959
7.136356
5.361050
3.738407
2.405782
-2.815961
0.767897
-0.152991
-0.979427
-1.573295
-3.594683
-2.404475
-2.247419
-2.380286
-2.605170
-2.807442
-3.019406
-3.219510
-3.349234
-5.923318
-3.640942
-3.817058
-3.975304
-4.162602
-8.093031
-4.487831
-4.619808
-5.303727
-4.913134
-5.050100
-5.237673
-5.349224
-5.509427
-7.569754
-5.832347
-5.915238
-6.044420
-6.146237
-6.039305
-6.019041
-5.875226
-7.836979
-5.970113
-6.030954
-10.460325
-6.093357
-6.100392
-9.634459
-5.845345
-5.751039
-6.325661
-5.845211
-6.042119
-6.041543
-6.148499
-6.197755
-6.042564
-6.121442
-7.581831
-6.369954
-6.537630
-6.694813
-6.827884
-6.682565
-6.591126
-6.570915
-6.626801
-6.746086
-6.842784
352.958130
351.133118
-7.287282
-10.813808
-7.362821
-7.332970
-7.391940
-6.939716
-6.769051
-6.749748
-6.874087
-6.993040
-7.083387
-7.234881
-7.351838
-7.792847
-6.986439
-6.973524
-7.051742
-7.102018
-8.840558
-7.144757
-7.232994
-7.405422
-7.399838
-7.257678
-7.052166
-6.962309
-5.396639
-5.692220
19.353823
9.861645
5.735279
3.881986
2.796292
2.217091
1.598472
-3.794334
0.012224
-0.630896
-6.553679
-1.603116
-1.975614
-4.714080
-2.601632
-2.819870
-3.081851
-3.543101
-3.660573
-3.719752
-3.796059
-5.600407
-4.104544
-4.219821
-8.871366
-4.400894
-4.516024
-8.793673
-4.719611
-4.775054
-4.834194
-4.883699
-4.957675
-5.052417
-5.142943
-5.273614
-5.754513
-5.455757
-7.467024
-5.642863
-5.846992
-6.292837
-6.502015
-6.211424
-6.141303
-6.216913
-6.398618
-9.893723
-6.598440
-6.603544
-6.770213
-6.629365
-10.053360
-6.488540
-6.471217
-6.986632
-6.557119
-6.568844
-6.697692
-6.704194
-6.729824
-9.358757
-6.645814
-6.593991
-6.560783
-6.464125
-6.393125
-6.292845
-6.301455
-7.887093
353.714752
-6.400217
-10.606522
-6.654947
-6.785492
-10.625080
-6.976964
-6.959715
-7.630966
-7.063063
-7.243245
-7.454965
-7.633094
-7.561078
-7.472609
-7.687382
-10.963181
-8.723186
-8.618191
-12.691040
-8.436143
-7.896816
-10.327110
-7.421575
-7.253051
-7.294896
-7.201420
-7.127121
-8.281903
-5.292596
112.658661
8.432851
5.817870
3.007654
2.231025
1.119944
0.031790
-0.373673
-0.837759
-1.129637
-1.230215
-1.475289
-4.242602
-2.045293
-2.335732
-2.600512
-2.836518
-5.634515
-3.307008
-3.580361
-3.865427
-4.081164
-4.280387
-4.443181
-4.534332
-4.620788
-6.194314
-4.858166
-4.974059
-5.080273
-5.158460
-5.260242
-5.353481
-5.476063
-8.806765
-5.561657
-5.594349
-10.059933
-5.574867
-5.502384
-8.160841
-5.583587
-5.700236
-5.819357
-5.802444
-5.829368
-5.912097
-5.976664
-7.158946
-6.092106
-6.144848
-10.117071
-6.064447
-6.237755
-10.482416
-6.399181
-6.384028
-7.644176
-6.819023
-6.937731
-6.939346
-7.031644
-7.091634
-8.518247
-7.261260
-9.706130
-7.299751
-7.306528
-7.331132
-7.208595
352.903656
-7.012939
-6.920091
-6.856725
-6.880856
-6.783072
-6.733578
-7.666188
-6.849756
-6.675477
-6.475641
-6.532876
-7.449991
-6.767287
-6.889994
-6.913009
-6.817692
-6.939824
-7.226744
-7.403687
-7.690696
-8.337814
-8.207792
-8.171612
-8.296273
-8.595849
-11.242993
-8.614020
-7.324099
-11.279322
-337.022064
11.156485
-0.133943
4.131302
2.657393
0.364566
0.908746
0.324666
-0.234264
-0.760759
-1.298879
-1.744419
-1.859945
-5.435074
-2.685014
-2.941782
-8.222983
-3.447615
-3.653278
-7.173570
-3.943885
-4.078849
-4.414051
-4.275976
-4.351085
-4.444304
-4.502937
-8.791526
-5.166216
-4.783109
-5.660729
-4.938504
-5.011527
-5.140619
-5.266920
-5.448839
-5.644660
-5.837588
-5.998325
-9.642093
-6.295729
-6.454381
-6.342254
-6.400327
-9.028472
-6.593598
-6.721167
-6.856241
-6.894125
-6.828879
-6.715865
-6.645409
-6.659165
-9.460110
-6.645332
-6.680653
-6.885433
-6.795456
-6.643159
-6.362247
-6.179897
-7.539905
-6.298758
-6.481252
-10.920943
-6.762783
-6.875828
-10.163186
-7.453584
352.477081
352.168213
-7.689142
-7.447176
-6.908184
-6.893300
-7.473522
-6.605443
-6.447314
-10.223788
-6.622092
-6.915546
-11.533627
-7.640853
-7.499374
-8.910146
-7.319576
-7.556432
-8.213183
-8.146593
-7.948948
-8.125595
-8.285167
-11.172339
-8.326180
-8.326354
-8.101753
-7.667881
-7.520049
-5.997792
-5.771389
17.519575
9.760790
5.674259
3.093004
-0.797863
1.279948
0.236614
-0.172982
-0.197476
-1.982802
-0.976835
-1.663754
-2.302930
-2.459059
-2.660351
-3.167595
-3.244055
-3.530158
-5.164946
-3.777119
-3.919313
-4.110579
-4.372298
-8.120700
-4.628749
-4.780317
-5.232644
-5.003643
-5.113812
-9.692234
-5.215940
-5.258872
-6.980008
-5.516202
-5.688255
-5.774067
-5.868410
-5.900753
-5.743618
-5.784873
-7.959248
-6.002158
-6.173876
-10.335516
-5.974946
-6.003974
-9.610541
-5.911626
-6.055986
-6.584420
-6.128803
-6.020098
-5.845778
-5.670815
-5.251782
-5.550448
-5.728453
-7.037723
-5.900199
-6.053304
-6.213215
-6.362886
-6.429269
-6.434096
-6.451008
-6.535774
-6.895841
-7.084014
-7.149941
-7.770774
352.437408
349.104218
-8.119814
-8.214976
-7.977128
-7.407078
-7.145534
-6.953936
-6.876408
-6.865561
-10.691385
-7.230798
-7.265876
-7.425021
-7.059833
-7.048957
-7.038977
-7.115182
-8.992047
-7.319887
-7.253769
-7.062617
-6.756882
-6.807077
-10.697865
-7.765742
-7.609981
-7.082117
-5.688658
-5.723684
20.096867
10.745157
9.327618
3.045329
2.273208
-4.127158
0.291925
-0.429667
-6.494228
-1.480046
-1.782033
-4.187755
-2.266116
-2.557188
-2.779681
-3.002215
-3.342717
-3.664979
-3.765891
-5.859261
-4.144659
-4.263739
-9.094797
-4.472122
-4.575408
-4.643884
-4.761096
-4.862616
-4.899911
-4.987723
-5.058066
-8.355804
-5.119143
-5.140446
-5.250901
-5.206025
-6.636393
-5.320277
-5.397258
-5.504231
-5.593520
-5.705622
-5.852976
-5.973105
-5.948056
-8.312778
-6.047929
-6.233868
-6.427453
-6.719084
-10.003768
-6.981666
-7.159709
-7.902731
-7.734556
-7.687164
-7.404991
-7.227233
-7.098638
-8.599693
-7.152653
-7.104467
-7.240655
-7.342580
-6.988517
-6.792876
-6.682397
-8.563720
-6.479640
-6.801843
348.982513
-6.883986
-7.006070
-10.628178
-7.087987
-6.952023
-7.341615
-6.886099
-6.828746
-6.911829
-7.175435
-7.212480
-7.316611
-7.102895
-8.437974
-7.237792
-7.292957
-7.372633
-7.835423
-8.100777
-8.148824
-8.181560
-8.061332
-8.060717
-8.475292
-8.822304
-10.329557
-8.704417
-10.303305
-6.702494
19.370762
9.425127
6.369039
4.200437
2.689345
1.670116
0.489359
-0.440814
-1.034940
-1.562527
-3.205997
-2.111057
-2.364921
-2.457918
-2.645386
-4.844488
-3.097342
-3.216283
-3.412364
-3.628712
-3.832191
-4.110579
-4.185448
-4.310696
-4.865562
-4.556000
-4.672187
-4.799883
-4.928594
-5.520578
-5.143288
-5.234776
-9.169242
-5.502842
-5.661879
-10.401006
-6.231844
-6.143468
-8.075481
-6.184276
-6.218134
-6.258843
-6.190319
-6.277096
-6.356297
-6.434741
-8.282971
-6.979308
-7.036856
-11.274834
-7.065632
-6.698875
-10.554333
-6.805501
-6.858025
-6.957085
-6.997147
-7.076846
-7.115194
-7.316478
-7.454561
-7.651989
-7.090145
-8.619157
-6.823909
-6.785909
-6.617373
-6.617225
-6.636093
-6.631034
353.507782
-6.078037
-9.239268
-6.149391
-6.016522
-6.359900
-7.530579
-11.062131
-7.784508
-8.077346
-8.621851
-8.362028
-8.297453
-7.998961
-7.295926
-7.041758
-9.572349
-7.178355
-7.183195
-7.444019
-7.511745
-7.395842
-7.387903
-7.441690
-9.542134
-7.493176
-7.370706
-11.468990
-5.816000
-6.029273
116.507133
11.622796
7.504613
4.520555
2.917609
1.194257
0.140568
-0.139425
-0.598292
-0.989768
-1.525948
-3.348776
-2.364518
-2.610313
-2.896908
-3.085940
-3.285452
-3.509660
-3.723008
-3.910447
-4.087353
-4.292258
-4.493577
-7.190524
-4.798339
-8.198225
-5.022703
-5.093345
-5.401972
-5.267367
-5.366061
-5.531308
-5.602064
-5.676330
-5.760102
-5.770737
-5.773307
-7.344478
-5.905957
-5.940414
-6.052451
-6.035704
-7.449482
-6.121778
-6.140592
-6.062441
-5.969327
-5.872653
-5.809573
-5.877085
-6.213272
-7.228837
-6.585364
-6.643018
-6.703949
-6.728096
-10.025420
-6.448537
-6.678704
-10.757596
-7.051839
-7.142251
-11.265303
-7.286600
-7.577416
-9.241158
-7.562850
-7.489645
-7.623397
352.144073
352.114655
-7.938868
-7.885252
-9.730883
-7.628624
-7.674520
-12.003874
-7.785061
-7.624231
-10.950644
-7.523556
-7.498146
-7.827017
-7.252436
-7.207994
-7.173048
-7.196084
-7.164831
-7.961133
-7.090783
-8.132719
-6.545258
-6.450268
-6.483298
-6.537930
-6.461962
-6.340379
-6.324854
-5.096228
-5.137988
17.093496
8.684325
5.257835
3.521161
-2.083838
1.042845
0.244305
-0.388911
-0.644888
-0.899917
-1.467803
-1.983209
-2.409194
-6.469534
-3.019653
-3.298195
-3.584772
-3.750056
-3.878152
-4.020284
-4.206690
-6.053473
-4.512804
-4.559869
-9.407047
-4.788601
-4.860157
-8.275840
-5.038571
-5.151348
-5.457545
-5.471493
-5.584502
-5.636965
-5.655920
-6.324295
-5.710858
-5.704495
-9.529155
-5.660062
-5.733805
-10.198941
-5.909489
-5.998650
-7.855100
-6.068827
-6.230999
-6.433992
-6.632789
-6.846207
-7.007214
-7.020974
-9.832717
-7.011678
-7.010460
-7.153412
-7.080954
-7.097337
-7.003220
-6.950312
-7.079201
-7.123400
-7.124911
-7.146676
-9.809139
-7.272929
-7.351838
-7.381100
-7.289455
351.759247
352.983063
-6.996957
-7.104534
-7.176979
-7.153284
-6.956394
-6.803778
-6.613643
-7.812963
-6.344554
-6.190768
-6.113092
-6.034188
-9.088773
-5.751388
-5.400587
-5.332447
-4.767687
-5.048276
-9.399038
-5.667881
-5.795802
-7.531289
-7.023457
-7.050550
-6.611577
-6.428946
-6.462367
-4.896397
-4.620055
3.334050
6.373085
3.151159
-5.615761
0.300035
-0.384487
-5.487795
-1.176794
-1.676301
-2.426819
-2.450558
-2.714053
-3.011795
-3.207313
-3.315175
-3.366497
-3.445675
-4.726523
-3.670962
-3.837867
-4.132224
-4.330921
-4.539697
-4.638418
-4.753113
-4.902499
-5.035480
-5.138804
-5.318961
-6.391104
-5.511187
-8.780984
-5.711735
-5.805075
-5.986108
-6.051689
-6.281284
-6.252997
-6.320365
-6.329421
-6.356470
-6.291406
-6.641290
-6.880345
-6.585975
-6.622831
-6.547762
-6.690364
-8.154665
-6.906429
-6.994496
-6.979897
-7.090895
-7.124574
-10.411458
-7.294387
-7.367452
-7.598249
-7.382295
-7.362459
-7.360946
-7.406921
-8.073379
-7.507174
-7.554084
-11.293862
-7.645864
-7.660291
-11.898535
352.238342
352.130768
-9.694991
-7.888216
-7.906566
-7.948359
-7.935325
-8.013104
-8.033530
-8.068495
-9.683411
-8.122837
-8.121360
-12.288346
-8.201873
-8.219626
-8.219672
-8.309440
-8.308444
-8.333338
-8.367079
-8.380149
-11.710787
-8.428031
-8.462592
-8.683983
-8.502084
-10.111422
-8.552281
-7.146186
-7.110963
21.811010
11.574191
7.269272
4.839156
3.198959
-2.013283
1.048082
0.322829
-0.453595
-0.893005
-5.773705
-1.818984
-2.237490
-2.957663
-2.828435
-3.088023
-3.365051
-3.646759
-3.805626
-6.307137
-4.176525
-4.305144
-4.503192
-4.649429
-4.800088
-4.859981
-5.036431
-7.254010
-5.251626
-5.388599
-10.019580
-5.577913
-5.636221
-9.494592
-5.855125
-5.943999
-6.595675
-6.093646
-6.190824
-6.241130
-6.336426
-6.535298
-6.388934
-6.512881
-7.892816
-6.701979
-6.708722
-6.751200
-6.816145
-6.860633
-6.916358
-6.976906
-7.019287
-7.089596
-7.118883
-7.169531
-9.431357
-7.279444
-10.704240
-7.352569
-7.405520
-7.815476
-7.474288
-7.547158
-7.590816
-7.598702
-7.658691
-7.680262
-7.726205
352.256561
350.696686
-7.856577
-7.885921
-7.915623
-7.934972
-9.702636
-8.002899
-8.037436
-8.050858
-8.101443
-8.122550
-8.154472
-8.182734
-8.219604
-9.135965
-8.257491
-8.301961
-8.273692
-8.348617
-8.365993
-8.387465
-8.429181
-11.881123
-8.455611
-8.502285
-12.651254
-8.527603
-8.564405
-9.208347
-7.119685
21.771330
11.752405
7.366137
4.909752
3.252425
2.035326
-0.514611
0.313949
-0.336409
-6.369191
-1.396175
-1.809299
-7.065246
-2.506863
-2.778725
-4.120372
-3.373193
-3.560955
-3.780463
-3.962073
-4.164824
-5.455686
-4.492919
-6.791897
-4.749712
-4.881884
-5.055527
-5.152059
-5.226934
-5.394610
-5.489414
-5.568220
-5.659992
-5.748495
-5.833757
-6.504182
-6.012302
-6.073551
-6.165576
-6.248961
-6.854383
-6.382405
-6.414855
-6.508004
-6.578073
-6.631854
-10.282666
-6.746692
-6.825844
-7.080244
-6.930948
-6.939298
-7.008024
-7.085600
-9.701698
-7.180241
-7.237269
-11.464615
-7.299007
-7.364617
-11.207736
-7.453626
-7.484656
-8.309407
-7.576227
-7.611611
-7.659347
-7.681246
-7.740370
352.230255
352.179962
349.306000
-7.885620
-7.912644
-12.150483
-7.973027
-8.005222
-10.793745
-8.072401
-8.099981
-8.246696
-8.153270
-8.165617
-8.218197
-8.226061
-11.871365
-8.581855
-8.307707
-8.968279
-8.356983
-8.393304
-8.398623
-8.430217
-8.470140
-8.488789
-8.519317
-8.549234
-11.633619
-7.164102
-7.112257
29.945549
11.692750
3.873711
4.947701
3.263272
2.007090
1.136007
0.301587
-0.306848
-0.873491
-1.368916
-4.936863
-2.160015
-2.507499
-2.788519
-3.084704
-3.318118
-3.555621
-3.761868
-5.136357
-4.136958
-4.300984
-9.219936
-4.617300
-4.736890
-7.650145
-5.000730
-5.141286
-5.302331
-5.368269
-5.465980
-5.564672
-5.651047
-6.756196
-5.815596
-5.920739
-10.147777
-6.069811
-6.153425
-10.430720
-6.303248
-6.273644
-7.780790
-6.463328
-6.549659
-6.601924
-6.619793
-6.723005
-6.775185
-6.865311
-9.350535
-6.948949
-6.996973
-7.098585
-7.105816
-7.149313
-7.200304
-7.236099
-7.271810
-7.314265
-7.371219
-7.427262
-9.283442
-7.493008
-7.554043
-7.596844
-7.640167
-8.425244
-7.668612
352.266907
352.231873
-7.796622
-7.840336
-7.865503
-7.935860
-7.916473
-9.071824
-7.985363
-8.032007
-8.061855
-8.071884
-10.896562
-8.141629
-8.164266
-8.312996
-8.191114
-8.244751
-12.140079
-8.274468
-8.340017
-9.335733
-8.383063
-8.386798
-8.409876
-8.451626
-8.492256
-8.490516
-8.495933
-9.655133
-7.070570
21.838415
2.934795
7.400589
4.933358
-1.279774
2.036856
1.165752
0.111728
-0.297914
-0.843397
-1.324806
-1.746406
-2.635841
-2.374863
-2.730142
-7.401546
-3.271683
-3.520906
-3.682798
-3.919924
-4.080735
-4.257872
-4.397751
-4.559180
-4.678128
-4.809599
-4.956384
-5.930177
-5.196824
-7.976822
-5.402906
-5.513894
-5.630105
-5.682565
-5.777876
-5.851732
-5.947357
-6.029236
-9.705121
-6.164242
-6.253132
-6.534875
-6.227216
-6.422238
-6.488338
-6.571270
-7.783821
-6.662941
-6.737939
-6.793273
-6.837798
-6.871235
-9.782911
-6.980866
-7.042234
-7.202234
-7.124763
-7.182509
-7.222591
-7.283666
-8.194202
-7.358564
-7.393842
-11.325824
-7.471971
-7.512082
-11.697573
-7.584052
-7.624066
350.896210
352.286102
-7.737896
-7.775654
-7.799045
-7.846822
-7.860903
-7.884765
-10.014134
-7.943378
-7.994195
-12.258475
-8.032662
-8.055897
-8.099283
-8.120576
-8.147832
-8.182357
-8.186921
-8.236218
-10.879421
-8.262069
-8.280229
-8.344601
-8.350973
-9.250731
-8.378383
-8.384688
-8.398288
-7.050665
-6.994389
21.855352
11.615433
7.363364
2.181870
3.276850
2.095978
1.174795
0.376883
-4.070645
-0.790251
-1.283251
-1.890414
-2.087786
-2.405988
-2.741425
-3.002707
-3.272953
-4.791148
-3.686541
-3.892528
-4.036390
-4.224667
-4.375751
-4.548791
-4.669549
-7.563224
-4.943735
-5.065861
-9.780641
-5.268449
-5.379394
-8.785378
-5.567192
-5.675441
-5.942799
-5.842693
-5.927890
-5.997097
-6.074520
-6.774537
-6.224957
-6.275625
-10.025645
-6.430489
-6.469008
-10.856955
-6.602520
-6.636467
-6.741881
-6.769354
-6.828475
-6.869692
-6.914177
-6.970341
-8.045132
-7.079277
-9.937392
-7.159163
-7.197730
-7.286767
-7.299065
-7.337895
-7.376180
-7.397577
-7.459677
-7.510115
-7.510804
-7.560761
-8.020708
352.358582
352.313293
-7.694770
-7.749003
-8.786445
-7.826645
-7.841287
-7.877457
-7.904794
-7.939335
-11.239096
-7.996656
-8.002706
-8.181887
-8.075514
-8.100468
-8.099474
-8.182453
-9.272935
-8.206473
-8.232879
-12.173234
-8.285789
-8.323570
-12.293420
-8.362806
-8.368998
-9.563238
-8.407440
-7.037084
-6.992572
21.698299
11.581323
7.363747
4.949600
-0.060490
2.123203
1.169304
-5.473707
-0.253477
-0.808126
-5.414116
-1.701594
-2.071004
-2.752081
-2.706448
-2.977880
-7.085613
-3.469826
-3.696636
-3.997502
-4.062826
-5.200988
-4.386558
-4.523145
-4.674923
-4.790587
-4.917600
-5.049808
-5.151925
-5.264711
-8.107233
-5.476650
-5.554282
-5.671349
-5.748021
-8.400396
-5.931582
-5.993009
-6.108500
-6.157784
-6.233181
-6.267784
NaN
