387.802551
360.837585
348.258423
338.645111
337.081177
319.637512
320.323700
326.088501
291.376129
296.414612
300.949097
303.640625
286.622345
291.041290
288.865051
290.006592
289.514374
288.523621
294.882629
289.685547
288.170258
284.790314
279.507843
278.949585
277.309692
276.237488
272.971802
281.384369
286.314667
272.188812
272.260773
279.399475
267.832275
265.549133
271.578888
277.816711
282.722839
268.091644
290.529480
275.399689
261.183441
265.217896
266.837646
262.422546
258.847870
259.911835
276.009827
257.070557
247.596329
258.870300
266.563934
261.556732
264.096832
266.320465
267.737946
244.287613
253.737228
249.209457
245.246216
247.233231
243.840683
249.989380
244.557449
247.509644
248.179260
252.022919
248.407654
240.087158
246.830170
245.211029
241.647522
239.872375
251.967957
242.753860
247.896347
245.252121
247.082382
246.742569
248.050613
255.165466
260.348511
256.082703
253.778885
254.034897
253.287735
258.940094
254.356979
254.255386
255.428391
255.093231
257.697784
257.143860
259.562439
254.048141
259.553162
264.817841
261.632324
259.977631
261.255585
468.492798
534.339050
350.823151
340.889923
341.495636
339.835907
334.488647
332.291901
340.432190
335.045380
317.551697
320.709717
314.359558
312.409485
305.499146
308.861847
306.158142
300.975677
306.340027
301.894104
301.652771
304.566223
305.930664
311.176788
305.747528
302.233002
314.368866
310.049774
312.913910
316.277344
312.325714
308.445038
322.059296
313.496063
317.795258
318.099274
302.289825
309.143066
310.250702
318.745819
306.272186
311.526367
322.741791
308.582642
317.739777
328.468018
312.085754
310.036285
307.530151
307.063019
303.912537
310.753967
311.632294
312.693756
309.677399
314.548370
314.350861
313.799805
312.631653
314.659149
316.444244
308.356995
319.589081
308.563477
308.188080
308.106201
312.242584
313.778351
316.868408
306.567871
317.638153
315.666046
308.942139
314.397827
307.442322
304.123932
305.774475
307.381927
293.420166
309.876678
305.486816
304.299500
304.476105
301.487000
301.247375
307.981445
309.352417
306.668060
310.410858
297.363342
307.572174
309.010406
309.944885
308.820618
301.684692
303.461090
307.187561
298.614868
301.843964
297.934540
114.752502
435.343750
416.230927
468.976746
403.181183
400.392578
399.369385
389.305664
393.411133
387.052826
384.191498
374.051117
376.195862
373.190155
377.449158
377.526093
372.995422
375.271820
363.411682
363.823425
367.192963
364.839233
360.214935
358.392395
358.676880
358.686432
354.191437
359.297485
360.157379
344.930847
350.136383
349.479279
351.183563
349.496582
349.153351
349.212158
345.011902
347.598419
347.638550
345.222900
342.761475
345.402863
346.199738
342.494446
341.333221
339.118378
336.441467
341.008423
337.854614
336.701019
334.020386
332.138153
331.662628
333.585388
330.681091
327.233246
320.286713
329.501434
313.524414
321.648987
309.161835
318.103333
301.696686
289.842804
293.835724
293.324799
294.723724
286.652496
287.735199
289.010345
291.471619
291.887573
290.772156
290.374908
285.866455
287.357727
285.507599
287.554321
289.564362
290.298981
283.468506
289.055054
288.560791
283.936127
285.405182
290.133606
287.574860
286.874512
286.076996
284.688049
283.614258
285.826569
286.521301
283.382721
287.973480
284.889160
288.401703
285.687256
283.141571
289.841400
498.949829
409.587585
393.522644
386.641449
381.324890
388.355713
375.179108
371.891418
370.513367
366.051727
373.994415
367.163116
365.663269
369.099854
367.258850
367.544739
367.150787
372.936554
367.496643
368.315826
367.988037
362.494873
362.301392
360.881866
362.217285
370.321930
376.371979
371.999939
370.403503
366.618500
362.847961
364.707642
360.843323
366.379547
364.860077
368.852020
367.342590
376.817474
372.338806
367.572632
375.536133
371.963837
368.658813
367.184204
375.131592
372.206879
363.442902
365.247223
365.775696
365.656677
367.035522
367.524841
372.710968
367.744385
365.441650
366.449188
362.308868
368.393097
362.898254
363.621796
364.626709
364.900787
364.202728
366.934540
362.847687
363.129791
365.453491
366.421478
369.234558
365.124817
365.115234
364.238586
365.293488
364.902618
364.727020
369.805634
365.708649
364.080536
363.489777
365.260223
364.564789
362.913940
364.684570
365.094879
364.060974
363.221893
362.538483
362.687439
361.417938
359.449005
359.269897
358.819214
359.314667
358.063812
358.434723
357.846710
358.197235
358.762146
356.427124
356.087219
564.498657
486.991272
471.316986
463.469360
459.469238
456.682068
485.635101
449.765533
447.550476
467.744995
442.195984
439.636810
444.013519
436.225311
434.222839
433.211823
431.403595
429.647400
428.870209
426.099274
427.100616
423.649109
424.018250
427.379547
420.469910
420.796082
420.249573
419.104645
415.582581
414.349487
413.598297
410.863983
414.701447
410.296722
411.792511
409.649414
410.715668
410.640106
406.864532
406.413910
405.698303
402.264282
397.819946
403.027039
400.916107
401.454712
401.507690
400.292053
401.185059
399.519470
394.933563
396.793213
395.066467
395.288727
394.583130
393.970001
392.752930
389.556885
390.894165
389.577393
386.416290
390.684479
383.781708
387.384033
386.771027
385.402954
385.394684
384.762360
385.256989
383.119110
382.130035
382.522247
380.056427
381.186096
382.340820
379.717102
378.303192
379.419861
377.842957
375.901581
377.019592
376.999878
375.210052
376.215210
375.573120
373.534027
375.612427
374.915680
371.801331
375.061737
367.240631
370.893372
369.798615
371.335510
369.048584
370.440369
367.066498
369.039642
365.035095
368.887177
569.202026
494.296570
508.194275
470.412048
466.038666
462.474792
458.544067
458.275513
454.460663
450.159515
446.611053
452.527924
442.959595
442.781952
442.144043
434.557953
442.078186
435.441681
432.141388
433.887756
427.957306
428.782288
428.146301
430.491638
428.300415
426.718323
425.735535
425.631805
420.166962
418.518066
421.990540
414.822754
414.944214
414.076508
417.068512
412.852112
409.791992
407.950745
404.378815
408.504669
409.162537
404.705841
401.748932
401.436127
401.429199
403.604462
402.194397
399.011261
401.716339
397.135010
394.311615
396.454834
394.914734
390.544312
393.253876
395.294281
390.276123
385.986786
387.683350
389.431122
385.198700
389.586090
384.673035
383.829681
377.350372
382.729065
378.264618
375.215485
378.144257
383.282227
375.823853
376.102631
370.198334
372.645294
371.098419
369.274017
367.608063
369.765869
366.938477
366.425934
365.087372
363.749084
359.951263
360.555542
360.964172
360.254059
359.906769
361.700378
360.941742
357.275940
354.880371
357.240906
357.492401
357.430878
358.057037
356.430878
355.932312
356.258240
354.093018
360.167206
570.063110
853.952942
482.452972
472.848053
506.512604
461.888184
457.458618
449.388580
446.231537
441.544220
436.069885
435.063904
428.322113
427.990875
431.139557
436.565918
432.039001
428.950134
422.209320
425.517029
433.101074
434.560242
438.046234
432.698730
428.418671
425.090607
424.966064
423.448303
417.514221
409.065765
402.715942
401.522522
397.762665
401.968140
397.325073
400.052246
404.611542
392.246704
385.404144
381.786469
383.952179
384.255798
388.212128
387.502686
384.954681
384.365692
389.032043
388.829651
387.899536
382.351868
381.926758
385.498383
388.060303
386.936188
373.185577
371.976715
377.094421
384.785156
381.716583
378.175934
378.925812
377.531616
379.759552
386.207672
385.532196
383.496307
376.163147
364.889221
362.619537
358.437897
356.645630
356.216736
342.106232
355.252869
341.988770
346.640106
345.909576
346.389191
347.078918
357.204437
342.568848
343.489624
331.532013
322.787048
326.527222
337.483398
339.461639
347.228668
350.071167
346.404572
350.093445
350.487457
353.979736
360.575439
359.711761
361.212799
362.347290
361.216675
364.514160
370.004730
566.335083
486.781860
460.709229
498.957825
437.509735
430.076813
421.844482
421.963745
423.642212
414.583954
407.800446
409.517059
395.918945
395.237488
398.333038
396.294952
396.523468
395.586395
386.265442
386.752686
383.164917
393.179901
390.955292
391.849121
394.397400
396.655701
389.891632
386.841736
389.702148
385.290680
387.819641
390.122650
390.388214
391.613220
388.431549
383.216034
381.512543
381.477661
378.213531
380.707581
386.511932
386.008179
372.020630
376.270081
371.841370
359.060547
343.982117
349.334381
352.542572
343.346497
338.161041
341.448914
335.282410
343.183075
352.020081
371.908691
358.628357
351.608948
349.383972
349.146484
343.635498
345.315948
337.925995
342.486664
348.100830
347.593506
355.280426
365.001923
362.821777
361.424255
365.361755
369.007935
365.546173
357.153564
352.433990
349.735046
349.966034
354.518829
345.233795
353.757294
351.367401
340.654419
318.252014
314.191650
308.329742
301.350128
299.228577
293.088318
306.025787
318.924744
329.413422
340.012939
340.189941
330.466003
323.839020
322.779572
318.985260
319.993378
320.109863
321.228851
532.384277
455.644592
440.360138
434.148071
423.960419
411.283447
412.181274
421.078613
417.517792
407.990173
408.525757
414.697266
423.620300
406.488678
405.420227
402.731812
388.639496
380.696503
380.302826
375.413269
372.351593
374.368408
372.140717
372.185791
362.884766
362.333710
332.731354
342.666504
366.413239
368.625885
367.607880
359.851227
351.045349
353.655914
351.868805
353.290924
354.084381
353.838562
356.986694
359.081329
353.424835
356.554626
359.656708
361.345734
362.181305
369.477020
363.904785
364.548889
366.680084
358.753113
357.016357
351.377808
352.125488
349.262238
343.137390
332.768127
326.866547
325.876404
330.921082
333.367798
334.922852
329.244293
330.697662
328.627350
329.448578
334.569153
333.223053
336.911743
335.715668
337.413452
354.429535
339.291382
332.828461
332.764679
339.486786
343.202393
342.677551
350.900208
345.021057
369.639221
359.682343
374.933167
370.313873
394.782288
392.784241
409.322632
401.860291
389.368744
389.904694
388.503601
387.948883
389.837799
391.830536
394.483185
393.003357
392.015106
383.062012
368.763702
370.403198
360.149109
568.190369
480.172638
467.818268
490.575317
471.815033
467.921417
474.924011
479.382538
473.925781
490.067993
462.511017
449.012085
451.632843
452.221558
453.817932
449.743683
448.621185
452.865601
456.667908
457.380768
462.530884
455.386383
455.875977
455.464355
444.501862
440.348267
440.837982
446.291016
444.657898
443.937897
446.268738
445.957245
441.396393
437.341919
436.221161
437.574493
433.579376
433.805084
435.535004
429.782532
427.062592
423.909271
425.822449
425.531860
419.602966
417.817047
419.571594
419.972504
420.509766
409.489044
405.186371
398.629211
418.831390
411.317322
414.095306
415.688629
411.007324
409.253143
412.757568
402.999451
406.156250
405.185852
407.771240
413.426208
412.884613
404.501221
403.155396
408.736908
402.469971
408.884979
412.195129
413.679321
408.354309
408.410278
408.188599
410.165985
411.641113
407.677673
400.222321
391.964355
387.098267
382.181091
373.862061
368.555420
371.871857
377.558868
389.131653
387.568420
381.931458
383.059052
380.353210
377.417297
375.947540
364.042603
367.177887
375.862122
373.847473
373.806458
375.903931
372.389832
582.237854
500.692688
483.888672
480.670349
484.677277
476.732086
466.297119
464.098969
462.965057
460.122375
456.355469
464.128174
460.684479
468.651093
457.133301
454.447388
454.190918
453.199951
442.925049
443.381104
442.485992
442.175781
441.225067
447.738068
445.511932
444.701141
445.265381
446.578033
443.000824
438.164124
432.879944
424.639496
420.379517
418.529907
419.038574
419.499481
420.743256
409.805847
412.804474
411.736084
400.153595
399.533234
401.835358
402.437225
408.112122
405.547821
408.262024
424.130981
420.945831
420.656189
420.843689
420.050537
420.792572
420.868439
421.705566
416.521973
414.534851
413.645752
412.793457
411.451172
404.912018
399.820526
399.968842
395.117401
390.059906
379.944611
377.046265
373.511139
370.816101
366.636169
363.990051
370.920441
374.585419
375.698059
377.736298
378.180878
377.122955
376.621613
381.060242
382.323914
385.004303
378.438843
375.401337
374.797943
375.880157
376.990997
382.924713
376.430542
369.221771
374.330688
377.527496
375.286987
372.055115
372.711792
379.997437
374.474762
382.954834
372.932373
375.743591
371.485687
572.385925
764.401794
477.278320
456.315033
441.355743
435.418640
427.296021
426.170776
431.742004
440.521851
436.634796
432.284698
444.921356
432.005646
451.034210
451.655029
433.972534
419.881470
436.823700
422.547363
424.102905
424.217651
422.193176
421.423340
420.813782
422.077728
418.845764
417.596680
411.271057
418.663696
417.452057
419.676300
419.877014
417.691650
414.924744
416.677246
415.520569
407.348785
400.558594
402.085846
400.181519
398.232727
415.040497
405.266693
410.261322
413.072266
417.928528
416.902557
422.584991
399.743256
398.356445
407.896515
404.415710
401.162537
400.618195
404.462250
395.458771
397.526794
396.391602
396.667419
392.823853
396.665894
396.803497
404.238220
403.317169
385.386139
395.063324
390.655884
391.932312
404.031342
396.826477
407.680908
398.355469
393.054443
389.570648
382.791901
385.032623
388.156860
391.850708
390.336182
382.442871
386.452179
387.559723
389.645233
382.897949
379.813721
377.132538
376.589905
376.914520
386.557770
384.375824
383.103271
381.532501
381.517456
385.741089
386.287659
391.076202
395.282776
392.149414
390.095154
586.363586
518.167358
499.696198
551.612915
496.299591
534.398071
484.759888
479.453064
480.670380
475.986267
472.208832
467.179016
464.142883
465.739227
465.876678
463.036804
461.617035
466.343445
458.837006
464.379883
469.809998
462.945343
456.669647
442.154602
440.483582
445.759369
447.045319
446.939301
445.173065
447.494263
448.375916
439.041901
444.802734
451.914337
444.954010
444.672882
447.491791
457.945526
459.869171
458.356506
452.649139
447.406494
447.765015
451.711823
450.738068
452.295380
453.743073
448.847443
447.088776
446.382172
440.623016
438.795685
435.495697
430.359375
427.543213
425.061432
426.059845
429.807312
433.398132
439.291687
430.854095
432.754944
426.908905
421.296417
414.218353
422.791840
420.643433
416.106018
415.488220
424.326874
425.297394
430.121185
429.339264
433.853973
443.190216
443.338287
438.866241
433.678009
429.313049
428.686798
427.727905
427.667053
427.876007
428.912079
428.800476
422.741180
421.163757
420.503357
419.241028
428.737610
426.426422
421.871490
418.957336
419.662170
404.362549
417.574554
419.088837
422.241058
416.604797
410.782288
592.524353
699.210815
499.407349
503.653870
588.063293
506.305084
508.153564
544.428284
507.794708
508.000122
522.489319
509.266083
506.615234
500.005646
494.960480
489.720764
484.346497
485.825928
484.580505
473.421051
468.674500
473.327850
458.274261
456.281403
459.767670
455.692474
458.000000
459.290375
460.834839
459.510864
463.430023
462.706940
473.566345
479.221069
480.188385
476.656616
467.324738
460.487335
456.176788
461.365479
457.665100
461.628387
465.704254
465.276123
467.836060
466.656006
464.175049
460.875122
459.616241
456.997833
459.143463
458.540039
466.338348
465.411499
460.904724
456.032349
454.660095
453.362152
453.927826
451.194824
444.697784
433.042480
446.525238
448.199280
445.425323
449.391785
451.461151
448.752777
449.225281
447.339874
451.175354
449.309753
442.241943
443.396027
437.992249
435.793243
438.018555
439.402069
441.759186
445.226990
445.829041
440.063873
436.217041
433.576996
438.157227
436.527863
430.427673
431.033325
431.080322
429.101105
427.990692
427.015594
425.813782
421.331177
419.290741
417.056000
420.496155
424.875305
429.084930
429.629608
589.054810
532.498291
525.274170
531.537231
534.300964
523.630737
521.396118
518.789490
507.280090
512.259216
488.179840
492.169769
497.568604
498.242493
506.878448
496.819275
485.078644
478.829956
481.970764
483.480042
485.697906
486.617523
491.536072
490.075775
487.071899
486.817871
478.219482
477.629669
480.068451
483.385986
484.208160
479.894135
477.764343
480.794312
483.240723
474.598907
471.087524
467.946808
461.397858
458.187744
461.476318
460.057953
460.206268
459.880737
458.374939
458.374634
454.412445
453.794769
454.793243
454.113953
445.798401
441.570099
438.962952
436.773285
441.155518
448.543823
456.415161
454.299164
446.843842
441.976624
442.036102
440.881195
442.572296
443.707611
446.588257
448.148438
451.494751
455.957489
455.958130
452.425049
452.362549
454.879761
452.874176
452.765869
451.488434
455.785919
454.558075
449.924530
447.375671
442.700989
446.395874
446.462219
443.321808
430.767029
414.237305
424.815186
422.046204
423.919403
427.044800
429.841980
434.384399
429.060791
429.339661
426.626221
426.137329
425.037720
417.372253
414.322632
416.022766
425.885406
604.490845
535.509399
557.130310
520.033997
518.005798
523.885010
524.570435
520.200684
517.136292
531.369202
540.329224
525.413391
529.641663
533.011902
513.227234
514.063171
513.327148
503.460236
503.944122
503.172302
501.954285
498.762024
496.252411
492.304932
487.311432
477.029266
475.702179
466.340088
465.711578
468.934601
473.340424
476.716583
478.227936
477.793121
478.840668
476.414459
477.419006
473.881073
471.243225
467.744446
463.807953
463.739563
465.059174
471.828583
470.026855
465.969421
469.379761
467.686218
465.525360
461.024170
461.192108
463.390167
465.262573
465.096008
465.073761
463.198303
459.428040
469.807129
483.436310
481.516266
479.208496
473.628448
469.795349
468.317047
462.299408
455.338135
456.482391
460.651978
458.124420
450.882782
448.532013
447.311249
444.786865
444.287262
452.513458
454.220184
456.461212
451.355804
448.358582
451.310150
455.053558
455.314880
455.759521
457.955536
451.995056
451.934082
453.652069
458.885498
464.003601
478.669739
458.857635
430.777527
421.024628
436.626434
421.700775
436.546265
442.411682
440.486969
431.096588
431.160736
607.255432
708.093262
543.977478
530.098633
526.356384
523.934509
536.968384
511.434845
506.314026
504.846619
504.479340
504.986786
505.093750
504.224579
509.785156
516.117126
508.292908
508.038330
511.159698
511.272980
513.914795
505.793091
505.294617
503.541046
503.249023
506.782410
503.978088
500.577026
501.133331
497.871857
493.722931
491.401642
488.156464
485.846313
487.628754
485.864227
484.927765
489.366730
488.303314
486.966217
486.816895
473.461487
470.560760
467.933167
463.818115
467.798065
465.717194
465.759216
461.753815
458.722961
457.052643
466.910736
472.005554
470.338165
469.628510
468.918701
467.520935
467.368286
468.400574
467.888245
469.238251
466.838257
465.282806
466.990662
467.806702
465.762817
465.472778
461.307922
460.512665
458.431335
457.451599
457.212219
458.806427
460.252563
459.575500
461.363068
457.516418
452.383423
452.974884
447.746490
442.833191
443.187225
444.501099
447.328857
449.450195
445.896362
446.157959
449.637787
447.058472
447.844421
446.161804
447.755096
449.994080
446.005829
444.581879
445.967743
447.921631
451.618591
458.032501
458.105713
637.319214
568.401367
718.795715
531.507507
530.009277
592.734680
521.544861
517.422668
523.968628
490.117676
489.162872
487.810333
489.878815
488.354095
494.162201
497.779724
512.929688
509.635468
517.641968
519.518799
506.706238
499.273621
498.704224
491.383240
493.856781
500.632416
499.868927
497.448761
491.979279
488.912933
487.954956
487.411346
484.234711
482.477081
481.902649
480.560608
481.721375
481.466278
486.356171
493.807953
490.725128
488.326202
485.136780
480.381348
476.513336
472.326324
473.428741
476.373352
475.483795
474.314087
473.377350
472.115295
471.676392
472.198242
469.613678
469.065765
471.348938
468.155426
463.651642
461.956512
462.544098
464.735413
463.249207
459.670441
459.545532
458.654999
456.989563
454.640015
450.562347
450.258545
454.328064
440.494385
448.721100
450.841309
458.753845
459.840515
454.352417
456.836212
464.732849
460.580475
457.237274
454.594269
453.922180
450.001434
443.330322
441.773590
440.169586
434.749420
430.386230
418.780396
431.558838
436.930389
440.716766
442.306427
446.212585
444.549438
445.100006
443.594879
434.546478
431.573181
604.670471
534.910034
521.942444
518.956421
523.754822
524.471802
525.187439
544.151428
522.813110
518.064697
517.660950
519.841736
524.760742
519.579651
515.460327
514.317749
516.890076
515.348694
507.862091
506.661072
508.678955
512.623657
503.177185
495.494385
490.810760
485.813507
490.244171
479.612091
480.147125
484.513947
484.305359
482.277435
484.553223
479.614014
481.111023
485.511871
487.622375
486.495544
478.014679
473.703278
472.729401
471.636169
467.079620
460.385162
462.622864
466.910675
471.454681
474.011749
470.403839
471.002625
464.874664
467.430450
474.505127
468.204468
466.069519
466.948669
468.570740
470.048950
470.059570
473.222748
474.287476
468.777893
469.435272
469.226990
465.679321
463.692932
460.087524
458.406189
457.293732
458.124268
457.879517
456.072571
454.461151
453.900787
453.334900
453.530396
453.425842
453.570435
453.770844
452.813507
451.372253
452.485840
451.469482
447.297974
443.159607
434.078644
434.637878
435.925964
438.678955
438.772095
438.850067
438.949921
437.749237
437.799316
436.225433
434.810028
436.553802
435.617920
440.244446
439.196289
567.681152
560.969360
547.408386
538.087158
533.261841
528.367676
522.483093
518.817566
547.445190
515.738525
516.778564
539.270020
511.960205
509.323486
515.457031
506.257782
505.563293
503.925842
502.009308
499.232758
497.815094
497.340607
499.925293
495.459900
493.677277
493.788483
493.240784
492.417511
490.991516
489.996582
487.975464
486.119904
484.803894
483.384979
485.238525
481.545197
480.169800
479.100708
478.082947
478.046112
477.285339
475.403931
473.151611
474.348145
473.643707
472.807617
472.194519
471.426392
471.272675
469.464050
469.236633
467.877045
466.476013
466.457123
465.224091
464.310577
463.185974
462.324799
461.798706
461.117615
460.931427
460.177826
459.629700
459.544128
458.452942
457.905609
456.819031
455.376068
454.837067
453.833374
453.397461
453.200317
452.979370
451.591370
452.848450
452.693878
450.248016
451.902557
450.785156
449.690094
449.291382
449.002258
447.617004
446.717041
445.946014
445.338165
444.918304
443.795624
443.851105
443.995270
443.936615
443.929993
443.906067
443.563995
442.890198
442.396301
442.371948
441.681793
440.034454
438.056244
613.626526
858.455566
536.782959
532.222473
534.364502
527.467590
525.326477
523.304077
521.449646
520.474365
518.906250
516.963745
515.219727
518.457520
512.088379
510.510101
508.722046
506.642700
510.903534
503.910309
502.308655
500.473907
498.868317
497.269958
496.101959
494.972626
494.534332
493.973389
491.841064
490.610291
489.389374
488.504395
487.362732
486.181122
484.957520
486.779816
482.922150
482.076172
483.405640
480.219391
479.330475
480.195221
479.216614
476.828094
476.099976
475.168060
474.410187
473.596252
472.740082
472.681580
471.118195
470.001740
469.660767
468.356842
467.515839
467.022034
466.269165
465.705261
465.875854
464.881104
464.090668
463.438110
462.836304
461.931244
461.577484
460.919250
460.094604
459.221619
458.385498
457.604492
457.051483
456.526276
456.017914
455.836578
455.203888
453.791656
454.168243
453.774261
453.224396
452.660614
451.452637
451.956146
451.183807
450.543335
449.899933
449.127045
448.572113
447.863037
447.221252
445.841003
446.730469
446.032349
445.665863
445.232086
444.750854
444.196411
444.011108
442.144348
441.678101
441.185455
69.478271
550.236938
538.805176
635.054626
531.714844
529.681641
533.350891
525.814636
524.008850
522.331970
520.659363
518.880432
517.000061
515.530762
527.649902
512.239136
510.334351
522.113464
506.849335
505.214081
510.241486
502.698944
501.272858
500.269409
498.614716
497.382324
500.631531
494.886719
498.374634
492.704620
491.738983
491.172668
489.560181
488.398438
487.871887
486.337219
485.210907
484.489807
483.293274
482.489136
483.107849
482.387726
480.102203
479.200348
478.360840
478.690216
477.185150
476.700134
475.482513
474.601685
474.021454
473.289246
472.592285
471.572937
471.352234
470.224152
469.472687
468.726868
468.232391
467.359222
466.801941
466.101898
465.398071
465.211029
464.679138
463.256134
463.397919
462.778687
462.086670
461.209839
460.374969
459.687958
459.050323
458.471252
458.172028
457.591614
456.607269
456.457092
455.964661
453.904907
455.041016
454.524445
452.678497
453.422516
452.811646
452.023163
451.480469
450.839142
450.316071
449.563416
449.262634
448.862366
448.331726
446.867706
447.166870
446.800751
446.419312
445.916626
444.484314
444.163025
617.468445
552.635681
540.797607
536.124634
533.706238
545.131165
529.825500
565.676941
526.188660
524.265015
525.712158
520.775146
519.061340
517.633911
515.882507
514.490051
512.812683
511.278198
509.798065
509.606384
506.721466
505.153137
503.647766
502.303375
505.395050
499.493103
498.274780
497.199310
496.147461
494.837280
497.953888
492.538971
491.602936
491.133911
489.474945
488.462921
487.593170
486.586853
485.785431
484.850769
483.510010
483.212738
481.204224
480.709778
481.486877
479.045013
478.414001
478.619385
476.760529
476.031342
475.260895
474.742096
473.700134
473.129089
472.567291
472.084473
470.959686
470.014191
469.398407
468.581726
467.919556
467.313477
466.540161
465.936646
465.262146
464.630829
464.025726
463.000580
462.813660
462.158417
461.443329
460.876648
459.909485
459.420410
458.735199
458.041901
457.550476
456.859253
456.367371
455.828857
455.382629
453.917755
454.267334
453.849182
453.359497
452.821350
452.113678
451.599182
450.924774
449.942200
449.612396
449.154907
448.768768
448.120514
447.795746
446.250885
446.867035
446.244873
444.946228
444.682159
615.111328
553.264221
541.433960
578.451843
534.369873
532.210754
584.507935
528.403687
526.546387
556.440186
522.950012
521.330200
525.549866
517.727234
516.392029
515.015259
513.227112
511.640533
510.163849
508.728058
513.016357
505.974640
504.479553
502.968811
501.361511
500.329224
498.941376
497.906494
496.768372
495.532043
494.419250
493.339722
495.061066
491.353180
490.289001
489.247437
488.159302
488.059753
486.056915
485.084351
484.183533
482.328766
483.582184
481.198517
480.410706
479.614319
479.562286
477.921478
477.095459
476.435394
475.624573
475.690277
473.941010
473.277283
472.401672
471.309143
470.616119
469.844696
469.180756
468.375580
468.046600
466.979462
466.344086
465.657837
465.062622
464.586517
463.887207
463.276428
462.025787
462.005615
461.374451
459.714081
460.035889
459.249512
457.922424
457.870056
457.357239
456.894989
456.261353
455.766602
455.233185
454.730835
454.227600
453.785309
453.203735
451.184357
452.198303
451.835571
449.196655
450.697388
450.250580
449.573639
448.968842
448.413483
447.786407
447.324646
446.895905
446.210236
444.976166
443.461945
618.506897
552.932312
542.100952
537.049133
534.968750
532.885437
531.241089
529.277466
527.448730
525.319580
523.703491
523.758423
519.779419
518.060547
516.345093
515.122681
517.007141
511.896271
510.218842
508.903503
507.559052
506.122650
512.025391
503.395905
501.928864
500.825989
499.131622
497.786713
496.401001
495.181702
495.992981
492.976563
492.016907
494.628174
489.765686
488.818970
490.796722
486.925140
485.864380
485.849060
484.042877
483.152069
482.821198
481.203491
480.006653
478.745453
477.414978
476.964325
475.174103
474.380829
474.417572
473.085510
472.655731
472.620819
471.894043
471.078308
470.489899
469.673553
469.012238
468.499176
467.961914
467.502441
466.737854
466.197754
466.143341
466.132355
466.537109
467.443726
468.116180
468.615051
468.614716
468.791901
469.047211
469.034637
469.950745
470.569550
470.741150
471.098053
470.703064
470.596741
469.788239
468.611084
467.151642
466.666382
466.819763
466.397919
465.030212
462.987244
462.726166
460.916840
460.859375
458.869354
455.273499
449.016754
449.556213
449.766754
450.734344
449.492767
446.561035
450.986816
626.224976
742.098938
554.616760
552.408081
553.054871
553.631775
557.186340
554.997986
552.207031
560.255554
544.016052
538.156616
556.102844
530.351746
528.631836
544.032654
525.274719
524.499573
529.010864
525.347168
522.413757
517.027405
512.516663
509.272247
507.966492
506.663361
508.938721
504.250183
506.134796
506.084259
504.551880
502.803680
500.627930
497.678162
494.516052
493.807404
491.542480
489.546509
490.306091
491.011078
492.302643
490.209229
492.360413
490.247955
486.868530
482.825470
480.752289
478.448730
474.901428
473.063843
472.375763
473.700195
474.317627
471.268188
467.187439
459.863617
472.000153
470.728607
465.747131
465.789917
468.889282
468.335541
463.379700
463.943085
467.014191
468.966705
462.415985
459.240448
457.589813
459.155151
463.398865
468.291931
467.280762
471.588654
469.893311
466.917755
468.994049
467.604492
469.834259
470.583221
467.860504
466.701630
463.190918
464.524536
465.891663
470.426788
470.860870
469.852814
466.913239
467.407867
469.073059
466.054352
465.855042
462.266388
459.847687
457.798004
456.975800
454.866333
451.436768
446.605591
85.920410
551.500732
538.664856
538.745667
530.666565
565.897217
533.310059
524.511658
520.992004
525.864441
526.755981
523.038696
522.290344
520.137939
532.844360
520.902405
520.892761
521.900940
522.662598
532.773560
526.356628
518.136230
510.725769
510.685486
510.696991
515.514221
516.136047
519.876526
515.973328
508.739777
506.428619
501.304016
496.761780
494.787720
495.185425
490.304169
486.357025
480.296875
478.176727
479.121765
474.763031
474.228882
475.747253
477.108246
480.410187
484.246521
485.899017
483.955292
483.022003
484.631256
483.753632
484.616028
485.187531
485.687012
485.818909
490.033936
485.026581
482.063965
482.457642
481.033844
480.482574
479.853546
484.467743
481.828674
476.478760
473.923218
473.964172
474.847748
474.631866
472.838531
467.294922
466.485748
464.603729
462.114838
460.709473
461.951324
459.579712
455.654785
454.262970
453.746307
455.758728
454.314331
452.837860
451.995972
451.386230
457.929443
460.930206
455.907745
453.499237
454.591156
456.990540
455.860443
456.517090
456.465942
458.278931
460.214661
461.554504
464.230164
461.720459
457.080231
627.442139
937.529114
551.764832
546.227783
642.687988
544.170776
537.984863
557.997009
530.545959
525.613464
525.217285
528.067810
529.266846
525.276855
520.989441
523.665039
513.457581
513.477051
524.636414
510.124603
506.415619
510.777405
499.287567
500.720703
499.551025
496.729980
496.717194
497.883759
501.700836
498.556274
500.045288
501.354248
504.153625
502.532196
502.570953
502.954041
499.118896
497.610291
498.285400
495.622406
490.576416
491.972595
498.608551
494.896759
493.915070
491.276978
489.518188
494.374359
492.178802
486.660248
483.924316
477.228668
471.687439
470.513367
471.580505
473.128632
472.430511
472.494537
473.260254
474.070526
475.195496
474.360626
471.962006
470.209961
468.722382
469.622314
468.527191
466.242981
466.958160
469.593414
472.831818
477.205963
474.043701
472.074646
470.779358
467.814880
467.780365
467.869293
465.957214
458.776642
454.447540
455.661316
455.806854
459.382446
462.730743
461.590210
458.178986
456.661926
455.095367
454.218536
453.328979
449.663971
450.285583
452.000977
454.063446
454.454590
454.070404
453.233978
451.592133
450.607117
623.416504
559.018799
545.013916
535.995728
533.223145
532.250061
572.060669
527.998230
530.729553
534.293884
536.286194
543.213928
536.256897
524.104065
518.286926
515.111389
512.023193
510.653931
509.568390
506.701965
510.286713
502.926758
501.758118
502.377014
505.627869
514.611389
511.480042
510.655182
510.140686
507.530823
502.326569
496.954498
491.602448
488.804443
487.845795
485.399567
486.577423
484.562317
481.613251
482.810913
483.469910
482.546478
485.417969
483.551880
481.796967
481.465363
481.369476
480.032898
484.232971
486.109070
487.352936
486.212402
483.790741
479.193878
478.659576
475.334808
474.162933
478.860504
477.181519
475.483368
471.705902
468.649872
466.005066
464.478455
466.847595
468.500031
469.950165
469.319092
468.090851
467.510162
465.384918
459.980621
462.336700
460.161591
460.516418
460.043701
462.512756
464.350403
465.612976
464.776184
462.201385
459.846649
458.230499
455.857941
453.556396
456.875275
456.187805
455.137451
453.054993
452.329590
451.479889
451.303131
450.465027
447.946930
447.771301
449.100769
451.247314
452.085602
452.636292
452.947540
626.192566
564.669739
555.513428
548.010681
541.084900
530.548035
525.133606
561.211487
523.041321
522.833557
551.543030
521.830750
520.934204
529.707642
517.553040
514.520386
512.219482
517.525574
514.099182
508.372986
502.046234
506.161591
505.166595
503.305878
509.095062
502.332184
504.910767
512.965088
513.483215
518.365356
511.683502
503.784912
502.225708
498.160736
494.949127
491.141754
489.479523
488.579285
489.606445
487.830383
485.755890
479.616730
470.305023
479.797821
482.518494
481.301056
478.634705
478.242340
475.339417
474.971497
474.289185
474.041779
475.402954
476.006531
477.489655
477.093506
474.008484
472.432648
469.180359
468.327332
468.095337
468.032898
468.128662
467.815155
468.046051
468.468536
468.806000
469.978607
469.230988
470.201965
469.173462
467.716003
465.418427
463.616882
462.047424
458.707153
459.945343
460.169189
459.869720
459.025360
457.697601
455.400024
453.600403
454.188599
454.555817
451.750488
446.963562
441.269470
441.271057
439.555420
441.943237
446.373871
447.156342
450.565277
451.379791
451.470642
450.653442
450.700592
449.483124
452.640137
86.456604
571.859619
552.904968
563.101807
547.729187
546.565369
548.844299
544.141541
541.303711
536.526123
529.160400
524.294434
532.371826
518.643860
516.443787
514.123230
510.272308
507.692291
496.401184
497.020813
498.532959
498.372498
497.350952
499.083344
505.171722
504.447540
505.811798
502.615051
500.185028
496.919220
494.461761
492.158722
489.205719
486.866730
489.643188
486.041779
485.021393
488.147644
487.593353
490.567169
490.074860
487.053375
484.563324
483.032990
482.223633
481.881775
479.072266
477.740967
478.641632
476.070892
475.514404
480.120728
480.031250
477.480408
475.892212
476.866974
479.319336
480.069061
472.474152
471.204437
472.680023
471.677948
470.244995
469.753448
466.250671
464.225403
463.925781
462.673950
462.195679
461.915863
462.124207
462.645935
462.982483
463.400360
463.119141
463.115326
463.578613
460.052826
459.697357
461.325073
463.468384
462.138794
458.788116
458.422089
456.488739
455.917572
456.953186
455.202332
451.399841
449.418640
446.639984
443.770111
442.075989
442.428772
442.154266
438.958313
437.565552
438.435394
436.480255
433.588470
613.294495
554.177734
728.153320
542.127380
539.939636
550.773682
532.207825
527.488708
524.637329
522.504944
521.582214
520.088135
512.209900
527.130432
515.028381
515.645020
530.325012
515.652649
515.601074
523.919128
515.167786
515.666138
513.469543
509.975372
507.289948
504.004303
499.468903
505.394928
502.655548
501.814331
502.826447
501.749329
499.676483
496.510437
493.451660
490.065460
486.219788
484.014038
480.104340
479.982208
475.335907
474.138031
479.758209
477.846436
475.005219
472.264099
470.034637
468.313904
467.206421
468.592224
470.333923
471.123108
470.704376
469.780121
470.670715
470.073273
464.985138
465.523163
467.991180
472.830688
476.100250
475.117706
471.906647
468.509521
464.604248
463.024353
460.826965
452.858124
451.482849
450.713196
448.280579
447.876068
450.671692
458.284729
458.601959
460.097168
461.824860
464.097626
463.028870
462.038086
459.075165
452.767731
452.619080
453.719238
454.663971
454.506927
452.449127
445.486450
445.644379
447.643127
446.485901
444.147186
440.995697
441.971893
440.757904
442.977905
445.226227
445.373566
445.043579
445.985931
627.461914
560.061096
550.269592
550.332886
586.606201
540.091003
541.448853
536.299805
526.272949
529.433167
518.910400
522.187622
526.993774
521.546570
519.167786
523.903198
517.507996
518.282715
522.821411
511.872986
507.370392
506.685455
510.534302
509.765533
501.344177
501.802124
501.184235
496.494873
493.020752
496.802368
495.428925
492.114838
490.175507
483.853210
480.170441
479.101379
476.592804
476.261536
486.888641
484.518250
482.537262
476.283264
475.114716
480.392914
479.600891
478.849274
479.409363
481.266998
477.049652
474.559967
474.998230
478.372437
482.731537
487.473969
498.987732
489.121277
483.910919
482.129303
479.671082
477.041229
474.078552
472.153168
472.034485
472.163116
472.623627
471.626770
466.374359
463.869171
463.217407
463.086609
456.827148
449.432587
448.029541
446.522125
450.087280
454.377686
457.607056
459.723145
460.247406
459.514740
454.940704
453.504456
452.013000
452.552155
453.039825
452.333038
452.048218
450.269043
445.492584
446.312134
446.424988
448.208130
451.642792
450.459320
440.539795
439.623444
440.759979
448.155182
445.009338
444.549683
615.515625
554.296570
581.244934
551.179932
542.929504
600.841187
539.666992
537.917480
572.520081
534.483887
530.069763
534.725220
519.372192
515.740295
511.990082
509.074554
511.154572
510.917236
506.549164
511.225739
507.215363
506.776917
515.302124
505.404999
504.219604
500.165588
497.518768
494.059235
490.588684
489.818848
486.921112
487.737976
490.118103
493.104126
495.254517
494.917572
495.557678
490.921478
490.426331
489.022888
488.262665
485.216644
481.430603
480.372284
481.773773
483.273132
481.406311
478.803436
475.699768
469.442352
467.983246
466.895111
463.696350
453.939026
451.914368
452.667145
456.999786
459.494171
461.741669
462.172302
460.698914
460.629395
458.067291
455.242828
459.949432
462.020721
462.678375
466.925873
465.131042
459.323120
457.801331
457.920349
456.241913
453.850067
455.177460
456.197235
456.858948
455.638397
456.006500
455.070129
451.600189
450.986481
449.403137
452.148865
451.585938
452.347107
451.613617
450.873474
445.116638
442.215485
442.124176
441.753540
443.014099
442.659302
438.615509
434.395355
433.674927
434.432770
433.785217
437.458282
615.651550
579.398071
541.001526
535.950378
532.320923
528.788269
531.111816
532.692932
531.646057
530.485718
537.926514
523.428894
520.184265
511.383911
506.737335
509.942657
501.164948
495.345764
492.806244
493.066284
494.312897
500.771606
496.211792
495.376404
493.710266
492.947357
491.365509
490.590729
491.124420
496.453796
494.878601
494.785095
495.172058
488.735748
484.693268
481.667572
472.315521
475.145538
477.247528
474.505798
473.839569
474.343719
476.629333
472.839417
470.684875
467.984528
465.946503
456.861206
456.150879
457.628387
456.239746
465.057159
465.256042
461.570007
460.026550
458.805695
457.967682
456.217438
455.027374
452.585388
450.274292
452.133209
456.618042
458.432831
460.352325
460.236023
463.106812
462.179779
461.923218
461.733643
463.988892
470.657959
469.615265
469.331085
471.349609
467.605804
450.556061
445.786591
447.356232
443.719299
440.798279
439.058685
438.710022
440.851532
448.208008
450.786407
447.382263
447.709534
447.364471
444.428925
443.381683
444.202545
444.333191
442.673889
440.897583
441.241272
442.211182
439.093933
441.723907
438.891937
96.567123
544.015381
531.495789
535.612183
528.799988
535.533875
538.213867
531.950684
528.289246
525.700256
525.188599
531.056885
522.010803
519.295959
516.248840
512.542664
507.657654
503.616638
500.795258
497.045746
492.377350
488.477783
485.827637
493.274475
491.264404
498.413269
496.239044
495.572937
493.517548
489.171600
488.018311
484.447327
479.258606
477.339539
473.991547
473.644226
475.681580
475.845642
474.030487
475.391449
473.023743
473.254425
477.550690
475.431183
474.793030
477.070343
479.289185
481.399139
484.430817
481.921783
472.783539
468.277496
465.788940
465.067810
464.316071
463.751190
466.041962
469.648804
466.387939
462.470398
461.166565
459.972321
459.871552
458.015900
453.942993
452.015137
453.738525
455.007599
453.125488
449.490417
448.635437
447.956146
447.955261
447.641083
450.285797
448.307312
443.726746
444.520233
446.303131
445.718811
446.349854
445.851501
447.107819
447.907379
447.934143
447.485657
446.996307
446.376251
446.222443
447.743317
448.763885
452.543030
453.249847
452.236328
451.675995
451.992706
453.061768
452.441315
450.065002
448.923828
625.026184
564.691711
559.659851
544.923584
601.141235
539.161011
536.122986
531.165283
522.611084
509.815521
510.330536
509.196014
508.168091
519.855896
506.596344
507.724365
508.251312
508.225372
504.990631
500.443878
496.993103
499.371643
494.944214
496.313263
502.146820
495.755096
495.256042
497.603882
492.083405
491.557678
489.233429
484.702423
482.314545
482.270111
482.444733
483.131592
481.698883
481.049683
482.579193
481.348145
479.372803
478.229218
477.524384
476.921295
478.346802
477.691406
473.940430
470.425812
466.873474
463.757141
462.182373
462.146484
464.778839
463.893677
462.966919
462.335266
461.050476
459.606659
461.064728
461.564850
459.100952
458.160400
457.759277
457.547241
456.449677
454.106720
452.415833
451.175751
452.080292
453.366699
455.061859
454.639191
452.221527
451.023834
450.574799
453.458984
454.650146
456.141937
458.317291
458.919800
460.359039
460.595856
460.884430
459.638397
463.648315
468.003387
472.360168
476.426788
471.499237
463.901855
462.265411
460.404236
454.270599
447.597290
446.342194
450.894501
451.738953
450.470978
450.622131
452.454529
178.596298
575.443848
565.386414
690.300903
556.425903
550.829407
588.021912
538.889343
535.005005
534.581360
529.393494
526.554504
524.084412
520.383850
512.953613
506.990143
498.420166
493.257019
484.591278
482.372467
483.835632
485.178650
485.292938
482.073181
482.023895
481.290985
480.624237
480.966919
476.898163
476.308289
475.042419
476.428253
473.062988
471.208893
468.322723
466.435028
460.645050
461.383362
461.603180
462.740417
463.549225
462.190704
460.690308
458.692871
458.383575
457.958893
462.090088
458.490417
458.229706
455.424011
454.308014
454.274017
452.143951
451.833588
450.671753
448.661224
447.642761
447.009888
447.130402
447.227478
447.605316
447.017792
446.559845
445.537628
444.949310
443.120636
443.365295
442.658142
440.493927
440.803802
439.535217
438.660034
438.677185
438.346436
437.656616
437.710541
436.468964
435.823853
435.198944
434.293396
434.275452
433.710571
430.666992
432.233948
431.533234
430.940186
430.007019
429.896118
429.317596
428.631470
428.284393
425.833893
427.007233
426.850159
426.156708
426.051727
425.441956
424.564484
423.868774
422.491669
602.198853
536.005188
523.545837
518.456970
515.366272
553.664612
510.913452
509.216034
507.335449
505.757538
524.813293
501.535431
499.337189
499.479858
495.898743
494.685577
491.986694
489.395966
488.308685
492.069092
485.515961
484.326721
482.836426
481.526825
479.836273
480.091614
478.249512
479.054688
475.723846
473.896729
476.613800
471.630035
470.977173
472.418549
468.331696
467.214722
466.351410
465.800598
463.992859
463.658905
462.839630
462.031647
461.416443
460.442535
460.228760
458.341492
457.273865
456.425354
455.503571
455.069824
454.342102
453.035797
452.447449
451.664978
451.146637
450.988953
449.210785
448.887756
448.233063
447.838593
447.017029
446.288239
445.427368
444.217682
443.968567
443.530090
442.789124
442.131134
441.637817
441.151276
439.846802
439.322083
438.808350
438.134125
437.980072
436.703339
436.432526
435.317108
435.609863
433.819275
433.611053
432.986481
432.734344
431.714905
431.288940
431.026062
430.858185
430.323303
429.727448
428.856018
428.248718
427.776245
425.088776
426.044830
425.586212
422.615692
424.722687
423.560211
421.328278
421.750153
601.971191
535.669495
521.867615
517.832703
514.786438
512.266785
528.122070
508.452240
506.221985
534.202515
502.882050
501.306488
518.143005
497.657959
496.130371
497.808746
492.483429
491.237305
489.480896
488.127197
486.653015
487.085571
483.372589
485.496918
480.694366
479.403687
477.992828
476.981384
476.413513
474.445862
473.393188
472.635590
471.666107
470.734985
469.765991
468.876190
467.098724
466.154449
465.116547
464.127991
463.307281
462.009949
460.507843
460.923004
459.670990
459.071014
459.120636
457.520813
456.297546
456.013275
455.102875
455.022125
453.535004
452.447052
451.318390
450.498322
449.912201
449.130707
448.928528
447.958374
447.076599
446.575531
446.081207
445.465393
444.858521
444.035187
443.124542
442.588318
441.446075
440.923431
440.110474
439.373688
439.254089
438.519928
436.740753
436.976990
436.660950
435.741028
435.702118
435.182465
434.521851
433.847290
433.729126
432.717590
432.100403
429.689606
430.698975
430.403412
429.481506
429.253845
428.917480
428.437286
428.394012
427.192932
426.793488
426.064453
425.803284
423.705963
423.983459
423.547943
611.015930
535.034485
610.233826
517.894348
515.422913
513.593506
511.066010
509.118988
506.943970
505.186066
503.383392
515.309082
499.530853
497.997314
496.254059
494.463074
492.651398
490.931854
488.915649
490.392090
486.340118
484.858002
490.982452
482.167450
481.142700
483.626343
478.913605
477.454773
476.821747
475.103729
474.079529
472.804016
471.770294
472.045868
469.947021
468.655548
470.657318
467.194794
466.342987
467.703888
464.672058
463.619293
464.246185
462.848358
461.889496
461.063995
461.280151
459.518097
458.523804
456.691589
457.069031
456.022888
455.326538
454.601135
453.389893
452.890564
451.962372
451.543213
451.207184
450.099121
449.466736
448.518768
447.751129
446.932312
446.295319
445.122803
444.584137
444.344696
443.983856
443.390350
442.327850
441.968018
441.106476
440.852539
439.922974
439.876740
438.610657
438.084900
437.496887
436.670166
436.364624
435.147766
435.213165
434.427582
433.871918
434.240479
433.554565
431.355591
432.614227
430.903809
430.584808
429.984650
429.938416
428.721924
428.153778
427.873169
427.178925
426.951935
424.240326
425.483887
602.421204
931.512085
525.029968
520.244690
577.458252
515.350891
513.648376
513.669678
509.594513
507.736023
505.948212
504.476318
506.896149
501.871552
499.582611
510.487335
496.663635
494.971558
493.752228
492.035980
490.473419
489.064789
487.571198
486.074738
484.684235
483.743622
482.414917
482.664856
480.845428
482.852478
478.594421
477.344910
476.398285
474.938599
473.931335
472.835205
471.680939
470.824036
471.362335
468.468262
467.804840
467.696228
466.540680
465.098785
464.530273
463.190002
463.105103
461.805450
461.109863
460.212585
459.522522
458.769287
458.364227
457.295227
456.541168
454.870605
454.594208
453.755768
453.060120
451.874329
451.958099
450.850159
449.991089
448.933014
449.076141
448.228088
447.021545
447.320435
446.637665
445.859314
445.132751
444.408020
443.628479
443.180084
442.426147
441.711426
441.446045
439.895294
440.150604
439.263214
437.512146
438.458801
438.387573
437.706360
437.120728
436.427216
435.856323
435.197876
434.366028
432.740631
433.410919
432.924591
433.131378
432.056244
431.363312
431.138611
430.987946
430.480225
428.975708
429.014771
604.081604
539.523682
527.335815
570.680176
519.616333
517.464417
515.726563
514.180969
536.828857
510.189026
508.415924
507.439117
504.809845
503.390686
501.298828
499.815826
497.808167
499.481934
494.234436
492.801147
491.318726
490.023956
488.663818
487.388275
485.903595
488.584961
483.534912
482.437042
486.073181
480.219238
479.172394
480.803955
476.623596
475.533936
474.873383
473.349823
472.590393
471.408112
470.486572
470.225067
468.706177
466.712860
467.305084
466.228790
465.395844
465.423584
463.341675
462.739532
461.163177
460.539764
459.664612
459.104340
458.279297
457.706726
457.197571
456.275818
455.836273
454.993622
454.200958
453.577271
452.860931
452.316284
451.303375
450.723450
449.678345
448.896667
448.580048
447.725128
447.562042
446.803436
446.210327
445.400665
444.933868
444.233002
443.636658
443.156677
442.639282
441.860321
441.124847
439.157867
439.907288
439.427246
438.822083
438.073151
437.795197
437.326660
436.417633
435.618134
435.491516
434.795197
432.577545
433.929779
433.025391
430.281982
431.912476
431.256287
430.326385
430.357605
428.921265
428.721100
603.431091
539.304993
527.030701
522.787292
569.965881
518.166260
515.987305
557.810913
512.347717
510.290833
529.335571
506.598755
504.941376
504.577423
501.256531
499.821777
508.986176
496.813293
495.489838
494.126770
492.508789
492.881073
489.473907
488.155090
486.372223
485.547211
484.152435
482.998901
481.851440
480.813843
482.576721
478.722015
477.776428
476.456604
475.417328
476.252930
473.164551
472.022095
471.226135
469.997345
469.270355
468.689331

