9.793324
3.984958
1.800698
0.538352
-0.335674
-0.973398
-1.548921
-2.008728
-2.990098
-2.712752
-3.017790
-3.273638
-3.517996
-7.476222
-3.925858
-4.088300
-4.316937
-4.409501
-4.521148
-8.373860
-4.754281
-4.858517
-5.081940
-5.053136
-5.129497
-5.218199
-5.276062
-7.528435
-5.385600
-5.456412
-5.511218
-5.590830
-5.618167
-9.020053
-5.712744
-5.735719
-5.984834
-5.823971
-5.847260
-5.893404
-5.920082
-6.968701
-5.980501
-6.012250
-6.022803
-6.055405
-6.060340
-6.078643
-6.091399
-6.114543
-7.179841
-6.157300
-6.171488
-6.175042
-6.214658
-6.455580
-6.204304
-6.216165
-6.246257
-6.251966
-6.259922
-6.272706
-6.262193
-6.291620
-8.133117
-6.302218
-9.051571
-6.307281
-6.302680
-6.323239
353.685364
-6.299141
-6.322547
-6.335802
-6.333973
-6.333244
-6.341719
-6.330859
-9.569070
-6.338139
-8.126444
-6.558656
-6.330729
-6.331276
-6.325530
-6.332069
-6.334086
-6.337093
-6.335863
-6.319655
-6.334066
-6.328431
-6.315724
-6.314665
-7.060059
-7.863618
-6.304505
-6.288447
-4.899654
-4.863348
9.608677
3.984958
1.815369
0.554089
-0.319882
-0.976690
-1.526053
-2.004377
-2.590812
-6.334364
-3.018636
-3.283310
-3.644915
-3.737117
-3.914452
-4.080165
-4.265752
-4.406161
-4.507095
-7.526070
-4.756248
-4.844345
-4.959229
-5.030977
-5.131654
-5.198979
-6.051067
-5.345267
-5.384102
-5.462653
-5.511613
-5.584960
-5.617814
-7.166076
-5.696035
-5.733301
-5.786239
-5.817260
-5.855101
-5.880291
-7.529309
-5.942168
-5.933236
-6.008131
-6.028493
-6.041335
-6.056242
-6.622504
-6.093359
-6.113662
-6.136099
-6.152089
-6.161967
-6.186353
-9.228137
-6.208225
-6.214590
-6.351170
-9.509682
-6.247253
-6.261493
-6.351772
-6.262835
-6.295431
-6.295018
-6.297027
-6.309551
-6.302541
-6.309920
-6.316081
353.687286
352.447235
-8.438047
-6.339135
-6.351431
-6.322753
-6.337826
-6.324903
-6.342406
-6.337920
-6.345171
-6.330200
-6.318668
-6.337792
-6.323727
-8.933634
-7.331191
-6.330694
-6.392526
-6.294255
-6.327072
-6.327447
-6.314249
-6.294967
-6.311921
-6.305208
-6.306916
-6.285156
-4.910344
-4.839859
42.211945
3.943403
0.922595
0.554868
-0.282166
-0.933072
-1.497312
-1.970042
-2.362083
-2.698143
-3.003433
-6.571937
-3.539525
-3.691485
-3.907335
-4.070903
-5.662908
-4.389673
-4.522049
-4.647326
-4.752064
-4.849481
-4.946344
-5.038326
-5.138026
-6.840893
-5.260777
-5.341955
-5.400743
-5.470959
-8.195856
-5.562101
-5.614828
-5.691644
-5.707645
-5.734313
-5.787873
-5.830214
-5.851577
-6.451175
-5.918064
-5.897151
-5.885807
-6.003930
-6.013268
-6.054012
-6.065196
-10.019389
-6.085559
-6.113157
-10.330437
-6.149562
-6.168914
-7.432746
-6.207254
-6.206948
-6.211462
-6.221820
-6.235520
-6.250490
-6.262026
-9.113504
-6.259953
-6.290951
-10.555553
-6.290074
-6.297953
-8.815546
-6.309537
-6.308172
353.660675
-6.302461
-6.329883
-6.318644
-6.329247
-7.784646
-6.327430
-6.318947
-6.573991
-6.337332
-6.338382
-6.333014
-6.326221
-6.324201
-6.329956
-6.330512
-6.330623
-8.282052
-6.329600
-6.307027
-6.324770
-6.326962
-7.015286
-6.303115
-6.316606
-6.308453
-6.323165
-6.296029
-4.911197
-4.865875
9.461897
2.699995
1.847785
0.554991
-0.269612
-0.959082
-3.932357
-1.974686
-2.345267
-2.706885
-2.990319
-3.248852
-3.499445
-3.688309
-3.900129
-4.286847
-4.221711
-4.391066
-4.512429
-4.613592
-6.023090
-4.844935
-4.936573
-9.566878
-5.104447
-5.195950
-9.511351
-5.347920
-5.390016
-6.235357
-5.526532
-5.576689
-5.617171
-5.675897
-5.698787
-5.748978
-5.788168
-9.360678
-5.843296
-5.885912
-10.346971
-5.884126
-5.894621
-7.940808
-6.004143
-6.046362
-6.057765
-6.087509
-6.095859
-6.119195
-6.140368
-8.936983
-6.172807
-6.184188
-6.252614
-6.196852
-6.203143
-6.226396
-6.239564
-6.239193
-6.244950
-6.258636
-6.264980
-7.450089
-6.286002
-6.282110
-6.286765
-6.296927
-6.638029
-6.308923
353.680542
-6.295589
-6.326221
-6.318781
-6.329097
-6.326619
-6.334329
-6.667164
-6.345603
-6.335392
-6.353846
-6.339256
-7.677971
-6.349595
-6.324028
-6.303314
-6.343594
-6.328092
-9.177421
-6.328146
-6.336866
-6.356838
-6.324993
-6.319664
-6.315458
-6.316300
-7.890714
-6.288748
-4.924926
-9.014102
9.406612
3.958184
-3.826476
0.571574
-0.288300
-1.543691
-1.518759
-1.997560
-2.358231
-2.700957
-3.012032
-3.272662
-3.523085
-8.100781
-3.896454
-4.082822
-9.119995
-4.401438
-4.515561
-6.295413
-4.763979
-4.844604
-4.958444
-5.047829
-5.120968
-5.209205
-5.272021
-7.851385
-5.396400
-5.461133
-5.540129
-5.580635
-5.625434
-5.663415
-5.711330
-5.740143
-5.796870
-5.824057
-5.839423
-6.591170
-5.916042
-9.268679
-5.983144
-6.005645
-6.204097
-6.057010
-6.058100
-6.075099
-6.102321
-6.108744
-9.594224
-6.149118
-6.155390
-6.299324
-6.192030
-6.202037
-6.199154
-6.218214
-7.286742
-6.242431
-6.254799
-6.254456
-6.275211
-6.292794
-8.679095
-6.297410
-6.292393
-6.302787
-6.298445
-6.317147
353.688416
-6.304906
-8.208253
-6.336758
-6.337239
-10.519359
-6.341787
-6.337471
-9.715249
-6.342086
-6.340745
-6.657188
-6.340893
-6.345060
-6.313004
-6.333271
-6.346674
-6.333358
-6.346559
-10.023702
-6.334298
-6.332706
-10.408995
-6.322370
-6.327487
-7.649103
-6.331047
-6.291651
-4.922740
-4.875574
9.498110
2.458356
1.863030
-2.578291
-0.310170
-1.001757
-1.525521
-1.989583
-2.370422
-2.699932
-3.010877
-3.272723
-3.511760
-3.717788
-3.914998
-4.655124
-4.241095
-7.957972
-4.508570
-4.624452
-4.975903
-4.842483
-4.961684
-5.032000
-5.129533
-5.196259
-8.756269
-5.349448
-5.386705
-5.535774
-5.499666
-5.572372
-5.617795
-5.660148
-6.763680
-5.746884
-5.784793
-5.816509
-5.850252
-5.881637
-8.157283
-5.908881
-6.007756
-6.005276
-6.035739
-6.048827
-6.052062
-6.080351
-8.137389
-6.108540
-6.132144
-10.480393
-6.166154
-6.178600
-9.571983
-6.199913
-6.214468
-6.517909
-6.242788
-6.258974
-6.270427
-6.277446
-6.277985
-6.295226
-6.289621
-7.057036
-6.304387
-6.304099
-6.305794
-6.312256
353.680542
-6.312747
-6.325716
-6.327032
-6.333782
-6.330089
-6.331392
-7.372135
-6.341874
-8.364861
-6.356209
-6.342275
-6.349335
-6.347068
-6.327703
-6.338694
-6.333731
-6.350385
-6.332920
-6.304801
-6.334831
-6.606966
-6.325150
-9.418726
-6.303239
-6.322243
-6.502321
-6.283290
-4.901560
-4.864741
9.406612
3.936860
-2.819925
0.554253
-0.313134
-0.990842
-1.495960
-1.971544
-2.352876
-2.706141
-4.369921
-3.292511
-3.525079
-3.714769
-3.907013
-4.080643
9.607374
3.832450
1.693507
0.471100
-0.389889
-1.062377
-1.582985
-2.072349
-3.008947
-2.758713
-3.075347
-3.344215
-3.566004
-7.588022
-3.954101
-4.098046
-4.364757
-4.438724
-4.553338
-8.467909
-4.782642
-4.885748
-5.103891
-5.051490
-5.134442
-5.221197
-5.293099
-7.623602
-5.404315
-5.469261
-5.529076
-5.580176
-5.616091
-8.848913
-5.719465
-5.747095
-5.949941
-5.824803
-5.862212
-5.894048
-5.923451
-6.982193
-5.957915
-5.995759
-6.021430
-6.047871
-6.057688
-6.082446
-6.104735
-6.111826
-7.045163
-6.138218
-6.164196
-6.172785
-6.184831
-6.533455
-6.214506
-6.229611
-6.239101
-6.249863
-6.253974
-6.254289
-6.274545
-6.266746
-8.045977
-6.274716
-9.178547
-6.294445
-6.303001
-6.317710
353.705688
-6.313569
-6.307821
-6.310922
-6.316872
-6.324614
-6.323015
-6.323166
-9.620679
-6.321691
-8.258844
-6.581822
-6.324353
-6.310396
-6.327649
-6.295322
-6.310229
-6.329087
-6.310796
-6.314123
-6.317877
-6.282165
-6.297159
-6.280629
-7.194739
-7.893937
-6.281148
-6.277365
-4.878269
-4.839282
9.292202
3.865344
1.723505
0.471237
-0.389766
-1.088031
-1.597465
-2.067015
-2.741128
-6.593680
-3.061209
-3.334148
-3.736861
-3.766633
-3.942660
-4.105382
-4.275178
-4.427065
-4.533766
-7.828719
-4.778500
-4.875718
-4.991766
-5.069697
-5.133695
-5.221631
-6.377779
-5.362523
-5.416562
-5.485944
-5.525980
-5.593698
-5.620438
-7.470090
-5.726686
-5.757249
-5.805868
-5.824547
-5.853971
-5.898146
-7.813026
-6.019437
-6.116372
-5.992548
-6.038745
-6.050910
-6.070215
-6.812962
-6.110533
-6.125937
-6.139814
-6.154658
-6.160610
-6.170790
-9.456266
-6.215182
-6.208414
-6.439722
-6.227463
-6.246107
-6.248920
-6.420617
-6.261144
-6.268030
-6.286574
-6.289333
-6.290865
-6.281987
-6.313425
-6.289515
353.706635
352.224915
-8.803436
-6.303517
-6.286723
-6.325598
-6.325037
-6.319587
-6.312149
-6.328056
-6.315943
-6.309817
-6.316949
-6.287200
-6.300397
-9.101110
-7.681935
-6.314689
-6.401228
-6.303441
-6.302386
-6.291720
-6.280002
-6.292145
-6.292951
-6.280953
-6.283122
-6.260740
-4.883781
-4.840621
60.514576
3.878663
0.813341
0.455514
-0.373934
-1.050124
-1.568874
-2.024777
-2.438223
-2.731625
-3.037037
-7.501007
-3.558463
-3.747823
-4.028099
-4.113940
-6.009227
-4.429906
-4.556210
-4.651578
-4.760253
-4.870195
-4.972785
-5.057658
-5.143796
-7.508034
-5.281257
-5.367315
-5.409980
-5.476768
-8.563870
-5.587867
-5.615899
-5.776605
-5.710042
-5.748324
-5.798626
-5.832361
-5.862164
-6.924379
-5.921440
-5.976475
-5.868706
-6.004125
-6.008890
-6.039572
-6.060776
-9.792325
-6.100746
-6.103043
-10.413383
-6.142719
-6.155993
-7.768734
-6.181689
-6.207634
-6.199111
-6.220336
-6.230277
-6.232596
-6.252553
-8.663843
-6.272838
-6.261049
-10.538736
-6.265619
-6.292300
-9.255443
-6.314695
-6.310388
353.576294
-6.307667
-6.309160
-6.311714
-6.332130
-7.381736
-6.317906
-6.312798
-6.813581
-6.323139
-6.323442
-6.308874
-6.325678
-6.323018
-6.310738
-6.300417
-6.322980
-9.403403
-6.322776
-6.296596
-6.324107
-6.289227
-7.470025
-6.282979
-6.299193
-6.287825
-6.282453
-6.265822
-4.898671
-4.829494
9.265864
2.012956
1.733149
0.504527
-0.370669
-1.035070
-4.896200
-2.028520
-2.387154
-2.793739
-3.032966
-3.288474
-3.543539
-3.739381
-3.928515
-4.935346
-4.275117
-4.420644
-4.536925
-4.663193
-4.758029
-4.860196
-4.981569
-9.219617
-5.133101
-5.214916
-9.809413
-5.339108
-5.413853
-6.888222
-5.524397
-5.588374
-5.615402
-5.681488
-5.723799
-5.739745
-5.807724
-8.602168
-5.850481
-5.891312
-10.356421
-5.981714
-5.994788
-8.825529
-6.015146
-6.038363
-6.146652
-6.081094
-6.091593
-6.093610
-6.123313
-7.455652
-6.138050
-6.148879
-6.545390
-6.193455
-6.206378
-6.191417
-6.218678
-6.226846
-6.232691
-6.248292
-6.250858
-9.082546
-6.274280
-6.261234
-6.285088
-6.286932
-7.221320
-6.288012
353.716797
-6.301615
-6.285992
-6.297124
-6.313921
-6.314164
-6.314751
-7.598335
-6.301671
-6.309792
-6.302706
-6.301129
-8.544766
-6.304904
-6.310669
-6.315963
-6.322857
-6.286678
-6.292075
-6.300415
-6.295939
-6.718040
-6.289708
-6.280943
-6.285253
-6.271849
-6.281832
-6.255304
-4.868106
-8.742080
9.211210
3.838898
-5.078489
0.486905
-0.383086
-2.446023
-1.581920
-2.013411
-2.413197
-2.748277
-3.020795
-3.295926
-3.537303
-7.234354
-3.916172
-4.115607
-9.211535
-4.420613
-4.550414
-7.441201
-4.759911
-4.863191
-5.021048
-5.041993
-5.116160
-5.199013
-5.291935
-6.946026
-5.403892
-5.472799
-5.800714
-5.591761
-5.600266
-5.661795
-5.706295
-5.742761
-5.791964
-5.815207
-5.838802
-8.044004
-5.907281
-5.901006
-5.825191
-5.980178
-6.891794
-6.026519
-6.052819
-6.065125
-6.090275
-6.085509
-6.115055
-6.127904
-6.136301
-7.140308
-6.171458
-6.177431
-6.187828
-6.198261
-8.348686
-6.203609
-6.217077
-6.236120
-6.229192
-6.246474
-6.249896
-6.243352
-6.260444
-6.500854
-6.255218
-6.257508
353.753937
-6.263940
-6.256199
-6.245912
-6.252176
-10.187987
-6.271475
-6.282759
-10.262060
-6.275313
-6.268241
-7.304770
-6.271501
-6.275234
-6.257271
-6.267783
-6.255116
-6.263933
-6.247917
-9.216605
-6.250484
-6.248314
-10.413045
-6.222340
-6.256197
-8.587283
-6.223447
-6.200171
-4.857143
-4.796989
9.265864
3.906407
1.761126
-4.099895
-0.395681
-1.024961
-1.776867
-2.008815
-2.396463
-2.718832
-3.031798
-3.297278
-3.527065
-3.739811
-3.912853
-6.110070
-4.268895
-4.402647
-4.527718
-4.662360
-5.532474
-4.858017
-4.958941
-5.050097
-5.119729
-5.201073
-5.282793
-5.346536
-5.406688
-6.180742
-5.509927
-5.582985
-5.605844
-5.662859
-7.724826
-5.733663
-5.801036
-5.823775
-5.853562
-5.897159
-9.494777
-5.996532
-6.001081
-6.119432
-6.026238
-6.045623
-6.056446
-6.097896
-7.316923
-6.148982
-6.155066
-10.337036
-6.178976
-6.194177
-10.186878
-6.219376
-6.246321
-7.038661
-6.255494
-6.279657
-6.294354
-6.301799
-6.322957
-6.338613
-6.351407
-9.484783
-6.361626
-6.357051
-10.614450
-6.368704
353.622681
351.526611
-6.367217
-6.373131
-6.367838
-6.370691
-6.366196
-6.388545
-6.376899
-9.075691
-6.382838
-6.398801
-6.496638
-6.417001
-6.406975
-6.395876
-6.425850
-6.404328
-6.401884
-6.399097
-6.380203
-7.535962
-6.358166
-6.339662
-6.354914
-6.343012
-6.643764
-6.310478
-4.947944
-4.901785
9.688641
4.144002
1.980607
0.683109
-0.218397
-1.299849
-1.451217
-1.908233
-2.329732
-2.684442
-4.286005
-3.246817
-3.490851
-3.714608
-3.889501
-4.077904
-7.500237
-4.404170
-4.528278
-4.668397
-4.757009
-4.868649
-4.974715
-5.065536
-7.353222
-5.228276
-5.311759
-9.973600
-5.421594
-5.489454
-9.028437
-5.618888
-5.637371
-5.833716
-5.747724
-5.786857
-5.842652
-5.865870
-5.889591
-5.926703
-5.959170
-10.084620
-5.945874
-6.047155
-10.255266
-6.102853
-6.118949
9.994324
4.091499
1.895766
0.620064
-0.276987
-0.964533
-1.528395
-1.979734
-2.915030
-2.680063
-3.032528
-3.273159
-3.522102
-7.487577
-3.935913
-4.115111
-4.339723
-4.414431
-4.545194
-8.386106
-4.769091
-4.883958
-5.095481
-5.075171
-5.166385
-5.219968
-5.311346
-7.603648
-5.433509
-5.492914
-5.546238
-5.611818
-5.660892
-8.117497
-5.754603
-5.769979
-5.887009
-5.853140
-5.887718
-5.931534
-5.961172
-7.089834
-5.983448
-6.034366
-6.080591
-6.087700
-6.103844
-6.138525
-6.151587
-6.165197
-6.767620
-6.206311
-6.212937
-6.231822
-6.263440
-6.519691
-6.270766
-6.293325
-6.305814
-6.305267
-6.312705
-6.320734
-6.344646
-6.336971
-7.695542
-6.362152
-9.062117
-6.372694
-6.378206
-6.401781
353.603638
-6.403085
-6.406905
-6.415795
-6.426285
-6.411304
-6.420045
-6.416935
-9.200952
-6.410538
-8.194802
-6.486917
-6.424878
-6.425629
-6.425840
-6.412525
-6.422085
-6.423751
-6.427278
-6.419561
-6.418970
-6.411864
-6.425160
-6.411302
-7.139381
-7.539592
-6.417425
-6.380252
-5.010872
-4.949735
9.684088
4.124707
1.919863
0.603630
-0.298515
-0.969738
-1.513915
-1.989658
-2.575160
-5.868566
-3.021293
-3.269183
-3.588956
-3.733405
-3.918059
-4.107721
-4.260623
-4.411125
-4.533435
-7.424532
-4.769091
-4.868785
-4.973155
-9.182904
-5.142906
-5.231471
-5.862945
-5.376158
-5.443659
-5.490313
-5.564871
-5.608256
-5.651896
-7.058863
-5.737928
-5.771092
-5.827228
-5.858365
-5.883450
-5.937555
-7.408923
-5.976152
-6.030983
-6.045949
-6.086246
-6.093397
-6.116090
-6.589905
-6.157994
-6.178591
-6.182792
-6.217410
-6.208662
-6.231576
-9.155547
-6.262016
-6.277610
-6.390765
-9.434615
-6.297303
-6.322514
-6.366373
-6.342173
-6.336220
-6.359981
-6.367438
-6.381145
-6.371082
-6.392618
-6.383518
353.614441
352.345062
-8.399230
-6.397203
-6.410453
-6.401769
-6.412805
-6.408111
-6.395424
-6.410730
-6.411235
-6.402590
-6.406082
-6.412857
-6.408546
-9.088306
-7.320924
-6.414572
-6.493428
-6.399487
-6.415159
-6.392699
-6.405469
-6.389206
-6.400935
-6.383241
-6.387666
-6.372110
-4.997102
-4.941265
38.245235
4.239946
0.764578
0.669979
-0.242426
-0.922296
-1.456583
-1.914021
-2.344703
-2.667803
-3.007263
-6.485233
-3.508401
-3.708960
-3.915259
-4.076186
-6.008530
-4.408116
-4.536027
-4.638794
-4.750857
-4.868460
-4.972101
-5.057921
-5.140266
-6.837197
-5.283157
-5.366486
-5.430208
-5.490936
-8.748954
-5.608377
-5.647358
-5.859619
-5.743885
-5.779667
-5.820364
-5.852888
-5.888142
-6.568972
-5.967247
-6.042763
-5.898819
-6.039283
-6.066876
-6.091614
-6.115701
-9.663791
-6.146711
-6.185476
-10.516034
-6.216392
-6.209952
-8.142656
-6.238598
-6.260861
-6.298757
-6.292041
-6.315445
-6.317193
-6.318566
-8.379366
-6.345766
-6.336507
-10.619191
-6.357166
-6.377962
-9.641773
-6.382413
-6.382452
353.387085
-6.394193
-6.389010
-9.648633
-6.404347
-6.371962
-6.475328
-6.389423
-7.109438
-6.391837
-6.419759
-6.408164
-6.408664
-6.424714
-6.419761
-6.415066
-6.422938
-8.540762
-6.401418
-6.379795
-6.425500
-6.402056
-7.951312
-6.383018
-6.383586
-6.379178
-6.397666
-6.372909
-4.992881
-4.944906
9.772922
3.505550
1.939726
0.687969
-0.233287
-0.918580
-5.582031
-1.955487
-2.356335
-2.887687
-3.001710
-3.266130
-3.502288
-3.722832
-3.909522
-4.884901
-4.250937
-4.417791
-4.539648
-4.660269
-4.761273
-4.865841
-4.976099
-8.729358
-5.143713
-5.225438
-9.913125
-5.378302
-5.433259
-7.626816
-5.552413
-5.611201
-5.665793
-5.716484
-5.740752
-5.780410
-5.842599
-7.785124
-5.889317
-5.923143
-10.366821
-5.872066
-5.943331
-9.528137
-6.068379
-6.095555
-6.096419
-6.128219
-6.149744
-9.256315
-6.192054
-6.199222
-6.246384
-6.237887
-7.056384
-6.254380
-6.253376
-6.277575
-6.286280
-6.298697
-6.299168
-6.306472
-6.331013
-8.193362
-6.371046
-6.347699
-6.361077
-6.356671
-8.104687
-6.361428
353.623291
-6.392102
-6.377822
-6.388105
-6.410795
-6.391606
-6.383858
-7.237651
-6.403388
-6.404173
-6.421781
-6.392496
-9.503613
-6.406382
-6.415485
-10.459917
-6.419353
-6.412072
-10.211086
-6.414513
-6.417392
-7.110653
-6.405558
-6.391590
-6.391659
-6.391260
-6.387946
-6.380908
-4.989145
-8.246346
9.866454
4.158175
-5.117718
0.654720
-0.230145
-3.431079
-1.466486
-1.934921
-2.342394
-2.677829
-2.996622
-3.256780
-3.511270
-6.159734
-3.884980
-4.095960
-9.192901
-4.419226
-4.537906
-4.646041
-4.764945
-4.879508
-4.966455
-5.059000
-5.159451
-7.882826
-5.286935
-5.383135
-5.437861
-5.482198
-6.247197
-5.601448
-5.650777
-5.698466
-5.735836
-5.776572
-5.821591
-5.836782
-5.879249
-7.269677
-5.938502
-6.040339
-5.962510
-6.038833
-7.487453
-6.075201
-6.092341
-6.114913
-6.139089
-6.155307
-6.164446
-6.176197
-6.189086
-6.610693
-6.218354
-6.240911
-6.240263
-6.269501
-9.048709
-6.283328
-6.305179
-10.541422
-6.329086
-6.326453
-9.970514
-6.337563
-6.347472
-6.805510
-6.369258
-6.358724
353.631470
-6.377486
-6.376128
-6.374417
-6.387012
-9.977360
-6.384774
-6.391937
-10.535653
-6.394091
-6.409664
-8.048311
-6.394211
-6.412502
-6.404994
-6.395832
-6.416334
-6.403910
-6.399827
-8.643443
-6.404340
-6.386599
-10.567151
-6.395264
-6.377610
-6.387640
-6.403909
-6.363442
-4.983291
-4.948007
9.746474
2.847762
1.995050
0.655772
-0.242480
-0.934767
-1.835358
-1.943206
-2.338692
-2.675527
-2.997585
-3.267633
-3.495485
-3.720168
-3.900834
-4.817686
-4.272548
-4.401689
-4.545740
-4.665493
-6.196310
-4.864639
-4.970874
-5.053319
-5.131216
-5.209500
-8.929161
-5.381491
-5.429952
-5.581697
-5.543558
-5.603739
-5.641857
-5.698654
-7.537621
-5.767686
-5.824819
-10.264672
-5.872763
-5.921046
-9.637341
-6.023635
-6.134365
-6.482754
-6.058816
-6.094114
-6.103099
-6.125520
-6.151068
-6.175333
-6.182238
-9.960156
-6.216537
-6.229295
-10.492476
-6.258997
-6.263513
-7.686657
-6.291280
-6.295445
-6.302010
-6.311267
-6.340302
-6.337737
-6.370855
-8.561814
-6.375039
-6.364621
-6.383165
-6.371155
353.625275
-6.390614
-6.390513
-6.388447
-6.412393
-6.393409
-6.407204
-7.477622
-6.420805
-9.442596
-6.421043
-6.403601
-6.591781
-6.412980
-6.396252
-6.419082
-6.406335
-6.425165
-6.400360
-6.392841
-6.393064
-6.731025
-6.400770
-6.393803
-6.397253
-6.374219
-7.375497
-6.356653
-4.981147
-4.921977
9.746474
4.136974
-2.309690
0.654788
-0.233164
-0.931380
-1.472319
-1.967644
-2.334184
-2.677283
-5.362449
-3.262223
-3.504678
-8.809916
-3.893750
-4.103951
-8.127568
-4.406423
-4.531271
-4.956142
-4.750810
-4.860127
-4.957316
-5.045265
-5.149627
-5.226404
-5.290708
-9.529396
-5.423552
-5.480000
-9.930986
-5.601117
-5.646234
-6.938798
-5.727005
-5.769279
-5.815856
-5.848516
-5.869310
-5.920517
-5.946555
-8.048680
-5.912083
-6.036770
-6.063762
-6.093397
-6.092635
-6.140110
-6.137900
-6.152828
