625.198608
583.027344
574.509644
568.353577
564.847717
561.820740
559.061890
556.673218
558.911377
551.728149
549.371948
546.923706
544.976624
559.225525
540.618164
538.823303
537.188965
534.927246
532.891907
540.841003
529.132202
527.559021
525.999084
524.256165
522.801819
521.446228
519.781067
522.048340
517.246460
515.999023
514.729675
513.473572
512.310974
514.427612
510.101379
508.669617
507.569214
506.292755
505.072876
504.178864
503.112152
502.880402
500.518463
500.201172
499.441498
498.500305
497.598022
496.888824
496.033539
495.231232
494.742798
493.400391
492.348724
491.681366
490.815521
489.911316
489.188965
488.530914
487.836609
486.984283
486.333893
485.786255
485.124329
484.338593
483.997375
482.987427
482.165070
481.434753
480.844604
480.078064
479.575378
479.045074
478.389435
477.789063
477.246857
476.709229
476.150269
475.660980
474.139587
474.659241
473.686615
473.297211
472.718536
472.218689
471.611725
471.132202
470.771210
470.273224
469.792847
469.210266
468.978485
468.405762
468.189392
467.616699
466.923676
466.103668
466.110565
465.533112
464.415680
463.850861
623.465088
583.027344
573.289612
568.515686
564.972717
562.212402
559.351074
557.005493
556.171997
576.717651
549.856873
547.170349
545.528748
542.664307
540.597290
538.496948
536.552063
534.807861
533.048035
539.207458
529.578186
527.987915
526.432007
524.824707
523.325867
522.008667
521.863098
518.880005
517.344055
516.008789
514.593811
513.333069
512.256470
512.676941
509.896576
508.845886
507.710449
506.713531
505.527588
504.688660
504.706604
501.945068
500.517517
500.630890
499.434509
498.355042
497.483887
496.788269
495.578491
494.784271
493.967590
493.220398
492.412445
491.597107
491.357971
490.075806
489.428070
488.783783
488.320251
487.327271
486.589050
485.985046
485.274475
484.408936
483.564423
482.732422
482.177643
481.347351
480.910156
480.322266
479.868408
479.221710
478.395355
477.964844
477.467224
476.982452
476.384003
475.892456
475.373108
474.866699
474.365753
473.663635
472.939636
472.340424
471.880463
470.435486
470.591156
470.242462
469.941528
469.274963
469.074921
468.578369
468.214783
467.622223
467.263092
466.966156
466.466736
465.950623
464.564240
464.024536
585.838074
581.446655
595.895752
567.857239
564.513428
561.870850
559.145264
556.520508
554.198792
551.766663
549.397888
565.043457
544.931152
542.682068
540.478760
538.464478
541.394104
534.387756
532.586365
530.859802
529.278259
527.640869
525.936462
524.420898
523.050842
524.576294
519.997437
518.741760
517.420227
515.880249
517.940613
513.230713
511.819489
510.563019
509.490326
508.382080
507.308258
506.210358
505.152985
504.658966
503.152405
502.022919
500.536804
500.423401
499.502563
498.538940
497.618164
497.591705
495.528748
494.725403
494.637970
492.907867
492.108734
491.992096
490.644196
489.946533
489.350616
488.608826
487.988007
487.201324
486.610779
485.699677
485.170929
484.534149
483.218964
482.980011
482.366974
481.378693
481.010468
480.352417
479.929901
479.369812
478.720581
478.156525
477.646484
476.705994
476.596588
476.123871
475.427765
474.808350
474.247467
473.652802
473.056610
472.445831
471.872620
471.345520
470.984131
469.881714
469.949371
469.546844
469.041901
468.664642
468.052460
467.785583
467.156921
466.706970
465.985931
465.436707
464.266510
463.734833
623.091797
646.574890
572.301086
567.529663
564.360413
561.296265
584.658936
556.660522
554.108337
551.512329
549.292908
546.950012
544.560059
542.362488
540.051331
538.912537
536.142151
534.193420
532.419373
530.826050
532.856689
527.469849
525.811035
532.730713
522.760132
521.471802
526.515991
518.598938
517.222229
517.065491
514.649719
513.271057
511.998871
510.634460
509.324493
508.157410
506.930756
508.504425
504.939026
504.090607
505.373566
502.379547
501.856079
501.507721
499.339844
498.371490
497.654938
496.733887
495.953400
495.096100
494.265381
494.136749
492.220215
491.640991
490.723022
489.849670
489.335510
488.666840
488.048981
487.237305
486.578674
485.936859
485.388580
484.861023
484.239716
483.401306
482.987122
482.152863
481.385284
480.566284
479.917328
479.254486
478.524200
477.843719
477.446716
476.906372
476.507782
475.934052
475.134583
474.727325
474.214935
473.716675
472.843018
472.668030
472.092957
471.203125
470.718231
470.161804
468.247589
468.895935
468.619781
468.176361
467.834839
467.264618
466.821411
466.442047
465.047852
465.378418
464.357849
461.173065
623.740540
582.632385
743.165710
567.366577
563.960510
568.185608
558.522766
556.888306
553.530823
551.141968
548.814453
546.743286
544.488525
561.043579
540.472717
538.444763
552.380798
534.722900
532.824768
535.619995
529.198181
527.486755
525.697815
524.496948
522.535645
521.112305
519.843079
522.447754
517.227234
515.760193
514.665894
513.449402
512.255554
511.149841
509.946777
509.031952
507.838135
506.649597
505.298004
504.905151
503.192657
503.833862
500.561615
500.379761
499.661926
498.708435
497.749847
497.039063
496.097534
495.241272
495.357483
493.756165
492.886719
492.132538
491.006805
490.200623
489.416840
488.646667
488.160980
487.111389
486.516357
485.813232
485.189728
484.476959
483.928680
483.226532
482.509247
481.877075
481.348297
480.588959
479.806763
479.151886
477.964905
477.762177
477.203400
475.209747
476.036896
475.481537
473.836182
474.457031
473.863098
473.451447
472.827972
472.380402
471.839264
471.317352
470.825012
470.298981
469.374451
466.943512
468.501038
467.781525
465.148193
467.056946
466.621979
465.618439
465.747131
465.161316
464.117554
463.750244
622.123962
658.403748
572.514709
628.489136
564.546021
561.652771
558.667969
555.851135
553.503174
551.150208
548.822449
546.523987
544.381470
542.456726
540.235107
540.531250
536.392639
545.640747
532.911133
531.097961
530.076721
527.924377
526.267151
524.770630
523.208618
521.587524
525.546143
518.391785
517.098511
515.955933
514.588318
513.387390
512.188965
511.006042
511.068054
508.931976
507.634644
506.638641
505.614532
504.724182
505.240662
501.918243
501.402100
500.399475
499.405701
498.332275
497.294983
496.520447
496.315002
494.823517
493.987854
494.021790
492.452972
491.755219
491.453094
490.212067
489.464020
488.779816
488.050171
487.370728
486.596527
485.676605
484.797668
484.040161
483.303925
482.778961
482.010956
481.365723
480.894440
480.226196
479.641449
479.127319
478.520020
477.829437
477.312164
476.686157
476.249481
475.637817
475.089661
473.974854
473.830719
473.203461
472.423553
471.972687
471.395355
470.836151
470.585846
470.202148
469.575195
469.130615
468.672882
468.194519
467.897949
465.792175
466.923065
466.517242
466.176819
465.737427
464.484009
463.921112
623.740540
581.396667
696.040466
567.527832
564.269653
562.127869
558.811523
556.219971
553.962036
551.657471
557.650940
546.997253
544.954163
542.998413
540.753723
538.678223
623.810059
583.632263
574.506165
568.643066
565.140564
562.270569
559.247742
556.170837
558.329956
551.268127
548.826904
546.622070
544.529358
559.048889
540.173279
538.188293
536.659485
534.568115
532.813171
540.859924
529.342163
527.631470
526.310181
524.199707
522.659851
520.974182
519.493896
521.893188
516.911804
515.588562
514.308655
512.950623
511.796051
513.738647
509.615082
508.378479
507.399841
506.313049
505.052399
503.914795
502.771484
502.926453
499.596039
499.787476
498.824707
497.890533
497.146454
496.141113
495.242645
494.422699
494.000214
492.766022
492.087219
491.426025
490.645264
489.627411
488.817505
487.864716
487.052094
486.321777
485.578033
485.033203
484.387939
483.668854
483.204254
482.469757
481.687469
481.274323
480.657562
480.019867
479.593384
478.904968
478.223297
477.488800
476.904419
476.327515
475.678009
475.115143
473.557678
474.065033
473.222504
473.146393
472.602142
472.101257
471.745209
471.173004
470.673401
470.304871
469.849091
469.182800
468.656342
468.055328
467.605743
466.952972
466.104156
465.470795
465.683014
465.411438
464.162079
463.763672
622.423157
582.592102
573.503357
568.316040
565.142212
561.703247
558.836121
556.039185
556.053406
576.823242
548.607727
546.286499
545.097290
541.980042
539.844910
538.030457
535.952332
534.074768
532.345398
539.018860
528.816467
527.401062
525.645630
524.041565
522.253357
520.752869
521.163086
517.872681
516.394897
515.088318
513.808472
512.694763
511.372894
512.169739
509.127716
508.052399
506.979675
505.993744
504.839081
504.085052
504.292725
502.638611
501.517090
499.909790
498.715912
497.555206
496.797546
496.231537
495.068939
494.249664
493.455170
492.672607
491.905701
491.119141
491.055634
489.720581
489.038177
488.333832
487.606354
486.873810
486.354523
485.595367
484.735565
483.991028
483.232239
482.446411
481.894165
481.126617
480.808868
480.074982
479.478912
478.842773
478.011688
477.788025
477.360260
476.867554
476.313080
475.751831
475.248260
474.478790
473.690765
473.289886
472.674133
472.089600
471.671387
470.069916
470.402802
470.082428
469.577148
469.081268
468.703674
468.231567
467.841949
467.289856
466.995697
466.378754
465.623505
465.153900
463.867615
463.442749
467.798096
582.046814
606.122437
567.497437
564.009216
561.119934
558.631226
556.195251
553.494751
551.329102
548.873718
568.931030
544.125061
541.845825
539.859802
537.853394
541.635132
533.549133
531.951355
530.150513
528.629456
526.918945
525.378845
523.830933
522.303650
525.060242
519.477295
518.261536
516.873840
515.324036
517.804626
512.554993
511.231110
509.954346
508.923859
507.791016
506.696838
505.796143
504.561127
504.645935
502.811798
501.760010
501.489838
499.868469
498.831787
497.743195
496.777496
496.795074
494.902771
494.192535
494.173431
492.488922
491.781677
491.562531
490.193512
489.570404
488.806641
488.109680
487.391449
486.430023
485.626465
484.729523
484.204712
483.517242
482.290314
482.337494
481.766876
480.748535
480.446869
479.946014
479.181396
478.822968
478.290527
477.557159
476.943024
476.200470
475.711487
475.048004
474.487061
473.878113
473.517151
473.124695
472.461639
471.969849
471.711914
471.037384
470.673553
468.954895
469.729431
469.207458
468.672394
467.905243
467.155518
466.809479
466.370453
465.899292
465.507690
465.116364
463.880188
463.511047
621.745728
690.423767
572.696533
567.338562
564.285889
561.218933
593.936401
555.887512
553.216309
551.099426
548.169556
545.848816
543.677612
541.729797
539.609009
540.787781
535.768555
533.853882
532.175842
530.289917
528.775085
527.111145
525.537659
531.597168
522.104797
520.633850
525.957764
517.558777
516.214661
517.032288
513.847534
512.515015
511.257324
510.038300
509.009918
507.772400
506.714264
507.673462
504.595551
503.780914
505.202820
501.243835
501.275543
501.180206
498.467804
497.554596
496.811584
495.808838
495.054138
494.231537
493.371002
493.153809
491.851135
491.247284
490.698608
489.697540
489.096832
488.287964
487.521820
486.690948
485.971680
485.060760
484.439789
483.834473
483.254974
482.658600
482.084869
481.435364
480.964081
480.331512
479.796112
479.248810
478.555908
478.030212
477.480255
476.813263
476.178772
475.295959
474.839539
474.264008
473.767517
473.398285
472.303864
472.270599
471.897614
471.345184
470.859711
470.654022
469.962738
469.435089
468.970978
468.011200
467.609863
466.895020
466.593292
466.114502
465.765320
465.512085
464.198639
461.801483
622.396606
582.200989
767.403198
568.146301
564.440186
579.141296
558.575073
555.940186
553.161804
550.813965
548.425171
546.308105
543.905334
557.091125
539.915894
538.015381
551.961792
533.992615
532.425476
538.029419
529.105713
527.201904
525.559143
523.665161
522.014587
520.533630
519.014587
520.569336
516.461609
515.146423
514.125000
512.612122
511.407410
510.086792
508.983917
507.999329
506.918396
505.779968
504.918884
505.716675
502.850983
501.963074
500.384857
499.398315
499.035706
497.534607
496.694763
495.921417
495.148468
494.253235
493.387451
492.721954
491.865936
491.550842
490.555237
489.648163
489.089233
488.188721
487.855377
486.612518
485.751190
485.060577
484.422485
483.776520
483.138336
482.652985
481.885498
481.270966
480.757385
480.220612
479.748596
479.030884
478.524597
477.882507
477.418488
475.605194
476.087585
475.399994
473.393799
474.127808
473.586456
473.031982
472.703644
472.137482
471.802826
471.004089
470.594086
470.293274
469.855347
467.518402
468.802521
468.097687
465.230988
466.909027
466.403687
464.685913
465.379211
465.090424
463.832642
463.389709
621.745728
581.849365
572.135010
662.916016
564.590454
561.071533
561.248779
555.800659
553.054810
550.599731
548.177795
546.082458
543.875488
541.637939
539.685852
545.363342
535.652466
533.751526
532.127747
530.421997
530.899658
527.125183
525.572632
524.157593
522.503235
521.083435
519.660583
518.241943
516.750610
516.623230
514.207886
513.100037
512.075073
510.903259
511.972626
508.710815
507.645264
506.539459
505.527893
504.828827
505.882263
503.528564
501.778503
500.939209
500.261444
499.429169
498.775726
497.969269
497.776215
496.379395
495.501251
495.545349
494.001740
493.337128
493.059845
491.636078
490.794128
489.940491
489.008545
488.146881
487.320740
486.755249
486.065002
485.342590
484.679321
483.399994
483.304108
482.663544
481.200012
481.635742
480.992615
480.300781
479.611450
478.786621
478.206451
477.572784
477.101593
476.476227
475.850922
474.419220
474.781036
474.294922
473.543945
473.068024
472.800049
472.045807
471.769501
471.319122
470.831451
469.895081
469.406738
468.460327
468.353943
468.009796
467.691101
467.184235
466.832214
466.407837
465.090820
464.451721
623.776062
583.148743
573.655884
568.169617
565.240234
567.159424
559.900330
556.933350
554.343994
551.810852
557.218323
547.104980
544.945190
542.781250
540.478149
538.709778
547.719177
534.652771
532.936523
531.184265
529.540283
528.055542
526.513550
524.873962
527.489136
521.965576
520.595886
525.534607
517.690063
515.984009
518.956848
513.469421
512.221375
510.988953
509.968109
508.962036
507.814087
506.822693
505.795959
504.949463
503.821869
504.248260
501.437042
500.831421
501.649689
499.063782
498.114441
624.212952
584.485107
575.831360
569.770630
566.566711
563.307495
560.500916
557.426575
559.569153
552.356506
550.025635
547.825195
545.657959
559.794739
541.351868
539.695557
537.739258
535.715820
533.992859
542.077515
530.534851
529.032166
527.675659
525.831665
524.199036
522.461792
520.964478
523.006348
518.009705
516.836670
515.456299
514.379578
513.196228
514.501831
510.846832
509.819794
508.777161
507.753204
506.689331
505.724579
504.686462
504.606995
501.758331
501.354065
500.344269
499.458679
498.610962
497.585999
496.717682
495.874329
495.334717
494.221985
493.403809
492.748474
491.961884
491.208832
490.525909
489.539337
488.898102
488.069763
487.168549
486.377563
485.691528
484.898193
484.404266
483.632050
482.998108
482.292114
481.841461
481.186829
480.590179
480.028900
479.526764
478.820709
478.298248
477.694458
477.030090
476.305420
474.989532
474.848969
474.161224
473.879456
473.307465
472.761139
472.355438
471.876099
471.440491
471.084167
470.397522
469.935059
469.584015
469.026672
468.532196
467.974182
467.470490
466.706604
466.600189
466.024384
464.652466
464.307892
622.767578
583.445862
573.802795
569.606201
565.890320
563.068359
560.224121
557.698181
556.800171
574.287842
550.518921
548.284485
546.382996
543.898804
541.843811
539.579468
537.594116
535.596558
533.690979
539.381775
530.420898
528.723938
527.138550
533.500183
524.124023
522.602356
522.305176
519.826965
518.482361
517.150940
515.784058
514.550293
513.194397
513.191528
510.489319
509.356445
508.280731
507.356598
506.116364
505.195526
505.237823
502.678894
502.565674
501.312225
500.337219
499.455688
498.594269
497.991913
496.861511
495.970398
494.796722
493.918701
492.936981
492.083618
491.802185
490.655182
489.887177
489.253967
488.797180
487.850037
487.106323
486.420563
485.715332
485.070740
484.434967
483.829834
483.177643
482.644135
481.972473
481.158356
480.410767
479.727173
478.784119
478.333649
477.856293
477.331665
476.806000
476.294250
475.794189
475.170868
474.798920
474.339874
473.706970
473.266846
472.854431
471.209229
471.415833
470.997711
470.555969
469.925995
469.405548
469.054230
468.487671
468.125641
467.684357
467.271667
466.871948
466.362122
465.224213
464.847046
602.798706
583.239014
601.969116
568.959412
565.830627
562.338928
559.801147
557.362488
554.694275
552.514893
550.176147
565.175293
545.660583
543.529358
541.627991
539.553223
543.902588
535.808472
533.960388
532.078796
530.119385
528.317505
526.661682
525.022522
523.451477
525.046570
520.653137
519.230347
517.885620
516.493469
519.295227
514.039001
513.051697
511.820862
510.688965
509.661102
508.366760
507.432831
506.375305
505.951172
504.053162
502.447723
501.789917
500.745880
499.764069
498.779724
497.996307
498.108521
496.348145
495.443665
495.501801
493.868256
493.082886
493.083252
491.811249
490.928833
490.192688
489.404755
488.868958
488.208649
487.415741
486.501740
485.874390
485.057404
483.893524
483.844055
483.393555
482.416718
482.118439
481.672485
481.131561
480.533325
480.086334
478.887573
478.858673
478.459747
477.917053
477.275604
476.640991
475.773285
475.169067
474.569366
473.909088
473.175262
472.687958
472.062439
471.627594
470.377808
470.580902
470.052032
469.511993
469.166412
468.009583
468.216339
467.848145
467.448120
466.860626
466.155548
464.730957
464.293427
623.158997
665.440369
574.023315
568.796997
565.401184
562.574829
602.642090
557.529724
554.940979
554.259033
550.283325
548.036011
545.828125
543.717834
541.643188
542.803650
537.456604
535.420044
533.386658
531.509338
529.914917
528.220459
526.806946
532.047180
523.649719
522.069336
527.827209
519.290955
518.018005
519.685913
515.380798
514.300720
513.178528
511.923676
510.841766
509.672852
508.319641
508.737335
505.808777
504.796936
506.259583
503.305206
502.928802
502.804504
500.022247
499.216156
498.344635
497.512085
496.686188
496.933533
495.088593
494.318695
493.490631
492.802643
492.093323
490.782196
490.077454
489.238007
488.533203
487.873444
487.203430
486.484344
485.834808
485.202454
484.574615
483.867279
483.201752
482.686829
482.096527
481.267395
480.554199
479.902191
479.115387
478.375214
477.791382
477.142090
476.690826
475.933960
475.514038
474.855316
474.422211
473.959747
472.378906
472.878998
472.475677
470.124359
471.413330
470.995697
468.216522
469.398071
468.982971
468.225586
467.848267
467.531250
466.997772
466.683685
466.153473
465.740814
464.610809
461.801208
622.177307
583.239990
778.153259
568.790344
565.678101
594.852173
559.594482
556.993103
554.427063
551.990356
549.460876
547.240845
545.190125
554.181519
541.056091
539.255554
552.848389
535.225464
533.403564
531.783875
530.134338
528.448181
526.880615
525.360596
523.865784
527.068665
520.744202
519.221558
517.801392
516.339600
515.964417
513.859802
512.815308
511.512085
510.383209
509.274963
508.233795
507.270477
506.240173
506.633820
504.210846
504.079254
502.845490
501.434631
501.212341
499.370605
498.230316
497.216522
496.383698
495.667969
494.822876
493.962341
493.206299
492.670319
491.776245
490.879852
490.185303
489.454529
489.143158
488.143707
487.286224
486.249115
485.627777
484.744415
483.858826
483.285431
482.834534
481.999268
481.567719
480.939423
480.056519
479.580475
479.134888
478.575256
478.026794
476.165619
476.855103
476.245422
474.258057
475.078613
474.639526
473.450073
473.085236
472.248474
472.061554
471.380341
470.827667
470.454163
469.927673
468.156891
468.865936
468.506561
465.755280
467.644470
467.221100
466.767120
466.384521
465.878876
464.687256
464.382111
622.480835
723.221497
572.878906
567.812195
564.571289
561.861145
563.184021
556.809204
554.300598
551.869568
549.698975
547.479980
545.401306
543.305115
541.220032
542.074280
537.283691
535.470093
533.587708
532.092834
534.062378
528.546692
526.648621
524.925171
523.442688
521.967773
526.487061
519.152466
517.893738
516.868652
515.323364
514.171509
513.097290
511.908020
512.788513
509.737122
508.690643
510.588074
506.293396
505.123352
506.494080
502.524200
502.174225
501.523499
500.082794
499.254517
498.705658
497.965485
497.002289
496.088989
495.179901
494.950867
493.345093
492.605286
492.359894
490.974060
489.940308
489.213104
488.189484
487.440308
486.683533
485.970856
485.325775
484.680267
484.016998
483.335052
482.779144
482.157959
481.620605
480.944183
480.324127
479.749298
479.177246
478.626617
477.769562
477.121490
476.445648
475.628296
475.168671
473.556396
474.165985
473.616150
473.026031
472.516388
472.124634
471.473633
471.200409
470.602539
470.254883
469.690765
469.263428
468.789185
468.314880
467.891083
467.129669
466.683289
465.870178
465.699890
464.446777
464.186279
622.480835
582.005920
696.453369
568.463196
565.401611
563.110046
560.087830
557.492493
555.280151
552.889526
565.247375
548.276123
545.534790
565.142578
541.101379
539.307251
550.065674
535.394958
533.608093
532.723022
530.018311
528.375427
526.937500
525.344910
523.907593
522.506592
520.996277
525.542847
518.290588
516.722961
520.327515
513.885864
512.672607
512.826538
510.217010
509.104767
508.060577
507.019104
505.918610
505.035309
503.904816
504.027802
501.682159
501.163269
500.230316
499.273621
498.325012
497.473083
496.401489
495.373291
