0.000000
-540.000000
-540.000000
-546.000000
-546.000000
-548.000000
-546.000000
-544.000000
-536.000000
-538.000000
-542.000000
-538.000000
-540.000000
-552.000000
-532.000000
-556.000000
-536.000000
-528.000000
-554.000000
-540.000000
-534.000000
-548.000000
-538.000000
-552.000000
-546.000000
-542.000000
-546.000000
-540.000000
-536.000000
-530.000000
-554.000000
-548.000000
-524.000000
-532.000000
-546.000000
-546.000000
-556.000000
-532.000000
-540.000000
-544.000000
-534.000000
-526.000000
-542.000000
-542.000000
-548.000000
-544.000000
-538.000000
-542.000000
-540.000000
-548.000000
-546.000000
-530.000000
-540.000000
-550.000000
-550.000000
-546.000000
-536.000000
-530.000000
-522.000000
-532.000000
-540.000000
-546.000000
-528.000000
-540.000000
-550.000000
-548.000000
-532.000000
-552.000000
-552.000000
-546.000000
-540.000000
-552.000000
-530.000000
-552.000000
-544.000000
-540.000000
-554.000000
-530.000000
-542.000000
-522.000000
-532.000000
-540.000000
-546.000000
-546.000000
-538.000000
-536.000000
-544.000000
-536.000000
-550.000000
-534.000000
-540.000000
-554.000000
-526.000000
-532.000000
-530.000000
-534.000000
-556.000000
-532.000000
-548.000000
-540.000000
-534.000000
-524.000000
-534.000000
-540.000000
-550.000000
-540.000000
-552.000000
-542.000000
-556.000000
-546.000000
-528.000000
-544.000000
-536.000000
-542.000000
-548.000000
-528.000000
-540.000000
-546.000000
-538.000000
-544.000000
-544.000000
-536.000000
-534.000000
-554.000000
-562.000000
-540.000000
-556.000000
-538.000000
-538.000000
-542.000000
-536.000000
-546.000000
-542.000000
-544.000000
-544.000000
-548.000000
-540.000000
-540.000000
-540.000000
-542.000000
-538.000000
-534.000000
-528.000000
-540.000000
-552.000000
-540.000000
-538.000000
-530.000000
-536.000000
-536.000000
-544.000000
-550.000000
-548.000000
-536.000000
-556.000000
-532.000000
-546.000000
-542.000000
-556.000000
-542.000000
-540.000000
-544.000000
-546.000000
-548.000000
-532.000000
-536.000000
-546.000000
-536.000000
-538.000000
-542.000000
-554.000000
-530.000000
-526.000000
-532.000000
-540.000000
-536.000000
-536.000000
-552.000000
-550.000000
-540.000000
-546.000000
-536.000000
-568.000000
-540.000000
-552.000000
-542.000000
-540.000000
-540.000000
-546.000000
-546.000000
-540.000000
-542.000000
-546.000000
-538.000000
-532.000000
-538.000000
-544.000000
-542.000000
-530.000000
-544.000000
-548.000000
-548.000000
-536.000000
-552.000000
-550.000000
-550.000000
-552.000000
-550.000000
-542.000000
-540.000000
-534.000000
-560.000000
-552.000000
-540.000000
-544.000000
-532.000000
-538.000000
-534.000000
-550.000000
-538.000000
-540.000000
-534.000000
-540.000000
-548.000000
-548.000000
-544.000000
-536.000000
-526.000000
-538.000000
-546.000000
-542.000000
-548.000000
-532.000000
-544.000000
-540.000000
-542.000000
-540.000000
-534.000000
-530.000000
-534.000000
-544.000000
-538.000000
-542.000000
-544.000000
-536.000000
-534.000000
-536.000000
-544.000000
-526.000000
-534.000000
-546.000000
-546.000000
-530.000000
-540.000000
-538.000000
-542.000000
-546.000000
-536.000000
-526.000000
-548.000000
-530.000000
-536.000000
-534.000000
-544.000000
-560.000000
-540.000000
-536.000000
-534.000000
-540.000000
-536.000000
-542.000000
-520.000000
-542.000000
-548.000000
-548.000000
-560.000000
-540.000000
-540.000000
-542.000000
-536.000000
-542.000000
-554.000000
-544.000000
-540.000000
-538.000000
-538.000000
-540.000000
-538.000000
-540.000000
-536.000000
-538.000000
-556.000000
-538.000000
-544.000000
-540.000000
-542.000000
-552.000000
-558.000000
-546.000000
-564.000000
-520.000000
-526.000000
-528.000000
-542.000000
-556.000000
-540.000000
-532.000000
-540.000000
-530.000000
-530.000000
-534.000000
-550.000000
-542.000000
-538.000000
-548.000000
-544.000000
-552.000000
-542.000000
-544.000000
-542.000000
-542.000000
-536.000000
-542.000000
-544.000000
-534.000000
-536.000000
-540.000000
-546.000000
-550.000000
-532.000000
-546.000000
-542.000000
-528.000000
-554.000000
-536.000000
-530.000000
-532.000000
-544.000000
-540.000000
-554.000000
-530.000000
-550.000000
-550.000000
-546.000000
-542.000000
-530.000000
-542.000000
-550.000000
-542.000000
-538.000000
-540.000000
-548.000000
-548.000000
-550.000000
-532.000000
-550.000000
-552.000000
-546.000000
-554.000000
-544.000000
-570.000000
-536.000000
-552.000000
-550.000000
-544.000000
-534.000000
-540.000000
-542.000000
-544.000000
-548.000000
-550.000000
-540.000000
-532.000000
-546.000000
-546.000000
-536.000000
-548.000000
-540.000000
-544.000000
-542.000000
-552.000000
-548.000000
-536.000000
-550.000000
-550.000000
-554.000000
-538.000000
-554.000000
-536.000000
-536.000000
-534.000000
-558.000000
-536.000000
-530.000000
-542.000000
-548.000000
-548.000000
-552.000000
-538.000000
-526.000000
-546.000000
-550.000000
-556.000000
-542.000000
-540.000000
-548.000000
-554.000000
-546.000000
-548.000000
-554.000000
-546.000000
-534.000000
-548.000000
-538.000000
-548.000000
-536.000000
-554.000000
-538.000000
-536.000000
-530.000000
-552.000000
-544.000000
-558.000000
-534.000000
-538.000000
-538.000000
-536.000000
-540.000000
-530.000000
-538.000000
-544.000000
-552.000000
-546.000000
-538.000000
-552.000000
-546.000000
-540.000000
-542.000000
-532.000000
-534.000000
-540.000000
-538.000000
-546.000000
-542.000000
-548.000000
-532.000000
-544.000000
-554.000000
-544.000000
-540.000000
-548.000000
-546.000000
-534.000000
-536.000000
-554.000000
-532.000000
-544.000000
-554.000000
-546.000000
-538.000000
-540.000000
-540.000000
-546.000000
-536.000000
-538.000000
-550.000000
-548.000000
-534.000000
-544.000000
-542.000000
-550.000000
-552.000000
-534.000000
-550.000000
-536.000000
-536.000000
-548.000000
-546.000000
-528.000000
-546.000000
-540.000000
-522.000000
-542.000000
-536.000000
-542.000000
-552.000000
-546.000000
-536.000000
-544.000000
-540.000000
-528.000000
-538.000000
-544.000000
-548.000000
-522.000000
-536.000000
-546.000000
-532.000000
-540.000000
-548.000000
-548.000000
-544.000000
-554.000000
-538.000000
-546.000000
-548.000000
-542.000000
-512.000000
-532.000000
-538.000000
-536.000000
-530.000000
-524.000000
-540.000000
-542.000000
-530.000000
-538.000000
-528.000000
-542.000000
-538.000000
-554.000000
-542.000000
-530.000000
-556.000000
-536.000000
-534.000000
-532.000000
-534.000000
-548.000000
-548.000000
-552.000000
-542.000000
-532.000000
-524.000000
-532.000000
-538.000000
-534.000000
-544.000000
-550.000000
-532.000000
-530.000000
-540.000000
-538.000000
-534.000000
-530.000000
-540.000000
-540.000000
-542.000000
-534.000000
-542.000000
-540.000000
-548.000000
-542.000000
-540.000000
-536.000000
-546.000000
-536.000000
-544.000000
-536.000000
-542.000000
-544.000000
-544.000000
-542.000000
-524.000000
-520.000000
-540.000000
-542.000000
-538.000000
-538.000000
-540.000000
-540.000000
-526.000000
-538.000000
-532.000000
-538.000000
-546.000000
-536.000000
-538.000000
-530.000000
-548.000000
-526.000000
-520.000000
-546.000000
-536.000000
-540.000000
-556.000000
-552.000000
-544.000000
-532.000000
-538.000000
-534.000000
-558.000000
-548.000000
-534.000000
-532.000000
-554.000000
-530.000000
-546.000000
-556.000000
-542.000000
-532.000000
-518.000000
-540.000000
-528.000000
-546.000000
-540.000000
-536.000000
-538.000000
-538.000000
-534.000000
-546.000000
-530.000000
-532.000000
-534.000000
-542.000000
-526.000000
-536.000000
-552.000000
-530.000000
-542.000000
-550.000000
-532.000000
-544.000000
-548.000000
-556.000000
-534.000000
-538.000000
-546.000000
-534.000000
-538.000000
-540.000000
-532.000000
-548.000000
-532.000000
-540.000000
-532.000000
-526.000000
-526.000000
-534.000000
-544.000000
-542.000000
-548.000000
-540.000000
-550.000000
-540.000000
-542.000000
-546.000000
-532.000000
-538.000000
-530.000000
-554.000000
-538.000000
-546.000000
-546.000000
-526.000000
-544.000000
-536.000000
-540.000000
-538.000000
-542.000000
-538.000000
-538.000000
-550.000000
-532.000000
-546.000000
-548.000000
-534.000000
-542.000000
-534.000000
-532.000000
-536.000000
-538.000000
-552.000000
-540.000000
-534.000000
-528.000000
-542.000000
-542.000000
-526.000000
-540.000000
-542.000000
-540.000000
-536.000000
-520.000000
-538.000000
-552.000000
-540.000000
-538.000000
-536.000000
-546.000000
-540.000000
-544.000000
-548.000000
-550.000000
-536.000000
-534.000000
-538.000000
-534.000000
-536.000000
-532.000000
-550.000000
-544.000000
-536.000000
-528.000000
-538.000000
-538.000000
-540.000000
-546.000000
-548.000000
-536.000000
-520.000000
-544.000000
-546.000000
-556.000000
-550.000000
-544.000000
-542.000000
-522.000000
-540.000000
-534.000000
-528.000000
-544.000000
-538.000000
-532.000000
-536.000000
-552.000000
-552.000000
-532.000000
-540.000000
-548.000000
-540.000000
-556.000000
-554.000000
-542.000000
-536.000000
-542.000000
-530.000000
-538.000000
-532.000000
-528.000000
-542.000000
-546.000000
-532.000000
-532.000000
-526.000000
-536.000000
-548.000000
-542.000000
-546.000000
-526.000000
-530.000000
-550.000000
-540.000000
-540.000000
-536.000000
-536.000000
-542.000000
-548.000000
-536.000000
-546.000000
-536.000000
-526.000000
-556.000000
-542.000000
-534.000000
-534.000000
-540.000000
-536.000000
-530.000000
-548.000000
-552.000000
-538.000000
-546.000000
-552.000000
-542.000000
-544.000000
-550.000000
-530.000000
-538.000000
-540.000000
-536.000000
-534.000000
-554.000000
-528.000000
-546.000000
-532.000000
-536.000000
-552.000000
-528.000000
-536.000000
-544.000000
-546.000000
-538.000000
-548.000000
-548.000000
-550.000000
-544.000000
-532.000000
-540.000000
-540.000000
-540.000000
-544.000000
-528.000000
-560.000000
-542.000000
-534.000000
-530.000000
-534.000000
-540.000000
-544.000000
-546.000000
-530.000000
-532.000000
-542.000000
-528.000000
-530.000000
-536.000000
-524.000000
-546.000000
-540.000000
-538.000000
-540.000000
-536.000000
-528.000000
-554.000000
-528.000000
-540.000000
-544.000000
-538.000000
-558.000000
-538.000000
-530.000000
-538.000000
-536.000000
-540.000000
-530.000000
-534.000000
-538.000000
-540.000000
-542.000000
-556.000000
-552.000000
-534.000000
-546.000000
-540.000000
-540.000000
-544.000000
-542.000000
-536.000000
-536.000000
-540.000000
-546.000000
-536.000000
-546.000000
-544.000000
-550.000000
-542.000000
-550.000000
-552.000000
-548.000000
-542.000000
-540.000000
-538.000000
-534.000000
-538.000000
-526.000000
-538.000000
-558.000000
-530.000000
-534.000000
-554.000000
-542.000000
-530.000000
-544.000000
-554.000000
-534.000000
-536.000000
-550.000000
-534.000000
-538.000000
0.000000
-546.000000
-538.000000
-548.000000
-520.000000
-546.000000
-538.000000
-536.000000
-536.000000
-536.000000
-556.000000
-544.000000
-544.000000
-530.000000
-540.000000
-536.000000
-548.000000
-554.000000
-542.000000
-532.000000
-538.000000
-534.000000
-540.000000
-542.000000
-528.000000
-548.000000
-526.000000
-560.000000
-540.000000
-548.000000
-534.000000
-548.000000
-536.000000
-558.000000
-550.000000
-530.000000
-552.000000
-540.000000
-528.000000
-542.000000
-544.000000
-542.000000
-532.000000
-544.000000
-542.000000
-562.000000
-546.000000
-554.000000
-544.000000
-550.000000
-542.000000
-540.000000
-546.000000
-534.000000
-544.000000
-536.000000
-554.000000
-550.000000
-538.000000
-548.000000
-524.000000
-520.000000
-542.000000
-560.000000
-542.000000
-534.000000
-528.000000
-550.000000
-532.000000
-544.000000
-542.000000
-546.000000
-548.000000
-526.000000
-534.000000
-534.000000
-538.000000
-542.000000
-538.000000
-548.000000
-540.000000
-540.000000
-538.000000
-530.000000
-556.000000
-538.000000
-536.000000
-546.000000
-552.000000
-538.000000
-540.000000
-542.000000
-540.000000
-540.000000
-538.000000
-536.000000
-526.000000
-536.000000
-542.000000
-538.000000
-554.000000
-548.000000
-540.000000
-542.000000
-544.000000
-556.000000
-542.000000
-552.000000
-554.000000
-532.000000
-544.000000
-520.000000
-538.000000
-544.000000
-544.000000
-548.000000
-540.000000
-540.000000
-534.000000
-536.000000
-536.000000
-532.000000
-544.000000
-548.000000
-540.000000
-544.000000
-538.000000
-542.000000
-524.000000
-534.000000
-544.000000
-542.000000
-538.000000
-524.000000
-528.000000
-554.000000
-546.000000
-536.000000
-530.000000
-536.000000
-540.000000
-546.000000
-544.000000
-536.000000
-540.000000
-536.000000
-534.000000
-538.000000
-564.000000
-550.000000
-540.000000
-540.000000
-540.000000
-540.000000
-554.000000
-532.000000
-546.000000
-532.000000
-536.000000
-540.000000
-544.000000
-542.000000
-532.000000
-538.000000
-546.000000
-540.000000
-548.000000
-562.000000
-542.000000
-536.000000
-522.000000
-546.000000
-534.000000
-546.000000
-546.000000
-548.000000
-536.000000
-540.000000
-542.000000
-554.000000
-542.000000
-536.000000
-544.000000
-536.000000
-530.000000
-552.000000
-538.000000
-550.000000
-540.000000
-538.000000
-528.000000
-536.000000
-550.000000
-538.000000
-514.000000
-536.000000
-540.000000
-538.000000
-552.000000
-540.000000
-556.000000
-528.000000
-542.000000
-542.000000
-542.000000
-550.000000
-544.000000
-544.000000
-538.000000
-538.000000
-544.000000
-540.000000
-538.000000
-538.000000
-546.000000
-532.000000
-558.000000
-528.000000
-550.000000
-534.000000
-556.000000
-558.000000
-540.000000
-554.000000
-536.000000
-532.000000
-530.000000
-546.000000
-544.000000
-538.000000
-536.000000
-534.000000
-540.000000
-536.000000
-552.000000
-554.000000
-544.000000
-538.000000
-532.000000
-532.000000
-534.000000
-552.000000
-534.000000
-548.000000
-540.000000
-550.000000
-536.000000
-544.000000
-540.000000
-536.000000
-540.000000
-534.000000
-544.000000
-542.000000
-552.000000
-544.000000
-528.000000
-534.000000
-536.000000
-568.000000
-552.000000
-550.000000
-542.000000
-540.000000
-542.000000
-548.000000
-544.000000
-546.000000
-534.000000
-550.000000
-548.000000
-544.000000
-544.000000
-546.000000
-560.000000
-548.000000
-548.000000
-542.000000
-542.000000
-534.000000
-526.000000
-532.000000
-548.000000
-544.000000
-538.000000
-542.000000
-538.000000
-546.000000
-552.000000
-550.000000
-538.000000
-542.000000
-546.000000
-554.000000
-544.000000
-536.000000
-540.000000
-528.000000
-534.000000
-548.000000
-534.000000
-550.000000
-554.000000
-556.000000
-528.000000
-518.000000
-538.000000
-544.000000
-548.000000
-536.000000
-548.000000
-538.000000
-548.000000
-550.000000
-548.000000
-544.000000
-542.000000
-542.000000
-538.000000
-540.000000
-548.000000
-536.000000
-534.000000
-538.000000
-538.000000
-532.000000
-548.000000
-546.000000
-532.000000
-548.000000
-540.000000
-552.000000
-530.000000
-522.000000
-540.000000
-534.000000
-542.000000
-548.000000
-544.000000
-542.000000
-542.000000
-522.000000
-544.000000
-540.000000
-530.000000
-542.000000
-536.000000
-540.000000
-550.000000
-548.000000
-534.000000
-542.000000
-542.000000
-550.000000
-538.000000
-536.000000
-522.000000
-540.000000
-532.000000
-544.000000
-550.000000
-546.000000
-546.000000
-544.000000
-536.000000
-524.000000
-538.000000
-546.000000
-528.000000
-536.000000
-536.000000
-546.000000
-542.000000
-536.000000
-536.000000
-548.000000
-538.000000
-550.000000
-540.000000
-550.000000
-540.000000
-562.000000
-534.000000
-524.000000
-534.000000
-528.000000
-542.000000
-544.000000
-546.000000
-522.000000
-556.000000
-544.000000
-546.000000
-546.000000
-538.000000
-538.000000
-544.000000
-538.000000
-534.000000
-526.000000
-554.000000
-534.000000
-534.000000
-520.000000
-536.000000
-544.000000
-544.000000
-536.000000
-550.000000
-536.000000
-536.000000
-544.000000
-534.000000
-546.000000
-538.000000
-546.000000
-542.000000
-554.000000
-546.000000
-546.000000
-540.000000
-530.000000
-540.000000
-536.000000
-548.000000
-536.000000
-538.000000
-536.000000
-532.000000
-558.000000
-526.000000
-540.000000
-546.000000
-546.000000
-542.000000
-538.000000
-540.000000
-552.000000
-554.000000
-534.000000
-542.000000
-534.000000
-540.000000
-542.000000
-536.000000
-530.000000
-544.000000
-542.000000
-554.000000
-542.000000
-542.000000
-548.000000
-534.000000
-546.000000
-546.000000
-532.000000
-538.000000
-538.000000
-536.000000
-540.000000
-556.000000
-534.000000
-538.000000
-542.000000
-546.000000
-558.000000
-544.000000
-544.000000
-542.000000
-536.000000
-532.000000
-534.000000
-552.000000
-554.000000
-536.000000
-542.000000
-554.000000
-538.000000
-556.000000
-556.000000
-542.000000
-532.000000
-552.000000
-534.000000
-538.000000
-548.000000
-538.000000
-540.000000
-546.000000
-560.000000
-536.000000
-534.000000
-544.000000
-542.000000
-558.000000
-542.000000
-538.000000
-546.000000
-538.000000
-532.000000
-546.000000
-518.000000
-560.000000
-540.000000
-538.000000
-540.000000
-550.000000
-556.000000
-536.000000
-522.000000
-550.000000
-524.000000
-544.000000
-552.000000
-536.000000
-538.000000
-542.000000
-544.000000
-536.000000
-538.000000
-546.000000
-552.000000
-542.000000
-530.000000
-536.000000
-550.000000
-550.000000
-538.000000
-556.000000
-542.000000
-532.000000
-534.000000
-546.000000
-544.000000
-542.000000
-538.000000
-542.000000
-544.000000
-564.000000
-534.000000
-528.000000
-544.000000
-550.000000
-530.000000
-528.000000
-552.000000
-550.000000
-532.000000
-542.000000
-542.000000
-538.000000
-556.000000
-536.000000
-538.000000
-542.000000
-544.000000
-534.000000
-542.000000
-538.000000
-550.000000
-540.000000
-538.000000
-550.000000
-530.000000
-548.000000
-544.000000
-564.000000
-562.000000
-528.000000
-548.000000
-542.000000
-538.000000
-548.000000
-536.000000
-544.000000
-536.000000
-552.000000
-554.000000
-534.000000
-546.000000
-538.000000
-546.000000
-560.000000
-536.000000
-558.000000
-538.000000
-544.000000
-540.000000
-536.000000
-548.000000
-534.000000
-550.000000
-540.000000
-544.000000
-540.000000
-552.000000
-538.000000
-540.000000
-532.000000
-542.000000
-548.000000
-534.000000
-540.000000
-514.000000
-528.000000
-542.000000
-544.000000
-538.000000
-548.000000
-548.000000
-536.000000
-540.000000
-540.000000
-544.000000
-550.000000
-536.000000
-546.000000
-554.000000
-536.000000
-548.000000
-540.000000
-542.000000
-540.000000
-534.000000
-550.000000
-562.000000
-542.000000
-538.000000
-538.000000
-530.000000
-546.000000
-538.000000
-534.000000
-544.000000
-542.000000
-538.000000
-540.000000
-536.000000
-550.000000
-552.000000
-542.000000
-544.000000
-534.000000
-548.000000
-548.000000
-556.000000
-556.000000
-538.000000
-550.000000
-544.000000
-540.000000
-550.000000
-538.000000
-552.000000
-534.000000
-548.000000
-538.000000
-550.000000
-534.000000
-544.000000
-534.000000
-536.000000
-554.000000
-552.000000
-554.000000
-540.000000
-538.000000
-540.000000
-546.000000
-546.000000
-540.000000
-540.000000
-540.000000
-544.000000
-542.000000
-552.000000
-550.000000
-556.000000
-536.000000
-538.000000
-550.000000
-554.000000
-536.000000
-554.000000
-546.000000
-540.000000
-538.000000
-564.000000
-552.000000
-536.000000
-544.000000
-530.000000
-542.000000
-546.000000
-532.000000
-542.000000
-532.000000
-546.000000
-540.000000
-550.000000
-540.000000
-556.000000
-524.000000
-538.000000
-542.000000
-548.000000
-530.000000
-546.000000
-548.000000
-534.000000
-538.000000
-538.000000
-526.000000
-524.000000
-542.000000
-536.000000
-544.000000
-538.000000
-540.000000
-538.000000
-542.000000
-538.000000
-544.000000
-560.000000
-544.000000
-540.000000
-548.000000
-528.000000
-550.000000
-552.000000
-538.000000
-544.000000
-540.000000
-556.000000
-542.000000
-544.000000
-532.000000
-548.000000
-534.000000
-544.000000
-556.000000
-560.000000
-532.000000
-528.000000
-538.000000
-544.000000
-550.000000
-530.000000
-558.000000
-552.000000
-530.000000
-536.000000
-538.000000
-532.000000
-548.000000
-528.000000
-542.000000
-552.000000
-540.000000
-542.000000
-532.000000
-532.000000
-554.000000
-558.000000
-532.000000
-510.000000
-546.000000
-534.000000
-494.000000
-488.000000
-544.000000
-526.000000
-562.000000
-598.000000
-592.000000
-574.000000
-484.000000
-486.000000
-396.000000
-430.000000
-440.000000
-450.000000
-336.000000
-244.000000
184.000000
272.000000
476.000000
600.000000
432.000000
392.000000
384.000000
200.000000
90.000000
86.000000
-10.000000
-132.000000
-268.000000
-304.000000
-280.000000
-226.000000
-208.000000
-202.000000
-214.000000
-224.000000
-216.000000
-196.000000
-238.000000
-244.000000
-308.000000
-316.000000
-304.000000
-300.000000
-240.000000
-262.000000
-234.000000
-250.000000
-278.000000
-286.000000
-350.000000
-316.000000
-412.000000
-464.000000
-564.000000
-550.000000
-424.000000
-422.000000
-428.000000
-432.000000
-406.000000
-510.000000
-440.000000
-460.000000
-462.000000
-452.000000
-438.000000
-450.000000
-448.000000
-452.000000
-456.000000
-454.000000
-434.000000
-462.000000
-440.000000
-452.000000
-456.000000
-450.000000
-452.000000
-458.000000
-448.000000
-466.000000
-468.000000
-448.000000
-444.000000
-454.000000
-448.000000
-386.000000
-440.000000
-530.000000
-542.000000
-536.000000
-462.000000
-490.000000
-486.000000
-492.000000
-496.000000
-482.000000
-434.000000
-500.000000
-508.000000
-508.000000
-506.000000
-468.000000
-504.000000
-512.000000
-496.000000
-496.000000
-504.000000
-532.000000
-508.000000
-500.000000
-508.000000
-514.000000
-518.000000
-514.000000
-530.000000
-524.000000
-502.000000
-520.000000
-512.000000
-520.000000
-528.000000
-538.000000
-510.000000
-506.000000
-520.000000
-512.000000
-508.000000
-506.000000
-534.000000
-504.000000
-508.000000
-526.000000
-504.000000
-522.000000
-522.000000
-510.000000
-524.000000
-524.000000
-514.000000
-506.000000
-524.000000
-512.000000
-508.000000
-514.000000
-514.000000
-520.000000
-524.000000
-516.000000
-510.000000
-510.000000
-522.000000
-502.000000
-512.000000
-506.000000
0.000000
-576.000000
-566.000000
-570.000000
-550.000000
-568.000000
-564.000000
-552.000000
-556.000000
-566.000000
-570.000000
-568.000000
-556.000000
-558.000000
-556.000000
-574.000000
-558.000000
-574.000000
-560.000000
-580.000000
-564.000000
-548.000000
-552.000000
-558.000000
-564.000000
-546.000000
-570.000000
-572.000000
-568.000000
-570.000000
-568.000000
-558.000000
-570.000000
-562.000000
-568.000000
-566.000000
-572.000000
-586.000000
-574.000000
-576.000000
-554.000000
-556.000000
-562.000000
-568.000000
-562.000000
-572.000000
-568.000000
-572.000000
-570.000000
-548.000000
-568.000000
-572.000000
-572.000000
-566.000000
-566.000000
-564.000000
-572.000000
-570.000000
-558.000000
-560.000000
-542.000000
-562.000000
-584.000000
-566.000000
-568.000000
-570.000000
-550.000000
-552.000000
-570.000000
-572.000000
-544.000000
-564.000000
-556.000000
-560.000000
-560.000000
-572.000000
-576.000000
-554.000000
-570.000000
-564.000000
-556.000000
-568.000000
-550.000000
-556.000000
-556.000000
-560.000000
-548.000000
-548.000000
-562.000000
-568.000000
-560.000000
-568.000000
-556.000000
-568.000000
-570.000000
-562.000000
-568.000000
-570.000000
-560.000000
-566.000000
-572.000000
-570.000000
-562.000000
-572.000000
-560.000000
-554.000000
-560.000000
-578.000000
-560.000000
-544.000000
-564.000000
-566.000000
-570.000000
-578.000000
-570.000000
-566.000000
-556.000000
-564.000000
-558.000000
-566.000000
-558.000000
-564.000000
-570.000000
-556.000000
-554.000000
-566.000000
-566.000000
-562.000000
-570.000000
-564.000000
-568.000000
-550.000000
-550.000000
-560.000000
-552.000000
-554.000000
-564.000000
-566.000000
-560.000000
-564.000000
-572.000000
-566.000000
-554.000000
-564.000000
-560.000000
-554.000000
-548.000000
-566.000000
-568.000000
-550.000000
-568.000000
-566.000000
-572.000000
-564.000000
-556.000000
-548.000000
-570.000000
-558.000000
-576.000000
-566.000000
-564.000000
-576.000000
-560.000000
-564.000000
-566.000000
-576.000000
-560.000000
-552.000000
-562.000000
-572.000000
-566.000000
-562.000000
-558.000000
-566.000000
-582.000000
-570.000000
-568.000000
-568.000000
-564.000000
-568.000000
-570.000000
-560.000000
-566.000000
-562.000000
-560.000000
-566.000000
-572.000000
-550.000000
-546.000000
-548.000000
-566.000000
-570.000000
-566.000000
-562.000000
-546.000000
-554.000000
-566.000000
-566.000000
-564.000000
-560.000000
-560.000000
-558.000000
-562.000000
-552.000000
-558.000000
-570.000000
-556.000000
-564.000000
-544.000000
-550.000000
-572.000000
-560.000000
-566.000000
-574.000000
-562.000000
-564.000000
-568.000000
-580.000000
-566.000000
-568.000000
-566.000000
-562.000000
-552.000000
-568.000000
-554.000000
-558.000000
-560.000000
-550.000000
-556.000000
-562.000000
-556.000000
-560.000000
-568.000000
-566.000000
-572.000000
-568.000000
-572.000000
-570.000000
-580.000000
-556.000000
-562.000000
-558.000000
-564.000000
-558.000000
-570.000000
-568.000000
-566.000000
-560.000000
-556.000000
-568.000000
-570.000000
-576.000000
-570.000000
-560.000000
-570.000000
-558.000000
-564.000000
-558.000000
-558.000000
-574.000000
-560.000000
-564.000000
-566.000000
-554.000000
-564.000000
-556.000000
-560.000000
-588.000000
-582.000000
-572.000000
-560.000000
-570.000000
-574.000000
-560.000000
-564.000000
-560.000000
-572.000000
-562.000000
-546.000000
-564.000000
-572.000000
-568.000000
-562.000000
-566.000000
-564.000000
-560.000000
-570.000000
-562.000000
-576.000000
-566.000000
-564.000000
-560.000000
-574.000000
-566.000000
-566.000000
-570.000000
-564.000000
-552.000000
-560.000000
-554.000000
-570.000000
-570.000000
-550.000000
-560.000000
-574.000000
-570.000000
-566.000000
-564.000000
-554.000000
-562.000000
-572.000000
-570.000000
-560.000000
-562.000000
-550.000000
-574.000000
-566.000000
-572.000000
-566.000000
-570.000000
-564.000000
-564.000000
-568.000000
-570.000000
-576.000000
-576.000000
-564.000000
-562.000000
-560.000000
-570.000000
-564.000000
-566.000000
-568.000000
-574.000000
-574.000000
-570.000000
-556.000000
-560.000000
-572.000000
-562.000000
-572.000000
-556.000000
-568.000000
-558.000000
-570.000000
-556.000000
-566.000000
-584.000000
-570.000000
-574.000000
-560.000000
-574.000000
-576.000000
-558.000000
-564.000000
-586.000000
-560.000000
-574.000000
-574.000000
-570.000000
-580.000000
-560.000000
-572.000000
-560.000000
-562.000000
-574.000000
-562.000000
-560.000000
-570.000000
-576.000000
-574.000000
-564.000000
-564.000000
-560.000000
-578.000000
-572.000000
-548.000000
-562.000000
-566.000000
-558.000000
-566.000000
-578.000000
-560.000000
-570.000000
-552.000000
-564.000000
-578.000000
-550.000000
-580.000000
-566.000000
-572.000000
-558.000000
-564.000000
-564.000000
-570.000000
-572.000000
-568.000000
-568.000000
-566.000000
-576.000000
-580.000000
-590.000000
-570.000000
-572.000000
-566.000000
-568.000000
-560.000000
-578.000000
-562.000000
-562.000000
-576.000000
-558.000000
-568.000000
-554.000000
-560.000000
-584.000000
-568.000000
-560.000000
-570.000000
-570.000000
-562.000000
-570.000000
-560.000000
-572.000000
-564.000000
-550.000000
-568.000000
-572.000000
-564.000000
-560.000000
-556.000000
-566.000000
-560.000000
-558.000000
-560.000000
-562.000000
-564.000000
-558.000000
-572.000000
-568.000000
-562.000000
-558.000000
-574.000000
-556.000000
-560.000000
-574.000000
-566.000000
-558.000000
-570.000000
-568.000000
-554.000000
-550.000000
-566.000000
-572.000000
-560.000000
-562.000000
-566.000000
-578.000000
-556.000000
-568.000000
-570.000000
-570.000000
-580.000000
-562.000000
-554.000000
-562.000000
-554.000000
-564.000000
-570.000000
-578.000000
-546.000000
-548.000000
-564.000000
-570.000000
-562.000000
-564.000000
-568.000000
-574.000000
-562.000000
-576.000000
-560.000000
-556.000000
-566.000000
-582.000000
-564.000000
-564.000000
-552.000000
-550.000000
-572.000000
-570.000000
-558.000000
-566.000000
-572.000000
-558.000000
-566.000000
-564.000000
-578.000000
-558.000000
-556.000000
-578.000000
-560.000000
-568.000000
-566.000000
-562.000000
-562.000000
-562.000000
-554.000000
-572.000000
-558.000000
-574.000000
-570.000000
-556.000000
-566.000000
-572.000000
-580.000000
-564.000000
-552.000000
-562.000000
-568.000000
-570.000000
-564.000000
-568.000000
-558.000000
-558.000000
-566.000000
-570.000000
-558.000000
-570.000000
-562.000000
-552.000000
-558.000000
-562.000000
-556.000000
-564.000000
-566.000000
-562.000000
-568.000000
-566.000000
-572.000000
-566.000000
-566.000000
-556.000000
-542.000000
-570.000000
-558.000000
-568.000000
-552.000000
-566.000000
-558.000000
-558.000000
-564.000000
-550.000000
-564.000000
-558.000000
-574.000000
-570.000000
-564.000000
-560.000000
-552.000000
-558.000000
-562.000000
-562.000000
-572.000000
-572.000000
-560.000000
-556.000000
-576.000000
-570.000000
-566.000000
-564.000000
-572.000000
-558.000000
-566.000000
-568.000000
-556.000000
-564.000000
-564.000000
-594.000000
-574.000000
-558.000000
-574.000000
-550.000000
-566.000000
-562.000000
-570.000000
-564.000000
-566.000000
-564.000000
-574.000000
-566.000000
-568.000000
-556.000000
-580.000000
-554.000000
-566.000000
-564.000000
-566.000000
-566.000000
-568.000000
-582.000000
-574.000000
-558.000000
-564.000000
-570.000000
-560.000000
-558.000000
-574.000000
-564.000000
-570.000000
-562.000000
-576.000000
-556.000000
-562.000000
-574.000000
-550.000000
-554.000000
-572.000000
-568.000000
-572.000000
-578.000000
-570.000000
-572.000000
-558.000000
-548.000000
-552.000000
-568.000000
-554.000000
-576.000000
-554.000000
-560.000000
-560.000000
-560.000000
-566.000000
-556.000000
-564.000000
-562.000000
-576.000000
-556.000000
-562.000000
-556.000000
-558.000000
-556.000000
-568.000000
-574.000000
-576.000000
-546.000000
-546.000000
-564.000000
-562.000000
-562.000000
-562.000000
-568.000000
-572.000000
-564.000000
-566.000000
-570.000000
-566.000000
-574.000000
-570.000000
-556.000000
-570.000000
-578.000000
-570.000000
-552.000000
-570.000000
-552.000000
-560.000000
-584.000000
-568.000000
-564.000000
-566.000000
-560.000000
-578.000000
-562.000000
-568.000000
-562.000000
-558.000000
-572.000000
-562.000000
-558.000000
-558.000000
-568.000000
-560.000000
-554.000000
-572.000000
-572.000000
-570.000000
-560.000000
-572.000000
-576.000000
-554.000000
-570.000000
-556.000000
-558.000000
-554.000000
-564.000000
-566.000000
-570.000000
-580.000000
-552.000000
-562.000000
-562.000000
-564.000000
-560.000000
-564.000000
-568.000000
-570.000000
-564.000000
-564.000000
-572.000000
-572.000000
-554.000000
-560.000000
-566.000000
-568.000000
-560.000000
-556.000000
-570.000000
-566.000000
-562.000000
-564.000000
-564.000000
-572.000000
-566.000000
-572.000000
-558.000000
-556.000000
-566.000000
-556.000000
-564.000000
-560.000000
-566.000000
-562.000000
-570.000000
-560.000000
-566.000000
-572.000000
-564.000000
-568.000000
-564.000000
-558.000000
-566.000000
-566.000000
-572.000000
-572.000000
-562.000000
-568.000000
-560.000000
-570.000000
-574.000000
-570.000000
-556.000000
-562.000000
-548.000000
-562.000000
-554.000000
-564.000000
-556.000000
-566.000000
-568.000000
-562.000000
-560.000000
-558.000000
-568.000000
-564.000000
-552.000000
-570.000000
-572.000000
-574.000000
-566.000000
-560.000000
-574.000000
-574.000000
-562.000000
-572.000000
-566.000000
-564.000000
-560.000000
-570.000000
-560.000000
-566.000000
-562.000000
-572.000000
-564.000000
-560.000000
-562.000000
-564.000000
-550.000000
-558.000000
-568.000000
-568.000000
-566.000000
-570.000000
-568.000000
-562.000000
-572.000000
-554.000000
-558.000000
-566.000000
-552.000000
-570.000000
-560.000000
-560.000000
-564.000000
-568.000000
-560.000000
-566.000000
-564.000000
-578.000000
-552.000000
-560.000000
-568.000000
-566.000000
-562.000000
-556.000000
-568.000000
-568.000000
-568.000000
-566.000000
-566.000000
-558.000000
-572.000000
-556.000000
-552.000000
-554.000000
-564.000000
-564.000000
-566.000000
-570.000000
-574.000000
-560.000000
-570.000000
-558.000000
-570.000000
-576.000000
-572.000000
-572.000000
-568.000000
-566.000000
-574.000000
-570.000000
-568.000000
-572.000000
-566.000000
-566.000000
-562.000000
-562.000000
-572.000000
-564.000000
-568.000000
-562.000000
-558.000000
-560.000000
-568.000000
-552.000000
-580.000000
-574.000000
-572.000000
-566.000000
-568.000000
-562.000000
-566.000000
-576.000000
-558.000000
-578.000000
-560.000000
-562.000000
-566.000000
-560.000000
-568.000000
-570.000000
-566.000000
-552.000000
-568.000000
-564.000000
-570.000000
-550.000000
-572.000000
-568.000000
-570.000000
-564.000000
-556.000000
-568.000000
-572.000000
-572.000000
-558.000000
-566.000000
-566.000000
-570.000000
-572.000000
-568.000000
-564.000000
-566.000000
-564.000000
-554.000000
-568.000000
-572.000000
-558.000000
-562.000000
-584.000000
-566.000000
-570.000000
-558.000000
-570.000000
-560.000000
-560.000000
-582.000000
-564.000000
-568.000000
-562.000000
-562.000000
-564.000000
-564.000000
-564.000000
-578.000000
-562.000000
-568.000000
-556.000000
-570.000000
-560.000000
-554.000000
-576.000000
-568.000000
-556.000000
-560.000000
-566.000000
-568.000000
-574.000000
