3768.000000
3726.000000
3726.000000
3738.000000
3722.000000
3722.000000
3712.000000
3734.000000
3712.000000
3712.000000
3764.000000
3742.000000
3796.000000
3720.000000
3716.000000
3674.000000
3772.000000
3798.000000
3728.000000
3722.000000
3716.000000
3740.000000
3720.000000
3732.000000
3718.000000
3724.000000
3722.000000
3670.000000
3728.000000
3718.000000
3722.000000
3732.000000
3720.000000
3770.000000
3718.000000
3742.000000
3718.000000
3766.000000
3716.000000
3740.000000
3724.000000
3724.000000
3714.000000
3720.000000
3718.000000
3728.000000
3768.000000
3746.000000
3716.000000
3726.000000
3714.000000
3738.000000
3724.000000
3786.000000
3768.000000
3734.000000
3732.000000
3712.000000
3716.000000
3726.000000
3774.000000
3768.000000
3770.000000
3736.000000
3728.000000
3834.000000
3714.000000
3720.000000
3716.000000
3790.000000
3756.000000
3744.000000
3714.000000
3714.000000
3716.000000
3674.000000
3724.000000
3720.000000
3714.000000
3662.000000
3714.000000
3712.000000
3838.000000
3658.000000
3712.000000
3714.000000
3772.000000
3728.000000
3714.000000
3720.000000
3768.000000
3674.000000
3774.000000
3762.000000
3768.000000
3726.000000
3720.000000
3720.000000
3730.000000
3666.000000
3724.000000
3736.000000
3770.000000
3734.000000
3774.000000
3714.000000
3726.000000
3654.000000
3768.000000
3774.000000
3792.000000
3654.000000
3760.000000
3768.000000
3734.000000
3734.000000
3720.000000
3772.000000
3766.000000
3680.000000
3722.000000
3714.000000
3716.000000
3734.000000
3718.000000
3726.000000
3712.000000
3738.000000
3716.000000
3712.000000
3712.000000
3730.000000
3712.000000
3736.000000
3772.000000
3730.000000
3716.000000
3772.000000
3732.000000
3738.000000
3720.000000
3722.000000
3724.000000
3666.000000
3768.000000
3726.000000
3768.000000
3670.000000
3772.000000
3726.000000
3732.000000
3648.000000
3772.000000
3832.000000
3764.000000
3732.000000
3714.000000
3730.000000
3714.000000
3722.000000
3728.000000
3724.000000
3724.000000
3732.000000
3768.000000
3774.000000
3714.000000
3664.000000
3770.000000
3788.000000
3770.000000
3670.000000
3766.000000
3730.000000
3734.000000
3772.000000
3718.000000
3712.000000
3782.000000
3718.000000
3786.000000
3720.000000
3738.000000
3714.000000
3828.000000
3732.000000
3716.000000
3732.000000
3716.000000
3836.000000
3764.000000
3740.000000
3730.000000
3716.000000
3766.000000
3650.000000
3764.000000
3720.000000
3714.000000
3748.000000
3792.000000
3716.000000
3756.000000
3758.000000
3726.000000
3766.000000
3716.000000
3732.000000
3774.000000
3770.000000
3728.000000
3670.000000
3774.000000
3720.000000
3776.000000
3722.000000
3728.000000
3716.000000
3764.000000
3716.000000
3720.000000
3720.000000
3712.000000
3664.000000
3726.000000
3712.000000
3768.000000
3744.000000
3712.000000
3720.000000
3772.000000
3730.000000
3838.000000
3768.000000
3770.000000
3736.000000
3722.000000
3740.000000
3714.000000
3724.000000
3772.000000
3712.000000
3726.000000
3724.000000
3772.000000
3728.000000
3734.000000
3738.000000
3726.000000
3728.000000
3778.000000
3734.000000
3732.000000
3772.000000
3718.000000
3734.000000
3770.000000
3722.000000
3718.000000
3726.000000
3716.000000
3720.000000
3716.000000
3742.000000
3720.000000
3770.000000
3770.000000
3752.000000
3736.000000
3772.000000
3716.000000
3676.000000
3714.000000
3722.000000
3766.000000
3724.000000
3792.000000
3720.000000
3768.000000
3752.000000
3734.000000
3722.000000
3786.000000
3750.000000
3720.000000
3780.000000
3838.000000
3728.000000
3768.000000
3780.000000
3798.000000
3732.000000
3770.000000
3782.000000
3720.000000
3736.000000
3766.000000
3766.000000
3784.000000
3666.000000
3770.000000
3718.000000
3740.000000
3718.000000
3712.000000
3784.000000
3772.000000
3740.000000
3722.000000
3782.000000
3726.000000
3740.000000
3714.000000
3726.000000
3728.000000
3734.000000
3722.000000
3728.000000
3720.000000
3734.000000
3712.000000
3774.000000
3712.000000
3746.000000
3790.000000
3732.000000
3756.000000
3598.000000
3734.000000
3724.000000
3744.000000
3762.000000
3738.000000
3726.000000
3792.000000
3702.000000
3756.000000
3780.000000
3772.000000
3774.000000
3760.000000
3712.000000
3716.000000
3726.000000
3748.000000
3758.000000
3724.000000
3668.000000
3714.000000
3772.000000
3762.000000
3714.000000
3766.000000
3768.000000
3772.000000
3716.000000
3774.000000
3768.000000
3712.000000
3652.000000
3768.000000
3768.000000
3772.000000
3710.000000
3712.000000
3766.000000
3766.000000
3720.000000
3762.000000
3770.000000
3730.000000
3706.000000
3768.000000
3774.000000
3718.000000
3724.000000
3766.000000
3766.000000
3762.000000
3738.000000
3770.000000
3774.000000
3768.000000
3724.000000
3772.000000
3832.000000
3764.000000
3712.000000
3712.000000
3716.000000
3712.000000
3768.000000
3712.000000
3764.000000
3718.000000
3716.000000
3772.000000
3756.000000
3774.000000
3726.000000
3764.000000
3716.000000
3766.000000
3774.000000
3764.000000
3770.000000
3768.000000
3730.000000
3712.000000
3770.000000
3716.000000
3660.000000
3722.000000
3724.000000
3760.000000
3722.000000
3718.000000
3716.000000
3720.000000
3650.000000
3754.000000
3712.000000
3720.000000
3714.000000
3832.000000
3724.000000
3762.000000
3728.000000
3764.000000
3722.000000
3774.000000
3668.000000
3764.000000
3764.000000
3718.000000
3710.000000
3760.000000
3714.000000
3714.000000
3730.000000
3720.000000
3838.000000
3762.000000
3652.000000
3712.000000
3718.000000
3712.000000
3664.000000
3766.000000
3766.000000
3774.000000
3656.000000
3712.000000
3752.000000
3758.000000
3722.000000
3766.000000
3770.000000
3768.000000
3654.000000
3772.000000
3770.000000
3712.000000
3654.000000
3772.000000
3716.000000
3764.000000
3668.000000
3770.000000
3718.000000
3716.000000
3648.000000
3762.000000
3772.000000
3774.000000
3720.000000
3760.000000
3772.000000
3714.000000
3704.000000
3714.000000
3722.000000
3718.000000
3706.000000
3758.000000
3764.000000
3770.000000
3718.000000
3766.000000
3768.000000
3760.000000
3660.000000
3718.000000
3774.000000
3774.000000
3716.000000
3762.000000
3770.000000
3724.000000
3724.000000
3724.000000
3714.000000
3772.000000
3736.000000
3712.000000
3768.000000
3780.000000
3668.000000
3716.000000
3760.000000
3718.000000
3726.000000
3772.000000
3764.000000
3774.000000
3722.000000
3774.000000
3766.000000
3758.000000
3664.000000
3760.000000
3772.000000
3766.000000
3740.000000
3772.000000
3766.000000
3774.000000
3666.000000
3770.000000
3726.000000
3730.000000
3726.000000
3760.000000
3770.000000
3714.000000
3670.000000
3768.000000
3762.000000
3714.000000
3712.000000
3774.000000
3716.000000
3744.000000
3660.000000
3718.000000
3734.000000
3734.000000
3728.000000
3768.000000
3698.000000
3772.000000
3746.000000
3820.000000
3828.000000
3810.000000
3772.000000
3800.000000
3796.000000
3784.000000
3748.000000
3744.000000
3786.000000
3828.000000
3734.000000
3772.000000
3726.000000
3752.000000
3766.000000
3754.000000
3746.000000
3750.000000
3766.000000
3790.000000
3750.000000
3810.000000
3758.000000
3746.000000
3816.000000
3736.000000
3754.000000
3730.000000
3760.000000
3748.000000
3752.000000
3742.000000
3750.000000
3814.000000
3758.000000
3726.000000
3748.000000
3756.000000
3722.000000
3744.000000
3750.000000
3760.000000
3730.000000
3774.000000
3736.000000
3816.000000
3758.000000
3754.000000
3738.000000
3804.000000
3754.000000
3808.000000
3802.000000
3800.000000
3768.000000
3734.000000
3816.000000
3752.000000
3734.000000
3716.000000
3812.000000
3720.000000
3734.000000
3742.000000
3798.000000
3726.000000
3762.000000
3740.000000
3736.000000
3742.000000
3742.000000
3742.000000
3740.000000
3742.000000
3754.000000
3714.000000
3734.000000
3730.000000
3756.000000
3738.000000
3778.000000
3762.000000
3750.000000
3796.000000
3728.000000
3748.000000
3748.000000
3746.000000
3748.000000
3736.000000
3688.000000
3792.000000
3798.000000
3740.000000
3768.000000
3798.000000
3794.000000
3738.000000
3768.000000
3816.000000
3736.000000
3740.000000
3766.000000
3812.000000
3724.000000
3800.000000
3750.000000
3808.000000
3744.000000
3810.000000
3738.000000
3736.000000
3744.000000
3736.000000
3774.000000
3822.000000
3732.000000
3796.000000
3754.000000
3814.000000
3736.000000
3742.000000
3700.000000
3738.000000
3728.000000
3744.000000
3756.000000
3746.000000
3732.000000
3732.000000
3758.000000
3816.000000
3792.000000
3812.000000
3754.000000
3788.000000
3802.000000
3740.000000
3684.000000
3744.000000
3734.000000
3724.000000
3770.000000
3734.000000
3806.000000
3740.000000
3756.000000
3798.000000
3742.000000
3730.000000
3752.000000
3752.000000
3806.000000
3720.000000
3736.000000
3806.000000
3740.000000
3790.000000
3756.000000
3736.000000
3720.000000
3734.000000
3730.000000
3716.000000
3738.000000
3732.000000
3752.000000
3746.000000
3730.000000
3752.000000
3746.000000
3712.000000
3774.000000
3798.000000
3754.000000
3728.000000
3732.000000
3804.000000
3724.000000
3712.000000
3742.000000
3750.000000
3758.000000
3802.000000
3806.000000
3788.000000
3760.000000
3792.000000
3748.000000
3738.000000
3744.000000
3792.000000
3804.000000
3810.000000
3750.000000
3734.000000
3810.000000
3732.000000
3756.000000
3794.000000
3798.000000
3740.000000
3690.000000
3738.000000
3728.000000
3748.000000
3758.000000
3814.000000
3804.000000
3744.000000
3754.000000
3738.000000
3810.000000
3814.000000
3748.000000
3744.000000
3748.000000
3750.000000
3762.000000
3734.000000
3736.000000
3750.000000
3752.000000
3720.000000
3752.000000
3790.000000
3692.000000
3724.000000
3736.000000
3752.000000
3762.000000
3810.000000
3802.000000
3718.000000
3758.000000
3750.000000
3726.000000
3750.000000
3744.000000
3746.000000
3734.000000
3740.000000
3742.000000
3736.000000
3738.000000
3726.000000
3750.000000
3746.000000
3742.000000
3726.000000
3742.000000
3730.000000
3794.000000
3736.000000
3756.000000
3734.000000
3726.000000
3812.000000
3746.000000
3740.000000
3806.000000
3802.000000
3736.000000
3726.000000
3748.000000
3734.000000
3696.000000
3808.000000
3716.000000
3808.000000
3738.000000
3740.000000
3782.000000
3736.000000
3738.000000
3728.000000
3726.000000
3738.000000
3744.000000
3728.000000
3736.000000
3716.000000
3772.000000
3730.000000
3804.000000
3742.000000
3746.000000
3810.000000
3734.000000
3738.000000
3746.000000
3732.000000
3736.000000
3798.000000
3744.000000
3746.000000
3812.000000
3744.000000
3688.000000
3742.000000
3734.000000
3736.000000
3754.000000
3752.000000
3812.000000
3806.000000
3752.000000
3732.000000
3734.000000
3800.000000
3754.000000
3736.000000
3734.000000
3732.000000
3758.000000
3798.000000
3806.000000
3790.000000
3748.000000
3810.000000
3730.000000
3806.000000
3738.000000
3736.000000
3808.000000
3738.000000
3770.000000
3726.000000
3794.000000
3734.000000
3760.000000
3744.000000
3738.000000
3748.000000
3758.000000
3746.000000
3726.000000
3784.000000
3762.000000
3728.000000
3744.000000
3732.000000
3762.000000
3752.000000
3742.000000
3712.000000
3742.000000
3800.000000
3734.000000
3800.000000
3766.000000
3810.000000
3746.000000
3728.000000
3748.000000
3826.000000
3740.000000
3740.000000
3750.000000
3730.000000
3726.000000
3736.000000
3750.000000
3744.000000
3742.000000
3730.000000
3766.000000
3738.000000
3740.000000
3738.000000
3754.000000
3802.000000
3744.000000
3734.000000
3756.000000
3796.000000
3804.000000
3804.000000
3750.000000
3720.000000
3806.000000
3730.000000
3736.000000
3744.000000
3722.000000
3816.000000
3736.000000
3744.000000
3724.000000
3736.000000
3754.000000
3746.000000
3726.000000
3736.000000
3750.000000
3754.000000
3728.000000
3738.000000
3756.000000
3740.000000
3798.000000
3734.000000
3690.000000
3742.000000
3724.000000
3746.000000
3742.000000
3718.000000
3738.000000
3748.000000
3742.000000
3738.000000
3792.000000
3800.000000
3748.000000
3722.000000
3798.000000
3832.000000
3752.000000
3726.000000
3740.000000
3746.000000
3746.000000
3796.000000
3736.000000
3802.000000
3748.000000
3736.000000
3740.000000
3786.000000
3754.000000
3822.000000
3792.000000
3732.000000
3760.000000
3806.000000
3736.000000
3796.000000
3740.000000
3732.000000
3794.000000
3746.000000
3714.000000
3740.000000
3736.000000
3724.000000
3758.000000
3736.000000
3808.000000
3736.000000
3746.000000
3808.000000
3748.000000
3730.000000
3760.000000
3754.000000
3740.000000
3732.000000
3680.000000
3738.000000
3738.000000
3800.000000
3728.000000
3740.000000
3808.000000
3804.000000
3660.000000
3774.000000
3796.000000
3798.000000
3748.000000
3794.000000
3724.000000
3796.000000
3758.000000
3804.000000
3734.000000
3734.000000
3736.000000
3736.000000
3802.000000
3808.000000
3738.000000
3728.000000
3736.000000
3734.000000
3748.000000
3802.000000
3738.000000
3734.000000
3682.000000
3796.000000
3814.000000
3738.000000
3740.000000
3730.000000
3790.000000
3806.000000
3742.000000
3796.000000
3752.000000
3794.000000
3730.000000
3794.000000
3736.000000
3740.000000
3728.000000
3774.000000
3728.000000
3738.000000
3678.000000
3736.000000
3738.000000
3734.000000
3734.000000
3734.000000
3730.000000
3794.000000
3758.000000
3732.000000
3724.000000
3796.000000
3684.000000
3734.000000
3724.000000
3712.000000
3728.000000
3798.000000
3740.000000
3738.000000
3736.000000
3788.000000
3712.000000
3730.000000
3746.000000
3714.000000
3812.000000
3718.000000
3740.000000
3726.000000
3792.000000
3726.000000
3746.000000
3740.000000
3726.000000
3716.000000
3748.000000
3740.000000
3712.000000
3788.000000
3670.000000
3736.000000
3716.000000
3788.000000
3738.000000
3730.000000
3736.000000
3740.000000
3760.000000
3834.000000
3728.000000
3736.000000
3742.000000
3796.000000
3716.000000
3732.000000
3676.000000
3730.000000
3790.000000
3736.000000
3752.000000
3734.000000
3736.000000
3798.000000
3746.000000
3746.000000
3726.000000
3720.000000
3736.000000
3726.000000
3790.000000
3724.000000
3670.000000
3774.000000
3788.000000
3740.000000
3746.000000
3796.000000
3782.000000
3792.000000
3766.000000
3730.000000
3738.000000
3742.000000
3744.000000
3748.000000
3732.000000
3712.000000
3744.000000
3742.000000
3804.000000
3732.000000
3756.000000
3752.000000
3742.000000
3800.000000
3760.000000
3736.000000
3772.000000
3720.000000
3740.000000
3732.000000
3734.000000
3730.000000
3672.000000
3712.000000
3724.000000
3742.000000
3734.000000
3732.000000
3792.000000
3728.000000
3740.000000
3730.000000
3740.000000
3716.000000
3746.000000
3738.000000
3716.000000
3792.000000
3754.000000
3744.000000
3718.000000
3756.000000
3680.000000
3730.000000
3732.000000
3722.000000
3740.000000
3722.000000
3788.000000
3800.000000
3732.000000
3726.000000
3730.000000
3730.000000
3742.000000
3808.000000
3730.000000
3724.000000
3742.000000
3724.000000
3788.000000
3722.000000
3744.000000
3800.000000
3732.000000
3792.000000
3670.000000
3722.000000
3770.000000
3726.000000
3734.000000
3736.000000
3746.000000
3720.000000
3742.000000
3720.000000
3730.000000
3744.000000
3742.000000
3836.000000
3732.000000
3730.000000
3756.000000
3720.000000
3794.000000
3732.000000
3736.000000
3748.000000
3782.000000
3728.000000
3744.000000
3726.000000
3722.000000
3738.000000
3756.000000
3732.000000
3722.000000
3742.000000
3758.000000
3734.000000
3838.000000
3722.000000
3748.000000
3730.000000
3746.000000
3786.000000
3738.000000
3748.000000
3722.000000
3796.000000
3760.000000
3728.000000
3722.000000
3722.000000
3752.000000
3746.000000
3788.000000
3734.000000
3666.000000
3728.000000
3794.000000
3748.000000
3744.000000
3734.000000
3722.000000
3802.000000
3748.000000
3798.000000
3716.000000
3772.000000
3758.000000
3802.000000
3734.000000
3812.000000
3730.000000
3722.000000
3794.000000
3790.000000
3736.000000
3718.000000
3718.000000
3736.000000
3740.000000
3714.000000
3794.000000
3776.000000
3728.000000
3714.000000
3742.000000
3734.000000
3758.000000
3784.000000
3718.000000
3730.000000
3680.000000
3724.000000
3786.000000
3738.000000
3742.000000
3726.000000
3798.000000
3728.000000
3674.000000
3732.000000
3712.000000
3728.000000
3758.000000
3722.000000
3718.000000
3722.000000
3748.000000
3722.000000
3720.000000
3728.000000
3732.000000
3740.000000
3738.000000
3738.000000
3750.000000
3730.000000
3740.000000
3728.000000
3746.000000
3730.000000
3726.000000
3714.000000
3748.000000
3732.000000
3712.000000
3728.000000
3748.000000
3728.000000
3746.000000
3738.000000
3764.000000
3720.000000
3766.000000
3792.000000
3740.000000
3770.000000
3724.000000
3720.000000
3738.000000
3826.000000
3732.000000
3718.000000
3680.000000
3714.000000
3722.000000
3800.000000
3750.000000
3720.000000
3780.000000
3716.000000
3746.000000
3734.000000
3720.000000
3732.000000
3750.000000
3790.000000
3712.000000
3722.000000
3728.000000
3720.000000
3720.000000
3788.000000
3734.000000
3782.000000
3730.000000
3738.000000
3744.000000
3790.000000
3724.000000
3772.000000
3742.000000
3722.000000
3738.000000
3726.000000
3662.000000
3838.000000
3806.000000
3780.000000
3738.000000
3728.000000
3722.000000
3724.000000
3662.000000
3716.000000
3734.000000
3726.000000
3672.000000
3728.000000
3722.000000
3810.000000
3736.000000
3720.000000
3792.000000
3764.000000
3744.000000
3722.000000
3728.000000
3744.000000
3654.000000
3712.000000
3724.000000
3718.000000
3756.000000
3720.000000
3722.000000
3728.000000
3736.000000
3724.000000
3782.000000
3726.000000
3722.000000
3784.000000
3734.000000
3722.000000
3734.000000
3720.000000
3720.000000
3712.000000
3730.000000
3734.000000
3790.000000
3718.000000
3662.000000
3718.000000
3722.000000
3712.000000
3730.000000
3782.000000
3724.000000
3730.000000
3726.000000
3728.000000
3724.000000
3726.000000
3664.000000
3714.000000
3720.000000
3724.000000
3740.000000
3722.000000
3726.000000
3766.000000
3748.000000
3774.000000
3774.000000
3772.000000
3686.000000
3720.000000
3724.000000
3720.000000
3722.000000
3722.000000
3786.000000
3786.000000
3664.000000
3742.000000
3720.000000
3730.000000
3732.000000
3720.000000
3718.000000
3726.000000
3738.000000
3724.000000
3718.000000
3738.000000
3664.000000
3712.000000
3724.000000
3746.000000
3656.000000
3722.000000
3792.000000
3718.000000
3738.000000
3714.000000
3732.000000
3794.000000
3746.000000
3736.000000
3774.000000
3714.000000
3744.000000
3774.000000
3776.000000
3716.000000
3666.000000
3718.000000
3778.000000
3720.000000
3744.000000
3724.000000
3718.000000
3720.000000
3740.000000
3734.000000
3726.000000
3720.000000
3748.000000
3720.000000
3726.000000
3768.000000
3736.000000
3726.000000
3722.000000
3764.000000
3708.000000
3750.000000
3722.000000
3804.000000
3728.000000
3734.000000
3812.000000
3720.000000
3760.000000
3730.000000
3724.000000
3788.000000
3656.000000
3716.000000
3722.000000
3724.000000
3740.000000
3718.000000
3718.000000
3728.000000
3734.000000
3714.000000
3738.000000
3714.000000
3744.000000
3792.000000
3792.000000
3796.000000
3732.000000
3714.000000
3728.000000
3732.000000
3746.000000
3730.000000
3790.000000
3718.000000
3758.000000
3722.000000
3732.000000
3718.000000
3664.000000
3792.000000
3746.000000
3786.000000
3674.000000
3718.000000
3714.000000
3796.000000
3726.000000
3730.000000
3802.000000
3770.000000
3740.000000
3730.000000
3774.000000
3744.000000
3740.000000
3724.000000
3726.000000
3836.000000
3740.000000
3796.000000
3770.000000
3714.000000
3738.000000
3718.000000
3722.000000
3736.000000
3724.000000
3712.000000
3732.000000
3712.000000
3730.000000
3714.000000
3726.000000
3718.000000
3732.000000
3718.000000
3774.000000
3770.000000
3728.000000
3720.000000
3732.000000
3726.000000
3718.000000
3772.000000
3726.000000
3714.000000
3658.000000
3724.000000
3716.000000
3712.000000
3740.000000
3726.000000
3768.000000
3714.000000
3734.000000
3774.000000
3772.000000
3716.000000
3676.000000
3712.000000
3724.000000
3768.000000
3736.000000
3720.000000
3772.000000
3732.000000
3666.000000
3718.000000
3722.000000
3724.000000
3724.000000
3764.000000
3720.000000
3722.000000
3742.000000
3726.000000
3796.000000
3726.000000
3760.000000
3726.000000
3742.000000
3724.000000
3732.000000
3774.000000
3716.000000
3718.000000
3740.000000
3730.000000
3780.000000
3720.000000
3662.000000
3712.000000
3756.000000
3728.000000
3748.000000
3722.000000
3726.000000
3728.000000
3768.000000
3720.000000
3782.000000
3712.000000
3678.000000
3726.000000
3714.000000
3716.000000
3730.000000
3712.000000
3800.000000
3762.000000
3760.000000
3726.000000
3794.000000
3728.000000
3716.000000
3734.000000
3742.000000
3734.000000
3742.000000
3728.000000
3798.000000
3744.000000
3742.000000
3714.000000
3774.000000
3752.000000
3668.000000
3774.000000
3808.000000
3736.000000
3672.000000
3726.000000
3726.000000
3744.000000
3728.000000
3716.000000
3728.000000
3798.000000
3690.000000
3716.000000
3800.000000
3718.000000
3746.000000
3726.000000
3734.000000
3730.000000
3726.000000
3724.000000
3728.000000
3836.000000
3718.000000
3836.000000
3768.000000
3720.000000
3670.000000
3722.000000
3732.000000
3830.000000
3720.000000
3790.000000
3734.000000
3724.000000
3666.000000
3714.000000
3724.000000
3720.000000
3690.000000
3804.000000
3750.000000
3752.000000
3724.000000
3714.000000
3712.000000
3746.000000
3660.000000
3772.000000
3778.000000
3716.000000
3712.000000
3772.000000
3772.000000
3770.000000
3652.000000
3718.000000
3724.000000
3716.000000
3654.000000
3772.000000
3716.000000
3768.000000
3734.000000
3770.000000
3768.000000
3760.000000
3666.000000
3716.000000
3714.000000
3714.000000
3656.000000
3772.000000
3770.000000
3712.000000
3726.000000
3766.000000
3764.000000
3712.000000
3718.000000
3764.000000
3716.000000
3716.000000
3724.000000
3716.000000
3766.000000
3716.000000
3658.000000
3830.000000
3766.000000
3720.000000
3658.000000
3724.000000
3824.000000
3772.000000
3734.000000
3760.000000
3766.000000
3720.000000
3656.000000
3768.000000
3772.000000
3832.000000
3712.000000
3716.000000
3716.000000
3764.000000
3736.000000
3728.000000
3766.000000
3766.000000
3726.000000
3772.000000
3782.000000
3766.000000
3732.000000
3716.000000
3766.000000
3720.000000
3730.000000
3712.000000
3720.000000
3818.000000
3678.000000
3734.000000
3716.000000
3764.000000
3738.000000
3714.000000
3782.000000
3766.000000
3750.000000
3780.000000
3720.000000
3722.000000
3752.000000
3720.000000
3788.000000
3724.000000
3738.000000
3768.000000
3718.000000
3722.000000
3684.000000
3720.000000
3724.000000
3750.000000
3666.000000
3738.000000
3782.000000
3772.000000
3742.000000
3714.000000
3770.000000
3742.000000
3756.000000
3812.000000
3718.000000
3772.000000
3742.000000
3806.000000
3720.000000
3734.000000
3724.000000
3718.000000
3730.000000
3774.000000
3738.000000
3720.000000
3754.000000
3772.000000
3730.000000
3716.000000
3716.000000
3714.000000
3670.000000
3712.000000
3714.000000
3772.000000
3654.000000
3754.000000
3720.000000
3718.000000
3714.000000
3770.000000
3720.000000
3712.000000
3728.000000
3714.000000
3772.000000
3774.000000
3680.000000
3726.000000
3764.000000
3756.000000
3708.000000
3756.000000
3750.000000
3720.000000
3772.000000
3748.000000
3766.000000
3768.000000
3718.000000
3770.000000
3714.000000
3774.000000
3770.000000
3772.000000
3704.000000
3832.000000
3700.000000
3728.000000
3714.000000
3770.000000
3714.000000
3760.000000
3746.000000
3714.000000
3706.000000
3786.000000
3838.000000
3788.000000
3838.000000
3822.000000
3844.000000
3856.000000
3908.000000
3868.000000
3936.000000
3948.000000
4002.000000
4062.000000
4076.000000
4136.000000
4100.000000
4114.000000
4104.000000
4108.000000
4048.000000
4154.000000
4188.000000
4110.000000
4132.000000
4140.000000
4222.000000
4150.000000
4152.000000
4148.000000
4216.000000
4176.000000
4134.000000
4102.000000
4156.000000
4192.000000
4044.000000
4156.000000
4186.000000
4144.000000
4136.000000
4142.000000
4112.000000
4120.000000
4100.000000
4108.000000
4158.000000
4154.000000
4136.000000
4152.000000
4208.000000
4212.000000
4158.000000
4058.000000
4172.000000
4204.000000
4128.000000
4098.000000
4190.000000
4138.000000
4144.000000
4146.000000
4136.000000
4116.000000
4108.000000
4158.000000
4122.000000
4108.000000
4090.000000
4158.000000
4144.000000
4120.000000
4136.000000
4150.000000
4170.000000
4124.000000
4046.000000
4110.000000
4136.000000
4140.000000
4108.000000
4102.000000
4108.000000
4158.000000
4112.000000
4116.000000
4140.000000
4096.000000
4156.000000
4146.000000
4158.000000
4100.000000
4084.000000
4140.000000
4152.000000
4152.000000
4154.000000
4144.000000
4126.000000
4116.000000
4126.000000
4132.000000
4120.000000
4182.000000
4036.000000
4112.000000
4112.000000
4144.000000
4044.000000
4104.000000
4108.000000
4096.000000
4038.000000
4156.000000
4146.000000
4104.000000
4080.000000
4132.000000
4104.000000
4156.000000
4154.000000
4158.000000
4148.000000
4136.000000
4078.000000
4156.000000
4152.000000
4140.000000
4142.000000
4130.000000
4128.000000
4096.000000
4074.000000
4132.000000
4144.000000
4150.000000
4080.000000
4144.000000
4156.000000
4150.000000
4080.000000
4138.000000
4150.000000
4156.000000
4038.000000
4208.000000
4144.000000
4148.000000
4092.000000
4142.000000
4114.000000
4154.000000
4094.000000
4136.000000
4158.000000
4156.000000
4094.000000
4050.000000
4070.000000
4046.000000
4048.000000
4122.000000
4046.000000
4060.000000
4078.000000
4138.000000
4130.000000
4122.000000
4084.000000
4054.000000
4128.000000
4068.000000
4048.000000
4050.000000
4070.000000
4140.000000
4060.000000
4130.000000
4078.000000
4128.000000
4070.000000
4130.000000
4120.000000
4158.000000
3992.000000
4058.000000
4098.000000
4146.000000
4044.000000
4120.000000
4070.000000
4062.000000
4054.000000
4142.000000
4140.000000
4056.000000
4068.000000
4068.000000
4116.000000
4124.000000
4052.000000
4068.000000
4066.000000
4094.000000
3984.000000
4052.000000
4128.000000
4144.000000
3990.000000
4068.000000
4062.000000
4110.000000
4076.000000
4058.000000
4128.000000
4064.000000
4056.000000
4128.000000
4122.000000
4110.000000
4060.000000
4126.000000
4036.000000
4054.000000
4070.000000
4064.000000
4074.000000
4104.000000
4070.000000
4116.000000
4116.000000
4062.000000
4002.000000
4052.000000
4132.000000
4068.000000
4062.000000
4114.000000
4116.000000
4048.000000
4068.000000
4054.000000
4118.000000
4056.000000
4052.000000
4114.000000
4044.000000
4120.000000
4064.000000
4110.000000
4102.000000
4124.000000
4006.000000
4112.000000
4040.000000
4102.000000
4064.000000
4126.000000
4052.000000
4068.000000
4064.000000
4054.000000
4040.000000
4058.000000
4070.000000
4102.000000
4046.000000
4084.000000
4046.000000
4106.000000
4108.000000
4070.000000
3984.000000
4120.000000
4136.000000
4064.000000
4064.000000
4044.000000
4074.000000
4130.000000
4056.000000
4042.000000
4052.000000
4124.000000
4058.000000
4126.000000
4122.000000
4112.000000
4050.000000
4138.000000
4060.000000
4046.000000
4066.000000
4110.000000
4058.000000
4128.000000
4048.000000
4106.000000
4144.000000
4054.000000
4054.000000
4048.000000
4126.000000
4112.000000
4048.000000
4122.000000
4054.000000
4128.000000
4010.000000
4130.000000
4104.000000
4130.000000
4068.000000
4130.000000
4060.000000
4044.000000
4052.000000
4072.000000
4042.000000
4050.000000
4058.000000
4044.000000
4074.000000
4132.000000
4058.000000
4052.000000
4070.000000
4120.000000
4050.000000
4106.000000
4128.000000
4076.000000
4076.000000
4050.000000
4128.000000
4058.000000
4044.000000
4058.000000
4136.000000
4062.000000
4076.000000
4078.000000
4110.000000
4114.000000
4066.000000
4038.000000
4054.000000
4110.000000
4064.000000
4112.000000
4110.000000
4114.000000
4052.000000
4044.000000
4052.000000
4106.000000
4092.000000
4138.000000
4116.000000
4118.000000
4060.000000
4046.000000
4102.000000
4124.000000
4066.000000
4118.000000
4052.000000
4058.000000
4066.000000
4106.000000
4114.000000
4110.000000
4022.000000
4108.000000
4112.000000
4046.000000
4064.000000
4110.000000
4126.000000
4112.000000
4074.000000
4068.000000
4046.000000
4118.000000
4054.000000
4128.000000
4060.000000
4130.000000
4072.000000
4124.000000
4108.000000
4112.000000
4056.000000
4120.000000
4052.000000
4050.000000
4074.000000
4120.000000
4044.000000
4112.000000
4074.000000
4116.000000
4110.000000
4128.000000
3990.000000
4114.000000
4140.000000
4054.000000
4074.000000
4138.000000
4108.000000
4052.000000
4074.000000
4130.000000
4066.000000
4064.000000
4006.000000
4126.000000
4120.000000
4114.000000
4066.000000
4132.000000
4046.000000
4044.000000
3994.000000
4068.000000
4040.000000
4118.000000
4066.000000
4068.000000
4036.000000
4126.000000
4060.000000
4110.000000
4122.000000
4106.000000
4074.000000
4122.000000
4054.000000
4124.000000
4062.000000
4108.000000
4138.000000
4070.000000
4054.000000
4112.000000
4058.000000
4140.000000
4074.000000
4036.000000
4062.000000
4068.000000
4062.000000
4054.000000
4084.000000
4120.000000
4044.000000
4054.000000
4048.000000
4052.000000
4062.000000
4052.000000
4120.000000
4078.000000
3984.000000
4040.000000
4052.000000
4052.000000
4064.000000
4054.000000
4128.000000
4112.000000
4056.000000
4106.000000
4128.000000
4078.000000
4048.000000
4044.000000
4058.000000
4138.000000
4056.000000
4064.000000
4128.000000
4056.000000
4056.000000
4124.000000
4112.000000
4130.000000
3988.000000
4042.000000
4124.000000
4050.000000
4064.000000
4130.000000
4048.000000
4074.000000
3984.000000
4054.000000
4056.000000
4110.000000
4060.000000
4070.000000
4112.000000
4042.000000
4062.000000
4062.000000
4058.000000
4104.000000
4062.000000
4052.000000
4122.000000
4054.000000
4070.000000
4068.000000
4112.000000
4052.000000
3994.000000
4118.000000
4070.000000
4118.000000
4054.000000
4036.000000
4042.000000
4132.000000
4064.000000
4054.000000
4048.000000
4106.000000
4082.000000
4138.000000
4062.000000
4120.000000
3988.000000
4110.000000
4052.000000
4120.000000
4060.000000
4120.000000
4060.000000
4062.000000
4076.000000
4074.000000
4044.000000
4052.000000
4066.000000
4050.000000
4110.000000
4056.000000
4062.000000
4108.000000
4064.000000
4044.000000
4012.000000
4140.000000
4118.000000
4062.000000
3992.000000
4110.000000
4082.000000
4104.000000
4006.000000
4052.000000
4136.000000
4076.000000
4080.000000
4138.000000
4078.000000
4044.000000
4070.000000
4054.000000
4108.000000
4074.000000
4062.000000
4112.000000
4040.000000
4060.000000
4072.000000
4112.000000
4044.000000
4116.000000
4060.000000
4046.000000
4050.000000
4124.000000
4066.000000
4104.000000
4072.000000
4122.000000
4054.000000
4150.000000
4118.000000
4048.000000
4068.000000
4058.000000
4086.000000
4112.000000
4054.000000
4048.000000
4112.000000
4058.000000
4060.000000
4122.000000
4116.000000
4126.000000
4072.000000
4066.000000
4102.000000
4126.000000
3998.000000
4120.000000
4072.000000
4064.000000
4058.000000
4128.000000
4044.000000
4044.000000
4012.000000
4114.000000
4046.000000
4066.000000
4092.000000
4118.000000
4112.000000
4098.000000
4074.000000
4098.000000
4052.000000
4124.000000
4056.000000
4054.000000
4080.000000
4044.000000
3990.000000
4136.000000
4132.000000
4050.000000
4090.000000
4126.000000
4142.000000
4106.000000
4072.000000
4044.000000
4116.000000
4058.000000
3962.000000
4302.000000
4076.000000
4128.000000
4080.000000
4140.000000
4060.000000
4052.000000
4058.000000
4096.000000
4112.000000
4142.000000
4066.000000
4126.000000
4132.000000
4104.000000
4066.000000
4064.000000
4122.000000
4092.000000
4094.000000
4048.000000
4138.000000
4102.000000
3976.000000
4058.000000
4100.000000
4104.000000
4044.000000
4132.000000
4112.000000
4046.000000
4144.000000
3920.000000
4112.000000
4114.000000
4066.000000
4136.000000
4158.000000
4046.000000
4078.000000
4154.000000
4140.000000
4134.000000
4094.000000
4082.000000
4132.000000
4150.000000
4122.000000
4138.000000
4036.000000
4106.000000
4094.000000
4152.000000
4064.000000
4092.000000
3994.000000
4158.000000
4128.000000
4046.000000
4054.000000
4100.000000
4094.000000
4092.000000
4052.000000
4112.000000
4096.000000
4098.000000
4056.000000
4112.000000
4116.000000
4094.000000
4036.000000
4096.000000
4156.000000
4040.000000
4038.000000
4038.000000
4110.000000
4032.000000
4040.000000
4154.000000
4108.000000
4098.000000
4056.000000
4096.000000
4158.000000
4110.000000
4084.000000
4096.000000
4034.000000
4110.000000
4034.000000
4094.000000
4112.000000
4036.000000
4042.000000
4098.000000
4106.000000
4036.000000
4036.000000
4034.000000
4116.000000
4102.000000
4042.000000
4108.000000
4036.000000
4098.000000
4090.000000
4042.000000
4044.000000
4106.000000
3990.000000
4100.000000
4110.000000
4096.000000
4046.000000
4106.000000
4106.000000
4046.000000
4044.000000
4038.000000
4056.000000
4104.000000
4044.000000
4100.000000
4050.000000
4044.000000
4054.000000
4120.000000
4152.000000
4112.000000
4050.000000
4148.000000
4096.000000
4090.000000
4038.000000
4096.000000
4108.000000
4042.000000
4072.000000
4052.000000
4112.000000
4094.000000
4060.000000
4038.000000
4036.000000
4112.000000
4054.000000
4110.000000
4146.000000
4112.000000
4034.000000
4100.000000
4038.000000
4096.000000
4054.000000
4098.000000
4108.000000
4112.000000
4050.000000
4102.000000
4038.000000
4042.000000
4036.000000
4108.000000
4112.000000
4036.000000
4040.000000
4154.000000
4048.000000
4086.000000
4050.000000
4158.000000
4094.000000
4156.000000
4092.000000
4140.000000
4112.000000
4102.000000
4094.000000
4112.000000
4106.000000
4100.000000
4060.000000
4148.000000
4116.000000
4102.000000
4038.000000
4104.000000
4110.000000
4096.000000
4034.000000
4098.000000
4158.000000
4090.000000
4050.000000
4036.000000
4140.000000
4154.000000
4042.000000
4098.000000
4152.000000
4116.000000
4090.000000
4150.000000
4046.000000
4100.000000
4042.000000
4158.000000
4090.000000
4154.000000
4086.000000
4032.000000
4110.000000
4152.000000
4034.000000
4088.000000
4040.000000
4092.000000
4038.000000
4116.000000
4112.000000
4112.000000
4044.000000
4156.000000
4084.000000
4116.000000
4034.000000
4158.000000
4042.000000
4158.000000
4034.000000
4152.000000
4158.000000
4154.000000
4038.000000
4088.000000
4098.000000
4116.000000
4094.000000
4084.000000
4152.000000
4034.000000
4094.000000
4130.000000
4102.000000
4098.000000
4034.000000
4152.000000
4154.000000
4114.000000
4094.000000
4152.000000
4086.000000
4132.000000
4042.000000
4098.000000
4072.000000
4034.000000
4040.000000
4150.000000
4040.000000
4112.000000
4040.000000
4138.000000
4102.000000
4156.000000
4094.000000
4156.000000
4158.000000
4104.000000
4032.000000
4100.000000
4102.000000
4090.000000
4044.000000
4154.000000
4104.000000
4142.000000
4052.000000
4116.000000
4104.000000
4094.000000
4088.000000
4152.000000
4092.000000
4114.000000
4034.000000
4098.000000
4104.000000
4086.000000
4056.000000
4102.000000
4110.000000
4034.000000
4092.000000
4100.000000
4074.000000
4150.000000
4044.000000
4036.000000
4156.000000
4076.000000
4082.000000
4158.000000
4096.000000
4084.000000
4034.000000
4092.000000
4034.000000
4144.000000
4082.000000
4134.000000
4144.000000
4032.000000
4084.000000
4088.000000
4150.000000
4094.000000
4092.000000
4154.000000
4088.000000
4104.000000
4038.000000
4098.000000
4152.000000
4150.000000
4094.000000
4156.000000
4080.000000
4064.000000
4038.000000
4154.000000
4076.000000
4128.000000
4052.000000
4078.000000
4056.000000
4100.000000
4036.000000
4098.000000
4124.000000
4150.000000
4034.000000
4154.000000
4088.000000
4058.000000
4050.000000
4098.000000
4056.000000
4042.000000
4050.000000
4150.000000
4136.000000
4082.000000
3968.000000
4130.000000
4086.000000
4118.000000
4072.000000
4132.000000
4156.000000
4098.000000
4088.000000
4080.000000
4102.000000
4128.000000
4036.000000
4158.000000
4090.000000
4032.000000
4086.000000
4142.000000
4106.000000
4150.000000
4084.000000
4074.000000
4096.000000
4138.000000
4024.000000
4146.000000
4094.000000
4158.000000
4074.000000
4074.000000
4036.000000
4112.000000
4068.000000
4144.000000
4036.000000
4150.000000
4094.000000
4080.000000
4096.000000
4158.000000
4036.000000
4098.000000
4144.000000
4092.000000
4084.000000
4154.000000
4148.000000
4062.000000
4034.000000
4154.000000
4072.000000
4052.000000
4036.000000
4064.000000
4066.000000
4090.000000
4064.000000
4156.000000
4090.000000
4144.000000
4058.000000
4064.000000
4110.000000
4128.000000
4038.000000
4098.000000
4072.000000
4056.000000
4080.000000
4138.000000
4048.000000
4038.000000
4086.000000
4060.000000
4128.000000
4080.000000
4090.000000
4066.000000
4060.000000
4068.000000
4092.000000
4072.000000
4158.000000
4072.000000
4032.000000
4146.000000
4070.000000
4136.000000
4040.000000
4136.000000
4126.000000
4150.000000
4092.000000
4152.000000
4072.000000
4148.000000
4090.000000
4076.000000
4126.000000
4140.000000
4082.000000
4072.000000
4054.000000
4096.000000
4094.000000
4058.000000
4090.000000
4082.000000
4066.000000
4130.000000
4084.000000
4078.000000
4076.000000
4082.000000
4144.000000
4070.000000
4036.000000
4132.000000
4156.000000
4090.000000
4086.000000
4072.000000
4072.000000
4074.000000
4082.000000
4148.000000
4130.000000
4152.000000
4082.000000
4090.000000
4152.000000
4118.000000
4090.000000
4088.000000
4080.000000
4066.000000
4026.000000
4086.000000
4152.000000
4134.000000
4090.000000
4156.000000
4048.000000
4150.000000
4036.000000
4072.000000
4148.000000
4124.000000
4036.000000
4154.000000
4138.000000
4104.000000
4094.000000
4066.000000
4066.000000
4150.000000
4040.000000
4078.000000
4148.000000
4148.000000
4024.000000
4150.000000
4072.000000
4072.000000
4014.000000
4058.000000
4146.000000
4066.000000
4088.000000
4156.000000
4074.000000
4146.000000
4076.000000
4058.000000
4096.000000
4146.000000
4040.000000
4158.000000
4082.000000
4088.000000
4046.000000
4094.000000
4154.000000
4150.000000
4036.000000
4158.000000
4088.000000
4080.000000
4032.000000
4158.000000
4158.000000
4096.000000
4080.000000
4150.000000
4084.000000
4062.000000
4084.000000
4146.000000
4072.000000
4124.000000
4040.000000
4148.000000
4146.000000
4136.000000
4030.000000
4032.000000
4138.000000
4086.000000
4020.000000
4078.000000
4092.
