607.127563
603.555664
600.285400
597.250549
615.606384
591.853394
589.264404
586.889526
584.244812
581.730042
579.390808
577.096985
576.559143
572.622681
570.531677
568.321777
566.244324
564.274292
563.373718
560.163208
558.161011
555.952881
554.095276
552.239685
550.522156
548.782349
547.265442
545.754761
544.160339
542.628601
541.219299
539.838684
538.912170
537.115295
535.902466
534.607239
533.379700
532.419373
531.182739
529.894470
528.769043
527.618835
526.530945
525.347168
523.954651
522.857849
521.254822
520.661316
519.636780
518.680786
517.905212
516.783691
516.105835
515.282288
514.517334
513.733093
513.013367
512.270203
511.555420
510.854401
510.164642
509.403564
508.720703
507.945404
507.351349
506.643066
505.901184
505.125427
504.192108
503.444214
502.814423
502.069824
501.505554
500.948608
500.320862
499.778748
499.228302
497.769073
498.198029
497.660156
497.257385
496.610382
496.032593
495.818817
495.320587
494.763763
494.327393
493.629059
492.885529
492.249969
490.116577
488.486237
490.666687
490.220184
489.435028
489.225128
488.773132
487.704559
487.301270
611.052246
606.731873
603.509644
600.502197
597.681519
618.152832
592.269226
589.362122
586.598389
595.889221
581.433228
578.852478
576.596863
574.257507
572.019043
569.851807
567.672546
565.640381
563.655090
562.638977
559.797668
558.047852
556.219299
556.925964
552.681885
551.089294
549.619263
547.600220
545.854614
544.242554
543.532837
541.150574
539.726990
538.402954
537.114868
535.797302
534.459595
533.413025
532.242554
531.188660
530.150574
528.840027
527.976257
526.919312
525.772339
524.893494
523.913635
522.772461
521.618286
520.467712
519.472900
518.527710
517.570496
516.689880
515.349243
514.962341
514.168335
513.316772
512.262146
511.796692
511.069855
510.317719
509.589752
508.877655
508.257538
507.439850
506.722870
505.832947
504.841187
504.106293
503.409790
502.410889
501.846039
501.473511
500.961609
500.127136
499.654480
499.148560
498.561768
498.019043
497.531494
497.052826
496.471680
493.950958
495.525787
493.679504
494.417358
493.989166
493.497498
492.961273
492.255005
491.560211
490.973877
490.448517
490.030945
489.441742
489.081299
487.289307
487.584839
484.221649
610.768188
606.360474
627.498962
600.178467
597.467712
594.777771
592.241699
589.724487
587.241333
584.725830
582.360718
585.330017
577.685425
575.132874
572.597290
570.226746
571.279724
565.814453
563.765564
561.725159
559.825256
558.051270
556.153564
554.452576
552.744080
551.556213
549.586670
547.979858
546.635254
545.216370
544.681519
542.369202
540.940857
539.815002
538.185486
536.826538
535.329773
533.796265
532.502014
531.526184
530.036682
528.901489
527.921936
526.705505
525.605896
524.596619
523.616699
521.793396
521.587158
520.638062
518.435120
518.903503
518.016296
516.630371
516.161377
515.183594
514.184631
513.032715
512.141113
511.302948
510.446198
509.212860
508.907257
508.202087
507.538025
506.728699
506.254639
505.547363
504.883392
504.274048
503.706238
503.116943
502.477478
500.680359
501.416565
500.697601
500.170715
499.601990
498.489655
498.062836
497.323486
496.748016
496.087708
495.384644
495.066925
494.543518
493.975281
492.766846
493.034515
492.641876
492.218109
491.778351
489.810883
490.829834
490.748383
490.179138
489.818604
489.434601
488.256622
487.904297
611.095337
647.326111
603.406616
600.288696
597.321594
594.651672
592.084595
589.524414
587.173157
606.609863
582.146362
579.722290
592.015442
575.146851
572.985352
575.055298
568.665161
566.611206
564.682129
562.568237
560.607544
558.746704
556.703979
556.362122
552.649414
550.930847
550.901184
547.454834
546.075439
545.611328
542.870361
541.433655
540.304810
538.727173
537.415161
536.201538
534.910400
533.815674
532.608215
531.560425
530.473083
529.119324
528.099182
527.084900
526.096558
524.856934
523.612000
522.409668
521.379272
519.900330
519.354736
518.572876
517.698059
516.859680
515.504272
515.157959
514.440308
513.651672
512.891846
512.132446
511.488190
510.777039
510.027252
508.664612
508.605896
507.744812
506.845551
505.801025
505.160339
504.445068
503.708405
502.915436
502.455658
501.754761
501.209442
500.508606
499.985077
498.789215
498.839844
498.325714
497.770630
497.263947
496.707886
496.073456
495.747833
493.485016
494.691284
494.082184
490.378265
492.640442
492.173553
489.438995
491.011078
490.552002
490.102203
489.681427
489.162537
488.814880
487.656372
487.322418
610.091736
606.287292
635.646118
600.158081
597.478210
594.877014
592.359253
589.945068
587.416565
585.021973
582.592041
579.968750
577.362732
574.884705
574.187012
570.310364
572.748047
566.044373
564.165039
562.004639
560.069885
558.320557
556.474548
554.834839
553.160156
553.445862
549.961487
548.405518
547.065247
545.417175
544.813599
542.440918
540.984680
539.344666
537.686096
536.284729
534.903931
533.611816
532.365356
531.483643
529.972412
528.650940
527.750549
526.653442
525.578369
524.596375
523.617004
521.980347
521.627380
520.730469
518.444397
518.900330
517.963684
516.527832
516.093018
514.966125
513.830261
513.006042
512.105286
511.279236
510.464539
509.580048
508.986389
508.298431
505.666107
506.962158
506.342957
503.673553
505.031982
504.421204
503.491547
503.213104
502.592712
502.056152
501.467804
500.802460
500.213074
499.601990
497.949768
498.019043
497.404480
496.783264
496.087708
495.515625
495.222656
494.743500
494.080078
493.671997
493.208008
492.711517
491.652435
491.956726
489.335052
490.986877
490.858093
490.159332
489.824738
489.404236
488.080231
487.487549
609.570618
605.178162
601.628784
599.462769
605.373047
596.200256
594.261963
591.832214
588.239929
592.949890
579.442627
575.107300
571.435181
568.484009
566.776672
573.232300
566.654541
566.745178
566.904602
566.314636
565.275269
563.252991
559.298584
556.559814
550.236816
545.311279
542.473755
537.825867
535.981628
535.429199
533.089539
532.960815
533.650452
533.683167
533.905273
534.108704
534.236877
534.144165
533.872131
533.648682
532.764587
532.082825
530.703918
528.344116
527.536194
525.788940
523.804443
522.149109
520.531738
518.801819
517.268799
515.526001
513.059814
511.750610
509.095978
508.406464
506.926025
505.666107
504.635498
503.706451
503.035828
502.564606
502.319336
502.623383
503.310364
503.764038
503.683777
504.358459
504.774780
505.151367
505.226166
504.701233
505.093658
505.061737
504.726563
504.362915
503.752411
503.187469
502.052612
500.553925
498.618500
497.437439
496.047028
494.575287
492.647736
488.934357
488.907745
487.393860
486.106018
484.994263
484.236145
481.021698
483.228851
482.894775
482.355011
482.821838
483.433807
484.448456
484.534790
485.192566
609.128235
606.340759
773.807861
601.977966
599.960999
669.385254
596.100220
593.927734
608.306580
588.274963
585.343689
581.567322
577.835449
574.511475
571.208801
567.487061
567.510071
560.981445
558.324036
560.226990
553.135803
551.007874
551.788940
547.155518
545.541809
543.955688
542.643616
541.959595
542.832458
541.265137
540.677002
540.174316
539.591797
539.276672
538.244995
537.364441
536.361084
535.389465
534.350891
533.072632
531.438354
529.882202
528.453247
526.626831
524.969421
523.276306
521.734314
519.468811
517.786682
515.653748
513.348999
511.271240
509.466217
507.912079
506.739532
505.690765
504.589294
503.686707
503.369019
504.073547
505.323883
506.161591
506.558563
506.772644
505.414337
507.344086
507.731781
505.622009
507.728363
507.369598
505.550568
504.895905
502.679810
500.654236
499.201141
497.925934
496.785187
494.814423
491.888092
491.461792
490.025696
485.939941
487.721863
486.906219
484.412384
486.454590
486.729279
487.367981
488.168976
488.630157
488.961365
489.156464
489.315948
489.557678
489.922424
489.403961
490.327179
490.534668
489.697113
489.318817
612.548035
606.906372
602.047607
597.746826
593.567749
589.688477
585.473572
584.438171
578.261719
591.095581
572.389038
569.778198
567.610657
565.349365
563.451172
562.294250
561.512146
560.856262
564.464600
559.398926
558.397522
557.203064
555.599731
554.467041
553.679016
552.731934
551.778870
548.906494
546.304810
543.721924
540.923523
538.484741
536.363586
532.858643
530.378601
528.102722
525.937927
524.050842
522.539001
521.624756
520.658264
520.079224
519.879028
519.235168
520.292847
520.592346
520.254944
520.624634
520.499451
520.422729
520.153992
520.052429
519.935242
519.525818
518.454590
516.411804
513.978027
511.272949
509.302948
506.804016
504.437286
502.561707
500.846649
499.550049
498.732330
498.072662
497.671021
497.320526
497.957916
498.710449
499.845612
499.501953
500.513885
500.281616
500.470306
500.812622
501.106720
501.084961
500.802673
500.544525
499.795776
498.394684
496.481903
494.522797
492.918060
488.885773
489.332458
487.936157
486.425873
485.656219
485.080872
484.756744
484.776978
484.785187
482.955750
485.886536
486.768921
487.202911
486.760376
486.852478
611.539185
609.526489
681.783325
605.856262
603.202759
672.656677
597.341736
593.830139
612.725525
583.882324
579.132690
575.144531
570.945618
567.622498
564.732971
562.031921
562.113464
556.848083
554.645264
556.721436
550.449097
548.872253
550.533081
546.572449
545.455811
545.583923
544.394836
544.029846
543.776489
543.321838
542.757813
542.034729
541.159607
540.681763
538.856873
536.763184
533.535950
530.119629
527.420288
525.009033
522.608765
520.702942
518.731201
517.144043
515.752625
514.587891
513.628418
511.744263
511.320740
510.416260
509.305023
508.498962
507.577515
506.814606
505.979370
505.520538
506.306030
506.706635
506.613647
507.385406
508.455811
509.005768
508.992432
508.849945
508.334930
508.423431
508.181793
507.658325
506.927795
506.058411
502.978271
502.874359
500.812714
498.677948
496.762634
494.963135
493.160187
491.519592
489.755402
489.362762
488.394562
485.089539
487.082458
486.335846
483.129242
484.922974
484.106232
483.162689
483.086884
482.813965
483.380035
484.429260
484.529053
485.640900
487.539185
486.263062
488.979492
489.080658
484.789978
488.022949
613.257385
809.759399
606.074768
603.087708
601.063965
596.714844
592.593140
588.183472
583.652527
599.964905
575.854431
571.911377
569.465942
565.637207
562.710876
560.127808
557.699646
555.549133
553.660645
551.704956
549.831238
550.241028
546.465881
545.146606
544.561707
544.236938
543.495605
542.250854
542.151062
541.587585
540.977356
540.429565
539.617676
538.634094
537.667358
536.620239
534.132385
531.726868
529.213013
526.874573
524.483276
522.060242
520.361755
519.316040
518.547424
517.972778
517.638672
517.570068
518.007263
518.792542
519.185303
519.281250
518.979980
518.610718
518.192749
517.693542
517.084717
514.002747
513.167542
511.041870
507.250275
506.883270
504.500183
501.729126
501.043060
500.420197
499.891479
499.410034
499.192871
498.991394
498.959839
497.933319
499.392914
499.805511
497.775543
500.365234
500.772705
499.238098
501.093048
501.105713
500.671844
499.653961
498.376282
494.713287
495.037201
490.517273
490.644440
488.470551
485.975220
484.382751
483.564667
483.402985
484.303833
485.294525
486.305054
487.398438
488.326935
488.028625
489.635864
490.209137
614.655029
610.752319
670.452881
604.199768
600.413635
595.609558
590.377563
585.468323
580.720703
576.501648
572.532593
574.221436
566.104248
563.289429
560.832581
558.753052
562.863586
556.657166
556.725464
556.757996
556.473450
556.120667
558.924377
555.111145
554.089294
553.478271
550.665222
548.192749
544.805481
540.550781
536.821106
533.953613
531.491516
529.459045
527.349304
525.752686
524.422974
523.719360
523.352051
524.169495
524.215332
524.289185
524.526855
524.699097
524.664429
524.493164
524.577332
524.197998
523.687683
522.364197
518.601929
517.901794
515.898743
512.293152
510.186554
507.897583
505.619354
503.666260
501.997833
499.431366
499.577118
498.824524
498.269653
497.999603
497.751678
498.291809
498.721283
498.650726
498.847992
498.997131
499.011688
498.852020
498.585724
497.360992
498.171173
498.222321
498.833466
499.842773
499.691864
501.375214
501.276886
500.458740
499.120117
497.279755
495.647095
493.762207
491.700256
488.807922
487.195435
485.719055
484.591461
483.554504
479.963379
481.677277
480.985626
477.343140
479.725189
479.400818
475.203308
478.599915
600.952271
704.341003
596.120911
594.575134
593.103455
591.332703
589.537781
587.787964
585.947693
599.141846
582.360413
580.791992
593.902100
577.570374
575.784424
580.411377
570.682495
567.727661
564.725159
561.268555
557.928284
554.735291
551.471924
549.824036
545.217163
542.850098
541.890869
537.715393
535.441956
533.420776
531.718750
530.284912
529.133179
528.109924
527.087280
526.698059
525.749146
525.538208
525.779297
526.015137
526.315491
526.111816
526.181274
526.188293
525.930115
525.661682
525.364929
524.844421
524.188171
522.884155
521.932129
519.845276
517.510254
515.365295
512.536133
510.926208
507.821899
505.352448
503.597107
501.858215
500.592834
499.582245
498.911774
497.935364
497.799927
497.323364
497.027679
497.070862
497.665894
498.886536
499.819855
498.748230
501.198242
501.265472
498.570465
500.581940
500.334717
499.136841
500.005463
499.932220
499.602570
499.257965
498.291046
496.519653
494.713745
491.266144
490.111908
487.607849
482.702515
484.302490
483.063721
479.535095
481.262756
480.531189
479.822662
479.333282
478.687805
478.182220
477.132782
476.941986
599.293274
595.831726
630.061462
590.783142
588.829834
588.141968
587.207214
586.464905
585.374084
584.289124
582.851257
581.177673
579.493103
577.620605
577.161194
574.017456
575.458801
568.480347
565.109253
561.472656
557.995483
554.511963
550.298401
546.501465
543.419983
542.621704
538.523560
536.340454
534.575134
532.879700
532.302795
530.123718
528.936035
527.757385
526.590881
525.622314
524.756287
523.814941
522.910522
522.341797
521.146973
520.372131
520.188660
520.250183
520.530945
520.762329
520.941040
520.110352
520.491943
520.415649
518.945007
519.993164
519.565063
518.207825
517.819519
516.185608
514.480591
512.317627
510.381775
508.216217
505.618683
503.024689
501.377716
499.737427
496.427826
496.991974
496.281097
493.552887
494.777283
494.302917
493.498230
493.505463
493.202148
493.252594
493.861176
494.713013
495.173737
496.609924
496.898499
498.631927
499.078522
499.242920
498.944885
498.595856
498.291748
497.397705
496.162811
494.851990
493.349701
492.018799
490.354950
488.319183
484.023865
484.111481
482.732269
481.221344
479.935425
479.223236
477.931213
477.497009
599.527161
883.159363
594.142395
592.543091
592.986084
590.170044
588.656921
587.218506
586.005188
590.785828
583.567444
581.933044
580.285095
578.246582
576.189636
579.117004
570.852661
567.492615
563.965027
560.227234
556.650085
552.814087
549.334717
548.175049
543.745544
541.316650
540.675964
537.188599
535.824280
535.364990
532.761047
531.630432
530.898987
530.440796
530.759277
531.098022
531.290100
531.439758
531.477966
531.280090
530.647949
529.507935
528.526794
527.117676
525.513489
523.543152
521.733521
519.719238
517.813049
515.279236
512.750366
510.686188
508.577179
506.787659
504.864960
504.426819
503.838745
504.095581
504.449188
505.055389
505.650513
506.115143
506.442200
506.592010
506.755890
506.684326
506.526154
506.276947
504.215942
504.959534
503.889221
502.849976
502.160034
501.469147
500.502563
499.010315
497.202240
492.321625
491.896088
490.142426
488.551453
487.308563
486.138062
485.356232
484.989441
483.663208
484.049835
483.817413
483.818054
484.024231
484.614441
483.512634
485.946381
486.406342
487.337494
488.202972
488.938263
489.443665
488.795929
488.182068
613.081665
607.790588
813.120178
597.671570
593.258057
656.466431
585.680298
582.175171
586.831665
574.958313
571.961670
569.001526
566.544617
564.127563
561.948547
560.069702
561.641968
555.987488
554.015381
552.424805
551.491211
550.800232
550.558044
550.127869
549.526733
549.065247
548.509277
548.009521
548.160828
546.045654
545.352295
542.559143
540.384155
537.932129
534.927673
532.143005
528.829590
525.995544
523.747192
521.555725
519.797546
518.326111
517.078430
515.658203
514.506714
513.342468
512.166199
511.032806
510.094604
509.442657
509.017059
509.114258
509.593445
510.080139
510.545258
510.849579
510.740967
510.722321
510.786438
510.958435
511.078400
509.970428
510.287872
509.090485
504.676300
504.013000
501.860565
497.371979
496.645935
494.430115
492.310333
491.172577
490.090973
489.423309
488.846191
488.237488
487.827087
487.452484
484.967346
487.083679
487.337708
485.103455
488.892517
489.729950
489.388092
490.729340
491.059601
491.385254
491.694885
491.751099
491.951263
491.904144
490.120758
490.274170
488.956604
487.332001
485.858215
483.646118
481.070251
479.686981
600.840759
596.614380
592.663147
589.339905
637.189697
583.549805
580.809631
578.111938
575.856873
578.296753
571.814392
570.004822
568.351074
567.291870
566.428711
565.373352
564.689941
564.222839
565.997070
562.262390
560.283936
558.143677
555.665039
554.703125
550.067749
547.195313
543.849731
540.661072
537.917969
535.305542
532.699280
530.578125
529.014893
527.134827
525.772400
524.623596
523.360535
523.005737
520.976318
520.043457
518.826660
518.678284
518.851807
518.726624
519.723816
519.723633
519.159973
518.398010
517.846313
517.982727
518.299744
518.519836
518.193115
517.276367
514.604309
513.308594
510.907623
506.063873
505.167145
503.241150
500.408966
499.969940
498.775970
497.936737
497.427277
497.040131
496.773102
496.403137
496.105103
496.183960
496.397003
497.114990
497.639282
497.885529
497.690247
497.555023
497.583649
497.425262
497.334808
497.456879
495.491638
496.743195
495.568237
493.789642
492.238251
489.741394
488.211151
486.408752
484.760834
483.187988
482.051666
481.018158
480.221344
479.610260
477.850281
478.658936
478.436127
478.507782
478.282806
477.034607
603.005859
600.659058
603.960449
597.071594
595.398010
593.986145
592.368896
590.892883
598.011597
586.962585
584.298035
581.189514
578.395691
575.166138
572.221924
569.259216
571.686829
562.704346
559.042725
559.565247
551.652649
549.091309
548.793396
544.231689
541.544006
539.432983
537.585022
535.923035
534.638245
533.512512
533.188416
531.686890
531.474243
531.656067
531.594543
531.776306
531.881836
531.818787
531.650818
531.613525
530.799683
529.354492
528.365906
527.287598
526.068665
524.555481
522.378113
519.922974
517.513733
514.527405
512.409302
510.641357
508.872986
507.237976
505.830811
504.569550
502.365967
502.654785
501.778870
501.082886
500.531525
499.395996
500.195404
500.461670
501.278046
502.040833
502.715424
503.131744
503.706024
504.294891
503.159149
504.271118
503.840759
503.404358
502.354828
500.275024
498.064636
495.904022
493.314240
491.824951
490.250397
488.712250
487.444458
486.174744
484.269318
484.363800
483.627014
483.085327
482.544495
482.191681
482.334229
482.454285
481.249634
483.646454
484.661804
482.142700
486.067780
487.071350
484.858032
488.160004
613.858704
632.633484
607.134338
603.675110
600.168274
596.114502
591.862976
587.612610
583.722534
585.487366
575.566040
571.895630
568.422913
565.338074
562.256592
559.474854
556.774414
554.519775
552.368774
550.305420
548.350403
548.008850
544.838440
545.286560
541.915955
540.351685
538.625977
537.147766
536.187500
535.576294
535.767944
536.275635
536.624329
536.663879
536.520264
536.259644
535.545227
534.971497
534.152832
533.494995
532.690308
531.857910
530.988281
529.821228
528.477417
526.817810
524.347717
522.497009
519.652832
517.057495
514.967224
512.907288
511.133179
509.440887
507.292053
505.705200
504.122467
501.358368
502.290100
501.969940
500.714661
501.905609
501.755432
501.840332
502.025513
501.875031
501.789764
501.513519
501.466980
501.537933
501.332489
498.976196
500.751465
500.543335
497.699585
499.612457
499.253662
498.319550
498.396179
497.957611
497.525848
497.170959
496.586243
496.071167
495.772644
494.075684
494.726654
494.332977
493.869598
493.227173
492.642181
492.026947
491.535217
491.055695
490.777771
490.347687
489.947937
488.321625
488.477509
485.339172
612.099121
608.095398
623.577332
601.832336
599.163025
596.569763
593.890930
591.302612
588.675659
585.926514
583.227783
585.352661
577.971985
575.562561
573.274780
571.148560
571.903625
566.722839
564.695557
562.663635
560.710266
558.825989
556.988098
555.241699
553.468689
552.080627
550.041992
548.270020
546.583618
544.756531
543.983521
541.398987
539.936890
538.687500
537.136963
535.852722
534.552307
533.240723
532.133240
531.194458
529.804810
528.638611
527.733215
526.550110
525.547424
524.551941
523.590515
521.717651
521.412537
520.233643
517.855164
518.178223
517.150269
515.825073
515.470032
514.721191
513.898621
513.158264
512.364136
511.672363
511.023621
509.790741
509.703674
509.007904
508.385101
507.681030
507.060059
506.242188
505.613861
504.857971
503.899048
503.120819
502.279419
500.465820
500.904694
500.225098
499.684692
499.095367
498.206848
498.021240
497.465240
496.950714
496.453308
495.825439
495.468994
495.012726
494.469940
493.330963
493.444153
492.948547
492.386536
491.704895
489.723236
490.244843
489.902100
489.224762
488.722443
488.416321
487.271240
486.847412
610.309692
646.284729
603.084106
600.154053
597.448547
594.984863
602.700256
589.929932
587.545288
608.601257
582.642090
580.151672
592.140015
575.581299
573.296021
574.146790
568.362183
566.108215
563.959290
561.750305
559.811462
558.140442
556.299194
556.418945
552.804321
551.279053
551.352112
548.059326
546.658997
546.223511
543.619324
542.195129
540.925659
539.346863
537.945740
536.639954
535.190735
533.792297
532.272400
530.970886
529.645203
528.337708
527.301147
526.179321
525.142883
524.058350
523.115662
522.127136
521.129517
519.710083
519.254822
518.470520
517.518250
516.722839
515.666443
514.843384
514.181702
513.339111
512.449829
511.447479
510.502106
509.578033
508.719238
507.511200
507.227692
506.548218
505.974030
505.244446
503.572296
504.154297
503.565582
503.012878
502.425873
501.965912
501.426575
500.841095
500.329926
499.548706
499.075684
498.516357
497.787872
497.045715
496.349762
495.644135
495.163940
492.233276
494.104614
493.680389
489.958496
492.355743
491.820251
489.919189
490.692169
490.216797
489.901886
489.303894
488.802673
488.396088
487.245422
485.253693
610.349915
606.109192
823.940002
599.306335
596.314392
652.192810
590.962585
588.490295
589.391602
583.590942
581.226563
578.702698
576.353394
574.141296
572.605713
569.816711
569.685242
565.694763
563.751526
561.681274
559.735474
557.870422
555.837952
553.801208
551.876831
551.914978
548.479858
546.910828
545.563721
544.121277
543.377258
541.275940
539.953552
538.573853
537.280518
536.104675
534.883728
533.634460
532.554016
531.598938
530.095520
528.851013
527.632629
526.316833
524.667053
524.026306
523.028687
522.047974
520.945129
519.949524
517.954041
518.258423
517.381104
516.367676
515.660950
514.755920
513.990112
513.020508
512.099243
511.009155
510.162445
508.127930
508.394287
507.559448
504.796387
505.987976
505.372620
503.357941
503.918091
503.253876
502.588959
502.006012
501.340088
500.798248
500.188049
499.112000
499.015778
498.459625
495.147339
496.991608
496.309387
493.140381
495.040466
494.437134
494.268005
493.837982
493.321320
493.026794
492.536865
492.146332
491.741272
491.487396
490.272003
490.803467
490.478638
489.944427
489.445557
488.840820
487.538483
487.023529
610.529846
852.871216
602.982361
600.141235
597.907043
594.787842
626.730774
589.619507
587.248657
585.422485
582.463928
580.065063
577.701416
575.359802
573.046387
575.302063
568.186401
565.938416
563.702026
561.571594
559.565552
557.795959
555.918884
556.215515
552.332520
550.653381
550.676758
547.368530
545.967041
545.375549
542.919617
541.553650
540.235413
538.693237
537.298828
535.773010
534.326172
533.242859
531.609436
530.361694
528.598511
528.100708
527.009583
525.447754
524.847290
523.939209
523.129944
522.097961
521.197144
520.310059
519.467896
518.676025
517.772217
516.857422
515.933533
514.884155
514.011841
512.972778
512.038635
511.166504
510.320374
509.610382
508.874298
508.046600
507.408905
506.684418
505.939606
505.372711
503.749634
504.193817
503.596893
502.990112
502.310425
501.735748
501.087555
500.318420
499.575500
497.045898
498.034210
497.471405
496.700745
496.258087
495.707184
495.044739
494.693298
493.949097
493.635498
493.159698
492.672760
492.147736
491.796143
489.950104
490.774719
490.191742
489.927368
489.361389
488.876678
488.467102
487.258453
484.552277
609.764526
605.740601
824.670471
599.206116
596.430115
647.120605
591.403564
588.927551
588.218811
583.876526
581.462646
579.031311
576.754517
577.947021
572.298889
570.203491
574.709778
565.829468
563.847534
566.562744
559.809692
557.967529
557.279114
553.735779
551.782959
549.968323
548.134460
546.500244
545.916016
543.589783
542.861206
540.580627
539.219910
537.767090
536.404968
535.213989
533.971985
532.727966
531.526550
530.434937
529.173340
528.050232
526.891235
525.786743
524.111938
523.230103
522.118042
520.859375
519.757751
518.773560
517.787903
516.989929
516.105530
514.285278
514.398132
513.481079
512.735901
511.960480
511.219696
510.456818
509.732300
508.667053
508.241028
507.500702
506.867676
505.954987
505.097809
502.954254
503.261597
502.573547
501.839478
501.277710
500.672363
500.062927
499.441437
498.363251
498.314789
497.711426
494.563477
496.625519
496.188354
493.269745
495.137268
494.618042
493.887665
493.827515
493.130310
492.502747
491.928986
491.488159
491.083405
490.577728
489.319092
489.916016
489.577271
489.153564
488.742554
488.399902
487.360168
486.981201
610.420715
606.653992
603.268005
600.264465
636.328613
594.468384
632.090393
588.967041
586.467957
585.513916
581.596130
578.973816
576.673462
574.368958
572.175232
570.026367
567.778748
565.732849
565.142639
561.572327
559.338440
557.294556
555.339783
554.350952
551.489075
549.939392
548.311157
546.584045
545.090088
543.610535
542.083130
540.677795
539.417297
537.920044
536.616150
535.384827
534.119019
533.026917
531.400818
530.061218
528.124329
527.400574
526.069458
524.576477
523.911499
522.977112
522.007385
520.880127
519.942200
518.968750
518.078918
517.304443
516.400452
515.570923
513.455994
513.970764
513.168030
510.599701
511.423584
510.471039
508.899963
508.551392
507.715393
506.831268
506.134125
505.428925
504.816711
504.031342
502.513855
502.795074
502.131042
501.597412
500.966095
500.420837
499.838623
499.300964
498.733368
498.218109
497.572418
497.076324
495.395599
495.929352
495.106964
494.332275
493.891479
492.967133
492.610962
492.044189
491.508240
490.854706
490.466431
489.850250
489.397064
488.855835
487.707367
487.968628
487.522369
487.226410
486.129089
484.355835
609.392395
605.878784
603.755371
599.664978
597.022827
594.521484
592.166443
589.858887
592.049500
585.476929
583.487915
581.268616
579.143250
576.885254
574.549622
572.143188
575.347229
566.121521
563.549744
565.884460
558.820374
556.603577
556.410706
552.367065
549.730164
547.229980
545.303650
543.936035
542.324707
540.732605
540.087280
537.825867
536.328735
535.728577
535.313599
535.741272
536.366760
536.795288
536.848938
536.209595
534.660583
532.644958
530.497681
527.589844
525.000122
522.605530
520.846191
519.501892
518.873291
519.320618
519.453857
519.672852
520.319580
521.167969
521.435608
521.850098
521.326477
521.930115
521.155212
519.617310
517.933105
515.302979
513.892517
511.555542
508.978271
506.535553
504.270721
502.468262
501.414185
500.652435
499.633789
500.666840
501.251923
501.717712
502.083984
502.764526
503.762695
504.457794
504.664429
505.284698
505.141388
501.444641
502.333679
500.020569
497.126770
495.413055
492.432220
490.173859
488.440582
486.830170
485.576233
484.365021
482.020203
483.389557
483.943726
481.628052
485.793304
486.205811
483.550232
486.829590
612.331299
623.954224
607.424072
604.448303
600.438965
596.166870
601.862366
587.619141
583.336060
602.613403
575.908081
572.545349
569.735046
567.120667
565.081665
563.897522
562.894714
562.186584
561.344543
560.416626
559.539673
558.954651
557.049011
557.765076
554.621521
553.562195
552.578979
551.494019
550.449524
548.877625
547.002258
544.747925
542.588074
539.035400
536.346375
533.651550
530.703308
528.516296
526.481201
524.556946
522.710144
520.956726
519.760437
518.733459
518.057739
517.374939
516.827026
516.911560
517.244751
517.362732
517.220276
516.896729
516.288452
515.649170
514.771301
515.953979
516.290283
514.420654
515.507446
514.473999
512.503174
512.382935
510.909454
509.320343
507.601410
504.824188
502.585754
500.976013
499.164490
497.806488
496.427826
492.963928
494.076813
493.225952
490.304260
492.174103
492.086945
492.080109
493.325836
494.085693
494.653503
494.953125
495.044861
495.277283
495.925049
495.705994
497.357208
498.160461
498.536987
498.008301
497.167542
495.625488
493.566223
491.415619
488.793304
485.983643
484.194122
482.317474
480.677673
477.702118
600.940308
597.353455
599.867126
592.402466
590.744202
589.584961
588.219177
587.115112
612.227539
584.907288
583.711365
582.645569
580.290527
578.324890
576.588135
574.689453
574.413208
569.068115
565.360046
562.056396
559.028870
555.725586
554.403259
549.049133
546.265259
543.629883
541.344849
539.363525
537.698975
536.000610
535.111755
532.780273
531.503784
530.858276
529.972473
529.773010
529.685364
529.598022
529.456360
529.273193
528.441406
528.100586
527.728027
527.380859
527.053833
526.557617
526.134094
525.022827
523.240112
521.266357
519.142761
517.336609
514.853210
511.965515
509.688354
507.613953
505.716095
504.180847
503.095673
501.958466
501.800964
500.814270
501.837952
502.030151
502.378204
502.667603
503.145935
503.526581
504.010101
504.269714
504.166321
504.210052
503.846619
503.256805
503.119202
500.613037
501.150757
499.253418
497.353333
495.908569
494.241547
492.423706
490.365356
488.522461
484.717255
485.160858
484.191833
483.487854
483.006470
482.760773
482.933990
483.144318
483.183838
484.843414
485.759033
486.114410
485.956055
486.134369
483.670441
485.805206
609.065308
611.866516
604.804565
602.855286
600.231812
596.383911
605.307190
585.575317
580.237000
600.323364
572.042542
568.697449
579.642151
563.623718
561.504761
561.968994
557.669495
555.756042
554.293030
552.806763
551.870056
550.742249
549.419250
549.807129
547.144531
545.879700
544.920837
544.507690
544.248352
543.314758
541.594666
539.708740
537.601624
535.267822
532.981934
530.381836
527.415894
525.560608
523.601074
521.856628
520.097656
518.566162
517.288452
516.420593
515.857422
516.119385
516.640198
516.814636
517.364258
518.000061
518.316284
518.220581
517.505005
516.591736
514.728333
512.395386
509.606537
506.713776
505.069550
503.376740
501.663574
500.150330
498.870392
497.766083
497.201141
496.743408
496.635742
496.429474
495.791016
497.430511
497.670166
495.531860
498.141876
498.444550
496.755127
498.863861
499.261139
499.425690
499.613495
499.330505
498.542908
497.490753
496.393036
495.393738
494.275909
490.277924
490.372772
487.509552
482.670898
484.122620
482.993073
480.782471
481.125519
480.566071
480.351379
480.149475
480.821350
482.034302
482.403717
481.991913
607.885315
605.809814
611.197815
601.690247
599.199890
596.243591
593.114929
589.807251
586.344849
582.823242
579.249512
585.913879
570.753235
566.870239
563.393066
560.255676
559.316589
555.143799
553.064758
550.973389
549.120789
547.843933
546.798645
546.449341
546.377502
547.584167
546.402161
546.148743
545.799805
544.947205
544.627258
542.083923
539.890747
537.295837
534.982239
532.606689
529.151001
525.777527
522.582703
520.337219
518.316467
517.088318
516.122620
515.053040
514.228882
513.445496
512.980469
512.110840
513.278931
513.746704
512.776306
514.102295
513.981445
513.505981
513.789856
513.879517
514.223511
513.922241
513.262634
512.043640
510.535706
508.290497
507.621307
506.238434
502.888580
503.291687
500.927673
495.813080
495.177063
493.326294
491.993774
491.355804
490.706787
490.270203
489.654816
489.329834
489.197327
489.439484
489.550232
490.898773
491.707428
492.252869
492.605194
492.786621
493.091949
493.370575
493.285675
491.570465
493.363922
492.802765
491.987518
490.832581
488.333984
488.595154
486.707367
484.132385
482.571686
481.596344
479.817383
478.885254
599.003296
746.323608
591.221558
588.165771
585.516296
583.236877
581.483521
580.358643
579.503723
582.780029
577.228027
575.717834
588.877747
572.931335
571.820129
574.971680
569.202209
567.734436
566.213501
564.473450
562.597107
560.390808
557.825073
556.609619
551.331482
547.332947
544.240967
539.008179
536.220947
534.820557
531.815002
530.556580
530.005554
529.094604
528.961731
529.271240
529.430786
529.308899
529.065369
528.857239
528.331665
527.453003
527.038940
526.259888
525.299011
523.935974
522.254333
520.335693
518.409058
516.174927
512.591675
509.811249
507.371704
505.666016
503.927185
503.676178
502.874939
502.368805
502.420227
502.896149
503.788818
504.509857
505.011444
504.055603
505.554016
505.564301
505.636597
505.394440
503.739014
505.280304
504.913422
504.402649
503.324066
501.764709
500.151642
498.699036
496.714630
492.555267
491.394592
489.677673
488.129364
487.108948
486.270874
485.733673
485.550049
483.543274
485.481812
485.875641
483.795807
487.850220
488.751556
487.854584
490.542938
491.117462
491.619049
491.842468
491.841248
491.566681
490.004517
488.106659
611.508667
606.039063
811.928650
594.260376
589.997559
651.904602
582.494141
579.196777
583.811035
573.936157
571.689209
569.573975
567.900513
566.584656
566.047180
565.746765
568.196838
564.297424
563.352356
561.965088
560.535156
558.963135
556.750549
553.988159
551.068848
548.310364
545.294617
542.212341
540.184021
537.516846
535.917542
532.469971
530.382690
528.544556
527.131409
526.124268
525.325073
525.155334
525.459473
525.203674
525.148804
525.382324
525.411682
525.131348
524.702515
524.265808
523.906189
523.279236
522.325073
521.072632
519.383484
517.794739
516.029785
513.472595
511.752319
509.093201
506.765808
504.558716
502.683990
501.508270
500.592865
499.113373
499.555756
499.517944
497.988617
500.571838
501.191132
500.162964
502.070465
502.446503
502.454102
502.726013
502.568909
502.409851
501.938141
501.252441
500.093018
498.273163
494.151733
494.335358
491.622620
486.894653
487.428955
485.739288
483.984222
483.888794
483.321075
482.882507
483.309174
484.204620
485.309296
486.065460
485.343414
487.208130
487.552643
487.838531
488.301514
488.826599
488.516754
488.715607
612.505493
608.989685
605.081909
601.278137
619.813293
592.571167
627.755859
581.673096
577.523499
575.146545
570.357239
567.529663
565.107605
562.650146
560.563904
558.566772
556.958801
556.000000
556.322876
555.644653
555.261230
554.465637
553.361938
553.528687
551.040894
549.966125
548.706970
547.304932
546.027771
545.844666
543.650574
542.400452
540.827393
539.203186
537.382568
535.036987
532.271973
530.110291
526.086182
522.861694
519.767822
517.783569
515.834534
514.013367
513.442505
512.466553
511.628235
510.835876
510.866089
511.185394
511.800171
512.808289
513.439636
513.769165
512.525757
513.666382
513.618835
511.786804
513.552612
513.455017
512.589600
513.037598
512.869263
512.169312
511.123871
509.722168
507.438110
506.961884
504.098114
503.955200
502.325470
500.369263
498.068176
495.861481
493.199066
490.112091
488.339844
487.140594
486.243805
485.715576
484.719330
484.938507
484.792725
485.786163
486.523071
486.320129
488.353821
489.755829
490.479767
490.555511
490.565186
489.881897
488.637878
486.895935
484.623688
482.733368
481.200928
480.073669
478.104187
475.558380
598.922363
594.211548
591.052979
587.150696
584.182678
638.004272
578.915771
576.447449
576.833191
571.483215
569.264343
567.036194
565.195984
564.555420
563.257690
561.553833
566.929932
560.308167
559.725464
563.160950
556.742981
554.976440
554.736328
551.205811
549.057800
546.513611
543.660034
540.621948
537.983276
535.557800
533.976501
531.151123
529.218933
527.686768
525.640564
523.987183
522.633606
521.136719
520.023010
519.446594
518.791077
518.281311
517.687927
517.100159
515.662903
515.615234
515.746277
516.002502
516.278442
516.353027
516.068054
515.584595
514.643188
513.587830
512.102417
510.137207
507.299683
505.509460
503.926758
502.330719
500.950714
499.280273
498.575226
497.420807
496.278107
494.951019
493.977631
493.126068
492.729431
492.970917
493.166534
493.755463
494.094452
493.739807
493.759308
492.601074
495.097900
495.832581
496.245697
496.788513
497.193756
494.452209
495.322357
493.369751
491.325500
489.069550
486.433197
484.476379
482.887604
481.255768
480.094452
478.996460
475.863800
477.834900
477.595306
474.620148
479.478943
481.814484
480.978668
483.014252
607.237854
604.410645
601.825623
600.019348
597.821960
595.106812
615.013794
588.425171
584.293396
605.793030
575.733704
570.876587
566.843689
563.358337
560.069092
557.195740
554.443909
552.197632
554.310974
548.289612
547.010986
545.926575
544.868896
545.352356
544.395996
544.057495
543.529114
542.777527
541.951721
540.677612
539.396667
538.366150
538.364319
536.862976
535.845215
534.281372
532.003845
529.834900
527.163574
525.033203
522.401367
519.926208
517.438171
515.044434
512.817810
511.128448
509.690338
508.458069
507.412048
506.621948
506.282257
505.644226
506.218262
506.445496
505.264282
506.723633
506.728516
505.357849
506.673126
506.701233
506.424683
506.195587
505.448212
504.870850
504.068481
503.028412
501.857147
499.706757
495.112183
494.330719
492.398621
488.183777
489.015076
487.967682
486.070007
486.383240
485.917023
485.638306
485.643524
485.953674
486.551544
487.479370
487.366089
489.013092
489.664063
487.215332
490.642273
491.644623
492.303314
492.153687
491.573975
490.129486
488.856934
487.486023
483.807922
483.582245
481.804749
480.427704
478.361298
476.605103
597.659241
593.541687
590.057373
587.325012
584.960388
582.992310
581.214722
579.302185
592.962585
575.919312
574.483276
572.937256
571.378296
576.672119
568.299500
566.783264
565.225464
563.825073
562.304932
560.599365
558.876038
557.050598
555.495361
551.750061
549.249023
546.817749
544.335083
542.689148
537.971680
534.894409
532.363037
528.979492
526.964905
525.467957
523.555542
522.097473
521.385193
520.624573
520.705505
521.893127
522.802490
522.894714
522.328186
521.411194
520.388245
520.569519
520.706421
519.422180
520.006714
518.933655
516.569702
515.027832
512.939331
510.516266
507.804993
505.569031
503.682281
501.719910
500.001831
498.477020
497.423218
496.475922
496.097046
495.620911
495.567108
496.118927
497.064209
497.940155
498.712585
499.146881
497.846680
499.521179
499.489929
499.418823
499.110443
497.701141
497.742767
497.065430
496.137817
495.101227
494.108643
493.136719
492.106323
490.856018
488.685974
489.023560
487.713348
486.530487
484.586243
481.214813
481.161560
479.850403
478.886017
478.416840
478.523254
478.545380
479.104187
479.862946
479.524231
481.390991
605.610901
602.580750
599.920959
597.135315
595.059082
593.351379
632.300476
589.099731
586.016296
608.084229
578.025024
573.721130
576.708679
565.220459
561.854431
558.729919
555.576294
553.009766
550.847473
548.817383
549.475647
545.845642
544.296875
545.779785
542.330200
541.864075
543.040894
540.661499
539.804077
538.948792
537.366943
536.736206
536.717285
536.242920
535.430603
534.612793
533.316650
532.050659
529.883850
527.785522
525.423584
522.910828
520.571594
518.187561
515.941589
513.805786
511.121704
509.745514
508.205505
507.176422
506.345459
505.718231
505.546265
505.772919
506.218994
506.758057
507.202301
507.204865
507.100372
507.042877
506.426605
507.494690
507.909302
507.910370
507.183594
504.154785
503.163849
500.774536
498.911713
496.190491
493.513977
491.834442
490.106720
488.839874
487.281128
486.896942
486.248901
485.576996
485.043915
485.025330
485.267181
485.855988
484.584503
487.750946
488.858551
486.651123
489.981812
490.182709
488.925995
490.032501
490.054504
489.893707
489.462891
488.624817
487.549835
486.058258
483.533722
483.130127
480.810547
476.227997
599.834839
595.692627
778.459656
588.232300
584.750916
590.929199
578.219910
575.323792
572.589844
569.870850
567.422913
568.222046
562.834778
564.329468
558.463867
556.503967
554.493652
553.206482
552.722046
552.478394
552.493103
552.837708
555.495605
552.030212
550.847229
549.810486
548.263977
547.775452
544.361572
542.049316
539.480347
536.882019
534.469910
531.140076
527.025879
524.142334
521.722656
519.376892
517.896301
516.984863
516.284485
515.792664
515.776550
516.035706
515.974243
515.680054
515.280579
514.763855
514.599365
514.622681
514.708313
515.238831
515.197937
514.903259
514.620483
514.466980
514.230957
513.859375
512.585693
512.864563
512.239197
509.568787
510.468719
509.291595
507.070587
507.267670
506.551758
505.445068
504.495239
503.388672
502.489594
501.895050
501.063202
500.824219
500.397430
497.423431
499.320679
498.929962
495.983215
497.986877
497.519318
496.460510
496.272156
495.625580
495.326080
494.813293
494.175110
493.013245
492.824036
491.126068
491.667175
491.067902
490.650574
490.117310
489.740906
489.224976
488.732574
488.332489
487.223145
486.915863
609.340759
618.223511
602.379395
688.642578
596.383850
593.729187
592.408752
588.338318
585.853088
583.438477
580.948303
578.504639
585.844177
573.841492
571.683533
569.702515
567.490662
565.439636
563.436890
561.374512
560.399536
557.111938
555.030945
553.097778
551.207275
549.597168
549.262207
546.334229
544.894592
543.374512
541.845520
540.460632
539.100769
537.705383
536.899109
535.137146
533.907288
532.443115
531.457153
530.347168
528.885498
527.908936
526.592773
525.318115
524.035095
522.913330
521.898865
520.907166
520.002197
519.148804
518.184998
517.408020
516.575500
515.780701
514.961914
514.118103
513.315125
512.543640
511.753723
510.923279
510.144470
509.382446
508.487183
507.348877
506.716370
505.034210
505.146362
504.174164
503.526642
502.890686
502.145966
501.606598
500.943573
500.443115
499.850952
499.235779
498.696136
498.099762
497.575714
495.188385
496.528870
495.918457
495.255859
494.591614
494.001221
493.342743
492.652222
492.090942
489.900513
490.920288
490.642731
490.119141
489.653839
489.225677
488.899811
488.426849
487.386688
487.716827
486.629272
482.832428
608.752808
605.310669
710.256897
599.265808
596.438843
593.980774
590.905396
588.091614
585.387268
582.762329
589.134888
577.873962
575.609436
585.353577
571.087463
569.002625
573.514709
564.787354
562.868286
561.487305
558.926941
557.093872
555.251404
553.449707
551.672119
549.989136
548.184265
546.958191
544.633301
542.951904
541.303589
539.837341
538.611450
537.215332
535.891174
534.664795
533.470703
532.376770
531.229675
530.402283
529.063293
528.140259
527.154480
526.031372
524.967102
523.998291
522.995117
521.845459
520.596985
519.545288
517.472229
517.454346
516.470215
515.555115
514.643860
512.655945
513.032349
512.186035
511.297943
510.609131
509.870239
509.124695
508.365509
507.617188
506.044922
506.252014
505.561554
504.554443
503.745026
502.912933
502.088348
501.324921
499.027740
500.058594
499.447906
496.186096
498.205963
497.662292
495.638428
496.608582
496.158173
495.767792
495.245972
494.668915
494.370239
493.853302
492.753387
493.063385
492.539795
489.002167
491.398407
490.771210
487.356445
489.674500
489.269653
488.287323
488.348389
487.974976
486.736176
486.349274
608.830322
605.340393
602.223694
643.078430
596.163086
593.501526
590.848450
588.156799
585.541321
582.699890
580.150696
577.529358
575.106262
572.752625
570.649658
570.883301
566.274597
568.869568
562.134827
560.155823
558.289368
556.440735
554.541870
552.859863
551.041504
549.423828
549.406250
546.099792
544.647400
543.135925
541.222595
539.614502
538.061035
536.522888
535.265320
533.718689
532.530884
531.275513
530.086975
529.070984
527.879272
526.627319
525.639465
524.688843
523.644653
522.620544
521.701477
520.643921
519.148743
518.685913
517.753479
515.627197
515.974182
514.942139
512.913208
512.760071
511.914764
511.025421
510.213776
509.555359
508.898315
508.174255
507.637939
506.803711
506.185852
503.640381
505.002319
504.306915
501.721497
503.231293
502.609924
501.601654
501.261932
500.578552
499.788544
498.877045
498.224243
496.983704
496.863983
495.371124
495.757965
495.211212
494.580017
494.007202
493.711975
493.254181
492.694275
492.287109
491.837677
491.343262
490.946350
490.123566
489.927063
487.361816
488.767365
488.066040
487.390503
487.012299
485.785797
485.317474
607.918518
603.895386
755.115295
598.114685
595.444458
594.000427
590.413940
588.092041
585.586121
583.123413
585.907959
578.297913
575.949219
573.692871
571.403992
569.271790
571.408630
564.967468
562.762756
560.388184
558.296631
556.335938
554.436951
552.631958
552.552429
549.416748
547.767822
547.671997
544.846375
543.427734
542.923218
540.715271
539.389343
538.120117
536.714050
535.515991
534.249451
533.040466
531.901489
530.731567
529.441833
528.244873
526.823364
525.590942
524.452820
523.329102
522.346680
521.281311
520.195618
519.285034
518.399048
517.566589
516.668396
515.648621
514.916992
513.546143
513.364563
512.499329
511.681488
510.814087
510.041870
509.007996
507.972656
507.146240
506.373871
505.458771
504.787079
504.044647
503.521698
501.259766
502.213501
501.564087
500.853790
500.465515
499.847687
499.236511
498.700836
498.199890
495.800079
497.030457
496.475555
495.920105
495.317505
494.732483
494.187897
493.363892
491.888397
491.958893
491.493958
487.761536
490.452209
489.954346
487.656769
488.899017
488.638367
488.193665
487.795502
487.477814
486.338013
485.890900
355.552124
605.096008
602.000854
732.814514
596.443054
593.799133
640.765625
588.917480
586.413757
589.593140
580.955017
578.303589
575.804382
573.408081
571.151123
569.114624
566.932678
567.716125
562.934143
560.964966
559.124084
557.330383
555.579346
553.817932
552.068787
550.471313
548.821167
547.181946
545.710815
544.801758
542.426697
541.590576
539.207520
537.595520
536.113647
534.693909
533.356262
532.156921
530.906860
529.772461
528.579102
527.384460
526.434082
525.473816
524.298340
523.303711
522.328064
521.296997
520.304993
519.367554
518.383179
517.508850
516.444336
515.290039
513.393982
513.286072
512.322388
511.353363
510.567719
509.863251
509.092834
508.384430
506.895813
506.875702
506.292023
503.516602
505.006561
504.311920
502.019745
503.076172
502.383514
501.721497
501.095490
500.508270
499.927734
499.249115
498.632111
497.878937
497.032715
494.045837
495.709290
495.031464
491.621399
493.808014
493.590332
492.235687
492.571686
492.059631
491.731750
491.245941
490.976959
490.446320
490.099457
488.087952
489.323761
488.829620
488.317841
487.995148
486.878601
486.378815
609.315613
604.989258
601.838623
598.802063
595.965393
613.992615
590.901184
622.761169
585.833496
583.434509
583.096619
578.575806
576.328186
574.030334
571.796875
569.769104
567.481934
565.355896
563.271301
561.827454
558.854309
556.821472
554.813049
552.924255
552.411621
549.428833
547.750183
546.046936
544.609070
543.116394
542.561218
540.212036
538.847656
537.491577
536.138062
534.862793
533.579407
