516.386414
512.452698
508.870422
505.401093
531.779114
498.622101
495.314301
492.090515
488.893097
485.970276
483.001709
480.148041
480.531281
474.833099
472.289673
469.765076
467.335144
464.831055
464.923187
460.181183
458.217041
456.368561
454.562592
452.731781
450.979034
449.239288
447.877869
446.085663
444.598175
443.054626
441.721924
440.316254
439.636841
437.705811
436.421661
435.338013
433.764618
432.616913
431.187256
429.943176
428.774750
427.781891
426.803589
425.894806
425.033447
424.017761
423.028961
422.125946
421.296173
420.306488
419.643799
418.431061
417.894470
417.127197
416.286102
415.652954
414.616058
413.584808
412.683044
411.944733
411.288361
410.654144
410.152924
408.413055
408.739014
407.873138
407.563843
407.057770
406.477722
405.864868
405.466980
404.899475
404.397308
403.910278
403.392365
402.955444
402.394897
401.713409
401.064514
400.317169
399.030823
399.577026
399.234406
398.838318
398.481964
398.082031
397.576294
397.263977
396.763947
396.446594
395.966614
395.678284
395.220795
394.769135
394.532623
394.104584
393.731964
392.335846
392.406281
521.240051
516.097351
512.002747
508.315002
504.883759
545.380066
498.067078
494.854126
491.888550
488.479553
485.488495
482.551819
489.261383
477.004089
474.472168
472.041809
469.484741
467.180511
464.999023
465.317291
460.594910
458.579376
456.632629
454.765228
452.818878
450.932892
449.021057
447.188507
445.548218
444.382141
442.517609
441.181610
439.782532
438.856079
437.118896
435.885742
434.695892
433.560516
432.351074
431.282959
430.170593
429.058746
428.027222
426.974243
426.067322
425.137939
424.161011
423.175110
422.201935
421.406677
420.459717
419.504730
418.396484
417.506287
416.655640
415.892151
415.240967
414.532806
413.105988
413.153503
412.299500
411.729492
411.118927
410.493195
409.925720
409.223297
408.629547
408.084290
407.456512
406.882263
406.385620
405.820770
404.517181
404.662384
402.993347
403.590424
403.039948
402.263672
401.596985
401.055511
400.550690
400.163300
399.660278
399.309814
398.948456
398.441589
397.564880
397.600220
397.278778
396.814972
396.545441
395.657440
395.734253
395.324921
394.950562
394.605011
394.206726
393.818970
392.941193
392.557220
543.300903
516.469360
512.362915
508.629211
505.002899
543.128662
498.206726
494.995911
492.506134
488.783142
485.811188
497.544312
480.018616
477.331604
476.358521
472.265228
469.849274
467.481171
465.360443
463.107574
460.935303
458.959625
459.475922
455.060059
453.168488
453.320862
449.283264
447.449585
446.852081
444.296265
442.705322
441.432037
440.006958
438.783905
437.374817
436.068878
435.484711
433.722656
432.635681
431.338196
430.394836
429.213959
428.205627
427.204285
426.244659
425.368408
424.403778
423.407654
422.139282
421.570679
420.380310
419.450623
418.475250
417.571838
416.941864
416.233917
415.601074
414.834503
414.197174
413.445007
412.798798
412.167450
411.094177
410.869659
410.269196
409.539093
409.046906
407.428802
407.728027
407.138214
406.573975
406.081726
405.405273
404.728546
403.966248
403.307617
402.512085
402.279053
401.747467
401.320801
400.875092
400.475983
399.920563
399.448486
397.302246
398.665100
398.269409
395.307373
397.399384
396.929321
395.476685
396.224457
395.854401
395.440430
395.081177
394.692230
394.326721
393.767578
391.894867
392.145264
520.432434
923.964111
511.826141
508.302887
585.872070
501.709442
498.298309
502.225983
491.930267
488.842316
485.936462
482.987335
480.152191
478.889191
474.850830
476.413574
469.948883
467.534912
465.313202
463.095245
460.925507
458.913696
456.907776
454.778137
454.815643
450.825409
449.055206
447.503448
445.912262
445.526794
442.913849
441.544250
440.155579
438.783905
437.462524
436.245575
435.062531
433.860718
432.941833
431.576172
430.517883
429.424408
428.321381
427.290253
426.317261
425.391327
423.964081
423.329681
422.270233
420.313477
420.216583
419.355652
418.133636
417.772888
417.017670
416.182739
415.575745
414.789520
414.086487
413.417816
412.731445
412.164276
411.545990
409.473938
410.360901
409.706146
407.697815
408.537323
407.971252
407.178345
406.825775
406.248352
405.570313
404.862091
404.201660
403.607574
403.052521
401.819672
402.096375
401.640869
401.183014
400.679749
400.125549
399.703430
399.282349
398.908173
398.490051
398.005249
397.624237
396.740540
396.831238
394.554108
396.017426
395.512512
394.995300
394.671082
393.989075
393.411591
392.362274
392.080780
520.252808
515.580994
511.946686
517.850647
504.970184
501.637787
498.349365
495.183807
505.050568
488.955078
485.953400
483.096802
480.302399
477.544586
482.808533
472.475769
470.025330
468.047455
465.517487
463.095245
460.768585
458.584778
458.522461
454.697723
452.868530
453.155182
449.643494
448.026825
447.762024
444.942566
443.356995
442.542267
440.696442
439.399292
438.042603
436.754944
435.630157
434.410431
433.252380
432.177429
430.969482
429.811188
428.135834
427.248932
426.181580
425.009521
424.314941
423.400970
422.510315
421.686279
420.782776
419.567383
419.042053
418.299927
417.547058
416.786896
416.009247
415.337799
414.662354
413.981598
413.342651
412.603912
411.962982
411.273041
410.590881
409.338348
409.028137
408.266998
407.578796
407.001678
405.893707
406.016815
405.509552
404.931274
404.407745
403.881989
403.428101
402.922974
402.464142
401.618286
401.568634
401.148254
400.695587
400.252838
399.820526
399.354248
398.951385
396.213654
398.082916
397.480591
394.526123
396.372406
395.966309
394.873169
395.247467
394.953156
394.669189
394.282562
393.287964
392.964722
521.880310
734.937988
513.074219
509.603790
596.422058
502.962250
499.610046
526.522705
493.072662
489.880463
488.279968
483.880341
480.784485
477.817200
475.005554
472.403687
469.897247
467.627167
466.944397
463.190674
461.013153
458.975922
457.072083
455.171875
453.333954
451.634979
449.947174
449.736481
446.726257
445.179962
443.708984
442.274933
441.493195
439.444946
438.118469
436.783875
435.529633
434.171875
432.750000
431.495758
430.250671
429.198975
428.149200
427.207886
426.198578
425.344757
424.361084
423.365723
422.463745
421.728668
420.864716
420.070831
419.185242
418.446869
417.664917
416.721252
416.243805
415.481415
414.715240
414.082855
413.332977
412.691437
411.906525
410.531158
410.407837
409.492950
407.140472
408.225281
407.639740
405.831970
406.569153
406.070190
405.395386
404.847687
404.343445
403.794250
403.223145
402.681885
402.205536
401.731781
401.016663
400.860107
400.324310
399.937683
399.491913
399.034332
398.657715
398.221252
397.781250
397.250031
396.737732
396.120850
395.491455
395.408325
393.619446
394.832458
394.538025
394.150696
393.229309
392.929077
521.192932
516.989380
513.171875
509.778320
506.449799
503.017395
502.897278
496.623108
493.458344
490.294281
487.288147
487.658203
481.368225
478.368835
475.564575
472.882721
470.332642
472.685699
465.869293
463.618286
461.532043
459.507996
457.474060
455.543304
453.728638
453.483917
450.182922
448.587250
448.437561
445.617889
443.629150
443.108124
440.829834
439.444214
438.090607
436.415680
434.855377
433.346222
431.823914
430.021484
428.470490
427.078674
425.587769
424.819061
423.863708
422.347809
422.031616
421.291443
420.674469
420.256775
420.045837
420.207031
420.174988
420.390533
420.510864
420.521942
419.887878
420.295685
420.141724
419.762024
419.310791
419.027557
418.721527
418.608734
418.208313
417.538605
416.898041
416.392365
415.587097
415.300140
414.888306
414.411377
413.736847
413.106140
412.744659
412.216034
411.777344
411.311127
410.925690
410.368439
409.889587
409.251434
408.520996
408.251892
407.836487
407.593353
407.320953
406.004425
406.831451
406.568329
406.166992
405.799896
405.491760
402.946472
404.451996
404.074036
403.461945
403.123108
401.968811
401.540710
531.380249
526.532654
522.715942
519.248596
594.173645
511.730347
508.440399
544.492615
502.040222
498.944733
505.311859
492.963562
490.039734
487.321014
484.771088
482.362488
479.917908
477.552826
478.706024
473.175110
471.494812
472.861877
467.504028
465.517303
466.064209
462.313751
460.593597
459.413208
458.166168
456.658478
456.112946
454.018341
452.723877
451.527557
450.158752
448.991852
447.267365
445.322723
443.355743
441.305359
439.419495
438.402771
437.082520
435.755249
434.752380
433.822510
432.948700
432.114380
431.320007
430.430969
429.898895
429.193604
428.481720
428.139374
427.626282
427.110168
426.675079
425.967102
424.890686
424.314392
423.599915
422.881836
422.153229
421.383118
420.671234
419.840759
417.502686
418.255920
417.443298
415.002716
416.074127
415.472626
414.049561
413.910217
413.194763
412.515137
411.884277
411.371796
410.778687
410.252686
409.225830
409.536011
409.132965
406.628906
408.906616
408.934601
406.906647
408.558502
408.307159
407.460876
407.503937
407.095001
406.585968
406.185303
405.688416
404.489075
404.132294
402.681580
401.790527
401.422272
531.462646
527.124573
523.311035
519.399353
515.741089
512.164795
508.603912
505.184143
501.837769
500.766144
495.696899
504.124908
489.688751
486.708923
484.728851
482.361115
480.135590
478.078491
475.874603
473.654175
474.928314
469.653625
467.910309
466.181335
464.403320
462.916840
461.377380
459.707489
458.605499
456.396271
454.682770
452.973480
451.221497
449.669708
448.498444
446.487122
445.048065
443.726013
442.386719
441.035217
439.618958
438.152618
436.840485
435.011810
433.830353
432.279968
431.761139
430.866547
429.455872
429.620636
428.921997
428.323364
427.798126
427.366760
426.922211
426.448761
426.248566
425.721741
425.265259
424.528809
424.278229
423.601593
422.858551
422.116089
421.347321
420.478333
419.651154
418.860291
418.178009
417.451324
416.713348
415.517700
415.064087
412.920288
413.665222
413.003265
412.356262
411.726135
411.041992
410.282806
409.890472
409.438812
409.213898
408.881165
408.651215
408.163727
408.292175
408.064331
407.908478
407.702209
407.025879
407.343719
407.142059
406.922577
406.366364
406.030487
403.405823
404.914856
403.926392
403.435272
534.586914
529.705811
525.373840
521.294006
543.793701
513.780151
510.062012
543.826355
502.437225
498.508148
514.300964
491.370819
488.506134
489.335938
483.863342
481.744873
479.675171
477.596558
475.529755
473.496552
471.690948
472.788147
468.460205
466.854309
467.728180
463.835114
462.104462
461.764923
458.642120
456.712189
454.635986
452.656525
450.805206
449.766785
447.485474
446.426208
444.811981
443.359528
442.103607
440.785370
439.617462
438.526825
437.425537
436.323730
435.327820
434.358612
433.370422
432.207520
431.488342
430.659698
429.507202
428.405365
427.464813
426.894684
426.261597
425.654938
425.296661
424.903320
424.509399
423.982666
423.605286
422.847137
422.382172
421.875458
421.313507
420.545715
418.806030
419.275421
418.494568
417.836823
417.441345
416.701202
414.014160
415.094147
414.432617
413.407623
413.205566
412.500793
411.770172
411.048553
410.284180
409.746338
409.039337
406.944275
407.953522
407.511688
404.513092
406.413635
405.907135
403.786224
405.142944
404.907928
404.588165
404.470978
404.349396
404.193817
403.907227
403.205566
402.649506
402.485901
83.051956
529.095032
525.114502
521.973450
518.633789
515.096680
511.586700
508.056488
504.695313
501.288086
498.177673
494.972992
492.934845
488.712891
491.451447
483.047363
480.255280
477.783630
475.272949
472.593414
470.372040
468.188629
465.923065
466.342651
462.450348
460.992615
459.560120
458.251953
458.143799
455.464569
454.098633
453.416138
452.193176
451.268341
449.966400
448.758118
447.622803
446.727417
445.199677
444.075897
442.878571
441.665680
440.469788
439.108337
437.836212
436.338135
435.328400
434.108063
432.215637
432.088196
430.971313
429.168213
428.492157
427.436768
426.521545
425.515869
424.726227
423.856384
423.394318
423.166595
422.657623
422.266663
420.534454
421.450165
420.969055
418.917847
420.139221
419.555908
418.509338
418.388000
417.853790
417.288361
416.540710
415.962189
414.863678
414.522125
413.043549
413.272919
412.490601
411.778442
411.148834
410.439301
409.861053
409.260223
408.587402
407.950012
407.018585
406.308441
405.818329
405.146027
402.474731
403.920685
403.641449
403.141235
403.247589
402.961060
402.807678
402.860748
402.217804
400.274628
533.704468
529.628662
529.124756
522.739685
519.636414
516.216980
512.675110
526.585144
505.891785
502.445313
519.719116
495.402740
491.693481
497.928406
485.601196
482.819244
480.508728
477.417908
474.819244
471.957947
469.328430
469.268250
465.189056
463.116394
463.236237
459.045197
457.092255
457.267212
454.298126
452.894531
452.016388
450.154541
448.852051
447.804169
446.686340
445.707733
444.708679
443.805878
443.281311
442.221771
441.115875
440.108002
439.233307
438.459839
437.412079
436.316223
434.989502
433.832153
432.833954
432.013641
430.886688
429.965759
428.040588
427.910919
426.876740
425.837250
425.012726
424.082245
422.986572
422.075653
421.304413
420.477631
419.892853
419.369690
418.722443
418.250488
417.863586
417.636047
417.278961
416.729858
416.943848
416.706268
416.346497
415.967743
415.488983
413.667969
415.045441
414.544556
413.932983
413.403687
412.676453
411.894531
411.242950
410.441162
410.127319
409.485718
406.581207
408.123718
407.493256
404.300049
406.126434
405.379028
404.063995
404.219513
403.626221
403.151489
402.632599
402.103516
401.090546
400.833923
153.813995
527.183167
523.239990
652.581238
516.474609
512.901001
544.841919
506.721375
503.656982
500.752258
498.077515
495.029816
501.160400
489.772095
496.094055
484.651123
482.076447
480.706573
477.719757
475.355774
472.961761
470.711578
468.559814
466.514526
464.265442
462.201660
460.953003
457.976471
455.890228
454.019135
452.034760
450.938568
448.616760
447.134674
445.877991
444.687103
443.503693
442.527527
441.589203
440.867157
440.019958
438.939758
438.472137
437.761475
437.036163
436.983734
436.128693
435.495392
433.810394
433.693878
432.504150
430.513977
430.507843
429.599762
428.715546
427.911499
427.084839
425.771271
424.708862
423.695862
422.706451
421.778931
420.028412
420.220795
419.363495
416.782257
417.711670
416.895752
415.065399
415.253296
414.576416
413.863037
413.111145
412.636292
411.935242
411.374847
409.265869
410.392456
410.110260
409.726318
409.829895
409.757843
409.585999
409.587860
409.459717
409.411438
409.215942
409.006165
407.725372
408.740051
408.568817
408.360413
407.917328
406.723450
406.885132
406.352142
405.519440
404.623199
403.363831
402.522156
534.424133
529.211975
588.561951
521.486511
517.637695
513.814087
509.912781
537.118713
502.646301
499.351593
497.492676
492.975616
490.064514
498.883209
484.892303
482.626740
482.812775
478.177063
476.007996
473.901367
471.819397
469.902954
468.130951
466.336273
466.332733
462.941650
461.363129
461.377594
458.359283
456.865967
456.257843
453.927338
452.424103
450.996185
449.430298
447.877350
446.384705
444.813141
444.129242
441.951874
440.439178
438.646240
437.304749
436.033844
434.667786
433.474426
432.304108
431.142578
430.278778
429.448547
428.593445
427.742096
426.973022
426.405823
425.902985
424.925110
425.050903
424.512360
424.191498
423.728668
423.331696
422.869019
422.357635
421.826721
420.244354
420.483398
420.022491
419.608826
419.130463
417.426544
418.300873
417.880585
417.193359
416.612976
416.070190
415.457123
414.757080
414.013397
412.718292
413.017029
412.631958
412.031311
411.463959
410.785645
409.999237
409.236664
407.111633
407.658020
406.805847
403.537140
405.674255
405.244629
403.063965
404.630035
404.298309
403.883362
403.716766
403.341614
402.533508
402.385986
345.316071
530.771057
527.237244
639.635193
520.459717
517.145813
564.403564
510.455475
507.234955
513.884338
500.564850
497.196289
494.062531
491.268799
488.595123
489.448181
483.124634
484.819092
477.980255
475.553436
473.207245
470.874603
468.810150
466.694458
464.672424
462.768127
460.770844
458.897308
456.974670
455.511169
453.357513
452.537476
449.980408
448.482605
447.205536
445.695526
444.596405
443.524567
442.693756
441.882538
441.042725
440.118195
439.487976
438.749084
437.982025
437.332886
436.572968
435.763580
434.735870
434.041077
433.151367
431.231018
431.276184
430.108398
428.213348
427.913818
426.903168
425.923737
425.148254
424.235168
423.323181
422.389374
421.478149
420.727356
419.964355
417.677551
418.239288
417.382751
414.881714
415.949951
415.319122
414.228394
414.371948
413.770721
413.024261
412.569092
412.110870
411.828400
411.616455
410.706482
411.315735
411.086761
410.792480
410.627533
410.549194
410.280548
409.969208
409.705658
409.454132
409.024353
408.832031
407.280609
408.193939
407.657532
406.916046
406.341156
405.345795
405.021759
403.811340
403.218811
535.053772
529.982239
525.745178
521.849304
517.841003
533.752869
509.997192
506.440674
502.706390
499.230408
509.197021
492.555634
489.502686
486.558044
483.481781
480.978180
478.612244
476.281250
473.816681
472.558685
469.541138
467.670074
465.873596
464.448120
463.075195
461.871704
460.423645
460.376587
457.646179
456.314636
455.740051
453.407715
452.099640
451.381287
449.381104
448.030548
446.638336
445.264038
443.767639
442.125824
440.687897
439.542175
437.854034
436.653992
434.883728
434.428009
433.305573
431.492828
430.935486
429.839722
428.870117
428.056213
427.086212
426.272400
425.467224
424.605591
423.816589
423.060333
422.348175
422.032043
421.487701
420.980621
420.540039
420.194366
419.936768
419.651001
419.402985
417.903961
418.257080
417.674591
417.199890
417.104034
415.720886
416.304108
415.669495
415.048218
414.572266
414.236786
413.588898
412.990417
412.234955
410.502869
410.320221
409.383118
408.887695
408.250397
407.769135
407.101227
406.593414
405.462524
405.149597
404.479523
401.362366
403.644379
403.185516
401.706329
402.356750
402.078583
401.433624
401.207794
533.742432
529.733948
525.987671
575.615173
518.997742
515.596375
562.706238
509.045227
505.858032
524.704651
499.683533
496.598328
495.778320
490.870544
488.220612
485.502411
482.805786
480.273743
477.551788
474.889801
473.772156
469.909729
467.521820
465.249542
462.982758
460.748169
458.549805
456.373779
454.196625
452.171051
450.342499
448.644318
447.334991
445.557892
444.603760
442.617279
441.378723
440.308411
439.379700
438.421936
437.537811
436.743683
435.710205
434.626129
434.164093
433.671753
433.216675
432.655060
432.044037
431.646729
430.974030
430.664917
430.142365
429.677155
429.155426
428.483124
427.803040
426.383545
426.195099
425.281586
424.191956
423.439117
422.717224
421.832733
420.946259
419.335114
419.056000
418.346100
415.575256
416.441803
415.463104
412.882813
413.416962
412.476593
411.431305
410.913849
410.283051
409.112793
409.215210
408.822845
408.449768
408.121765
407.505341
407.754730
407.515991
407.313843
407.020996
406.788788
406.805847
406.695129
406.732056
406.660492
406.567749
406.418121
404.975372
406.023010
404.162537
405.538971
404.567291
404.261871
536.172974
531.449890
527.195007
523.469788
519.481018
515.603088
511.695587
507.932312
513.916260
500.573608
496.951599
493.384888
489.828003
489.125793
483.837128
480.875885
478.006714
475.280029
472.610443
469.935791
467.832825
466.043640
464.748230
462.411591
460.666016
459.159149
457.906311
457.944489
455.556946
454.439911
453.061188
452.042572
451.000183
450.686584
448.944855
447.932678
447.100342
445.821777
444.579559
443.253143
441.924652
440.666809
439.337463
437.995422
436.390472
435.709167
434.427002
432.219727
431.642517
430.275238
428.880768
428.091766
426.894592
425.707672
424.610077
423.497284
422.599518
421.555115
420.316254
419.840942
419.022980
416.616669
417.456482
416.828430
416.422028
416.000397
415.720062
415.505432
415.134613
414.821442
413.550873
414.421387
414.327515
414.254364
414.225433
413.818817
413.987518
413.824890
413.633545
413.491730
413.403870
413.182617
412.926392
412.693024
411.356140
411.723450
411.090973
410.609711
410.440857
408.584717
409.433960
408.888519
408.217499
407.474121
406.595184
405.805603
405.179810
404.681702
403.274506
403.555817
536.692627
532.121643
528.202271
524.741821
521.402161
518.037415
553.430420
511.406372
507.995270
530.010193
501.334991
498.002930
503.197205
491.900970
488.986877
486.051880
482.969025
480.056519
477.169830
474.500427
474.424835
469.418274
467.011536
467.383209
462.367920
460.128448
459.760986
455.951569
453.939728
452.618042
450.403107
448.852051
447.329529
446.082611
444.911133
444.061035
442.812103
442.082428
440.817627
440.087036
439.408081
438.613342
438.104462
437.424774
436.763855
436.194794
435.131500
434.862732
434.192810
433.717224
432.892761
431.635345
431.005676
429.964508
428.975189
428.075470
427.264252
426.283234
425.384125
424.374329
422.684875
422.273743
421.209229
420.274567
419.353638
418.396088
417.562042
416.794159
415.746307
415.007751
414.066681
412.965546
412.173859
411.226868
409.641052
409.442261
408.549927
407.693542
406.910278
406.139709
405.463104
404.686584
403.000824
403.198700
402.436035
399.537201
401.292847
400.768921
398.305054
399.631317
399.109985
398.257996
398.127655
397.562469
397.058014
396.538147
395.971527
395.372620
394.139343
392.987579
523.128357
518.406738
514.427551
510.878143
507.446594
504.352997
501.224396
497.965729
494.739960
491.606934
488.823425
490.065521
483.189178
488.871460
477.974609
475.517334
473.231415
470.775360
468.574036
466.515991
464.537994
462.651215
460.936127
459.223846
457.622162
456.523987
454.621674
452.881561
451.028351
448.935089
447.078094
444.970917
443.304535
442.058105
440.696472
439.426758
438.533539
436.844055
435.734222
434.520508
433.334869
432.125580
430.882538
429.655060
428.661255
427.636627
426.633087
424.850220
424.707275
423.864685
422.242004
422.125824
421.195648
420.376251
419.588104
418.815491
418.037170
417.303467
416.561584
415.821381
415.203217
413.245972
413.709290
412.943329
410.490723
411.218628
410.528595
409.276611
409.306458
408.692047
408.163452
407.612488
406.950104
405.567749
405.821716
404.132111
404.868286
404.344635
403.748291
403.277649
402.830139
402.357544
401.881256
401.412506
400.943939
400.321991
399.782440
398.513519
398.765381
398.267761
397.985138
397.612030
396.966217
396.968903
396.533234
396.281097
395.939667
395.562805
394.674438
394.420898
524.866150
557.203552
516.468201
512.968323
509.476105
505.860779
533.311096
498.790527
495.307281
492.502167
489.071106
486.138153
495.974274
480.486237
477.803040
476.751099
472.665009
470.360046
468.079956
465.876007
463.726166
461.672760
459.603607
459.900818
455.836426
454.025513
453.974121
450.306763
448.640717
447.971863
445.411224
444.049194
442.717896
441.486115
440.055023
438.703644
437.408966
436.748810
435.149475
434.039917
432.619141
431.758270
430.590668
429.567108
428.560699
427.506500
426.252655
425.132019
424.156189
422.932678
422.494720
421.712280
420.836517
419.977142
419.058441
418.403168
417.666046
416.925537
416.204803
415.559326
414.875092
414.273041
413.660461
412.554718
412.257813
411.414063
410.740540
410.174866
408.609589
409.015656
408.493988
407.937500
407.225006
406.581146
405.937256
405.460266
404.957642
404.078979
404.030975
403.560791
403.079620
402.540070
402.094482
401.646057
401.016937
398.638550
399.843353
399.288757
396.496643
398.496399
398.121704
396.474396
397.342346
396.892975
396.495941
396.147766
395.809998
395.436035
394.588379
393.496979
524.641724
519.765808
715.979858
512.490601
509.067963
566.519104
501.897186
498.352234
501.635895
491.720184
488.710358
485.747223
482.847015
480.045807
479.075256
474.820282
475.723297
469.853699
467.593018
465.344391
463.207397
461.184814
459.179199
457.270813
455.384003
455.496399
451.786774
450.014771
448.298828
446.463104
445.655029
443.271576
441.844788
440.628540
439.213501
437.904327
436.660370
435.450500
434.312744
433.405670
432.147766
431.001251
430.018066
428.907166
427.902008
426.976440
425.990387
424.601776
424.020264
423.160004
421.225616
421.153961
420.039886
418.576599
418.264374
417.494415
416.881653
416.043732
415.310547
414.592773
413.901520
413.355347
412.587280
411.868652
409.816132
410.527100
409.980347
407.762146
408.796509
408.219299
407.297119
407.135071
406.586609
405.924957
405.323578
404.632446
404.118439
403.587494
402.248016
402.596283
402.322418
401.792114
401.222168
400.822693
400.382172
399.928680
399.475464
399.029510
398.735474
398.173279
397.320221
397.300873
394.891052
396.640930
395.936615
395.223511
394.885651
394.434692
393.540771
393.194000
523.012329
518.469116
514.707703
511.209412
516.236511
504.415710
501.027496
497.760773
494.628510
502.486115
488.418121
485.352020
482.484406
479.637085
476.972321
481.275726
471.846130
469.233337
467.005280
464.309052
462.114868
460.185120
458.216309
458.198120
454.523773
452.837952
452.718597
449.430511
447.930817
447.508514
444.783875
443.537628
442.639282
440.827545
439.422058
438.126160
436.894745
435.667084
434.535431
433.316772
432.104675
430.696411
429.476807
427.894287
427.441589
426.552063
425.343262
424.668243
423.654358
422.835968
421.893188
421.153259
419.914703
419.452454
417.749329
417.936249
417.188568
416.387360
415.647949
414.966827
414.220337
413.415100
412.550751
411.653412
410.969788
410.231873
409.397095
409.190521
408.563721
407.975647
407.337219
406.299652
406.252655
405.743073
405.231537
404.728729
404.290894
403.756653
403.266876
402.784302
402.120361
401.873993
401.350922
400.904236
400.484863
399.857391
399.425507
398.781158
396.083527
397.829559
397.630798
394.787872
396.909698
396.413940
395.497528
395.591156
395.193024
394.873108
393.959961
393.579285
523.640747
518.841492
633.750244
511.580505
508.238495
571.097351
501.286011
497.791687
516.219360
490.892242
487.798065
485.586487
482.031708
479.271332
476.655884
474.022552
478.019012
469.460663
466.898834
465.432983
462.499359
460.481934
458.554474
456.607727
454.766510
453.000305
451.196533
449.540985
449.085205
446.387268
444.745087
443.208710
441.496918
440.482208
438.569733
437.301849
436.082001
434.920380
433.823578
432.627960
431.493042
430.269684
429.420685
428.310181
427.315033
426.434784
425.506226
424.105743
423.579285
422.783600
421.834290
421.035004
420.129761
418.326355
418.503387
417.670776
416.737579
415.870453
414.991730
414.221985
413.498993
412.821625
412.190186
411.633728
410.005096
410.232361
409.596069
407.322083
408.463806
407.918671
406.269928
406.712677
406.128815
405.575531
405.092133
404.524963
404.018463
403.492859
402.752228
402.388489
401.801208
399.002350
400.474396
400.043121
399.574890
399.208466
398.839966
398.409424
398.066406
397.574219
397.285980
396.883423
396.553802
396.113251
395.839508
394.483521
395.193024
394.800110
393.889771
393.628021
523.545959
519.092590
515.274048
511.667419
566.683411
504.245056
500.789581
497.666016
494.275391
510.103180
488.289429
485.221619
483.108673
479.522034
476.948608
474.527100
471.960907
469.701385
470.207458
465.209991
463.098022
461.098206
459.099731
457.196503
455.288330
453.511169
453.080414
449.747406
447.955841
447.486176
444.731598
443.410980
442.720367
440.710205
439.268585
437.987946
436.675568
435.529419
434.382996
433.263428
432.620178
430.986816
429.971375
428.373077
427.858246
426.918671
425.373871
424.954987
424.003632
422.944916
421.937347
420.977356
419.983459
419.167084
418.455536
417.595001
416.973602
416.071686
415.480042
414.864380
414.295197
413.692688
413.034302
412.404175
411.812897
411.131561
410.591522
410.029510
409.412231
408.781952
408.220032
406.526855
406.702454
406.039703
405.363770
404.931732
404.442993
403.872528
403.399048
402.860962
401.278137
401.955902
401.455231
401.050873
400.635468
400.144714
399.766602
399.250153
398.550140
398.430695
398.030396
397.612823
397.234741
396.757080
395.146667
395.544037
395.005829
394.391388
393.426178
393.070984
522.974304
518.211243
593.628723
510.773468
507.261292
568.921021
500.524963
497.286102
521.270691
490.904938
487.905304
487.448212
481.953857
479.174316
476.571381
473.991821
471.415863
468.928711
466.388702
465.798187
461.464050
459.095795
456.633514
454.239807
452.136139
450.347534
448.483948
446.813141
445.320221
444.161194
443.019531
442.804260
441.827423
442.038483
440.817139
440.338104
439.743317
439.013672
438.326111
437.591705
436.744965
435.774750
434.688110
434.034027
433.596161
433.150848
432.501404
431.703796
430.942841
430.144989
429.348999
428.639252
427.730530
426.599823
425.979645
425.094299
423.807709
423.686798
422.823212
421.943115
421.087341
420.245819
419.449127
418.707977
417.388916
416.973969
415.880554
412.702118
414.478363
413.968781
412.358673
413.549164
413.162292
412.629852
412.481171
412.305176
412.250397
412.169312
411.831024
411.628204
411.828796
409.874664
411.483246
411.017273
408.245544
410.073029
409.455200
407.987976
408.082886
407.139648
406.503601
405.821381
405.254761
403.564789
404.200897
402.100830
403.290039
402.694946
401.563324
401.031006
531.603027
526.894958
523.015564
519.609497
515.911438
512.431641
509.248688
518.192444
503.880127
501.229492
498.461273
495.601410
496.057007
490.361450
487.835571
485.232666
482.644531
480.391449
478.356323
475.994019
473.757263
472.229706
469.578552
467.721649
466.097382
464.403351
464.091125
461.134064
459.862549
458.366455
456.871582
455.649200
454.894623
453.062042
451.591797
449.911591
447.399689
444.982086
442.839050
441.130707
439.893707
438.431763
437.776398
436.491638
436.294739
435.618134
434.215546
433.844269
433.084503
432.053131
431.506989
430.495605
429.365173
428.539307
427.186035
426.006683
425.139099
423.909241
423.400696
422.346100
419.725189
420.023285
419.086304
418.218353
417.401062
416.688232
415.942871
415.374268
415.020935
413.894226
414.365265
413.651062
413.160126
412.742889
412.163116
412.366180
411.999207
411.795410
411.884033
411.786072
411.289612
410.825531
410.354950
409.122772
409.027008
408.340332
407.378937
406.806824
405.107178
405.491302
404.883392
404.387421
403.726013
403.079895
402.679565
402.062561
401.488800
400.665527
399.895325
399.791412
529.107788
525.482849
522.127808
518.810608
515.632202
569.187256
508.784424
505.499023
533.283813
499.399384
496.893982
501.760315
491.772003
488.893890
486.044403
483.465790
480.852173
479.039368
476.457489
477.234406
471.814972
469.341827
470.253479
464.906952
462.537231
462.361755
458.201569
456.194824
454.234283
451.883514
449.649811
447.707458
445.977356
445.205322
443.426117
441.959381
440.681427
439.396973
438.655457
437.788788
436.842041
435.916779
435.445435
435.202423
434.900421
434.070984
434.016266
433.299255
432.743988
432.140778
431.216034
430.593475
429.435608
428.259125
426.972168
426.014771
425.278259
424.497925
423.888977
422.645966
422.374695
421.542755
420.811188
419.985748
418.068939
418.375549
417.600830
416.861420
416.046967
415.426636
414.763916
414.234406
413.739716
413.009644
413.177368
412.778320
412.281219
412.072601
411.456238
411.158356
411.144226
409.562012
410.827759
410.711151
407.888855
410.062439
409.572357
407.727081
408.931213
408.323761
407.746338
407.198853
406.524689
405.927429
405.123505
403.799225
403.599609
402.797119
398.646851
400.546356
530.731812
902.657471
521.336182
517.637573
531.407715
510.716614
507.370789
504.224152
501.053497
497.923340
497.709381
492.035797
494.942474
486.777618
484.711792
482.730225
480.734741
478.729645
476.704041
474.755493
472.534943
473.443848
468.137665
465.996063
464.164520
462.206665
461.769806
458.600006
456.739594
454.951050
453.075775
451.243103
449.391632
447.600159
445.816711
444.744476
442.813782
441.345978
439.713776
438.385132
437.077484
435.797852
434.836182
433.888275
432.661285
431.783600
430.300568
430.255859
429.686768
429.168304
429.026123
428.769440
428.444885
428.063843
427.626404
427.350647
426.784180
425.725739
425.475922
424.810974
422.785736
423.471527
422.652832
420.699554
421.067505
420.036682
418.900269
417.928680
416.763611
415.457367
414.478302
413.408325
412.331604
411.498566
410.548584
409.938812
409.584412
409.086487
408.785095
408.441467
408.192474
408.186462
407.864990
407.718658
407.550323
407.409790
407.312286
407.738617
406.519165
407.586945
407.424438
407.127411
406.782013
406.212280
405.888641
405.533203
405.262726
404.845062
403.759735
403.113861
588.784363
529.192200
689.537109
521.485596
517.265869
519.248901
509.533997
505.816742
502.293701
498.695129
495.287384
503.444275
488.460083
485.172852
482.153107
479.285400
476.636505
474.185547
471.927155
473.000214
467.609070
465.783783
467.107056
462.146515
460.440430
460.617340
457.212524
455.357849
454.268921
453.054657
451.711914
450.583435
449.412262
449.154053
446.959869
445.768494
444.862244
443.916962
443.277649
442.452393
441.650665
440.562744
439.889435
438.643188
437.690033
436.762726
435.525391
434.366486
432.943207
431.902496
430.451080
429.263245
428.194733
427.003876
425.897614
424.726349
423.608124
422.335938
421.135712
420.069489
419.073822
418.260803
417.451599
416.917908
415.308197
415.675323
415.143555
414.440277
414.717072
414.608490
414.501434
414.391174
414.233643
414.160431
414.054840
413.800995
413.490509
413.379425
413.053070
412.681030
412.253113
411.159546
410.673401
409.790039
408.961792
408.251953
407.747467
405.480225
406.367493
405.566193
404.994720
404.460327
403.995239
403.470215
402.812836
400.931122
401.246674
400.666931
397.196259
399.581146
529.755981
836.113892
521.852966
518.571106
522.087158
511.864441
508.732819
505.701447
502.905029
505.815460
497.582855
494.861176
504.446320
489.533936
487.032013
493.147980
482.013641
479.452026
479.180786
474.001251
471.111328
468.657867
466.198914
463.759979
461.555573
459.434906
458.486145
455.331207
453.310455
451.306732
449.498413
448.080597
446.513672
445.332367
444.000488
442.996399
441.935883
441.140747
440.751312
439.737793
438.815308
438.266724
437.594299
437.177948
436.626038
436.057922
435.464630
434.722778
433.904358
433.208862
432.279938
431.189850
429.761566
428.296936
427.091675
425.957825
425.052826
423.602478
422.634674
421.706482
420.765289
419.792603
418.912231
416.965332
416.996643
416.088837
415.514954
414.637390
414.082642
413.444824
412.859619
412.183777
412.144897
412.085938
409.893066
411.399078
411.213501
409.202515
411.209656
411.408752
411.357025
411.697601
411.611511
411.376434
411.136597
410.804230
410.492218
409.864288
407.410339
408.386536
407.509735
404.561035
406.592896
405.895294
404.038696
404.494995
403.693695
402.991852
401.595856
400.799683
156.801132
526.132446
659.825317
518.044312
514.046021
512.888672
506.681885
503.144409
499.955017
496.935150
494.188538
491.404602
488.880096
486.326599
488.237091
481.843597
479.795654
477.966309
476.173309
475.453369
472.300903
470.527588
468.703888
467.000061
465.312683
463.524048
461.535553
459.745575
458.233856
456.021973
453.988342
452.233002
450.429688
449.290405
446.953613
445.254425
443.671509
442.031921
440.520508
439.146973
437.547791
436.118439
434.692841
433.381470
432.446472
431.783264
431.002014
430.816528
429.375763
428.857422
427.521240
427.989746
427.627563
426.290955
427.180481
426.907349
426.527588
426.350067
426.080078
425.599182
424.946564
424.102814
423.284088
422.446228
420.582245
420.300842
419.161713
416.110657
416.592438
415.772980
413.669006
414.049225
413.090729
412.385590
411.821472
411.097137
409.458344
409.588287
406.959229
407.948883
407.601379
406.995941
406.531952
406.089355
405.728821
405.429230
405.279327
405.117065
405.230225
405.271637
404.750458
405.532776
405.559753
405.411316
405.718750
404.941284
405.511810
405.173645
404.348907
404.011353
535.460083
530.339539
525.945374
522.053528
530.766907
513.646423
509.749207
505.803680
501.962463
516.817139
494.725128
491.168213
501.300293
484.714630
481.841156
487.075897
476.025604
473.308044
472.298706
468.303680
466.119965
463.947021
462.164215
460.238068
458.614105
457.140869
457.228333
454.256622
452.882935
452.434387
449.541840
448.140717
447.345764
445.300079
443.878174
442.749664
441.408020
440.119354
438.714691
437.356934
436.493866
434.719604
433.526093
432.418884
431.475098
430.689301
430.033417
429.504883
428.877716
428.351501
427.704590
427.167694
426.061829
426.002686
425.613281
425.326172
425.035645
424.464233
424.045074
423.262299
422.520721
421.597107
421.317719
421.011383
420.321381
419.465576
418.163208
417.358704
416.373383
415.430023
414.385345
412.392212
412.273407
411.154175
410.124969
409.371643
408.593567
407.676605
407.005249
406.637238
405.850433
405.579681
405.196045
404.909332
404.454895
404.454346
404.176758
403.746185
401.850739
403.579102
403.679016
401.080322
403.739136
403.602020
402.208801
403.403870
403.205231
402.901031
402.435883
402.398071
533.759094
529.206848
593.913635
521.667664
518.365295
580.106873
510.851135
507.336243
532.346436
500.221008
496.623383
496.410522
489.587921
486.230560
483.033569
479.570160
476.595001
474.493286
471.299347
471.050354
466.854736
464.924194
462.938934
461.097839
459.439911
457.909210
456.343140
455.132477
455.215729
452.821533
451.505615
450.484161
449.362793
449.075287
447.452484
446.231812
444.871307
443.478546
442.297333
441.242462
440.160614
439.112061
438.144318
436.956238
435.886505
434.558502
433.236359
431.946167
430.565826
429.404572
428.255280
427.040741
425.783905
423.335663
423.363495
422.167084
420.755951
419.991638
419.035309
418.315765
417.755951
417.318573
416.908356
416.387665
415.450745
415.444702
415.245270
413.183960
414.549255
414.240082
412.675476
413.922882
413.666626
413.396393
413.177002
412.678406
412.249054
411.452057
410.961670
410.398743
409.841705
408.893494
408.671112
408.018280
407.250977
406.470856
405.540710
404.789612
404.046448
403.327148
402.941467
402.314972
401.710876
400.922699
400.773926
398.985291
400.167084
399.545288
398.734985
398.547028
529.266846
524.712646
521.195679
517.864990
586.059692
511.814789
508.953125
506.952209
502.923401
499.887360
497.339111
494.590149
494.015228
489.082336
486.331818
483.511353
480.651306
478.100128
479.137482
472.390381
469.945251
467.508728
465.214661
462.995270
460.797363
458.578400
457.718597
453.998871
451.884277
450.976196
448.010895
446.559265
445.671692
443.511017
441.985291
440.940308
439.827759
438.638550
437.701050
436.526062
436.324890
434.491943
433.899841
432.689209
432.776733
432.473999
431.415436
431.705505
431.332825
430.945923
430.536469
429.959747
429.400055
428.736267
427.892029
426.810364
426.199768
424.881592
424.320435
423.211609
422.031921
420.673035
419.434967
418.304108
417.365051
416.188202
415.085968
414.146912
413.162506
412.006439
411.320221
409.181274
409.776947
409.268402
408.798126
408.399567
407.877777
407.475952
407.174744
407.022980
406.908173
406.687988
406.390900
406.029022
405.920624
405.953979
405.981598
405.785858
404.967102
405.489258
405.464539
405.346039
405.181061
404.808105
402.954926
404.407715
404.047516
403.432190
402.393616
401.829559
532.965637
527.513428
573.699890
518.879700
514.846985
572.984314
506.994904
503.243530
529.408691
496.196411
492.948090
494.262054
486.293457
483.160217
480.407898
477.870544
475.305664
472.944244
470.638428
470.890686
466.479614
464.644226
462.751373
460.867157
459.024445
457.624695
456.218536
455.013092
453.749023
452.568054
451.371216
450.923981
448.922058
448.378387
446.448456
444.939178
443.846008
442.587646
441.402130
440.069031
438.600861
437.138611
435.958862
434.387360
432.840149
431.402344
429.770294
428.454193
427.185913
426.333618
425.216003
424.338776
423.340363
422.236237
421.207306
420.427795
419.844269
419.160187
418.697021
418.125336
417.711090
417.279114
416.905853
416.503540
416.102417
416.041779
415.824982
413.724487
415.003571
414.536163
412.651642
414.100098
413.894196
413.407196
413.362488
412.967590
412.465942
411.929993
411.441040
410.807800
410.349640
408.240448
409.356720
408.669952
405.560883
407.256348
406.526215
404.294922
404.746094
403.820740
403.114624
402.330780
401.676636
401.039337
400.456268
399.097473
399.262634
398.800873
397.576111
397.184753
526.736511
522.436707
518.925476
515.649353
512.390137
509.159119
505.999512
528.011780
500.076477
497.088715
494.174927
491.211243
492.411865
486.162720
483.811249
481.673462
479.354401
477.164764
474.878845
472.620789
470.441467
469.941467
466.045166
463.998901
461.881378
459.662231
459.045837
455.765778
453.802673
451.981598
449.908600
447.964844
446.135468
444.326721
442.705261
441.479431
439.867218
438.552826
437.303345
436.008362
434.715302
433.843994
432.805115
431.594360
431.269897
430.645233
429.190002
429.242371
428.632263
428.130829
427.736694
427.338715
426.716461
426.175934
425.587128
425.075653
424.776245
423.722687
423.752838
423.251190
421.144836
421.919373
421.020477
419.102081
419.286865
418.396301
417.434052
416.786560
415.922394
415.083984
414.446564
411.956055
412.628326
411.784119
410.547821
409.771240
408.968842
408.241516
407.700806
407.047394
406.586639
406.191315
405.713684
404.181183
404.922577
404.513885
403.954254
403.426605
402.067596
402.443878
402.200378
401.799530
401.435181
401.254211
400.956238
400.779297
400.559723
399.269745
399.216400
398.844879
529.837585
525.714905
686.776245
519.349060
516.480530
519.405884
510.173706
506.964478
534.363831
500.673187
497.787415
500.941132
492.062408
489.495972
486.832764
484.277069
481.767853
479.249817
476.618347
477.147522
471.146332
468.683228
469.532013
464.150391
461.975464
461.762360
457.664886
455.548859
453.618530
451.587830
449.693665
447.992798
446.351044
445.966827
443.403564
442.244690
441.058777
439.920898
438.823730
437.548889
436.353485
435.092590
433.763947
432.579926
431.465454
430.610748
429.658203
428.470764
427.185730
425.896332
424.328766
423.584351
422.531097
421.343048
420.130493
419.043945
417.876373
417.044861
416.164032
414.372314
414.228210
413.209045
412.360443
411.427765
409.563202
409.731232
409.093445
408.444702
407.798187
407.168060
406.519836
406.101044
405.431244
404.073273
404.490784
403.942352
403.398987
402.918243
402.331848
401.802277
401.523346
399.733673
400.843079
400.510101
397.871521
399.879242
399.846161
398.023804
399.209015
398.820282
398.463287
398.009338
397.597748
397.145264
396.835510
396.099976
396.022156
395.609985
392.048492
394.388153
525.772644
907.342407
516.954163
513.227417
530.934998
505.681152
502.238678
498.840210
495.494476
492.344482
489.295074
486.250214
489.872284
480.371033
477.747498
475.139740
472.592957
470.293884
468.011627
465.697388
463.480133
461.424805
459.360840
457.279236
455.721558
453.208282
452.914490
449.718414
448.205902
446.868073
445.240601
443.892334
442.446014
441.166107
439.838867
438.971130
437.426453
436.217590
435.200775
434.057037
432.998718
431.909546
430.887085
429.876312
428.667236
427.643616
426.565887
425.608948
424.691498
423.685486
423.177155
422.448853
421.585999
420.734436
419.992065
419.278900
418.674225
417.902802
417.324707
416.682831
414.643341
415.447144
414.685852
412.719147
413.308014
412.586060
411.829041
411.458038
410.925842
410.515869
410.121704
409.648163
409.118164
408.669250
407.799896
407.759338
407.296143
406.835022
406.338409
405.843658
405.322327
404.685364
403.963837
403.385254
402.801819
402.343140
401.071136
401.376068
399.404053
400.425781
400.015076
399.520721
399.255737
398.805939
398.409485
398.002411
397.615021
397.129578
396.141968
395.693146
440.268646
521.584534
517.496826
513.894775
510.427063
520.227600
503.597321
500.209778
496.900330
493.589050
490.526215
487.496155
484.658966
481.883636
479.921631
476.586792
474.000336
471.572113
469.180450
469.874207
464.227051
462.079193
463.158630
458.140106
456.296936
456.557922
452.753357
450.983826
449.614044
447.801880
446.234375
444.879822
443.377594
442.030121
440.650635
439.288879
438.139252
436.647644
435.282440
433.784119
432.718658
431.601654
430.663208
429.544281
428.558167
427.640411
426.603241
425.509155
424.589935
423.774261
422.587250
422.037689
421.109467
420.259186
419.462616
418.553772
417.675354
416.734619
415.850433
415.124695
414.378326
413.640320
412.575165
412.416840
411.789368
411.157990
410.509766
409.859528
409.399170
408.844299
408.269653
407.760284
407.205078
406.608459
406.077148
405.437897
404.503479
404.193634
403.778320
403.371552
402.905273
401.767365
402.057037
401.703613
401.241913
400.772278
400.346497
399.815033
399.535187
398.976440
398.418060
398.032928
397.668488
397.124573
396.693115
395.905396
395.610962
395.104004
391.607910
393.867310
524.924255
921.596252
516.035522
512.440063
535.511841
505.523254
502.181610
498.956512
495.690765
492.477753
489.448944
486.485291
492.257202
480.622406
477.718536
483.496307
472.252411
469.823273
471.807434
465.375732
463.231232
461.420135
459.170776
457.228668
457.391785
453.615540
453.647491
450.327545
448.637024
447.391541
445.528412
444.025787
442.497589
440.939087
439.389404
438.002258
436.760010
435.493561
434.641510
433.333618
432.158600
430.974487
430.014557
429.059326
428.040436
427.179108
426.197998
425.259888
424.301331
423.530518
422.667633
421.771698
420.649292
419.731598
418.779449
417.981232
417.291016
415.686493
415.894135
415.166443
414.490143
413.859344
413.218781
411.218811
412.064728
411.465759
410.771637
410.515106
409.892578
409.303711
408.782715
408.377716
407.779572
407.161316
405.073334
405.918365
405.380615
402.839478
404.445709
403.999969
402.432495
403.057129
402.509949
402.086700
401.618073
401.088257
400.532806
400.098267
399.147308
399.164215
398.734619
395.768860
397.683990
397.023041
396.496124
395.993622
395.695831
395.319153
394.399323
394.071381
113.950798
520.069336
516.171021
516.564270
509.281769
530.623962
502.522980
499.242981
496.013611
492.892944
489.910645
486.788727
483.827209
480.885345
484.461151
475.315186
472.637970
470.245819
467.932678
469.381165
463.697479
461.759277
459.743378
457.488739
455.532440
453.830292
452.071442
450.450592
449.716644
447.503326
445.953186
444.631653
443.221466
441.927826
440.409210
438.952698
437.557373
435.927704
434.771851
433.363037
432.365112
431.219696
430.155487
429.058929
428.070618
427.205261
426.269501
425.308868
424.322723
423.328674
422.360321
421.501129
420.636597
418.671417
418.959778
418.124969
416.273010
416.320831
415.524414
414.652161
414.104004
413.370300
412.828369
412.196747
411.603027
410.730469
410.336639
409.528717
409.226593
408.666687
408.139526
407.629517
407.117249
406.579163
406.087738
405.549408
403.453217
404.398651
403.763855
403.130157
402.650391
401.127930
401.722626
401.358582
400.931854
400.591400
400.154236
399.720947
399.336975
398.906952
397.138489
398.173431
397.767975
397.366516
396.904236
396.521820
396.093323
395.530396
394.128357
393.928894
524.466431
519.402100
515.613892
512.054565
549.844604
505.242584
501.747253
498.631134
495.355804
492.216522
489.144653
486.147034
489.925323
480.458557
477.829254
483.767944
472.762604
470.335907
472.759552
465.368164
463.057922
461.543274
459.027649
457.074005
455.254944
453.579620
451.831360
450.191315
448.610931
447.604797
445.460907
444.093994
442.661865
441.446655
439.963501
438.676941
437.500183
436.285950
435.093658
433.836578
432.505676
431.267426
430.000000
428.944427
427.983124
427.170441
426.280029
425.285828
424.339233
423.537811
422.675079
421.966217
421.146545
420.410706
419.628204
418.931641
418.260406
416.387054
416.724609
415.969849
415.171631
414.483246
413.572845
412.774994
412.006348
411.270905
409.857361
410.147644
409.514740
408.941132
408.378387
407.801666
407.173492
406.671143
405.147980
405.678619
405.181274
402.581848
404.222198
403.667328
401.852997
402.717651
402.209412
401.575287
400.942413
400.367493
399.939819
399.390259
398.942444
398.560425
398.313080
395.457733
397.386749
396.959808
394.124268
396.265350
395.888000
394.955231
394.540466
394.242279
524.699463
520.085876
516.178955
512.645569
509.032745
536.219910
501.678802
498.297272
494.980377
491.769379
488.781250
485.860657
482.883270
480.152771
477.459839
474.955872
472.417053
471.719238
467.839264
469.452606
463.466675
461.436462
459.681976
457.520386
455.675262
453.859802
452.094452
450.284546
448.428070
446.746002
445.081879
443.769073
442.269104
441.017853
439.645203
438.374664
437.395813
435.898560
434.725983
433.594330
432.499603
431.373871
430.353729
429.334351
428.340881
427.428314
426.469696
425.408630
424.465820
423.594757
422.661804
421.601349
420.549347
418.520416
418.801910
418.068848
416.420898
416.659363
415.961426
415.159119
414.546478
413.813416
413.189789
412.571228
411.946472
411.228394
410.724518
409.857727
409.450073
408.945618
408.348877
407.782043
407.181946
406.671143
405.991852
405.322876
404.624573
404.002258
403.498657
402.378387
402.638916
401.028717
401.714722
401.276520
400.748383
400.342438
399.964050
399.541748
399.218536
398.626099
398.390533
397.954865
397.547607
396.791565
396.765228
394.217865
396.019592
395.435608
394.115967
393.789612
524.102905
519.459839
515.478821
