0.000000
3318.000000
3352.000000
3382.000000
3378.000000
3342.000000
3374.000000
3266.000000
3340.000000
3268.000000
3350.000000
3322.000000
3380.000000
3314.000000
3330.000000
3390.000000
3360.000000
3334.000000
3332.000000
3342.000000
3330.000000
3350.000000
3348.000000
3340.000000
3336.000000
3372.000000
3270.000000
3328.000000
3378.000000
3330.000000
3336.000000
3386.000000
3336.000000
3360.000000
3382.000000
3326.000000
3350.000000
3386.000000
3354.000000
3332.000000
3350.000000
3334.000000
3334.000000
3328.000000
3336.000000
3386.000000
3318.000000
3276.000000
3334.000000
3348.000000
3376.000000
3320.000000
3336.000000
3290.000000
3328.000000
3266.000000
3340.000000
3348.000000
3336.000000
3328.000000
3342.000000
3380.000000
3332.000000
3390.000000
3306.000000
3324.000000
3346.000000
3326.000000
3338.000000
3354.000000
3344.000000
3354.000000
3344.000000
3350.000000
3330.000000
3382.000000
3338.000000
3364.000000
3364.000000
3334.000000
3326.000000
3350.000000
3330.000000
3330.000000
3342.000000
3384.000000
3298.000000
3334.000000
3346.000000
3352.000000
3380.000000
3368.000000
3356.000000
3374.000000
3390.000000
3334.000000
3314.000000
3354.000000
3330.000000
3348.000000
3380.000000
3386.000000
3286.000000
3384.000000
3322.000000
3284.000000
3324.000000
3328.000000
3334.000000
3352.000000
3390.000000
3298.000000
3384.000000
3350.000000
3350.000000
3340.000000
3358.000000
3328.000000
3328.000000
3308.000000
3318.000000
3348.000000
3360.000000
3358.000000
3342.000000
3324.000000
3384.000000
3368.000000
3356.000000
3362.000000
3322.000000
3366.000000
3338.000000
3330.000000
3272.000000
3374.000000
3326.000000
3368.000000
3386.000000
3332.000000
3356.000000
3328.000000
3326.000000
3390.000000
3328.000000
3324.000000
3338.000000
3342.000000
3334.000000
3380.000000
3352.000000
3338.000000
3344.000000
3336.000000
3334.000000
3354.000000
3346.000000
3352.000000
3330.000000
3346.000000
3354.000000
3338.000000
3372.000000
3344.000000
3326.000000
3380.000000
3346.000000
3338.000000
3390.000000
3336.000000
3354.000000
3328.000000
3344.000000
3346.000000
3316.000000
3354.000000
3342.000000
3322.000000
3384.000000
3338.000000
3330.000000
3296.000000
3370.000000
3336.000000
3272.000000
3346.000000
3330.000000
3332.000000
3386.000000
3346.000000
3376.000000
3344.000000
3348.000000
3354.000000
3354.000000
3382.000000
3364.000000
3360.000000
3332.000000
3346.000000
3334.000000
3270.000000
3360.000000
3354.000000
3316.000000
3332.000000
3330.000000
3326.000000
3340.000000
3380.000000
3274.000000
3344.000000
3352.000000
3366.000000
3350.000000
3316.000000
3352.000000
3356.000000
3384.000000
3390.000000
3330.000000
3338.000000
3342.000000
3354.000000
3354.000000
3352.000000
3374.000000
3338.000000
3340.000000
3314.000000
3348.000000
3334.000000
3338.000000
3372.000000
3330.000000
3348.000000
3338.000000
3330.000000
3358.000000
3360.000000
3350.000000
3354.000000
3284.000000
3352.000000
3314.000000
3348.000000
3380.000000
3370.000000
3360.000000
3348.000000
3334.000000
3348.000000
3336.000000
3390.000000
3366.000000
3340.000000
3362.000000
3340.000000
3334.000000
3362.000000
3340.000000
3350.000000
3336.000000
3348.000000
3346.000000
3336.000000
3320.000000
3336.000000
3354.000000
3352.000000
3354.000000
3354.000000
3330.000000
3334.000000
3346.000000
3378.000000
3340.000000
3274.000000
3282.000000
3332.000000
3344.000000
3374.000000
3346.000000
3362.000000
3344.000000
3338.000000
3370.000000
3314.000000
3358.000000
3350.000000
3330.000000
3380.000000
3332.000000
3350.000000
3386.000000
3324.000000
3346.000000
3354.000000
3382.000000
3334.000000
3332.000000
3348.000000
3348.000000
3338.000000
3342.000000
3364.000000
3350.000000
3340.000000
3334.000000
3336.000000
3344.000000
3328.000000
3328.000000
3348.000000
3362.000000
3362.000000
3364.000000
3328.000000
3340.000000
3340.000000
3362.000000
3328.000000
3342.000000
3278.000000
3354.000000
3346.000000
3390.000000
3332.000000
3344.000000
3352.000000
3348.000000
3330.000000
3342.000000
3370.000000
3370.000000
3332.000000
3346.000000
3350.000000
3350.000000
3302.000000
3320.000000
3350.000000
3390.000000
3330.000000
3354.000000
3332.000000
3354.000000
3338.000000
3336.000000
3276.000000
3390.000000
3340.000000
3362.000000
3352.000000
3332.000000
3388.000000
3288.000000
3332.000000
3352.000000
3336.000000
3344.000000
3344.000000
3344.000000
3340.000000
3342.000000
3342.000000
3290.000000
3356.000000
3332.000000
3356.000000
3370.000000
3334.000000
3374.000000
3342.000000
3384.000000
3348.000000
3332.000000
3352.000000
3356.000000
3336.000000
3274.000000
3350.000000
3340.000000
3388.000000
3334.000000
3344.000000
3356.000000
3348.000000
3342.000000
3320.000000
3350.000000
3388.000000
3348.000000
3350.000000
3346.000000
3352.000000
3334.000000
3298.000000
3348.000000
3378.000000
3328.000000
3350.000000
3348.000000
3378.000000
3360.000000
3376.000000
3354.000000
3390.000000
3346.000000
3330.000000
3382.000000
3346.000000
3330.000000
3322.000000
3346.000000
3380.000000
3356.000000
3380.000000
3374.000000
3328.000000
3326.000000
3356.000000
3342.000000
3374.000000
3318.000000
3344.000000
3346.000000
3328.000000
3346.000000
3326.000000
3352.000000
3318.000000
3390.000000
3336.000000
3342.000000
3378.000000
3334.000000
3348.000000
3378.000000
3348.000000
3344.000000
3334.000000
3366.000000
3338.000000
3358.000000
3366.000000
3344.000000
3360.000000
3344.000000
3334.000000
3342.000000
3366.000000
3294.000000
3364.000000
3342.000000
3332.000000
3354.000000
3340.000000
3344.000000
3370.000000
3390.000000
3382.000000
3388.000000
3348.000000
3348.000000
3336.000000
3336.000000
3350.000000
3358.000000
3354.000000
3342.000000
3340.000000
3364.000000
3344.000000
3346.000000
3338.000000
3354.000000
3338.000000
3330.000000
3346.000000
3370.000000
3320.000000
3356.000000
3336.000000
3350.000000
3342.000000
3326.000000
3358.000000
3382.000000
3280.000000
3354.000000
3344.000000
3358.000000
3362.000000
3326.000000
3362.000000
3354.000000
3318.000000
3336.000000
3322.000000
3330.000000
3342.000000
3340.000000
3354.000000
3350.000000
3268.000000
3310.000000
3352.000000
3366.000000
3352.000000
3348.000000
3356.000000
3332.000000
3354.000000
3386.000000
3340.000000
3354.000000
3354.000000
3330.000000
3346.000000
3360.000000
3350.000000
3356.000000
3344.000000
3334.000000
3360.000000
3354.000000
3332.000000
3276.000000
3282.000000
3342.000000
3358.000000
3310.000000
3372.000000
3434.000000
3314.000000
3374.000000
3444.000000
3370.000000
3298.000000
3342.000000
3372.000000
3336.000000
3344.000000
3342.000000
3368.000000
3372.000000
3344.000000
3332.000000
3338.000000
3358.000000
3360.000000
3320.000000
3350.000000
3338.000000
3316.000000
3370.000000
3342.000000
3354.000000
3340.000000
3360.000000
3328.000000
3342.000000
3338.000000
3352.000000
3356.000000
3340.000000
3352.000000
3348.000000
3334.000000
3356.000000
3342.000000
3342.000000
3344.000000
3358.000000
3390.000000
3382.000000
3354.000000
3336.000000
3348.000000
3358.000000
3354.000000
3352.000000
3326.000000
3380.000000
3346.000000
3348.000000
3358.000000
3330.000000
3366.000000
3360.000000
3386.000000
3352.000000
3348.000000
3334.000000
3374.000000
3346.000000
3342.000000
3356.000000
3366.000000
3354.000000
3344.000000
3342.000000
3348.000000
3346.000000
3316.000000
3330.000000
3356.000000
3346.000000
3338.000000
3336.000000
3372.000000
3358.000000
3338.000000
3356.000000
3356.000000
3346.000000
3358.000000
3346.000000
3310.000000
3384.000000
3376.000000
3384.000000
3376.000000
3354.000000
3318.000000
3304.000000
3346.000000
3360.000000
3384.000000
3380.000000
3380.000000
3314.000000
3382.000000
3360.000000
3336.000000
3348.000000
3350.000000
3328.000000
3348.000000
3332.000000
3340.000000
3320.000000
3368.000000
3336.000000
3358.000000
3354.000000
3334.000000
3318.000000
3370.000000
3358.000000
3338.000000
3342.000000
3332.000000
3352.000000
3346.000000
3346.000000
3368.000000
3340.000000
3364.000000
3360.000000
3330.000000
3326.000000
3340.000000
3340.000000
3368.000000
3352.000000
3340.000000
3352.000000
3352.000000
3360.000000
3342.000000
3346.000000
3334.000000
3342.000000
3350.000000
3346.000000
3336.000000
3356.000000
3350.000000
3356.000000
3352.000000
3350.000000
3348.000000
3358.000000
3332.000000
3352.000000
3352.000000
3354.000000
3358.000000
3358.000000
3340.000000
3358.000000
3364.000000
3358.000000
3338.000000
3378.000000
3356.000000
3276.000000
3370.000000
3350.000000
3386.000000
3334.000000
3362.000000
3340.000000
3318.000000
3270.000000
3362.000000
3372.000000
3346.000000
3342.000000
3374.000000
3352.000000
3324.000000
3304.000000
3318.000000
3366.000000
3356.000000
3364.000000
3380.000000
3350.000000
3350.000000
3346.000000
3288.000000
3378.000000
3374.000000
3338.000000
3342.000000
3362.000000
3330.000000
3366.000000
3358.000000
3356.000000
3358.000000
3384.000000
3374.000000
3212.000000
3254.000000
3302.000000
3412.000000
3376.000000
3410.000000
3348.000000
3304.000000
3314.000000
3378.000000
3412.000000
3430.000000
3312.000000
3386.000000
3384.000000
3382.000000
3368.000000
3386.000000
3376.000000
3378.000000
3342.000000
3334.000000
3348.000000
3382.000000
3322.000000
3332.000000
3368.000000
3350.000000
3264.000000
3354.000000
3354.000000
3388.000000
3378.000000
3368.000000
3356.000000
3354.000000
3338.000000
3360.000000
3350.000000
3376.000000
3332.000000
3374.000000
3348.000000
3338.000000
3336.000000
3374.000000
3356.000000
3356.000000
3344.000000
3350.000000
3378.000000
3330.000000
3360.000000
3288.000000
3348.000000
3338.000000
3336.000000
3362.000000
3356.000000
3346.000000
3348.000000
3342.000000
3348.000000
3362.000000
3350.000000
3332.000000
3350.000000
3332.000000
3360.000000
3366.000000
3342.000000
3356.000000
3344.000000
3352.000000
3352.000000
3356.000000
3362.000000
3340.000000
3360.000000
3354.000000
3324.000000
3298.000000
3342.000000
3372.000000
3350.000000
3360.000000
3352.000000
3348.000000
3348.000000
3342.000000
3336.000000
3374.000000
3332.000000
3344.000000
3344.000000
3346.000000
3342.000000
3336.000000
3298.000000
3372.000000
3344.000000
3364.000000
3348.000000
3368.000000
3352.000000
3378.000000
3372.000000
3390.000000
3338.000000
3358.000000
3352.000000
3346.000000
3296.000000
3358.000000
3336.000000
3354.000000
3360.000000
3348.000000
3340.000000
3352.000000
3348.000000
3358.000000
3342.000000
3362.000000
3358.000000
3362.000000
3338.000000
3354.000000
3360.000000
3344.000000
3366.000000
3370.000000
3368.000000
3344.000000
3332.000000
3360.000000
3362.000000
3360.000000
3346.000000
3340.000000
3354.000000
3352.000000
3338.000000
3358.000000
3378.000000
3346.000000
3358.000000
3346.000000
3356.000000
3356.000000
3364.000000
3354.000000
3360.000000
3370.000000
3354.000000
3362.000000
3344.000000
3336.000000
3342.000000
3344.000000
3390.000000
3360.000000
3344.000000
3352.000000
3352.000000
3346.000000
3342.000000
3352.000000
3338.000000
3376.000000
3346.000000
3370.000000
3366.000000
3332.000000
3356.000000
3350.000000
3354.000000
3364.000000
3346.000000
3354.000000
3352.000000
3342.000000
3358.000000
3348.000000
3344.000000
3346.000000
3338.000000
3342.000000
3350.000000
3356.000000
3358.000000
3346.000000
3362.000000
3360.000000
3336.000000
3328.000000
3348.000000
3370.000000
3360.000000
3390.000000
3360.000000
3330.000000
3348.000000
3362.000000
3364.000000
3352.000000
3326.000000
3376.000000
3340.000000
3382.000000
3354.000000
3374.000000
3352.000000
3362.000000
3346.000000
3372.000000
3378.000000
3338.000000
3342.000000
3368.000000
3350.000000
3362.000000
3346.000000
3346.000000
3360.000000
3340.000000
3360.000000
3352.000000
3362.000000
3338.000000
3356.000000
3386.000000
3346.000000
3370.000000
3346.000000
3348.000000
3350.000000
3350.000000
3364.000000
3346.000000
3356.000000
3346.000000
3360.000000
3352.000000
3354.000000
3288.000000
3360.000000
3388.000000
3336.000000
3348.000000
3364.000000
3370.000000
3348.000000
3330.000000
3342.000000
3358.000000
3362.000000
3350.000000
3358.000000
3334.000000
3350.000000
3342.000000
3360.000000
3384.000000
3344.000000
3362.000000
3364.000000
3334.000000
3350.000000
3364.000000
3348.000000
3354.000000
3332.000000
3356.000000
3366.000000
3356.000000
3346.000000
3374.000000
3362.000000
3334.000000
3350.000000
3354.000000
3352.000000
3356.000000
3348.000000
3324.000000
3370.000000
3338.000000
3360.000000
3352.000000
3382.000000
3336.000000
3358.000000
3354.000000
3358.000000
3328.000000
3348.000000
3336.000000
3356.000000
3348.000000
3352.000000
3364.000000
3338.000000
3362.000000
3354.000000
3360.000000
3348.000000
3356.000000
3378.000000
3350.000000
3350.000000
3350.000000
3360.000000
3358.000000
3360.000000
3372.000000
3332.000000
3358.000000
3336.000000
3366.000000
3350.000000
3380.000000
3356.000000
3358.000000
3346.000000
3344.000000
3344.000000
3360.000000
3358.000000
3370.000000
3352.000000
3378.000000
3342.000000
3350.000000
3342.000000
3358.000000
3360.000000
3352.000000
3378.000000
3360.000000
3332.000000
3346.000000
3352.000000
3356.000000
3340.000000
3368.000000
3370.000000
3346.000000
3352.000000
3328.000000
3356.000000
3354.000000
3352.000000
3328.000000
3278.000000
3342.000000
3356.000000
3330.000000
3348.000000
3366.000000
3356.000000
3352.000000
3376.000000
3344.000000
3364.000000
3364.000000
3366.000000
3356.000000
3340.000000
3366.000000
3340.000000
3358.000000
3356.000000
3362.000000
3350.000000
3390.000000
3344.000000
3338.000000
3380.000000
3332.000000
3362.000000
3356.000000
3340.000000
3390.000000
3358.000000
3350.000000
3344.000000
3344.000000
3344.000000
3380.000000
3340.000000
3356.000000
3356.000000
3354.000000
3366.000000
3324.000000
3354.000000
3360.000000
3336.000000
3330.000000
3350.000000
3340.000000
3354.000000
3370.000000
3350.000000
3366.000000
3356.000000
3332.000000
3358.000000
3334.000000
3352.000000
3332.000000
3354.000000
3342.000000
3354.000000
3334.000000
3352.000000
3332.000000
3352.000000
3334.000000
3360.000000
3350.000000
3358.000000
3346.000000
3346.000000
3360.000000
3354.000000
3376.000000
3342.000000
3342.000000
3362.000000
3330.000000
3366.000000
3360.000000
3374.000000
3374.000000
3350.000000
3288.000000
3332.000000
3362.000000
3362.000000
3348.000000
3362.000000
3368.000000
3346.000000
3332.000000
3336.000000
3340.000000
3360.000000
3364.000000
3332.000000
3350.000000
3344.000000
3330.000000
3358.000000
3376.000000
3366.000000
3364.000000
3352.000000
3382.000000
3376.000000
3330.000000
3334.000000
3358.000000
3352.000000
3362.000000
3358.000000
3404.000000
3412.000000
3240.000000
3226.000000
3494.000000
3342.000000
3182.000000
3270.000000
3510.000000
3700.000000
3776.000000
3718.000000
3540.000000
3290.000000
3012.000000
2560.000000
2644.000000
2790.000000
2828.000000
2838.000000
2958.000000
3330.000000
3892.000000
3844.000000
3860.000000
3614.000000
3298.000000
3230.000000
3172.000000
3406.000000
3646.000000
3930.000000
4280.000000
3954.000000
3774.000000
3564.000000
3748.000000
3764.000000
3906.000000
3886.000000
3936.000000
4144.000000
3958.000000
3764.000000
3470.000000
2794.000000
2992.000000
3162.000000
2964.000000
