-1664.000000
-1768.000000
-1978.000000
-1954.000000
-1888.000000
-1914.000000
-1804.000000
-1686.000000
-1698.000000
-1780.000000
-1796.000000
-1822.000000
-1920.000000
-1750.000000
-1804.000000
-1730.000000
-1754.000000
-1788.000000
-1820.000000
-1802.000000
-1812.000000
-1748.000000
-1806.000000
-1730.000000
-1744.000000
-1746.000000
-1856.000000
-1850.000000
-1808.000000
-1750.000000
-1786.000000
-1792.000000
-1760.000000
-1748.000000
-1592.000000
-972.000000
-956.000000
-1336.000000
-1822.000000
-2002.000000
-2622.000000
-2910.000000
-3694.000000
-3060.000000
-2806.000000
-2598.000000
-2564.000000
-3002.000000
-3010.000000
-3214.000000
-3454.000000
-3214.000000
-3420.000000
-3554.000000
-3566.000000
-3454.000000
-3428.000000
-3466.000000
-3570.000000
-3766.000000
-3588.000000
-3736.000000
-2748.000000
-3100.000000
-2886.000000
-2398.000000
-2326.000000
-2164.000000
-2168.000000
-2296.000000
-2328.000000
-2734.000000
-2746.000000
-2610.000000
-2620.000000
-2590.000000
-2648.000000
-2582.000000
-2676.000000
-2572.000000
-2800.000000
-2790.000000
-2448.000000
-2452.000000
-2554.000000
-2554.000000
-2484.000000
-2410.000000
-2472.000000
-2394.000000
-2432.000000
-2412.000000
-2490.000000
-2392.000000
-2394.000000
-2498.000000
-2468.000000
-2474.000000
-2492.000000
-2460.000000
-2480.000000
-2460.000000
-2482.000000
-2450.000000
-2526.000000
-2560.000000
-2486.000000
-2480.000000
-2442.000000
-2478.000000
-2454.000000
-2424.000000
-2448.000000
-2372.000000
-2420.000000
-2450.000000
-2448.000000
-2490.000000
-2382.000000
-2408.000000
-2382.000000
-2388.000000
-2370.000000
-2414.000000
-2430.000000
-2376.000000
-2386.000000
-2392.000000
-2376.000000
-2424.000000
-2412.000000
-2394.000000
-2424.000000
-2382.000000
-2416.000000
-2384.000000
-2428.000000
-2408.000000
-2410.000000
-2370.000000
-2418.000000
-2398.000000
-2408.000000
-2394.000000
-2414.000000
-2414.000000
-2394.000000
-2380.000000
-2404.000000
-2402.000000
-2412.000000
-2388.000000
-2406.000000
-2404.000000
-2420.000000
-2318.000000
-2414.000000
-2402.000000
-2332.000000
-2372.000000
-2390.000000
-2402.000000
-2330.000000
-2322.000000
-2386.000000
-2396.000000
-2326.000000
-2380.000000
-2334.000000
-2336.000000
-2332.000000
-2368.000000
-2384.000000
-2386.000000
-2342.000000
-2360.000000
-2384.000000
-2406.000000
-2392.000000
-2388.000000
-2412.000000
-2352.000000
-2392.000000
-2308.000000
-2402.000000
-2338.000000
-2398.000000
-2314.000000
-2398.000000
-2398.000000
-2414.000000
-2378.000000
-2412.000000
-2388.000000
-2396.000000
-2314.000000
-2394.000000
-2408.000000
-2398.000000
-2358.000000
-2394.000000
-2400.000000
-2394.000000
-2312.000000
-2312.000000
-2390.000000
-2344.000000
-2362.000000
-2404.000000
-2390.000000
-2390.000000
-2370.000000
-2324.000000
-2348.000000
-2384.000000
-2368.000000
-2388.000000
-2338.000000
-2320.000000
-2384.000000
-2388.000000
-2396.000000
-2396.000000
-2308.000000
-2332.000000
-2326.000000
-2326.000000
-2396.000000
-2374.000000
-2326.000000
-2308.000000
-2362.000000
-2336.000000
-2320.000000
-2382.000000
-2376.000000
-2342.000000
-2340.000000
-2310.000000
-2350.000000
-2320.000000
-2324.000000
-2374.000000
-2330.000000
-2316.000000
-2390.000000
-2382.000000
-2432.000000
-2320.000000
-2336.000000
-2324.000000
-2368.000000
-2314.000000
-2392.000000
-2332.000000
-2346.000000
-2388.000000
-2324.000000
-2388.000000
-2308.000000
-2314.000000
-2332.000000
-2322.000000
-2360.000000
-2338.000000
-2312.000000
-2314.000000
-2318.000000
-2322.000000
-2328.000000
-2312.000000
-2346.000000
-2392.000000
-2324.000000
-2314.000000
-2350.000000
-2320.000000
-2320.000000
-2338.000000
-2364.000000
-2362.000000
-2306.000000
-2312.000000
-2352.000000
-2314.000000
-2320.000000
-2328.000000
-2362.000000
-2310.000000
-2318.000000
-2428.000000
-2366.000000
-2316.000000
-2332.000000
-2372.000000
-2362.000000
-2334.000000
-2324.000000
-2358.000000
-2334.000000
-2328.000000
-2318.000000
-2318.000000
-2350.000000
-2328.000000
-2336.000000
-2314.000000
-2308.000000
-2314.000000
-2314.000000
-2316.000000
-2352.000000
-2392.000000
-2388.000000
-2324.000000
-2352.000000
-2308.000000
-2320.000000
-2326.000000
-2356.000000
-2322.000000
-2340.000000
-2394.000000
-2374.000000
-2404.000000
-2334.000000
-2354.000000
-2346.000000
-2362.000000
-2402.000000
-2352.000000
-2318.000000
-2306.000000
-2428.000000
-2356.000000
-2326.000000
-2332.000000
-2332.000000
-2330.000000
-2352.000000
-2316.000000
-2318.000000
-2322.000000
-2362.000000
-2312.000000
-2320.000000
-2322.000000
-2368.000000
-2314.000000
-2332.000000
-2366.000000
-2346.000000
-2368.000000
-2370.000000
-2334.000000
-2352.000000
-2312.000000
-2396.000000
-2314.000000
-2388.000000
-2394.000000
-2322.000000
-2320.000000
-2358.000000
-2332.000000
-2318.000000
-2314.000000
-2312.000000
-2328.000000
-2398.000000
-2326.000000
-2356.000000
-2388.000000
-2336.000000
-2314.000000
-2352.000000
-2334.000000
-2320.000000
-2374.000000
-2360.000000
-2324.000000
-2328.000000
-2308.000000
-2366.000000
-2322.000000
-2364.000000
-2320.000000
-2366.000000
-2320.000000
-2320.000000
-2326.000000
-2312.000000
-2306.000000
-2324.000000
-2312.000000
-2306.000000
-2334.000000
-2306.000000
-2324.000000
-2354.000000
-2386.000000
-2324.000000
-2390.000000
-2346.000000
-2330.000000
-2322.000000
-2334.000000
-2338.000000
-2318.000000
-2326.000000
-2326.000000
-2350.000000
-2324.000000
-2368.000000
-2328.000000
-2312.000000
-2320.000000
-2306.000000
-2342.000000
-2336.000000
-2316.000000
-2312.000000
-2320.000000
-2358.000000
-2318.000000
-2316.000000
-2318.000000
-2344.000000
-2322.000000
-2324.000000
-2316.000000
-2354.000000
-2316.000000
-2328.000000
-2322.000000
-2338.000000
-2306.000000
-2310.000000
-2324.000000
-2342.000000
-2308.000000
-2332.000000
-2312.000000
-2362.000000
-2366.000000
-2328.000000
-2324.000000
-2366.000000
-2318.000000
-2314.000000
-2308.000000
-2366.000000
-2326.000000
-2316.000000
-2316.000000
-2342.000000
-2310.000000
-2320.000000
-2380.000000
-2354.000000
-2320.000000
-2314.000000
-2318.000000
-2346.000000
-2314.000000
-2356.000000
-2326.000000
-2354.000000
-2322.000000
-2308.000000
-2320.000000
-2356.000000
-2388.000000
-2310.000000
-2324.000000
-2336.000000
-2314.000000
-2384.000000
-2324.000000
-2312.000000
-2322.000000
-2312.000000
-2310.000000
-2368.000000
-2378.000000
-2326.000000
-2432.000000
-2348.000000
-2376.000000
-2326.000000
-2306.000000
-2358.000000
-2332.000000
-2324.000000
-2332.000000
-2346.000000
-2312.000000
-2384.000000
-2316.000000
-2340.000000
-2318.000000
-2318.000000
-2306.000000
-2346.000000
-2306.000000
-2318.000000
-2312.000000
-2346.000000
-2320.000000
-2314.000000
-2314.000000
-2368.000000
-2324.000000
-2308.000000
-2316.000000
-2354.000000
-2312.000000
-2318.000000
-2316.000000
-2342.000000
-2316.000000
-2314.000000
-2324.000000
-2348.000000
-2360.000000
-2322.000000
-2318.000000
-2354.000000
-2316.000000
-2328.000000
-2366.000000
-2362.000000
-2328.000000
-2318.000000
-2318.000000
-2336.000000
-2326.000000
-2330.000000
-2308.000000
-2356.000000
-2316.000000
-2318.000000
-2308.000000
-2364.000000
-2320.000000
-2368.000000
-2306.000000
-2346.000000
-2316.000000
-2310.000000
-2310.000000
-2368.000000
-2318.000000
-2312.000000
-2308.000000
-2330.000000
-2322.000000
-2306.000000
-2306.000000
-2338.000000
-2324.000000
-2306.000000
-2314.000000
-2342.000000
-2310.000000
-2326.000000
-2314.000000
-2358.000000
-2330.000000
-2318.000000
-2358.000000
-2346.000000
-2310.000000
-2314.000000
-2328.000000
-2354.000000
-2306.000000
-2314.000000
-2316.000000
-2364.000000
-2320.000000
-2316.000000
-2316.000000
-2350.000000
-2316.000000
-2326.000000
-2308.000000
-2366.000000
-2390.000000
-2310.000000
-2326.000000
-2354.000000
-2312.000000
-2330.000000
-2318.000000
-2368.000000
-2378.000000
-2334.000000
-2342.000000
-2352.000000
-2312.000000
-2320.000000
-2326.000000
-2346.000000
-2320.000000
-2390.000000
-2344.000000
-2334.000000
-2370.000000
-2322.000000
-2306.000000
-2338.000000
-2358.000000
-2314.000000
-2356.000000
-2364.000000
-2316.000000
-2366.000000
-2310.000000
-2314.000000
-2432.000000
-2332.000000
-2318.000000
-2338.000000
-2362.000000
-2326.000000
-2318.000000
-2358.000000
-2322.000000
-2330.000000
-2310.000000
-2310.000000
-2320.000000
-2362.000000
-2332.000000
-2342.000000
-2312.000000
-2252.000000
-2272.000000
-2318.000000
-2306.000000
-2282.000000
-2264.000000
-2248.000000
-2276.000000
-2358.000000
-2306.000000
-2262.000000
-2268.000000
-2276.000000
-2280.000000
-2244.000000
-2286.000000
-2354.000000
-2284.000000
-2268.000000
-2362.000000
-2336.000000
-2290.000000
-2248.000000
-2280.000000
-2282.000000
-2286.000000
-2246.000000
-2246.000000
-2268.000000
-2242.000000
-2260.000000
-2260.000000
-2336.000000
-2362.000000
-2360.000000
-2258.000000
-2300.000000
-2246.000000
-2320.000000
-2314.000000
-2328.000000
-2278.000000
-2312.000000
-2280.000000
-2290.000000
-2264.000000
-2250.000000
-2264.000000
-2272.000000
-2278.000000
-2256.000000
-2304.000000
-2272.000000
-2250.000000
-2264.000000
-2360.000000
-2274.000000
-2250.000000
-2244.000000
-2260.000000
-2290.000000
-2260.000000
-2252.000000
-2256.000000
-2262.000000
-2266.000000
-2246.000000
-2270.000000
-2266.000000
-2254.000000
-2246.000000
-2268.000000
-2246.000000
-2280.000000
-2244.000000
-2274.000000
-2264.000000
-2250.000000
-2304.000000
-2252.000000
-2294.000000
-2294.000000
-2304.000000
-2262.000000
-2264.000000
-2274.000000
-2256.000000
-2278.000000
-2280.000000
-2262.000000
-2330.000000
-2296.000000
-2282.000000
-2288.000000
-2252.000000
-2304.000000
-2280.000000
-2262.000000
-2244.000000
-2262.000000
-2292.000000
-2354.000000
-2298.000000
-2270.000000
-2274.000000
-2280.000000
-2290.000000
-2246.000000
-2252.000000
-2286.000000
-2246.000000
-2298.000000
-2284.000000
-2250.000000
-2288.000000
-2258.000000
-2244.000000
-2250.000000
-2296.000000
-2272.000000
-2250.000000
-2280.000000
-2256.000000
-2366.000000
-2282.000000
-2274.000000
-2220.000000
-2254.000000
-2350.000000
-2288.000000
-2248.000000
-2330.000000
-2258.000000
-2292.000000
-2284.000000
-2292.000000
-2308.000000
-2292.000000
-2292.000000
-2256.000000
-2284.000000
-2282.000000
-2304.000000
-2264.000000
-2270.000000
-2268.000000
-2302.000000
-2276.000000
-2268.000000
-2262.000000
-2252.000000
-2270.000000
-2242.000000
-2270.000000
-2252.000000
-2274.000000
-2278.000000
-2256.000000
-2304.000000
-2252.000000
-2276.000000
-2264.000000
-2244.000000
-2260.000000
-2290.000000
-2264.000000
-2294.000000
-2256.000000
-2284.000000
-2266.000000
-2264.000000
-2288.000000
-2260.000000
-2280.000000
-2244.000000
-2264.000000
-2258.000000
-2278.000000
-2242.000000
-2268.000000
-2276.000000
-2274.000000
-2252.000000
-2264.000000
-2288.000000
-2256.000000
-2304.000000
-2292.000000
-2256.000000
-2290.000000
-2290.000000
-2276.000000
-2292.000000
-2288.000000
-2244.000000
-2270.000000
-2228.000000
-2260.000000
-2278.000000
-2268.000000
-2290.000000
-2294.000000
-2244.000000
-2292.000000
-2292.000000
-2266.000000
-2186.000000
-2264.000000
-2230.000000
-2202.000000
-2174.000000
-2168.000000
-2226.000000
-2186.000000
-2270.000000
-2304.000000
-2196.000000
-2230.000000
-2214.000000
-2220.000000
-2226.000000
-2186.000000
-2220.000000
-2256.000000
-2268.000000
-2242.000000
-2244.000000
-2278.000000
-2250.000000
-2214.000000
-2198.000000
-2200.000000
-2014.000000
-2094.000000
-2746.000000
-2730.000000
-2546.000000
-2318.000000
-2298.000000
-2416.000000
-2406.000000
-2380.000000
-2274.000000
-2228.000000
-2252.000000
-2384.000000
-2382.000000
-2328.000000
-2350.000000
-2418.000000
-2380.000000
-2426.000000
-2356.000000
-2414.000000
-2298.000000
-2266.000000
-2244.000000
-2240.000000
-2348.000000
-2318.000000
-2302.000000
-2246.000000
-2266.000000
-2354.000000
-2260.000000
-2282.000000
-2248.000000
-2288.000000
-2286.000000
-2268.000000
-2292.000000
-2272.000000
-2276.000000
-2280.000000
-2262.000000
-2284.000000
-2260.000000
-2268.000000
-2304.000000
-2358.000000
-2178.000000
-2266.000000
-2298.000000
-2264.000000
-2280.000000
-2250.000000
-2300.000000
-2264.000000
-2268.000000
-2276.000000
-2292.000000
-2254.000000
-2280.000000
-2254.000000
-2262.000000
-2282.000000
-2258.000000
-2262.000000
-2298.000000
-2264.000000
-2286.000000
-2264.000000
-2246.000000
-2244.000000
-2288.000000
-2264.000000
-2252.000000
-2262.000000
-2252.000000
-2268.000000
-2294.000000
-2272.000000
-2256.000000
-2270.000000
-2248.000000
-2276.000000
-2264.000000
-2250.000000
-2258.000000
-2282.000000
-2268.000000
-2274.000000
-2250.000000
-2264.000000
-2262.000000
-2248.000000
-2242.000000
-2260.000000
-2250.000000
-2156.000000
-2282.000000
-2276.000000
-2360.000000
-2290.000000
-2272.000000
-2302.000000
-2254.000000
-2352.000000
-2288.000000
-2274.000000
-2274.000000
-2298.000000
-2258.000000
-2362.000000
-2286.000000
-2280.000000
-2248.000000
-2294.000000
-2286.000000
-2272.000000
-2260.000000
-2284.000000
-2286.000000
-2352.000000
-2250.000000
-2272.000000
-2272.000000
-2286.000000
-2252.000000
-2290.000000
-2292.000000
-2276.000000
-2252.000000
-2290.000000
-2270.000000
-2280.000000
-2258.000000
-2264.000000
-2344.000000
-2302.000000
-2250.000000
-2272.000000
-2332.000000
-2298.000000
-2246.000000
-2286.000000
-2282.000000
-2274.000000
-2302.000000
-2354.000000
-2288.000000
-2336.000000
-2246.000000
-2288.000000
-2348.000000
-2284.000000
-2298.000000
-2276.000000
-2268.000000
-2282.000000
-2254.000000
-2276.000000
-2264.000000
-2292.000000
-2304.000000
-2286.000000
-2272.000000
-2282.000000
-2254.000000
-2284.000000
-2260.000000
-2276.000000
-2256.000000
-2266.000000
-2284.000000
-2278.000000
-2252.000000
-2280.000000
-2350.000000
-2292.000000
-2250.000000
-2276.000000
-2254.000000
-2292.000000
-2244.000000
-2266.000000
-2272.000000
-2276.000000
-2256.000000
-2260.000000
-2280.000000
-2272.000000
-2304.000000
-2274.000000
-2250.000000
-2294.000000
-2296.000000
-2264.000000
-2268.000000
-2246.000000
-2300.000000
-2278.000000
-2286.000000
-2284.000000
-2246.000000
-2266.000000
-2298.000000
-2272.000000
-2258.000000
-2244.000000
-2266.000000
-2350.000000
-2254.000000
-2276.000000
-2344.000000
-2286.000000
-2244.000000
-2254.000000
-2286.000000
-2266.000000
-2254.000000
-2280.000000
-2294.000000
-2248.000000
-2262.000000
-2352.000000
-2258.000000
-2262.000000
-2264.000000
-2286.000000
-2258.000000
-2280.000000
-2260.000000
-2280.000000
-2258.000000
-2276.000000
-2250.000000
-2300.000000
-2276.000000
-2284.000000
-2250.000000
-2286.000000
-2270.000000
-2268.000000
-2302.000000
-2272.000000
-2270.000000
-2274.000000
-2258.000000
-2250.000000
-2290.000000
-2248.000000
-2274.000000
-2306.000000
-2286.000000
-2282.000000
-2244.000000
-2288.000000
-2282.000000
-2268.000000
-2268.000000
-2330.000000
-2284.000000
-2276.000000
-2262.000000
-2276.000000
-2268.000000
-2282.000000
-2304.000000
-2264.000000
-2270.000000
-2262.000000
-2256.000000
-2280.000000
-2342.000000
-2284.000000
-2298.000000
-2252.000000
-2334.000000
-2302.000000
-2242.000000
-2278.000000
-2266.000000
-2288.000000
-2300.000000
-2286.000000
-2270.000000
-2286.000000
-2256.000000
-2282.000000
-2254.000000
-2328.000000
-2250.000000
-2246.000000
-2280.000000
-2288.000000
-2256.000000
-2328.000000
-2268.000000
-2356.000000
-2250.000000
-2270.000000
-2278.000000
-2288.000000
-2252.000000
-2284.000000
-2282.000000
-2352.000000
-2250.000000
-2272.000000
-2272.000000
-2292.000000
-2276.000000
-2252.000000
-2260.000000
-2302.000000
-2286.000000
-2260.000000
-2366.000000
-2362.000000
-2302.000000
-2246.000000
-2352.000000
-2342.000000
-2246.000000
-2286.000000
-2272.000000
-2336.000000
-2252.000000
-2324.000000
-2290.000000
-2262.000000
-2242.000000
-2260.000000
-2286.000000
-2358.000000
-2246.000000
-2246.000000
-2292.000000
-2256.000000
-2270.000000
-2336.000000
-2338.000000
-2264.000000
-2252.000000
-2362.000000
-2290.000000
-2294.000000
-2252.000000
-2362.000000
-2312.000000
-2238.000000
-2346.000000
-2340.000000
-2358.000000
-2286.000000
-2328.000000
-2364.000000
-2340.000000
-2318.000000
-2256.000000
-2270.000000
-2302.000000
-2294.000000
-2318.000000
-2360.000000
-2298.000000
-2290.000000
-2264.000000
-2294.000000
-2332.000000
-2292.000000
-2256.000000
-2350.000000
-2326.000000
-2356.000000
-2260.000000
-2302.000000
-2268.000000
-2284.000000
-2344.000000
-2242.000000
-2272.000000
-2282.000000
-2268.000000
-2270.000000
-2296.000000
-2340.000000
-2338.000000
-2304.000000
-2284.000000
-2286.000000
-2320.000000
-2244.000000
-2282.000000
-2328.000000
-2266.000000
-2356.000000
-2346.000000
-2292.000000
-2244.000000
-2280.000000
-2266.000000
-2244.000000
-2256.000000
-2290.000000
-2298.000000
-2278.000000
-2252.000000
-2292.000000
-2304.000000
-2244.000000
-2256.000000
-2342.000000
-2278.000000
-2284.000000
-2266.000000
-2362.000000
-2282.000000
-2368.000000
-2254.000000
-2356.000000
-2290.000000
-2348.000000
-2264.000000
-2286.000000
-2354.000000
-2344.000000
-2254.000000
-2342.000000
-2266.000000
-2368.000000
-2242.000000
-2288.000000
-2256.000000
-2276.000000
-2326.000000
-2356.000000
-2362.000000
-2344.000000
-2316.000000
-2294.000000
-2298.000000
-2246.000000
-2326.000000
-2328.000000
-2318.000000
-2258.000000
-2332.000000
-2308.000000
-2342.000000
-2290.000000
-2246.000000
-2274.000000
-2366.000000
-2282.000000
-2342.000000
-2248.000000
-2288.000000
-2346.000000
-2254.000000
-2302.000000
-2348.000000
-2286.000000
-2266.000000
-2360.000000
-2342.000000
-2360.000000
-2300.000000
-2280.000000
-2284.000000
-2274.000000
-2136.000000
-2130.000000
-2030.000000
-2512.000000
-2710.000000
-2714.000000
-2396.000000
-2476.000000
-2404.000000
-2384.000000
-2610.000000
-2680.000000
-2382.000000
-2336.000000
-2180.000000
-1712.000000
-1792.000000
-2414.000000
-2242.000000
-2476.000000
-2338.000000
-2404.000000
-2328.000000
-2304.000000
-2234.000000
-2592.000000
-2250.000000
-2296.000000
-1312.000000
-1122.000000
-2544.000000
-2744.000000
-3076.000000
-2754.000000
-2142.000000
-2020.000000
-1412.000000
-1312.000000
-1794.000000
-1584.000000
-1212.000000
-1444.000000
-1406.000000
-1500.000000
-1380.000000
-1286.000000
-1358.000000
-1386.000000
-2366.000000
-654.000000
