512.075623
508.098480
504.596771
500.908539
522.237671
494.267822
491.126923
487.989258
484.894653
481.948425
478.969818
476.265991
475.924103
471.061829
468.466003
466.070099
463.684784
461.358643
460.612762
456.743561
454.617889
452.729614
450.844177
449.107635
447.484222
445.756378
444.317352
442.525574
441.067322
439.646667
438.350128
436.928223
436.293488
434.405975
433.092285
431.939240
430.682068
429.692627
428.485687
427.268677
426.068085
424.857819
423.737793
422.670502
421.766846
420.879395
419.986023
419.178619
418.277100
417.339539
416.567657
415.626495
415.094177
414.274139
413.621857
412.929749
412.252716
411.513062
410.800171
410.149323
409.472870
408.739136
407.968964
406.450653
406.461426
405.671600
405.304291
404.737122
404.228912
403.628510
403.195862
402.586395
402.059723
401.585571
401.182861
400.673981
400.206482
399.737885
399.259521
398.730438
397.790894
397.808960
397.298157
396.705505
396.009705
395.598511
395.076111
394.652802
394.275299
393.914063
391.666168
393.052399
392.498779
392.219116
389.962799
391.549438
391.117432
390.000275
389.919098
517.691528
512.693665
508.861084
505.211853
501.658661
536.783691
494.408966
490.929718
487.713470
484.464661
481.557220
478.782837
482.384644
473.276764
470.668671
468.149719
465.766479
463.458984
461.257050
461.278992
457.125488
455.160980
453.229156
451.309570
449.490479
447.805145
447.632996
444.379547
442.575928
440.925751
439.273682
437.957123
436.509247
435.604889
434.078796
432.775360
431.562256
430.362305
429.159515
428.198059
426.979218
425.943604
425.033569
424.076996
423.032043
422.051270
421.081543
420.108887
419.122742
418.103882
417.042969
416.212128
415.514740
414.752350
414.029449
413.367889
412.606110
410.935974
410.492981
410.513794
409.835999
409.246124
408.683075
408.054199
407.439270
406.849335
406.271729
405.473267
404.692230
403.947083
403.378113
402.823029
401.597534
401.777161
400.472900
400.694031
400.074982
399.644653
399.161957
398.699829
398.266510
397.781525
397.354492
396.839630
396.452728
395.959930
395.099487
395.023224
392.485504
393.935059
393.387268
392.815643
392.602417
392.148682
391.935913
391.524261
391.215698
390.786743
389.770020
389.504639
524.298767
512.160339
508.475616
504.672974
501.275848
528.255188
494.657623
491.373199
488.296204
485.118652
482.140533
479.144470
476.038727
473.163940
471.231995
468.063721
465.707001
463.360687
461.176208
459.040070
457.003937
455.026550
455.953400
451.277466
449.562500
449.888885
446.171356
444.673431
443.903473
441.543884
440.067322
438.745911
437.286682
435.948700
434.588531
433.110626
432.049133
430.384827
429.101471
427.942657
426.903564
425.889618
424.759460
423.873596
422.879303
421.990051
421.027344
420.155701
418.857880
418.385651
417.574005
416.761444
416.031219
415.067719
414.321167
413.606110
412.882935
412.154510
411.423584
410.496521
409.633636
408.869720
407.543976
407.514893
406.974182
406.478577
405.945221
404.499268
404.648529
404.080902
403.488983
403.085205
402.456879
402.015350
401.512512
400.996948
399.897980
400.023773
399.486359
398.920471
398.595947
398.035309
397.425262
396.840820
394.345123
395.677826
395.315277
392.391205
394.466614
394.118103
392.705017
393.339661
392.909149
392.483032
392.216217
391.864380
391.526031
391.182434
389.270508
389.903534
517.453491
921.076233
508.573669
505.084625
580.444214
498.142120
494.677521
497.337830
487.894958
484.725311
481.776215
478.977081
476.251556
473.639832
471.058319
472.278442
466.203491
463.930145
461.717438
459.604797
457.655609
455.718567
453.813477
451.901276
450.075378
448.436859
446.695526
445.470276
443.321899
442.570190
439.857727
438.590363
437.171875
435.872925
434.586487
433.305054
432.137146
430.914917
429.723053
428.728424
427.630096
426.572205
425.580322
424.560883
423.637390
422.722137
421.732880
420.762848
419.885406
418.989441
417.852295
416.840027
415.529083
415.090240
414.291718
413.537445
412.909332
412.177734
411.495026
410.737213
410.095245
409.417297
408.784882
406.709656
407.534149
406.938477
404.883911
405.789551
405.165802
404.345520
404.027618
403.503174
402.744019
402.082611
401.405334
400.796326
400.143158
398.435181
399.275818
398.796631
396.270233
397.813843
397.285370
395.572205
396.513458
396.015900
395.701080
395.292175
394.834198
393.328888
394.038605
391.497314
393.207062
392.792419
392.022980
391.709503
391.268890
390.788910
389.744049
389.404419
516.413635
511.696991
507.648163
546.291260
500.817749
497.482117
494.260590
491.079681
502.763428
484.943756
481.957458
479.135529
476.296326
473.607697
471.128632
468.579926
466.163391
465.164642
461.265015
458.906342
456.851746
454.876129
452.999268
451.152283
449.399475
449.615692
446.028046
444.440796
444.221283
441.415283
439.919495
439.231903
437.208710
435.955383
434.574341
433.323761
432.131500
430.897827
429.692688
428.739899
427.108643
425.898651
424.378113
423.858521
422.894348
421.633698
421.071167
420.099243
419.252747
418.359467
417.492676
416.699768
416.028015
415.178711
414.370422
413.691986
412.890533
412.274963
411.545227
410.743134
410.114136
409.395477
408.646301
407.814880
407.018890
405.188202
405.788269
405.173492
404.553467
404.065735
402.628937
403.039032
402.459137
401.929108
401.477417
401.066101
400.476837
400.026550
399.534363
397.939941
398.674530
398.162811
397.622284
397.141418
396.658051
395.956604
395.484558
394.397186
394.381744
394.028809
391.186981
393.305664
392.932129
391.144073
392.107178
391.741119
391.472595
390.995514
390.088257
389.795776
516.969238
643.765686
508.326111
504.659851
587.609436
497.924194
494.617737
527.028870
487.820862
484.602966
486.174561
478.709625
475.986542
473.379181
470.952454
468.373932
465.980164
463.644897
464.319092
459.309204
457.366425
455.437469
453.544098
451.662292
449.840302
448.148773
446.409332
444.878326
443.236694
441.627808
440.504852
438.440063
437.541199
435.492523
434.220154
433.033478
431.839935
430.650879
429.381104
428.363434
427.182373
426.125427
425.167664
424.210541
423.267914
422.281281
421.362793
420.431732
419.530945
418.610107
417.800171
416.934540
416.125824
415.175964
414.147034
413.312866
412.576752
411.811035
411.143097
410.480682
409.806702
409.155609
408.419434
407.851776
407.201385
406.644897
404.531982
405.461243
404.922607
402.598755
403.694519
403.187073
402.181641
401.910553
401.265991
400.786072
400.205261
399.624969
398.879791
398.252655
396.504913
397.019318
396.248474
393.229401
394.373840
393.040588
389.903625
389.535736
387.546021
385.152435
382.667206
379.948822
375.679993
374.917053
372.872620
370.833435
369.188507
367.091644
365.348145
363.804016
483.707947
478.535248
474.073059
470.123413
466.110870
462.470154
487.082489
456.295319
453.708099
451.532074
449.533752
456.994659
446.549774
445.401123
444.786713
444.659668
445.169342
445.224243
445.123108
445.052155
446.897583
444.759552
444.410858
443.984589
443.596069
442.909515
441.888611
440.665771
440.004181
438.721344
437.691498
437.222626
434.688110
432.853546
431.271271
428.208435
425.442352
422.511841
419.467957
416.441193
412.929718
409.679047
407.305511
405.807739
404.854858
403.488495
403.103760
401.845215
400.058716
399.216766
397.860626
396.682648
395.472595
394.397064
393.699951
393.524353
393.941925
394.289795
396.323792
397.252502
399.008942
400.344635
401.561310
402.524170
403.281616
404.110870
404.653503
404.804413
405.065399
404.959442
404.657959
404.355652
404.351929
402.194519
402.604187
401.924316
401.196625
400.392670
399.837952
399.312775
398.680786
398.014801
397.635345
397.172211
396.858063
396.298157
396.123718
395.775146
395.606110
395.380280
394.716248
395.255096
395.578766
395.653412
395.882996
395.880646
394.362427
395.812958
395.154327
395.271942
523.009155
518.559143
514.053711
510.431976
538.324219
503.570526
500.446320
535.186523
494.688690
491.710785
507.944641
486.127289
483.349030
483.336548
477.735352
474.736511
472.212494
469.634460
467.103455
464.532990
462.088257
462.496948
457.708984
455.677704
456.318787
452.171143
450.228851
449.837891
446.778687
445.048920
443.434082
441.892395
440.270447
439.404114
437.287964
436.065460
434.107910
432.478882
431.520142
429.997925
428.848145
427.630432
426.388672
425.147278
423.903229
422.942535
421.943451
420.928101
420.255127
420.166290
419.946045
419.855438
419.423889
419.015015
418.538574
418.140594
417.576935
417.156769
416.789764
416.386536
415.959869
415.238708
414.820374
414.076935
413.353058
412.645935
410.985291
411.046356
410.418121
410.015320
409.809448
409.473816
408.975220
408.468842
407.839752
407.137390
406.975647
406.576569
405.987396
405.323761
404.825928
404.166321
403.383331
401.063416
402.155609
401.521301
398.609528
400.403259
399.757111
397.733368
398.007782
397.154602
396.829926
396.300354
395.477722
395.454773
394.691772
393.183441
392.789124
392.441498
85.843071
515.944580
512.153137
623.606873
504.896027
501.442413
497.966278
494.590912
491.406311
488.313568
485.196259
482.257263
480.450836
476.217804
477.203522
470.986389
468.682373
466.619781
464.796143
462.936859
461.270447
459.653259
458.253784
459.088806
455.529053
454.083496
452.641876
451.320282
451.032806
448.218628
446.667664
445.096375
443.261658
441.656433
440.337616
439.128418
438.056793
437.319427
435.965179
434.914612
433.668976
432.591370
431.659576
430.539642
429.619354
428.851898
427.821838
426.779846
424.911469
424.723694
423.579163
422.202209
421.390778
420.394592
419.238922
418.185638
417.125122
416.135864
415.255432
413.996002
413.436371
412.507446
410.056396
410.697083
410.074860
408.208588
408.920105
408.308197
407.448853
406.708221
406.056061
405.310608
404.534027
403.817627
403.355682
402.819000
401.797607
401.852051
401.427368
400.881348
400.382690
399.696411
399.218781
399.100952
399.183380
399.014465
399.015350
399.141296
398.863251
399.241882
397.441193
399.088867
399.182129
398.982452
398.960571
398.917175
398.828278
398.432709
397.357788
397.022400
527.318970
522.580139
528.066162
515.489563
512.103271
508.840973
505.554169
510.801483
498.751709
495.527618
492.329803
489.287811
486.283264
491.704834
480.468475
477.573669
474.863800
472.072571
469.398743
466.776489
464.347137
464.048950
459.473938
457.261963
457.635132
453.432953
451.278625
451.061859
447.530975
446.054016
444.661224
442.996552
441.199615
439.606659
438.184753
437.082123
435.980103
434.579285
433.177368
431.738800
430.130127
428.382935
427.682159
426.090729
424.627197
423.722015
422.804199
421.830170
420.968018
420.020416
418.553192
417.646881
416.507080
416.616882
415.978333
415.946472
415.728333
415.567566
415.477509
415.182373
414.915588
414.548645
413.906372
413.274384
412.434937
412.140717
411.591431
411.003510
410.413605
409.819305
409.725983
409.423950
409.032715
408.620270
408.207977
407.877106
407.447876
407.001282
406.376709
406.028748
405.590424
404.861267
404.085419
402.179779
402.901184
402.250183
401.795746
401.144257
400.496460
397.612091
398.906433
398.136169
397.136993
396.596558
396.277710
395.811676
394.953796
394.278625
393.150604
393.173126
96.896423
517.271057
513.463928
640.077271
506.398926
503.124725
527.114014
496.940216
494.125916
491.740356
488.999359
486.692688
484.236023
481.972961
484.393311
477.472443
475.225098
479.484314
471.122925
467.789337
463.975403
460.876404
458.380188
456.399323
454.872406
453.475708
453.769440
450.856384
449.468994
448.091522
446.658203
445.937134
443.747620
442.397461
440.945648
439.735229
438.803833
437.943695
436.929077
435.917114
434.674194
433.170929
432.195068
431.088837
430.298157
429.176025
428.328278
427.382721
426.451050
425.462067
424.426392
423.443939
422.569702
421.501495
420.354218
419.531433
418.657410
417.790680
416.785828
415.884247
414.969116
414.028778
411.912079
411.887634
410.900665
408.483185
409.637085
409.034393
407.806610
407.980804
407.491821
406.966888
406.485046
405.959778
405.325500
404.457520
402.772491
402.909485
402.721405
400.396454
402.307648
401.662567
398.972382
400.218658
399.581116
398.500916
398.290894
398.060120
398.081818
398.127960
398.336365
398.025238
398.322357
397.182495
398.044647
397.505951
397.467346
397.440491
396.487244
396.214294
525.822571
521.794128
518.249146
514.913879
511.620087
512.289246
505.064667
529.471191
498.443329
495.284729
492.890717
489.097931
486.250488
483.525177
480.830261
478.168243
481.198090
472.990784
470.514099
468.062103
465.763489
463.502930
461.237579
458.971893
458.085205
455.005188
453.051575
452.908478
449.573273
447.938263
447.044830
444.373016
442.476501
440.967651
439.344269
437.993011
436.784546
435.390015
434.738892
432.751068
431.364380
429.724274
428.881073
427.746552
426.070892
425.404205
424.239410
423.287537
422.319855
421.376648
420.350372
419.368317
418.609650
417.687195
416.690216
415.396057
415.391754
415.101044
415.053528
414.758240
414.342010
413.783508
413.311188
412.970032
412.683136
412.284302
412.013885
411.018127
410.920319
408.876862
409.843628
409.386169
408.811981
408.445038
408.077393
407.724243
406.919220
406.442505
405.904083
405.495117
405.032593
404.409698
404.224487
403.846283
403.499908
403.062042
401.947327
402.122925
401.549744
401.003967
400.431763
399.910828
399.428284
398.723022
398.167145
397.509918
397.127777
396.404388
395.079926
394.434937
327.704498
518.288696
514.715271
628.511536
507.672394
504.240845
549.928589
496.884918
493.231262
498.733612
485.972229
483.115112
480.073029
477.217041
474.975861
472.544281
470.258759
471.849976
465.594910
463.084503
464.799133
458.458160
456.239929
456.488739
452.476288
451.237793
450.221283
449.122284
447.701965
447.419647
445.263916
444.732544
442.528625
441.460205
440.516846
439.175232
438.178284
437.023895
435.805908
434.950256
433.703796
432.703217
431.359741
430.604858
429.629669
428.839600
427.975525
427.056274
426.011841
424.986359
423.756287
422.699951
421.869019
420.965118
419.957977
419.039825
418.211273
417.282257
416.307617
415.354370
414.354248
413.401367
411.064240
411.286896
410.398438
409.661163
409.109253
408.496765
406.200897
407.228638
406.648529
405.967468
405.869690
404.807373
404.551575
404.476196
403.438446
403.020050
402.384369
400.470154
401.291229
400.753571
398.092529
399.875488
399.284332
397.064697
398.074127
397.701324
397.505981
397.738464
398.103027
398.441040
398.487793
397.804932
397.777740
397.645905
394.982697
397.224548
396.466766
396.217987
525.740479
521.335876
517.645996
514.160767
510.901062
507.858795
504.705597
501.784485
501.287537
495.685913
503.547760
489.753815
486.955811
483.971680
481.080963
478.100037
475.271240
472.417206
469.787018
471.195740
465.485352
463.298767
461.256805
459.069580
459.278961
455.050079
452.941498
451.276337
449.300720
447.598572
445.819122
444.159515
442.393555
441.480225
439.530823
437.998993
436.517487
435.284088
434.102570
433.191559
432.089050
431.025055
429.599030
428.466095
426.332001
425.827698
424.690247
423.457367
422.842712
421.833771
421.023438
420.191650
419.630890
419.488037
418.857666
418.227142
416.924744
415.793396
413.463715
413.710083
412.956360
410.969147
412.205566
412.248535
412.313965
412.274933
411.816071
411.157196
410.537415
410.035675
409.246246
409.127563
407.724609
407.868652
407.332703
406.700409
406.351563
406.007294
405.830902
405.933777
405.811432
405.466675
405.028229
404.675659
404.366180
404.455109
402.672791
404.326172
403.742065
403.266724
402.875427
402.343170
401.773102
401.030457
400.508423
397.872681
399.298523
398.649506
397.395630
396.949585
526.791260
521.867188
517.310730
561.878418
509.452026
505.575104
552.244507
498.496307
495.106384
510.445648
488.717346
485.703339
483.517212
480.030121
477.521881
474.827118
471.762238
472.364594
467.448517
465.204834
466.881500
461.026398
458.695770
459.073242
454.140869
452.022644
450.957672
448.379700
446.557434
444.761414
443.230194
441.985291
440.540802
439.603149
439.028778
437.566864
436.837189
435.932922
434.855164
433.942596
432.767273
431.789856
430.661133
429.877045
428.896118
427.995514
426.879517
425.997223
424.295105
423.821808
422.953400
422.509094
422.235413
421.783997
421.314514
420.975464
420.501526
420.004028
419.560333
418.989258
418.388306
418.081482
417.487457
416.839691
416.129974
415.068573
414.815094
413.927155
412.978363
411.978699
411.076965
410.259857
409.475250
408.799866
408.126007
407.613953
406.875275
406.310028
405.637665
404.894806
404.743958
404.179718
401.615021
403.443787
403.206848
400.648193
402.778320
402.384094
401.533630
401.609528
400.842438
400.523315
400.072052
399.275421
399.538300
399.635803
397.726135
399.564392
398.694275
395.631104
529.395630
524.486572
642.981934
517.363098
513.699524
511.443176
506.589447
503.026306
498.976563
495.530090
508.950256
489.247223
485.463501
483.322723
479.426819
476.737762
473.973022
471.390961
468.937561
466.532318
464.469574
462.334534
462.979279
458.572510
456.784943
455.365234
453.965118
453.468933
451.312866
450.019867
448.662323
447.467712
446.188995
445.057739
443.852448
442.519073
441.651306
439.908325
438.302979
436.920654
435.212524
433.895691
432.261414
431.172760
430.049164
428.966980
427.688690
426.510925
425.378601
424.368469
423.332886
422.208191
421.238098
420.101288
419.051331
418.106415
417.259125
416.525208
414.821869
415.073669
414.400177
412.032776
412.472656
411.342041
410.307770
410.224213
409.572449
409.222443
408.680328
408.120056
407.803314
407.249481
406.155396
406.183197
405.659180
403.015076
404.270203
403.702698
401.510254
403.011841
402.819519
402.546387
402.606293
402.557617
402.576172
402.123291
401.759949
401.405609
401.001953
400.130829
400.185333
399.845734
399.434998
398.795013
398.679688
398.360443
398.217896
398.091034
395.618347
397.172455
527.900818
525.610352
519.777405
589.437500
512.584229
509.073059
506.207275
501.944000
498.278015
494.644989
491.293610
488.075348
492.149475
481.876038
478.955811
476.066864
473.362335
470.634949
468.216187
465.667114
464.519073
461.105225
459.185089
460.010620
455.297546
453.228821
452.632660
449.498810
447.561035
445.870941
444.279236
442.768433
440.976044
439.384644
438.659821
436.575623
435.307678
434.027832
432.863159
431.914642
430.663879
429.789001
428.932617
428.190125
427.188995
426.363129
425.469452
424.425354
423.456207
422.395050
421.343140
420.284454
419.644318
418.896301
418.551331
418.182739
417.829224
417.286926
416.828064
416.169464
415.593994
415.065582
414.487518
413.798981
413.323029
411.772675
412.401642
412.108154
411.598297
411.176086
410.794128
410.575897
410.205414
409.887299
409.364532
408.703949
407.993591
407.399780
406.972748
406.417694
406.074554
405.417542
404.400116
404.214905
403.580444
402.843109
402.304291
401.729828
399.705444
400.488983
399.904572
399.297363
398.630707
397.571045
397.192505
396.888000
395.901276
395.844452
394.625397
391.523407
522.640686
518.227417
705.108521
510.602264
506.840149
518.954346
499.155853
495.745087
492.562958
489.674835
486.616425
483.787201
480.908051
486.266357
475.412445
472.639374
477.632019
467.929108
465.695679
466.737946
460.900970
458.633514
456.280609
454.049713
452.187897
452.526215
450.140564
451.173401
448.440186
447.209381
446.129578
444.905060
443.465759
442.166626
440.726624
439.372620
438.298370
437.037506
435.803345
434.856293
433.606964
432.842316
432.126740
431.390564
430.663727
429.845428
428.760925
427.859528
427.134094
426.510376
425.674103
424.842865
423.945526
422.953857
421.990601
421.149048
420.150085
419.256744
417.570831
417.430969
416.563904
414.362579
414.791199
413.808685
411.376038
411.936310
411.167145
410.028656
409.451172
408.545441
407.553131
407.149078
406.883148
406.670898
406.369781
404.874451
404.814148
404.316650
401.550385
403.312592
403.359375
401.173340
401.989838
401.832611
401.910980
402.168304
402.017426
401.632263
400.914063
400.059357
399.551575
398.911316
397.836578
397.324066
397.284546
396.994751
396.624146
396.250092
395.369293
395.161346
524.886292
831.525391
517.008057
513.813904
513.817261
507.018280
527.524414
500.060699
496.935486
493.919220
490.921844
488.077026
485.385254
482.840149
480.256256
483.456207
475.301788
473.077667
470.694824
468.128540
469.579956
463.422577
461.072906
459.222687
456.654572
454.605591
452.606262
450.689270
448.730133
447.750000
445.266266
443.907532
442.216858
440.630554
439.033142
437.492798
436.002930
434.644440
433.420502
432.280243
430.385345
429.251282
427.948425
426.303802
425.536102
424.616241
423.655731
422.632233
421.638214
420.587830
419.724884
418.882996
418.337677
417.786011
416.684265
415.964996
415.425873
415.000183
414.704407
414.423615
413.929291
413.281189
412.698792
412.024353
411.202850
410.475586
409.433807
409.124237
407.564270
407.934845
407.536652
406.989014
406.420807
405.843475
405.368439
404.867096
404.328217
403.853363
403.376190
402.949158
402.301331
402.118317
401.577545
401.213776
400.731964
399.874298
399.637970
399.036926
398.505127
398.000549
397.665863
397.233368
396.987091
396.458374
396.079163
395.830078
395.543823
395.186951
394.247955
392.490265
523.279480
518.688599
719.290222
511.298126
507.876556
561.560791
500.960449
497.507111
498.614349
490.685303
487.450592
484.434296
481.648834
478.911438
476.330505
473.706940
477.080048
468.721771
466.469177
469.065002
462.259216
460.254486
460.330627
456.349091
454.520325
452.799896
450.937531
449.328827
447.708374
445.971008
445.198059
442.683319
441.099701
439.841644
438.496155
437.174744
435.979095
434.806122
433.551544
432.542206
431.256134
430.239319
429.304138
428.246246
427.260559
426.348206
425.389496
424.433807
423.503510
422.608826
421.671814
420.765747
419.913483
418.842407
417.806335
417.054810
416.050049
415.647949
414.945618
414.221191
413.557739
412.157684
412.191132
411.544067
410.944031
410.320679
409.803802
409.213593
408.650574
408.003571
407.200073
406.885895
406.270020
405.695892
405.119507
404.641968
403.919434
403.252747
400.996613
402.019867
401.665741
398.989502
400.762146
400.312866
398.836517
399.325073
399.004791
398.530823
398.172668
397.782654
397.448120
396.997192
395.821869
396.185059
395.933685
392.897888
395.087433
394.725616
391.249573
393.330963
521.920898
565.138733
513.418152
509.741516
506.145660
502.660767
499.497620
500.267426
493.111633
499.124634
486.841736
483.825928
481.050446
478.344543
475.759064
473.208679
470.798798
468.354340
470.568665
463.936340
461.861816
459.965942
457.912476
458.063049
454.081085
452.314087
450.478546
448.600983
446.800049
445.180573
443.633545
442.353668
441.599487
439.698761
438.361176
436.995087
435.750305
434.559143
433.442383
432.450043
431.127899
430.284546
429.234680
427.773163
427.289032
426.399445
425.303223
424.507996
423.559601
422.610352
421.537048
420.566620
419.739807
418.900879
418.102814
417.492889
416.861420
414.911316
415.379303
414.631470
412.830994
413.484467
412.907501
412.181274
411.652374
411.091736
410.564056
409.968231
409.359863
408.735260
408.031097
407.013855
406.670013
406.026031
405.637512
405.086975
404.656616
404.223328
403.714874
403.183685
402.825592
402.309174
401.748596
401.006592
400.959442
398.954163
400.210815
399.755981
399.137115
398.768127
398.281952
397.776733
397.186127
396.369812
396.136047
395.677246
395.334198
394.770599
393.955933
393.551208
521.945007
517.358337
555.514526
510.146576
506.826996
503.625519
500.373688
497.141113
516.010620
490.859863
487.744476
484.907257
481.786682
478.752930
475.917603
473.205505
474.229126
468.311890
466.071014
468.575317
461.795563
459.791138
460.787140
455.819397
453.995636
452.831207
450.473145
448.949768
447.418854
445.842834
444.332733
443.001923
441.460938
440.570557
438.661224
437.167908
435.963440
434.696625
433.460602
432.701782
431.303589
430.198639
429.206360
428.109009
427.026550
426.003815
425.082367
423.738159
423.291870
422.432404
421.483032
420.643768
419.764618
418.937805
418.015656
417.115692
416.181244
415.292847
414.558014
413.570587
413.231934
412.653778
411.974365
411.387238
410.530487
410.083221
409.647400
409.076416
408.618561
408.056885
407.713898
407.241364
406.717987
406.046173
405.649872
404.912964
404.098602
403.448944
401.583221
402.052917
401.580505
399.019043
400.640533
400.311188
397.866119
399.307556
398.852264
398.288300
397.939148
397.662628
397.325043
396.996765
396.545258
396.080688
395.740509
393.372101
394.935669
394.459381
390.550720
392.792725
520.844116
698.316650
512.703369
509.174164
506.859619
502.632721
499.300079
495.951111
492.723816
498.503174
486.672211
483.799225
482.197632
478.287018
475.730896
473.157684
470.761108
468.377625
466.153534
463.805054
461.655579
462.324585
457.269318
455.302307
453.651306
451.857513
451.059723
448.593506
446.962372
445.352386
443.814087
442.533478
441.064972
439.830505
438.532471
437.634033
436.033325
434.826447
433.639709
432.595459
431.325897
429.933258
428.808685
427.690643
426.673218
425.714600
424.763794
423.846649
423.005585
422.127777
421.127289
420.290314
419.526123
418.714172
417.900208
417.200073
416.450134
414.833221
414.897003
414.143433
411.924561
412.468231
411.622742
410.192719
410.204926
409.582550
409.141693
408.500275
407.925812
407.256317
406.679138
405.838165
405.598114
405.069946
402.600677
404.100464
403.463165
401.174774
402.415527
401.954315
401.139984
400.656403
400.038239
399.561798
399.109589
398.695282
398.131042
397.968628
396.898560
397.016907
396.669647
396.321869
395.897247
395.414734
395.184448
394.898926
394.524200
392.066589
393.118652
392.823792
558.460571
516.484070
636.245178
508.615265
505.150940
503.501190
498.620026
495.457428
492.256470
489.178802
486.161346
493.967346
480.418274
477.789276
475.248810
472.693756
470.287018
467.959900
465.699127
465.050598
461.492249
459.313660
460.364075
455.008026
452.932556
452.731171
449.455383
447.866333
446.364075
444.791382
443.251709
441.895905
440.370972
439.949188
437.808167
436.479431
435.466949
434.126251
432.971771
431.851105
430.714081
429.617157
428.662201
427.495361
426.299042
425.168854
424.046509
423.037811
422.172302
421.405212
420.448669
419.690826
418.942261
417.992157
417.133667
416.488678
415.719635
414.992218
414.350342
413.629700
412.903717
412.281555
411.367218
410.894806
409.140045
409.547729
408.854126
408.005402
407.273529
406.608368
406.038574
405.625275
405.067322
404.623169
404.141449
403.620453
402.889221
402.618805
402.180237
401.716675
401.334167
400.393494
400.414001
399.985229
399.572266
399.087128
398.741547
396.673523
397.916321
397.430695
396.809662
396.321869
395.825012
395.215149
394.995819
394.048431
394.381897
393.921509
390.286896
392.553650
520.469360
886.620605
512.347534
509.061646
523.322571
502.171295
498.953217
495.700378
492.491730
489.402557
486.299011
483.325989
490.329956
477.649078
474.814087
480.550049
469.409424
466.982452
468.610504
462.554718
460.619110
458.682434
456.675598
454.634155
454.734070
451.155914
451.119446
447.924347
446.273590
444.973999
443.251617
441.952911
440.441193
439.173645
437.862091
436.459625
435.252716
433.920990
432.668701
431.251953
429.965790
428.847992
427.813324
427.011566
425.955719
425.037842
424.052521
423.046173
422.205322
421.337189
420.468689
419.641418
418.854279
418.043488
417.228973
416.536652
415.803040
414.374237
414.312653
413.577026
411.476776
412.130249
411.263824
408.934814
409.483887
408.671234
407.770111
407.349609
406.476776
405.429718
404.713409
404.124695
403.547211
402.935822
401.093597
402.108551
401.673767
399.464630
401.636078
402.083862
401.522461
402.553497
402.478516
402.368195
402.325104
402.106537
401.953339
401.649536
400.950653
401.063782
400.794159
398.211823
400.582703
400.255310
400.188934
400.053528
399.856293
399.357727
398.674774
398.642181
121.866737
525.394165
521.416443
521.728821
514.093994
535.235413
506.502563
502.716705
499.151550
495.453125
491.834686
488.281616
484.959686
481.779541
484.891449
475.923584
473.069733
470.379272
467.779144
469.075409
462.822815
460.826782
459.022064
456.764984
454.634552
452.942810
451.217743
449.715332
448.692566
446.257416
444.594452
443.072113
441.130432
439.567688
437.721130
436.560303
435.336975
433.997498
432.606628
431.665955
430.758118
429.807617
428.854004
427.765533
426.755585
425.557526
424.353516
423.152100
422.148041
421.238220
420.909058
420.772858
420.865967
419.657867
419.605835
419.013641
417.155975
417.556641
416.674042
415.926025
415.359894
414.524017
413.743866
413.095093
412.784943
412.083984
411.849060
411.261810
411.671143
411.402771
411.337158
411.111725
410.726837
410.669006
410.361450
409.920197
407.761566
408.909424
408.338959
407.533936
407.007202
405.005432
405.701599
405.163025
404.645691
404.173981
403.665649
403.089539
402.504883
402.035767
400.044189
400.790985
399.912659
399.012634
398.300171
397.564362
396.746216
396.368164
394.837372
394.867828
523.981323
938.847778
514.466187
510.459595
554.625183
503.941528
501.011444
498.196503
494.586761
491.676025
488.598755
485.687347
488.808899
480.084381
477.491333
483.089813
472.126709
469.532776
472.299194
465.081726
463.416931
462.841980
460.798157
459.129272
457.341095
455.476929
453.635925
452.042786
450.483643
449.534943
447.100128
445.570526
443.685974
442.135803
440.919312
439.811432
438.768494
437.897797
436.906189
436.194244
435.270325
434.435638
433.510284
432.535583
431.760803
430.784943
429.839874
428.898987
428.033112
426.873749
425.626862
424.565460
423.415375
422.304932
421.203735
420.284271
419.372375
418.425964
417.368622
416.137177
415.235535
414.578888
413.745544
412.713287
411.823669
410.939941
409.018799
409.164246
408.445404
407.486633
406.758911
406.222900
405.674408
405.035767
403.690216
403.859497
403.131256
400.869751
402.475586
401.967682
399.906677
401.538239
401.127533
400.355408
399.950317
399.337799
399.013397
398.839600
398.950348
399.111786
399.150726
396.969055
398.584259
398.200958
395.166229
397.543579
397.453278
395.936493
396.730072
396.837067
536.789063
522.627747
519.162659
595.109497
513.426208
560.241211
507.461304
504.584412
503.478271
498.349854
495.132294
492.118866
489.189819
486.514099
483.904663
481.157318
478.363403
478.630157
472.816376
470.057251
467.549347
465.079803
463.873413
460.326813
458.015289
456.013428
453.898163
452.134674
450.339447
448.436279
446.288940
445.027405
442.648590
441.090424
439.483948
437.974274
437.019165
435.121918
433.855133
432.596130
431.308533
429.565613
428.893097
428.205048
427.005585
425.959412
424.889008
423.976654
423.173004
422.295227
421.354492
420.517181
419.789398
418.242615
418.627960
418.603699
416.982178
417.804962
417.129974
415.853149
415.912720
415.323425
414.598450
414.191193
413.724274
413.315369
412.976898
412.297363
412.606201
412.474365
410.656616
412.915344
413.184357
413.350769
413.525360
413.733459
413.671448
413.691071
413.801483
412.047668
413.100098
411.013031
409.376740
408.004395
406.268646
405.733337
404.848969
403.954285
403.147217
402.406342
401.793091
400.982086
400.385101
398.420227
399.083435
398.378052
397.725494
396.925598
393.985657
395.194824
524.683594
525.061157
515.276123
511.596405
507.766327
504.459015
500.850067
510.831726
495.020203
492.246399
489.558136
486.475708
483.687958
480.822540
478.237396
481.763855
472.399597
470.015198
473.311981
465.538574
463.264587
463.682281
459.296906
457.456909
455.688660
454.033081
452.455994
450.943909
449.412201
448.803925
446.002258
444.530518
443.700684
442.011322
440.857025
440.017914
438.514954
437.249329
436.040009
434.655426
433.424744
432.405609
431.797485
431.209229
430.886993
430.288696
429.782013
429.167114
428.590485
427.931366
427.257263
426.665466
426.073334
425.366302
424.457153
423.501892
422.527863
421.649963
420.752411
419.842010
418.235870
417.818237
416.847626
415.858856
414.905823
414.209991
413.539276
412.660065
411.790802
409.698669
409.939819
409.333282
408.717743
408.173706
407.508087
406.769897
405.816864
404.602051
403.846771
403.172729
402.589142
402.076538
401.417419
400.171753
400.822510
400.285004
400.150513
399.653839
399.170227
398.739594
398.234985
396.812531
397.404388
396.914185
393.968872
396.090851
395.622162
393.159058
394.710205
394.743591
560.486389
521.202515
517.732300
514.295715
510.975555
507.537537
504.285675
501.123718
505.647064
494.644012
491.525726
488.521423
485.536957
482.626617
479.819214
477.275330
475.043457
472.917084
470.931030
469.006378
468.828583
465.432312
466.190399
461.974731
460.325806
458.755310
456.958466
455.242737
453.525726
451.854462
450.179749
448.659210
446.866272
445.185120
443.823029
442.088409
440.514404
439.076294
437.468750
436.426758
434.987915
433.476593
432.322510
431.081085
429.874481
428.421204
427.491089
426.252014
424.950195
423.885651
423.041840
422.244781
421.422852
420.198669
419.353455
418.865967
416.841125
417.495972
417.043915
415.364136
415.050537
414.378815
413.546539
413.045990
412.170959
411.607239
411.373749
410.819885
409.971619
409.378326
407.219757
408.024139
407.181854
404.667450
406.354065
405.955322
405.069305
405.267303
405.383453
405.228516
405.122345
404.762543
404.430054
404.018616
402.576660
403.178802
402.711700
402.344116
402.048645
401.830780
401.391693
401.040924
400.734222
400.294220
400.092560
399.811951
398.654968
399.395294
398.613007
398.598633
530.452393
551.316467
521.760986
518.181152
514.624878
511.275391
507.823578
504.178162
500.524872
497.129883
497.779205
490.369354
487.087006
483.862793
481.055786
482.441650
475.160522
472.213379
469.377258
466.825378
464.554291
462.355103
460.244965
458.167969
456.596680
454.531036
452.608826
450.779938
448.747009
448.434998
445.367950
443.758606
443.079681
441.689209
440.749573
439.573059
438.209351
436.873383
435.522247
434.592377
433.067596
431.346771
430.179504
429.348633
428.241364
426.973877
425.724548
424.918793
423.966675
421.926605
421.766998
420.866119
419.501068
419.595490
419.197083
418.973358
418.703125
418.082642
416.703339
417.075104
415.421204
416.066223
415.482849
414.675751
414.011230
413.166931
412.321625
411.397339
410.731262
410.225342
410.030884
409.780823
408.858093
409.351654
409.536194
409.335876
409.131775
408.412140
408.839111
408.642944
408.437103
407.960236
407.333344
406.536163
405.979858
405.161346
404.139069
403.841980
403.256439
402.513123
401.897400
399.152039
400.339752
399.503662
396.565948
398.513031
398.141632
394.767761
396.251709
395.646942
302.042450
520.996582
516.856079
513.045898
509.189789
505.625763
502.231262
498.702728
513.568604
492.177216
489.468109
503.491150
483.800018
480.951843
485.646149
475.060059
472.239136
470.084747
468.085510
466.549957
464.580048
462.417328
462.424103
458.366791
456.239227
456.341614
452.853119
451.467529
450.082916
448.639038
447.088806
445.867462
444.285980
442.784729
441.791260
439.745239
438.395599
437.104034
435.676910
434.940125
433.673187
432.900208
431.989166
431.168457
430.391754
429.887604
429.327942
428.612823
427.598083
427.141205
426.446838
425.718719
424.957672
423.167755
423.008881
422.027771
421.156647
420.128174
418.972961
417.819092
416.735168
415.842499
414.518524
414.055328
413.091949
412.385864
411.576080
410.841278
410.282043
409.523956
407.860474
408.197327
407.541077
405.130768
406.662964
406.218262
404.362274
405.054962
404.639435
404.183746
404.118713
403.513916
402.939056
402.216370
401.535126
400.796265
400.406647
397.646088
399.384949
398.985748
396.421570
398.534027
397.743652
396.105164
396.443756
395.997467
395.743500
395.525330
394.928864
393.906158
525.234558
706.887329
518.323669
514.834167
511.753510
506.929321
503.311951
499.973602
496.654236
493.294861
489.968750
486.826172
483.899902
483.443207
478.654358
483.891296
473.890259
471.644592
470.353760
467.499084
465.750000
464.074982
462.524689
460.907837
461.358887
457.537354
455.959320
454.527832
452.889374
451.413422
449.873688
448.520203
447.484100
445.345673
443.605682
442.003174
440.020569
438.449188
437.095398
435.764435
434.480225
433.196442
432.147614
431.058136
429.948975
428.791046
428.212891
426.233887
424.901520
422.974426
422.813385
422.064453
420.055481
420.273956
419.330627
418.475677
417.763885
416.625793
415.448547
414.853333
414.368835
413.636902
413.018066
411.836609
412.031433
411.699829
411.352997
410.966400
410.898010
410.677612
410.447632
410.042633
409.220276
408.247650
407.222107
405.905304
405.936462
403.901917
405.633362
405.748413
405.575562
405.354980
404.850525
404.278595
403.585175
402.933655
402.452240
401.927521
401.366547
400.385437
400.192963
399.544708
398.952667
398.304779
397.028229
397.628021
397.140625
396.388245
395.230652
395.133606
524.610535
520.152710
516.365540
523.124146
509.537628
506.013123
502.634277
499.252472
503.297516
492.826996
489.720032
501.786469
483.672333
480.842499
488.009583
475.411041
472.691223
472.644348
467.596100
465.159851
463.077789
461.009430
458.706757
456.370422
454.091095
453.996033
451.184906
449.945251
449.636627
446.454803
444.706482
443.964966
441.619934
440.488129
439.324921
437.938873
436.752380
435.768738
434.276550
433.224091
431.811951
430.446899
429.251862
427.983856
426.866425
425.878662
424.891144
424.187561
423.701111
422.964539
422.404846
421.939636
421.804840
420.976563
420.077209
419.176483
418.095673
417.539032
416.873230
416.169922
415.659210
415.160126
414.608154
414.103668
413.815491
413.200226
413.256134
412.796814
412.418091
411.843903
410.127197
411.076355
410.538452
410.149170
409.906189
409.454956
406.789124
408.377899
407.884369
406.693146
406.819366
406.472137
406.059814
405.663422
405.264740
404.616302
404.088196
402.166718
403.014801
402.544037
399.335724
401.376770
400.728851
398.170654
399.311584
398.967499
398.771606
398.472809
397.620636
397.261017
527.281738
600.609192
519.288025
514.989929
592.896484
507.816711
504.297668
500.659210
496.797333
493.262482
489.735291
486.385284
483.149963
480.129425
477.243073
474.504883
472.909332
470.052856
471.992981
466.672791
465.266205
463.242554
461.149994
458.952606
457.030823
455.308075
453.630463
453.410278
450.137115
448.307251
446.537872
444.843292
444.003143
441.993469
440.793488
439.977448
438.911407
438.186188
437.228882
436.464691
435.504059
434.941040
434.080719
433.176331
432.261810
431.273407
430.235199
429.003387
427.791382
426.468903
425.403900
424.304260
422.359528
422.350677
421.109924
419.178223
418.825256
418.006866
417.337128
416.788055
416.390015
415.765778
415.218231
414.304779
413.341064
412.761444
412.172699
411.682129
411.005798
410.076691
409.193665
408.333771
407.482330
406.923309
406.256073
405.758179
404.997406
404.406067
402.990967
403.030426
401.148254
401.781586
400.981201
400.291718
399.932648
399.605438
399.766205
400.345154
400.549835
400.277008
399.854095
399.393036
398.786896
398.953125
398.734406
398.133057
397.785675
396.835175
396.184052
395.941376
527.281250
521.994995
518.445068
514.895142
511.508606
508.234772
509.804779
501.810791
498.675476
495.711243
492.456482
500.991943
486.676666
483.967102
491.235474
478.810425
476.260193
479.633606
471.218689
468.714294
467.311005
464.022858
461.545929
458.988861
456.754211
454.713715
452.815155
451.036743
450.461426
447.564484
446.022125
445.457214
443.075836
441.629028
440.743744
438.695374
437.737610
436.639496
435.492584
434.501068
433.270660
432.131348
431.337250
429.975739
428.878784
427.658875
426.183533
425.077179
423.887512
422.787720
421.795197
420.907654
420.042328
419.053894
417.564026
417.264252
416.667786
416.124756
415.864166
415.380737
415.558777
415.168793
414.758057
414.040985
413.351013
412.673431
412.079651
411.369293
410.230469
410.238312
409.669037
409.299652
408.909973
407.260742
408.389954
408.010742
407.624451
407.734131
407.877655
407.936340
408.005981
407.942230
407.242401
407.410187
407.058472
406.496246
405.931519
405.219391
404.480530
403.940918
401.745728
402.572540
401.626221
398.102509
400.027435
399.444366
397.032227
398.195404
397.030457
396.611115
527.951965
522.968140
518.925354
514.928650
528.352600
506.900696
503.427063
534.798096
496.506775
493.312469
510.375275
487.795990
484.556183
481.171509
478.371063
476.296173
474.171875
471.854034
469.224976
467.707153
464.236359
464.657410
459.920563
457.625519
455.737762
453.750092
451.847900
450.303589
448.599670
446.910309
445.316528
444.012207
442.591827
441.463501
440.092896
438.910858
437.780304
436.678406
435.623383
434.437225
433.337341
432.587769
431.672821
431.234802
430.187073
429.656769
428.858582
428.118317
427.383545
427.252838
426.620789
426.011169
424.948242
424.173584
423.115356
421.000641
421.165405
420.231781
418.249664
418.330414
417.436279
416.493805
415.584869
414.527618
413.761078
413.112366
412.381805
411.452728
410.633392
408.322083
409.047760
408.207123
405.510956
407.140686
406.542175
405.530487
405.720215
405.219391
404.812012
404.565460
404.348785
403.135559
403.982025
401.964966
402.978271
402.463959
401.746948
401.046082
400.234406
399.674530
399.297089
398.841125
398.344269
397.763672
397.460907
396.340698
396.793365
396.419708
395.463287
395.031616
352.539856
520.213745
516.332703
512.575134
508.954620
505.356537
502.106903
498.708923
495.464508
496.746246
489.268707
486.329620
483.434448
480.709778
485.712036
475.710632
473.131287
476.614014
468.029388
465.596252
467.456360
461.441376
459.507324
458.521851
455.793427
453.980621
452.162964
450.574219
448.972992
447.389587
445.904724
445.319458
443.163513
441.903931
440.873993
439.174164
437.956848
437.001068
435.496002
434.410461
432.971191
431.706818
430.611786
429.556915
428.552490
428.130829
426.759918
425.856079
425.029877
424.071198
423.190765
422.358124
421.660095
420.853394
420.077911
419.464996
418.665955
417.175568
417.227600
416.448853
415.732788
414.936096
413.826508
413.362549
412.645691
411.950348
411.423401
410.825714
410.234253
409.553772
408.956268
407.819763
407.884369
407.345917
406.845947
406.358734
404.263214
405.281128
404.684784
403.999756
403.775482
403.269775
402.681305
401.991241
401.364166
400.161865
400.308716
399.786743
399.425079
399.051727
398.639465
398.176727
397.796906
395.771179
397.014313
396.722290
393.650665
395.951630
395.022583
392.720184
524.944519
519.830322
525.969360
512.489624
508.768311
505.119904
501.590210
506.088104
494.736328
491.450073
506.286865
485.552979
482.800385
491.773987
477.504395
474.922974
472.533936
470.179169
467.936981
465.845490
463.785980
461.847687
460.666992
458.005615
457.977753
454.470306
452.577301
450.874054
449.056488
447.355408
445.786407
444.533020
443.130310
442.468414
440.647461
439.295135
438.191010
436.944672
435.730774
434.772430
433.580414
432.649811
431.457947
430.440338
429.343140
428.426605
427.381897
426.020264
425.200195
424.154877
423.170563
422.287537
421.567078
420.782776
419.955139
418.995605
418.474884
417.630615
415.555786
416.039917
415.307495
413.393311
413.909119
413.243164
412.385315
411.792236
411.073547
410.186218
409.431061
408.581848
407.925903
407.423615
405.461517
406.354889
405.843262
403.227020
404.572235
404.057526
402.618988
403.046082
402.643768
402.203522
401.671936
401.204224
399.673004
400.000763
397.920685
398.926361
398.438904
397.704803
397.267822
396.715057
396.372620
395.886169
395.684540
395.302246
394.947723
394.509094
392.902924
393.195038
522.563477
517.985596
514.190002
544.857727
507.225861
503.851074
500.425140
497.159149
493.875824
490.479797
487.133606
484.042084
483.281036
478.391418
475.865387
473.348663
470.890259
473.414032
466.081635
463.884064
465.778717
459.898163
457.945740
458.614136
454.154999
452.470337
451.364746
449.125092
447.430511
445.806305
444.114807
442.554230
440.866730
439.566925
438.621338
436.877350
435.702454
434.526733
433.315338
432.277802
431.101105
429.937622
428.954285
428.058624
427.070404
426.096466
425.114441
424.181732
423.728363
422.565125
421.479614
420.498993
419.643524
418.776550
417.984314
417.380951
416.831055
416.143951
415.441101
414.694580
413.049530
413.407837
412.789673
412.244995
411.616760
410.687561
410.503448
409.864441
409.304443
408.589996
407.885468
407.269012
406.605469
406.078705
404.825836
405.132141
404.597015
404.206085
403.691315
401.500122
402.816132
402.432831
401.929321
401.639557
401.228088
400.742920
400.382721
399.857147
398.769348
398.885864
398.384216
397.913116
397.544678
396.997314
396.788452
396.441040
394.648468
395.601715
394.513153
391.348053
523.511536
519.026733
666.901367
511.591919
508.093872
509.235626
501.281067
497.839600
494.431030
491.027405
492.585968
484.600372
481.503632
488.594025
475.923706
473.334015
470.892670
468.442627
466.166626
463.956177
461.952728
459.971649
458.150360
456.221405
454.231445
452.974213
450.536163
450.199646
447.098999
445.317200
443.759521
442.443542
441.008362
439.876312
438.567780
437.198883
436.156616
434.749542
433.514496
432.606140
431.431000
430.294617
429.338470
428.335419
427.304901
426.340485
425.294434
424.178864
423.132599
422.132233
420.862396
420.441956
419.798889
418.991852
418.282166
417.534546
416.746857
415.988068
414.955780
414.510223
413.852417
411.753845
412.563080
411.877625
409.824707
410.458282
409.702515
408.789368
408.245819
407.585297
407.104462
406.578552
406.030853
405.516876
405.001190
402.876251
403.826080
403.372101
400.812439
402.461029
402.050751
400.459442
400.969635
400.489227
400.001465
399.355713
398.790039
397.281006
397.822723
395.601990
397.067810
396.719666
396.192902
395.841858
395.563690
395.225220
394.952728
394.550537
393.587463
393.338501
522.308899
613.168701
513.783264
510.419098
506.709045
503.060760
516.599854
496.299835
493.005096
490.029327
487.104889
484.149780
481.405121
478.631958
476.132446
475.229431
471.334808
468.996552
466.886353
464.712402
464.896332
460.696930
458.743561
459.331146
454.746643
452.790741
452.643494
449.274109
447.686859
446.768616
444.670959
443.331757
441.833527
440.529663
439.190735
437.858673
436.689636
435.711670
434.332428
433.350830
431.792572
430.926636
429.875305
428.669098
427.527130
426.378632
425.413391
424.354401
423.541779
422.757996
421.827332
420.253571
420.225677
419.314911
418.493530
417.842682
417.082977
416.356567
415.657043
414.937805
414.236359
413.525513
412.828064
411.226349
411.297119
410.513794
409.754547
409.039520
407.764160
407.785278
407.298370
406.803558
406.220673
405.627686
405.112762
404.635864
404.062500
402.784027
403.078644
402.626617
402.296661
401.817444
401.252930
400.799469
400.389679
399.597473
399.409332
398.775330
395.758606
397.641052
397.186310
395.893127
396.523712
396.081726
395.754791
395.371033
395.039307
394.614807
393.646790
392.315582
522.381470
517.640503
720.543518
510.334900
506.987518
560.267395
500.302704
497.033142
497.988556
490.627136
487.424408
484.276337
481.175171
478.301971
475.740021
473.185944
473.471039
468.483765
466.194794
463.973236
461.882507
459.881378
457.932159
455.980103
454.144379
452.372986
450.566498
449.039734
447.908142
445.881378
445.305481
442.994720
441.513519
440.165802
438.590485
436.989960
435.697754
434.452698
433.247894
432.232544
431.070038
430.041809
428.998474
427.987274
426.975189
426.044495
425.114532
424.250336
423.324493
422.524078
421.601746
420.806732
