-2.195084
-3.306267
-3.606621
-4.158943
-4.643339
-5.073571
-5.450731
-8.061954
-6.065664
-6.320079
-6.557348
-6.747213
-6.923009
-7.082150
-7.216754
-8.120237
-7.454606
-7.542948
-7.624346
-7.699691
-7.751603
-10.685895
-7.845667
-7.890245
-8.005321
-7.934938
-7.956825
-7.966394
-7.964377
-8.301799
-7.981300
-7.977912
-7.962389
-7.953859
-7.934564
-7.929835
-7.896819
-7.883929
-9.382572
-7.849743
-11.118754
-7.792046
-7.758657
-7.849735
-7.700806
-7.679762
-7.640113
-7.614251
-7.564479
-7.534046
-7.492819
-7.452551
-10.716714
-7.377226
-10.156519
-7.632812
-7.249391
-7.240597
-7.182576
-7.125253
-7.090666
-7.051032
-7.002576
-6.957071
-6.915658
-6.865045
353.183563
-6.778179
-8.962584
-9.397023
-6.642819
-6.604545
-6.744821
-6.500896
-6.456624
-6.412419
-6.349066
-6.315660
-6.252004
-6.216952
-6.167894
-6.124844
-7.920252
-6.018150
-5.969054
-5.926214
-7.760648
-5.843792
-5.782782
-5.744311
-5.691525
-5.644281
-5.614910
-5.542858
-5.499627
-5.443071
-6.690078
-3.950478
-3.838078
-1.025627
-2.088410
-2.889816
-3.547362
-5.702716
-4.608225
-5.036394
-5.409846
-5.740175
-6.041854
-6.297655
-7.743650
-6.729816
-6.909239
-7.062588
-7.202162
-7.325565
-7.434249
-10.655776
-7.594110
-7.664133
-7.830138
-7.769469
-7.813882
-7.861299
-8.415341
-7.909538
-7.928239
-7.935919
-7.936894
-7.945158
-7.956279
-7.955659
-7.947096
-7.936449
-10.015193
-11.568721
-7.885927
-7.884407
-8.072979
-7.838070
-7.786811
-7.769882
-7.733816
-7.705959
-7.680036
-7.648152
-7.623030
-7.589976
-7.540833
-10.587092
-7.475210
-8.450585
-7.456514
-7.359208
-7.324067
-7.279759
-7.234173
-7.193537
-7.162236
-7.113792
-7.072046
-7.029326
-6.972947
-9.455295
-6.898678
-10.077352
353.189240
-6.753113
-7.025719
-6.670165
-6.617794
-6.581022
-6.532020
-6.478002
-6.433934
-6.399155
-6.327961
-8.255667
-6.239067
-6.211010
-6.142650
-6.105050
-7.858008
-5.994689
-5.955093
-5.915197
-5.851514
-5.812271
-5.764573
-5.726239
-5.679723
-7.054667
-5.578307
-5.522477
-5.477320
-5.425743
-5.361715
-3.920118
-3.837709
39.929939
-2.077988
-2.866143
-12.442412
-4.078101
-4.584040
-9.535208
-5.398289
-5.728461
-6.154129
-6.285327
-6.522698
-6.718976
-6.899445
-8.071141
-7.190171
-7.317861
-12.017928
-7.504108
-7.585931
-12.441912
-7.706114
-7.757820
-9.599648
-7.847947
-7.865029
-7.899563
-7.918327
-7.934599
-9.994351
-7.949168
-10.821744
-7.948535
-7.942967
-8.041651
-7.911587
-7.905537
-7.874252
-7.860979
-7.842159
-7.823324
-7.795662
-7.785195
-9.156046
-7.702817
-7.680268
-7.648856
-7.617307
-8.799821
-7.544241
-7.507203
-7.468039
-7.436015
-7.390549
-7.343977
-7.308480
-7.274145
-8.126715
-7.183811
-7.139477
-7.096430
-7.057485
-10.474897
-6.970065
-6.915762
-10.437057
-6.837205
353.205353
349.108398
-6.701900
-6.652844
-8.592592
-6.567894
-6.532020
-6.475925
-6.423347
-6.384620
-6.317347
-6.283272
-7.654392
-6.191967
-6.141776
-10.080617
-6.029020
-5.987264
-9.767411
-5.901420
-5.849048
-6.736608
-5.746616
-5.718896
-5.668883
-5.613081
-5.551491
-6.726796
-5.467668
-7.316633
-5.349903
-3.919267
-3.858435
-1.044164
-2.075583
-2.848275
-3.512500
-4.076707
-4.569580
-4.999832
-5.384970
-6.872231
-6.014895
-6.275716
-6.515731
-6.707188
-7.660970
-7.042821
-7.185827
-7.312605
-7.419291
-7.499020
-7.579432
-7.650957
-7.697986
-8.207127
-7.794740
-7.842563
-7.864331
-7.893778
-10.897820
-7.925097
-7.926202
-12.208872
-7.933568
-7.941333
-12.133616
-7.922509
-7.902011
-9.140961
-7.866400
-7.854266
-7.834762
-7.815763
-7.773327
-7.767341
-7.720081
-9.994469
-7.670187
-7.638720
-11.858506
-7.577292
-7.537138
-10.902927
-7.460512
-7.430613
-7.806575
-7.352897
-7.305503
-7.266441
-7.231810
-7.183032
-7.775246
-7.099995
-8.183277
-7.002224
-6.953727
-6.916636
-6.883064
-6.824200
353.214874
-6.738154
-6.686873
-10.231904
-6.601866
-6.550928
-6.808575
-6.456419
-9.267124
-6.378145
-6.314642
-6.465638
-6.221268
-6.182856
-6.134290
-6.086936
-6.028932
-9.123653
-5.944465
-5.897500
-5.945695
-5.805584
-5.751363
-5.704902
-5.662080
-7.390453
-5.571025
-5.508966
-9.549273
-5.411468
-5.346737
-7.307372
-3.808479
-1.017430
-2.513248
-2.864230
-3.511421
-4.073006
-4.568036
-5.001840
-5.374718
-5.715853
-10.800085
-6.279090
-6.505637
-12.455032
-6.881375
-2.113310
-3.252079
-3.562894
-4.132946
-4.620107
-5.051189
-5.430658
-8.043021
-6.057637
-6.315210
-6.536417
-6.730810
-6.915161
-7.069911
-7.201128
-8.034975
-7.429327
-7.517540
-7.599072
-7.664873
-7.719949
-10.847840
-7.823598
-7.843427
-8.000041
-7.903668
-11.782771
-7.937800
-7.939261
-8.213465
-7.952553
-7.938010
-7.935779
-7.922122
-7.901689
-7.897220
-7.874925
-7.860860
-9.375485
-7.810192
-10.903455
-7.766201
-7.732931
-7.761323
-7.660335
-7.645815
-7.603848
-7.581238
-7.526649
-7.498759
-7.457865
-7.418701
-10.738235
-7.335451
-9.751022
-7.606196
-7.222484
-7.182793
-7.141641
-7.085931
-7.049955
-7.004224
-6.959888
-6.924759
-6.875635
-6.838123
353.221771
-6.748420
-8.474842
-9.346385
-6.608812
-6.561594
-6.666526
-6.459880
-6.410670
-6.363866
-6.301993
-6.260539
-6.216091
-6.172420
-6.114677
-6.074477
-7.343212
-5.969733
-5.925290
-5.888239
-7.506341
-5.781489
-5.743971
-5.698108
-5.637815
-5.601438
-5.569593
-5.496235
-5.454207
-5.405300
-6.139346
-3.901719
-3.816460
-1.086745
-9.833554
-2.911635
-3.569533
-5.400752
-4.622545
-5.055676
-5.417701
-5.764401
-6.060390
-6.313796
-7.113226
-6.744074
-6.914468
-7.072475
-7.203942
-7.334071
-7.427340
-10.318048
-7.593746
-7.662885
-7.771613
-11.551796
-7.820727
-7.852924
-8.040030
-7.907431
-7.921500
-7.942750
-7.936932
-7.948748
-7.958371
-7.942004
-7.952684
-7.937842
-9.678119
-10.769143
-7.886998
-7.858616
-7.843283
-7.818860
-7.786962
-7.778557
-7.736667
-7.697489
-7.655485
-7.643028
-7.595890
-7.583902
-11.247846
-9.589426
-7.468814
-8.074529
-7.375200
-7.344932
-7.300747
-7.253348
-7.217661
-7.163381
-7.129319
-7.080672
-7.038153
-6.995891
-6.949082
-8.345644
-6.872602
-9.582096
353.217163
-6.741412
-6.819013
-6.666233
-6.603279
-6.560570
-6.523037
-6.460207
-6.413839
-6.372964
-6.310667
-7.178298
-6.215981
-6.186463
-6.117532
-6.072222
-7.276276
-5.981911
-5.926629
-5.894264
-5.844063
-5.783469
-5.738767
-5.700752
-5.632959
-6.046158
-5.538222
-5.485608
-5.430178
-5.392725
-6.095028
-3.896357
-3.814158
78.407585
-2.115987
-2.899873
-12.295291
-4.121922
-4.597301
-7.780123
-5.409758
-5.743569
-6.041238
-6.289064
-6.519314
-6.724239
-6.893004
-9.260405
-7.184548
-7.311194
-12.470124
-7.502299
-7.589516
-11.898019
-7.713705
-7.765119
-8.542841
-7.847673
-7.867402
-7.895460
-7.904915
-7.921240
-8.609384
-7.936243
-9.410373
-7.932937
-7.937409
-7.926713
-7.904930
-7.890202
-7.874672
-7.855997
-7.833911
-11.551086
-7.793839
-7.748511
-8.026684
-7.699593
-10.827254
-7.628712
-7.585222
-7.834782
-7.507107
-7.482244
-7.449430
-7.408394
-7.371307
-10.526215
-7.291540
-7.256286
-7.310647
-7.168340
-7.132570
-7.089374
-7.044956
-8.907524
-6.957743
-6.926466
-11.009348
-6.826826
353.231537
349.689606
-6.678120
-6.646603
-7.198284
-6.556390
-6.502656
-6.461287
-6.416025
-6.369180
-6.316473
-6.260990
-9.197359
-6.193703
-6.121234
-10.219036
-6.043393
-5.987245
-8.591694
-5.900493
-5.838203
-5.883450
-5.733364
-5.693949
-5.628738
-5.587675
-8.995834
-5.683834
-5.452629
-5.915256
-5.334251
-3.900018
-3.826207
-1.062252
-2.097395
-2.876091
-3.527964
-4.091773
-10.065762
-5.017236
-5.398529
-5.820040
-6.019901
-9.401268
-6.506787
-6.709589
-6.929737
-7.051490
-7.181184
-7.313745
-7.415357
-7.506534
-10.464314
-7.654653
-7.704608
-7.770082
-7.815539
-7.839740
-7.862809
-7.893232
-9.159953
-7.925855
-7.926582
-12.433316
-7.946260
-7.934251
-10.986600
-7.922529
-7.900651
-8.046087
-7.872084
-7.854525
-7.837306
-7.810944
-8.513461
-7.748900
-7.715863
-11.407218
-7.645670
-7.622749
-11.789347
-7.564251
-7.510372
-9.324469
-7.444663
-7.411516
-7.371334
-7.333675
-7.289874
-7.248964
-7.217278
-10.008825
-7.169795
-7.083718
-7.178349
-6.986602
-6.948495
-6.908312
-6.866018
-6.818780
353.221283
-6.736454
-6.671153
-9.037086
-6.605301
-6.561608
-6.511030
-6.463377
-7.746068
-6.364877
-6.303892
-6.273502
-6.207881
-6.175220
-6.128966
-6.070747
-6.037854
-7.806159
-5.947447
-5.904086
-5.843701
-5.795169
-9.146832
-5.701449
-5.641996
-6.066198
-5.558705
-5.495361
-9.530300
-5.410423
-5.336088
-5.855269
-3.815596
-1.017596
-2.078353
-2.861378
-3.511080
-4.077143
-4.571708
-7.452417
-5.375710
-5.713633
-12.246835
-6.269311
-6.505620
-11.981422
-6.885894
-7.039383
-8.322208
-7.295129
-7.402263
-7.485572
-7.570974
-7.636888
-7.697268
-7.748951
-9.861483
-7.832824
-7.861350
-7.902425
-7.906462
-7.928654
-7.931765
-7.941371
-7.954595
-7.945185
-7.947982
-7.932077
-9.458077
-7.902014
-11.561800
-7.857937
-7.837115
-8.384426
-7.798382
-7.776398
-7.737337
-7.705125
-7.669063
-7.656300
-7.606266
-7.587193
-8.577746
-7.508055
-7.471704
-7.429111
-7.383315
-9.964090
-7.310842
-7.265028
-7.307588
-7.179665
-7.143116
-10.992267
-7.056485
-7.017898
-7.950579
-6.943037
-6.874487
-6.831703
353.213837
-6.744541
-6.685318
-6.647259
-9.181647
-6.548070
-6.505894
-10.605655
-6.412228
-6.367145
-9.246965
-6.264719
-6.203482
-6.374608
-6.105334
-6.049437
-6.014248
-5.949932
-6.562697
-5.869490
-5.807392
-9.367679
-5.711009
-5.672202
-5.618035
-5.563168
-5.529930
-5.475595
-5.432910
-5.384632
-5.312541
-3.885016
-3.799033
57.890068
-2.081877
-8.053169
-3.508840
-4.066283
-4.607368
-4.986582
-5.371686
-5.702547
-6.004512
-6.257550
-6.486180
-6.685676
-6.872319
-7.539412
-7.167231
-7.289084
-7.393790
-7.486757
-8.801145
-7.637194
-7.691154
-7.751038
-7.797446
-7.828755
-11.558373
-7.888138
-7.900837
-8.089323
-7.915547
-7.924819
-7.936630
-7.920063
-8.687722
-7.912413
-7.891751
-11.774558
-7.866678
-7.843781
-12.059627
-7.804133
-7.762939
-9.399361
-7.720248
-7.684771
-7.642890
-7.625686
-7.582148
-7.560727
-7.504888
-9.349515
-7.439205
-7.403606
-11.537497
-7.323211
-7.281636
-10.887515
-7.206022
-7.161879
-7.123021
-7.077503
-7.038904
-10.575511
-6.944943
-6.919677
-7.116467
-6.822974
351.855591
-6.745770
-6.674773
-6.646671
-6.591039
-6.544997
-6.496045
-6.451984
-6.407051
-9.418600
-6.300381
-6.261208
-6.286059
-6.169073
-9.205803
-6.067960
-6.030545
-6.246587
-5.931909
-5.892638
-5.834262
-5.788155
-5.738650
-8.225927
-5.626409
-5.585899
-5.559511
-5.493879
-5.438094
-5.393224
-5.324327
-5.716626
-3.812304
-1.014058
-11.397259
-2.852376
-3.514591
-11.266422
-4.564079
-4.997422
-6.344441
-5.706925
-6.008296
-6.255029
-6.480860
-6.687309
-6.869454
-7.026252
-10.897203
-7.292461
-7.400313
-12.511301
-7.569422
-7.635003
-10.704163
-7.754562
-7.800133
-7.828580
-7.855695
-7.886031
-10.972173
-7.916356
-11.674627
-7.961515
-7.930653
-8.439018
-7.930268
-7.912574
-7.890222
-7.887104
-7.871670
-7.843925
-7.829247
-7.806340
-10.009430
-7.749249
-7.723472
-7.679867
-7.650444
-9.569893
-7.586868
-7.563882
-7.530426
-7.482797
-7.445591
-7.406809
-7.367414
-7.332022
-8.826119
-7.245631
-7.212333
-7.160869
-7.125125
-7.083472
-7.041404
-6.992025
-10.118795
-6.917915
-6.875635
-10.990099
353.232056
-6.744226
-9.077675
-6.642245
-6.603252
-6.589940
-6.493832
-6.450904
-6.409167
-6.355984
-7.415505
-6.270333
-6.203304
-10.147686
-6.113967
-6.066690
-9.938138
-5.985264
-5.929607
-6.997346
-5.843804
-5.784753
-5.735303
-5.684257
-5.628376
-7.220131
-5.554949
-7.469778
-5.446038
-5.394959
-5.334238
-3.894352
-3.799856
-1.058987
-2.087451
-2.852950
-3.511667
-4.069206
-4.563450
-7.152886
-5.364044
-5.710183
-6.008433
-6.265384
-7.438896
-6.692656
-6.869095
-7.029087
-7.165137
-7.294302
-7.391294
-7.485476
-7.566875
-8.479673
Starting Recording0
-2.130851
-3.262051
-3.554559
-4.118567
-4.622815
-5.054829
-5.418565
-8.074608
-6.063843
-6.323696
-6.545562
-6.748447
-6.917421
-7.081333
-7.210213
-8.105659
-7.437868
-7.518931
-7.602730
-7.668653
-7.718057
-10.262369
-7.821825
-7.853728
-7.915221
-7.906693
-7.918587
-7.934701
-7.941331
-8.244808
-7.947483
-7.938544
-7.935823
-7.924936
-7.905701
-7.888924
-7.874510
-7.852444
-9.033234
-7.797386
-11.393085
-7.764973
-7.718921
-7.770270
-7.663719
-7.631662
-7.595732
-7.561005
-7.511066
-7.489221
-7.445754
-7.405035
-10.317956
-7.329426
-9.833224
-7.410762
-7.209681
-7.173104
-7.126667
-7.075562
-7.041436
-6.982195
-6.950102
-6.899827
-6.848403
-6.810919
353.232513
-6.732215
-8.425118
-8.770798
-6.574972
-6.551862
-6.527853
-6.446442
-6.396898
-6.354882
-6.287887
-6.245700
-6.195446
-6.160983
-6.114526
-6.061617
-7.241442
-5.959447
-5.911998
-5.871313
-7.053062
-5.762333
-5.731732
-5.676441
-5.634774
-5.583527
-5.544246
-5.486187
-5.433154
-5.371739
-5.968422
-3.866155
-3.793929
-1.122792
-8.301093
-2.906785
-3.576293
-4.744281
-4.627152
-5.058702
-5.422390
-11.482655
-6.061343
-6.327322
-6.880993
-6.749568
-6.913470
-7.067379
-7.197007
-7.326590
-7.426858
-9.399935
-7.592809
-7.667108
-7.719872
-11.124358
-7.826005
-7.850362
-7.932743
-7.905503
-7.916669
-7.931274
-7.937577
-7.941041
-7.942034
-7.931017
-7.930994
-7.914888
-8.759185
-10.208071
-7.868496
-7.857769
-7.827992
-7.797297
-7.788125
-7.736026
-7.715752
-7.687160
-7.658330
-7.624197
-7.584107
-7.555856
-10.370054
-8.940329
-7.447639
-7.526625
-7.366168
-7.331926
-7.283474
-7.244557
-7.210760
-7.163296
-7.133457
-7.074702
-7.038649
-6.978876
-6.943272
-7.688181
-6.848431
-8.347247
353.235138
-6.731887
-6.666003
-6.642347
-6.580900
-6.539513
-6.489193
-6.439298
-6.402663
-6.353734
-6.294335
-6.618233
-6.197823
-9.424229
-6.111139
-6.064855
-6.337801
-5.962917
-5.923528
-5.859298
-5.819318
-5.750510
-8.905919
-5.669166
-5.628442
-5.702154
-5.544034
-5.477930
-5.441910
-5.379833
-7.109111
-3.882103
-3.797426
103.935326
-2.117846
-2.902223
-11.280759
-4.129632
-4.616606
-6.209336
-5.408047
-5.750731
-6.038599
-6.312473
-6.526553
-6.737321
-6.902063
-10.672288
-7.201198
-7.324059
-12.540491
-7.513655
-7.599247
-10.937957
-7.717369
-7.780609
-7.977760
-7.857633
-7.884912
-11.681527
-7.918581
-11.859227
-8.126987
-7.936707
-8.538479
-7.934459
-7.933535
-7.917801
-7.904393
-7.893859
-7.880483
-7.864367
-7.834269
-10.852448
-7.801007
-7.754058
-7.780618
-7.694756
-9.952714
-7.644352
-7.599154
-7.599091
-7.515451
-7.484221
-7.437503
-7.393853
-7.364050
-9.699584
-7.283297
-7.235609
-7.210295
-7.163624
-7.133047
-7.078637
-7.039619
-9.761223
-6.960306
-6.912928
-11.039585
-6.820358
353.216034
350.375671
-6.678652
-6.653016
-6.751464
-6.548283
-6.487637
-6.453737
-6.396994
-7.054512
-6.293419
-6.251643
-9.875484
-6.168455
-6.122149
-10.151466
-6.031071
-5.965916
-7.604424
-5.878498
-5.835123
-5.772188
-5.731555
-5.679678
-5.634713
-5.572660
-8.115560
-5.490785
-5.428298
-5.469199
-5.304554
-3.859092
-3.771858
-1.098271
-2.143091
-2.903480
-3.547019
-4.112939
-8.234947
-5.044727
-5.418081
-5.762008
-6.053310
-7.868951
-6.526916
-6.737970
-6.902630
-7.064913
-7.188582
-7.323215
-7.427346
-7.513679
-9.294503
-7.663176
-7.716718
-7.778178
-7.819562
-11.471033
-7.881530
-7.903162
-8.266757
-7.932367
-7.942295
-12.360192
-7.951055
-7.940825
-9.704070
-7.926049
-7.905889
-7.883788
-7.871682
-7.852076
-7.837930
-7.799148
-9.563476
-7.735603
-7.730007
-11.928156
-7.667012
-7.636416
-11.357390
-7.564454
-7.527015
-8.158566
-7.460890
-7.408163
-7.374063
-7.341980
-7.290618
-7.239174
-7.200119
-8.575397
-7.113840
-7.061547
-7.022626
-6.975966
-6.936333
-6.890319
-6.842707
-6.798584
353.243469
-6.724879
-6.660402
-7.747800
-6.567650
-9.692383
-6.480752
-6.431811
-6.666936
-6.349567
-6.281111
-6.237327
-6.183179
-6.154207
-6.116712
-6.065907
-6.001339
-6.549965
-5.903604
-5.860726
-5.827015
-5.759511
-7.849521
-5.670239
-5.625601
-5.603697
-5.532074
-5.472035
-9.055189
-5.375872
-5.309602
-4.602914
-3.790213
-1.074871
-2.128242
-2.882592
-3.533877
-4.099538
-4.603144
-10.083912
-5.412848
-5.747753
-12.458948
-6.309236
-6.529354
-10.614116
-6.904215
-7.053455
-7.375043
-7.326296
-7.429481
-7.512381
-7.602612
-8.412715
-7.722182
-7.775799
-8.527394
-7.857358
-7.880145
-7.910560
-7.920826
-7.937445
-7.947173
-7.948264
-7.954325
-11.954098
-7.933843
-7.921900
-8.348680
-7.883576
-10.248278
-7.853984
-7.835724
-7.841475
-7.789676
-7.762418
-7.732083
-7.692672
-7.675256
-11.059584
-7.603054
-7.566244
-7.698452
-7.487431
-7.450187
-7.408559
-7.377491
-8.522865
-7.303049
-7.262219
-7.221060
-7.176328
-7.139850
-9.956536
-7.055042
-7.002358
-7.125829
-6.916930
-6.865438
-6.827831
353.215363
352.566345
-6.680046
-6.644547
-10.264735
-6.554867
-6.491283
-10.542289
-6.403578
-6.366343
-7.989738
-6.258158
-6.203602
-6.175845
-6.135632
-6.081971
-6.024541
-5.979179
-7.701570
-5.889932
-5.844064
-9.858397
-5.745345
-5.688776
-5.647854
-5.595829
-5.557141
-5.504335
-5.463213
-5.405460
-8.336844
-3.904073
-3.816592
9.974955
-2.124786
-4.953752
-3.552469
-4.115876
-4.610220
-5.045328
-5.417609
-5.761127
-6.054595
-6.321270
-9.967193
-6.747901
-6.913825
-7.081018
-7.212850
-11.256038
-7.448229
-7.530461
-7.946707
-7.670719
-7.715473
-7.777506
-7.821401
-7.857797
-9.881734
-7.909466
-7.927857
-7.945711
-7.953689
-7.954990
-7.961487
-7.955523
-9.872016
-7.936813
-7.926455
-12.228857
-7.886156
-7.866054
-11.634122
-7.808300
-7.806676
-8.431210
-7.741078
-7.706087
-7.690398
-7.655028
-7.626127
-7.588299
-7.550559
-8.984841
-7.494584
-7.437184
-7.399417
-7.372798
-7.329851
-7.288406
-7.250156
-7.203416
-7.172867
-7.112337
-7.077704
-9.089897
-6.982873
-10.486442
-6.885026
-6.847324
352.731445
-6.762418
-6.701998
-6.681266
-6.616363
-6.582133
-6.523290
-6.477410
-6.424191
-7.855939
-6.316492
-6.276532
-6.221087
-6.188112
-8.202502
-6.091274
-6.040414
-6.009492
-5.934709
-5.894242
-5.860292
-5.794291
-5.771688
-6.646122
-5.661214
-5.619625
-5.565535
-5.521766
-5.480207
-5.420371
-5.344802
-6.702306
-3.839384
-1.066415
-11.433336
-2.892770
