527.716858
530.336487
518.859009
514.465393
510.247070
506.149384
502.385895
508.105103
494.513672
490.854248
487.226898
483.869904
480.496185
477.178772
474.181091
472.268616
468.437408
465.770721
463.307037
460.797913
458.428955
458.137268
454.023010
451.927490
450.015747
447.889130
446.137817
444.256866
442.478180
440.945496
439.224670
437.419312
435.840912
434.171631
432.505737
430.983673
429.607361
428.133698
427.124969
425.767975
424.219604
423.111511
422.045563
420.919495
419.850525
418.820770
417.754425
416.764282
415.821625
414.883850
413.913849
412.971954
411.408112
411.026886
409.372925
409.033905
408.002472
407.248657
406.360504
405.697052
404.981049
404.161285
403.366516
402.665497
401.971527
401.324280
400.631927
400.060974
398.640289
397.807983
398.167358
397.500244
396.944672
396.402802
395.731812
395.047913
394.285034
393.704926
393.195099
392.744598
392.179352
391.714020
390.518280
390.701874
390.175537
389.767639
388.372803
388.796539
388.287292
387.809387
387.323669
386.970123
386.543884
386.107574
385.571899
385.240173
383.904602
383.350403
382.836975
530.938171
526.395325
522.301819
518.034973
530.746094
509.652893
505.523529
501.639343
497.775726
494.119720
490.531311
490.268341
483.763428
480.464600
477.443298
474.482910
471.542786
468.769775
469.142212
463.194305
460.619202
458.314789
455.996185
453.766602
451.766357
450.108765
447.672058
445.879517
444.010498
442.361328
440.670593
439.113464
437.372070
435.895874
434.393036
433.297516
431.681519
430.119110
428.594055
427.177551
425.780762
424.402405
423.216492
422.061920
420.956665
419.879089
418.853485
417.705811
416.756165
415.780212
414.407684
413.951508
412.979584
412.234375
411.335938
410.520782
409.629578
408.669159
407.825439
406.836151
405.954315
405.158966
404.310486
403.576447
402.198517
402.140411
400.355682
400.714355
400.158752
399.318878
398.736328
398.168396
397.563660
397.025818
396.505249
395.770691
395.187286
394.528534
393.133026
393.152161
392.558899
391.923126
391.338379
390.162872
390.492859
389.962097
389.458984
388.932770
388.489197
387.938477
387.449554
387.117950
386.046661
386.336792
385.819458
385.393494
385.061432
384.525085
383.370087
382.764862
107.757080
526.010376
522.021729
641.476807
513.736877
509.707733
533.482422
501.700256
497.822021
494.671082
490.582123
487.080841
483.826111
480.593964
481.356781
474.515442
471.600098
473.585754
465.923737
463.179047
464.009125
458.207977
455.969025
454.960938
451.750916
449.740662
447.640717
445.864380
444.001160
442.999084
440.568298
439.693878
437.310150
435.775543
434.324402
432.639130
431.073334
429.575806
428.119049
426.864258
425.671356
424.360138
423.113342
422.115601
420.903839
419.822571
418.755371
417.703430
416.730194
415.764069
414.844208
413.886902
412.942566
412.051422
411.003754
409.966675
409.073730
408.121735
407.391235
406.581299
405.855072
405.134277
403.205750
403.601349
402.973145
400.775177
401.563843
400.861389
398.623993
399.522278
398.944916
397.688721
397.663391
397.025818
396.366394
395.542786
394.805878
394.139069
393.590393
392.515320
392.570160
391.998810
389.284363
390.912994
390.488831
387.896790
389.452850
389.003571
388.165558
388.072052
387.675629
387.247620
386.841431
386.427277
385.405731
385.519257
384.103455
384.470856
383.336029
382.782532
530.449646
526.005493
522.088501
517.863708
513.747314
509.526154
505.585968
501.721832
502.878387
494.138092
490.538269
486.975861
483.641663
482.075317
477.392212
474.520020
471.546631
468.733521
465.786682
463.171509
460.620178
458.234558
456.323120
453.769836
451.722717
449.714508
447.662170
446.931641
443.953461
442.151245
441.148254
438.915039
437.162506
436.013092
434.173767
432.677795
431.508667
429.833710
428.266235
426.881836
425.559875
424.269928
423.024384
421.885406
420.685699
419.709869
418.574371
416.654694
416.481537
415.487000
413.880951
413.558502
412.629364
411.792053
410.900757
410.029388
409.157990
408.235535
407.307251
406.234955
405.542358
404.551605
404.002899
403.305634
402.648163
401.868744
401.223663
400.514069
400.001221
399.316345
397.278931
398.105957
397.518158
396.902313
396.386444
394.615723
395.065216
394.375336
393.634888
393.056671
392.505402
391.904419
391.368256
390.957520
388.919373
389.928497
389.408844
388.936127
388.459656
387.930176
387.500671
387.000397
385.804993
386.165375
385.726593
382.736053
384.940491
384.333832
381.112305
382.546082
530.198608
553.676636
521.572388
517.489380
513.369507
509.333099
505.197205
501.377441
497.460480
510.229218
490.374390
486.835693
495.401489
480.387543
527.050049
529.849976
518.717407
514.419922
510.248169
506.065582
502.128052
507.921875
494.072571
490.230560
486.681091
483.251923
480.172638
477.113129
474.237518
472.346283
468.527893
465.970337
463.443878
461.071594
458.799866
458.628174
454.426666
452.416351
450.440552
448.373993
447.806580
444.583954
442.653015
440.861664
439.016602
437.272583
435.752045
434.309021
432.913544
431.479401
430.047394
428.691681
427.590881
426.137390
424.839142
423.719055
422.575287
421.482086
420.363525
419.274963
418.180511
417.114258
416.101074
414.998138
413.854370
412.770172
411.068359
410.882507
409.523285
409.178528
408.293304
407.475647
406.651947
405.834290
405.144806
404.397278
403.698425
402.951599
402.289520
401.570496
400.871460
400.227814
399.032806
397.955017
398.297546
397.607086
396.780029
396.231079
395.541840
394.964020
394.470184
393.971161
393.567474
392.993622
392.355682
391.855682
390.887909
390.871521
390.372955
389.873444
388.625336
388.881165
388.384949
388.039032
387.552734
387.034515
386.438477
385.965851
385.407257
384.857361
384.120972
383.409393
383.119659
532.067993
878.554932
522.773682
518.537964
527.684387
510.124207
506.000122
502.064789
498.275513
494.511444
490.762695
488.839294
483.992462
480.704407
477.485168
474.264923
471.253571
468.372955
468.665344
463.132019
460.760223
458.466095
458.402313
453.882660
451.794983
449.912415
447.816895
446.020966
444.142059
442.331146
440.662476
439.065491
437.343994
435.860321
434.347534
433.083771
431.402893
429.664703
428.148346
426.819336
425.550385
424.441986
423.167450
421.927948
420.802063
419.684692
418.609253
417.558838
416.521179
414.936462
414.381104
413.763275
412.815369
411.939484
411.043396
410.111115
409.115326
408.196228
407.357605
406.537445
405.670105
404.934631
404.103333
403.321655
402.265900
401.902863
400.411652
400.564697
399.913971
399.214966
398.600525
397.955780
397.241272
396.521606
395.812164
395.040222
394.355804
393.730957
392.949677
392.743195
392.244904
391.694519
391.082001
390.147217
390.124481
389.774445
389.433868
389.002625
388.562347
388.130463
387.879639
387.334106
386.628967
386.249908
385.885101
385.409271
384.946533
384.363586
383.566681
383.169128
85.868256
526.855347
522.588806
639.317200
514.229004
510.034302
523.312561
501.940308
497.850861
493.860474
490.183624
486.621918
483.287537
480.119720
481.883301
474.130280
471.216675
473.665283
465.938416
463.343994
464.129883
458.624817
456.380310
454.717896
452.041901
449.750793
447.608704
445.771149
443.808289
442.419006
440.497803
439.385559
437.166473
435.630127
434.171143
432.750702
431.385834
430.013611
428.701385
427.504486
425.992371
425.025391
423.813629
422.786621
421.523163
419.883698
418.982269
417.828278
416.859375
415.913849
414.928070
414.065399
413.093567
412.198914
410.634735
410.425507
409.560089
408.679504
407.991943
407.157837
406.358948
405.616577
404.277557
404.020081
403.214661
400.679871
401.435455
400.627289
398.615540
399.311493
398.741974
398.027039
397.430023
396.802032
396.260376
395.719727
395.126831
394.562073
394.008575
391.935089
393.006073
392.386078
389.694031
391.465942
390.862030
389.086639
389.660645
389.011627
388.505035
387.979614
387.695831
387.263397
386.867035
384.335175
385.895325
385.537354
384.881165
384.739838
383.740356
383.376251
531.862671
527.277405
522.942993
518.668762
514.417236
552.571594
505.957031
501.720673
498.155853
493.998413
499.765747
486.888000
483.597412
480.450378
477.208160
474.269135
471.461792
468.667145
466.102600
466.236877
461.142090
458.815491
456.519775
454.223236
451.955139
449.839447
447.757935
446.554077
443.973297
442.300598
441.313507
438.976685
437.275970
436.305939
434.394318
432.984772
431.674103
430.299072
428.989594
427.724365
426.353149
425.893707
423.621338
422.678375
421.086853
420.563477
419.594055
417.776459
417.530884
416.580414
415.504333
414.745636
413.741150
412.772583
411.835938
410.958557
410.062622
409.144806
407.512207
407.284149
406.334229
405.550476
404.805084
404.134521
403.343842
402.643646
401.925201
401.243134
400.592529
400.009979
398.549896
398.686981
398.083923
397.464539
396.885345
395.877930
395.598083
394.807648
394.135162
393.400085
392.753204
391.927185
391.264740
390.793762
389.465546
389.672791
389.044098
388.580750
388.135590
385.896545
387.446289
387.024170
386.402527
386.128632
385.920288
382.908600
384.995270
384.426971
382.263733
382.883545
530.569153
526.679382
521.875977
517.741699
513.573792
509.485901
522.319519
501.474945
497.766235
514.770325
490.467682
487.073944
494.766541
480.609711
477.440735
476.276550
471.364532
468.410980
465.699036
463.022766
460.461121
457.817657
455.363098
454.497498
451.150482
449.038269
446.943359
444.984894
443.081604
441.278931
439.435822
437.617004
435.922760
434.411865
432.862946
431.286194
429.461060
428.257141
426.770020
425.352692
424.048187
422.854523
421.704742
420.401978
419.204041
418.191193
417.063660
415.916382
414.956055
413.908997
412.807861
411.669373
410.712738
410.000580
408.732452
408.372589
407.483002
406.528412
405.837952
405.154327
403.062408
403.578766
402.709167
401.891479
401.237091
400.606689
400.033325
399.510132
399.036346
398.481598
397.911530
396.164825
396.710693
396.065338
393.574768
395.059021
394.541687
392.778748
393.557831
393.076111
392.491913
392.013855
391.574799
391.236298
390.896271
390.488159
390.011322
389.572815
386.882996
388.483704
388.032288
387.421143
386.950745
386.359802
385.879425
385.332123
384.771240
384.481445
383.437836
383.029938
506.982483
526.096130
637.262939
517.827209
513.736328
510.086639
505.596405
501.559692
497.531219
493.712708
489.987061
486.593231
483.340149
480.171356
478.098145
474.113159
471.247864
468.526306
465.987762
464.713013
461.045685
458.703705
456.475708
454.302155
452.331940
451.772461
448.257172
446.404846
444.283752
442.261169
440.470490
438.826477
437.134735
436.955139
434.379883
432.902802
431.516998
430.151184
428.849274
427.368439
426.351898
425.153137
424.045410
422.959442
421.889130
420.803101
419.660736
418.491272
417.216766
416.155609
414.932800
414.173065
413.263123
411.285004
411.472046
410.565094
408.810944
408.880737
408.167053
407.379486
406.574860
405.843475
403.859802
404.400513
403.619751
402.867737
402.181580
400.905975
400.440186
399.662811
398.982269
398.343475
397.777252
397.221283
396.696320
395.993744
394.184357
394.924011
394.413513
393.852234
393.431122
391.399628
392.309753
391.891266
391.227631
390.898987
390.376801
389.803528
389.147186
388.468170
386.783020
387.528046
387.109558
386.739075
386.392944
386.014008
385.527893
385.178711
383.019958
383.905273
531.866638
947.165405
523.368530
519.330994
586.836243
511.109833
507.057343
508.193817
499.031433
495.030762
491.231781
487.723846
484.447662
481.207733
478.235962
480.704987
472.301270
469.535461
471.505219
464.434448
462.057861
461.893890
457.379120
455.239807
453.183441
451.117126
449.096802
448.255768
444.974548
443.967560
441.284821
439.661591
438.207031
436.541931
435.103363
433.586731
432.142792
430.800293
429.420746
428.190430
426.883362
425.798004
424.601105
423.407928
422.264832
421.171509
419.983124
418.894501
417.645477
416.481293
415.397583
414.483032
413.505981
412.658081
411.715729
410.682648
409.962006
409.150421
408.391510
407.557251
406.778595
406.031616
405.204987
403.369110
403.744507
403.086700
400.774780
401.684052
400.917145
399.301727
399.200806
398.564697
397.853424
397.251953
396.832031
396.154999
395.543427
394.710510
394.411407
393.862335
391.414093
392.784851
392.239380
389.679688
391.244751
390.740662
389.868774
389.753296
389.149414
388.492096
387.974823
387.460297
386.213165
386.459595
385.301514
385.748199
385.227722
384.870026
383.791931
383.496094
531.896667
527.068787
522.900208
518.828552
514.715820
510.679871
520.258850
502.721039
498.945679
495.043823
491.260345
490.312531
484.286255
481.084778
478.093384
475.249542
472.347015
469.601715
466.987823
464.427704
462.973785
459.800385
530.252319
532.837769
521.434509
517.213623
512.963379
508.928040
504.925537
511.033905
497.321655
493.642822
490.133179
486.787720
483.541046
480.426666
477.413025
475.331116
471.287537
468.452576
465.839142
463.451630
460.961700
460.588562
456.561829
454.460419
452.476166
450.392700
448.626617
446.853516
445.097015
443.477112
441.793030
440.209686
438.663483
437.154144
435.571594
434.099060
432.506134
431.130920
429.939362
428.500885
427.049835
426.042358
424.911407
423.707550
422.636444
421.509979
420.436066
419.387115
418.408112
417.406464
416.496552
415.611328
414.125183
413.648407
412.197876
411.656738
410.664124
409.852020
408.920746
408.131226
407.426971
406.638367
405.856750
405.149139
404.460449
403.724762
403.045319
402.431732
401.371613
400.438599
400.555542
399.865326
399.215790
398.635498
397.802155
397.165680
396.526062
395.947266
395.441467
394.905609
394.348022
393.748108
392.855957
392.765411
392.373505
391.896179
390.883881
390.923370
390.504242
390.005432
389.610870
389.248810
388.716187
388.254456
387.697449
387.134613
386.561951
385.726074
385.454926
535.172668
807.176636
526.044434
521.715088
523.865784
513.241699
509.145477
505.092865
524.338257
497.445496
493.779144
491.144653
486.632660
483.244049
479.981506
476.971069
474.009888
471.364227
470.846283
466.052338
463.712830
461.269806
461.164642
456.775208
454.704315
452.751373
450.659180
448.813416
446.917358
444.873993
443.046448
441.354248
439.621918
438.098694
436.650635
435.356293
434.026367
432.241119
430.980194
429.772644
428.531006
427.385162
426.193604
424.902344
423.582031
422.435181
421.201233
420.064240
419.076233
417.691925
417.019104
416.086609
415.159485
414.272430
413.355988
412.454285
411.650146
410.845001
410.080048
409.204987
408.309662
407.389221
406.456787
405.679932
404.781830
404.191742
403.186340
402.838806
402.180359
401.521881
400.851349
400.211914
399.572601
398.987793
398.460327
397.802856
397.267029
396.654297
396.069366
395.673035
393.663513
394.538300
394.004517
393.317810
392.777466
392.168549
391.590820
391.076874
390.628174
388.499359
389.771454
389.320496
388.916260
388.491302
388.127563
387.726257
387.360046
385.882050
385.939941
385.714447
105.058983
530.800293
526.337524
628.754517
517.772339
513.362610
516.466919
504.781219
500.765869
496.972931
493.376068
489.861816
486.514343
483.194611
486.151428
477.082642
474.197479
476.709381
468.806183
466.206390
466.514832
461.365692
459.149231
457.046967
454.761108
452.735199
451.940308
448.479858
447.550385
444.626495
442.884979
441.480530
439.644440
438.171509
436.597504
435.043823
433.680664
432.294189
430.953735
429.687469
428.410248
427.103607
425.995209
424.705841
423.537140
422.373444
421.240295
420.231598
419.037659
418.000244
417.112213
416.258667
415.436829
414.590942
413.333221
412.946899
412.052856
411.213287
410.504669
409.655212
408.969574
408.210876
406.525116
406.732361
406.053772
403.665894
404.593994
403.821655
402.117889
402.278809
401.453644
400.788513
400.119171
399.465240
398.974304
398.406891
397.814270
397.156281
396.595459
394.295441
395.594696
395.035065
392.303223
394.007080
393.505981
392.366486
392.621368
392.134735
391.646484
391.074799
390.443085
389.884033
389.433838
387.506653
388.548767
388.138214
387.648926
387.331543
386.213684
385.944824
535.720581
530.997559
526.685791
522.381531
518.202881
542.617126
510.016632
505.974426
502.114014
498.372192
499.567017
491.052734
487.561127
484.034668
480.749969
477.725433
474.840118
472.116608
469.478119
468.616821
464.437164
461.995697
459.808685
457.550415
457.300873
453.485138
451.446533
449.845947
447.828430
445.959015
444.985992
442.576538
440.857239
439.468781
437.382355
435.768311
434.326508
432.877258
431.516174
430.209381
428.883575
427.870880
426.376068
425.255249
423.518219
423.065979
421.938812
420.233490
419.786896
418.819031
417.831268
416.871887
416.021790
414.994965
413.878754
412.932861
412.074280
411.211090
410.352051
409.746918
408.993591
408.291046
407.480164
406.801056
406.190308
405.483978
404.846802
404.118958
403.531769
402.844177
401.853882
401.524536
399.505676
400.035217
399.325836
398.550751
397.940826
397.344147
396.777740
396.270874
395.709320
395.129791
394.524109
394.082886
393.407806
393.126373
392.709015
392.225220
391.780243
390.320648
390.801758
390.341644
389.833618
389.116974
388.604767
385.775330
387.459198
387.062683
385.639893
385.658051
535.252930
530.460388
526.060059
521.979553
517.718872
513.537109
539.502808
505.509094
501.597687
519.125854
494.151520
490.558929
495.343750
483.518066
480.201721
477.546173
474.318695
471.620911
469.035492
466.413361
466.344177
461.591644
459.350220
457.636505
455.078949
453.042145
451.014465
449.192780
447.383545
445.467804
443.697723
441.866119
440.597900
438.485352
437.027649
435.614075
434.190521
432.983368
431.281616
429.907410
428.552582
427.256256
426.125854
424.932953
423.833069
422.650055
420.900177
420.083771
418.804779
417.650085
416.661133
415.504578
414.570160
413.490509
412.416046
411.602356
410.772125
409.867523
409.092957
408.247742
406.683624
406.568756
405.663544
404.908264
404.198700
403.440979
402.790649
402.278778
402.023132
401.307251
400.597412
398.443481
399.361267
398.628387
396.062073
397.417145
396.813629
395.442749
395.271210
394.635284
394.107635
393.359192
392.653412
392.132324
391.832092
390.318207
390.570068
390.030914
387.226746
389.354126
389.048462
388.760254
388.546234
388.076752
387.763733
387.181793
386.511139
384.404999
384.863342
384.317291
574.134338
528.803955
570.614685
520.465881
516.166077
511.940826
508.056061
504.210114
500.513947
496.934509
493.518494
498.991150
486.928741
483.855164
480.745422
477.829895
479.786011
471.922852
468.950287
466.446686
463.552521
461.055328
458.807648
456.540894
454.503632
453.503601
450.378387
448.505035
446.616180
444.740753
443.010620
441.411774
439.825317
438.913788
436.797577
435.202087
433.710968
432.130585
430.729675
429.211090
427.985992
426.605743
425.135010
423.731140
422.640350
421.487366
420.166718
418.820831
417.891754
416.959106
415.783203
414.531494
413.654266
413.013184
411.878021
410.785797
409.703430
408.951630
408.251434
407.224609
406.283600
405.622437
404.411560
404.171783
402.188293
402.662140
402.103241
401.564148
401.306580
400.670227
400.024231
399.524017
398.740692
398.223175
397.710449
397.054169
396.021210
396.034393
395.688354
395.375793
395.002502
393.678680
393.974213
393.383179
392.720612
391.989777
391.345764
390.843445
390.295197
389.613770
388.494202
388.308563
387.769653
386.963745
386.583527
386.121765
385.649384
385.249634
382.072357
383.623840
533.230774
949.929565
523.715271
