602.615540
596.441528
593.593750
587.482056
583.759705
580.225220
576.707581
573.224609
574.142273
566.489502
563.342834
560.300537
557.576294
562.492371
552.279663
549.837463
547.490601
544.906494
542.540100
543.453247
538.048279
535.945862
534.068298
531.681641
529.690857
527.886902
525.815369
524.706299
521.601868
519.666992
517.838989
516.159485
514.459595
513.120728
511.456238
509.973083
508.560516
507.176666
505.767975
504.422028
503.093903
501.864319
500.602051
499.371674
498.150116
496.891998
495.890472
494.615326
493.437958
492.236145
491.108582
490.307800
489.353699
488.634888
487.923767
487.073853
486.320831
485.473877
484.679352
483.871216
483.042023
482.016907
481.033051
479.907501
478.289032
478.164459
476.069031
476.317749
475.289703
474.393433
473.524902
472.698486
471.979950
471.207336
470.566803
469.905548
469.344452
468.688690
468.108551
467.592377
465.937561
466.247467
465.918640
465.346588
464.941742
464.311981
463.841858
463.040619
462.238708
461.874390
461.271515
460.593262
460.254303
459.617310
458.410278
457.230682
458.261993
457.779388
456.523407
456.099579
602.672668
596.031799
591.242615
586.869507
582.972168
579.320679
575.778076
572.243164
571.262268
583.471252
561.662048
558.462952
557.194885
552.576294
549.838440
547.239075
544.633240
542.199402
539.838440
540.562805
535.619995
533.467407
531.519653
529.399414
527.504822
525.603394
524.482666
521.720032
519.696045
517.668762
515.882629
514.026306
512.174316
510.785797
508.890625
507.278778
505.767700
504.331543
502.943420
501.654846
500.175842
498.915710
497.721924
496.441986
495.248138
493.830444
492.622437
491.048676
489.950989
488.829346
487.631012
486.639984
485.645111
484.710938
483.763306
482.944580
482.145782
481.196991
480.509674
479.675629
478.936279
478.036835
477.290863
476.364960
475.625732
474.840820
474.029968
472.963013
471.982422
471.057159
470.294556
468.553894
467.533020
468.084076
467.416809
466.815735
466.224121
465.680786
465.148346
464.387909
463.874329
463.354218
462.648163
462.077789
461.645782
458.753479
459.887207
460.131958
459.395691
458.663177
457.865997
456.926605
456.236115
455.251007
454.629883
454.018524
453.580383
453.294434
452.290222
451.952606
617.475769
596.039368
672.837097
586.574646
582.389343
578.439209
574.682922
570.964661
567.046997
563.360596
559.961731
556.613281
553.501770
550.667114
548.346313
545.286011
546.853638
540.190308
537.861816
535.604248
533.192017
530.945862
528.734497
526.553955
524.421265
523.661438
520.424438
518.609436
516.587585
514.434998
512.378723
510.393433
508.086975
506.255249
504.205597
502.600372
501.278137
499.996613
498.541229
497.438660
496.102478
494.967072
493.993927
493.488464
492.977325
492.372192
492.122162
491.391113
491.233002
490.110840
487.430420
487.173676
485.960724
483.744019
483.297180
482.250488
481.215485
480.221558
479.178864
478.166687
477.045685
476.118774
475.108795
474.093170
473.066711
472.545013
472.390350
472.142456
471.857697
472.086182
472.798737
472.539154
471.756744
470.648041
469.394043
468.125214
466.744080
466.078857
464.483337
464.693359
464.101959
463.496765
462.885406
462.104279
461.552948
460.902496
460.333130
459.571808
458.907654
458.478729
457.786316
457.333252
455.081238
456.638031
456.181122
455.692474
455.248535
454.756714
453.649963
453.178070
603.411743
833.090820
592.025635
587.734436
583.927429
579.852844
575.831482
571.988831
568.293213
569.741821
561.260986
557.947083
554.801086
551.836182
548.908447
549.880188
543.515564
540.901001
538.545227
536.076416
533.879272
531.637512
529.511536
529.031921
525.463318
523.592590
522.831482
519.491638
517.608276
516.432922
514.117371
512.711609
511.304291
509.491180
507.828278
506.216492
504.890930
503.602478
502.318207
501.084198
499.864502
498.323608
496.929718
495.504120
494.423950
493.280975
492.022705
490.490112
489.030609
487.848358
486.636169
485.733917
485.081482
484.560944
484.021088
484.805664
485.026337
486.428101
490.769257
487.588715
485.036224
483.312042
481.941406
480.674622
479.625092
478.562225
477.522797
476.417053
474.326080
474.760498
473.951263
473.173187
472.543732
471.764679
471.194275
470.488464
469.736481
467.819641
468.457458
468.192657
467.735168
467.095795
466.307098
465.491974
464.908173
463.672302
463.377777
462.895752
459.514618
461.813538
461.228424
459.342163
459.568848
458.670532
457.807953
457.090973
456.384033
455.687988
454.375183
452.611664
603.657349
597.109558
815.050049
587.770081
583.610962
629.242249
575.561584
572.013245
570.580811
564.886169
561.645874
558.467346
555.456604
552.421692
549.413574
546.585022
545.274475
540.931152
538.285156
535.760559
533.411499
531.197388
529.006348
526.835327
524.726990
522.304688
519.701111
517.513794
515.906006
513.959473
512.984680
510.871521
509.630707
507.887024
506.002136
504.363342
502.834290
501.288452
499.746887
498.144989
497.062988
495.690277
494.437988
493.338287
491.646332
490.919891
489.938934
489.374023
488.560425
487.684326
486.980255
486.466278
486.098785
485.342285
485.587097
485.943909
485.665253
484.144043
482.359558
480.994141
480.093018
477.819702
478.075470
477.027008
474.130585
474.935608
474.079590
472.441742
472.416443
471.540802
470.796448
470.142151
469.456665
468.780151
468.240295
467.159332
467.153687
466.602112
463.616943
465.401428
464.769287
462.061249
463.403778
462.705933
461.764435
461.080475
460.803101
460.251129
459.765381
459.300415
458.833923
458.272461
457.132843
457.316345
456.770355
456.319885
455.877502
455.460846
454.342957
453.990692
602.763611
596.293396
591.643127
587.481567
597.537903
579.667297
605.651001
572.118530
568.617798
565.368408
562.205933
559.228271
556.184021
553.295227
550.435669
553.331360
544.980347
542.429077
540.093018
537.609741
535.316345
532.927551
530.726379
528.989380
526.455444
524.417236
522.155823
520.031433
518.207092
517.022705
514.501099
512.872925
511.207428
509.656219
508.241425
506.625671
505.158478
503.832123
502.343506
501.259766
499.684937
498.868927
497.590942
496.410522
495.849792
495.034607
495.827576
498.894592
497.253052
496.795074
496.670776
498.552002
498.953186
498.312408
497.254333
499.145813
499.356567
499.616119
498.636658
495.848694
493.975861
492.108612
490.730225
487.809937
486.456970
485.224335
483.131439
482.655182
480.431366
478.812561
477.272125
477.532684
477.663147
476.338867
475.308990
473.866333
473.001038
473.059845
476.945282
475.059509
473.893799
471.727142
469.297577
470.447632
464.967377
462.715088
464.096619
465.684570
479.201691
483.377441
483.214813
480.367920
482.733887
482.634216
482.312042
481.934296
481.847992
481.389404
479.647675
477.781250
605.863953
600.601196
597.122620
593.549133
590.374634
627.140442
584.482422
581.949280
579.432251
576.526550
573.793701
570.848083
568.213318
570.310608
563.217285
560.582642
563.360962
555.185486
552.706055
553.452148
548.038818
545.944458
544.456360
541.863220
540.222473
538.945313
537.623718
536.460510
535.280396
534.030518
533.097290
531.423035
530.100342
528.982544
528.018799
527.059387
526.451538
525.385742
524.286865
523.244873
522.436951
520.465332
519.020996
517.700867
516.228210
515.343079
514.193665
513.008362
512.255432
511.438446
510.547821
509.187866
507.686493
506.421021
505.206757
504.196259
503.175446
502.308594
501.220612
500.360870
499.618561
498.574768
497.675018
496.958527
496.636139
496.300964
496.078796
495.751190
495.550751
495.151672
494.783936
495.098297
494.931854
494.397461
494.103485
493.231628
492.837067
491.430542
490.926300
489.935425
489.089447
486.744781
487.335480
486.488220
486.092133
485.590637
485.041168
484.004822
483.311798
482.316284
482.128662
481.219055
477.818268
479.914948
479.418884
475.839996
478.772400
478.703430
476.882568
477.835327
603.900818
598.831421
595.066040
591.757202
589.070801
586.226929
612.301575
581.891296
578.704102
576.309814
573.718628
571.029602
568.437378
565.714478
563.071045
560.492126
557.967407
555.610229
555.407959
550.290039
550.653442
545.435608
543.248657
541.645630
539.166504
537.539490
535.896545
534.817810
533.762329
532.671204
531.567383
530.398499
529.549194
528.247070
527.240479
526.104553
525.029053
524.334595
523.267151
522.232422
521.187012
520.147339
519.308411
517.796631
516.632202
515.205994
514.070618
512.663513
511.465546
510.432587
509.728821
508.520203
507.437836
506.346252
503.419189
503.812805
502.638855
500.128448
500.852448
499.935760
498.847443
498.202087
497.358490
496.559113
496.043762
495.543304
495.075439
494.724243
492.994995
493.882782
493.418213
490.803436
492.802948
492.335785
490.797119
491.705780
491.207916
490.540100
489.889801
489.255737
488.540588
487.792877
485.267487
486.159546
485.758209
484.888794
484.517395
483.991821
483.462952
482.460907
481.572784
480.825439
480.122711
479.612885
477.859741
479.024292
478.654205
478.296265
477.198151
476.191315
602.552063
597.114319
593.527832
590.631226
587.848083
585.101807
582.654053
580.136353
584.345154
574.977783
572.805359
570.245544
567.839661
570.944275
563.272522
560.755798
558.293396
556.035645
553.787659
551.232422
548.912231
546.924194
545.253662
543.142944
541.171753
539.215515
536.951172
536.201904
533.085510
531.331055
530.130615
528.135620
526.268982
525.060608
523.690918
521.802368
521.614868
520.465210
518.667542
516.344177
515.301147
514.655640
514.640320
512.808167
510.983704
509.802368
508.711853
505.054962
503.858490
502.803741
501.579102
496.913544
490.470367
483.774658
475.636780
469.852905
464.611267
461.492798
457.256531
456.399780
455.145508
454.062866
453.913055
452.282166
451.905579
452.468414
455.150452
460.536926
473.439636
477.045746
478.918976
481.688843
486.348602
485.993652
483.083557
481.048737
481.164185
480.755920
481.222961
481.101776
481.370209
482.446716
482.224274
481.358826
480.497650
479.796600
478.882690
478.062744
477.576233
473.093109
462.471619
451.909790
445.237579
440.231720
437.723389
435.364807
434.790680
433.496704
429.334717
428.255066
599.488525
591.596191
585.237000
580.373718
576.645386
574.237366
608.411316
573.038940
575.458069
594.012146
570.817078
568.489807
571.972412
563.875549
561.544006
559.375916
557.352234
555.200928
552.900879
550.618042
550.444885
546.371094
544.363220
544.314880
540.565186
538.563599
537.852478
534.903320
533.128113
531.513794
530.072510
528.152283
526.530762
524.086060
523.324768
520.278931
520.089172
516.674683
514.591858
514.099121
512.151672
512.441040
510.181091
505.747131
501.769806
499.415863
497.554199
496.056763
494.810608
494.074890
493.623932
493.416718
494.364014
498.893250
497.574921
496.166748
494.954803
493.978302
492.943268
492.441864
491.427948
490.786438
489.643463
488.582367
487.995819
486.185455
485.845673
484.685883
483.561096
482.380859
481.529144
479.126862
480.507751
479.811615
479.140533
478.454132
477.584473
476.648132
476.252869
475.440643
464.752808
455.372437
447.321320
447.087372
443.763580
440.233276
442.236664
441.950134
441.260742
442.045868
446.736664
458.117432
461.335388
461.457520
463.106201
465.222961
463.244751
466.035370
463.628906
459.411163
603.290283
597.420105
593.216614
589.686951
586.429138
582.895508
579.308838
576.084473
589.989685
571.882446
584.390808
567.844604
564.105286
561.525574
557.661194
554.542358
549.941284
541.309631
536.942932
529.234192
523.047363
521.541931
519.679443
513.883057
509.844147
505.063751
499.827972
498.449219
496.414856
497.108337
497.880493
497.710327
501.385040
505.632294
506.921387
510.842285
516.990234
517.034729
516.240723
514.967041
514.452881
510.677887
507.880951
506.224945
503.895355
503.428284
502.099274
500.362152
500.297821
499.053406
497.821075
496.412689
495.033722
493.239807
491.788361
490.721191
488.372772
478.484863
468.961365
463.683960
460.036835
454.564270
451.455322
449.313477
447.393951
446.756012
447.079559
451.724976
453.100403
455.987213
466.129547
469.798676
468.644409
470.522430
476.153412
480.154572
476.334045
472.959076
471.626740
471.750977
473.646881
479.147766
478.977356
477.660461
478.008331
478.441101
475.596100
478.515686
477.406860
472.970886
470.723572
469.005737
467.224213
465.456787
464.028656
461.267273
458.937317
450.532806
447.373077
448.896698
602.135864
595.224487
589.465637
626.522095
580.168945
576.116943
572.675171
569.904297
567.004639
564.759827
562.988342
560.341614
558.676453
555.000916
554.367432
554.272217
551.893982
551.198242
546.926025
544.896301
547.696289
543.372498
541.674133
539.640869
535.343689
533.203491
531.660461
529.357422
528.081848
526.592346
524.210205
520.913635
517.926086
515.893494
516.760559
511.144714
507.594574
505.237640
495.760498
492.032837
489.000977
486.390961
484.730255
486.340424
488.531189
489.898071
489.872803
489.270447
488.226593
488.493256
488.417877
489.517303
492.489807
499.480835
499.699524
496.988403
494.430847
493.005707
491.211945
489.875763
488.691559
489.430817
488.317841
487.483765
486.690796
484.976440
483.000763
481.716705
482.044922
487.041321
484.973022
485.825165
485.352783
484.263672
471.948730
466.840179
467.177032
465.984955
465.027832
464.514160
470.521484
469.466675
468.277771
467.116913
466.340424
463.737671
466.294495
469.778259
474.425201
476.304688
476.925812
477.019409
475.605255
477.713837
478.252686
479.587433
476.367432
480.439758
480.085541
476.222107
608.130798
602.467834
651.988953
594.448669
591.062012
588.072937
585.158020
582.238953
579.346436
576.213135
583.934143
569.821045
567.360840
573.422058
561.119507
558.115906
560.164612
553.184448
550.693848
549.287048
546.695679
544.953003
544.359192
540.256897
540.252502
537.169006
535.332703
534.225647
532.579285
530.967041
529.286072
527.495422
525.752869
524.110291
522.734924
521.419434
520.315369
518.802429
517.318970
515.833313
514.343872
512.924744
511.764160
510.787201
509.571625
508.165527
507.135620
505.677734
504.538574
503.318481
503.170654
502.699860
501.385223
500.163391
496.904755
493.660736
496.503571
494.030823
487.973633
480.998199
473.517822
468.516388
468.059174
466.287018
464.119690
461.886108
459.806610
458.317230
460.315613
456.011200
453.531464
452.479645
450.346161
454.797424
460.112183
462.534363
467.356659
467.078705
465.318909
465.374481
464.725128
464.756683
465.471283
464.936157
464.102173
463.258453
462.429962
463.682159
464.224823
463.819885
463.404694
462.656342
462.415131
461.953918
461.606781
461.910675
461.666626
461.151489
457.807556
459.029175
153.713104
599.936951
594.088501
609.357422
586.798157
583.350342
578.562134
573.126221
568.117615
560.783936
554.377258
548.538025
547.198486
538.627686
534.161804
530.195740
526.458679
525.950439
520.020569
517.177429
514.893555
512.830994
512.041870
514.333069
513.776001
513.736267
513.673828
513.010559
514.645386
514.041565
512.316040
512.151855
509.116425
507.259735
505.777679
504.388458
503.354980
502.752716
502.312561
501.874329
501.008667
500.211609
499.460571
497.997223
496.177734
494.900085
493.692871
492.469421
490.901031
490.532623
489.812408
487.704102
487.837463
486.754272
485.090851
484.958862
483.972931
482.826477
481.873444
478.766449
470.204254
462.775635
456.934937
455.507996
453.385620
450.772095
448.834900
447.510437
446.773438
446.037811
446.381653
447.283691
447.815857
448.410034
448.019409
450.070129
453.567047
459.126312
462.637146
461.638031
461.408173
460.737518
460.417114
459.735046
459.394348
459.272736
459.410675
459.170776
458.034790
459.020294
459.979065
464.082611
462.444489
458.201111
459.229828
458.616547
458.383789
457.886627
456.444031
452.963013
603.704773
598.127991
629.560303
590.734192
587.168274
583.671326
580.206177
577.114380
574.137756
571.158813
580.065002
565.072998
562.124573
567.941528
552.822937
543.427734
538.421326
529.952148
526.134766
522.563538
519.652893
516.995117
514.078796
511.209869
509.860992
505.651550
503.407990
505.258514
507.886322
515.529419
515.971130
515.292603
518.137329
515.319153
511.794037
509.557434
508.974274
507.532593
506.835358
509.761292
509.519623
506.120453
504.694305
503.584961
503.309753
502.814423
503.150696
501.530365
500.195831
499.058136
497.901428
496.682739
495.551819
494.605377
493.014679
491.708313
491.196136
490.980652
490.373383
489.599304
489.331635
491.273895
490.135559
487.363708
485.491791
481.593933
479.095642
474.906158
469.052551
465.192017
460.437775
461.264862
461.139221
463.643860
464.012360
462.349182
463.373383
464.012939
463.068726
463.160889
462.920502
462.230835
461.231995
460.514801
460.325500
460.023834
458.071991
460.567871
464.470917
459.009491
462.276428
462.292511
460.737701
463.784454
462.587189
461.019073
459.527008
458.382111
456.676727
456.075226
177.345322
620.927917
594.091614
596.282288
585.950256
582.416504
579.143066
575.532898
572.077576
568.924194
566.030640
562.192322
565.854919
554.283752
550.682922
546.624573
542.975403
541.455994
537.305237
534.475464
532.019897
529.329712
526.822021
524.742554
523.249817
521.679260
521.244629
518.871399
517.322876
515.716492
514.143311
513.293274
511.644653
512.229309
511.347229
509.106262
507.225830
506.008667
504.315186
503.128754
502.338562
501.196198
500.094604
499.077423
497.361725
496.332031
494.644867
493.703674
492.026276
492.686127
492.063354
489.501923
488.504730
486.317078
484.266388
482.771729
480.828003
479.127747
477.821136
476.319092
475.125061
473.858765
472.099243
472.081940
471.079529
467.790100
468.897186
468.469818
467.518433
468.467865
468.437164
468.358948
468.404907
474.459259
476.260040
475.133453
475.068726
475.492798
473.869415
471.914429
471.309387
471.128082
469.900421
468.720184
467.253479
466.874847
466.278076
465.102905
462.435150
462.424805
461.297882
459.921722
463.003937
463.496216
461.906128
460.284149
457.070190
454.550110
452.307037
453.740234
598.835754
592.321960
631.560059
582.461121
578.304810
574.379578
570.785217
582.793274
564.410583
561.789917
560.102783
557.934021
556.106873
555.132874
553.825378
553.095032
552.634521
550.570374
548.868225
547.529541
545.300842
545.362549
540.635193
538.556641
537.913269
534.178284
532.046387
530.941345
527.848206
525.837830
523.800354
520.900269
521.148926
519.013733
515.745667
513.264771
510.148621
510.386383
506.933868
505.952209
504.627930
501.336121
501.758148
500.862640
493.288910
487.461914
484.237732
480.931976
480.224457
482.238251
483.884552
482.909912
480.558197
479.401398
477.887451
476.623505
475.735321
475.036530
474.557129
474.544373
473.871216
472.836578
472.721161
473.072418
472.729004
475.639130
475.870026
475.308716
473.227264
475.047668
475.609680
476.665192
476.624634
476.802673
476.223053
477.072693
474.269287
476.882477
472.598969
470.221252
469.093658
467.889557
466.649597
464.960022
464.672852
464.005005
462.381866
460.907715
459.266693
455.945709
457.718719
457.084229
459.473846
457.126038
457.301147
455.736847
455.174042
456.057159
454.685303
446.302460
122.940178
595.066162
589.438049
707.155151
578.439026
573.365784
579.569214
563.880676
559.793396
556.853455
553.003906
548.611755
545.275696
543.063110
546.250854
537.545959
534.824890
537.176941
530.613953
528.573059
529.678223
526.256653
525.470520
525.365234
527.098816
526.299316
526.541992
524.917175
525.283813
524.072266
522.393799
522.261230
519.669922
518.984802
518.235168
518.275391
517.892456
517.236206
516.732544
514.397095
513.847900
512.428833
509.414490
508.116577
506.026733
503.992737
502.046387
499.750092
498.020172
498.326935
494.935944
492.420105
489.842438
489.562561
487.208923
486.073639
484.701263
481.426178
478.415192
475.846893
474.554932
472.788940
471.397156
470.148682
468.792572
466.143677
465.796051
464.307190
463.014160
462.095154
461.293945
461.105652
461.160431
461.142914
462.758331
463.833466
463.421509
467.124664
466.089722
460.895691
461.495758
462.527374
462.097687
460.775085
460.787964
459.532684
461.620850
461.007477
459.130249
457.987061
455.841736
457.075745
463.641083
460.974213
458.460205
460.313538
460.454041
458.431091
456.669556
455.796326
608.451050
601.536316
682.730469
592.422058
637.117188
584.396484
580.757507
577.901794
573.407288
568.747681
564.529175
560.736328
557.827576
559.847839
563.511292
560.716736
558.559692
553.552673
554.060913
547.154236
543.456238
540.658569
536.432678
534.374146
532.106873
528.961792
525.553345
523.479858
519.337646
516.256897
512.150269
509.336182
506.820313
504.421143
502.523987
500.901550
498.725616
497.005402
495.382935
493.762665
492.341278
490.609558
488.966217
487.384033
485.956177
484.541718
483.259918
482.055115
480.952271
480.027374
478.554352
477.381592
475.057129
475.342682
474.310944
472.063751
472.317322
471.327118
470.320984
469.481232
468.421051
467.411346
466.476593
465.538605
464.634491
463.845154
462.747375
462.268677
461.612427
460.880493
460.158752
459.474579
458.801697
458.045441
457.578430
457.164795
456.842133
456.479614
455.243164
455.460693
453.742462
454.653473
454.194580
453.603973
453.162445
452.444000
452.061707
451.498779
450.912567
450.367615
449.844147
449.272369
448.373108
448.062958
447.552277
446.806152
446.174438
445.409546
444.358124
443.866272
606.394043
598.960144
593.546265
696.843506
584.189392
579.730896
577.555542
571.297302
567.184387
563.205383
559.361938
561.348877
551.697754
547.836121
552.183655
541.036072
537.730957
538.550903
531.879211
529.058777
526.733093
523.916138
521.519592
519.189819
516.940979
516.635803
512.613953
510.599030
509.395691
506.575348
504.521545
502.900726
500.611023
498.666534
497.286774
495.413879
493.926239
492.570526
491.121796
489.724396
488.512543
487.126099
485.948456
484.731689
483.515381
482.203186
481.117249
479.834778
478.547516
477.279236
476.115234
474.990845
473.906647
472.957703
471.786530
471.213470
469.433655
469.406250
468.660461
467.737976
466.989594
466.158600
465.383636
464.568573
463.904755
463.122589
462.194733
461.231384
460.194611
459.628418
458.901917
458.224854
457.590363
456.653870
456.409973
455.720581
455.152832
454.542450
454.044281
451.405945
452.891510
452.445282
451.692139
451.247375
450.710327
449.939178
449.333740
447.657440
448.263885
447.952423
444.789917
447.346283
447.299194
444.931183
447.266144
447.630981
447.704193
448.205597
450.002472
450.129883
607.354126
659.077148
595.121826
590.378174
663.180054
581.898987
578.073303
608.017334
571.477356
567.127441
570.273193
559.659729
556.203003
552.857666
549.592041
546.447449
543.242615
540.157654
539.667542
534.313416
531.309692
528.718811
526.136230
523.567566
521.138000
519.000732
516.771851
514.768555
512.819885
510.907471
509.653900
507.409485
506.033966
503.809143
502.032990
500.358826
498.456085
496.637817
494.717102
493.211456
491.640503
490.170166
488.655823
487.577057
486.403046
484.961609
483.899536
482.596985
481.562439
480.405273
479.333801
478.215179
477.217743
476.293976
475.390259
473.372345
473.523651
472.638000
471.896729
471.123596
470.706238
470.273285
470.002869
469.426605
470.593109
470.135040
468.044647
469.535065
472.008087
473.057373
472.007751
469.117493
467.909882
466.920746
465.277710
464.058380
462.818695
461.802704
461.031006
460.114838
457.326233
458.664154
457.953613
454.664581
456.734558
456.040527
454.596680
454.789368
454.219635
453.393768
452.631348
452.873779
454.127045
452.924530
451.053558
451.916504
451.181396
450.798492
449.836487
449.080231
606.594727
599.717773
594.537964
589.931274
585.449280
581.282532
595.251770
572.673889
590.621582
564.619446
560.722717
557.705933
553.560913
550.291016
547.109497
544.040894
540.972290
537.980347
535.225708
532.466858
530.709900
527.329224
524.889648
522.553406
520.403931
518.715698
515.712646
513.859375
512.026062
510.447479
508.999969
508.137909
506.570740
505.450836
503.786346
502.524567
501.124695
499.524231
497.856445
496.605499
494.575836
492.847443
490.441956
489.647766
488.192810
486.107117
485.473145
484.216187
483.138092
482.019958
480.966431
479.981659
478.958008
477.962738
477.042450
476.122559
473.915985
474.335846
473.227844
470.447632
472.036591
472.582947
470.976898
470.226349
469.479736
468.675385
468.113495
467.552643
466.762726
465.775543
464.228088
464.226166
463.570007
462.624817
461.915649
461.013855
459.989380
459.016052
458.465240
457.848389
457.355682
457.093658
455.704041
455.638611
453.303741
454.427368
454.096649
453.524261
453.290009
452.870056
452.731018
452.419861
452.454712
452.931854
452.344818
451.254547
450.481293
450.782684
449.866119
449.517212
606.525574
662.087891
594.525269
590.254883
586.075439
582.143677
578.145752
599.676514
570.595093
566.779480
563.227539
559.223877
555.552673
552.072327
548.826172
549.592407
542.564026
539.698303
541.104858
534.318787
531.787292
531.749695
527.012207
524.925781
523.554199
520.910706
518.620667
516.508789
514.194275
513.550964
510.574310
508.626312
506.742371
504.858887
503.260406
501.354889
499.817535
498.330200
496.978729
495.361420
493.938629
492.422241
491.107086
489.797058
488.550293
487.199615
485.734863
484.305420
483.143036
482.128571
480.979889
479.932739
479.094421
478.359070
477.736725
477.376709
477.038635
476.316925
475.609070
474.882843
473.429199
473.511902
472.800568
471.997894
471.072418
469.873840
468.985107
467.968536
467.043152
464.507446
465.202789
464.461121
463.667023
462.943909
462.303772
461.738251
461.088348
460.192413
460.012726
459.399902
458.762360
458.056793
458.104980
457.254791
457.616394
456.874756
456.354767
455.663452
455.224579
454.675781
454.270477
452.603394
453.487579
453.103333
449.467712
451.911377
451.232025
448.208405
448.892975
448.336914
689.201233
598.830627
593.596863
589.086487
584.874939
591.943787
576.932190
573.176636
592.616516
565.534790
561.994629
571.805298
555.117310
551.878601
552.129517
546.127319
543.260437
539.843323
536.930725
534.305725
533.157471
529.496338
528.870850
525.192932
523.005981
521.064453
518.986633
517.102966
515.129333
512.999573
510.969666
509.034821
507.058990
505.105560
503.275024
501.312653
499.804321
498.081024
496.522247
495.127838
493.852936
492.498230
491.429352
490.393860
489.541199
488.601837
487.841858
486.465118
485.326202
484.254639
482.958649
481.314789
480.304443
479.596161
478.356873
477.225555
476.261902
475.305939
474.225372
472.660614
472.308380
471.465454
470.621796
469.794678
469.127869
468.313721
467.503693
466.018768
466.062012
464.928406
461.741577
463.049377
462.268463
459.884491
460.980377
460.544952
460.039063
459.972992
460.286774
459.957153
459.463654
459.046448
458.565613
458.164886
455.405853
457.272430
456.865387
454.068268
456.230804
455.209595
455.626160
455.056732
455.138458
455.345215
454.805969
454.295776
453.368164
453.028870
450.453552
451.100708
607.145325
601.076172
595.866821
591.363464
587.103577
582.763184
578.735107
604.119507
571.270569
567.576111
564.918091
560.455139
565.198120
553.319275
550.029175
547.535645
544.321899
541.595825
539.435974
537.877075
535.933167
535.893250
530.245300
527.745911
527.099060
525.753113
523.761353
519.510864
515.337952
512.661316
508.246033
504.074005
500.139282
496.093506
492.965088
490.616150
488.325134
485.572815
482.045990
480.111847
479.138855
481.288879
483.379517
491.023438
497.840942
499.287933
498.556488
498.295013
498.789948
499.784149
500.964050
499.935455
497.564728
500.114532
499.417389
497.074707
492.996246
490.278229
488.620789
487.657684
486.127869
485.186035
484.421173
483.776398
483.375702
481.804382
480.506958
479.322571
478.174225
476.978027
475.976715
475.264496
474.288940
473.765717
472.123230
472.675415
472.688721
471.858826
475.492065
474.912384
474.534668
475.595520
475.287628
472.145630
474.207550
472.386658
472.271545
469.787140
464.269409
460.790955
459.555664
458.530304
457.946777
457.219788
457.497314
457.116150
456.797699
455.104065
456.064026
456.963226
605.403015
598.580261
594.626038
591.434204
588.612549
617.604309
581.855408
578.465393
601.289551
571.846191
569.538086
577.139099
563.620361
561.347168
558.639648
555.279724
551.817749
547.833191
544.142334
543.892578
539.164001
536.752136
536.325317
531.540894
528.971313
527.728088
523.827271
521.589478
520.271240
518.560364
518.835022
521.114563
518.558411
515.499634
513.273682
512.952698
514.167786
514.523499
514.056946
512.838989
515.100586
514.589417
511.862488
509.556488
507.234497
504.144379
500.692047
498.059174
496.034027
494.208313
491.770416
490.481537
488.696381
487.042755
485.760315
485.120911
484.728088
485.123077
485.033081
485.597473
492.358490
492.766571
491.655182
491.012421
489.670532
493.118500
495.178406
494.143188
492.734985
489.713348
486.715851
484.872192
484.104950
482.457123
483.719208
483.782654
483.953735
485.487762
488.946136
487.313538
484.787659
481.865662
483.771362
483.481476
480.391785
481.394745
479.898956
476.796509
477.289856
475.700775
474.355255
471.849274
469.079041
466.400726
463.278015
458.970581
457.543427
455.848175
450.660461
452.891815
600.986633
1017.498535
589.554016
585.395020
601.573792
578.017212
574.737183
571.754517
568.832886
566.165039
569.802002
562.561707
565.892273
560.619690
558.288574
555.665588
552.789673
550.263855
548.298218
546.223572
544.856934
545.143982
541.032227
538.656616
536.982117
534.739380
533.492126
530.548828
528.536316
526.251953
524.157898
522.101440
519.824402
517.441650
515.490540
514.797302
512.407410
510.548401
508.533112
507.033966
504.805725
502.107147
500.130310
499.809723
496.813171
494.620941
493.575043
491.333527
488.032684
485.654388
484.576385
483.542908
481.359680
480.301697
479.998108
480.197021
481.255005
481.150757
483.110199
485.741821
487.728119
490.329285
489.112579
489.526489
492.476990
494.366577
494.698822
493.810883
492.204163
491.874451
491.293121
490.737366
490.762085
490.600220
487.727295
487.542328
485.099854
482.442139
487.213165
488.257294
486.391174
485.093903
483.657593
481.878876
481.507629
478.412170
475.858276
474.679108
474.628540
473.983215
472.117615
469.115143
467.988251
466.467865
464.335663
463.096954
462.426910
460.348389
460.760681
459.405945
657.486206
595.152893
713.051453
586.908813
583.767944
581.978394
578.453369
576.223755
574.356628
572.128845
570.116394
576.808228
566.108582
563.689331
561.154297
559.245911
561.905396
554.605896
552.889709
550.781006
547.803650
545.460815
543.360352
540.786987
538.659119
537.823853
535.171326
533.097961
533.647888
532.401062
530.529114
528.184448
525.914673
523.901550
521.307190
520.586243
518.587646
516.387268
513.924744
512.690491
509.568054
505.749268
503.343048
500.536072
498.319122
496.606171
493.401489
491.820648
489.775452
488.401642
486.357452
486.647278
486.726532
487.608032
494.567627
497.051392
498.172852
499.310974
499.351471
498.664917
498.156158
497.680664
497.312592
496.868439
495.425079
494.407837
494.241180
494.308868
493.468750
492.488953
492.345612
492.604340
491.154449
487.902466
488.722229
489.696472
489.302155
486.360870
482.998230
482.094513
480.526917
478.438141
476.660095
476.699402
475.058929
473.656616
471.562836
468.752502
467.342438
466.813995
464.329132
462.386597
459.884216
459.751648
458.217102
456.885529
455.990509
455.036133
450.464722
452.814911
600.364807
697.216614
589.699402
586.359558
583.214478
580.363342
578.395752
576.479126
574.252197
584.493347
570.495361
568.335693
577.000549
563.501648
561.378052
564.533508
557.148132
554.904541
553.004883
550.956116
549.085266
547.187195
545.649231
545.607849
542.515015
541.114197
540.354614
537.986694
535.803711
534.255005
531.562378
529.498169
526.879883
524.140381
521.985474
518.965515
516.566589
514.763428
514.163452
512.600098
510.388306
508.230255
506.499908
504.164551
504.486542
501.013000
499.435883
497.280029
495.853149
494.366455
492.746887
491.896118
491.303711
489.263947
487.663574
487.903595
488.154114
489.078308
493.175934
493.980408
495.164551
495.046539
494.811249
494.217163
494.179047
493.650482
493.104889
492.809143
490.893707
492.172089
491.641815
489.275665
490.926300
490.421570
487.685974
489.774139
489.712036
488.565338
488.894745
488.107056
487.416199
485.826263
484.768921
482.894165
480.952820
477.361694
478.479095
476.988525
471.732910
472.157532
470.409485
467.282166
467.036743
465.823395
466.877228
467.336731
464.969788
462.786346
461.044739
458.306122
600.295715
593.713440
808.798096
585.327332
582.037354
579.156128
576.317383
573.214355
570.510925
567.806335
565.942932
575.134949
562.442444
560.264526
558.389465
556.522644
556.705566
553.112671
551.445862
549.482117
547.812866
546.196838
544.620544
543.136353
541.529846
540.971008
538.263672
536.686890
534.981445
533.392822
532.309753
530.029419
528.490051
527.012573
525.917908
525.203674
524.029053
522.901733
521.428894
520.173706
518.419067
516.988586
515.444031
514.007141
511.764099
510.842285
509.457428
506.801147
506.028381
504.392487
501.256592
501.692688
500.573090
499.003876
498.431885
497.044678
497.029388
496.225403
495.281616
494.351471
492.840515
491.142120
492.126831
491.421570
489.211365
491.088776
490.337341
488.225922
488.903656
489.089630
489.010040
488.852966
488.681274
488.259705
488.136597
486.216339
487.473785
487.284027
486.953033
486.666382
485.931396
485.032471
484.721588
482.013733
478.804626
477.052429
476.231232
475.285095
476.857300
475.105347
473.800934
472.582855
473.065735
472.461121
471.686279
471.799103
469.435028
468.177643
470.808228
468.768158
604.253052
706.224365
592.159424
588.003479
584.239197
580.477966
598.366028
573.817017
570.397339
567.174072
564.598816
562.281433
560.402222
557.659180
555.885010
555.254272
552.344421
551.080811
550.041260
549.070557
549.516174
545.894348
544.307190
544.362610
541.164124
539.751587
539.246765
536.837646
535.389954
534.341187
532.253479
530.803894
529.379272
527.674927
525.316406
522.417358
519.994324
517.010315
514.251343
511.038666
507.654480
505.593933
502.247620
499.532440
496.934784
495.509277
492.914276
490.283508
489.539520
488.495697
485.390167
481.881012
480.798004
479.392883
478.187958
477.218353
476.139435
474.947968
474.099030
473.305237
472.943115
472.797455
473.401855
474.953491
480.618530
482.590057
483.803253
485.312836
484.967102
485.398895
486.484039
487.712952
485.892578
484.342010
483.155945
481.941101
481.402222
481.965271
482.423676
480.172485
478.157013
476.503082
474.165558
474.586273
473.055695
472.150787
471.754150
472.392548
473.053040
470.813538
468.475586
466.506775
465.343414
463.135620
462.775726
462.852539
462.825806
463.749176
463.676117
461.596527
602.122375
594.994141
804.416016
585.289246
581.278870
596.883423
573.751648
570.283936
567.156067
564.218262
560.855530
558.131836
555.510437
558.916382
551.092468
549.278198
553.929260
546.351440
544.443848
545.000366
540.749756
540.090088
539.729370
538.009644
537.132629
537.164063
534.853455
534.631836
532.266968
530.724304
530.006836
528.862183
527.618591
526.115234
524.711365
523.157532
521.585449
519.934021
517.739136
515.889465
514.774109
514.152527
512.820068
511.061340
509.173218
506.690125
504.745880
502.837067
501.346466
500.243042
499.173431
497.264496
497.244019
497.785828
496.574219
494.608490
492.586365
490.669556
487.905792
486.708893
485.389160
484.443359
483.698029
482.824738
480.227753
481.090759
480.518677
479.277527
478.467590
479.108765
479.862305
481.251129
480.549194
481.033936
481.401520
479.327972
482.433289
484.315857
481.689087
484.397430
484.395172
483.491089
484.155029
483.958282
484.003448
483.508850
482.446198
480.980347
479.106262
474.736694
478.493958
476.428467
474.386017
473.148193
471.161682
468.629791
467.198730
466.852539
464.873993
462.906219
603.476257
815.056885
592.037292
682.314209
583.613159
579.615295
578.976257
572.726624
568.989502
565.539734
562.212952
556.063354
550.696167
548.590088
546.406494
544.489746
537.396179
534.838928
534.315186
533.185303
530.664307
529.318359
527.433289
525.940979
524.361084
522.932312
521.534729
521.226685
520.526733
519.404053
517.373962
514.764709
513.561768
512.167908
510.311554
507.329926
505.141907
503.480164
503.172180
502.038544
500.756226
499.670166
499.123993
499.009491
498.076996
497.625580
499.369934
497.046783
496.452118
496.137573
497.232513
495.075928
493.980042
489.008636
483.642914
480.390167
477.435303
472.005280
468.532990
465.529877
463.259827
461.532898
459.954681
458.421509
457.078339
455.252319
454.811371
454.356903
454.115112
453.615265
452.328766
452.280457
453.248566
456.457794
457.064301
458.412140
472.026733
473.414764
472.900330
470.247589
473.346741
471.228180
468.637817
466.035614
465.251068
463.676758
460.638947
458.640656
458.226807
457.925476
457.898163
457.212952
456.879700
455.561218
459.203186
457.770874
446.161652
438.124634
432.642883
429.265533
600.246643
592.452026
767.695557
580.129700
574.502991
571.068665
562.774780
557.225098
551.256714
545.785583
549.059692
535.497437
530.547363
535.077087
521.384705
517.620850
518.894531
511.060333
508.614014
506.736450
504.398560
503.173920
502.050476
500.206177
501.663025
497.841858
496.701355
496.945221
494.442200
493.639069
493.693115
491.584167
494.272186
493.253906
491.247040
489.829834
488.604126
486.416565
484.075317
483.315063
479.056976
475.158722
473.110138
472.286591
471.981964
473.710236
480.464508
484.631744
481.344482
475.967987
469.719788
466.440460
465.576355
465.701965
465.144409
461.306671
461.215820
457.538544
453.405670
451.937103
451.144958
447.670319
445.699341
445.068695
443.358398
441.559387
444.950348
443.827759
441.922058
440.950745
440.952789
439.996460
441.441559
439.885254
439.336609
442.120972
443.026550
446.283417
450.409180
447.128174
446.424103
452.542175
455.899597
451.299072
451.125183
453.170776
452.382263
451.443970
449.825195
445.172516
446.951202
445.529480
440.412842
438.155029
434.273346
431.296722
430.760254
430.138916
425.080109
421.382690
319.799683
588.247437
580.586609
698.935913
566.999878
561.010193
595.825867
548.631775
542.596436
541.719971
531.364197
526.034363
520.967773
515.920898
511.446594
506.905243
503.669220
502.551544
498.003235
495.432465
493.132843
490.912994
488.940948
487.121429
484.734833
483.470703
483.599945
484.658752
483.444824
482.245972
479.695557
478.099579
475.899658
474.631866
475.078491
476.440552
474.781799
473.077545
473.384705
473.691559
472.441498
474.646149
475.008728
477.860931
482.611725
484.643219
486.346222
485.235382
483.885193
482.263428
479.974121
476.738556
473.344757
469.191650
463.703461
460.447571
455.886108
452.626038
449.774475
447.889435
444.948730
442.253723
439.937592
439.466125
437.919220
435.208832
436.028290
434.785614
433.126404
434.178955
434.536285
435.451508
436.203735
435.176453
434.214264
432.669495
431.235260
431.298981
432.939087
433.915680
439.560089
446.037476
451.849548
453.625732
457.518921
454.671112
455.121521
455.233917
455.874878
455.329651
454.036102
452.010376
451.159973
449.894348
448.736694
447.770203
446.647461
445.766907
444.284058
443.772583
600.710876
593.720215
588.616821
584.251892
580.373840
586.285339
572.351440
588.503296
563.944641
560.225220
557.650635
555.140930
552.631287
550.083374
547.444092
546.082092
549.212708
542.238708
538.653625
535.071350
532.759094
532.837646
528.254211
525.026794
522.345520
519.506653
516.935852
514.773254
512.676880
510.829071
509.998383
508.036987
508.169220
507.012329
506.277466
504.100098
501.598877
498.410370
497.419830
492.602570
494.489227
490.848755
490.369324
491.664795
496.637756
495.532898
497.077240
493.114136
491.076721
488.892120
487.826904
485.593018
485.016693
483.029907
483.085052
480.858978
481.142395
480.080231
477.607788
477.822021
476.247284
474.900055
475.007721
474.917694
474.431732
473.058228
472.845795
472.236389
472.048828
469.219788
468.383362
466.099091
463.076477
462.076050
451.675415
445.070862
441.480225
437.693634
435.875519
435.612244
433.367493
429.091431
425.718201
422.531281
423.503906
423.800842
424.643188
426.323120
434.530670
451.334808
447.258392
445.714661
444.991852
446.227722
448.193481
449.734711
450.284485
446.639343
444.396851
442.466156
482.330109
592.317505
587.528870
583.951111
580.655457
577.600281
602.464905
571.473083
567.650513
564.107178
560.292480
556.957397
553.934387
550.567383
551.162170
543.665466
540.025940
541.160706
537.678528
537.485901
539.380493
525.064941
516.351746
512.053345
504.460938
498.908264
495.088867
492.198578
490.336456
488.168915
486.490326
486.891998
486.813782
486.393036
484.427429
484.481903
488.039246
502.061615
502.393341
499.692291
497.857574
496.546844
496.080322
495.595947
497.307037
493.821442
492.645111
492.592743
491.056976
488.906769
489.399292
486.355804
484.252808
481.739471
481.063690
480.344513
481.334259
480.053131
481.783508
477.084045
477.010529
475.590668
475.984802
476.511627
474.424408
475.119080
476.870514
476.888519
479.487213
484.370514
488.388336
490.922272
489.703918
488.140869
486.628998
485.354584
482.869843
481.725342
480.789673
476.717651
478.579620
476.537079
472.566040
472.965973
472.553070
471.095703
469.365906
468.206299
467.288910
466.377167
464.251129
464.005707
463.201630
459.461853
462.005035
460.825592
456.977051
458.873413
457.425781
456.152008
602.293274
595.713623
591.170898
587.226013
583.290466
579.541931
576.064209
580.399170
569.325439
565.989807
562.478210
558.107483
554.462463
546.966309
543.376526
545.507446
545.317200
544.490906
544.599365
546.821899
543.542114
545.224976
542.742310
539.981873
537.990662
535.476135
533.270569
530.777649
528.277832
526.112366
523.968567
521.985840
520.305847
519.348206
519.866150
519.632446
518.617493
517.413452
515.951721
514.366577
512.906189
511.370361
510.229767
508.940125
507.041595
505.275696
503.706909
502.255005
500.942261
499.705566
498.449280
497.351685
495.451019
495.035004
493.795624
491.202332
491.944305
491.382538
490.052063
490.258331
489.788727
489.463135
488.838104
488.065521
487.436035
486.649506
485.544647
484.591431
483.819885
480.720795
481.921356
480.861298
477.885040
479.040039
478.277588
477.375153
477.006012
476.324341
475.783081
475.072876
473.723969
472.712921
471.584412
469.981262
470.171082
469.714569
469.434998
469.072357
468.672180
467.844727
467.250000
466.567322
465.973663
465.425781
465.050446
464.235901
464.284332
462.164032
462.858704
462.491455
625.562012
600.564697
596.029419
592.452820
588.829224
585.335571
620.763916
578.425293
575.116516
573.361084
568.988403
577.831482
563.440247
560.741333
559.078247
555.714600
553.181580
550.808594
548.518921
546.197571
546.319580
541.823242
539.667236
537.325806
535.008850
532.920349
530.765930
528.906494
527.941956
525.497131
523.915649
522.571350
520.761292
519.324097
518.387207
516.837097
515.471558
513.996643
512.173767
510.671356
509.284241
507.752045
506.855194
505.017792
503.847717
501.661285
501.768982
500.692169
498.757080
498.783203
497.768372
496.720581
495.838928
494.949066
493.991699
493.203125
492.252594
491.330902
490.390289
489.240479
488.538788
487.448181
486.463104
485.423920
484.631287
483.869659
483.042969
482.168823
481.394653
480.232117
479.429413
478.761627
477.858124
475.775879
478.441040
479.354950
479.092896
479.980896
482.608185
481.484711
480.258423
479.206573
477.538330
478.425079
477.003967
476.481995
477.517792
473.713470
473.780579
473.536163
473.075348
471.687988
470.237915
469.971619
469.536652
469.036774
466.528107
467.673737
466.536926
465.688324
602.353699
596.029297
591.646667
587.951782
635.633972
580.637634
577.371399
608.552246
571.410461
568.409424
577.890015
563.370300
561.042419
559.109985
556.485474
554.260864
552.004150
549.635071
549.722534
545.099060
543.091309
543.476013
539.061401
536.953979
536.666626
533.244385
531.215515
529.994080
527.684448
525.939209
524.171936
522.582520
520.796021
519.191284
517.207092
515.931580
514.074219
512.730042
511.424805
510.230499
509.001587
507.759460
506.560364
505.451996
504.373505
503.203583
502.133667
500.941101
499.930084
498.379425
497.698883
496.287292
495.133301
494.011230
492.959045
492.046143
491.145477
490.327881
488.359009
488.614777
487.818451
487.072571
486.370239
485.518036
484.908234
484.073547
483.162537
482.554199
481.765686
480.674957
479.774231
479.046936
477.313934
477.513916
476.937744
476.387360
475.795837
475.138855
474.645386
474.081879
472.631683
473.142426
472.532288
469.236572
471.501953
471.114532
468.717194
471.042267
471.199677
471.864807
472.742249
472.893280
478.335114
480.595398
480.110779
479.152954
478.182495
474.681854
475.908325
475.286682
138.331146
601.339783
597.027771
643.693115
589.732239
586.167603
582.874817
579.734924
576.632141
581.207581
570.936768
576.404419
565.456421
562.796021
560.333008
557.829590
555.296387
552.887573
550.566650
548.261353
546.058350
543.761963
541.506531
539.920044
537.942566
537.851624
535.670776
535.191589
533.846069
531.546753
529.382690
527.482178
525.833496
524.369934
523.171631
521.545532
520.093811
518.871399
517.480652
515.958862
514.568115
513.315063
512.144409
510.930420
509.879578
508.730743
507.748840
506.526337
505.099426
504.509064
503.404999
502.231384
501.156036
499.940308
498.528748
497.147491
495.625885
494.517517
493.339630
490.494995
491.278503
490.457642
488.076385
488.683746
488.152405
487.407806
486.984467
486.420593
484.807617
482.762421
481.320892
479.427795
478.140076
476.626221
479.252655
482.271790
481.453766
480.963715
480.973663
482.368683
481.201721
480.879181
480.589783
480.842438
480.707794
479.300995
478.212006
474.789124
475.226257
473.141724
470.806335
469.322296
468.389893
467.419861
465.471802
465.508636
465.702728
465.539642
464.514465
464.645416
605.402405
927.194031
594.942505
591.467102
594.151672
585.134521
581.955750
578.795959
575.637146
572.534668
582.304321
566.711060
564.075256
561.782959
559.215881
556.940063
554.590759
552.192383
551.623840
547.620483
545.445190
545.768494
541.075378
538.785461
538.091370
534.621216
532.543884
530.759705
529.031250
527.413025
525.881470
524.379028
523.861877
521.626343
520.338562
518.790771
517.694153
516.524963
514.937744
514.005920
512.641113
511.088806
509.707916
508.350677
507.074219
505.833801
504.861694
503.806946
502.721008
501.737610
500.854004
499.930237
499.009399
498.080383
497.174622
496.325165
495.433380
494.612335
493.648956
492.739075
491.884979
490.922852
490.441711
488.654358
489.139648
488.515594
487.959686
487.871887
488.197998
488.365540
489.040863
494.652527
494.752045
494.038422
493.409210
492.559784
491.866089
488.988861
490.577179
489.872345
489.111969
488.805328
488.205139
487.796112
487.351135
486.738281
484.566467
485.857544
485.527893
484.962341
484.438812
483.877136
483.558868
483.065094
480.705383
481.756317
481.237457
477.444824
479.582733
479.219452
187.406158
599.464722
595.207886
598.017151
588.706909
585.810913
583.128235
580.482056
583.841431
575.200012
572.531311
581.809448
566.954956
564.276428
569.225586
559.438965
557.209839
556.915894
553.227661
551.194092
548.299011
547.700073
545.888611
544.152100
542.647217
541.900269
538.895813
537.322144
535.197083
533.884705
531.543213
527.916504
525.306030
522.792542
520.393372
517.977539
515.789612
513.798218
511.473969
509.362610
507.354065
505.069366
502.829987
500.234253
497.752411
495.902924
494.345093
493.453308
491.615570
489.369873
487.739258
486.068085
484.341339
483.070404
482.113159
480.862549
479.484283
478.474121
477.295227
476.525513
475.354065
474.247314
472.036194
471.950195
471.722076
474.325043
475.844666
478.076050
484.047760
483.816101
481.153107
481.610077
482.073822
476.453369
476.779633
475.780579
478.681793
477.214691
472.805298
467.295349
461.482727
460.784790
456.002594
456.833862
451.181610
449.081482
447.489990
443.393463
444.726837
444.301666
440.732361
442.657501
441.937927
440.276184
440.437683
439.619720
438.873535
438.108826
