-2.265119
-3.046631
-3.700672
-4.265371
-4.753428
-5.177581
-5.548048
-6.348395
-6.154597
-6.400441
-6.620518
-6.807381
-10.479270
-7.115688
-7.238595
-7.372288
-7.441555
-7.515090
-11.159185
-7.642624
-7.676929
-7.876065
-7.748851
-7.767901
-7.786891
-7.803107
-9.575719
-7.814297
-7.812757
-7.814922
-7.793042
-7.785259
-7.772871
-7.744674
-7.722437
-8.926520
-7.672138
-7.656048
-7.624433
-7.603272
-8.293689
-7.518404
-7.486530
-7.439041
-7.402706
-7.359970
-7.319533
-7.277476
-7.227208
-9.545386
-7.147192
-10.589208
-7.087722
-7.007241
-7.131850
-6.909493
-6.865768
-6.819821
-6.774666
-6.721920
-6.671077
-6.625315
-6.575458
-6.526800
-6.468522
-8.930471
353.029236
-6.326029
-6.273055
-6.213755
-6.154674
-6.117098
-6.055294
-5.997232
-5.947466
-5.896368
-5.831572
-5.784855
-5.745993
-7.367189
-8.319198
-5.579011
-5.520925
-5.552616
-5.418209
-5.374495
-5.303372
-5.259360
-5.206829
-5.157022
-5.096517
-5.032345
-4.973134
-5.641550
-4.868320
-4.824825
-4.743441
-4.221017
-3.235143
-1.228683
-2.275938
-3.062887
-3.716150
-4.282815
-11.212289
-5.188059
-5.553430
-6.144213
-6.160820
-6.408104
-6.619398
-10.114832
-6.959841
-7.111259
-7.277680
-7.343574
-7.438598
-7.514269
-10.502293
-7.639131
-7.686430
-7.731597
-7.757202
-7.776863
-7.793461
-7.815760
-7.822430
-7.829484
-8.286388
-7.821454
-7.797741
-7.784146
-9.285653
-7.741177
-7.722779
-7.706352
-7.670683
-7.647828
-7.628449
-7.592966
-7.556172
-7.518383
-9.847535
-7.444129
-7.407699
-7.386724
-7.919470
-7.284471
-7.239925
-7.189831
-7.155094
-7.103537
-7.061617
-7.010233
-6.961491
-6.909957
-10.577019
-10.136411
-6.778068
-7.353126
-6.794375
-6.633034
-6.578299
-6.535325
-6.479832
-6.432275
353.637360
-6.330141
-6.268588
-6.224110
-6.150193
-8.421030
-6.060198
-8.127104
-5.948395
-5.893007
-5.858058
-5.795279
-5.750486
-5.686635
-5.632529
-5.579858
-5.531000
-5.474575
-5.412472
-6.678713
-5.302594
-8.483093
-5.203339
-5.160157
-5.379683
-5.039305
-4.980668
-4.941087
-4.883798
-4.828130
-4.746668
-3.326317
-3.236602
36.396400
-2.252661
-3.049623
-3.702844
-4.253050
-7.316225
-5.166769
-5.536102
-5.863383
-6.148293
-6.391733
-11.103267
-6.794813
-6.943865
-7.299772
-7.225084
-7.339540
-7.428804
-7.504543
-8.531371
-7.636026
-7.679305
-12.105159
-7.760314
-7.775671
-12.212027
-7.809908
-7.817799
-9.028625
-7.817164
-7.820724
-7.806761
-7.786943
-7.776813
-7.742939
-7.725924
-10.498557
-7.676667
-7.652472
-11.960422
-7.599700
-7.547723
-10.310183
-7.488210
-7.451766
-7.416940
-7.368610
-7.332572
-9.615184
-7.239530
-10.390635
-7.160258
-7.113181
-7.296165
-7.016067
-6.965030
-6.924369
-6.866437
-6.821733
-6.778314
-6.739570
-6.689013
-7.858137
-6.595033
-6.546390
-6.492099
-6.445580
352.684753
-6.352175
-6.290294
-6.241690
-6.174222
-6.137725
-6.070648
-6.020291
-5.954884
-6.331710
-5.843579
-5.808078
-5.764953
-5.704571
-8.202142
-5.588914
-5.531621
-9.485835
-5.434150
-5.384986
-9.038612
-5.264660
-5.216644
-5.872402
-5.105396
-5.054017
-4.993338
-4.956496
-4.892096
-4.841948
-4.763730
-6.423944
-3.239628
-1.202004
-11.773016
-3.033653
-3.683255
-8.524595
-4.732630
-5.154318
-5.558088
-5.853131
-6.143641
-6.384704
-6.597548
-10.619733
-7.045082
-7.093071
-7.367026
-7.327714
-7.417906
-7.500069
-7.567276
-7.628150
-7.670990
-7.711382
-7.742355
-10.110098
-7.783592
-7.806171
-7.812556
-7.819354
-8.512119
-7.812053
-7.791653
-7.774686
-7.764966
-7.732045
-7.716847
-7.699750
-7.671463
-8.720639
-7.627377
-7.591545
-7.550216
-7.513848
-9.553775
-7.440434
-7.402549
-7.366124
-7.318004
-7.277251
-7.229401
-7.186020
-7.147847
-7.451890
-7.051700
-7.005685
-6.961013
-6.919233
-7.446716
-6.815764
-6.775350
-10.326253
-6.674014
-6.620302
-10.701411
-6.531130
-6.469423
-8.030798
353.633087
-6.328105
-6.274694
-6.227784
-6.154455
-6.118178
-6.064760
-8.223656
-5.949255
-5.895056
-9.970229
-5.798338
-5.756114
-8.908858
-5.642036
-5.579612
-5.522353
-5.474411
-5.426713
-8.246638
-5.334505
-8.782926
-5.242988
-5.155314
-5.574042
-5.045404
-4.980681
-4.941729
-4.871380
-4.829988
-4.755602
-3.320603
-3.237930
89.355415
-2.254669
-3.025690
-3.681589
-4.231466
-7.294512
-5.157166
-5.526048
-5.850099
-6.135972
-6.381637
-6.601229
-6.777151
-6.935857
-8.091429
-7.212398
-7.331549
-7.418435
-7.499443
-11.072641
-7.630460
-7.667674
-12.136294
-7.745503
-7.761912
-12.157953
-7.802062
-7.813187
-8.924829
-7.807845
-7.805510
-7.783732
-7.774242
-7.760246
-7.739282
-7.718763
-10.598865
-7.674327
-7.653501
-11.941546
-7.596654
-7.551097
-10.189507
-7.483927
-7.445414
-7.481397
-7.359744
-7.320824
-7.278207
-7.222482
-10.328576
-7.366031
-7.099521
-7.255703
-7.010397
-6.958582
-6.913550
-6.862435
-6.821242
-6.770582
-6.725622
-6.677415
-9.488886
-6.574351
-6.526131
-6.479027
-6.414830
352.813843
-6.325018
-6.272003
-6.215749
-6.158676
-6.115200
-6.058463
-5.999910
-5.951400
-7.384761
-5.837883
-5.793093
-5.743165
-5.684012
-7.881847
-5.578861
-5.516096
-5.481937
-5.417867
-5.374543
-5.302533
-5.256724
-5.200088
-5.755592
-5.090875
-5.037987
-4.974698
-4.939359
-4.877951
-4.829633
-4.743871
-6.566453
-3.219950
-1.192469
-11.717582
-3.020335
-3.663366
-8.023191
-4.714912
-5.142262
-5.522790
-5.842811
-6.129995
-6.373079
-6.591838
-9.181890
-6.942742
-7.098596
-12.442240
-7.333933
-7.422239
-11.671778
-7.559958
-7.621980
-7.662031
-7.705101
-7.737726
-11.523159
-7.780637
-7.799806
-7.970575
-7.819401
-8.563828
-7.813477
-7.792851
-7.783856
-7.769696
-7.741337
-7.726461
-7.710566
-7.673624
-10.124226
-7.631167
-7.592016
-7.558925
-7.520965
-9.145665
-7.430182
-7.402570
-7.355796
-7.312081
-7.274314
-7.230814
-7.183800
-7.148400
-8.375414
-7.059718
-7.004742
-6.953527
-6.912034
-10.036737
-6.817868
-6.772413
-6.953204
-6.677962
-6.619086
-10.601063
-6.525939
-6.457402
-7.651094
353.650330
-6.317300
-6.265501
-6.212525
-6.154346
-6.108670
-6.051537
-8.575834
-5.941210
-5.888923
-9.977892
-5.793748
-5.747604
-8.573606
-5.641108
-5.586155
-5.622381
-5.472498
-5.412909
-5.367808
-5.309069
-6.225142
-5.197164
-5.154542
-5.395365
-5.032707
-4.976324
-4.929244
-4.868477
-4.827003
-4.749325
-3.323954
-3.224454
102.767021
-2.229766
-3.023121
-4.155440
-4.235564
-7.007008
-5.144250
-5.515509
-5.843747
-6.127898
-6.364029
-6.593470
-6.779890
-6.934692
-10.134840
-7.215594
-7.336891
-7.426474
-7.502658
-10.946388
-7.629353
-7.675448
-7.843642
-7.745868
-7.760181
-7.789276
-7.803847
-7.814214
-9.276089
-7.829860
-7.834921
-7.815653
-7.801727
-7.793212
-7.760793
-7.730934
-10.651348
-7.658614
-7.605286
-11.866561
-7.473601
-7.394016
-9.950279
-7.281358
-7.245965
-7.277844
-7.197807
-7.188653
-7.173726
-7.146318
-8.392628
-7.118033
-7.096406
-11.121563
-6.967558
-6.859967
-10.579763
-6.636137
-6.538185
-7.191990
-6.387460
-6.321508
-6.281839
-6.267006
-6.232979
-6.796371
-6.210840
352.603485
-6.223317
-6.204329
-6.179727
-6.158362
-6.133026
-6.080729
-6.020250
-5.910132
-9.055795
-5.653112
-5.526879
-5.416463
-5.292246
-7.470519
-5.077990
-5.032485
-5.040844
-5.019551
-5.009100
-5.000946
-5.046429
-5.079781
-7.347949
-5.061396
-5.045889
-5.018910
-4.979022
-4.904015
-4.794888
-4.633048
-3.609684
-2.901356
-1.181719
-11.631289
-2.966745
-3.572866
-7.845907
-4.591840
-5.003254
-5.398705
-5.701986
-5.999128
-6.255190
-6.490266
-8.828959
-6.904502
-7.079082
-12.431024
-7.369692
-7.478575
-11.812458
-7.589839
-7.614400
-8.164662
-7.660135
-7.633557
-7.557365
-7.504051
-7.897216
-7.433592
-7.436681
-8.177575
-7.478863
-7.503995
-7.542360
-7.592357
-7.610966
-7.634475
-7.637927
-7.625690
-7.603244
-7.562510
-7.522478
-8.079823
-7.425247
-9.615589
-7.170116
-7.057802
-6.950179
-6.876862
-6.840987
-6.817799
-6.813113
-6.847401
-10.267103
-6.932621
-6.905226
-6.990123
-6.849155
-10.128480
-6.772775
-6.711720
-6.912264
-6.541098
-6.454806
-6.350253
-6.227734
-6.120524
-8.452413
354.005188
-5.999477
-5.995312
-5.971570
-5.952213
-5.958993
-5.947869
-8.171391
-5.878645
-5.835934
-9.903935
-5.715379
-5.618719
-8.597920
-5.388035
-5.268743
-5.371672
-5.056922
-4.990844
-4.971712
-4.933368
-5.640095
-4.878331
-4.875529
-8.582311
-4.847711
-4.813806
-8.782727
-4.763204
-4.752623
-5.978404
-3.275746
-3.203434
-1.211444
-2.302808
-3.076820
-6.556634
-4.260003
-7.763056
-5.148888
-5.487785
-5.756771
-6.006034
-6.215233
-6.407771
-6.578502
-6.736156
-6.892208
-7.033549
-7.181917
-8.099146
-7.404603
-10.880434
-7.578690
-7.636600
-7.813884
-7.718646
-7.727536
-7.728779
-7.733252
-7.729658
-11.338799
-7.646992
-7.583795
-7.671276
-7.471723
-7.446631
-7.397188
-7.372574
-8.508028
-7.363154
-7.384019
-7.407363
-7.426602
-7.399924
-10.195387
-7.341552
-7.304630
-7.374907
-7.245182
-7.206842
-7.147997
-7.058339
-8.107529
-6.872345
-6.794853
-10.730590
-6.702315
-6.661154
-10.591362
-6.633883
-6.650596
-7.609302
-6.593567
-6.538147
-6.467443
-6.415003
-6.344010
-6.254669
-6.189912
352.550049
-6.084841
-6.036143
-6.030842
-6.004245
-5.988295
-5.946202
-5.910612
-5.874820
-5.825799
-5.745839
-5.652022
-7.020533
-5.434368
-8.254843
-5.202053
-5.126174
-5.269710
-5.096391
-5.082170
-5.059043
-5.062808
-5.041770
-5.012577
-4.971661
-4.946366
-5.527069
-4.880585
-4.825652
-4.741933
-4.602654
-3.946341
-2.994140
-1.166433
-2.199658
-2.956295
-3.599722
-10.926377
-4.652580
-5.080224
-5.683661
-5.775137
-6.025554
-6.226408
-6.404274
-8.184531
-6.704320
-6.842176
-12.057532
-7.072630
-7.184819
-11.833805
-7.381486
-7.483687
-8.421264
-7.623907
-7.686365
-7.714977
-7.761159
-7.780126
-7.790958
-7.766192
-8.901463
-7.931695
-7.672115
-7.611670
-7.547182
-7.456017
-7.391563
-7.360293
-7.332954
-7.328448
-7.332654
-7.349196
-10.084080
-7.369055
-10.208141
-7.358943
-7.331672
-7.413464
-7.278436
-7.230048
-7.151324
-7.082899
-7.027916
-6.945991
-6.850100
-6.730496
-8.206184
-6.530841
-6.465983
-6.422509
-6.400031
-7.023350
-6.387980
-6.395452
-6.405331
-6.399390
-6.376710
-6.343892
353.715942
-6.242919
-6.848731
-6.104840
-6.047508
-5.973542
-5.878693
-7.813694
-5.640066
-5.537086
-5.430571
-5.349117
-5.291348
-8.844955
-5.191298
-5.136497
-5.566694
-5.021234
-4.951898
-4.910124
-4.891144
-5.271204
-4.850088
-4.835702
-8.105823
-4.796089
-4.787701
-8.865878
-4.743813
-4.710679
-6.570827
-3.245717
-3.137062
-0.806099
-2.253849
-3.011606
-3.646099
-4.173587
-9.033676
-5.392568
-5.390564
-5.775048
-6.021361
-6.277504
-6.505497
-6.712250
-6.882544
-7.061990
-7.201056
-7.321051
-10.520905
-7.479759
-11.959162
-7.612732
-7.624381
-8.429946
-7.625735
-7.588784
-7.557351
-7.525885
-7.506565
-7.533235
-7.553053
-7.583998
-9.314788
-7.619456
-7.635127
-7.650462
-7.676033
-9.580986
-7.701901
-7.664019
-7.621613
-7.577946
-7.505820
-7.436401
-7.324224
-7.201617
-7.773018
-6.974482
-6.900167
-6.863800
-6.854682
-7.347042
-6.834252
-6.820015
-10.423641
-6.828168
-6.840816
-10.987895
-6.818776
-6.800738
-8.436806
-6.729680
-6.668427
-6.579662
-6.514314
-6.415810
-6.317698
-6.212547
351.928162
-5.979943
-5.866672
-9.930484
-5.749753
-5.741438
-8.994366
-5.717878
-5.716264
-5.973398
-5.693629
-5.677226
-9.103932
-5.631037
-9.148150
-5.747921
-5.472116
-5.896059
-5.307129
-5.235945
-5.138697
-5.056743
-4.949515
-4.838598
-4.734503
-4.638598
-7.169784
-4.493484
-4.434200
-4.414104
-4.363512
-4.452004
-2.956206
-1.229954
-2.262619
-3.041795
-3.720439
-4.276340
-4.774281
-5.203167
-8.091726
-5.859709
-6.125699
-6.348531
-6.518290
-10.864397
-6.789489
-6.927062
-7.307119
-7.143668
-7.249750
-12.173100
-7.419010
-7.497474
-9.218219
-7.634830
-7.693214
-7.731956
-7.771908
-7.799330
-7.797153
-7.794610
-10.369632
-7.735387
-7.692432
-12.045131
-7.559612
-7.497736
-10.621631
-7.449530
-7.437938
-7.590390
-7.436992
-7.435311
-7.424411
-7.409974
-8.300763
-7.371675
-7.363569
-7.651407
-7.279065
-7.227452
-7.169909
-7.102433
-7.040353
-6.949625
-6.878035
-6.786408
-10.199507
-6.618254
-6.542372
-6.711303
-6.492266
-8.030121
-6.427335
-6.403348
-6.397708
-6.380320
-6.346234
-6.325205
353.733795
-6.238835
-8.747796
-6.132052
-6.069966
-6.017268
-5.921750
-8.487834
-5.690897
-5.596372
-5.577611
-5.418102
-5.380359
-5.343513
-5.327137
-5.295668
-6.735299
-5.234049
-5.229005
-5.226232
-5.170601
-5.144374
-5.129272
-5.080598
-7.889968
-4.959754
-4.889560
-8.926722
-4.714491
-4.618764
-6.934323
-2.985808
-2.860849
1.501808
-2.191462
-2.984572
-3.630390
-4.187999
-6.861211
-5.118350
-5.499130
-12.318965
-6.149529
-6.407422
-11.965476
-6.839380
-7.007331
-8.112332
-7.281102
-7.370960
-7.421403
-7.486104
-7.534109
-8.423309
-7.587890
-8.764687
-7.543624
-7.517497
-7.517384
-7.546170
-7.567050
-7.601635
-7.617002
-7.650651
-11.385639
-7.698075
-7.723008
-7.920712
-7.731525
-10.016027
-7.692786
-7.656202
-7.612692
-7.542429
-7.485343
-7.436592
-7.370894
-7.288709
-9.814002
-7.077187
-6.999553
-6.964955
-6.936167
-6.910737
-6.895642
-6.874043
-7.429627
-6.861895
-6.849613
-6.832640
-6.812178
-6.770016
-8.751678
-6.670024
-6.626244
-6.547137
-6.493686
-6.420700
-6.334309
-6.242286
352.219574
-5.995857
-5.899717
-9.955865
-5.814489
-5.796626
-9.292559
-5.770539
-5.771752
-6.245950
-5.732015
-5.704082
-5.667800
-5.618114
-5.947592
-5.469592
-5.387579
-8.702270
-5.202853
-5.112209
-4.966296
-4.883707
-4.821401
-4.795650
-4.763948
-4.743968
-4.736611
-4.752656
-4.732851
-5.515773
-4.652712
-5.451100
-3.118282
-1.234694
-2.245694
-3.017439
-3.638681
-4.175227
-4.638578
-5.058285
-11.306484
-5.730249
-5.995502
-6.526540
-6.447987
-11.210545
-6.803317
-6.959428
-7.513503
-7.242545
-7.359993
-7.462433
-7.545746
-7.608716
-10.643229
-7.688787
-7.706577
-7.730405
-7.714924
-7.699921
-7.648910
-7.607962
-9.846700
-7.542090
-7.516432
-11.936659
-7.524881
-7.512929
-10.884799
-7.546395
-7.556176
-7.798908
-7.541986
-7.539191
-7.518565
-7.505311
-8.223316
-7.433844
-7.382564
-11.167629
-7.233104
-7.152348
-11.164737
-6.923789
-6.829464
-8.068902
-6.706734
-6.693886
-6.680621
-6.658388
-6.651327
-8.469968
-6.645863
-8.266773
-6.581041
-6.554036
-6.536894
-6.497389
-6.448441
-6.397468
353.700378
-6.214396
-6.124211
-6.030296
-5.911082
-6.701366
-5.727840
-8.367609
-5.616584
-5.589091
-5.663194
-5.586698
-5.586343
-5.563323
-5.530445
-5.499166
-9.006843
-5.440833
-5.392022
-5.573629
-5.242878
-5.151163
-5.050288
-4.958242
-5.600086
-4.727616
-4.619419
-4.561103
-4.508287
-4.499168
-7.146783
-3.072005
-3.004727
0.204236
-2.247729
-3.035730
-3.698732
-4.263637
-7.572002
-5.208201
-5.565765
-12.460206
-6.148648
-6.383099
-11.616972
-6.756653
-6.876820
-7.614199
-7.079639
-7.172300
-7.244074
-7.336191
-7.835886
-7.507778
-7.576760
-11.560979
-7.691796
-7.720550
-12.339117
-7.796932
-7.814277
-9.659066
-7.785654
-7.773712
-7.750838
-7.715465
-7.675269
-9.431574
-7.545563
-9.639600
-7.423950
-7.371615
-7.333118
-7.299991
-7.266654
-7.248126
-7.257288
-7.249490
-7.249846
-7.242258
-7.222873
-7.973705
-7.173981
-10.276107
-7.131967
-7.086407
-7.214777
-6.957572
-6.903435
-6.850399
-6.786961
-6.701891
-10.099834
-6.534227
-6.444178
-6.531401
-6.256078
-6.182764
-6.137135
-6.111843
352.780945
-6.093679
-6.084774
-6.077137
-6.058054
-6.039357
-8.753560
-6.000675
-5.947834
-6.020281
-5.864821
-5.789363
-5.711732
-5.613360
-6.638698
-5.440563
-5.354705
-9.162720
-5.149789
-5.073598
-8.827566
-4.934400
-4.890359
-5.810896
-4.820823
-4.814831
-4.810719
-4.812932
-4.790586
-4.770845
-4.705827
-4.551038
-3.238118
-1.228246
-2.269722
-3.051562
-3.695263
-4.222464
-4.683179
-5.072505
-5.427925
-5.757523
-6.036899
-8.645230
-6.507519
-10.563405
-6.882475
-7.052462
-7.348940
-7.340357
-7.449178
-7.534534
-7.584847
-7.619955
-7.636536
-7.661716
-7.653255
-8.444050
-7.589793
-7.573817
-7.557637
-7.567392
-8.233161
-7.603746
-7.615088
-7.635825
-7.666509
-7.660673
-11.283900
-7.667440
-7.652225
-7.801258
-7.582796
-7.531377
-7.477502
-7.440737
-9.036908
-7.247735
-7.143637
-11.273717
-6.981616
-6.932935
-10.447978
-6.847168
-6.835065
-7.225593
-6.799050
-6.793033
-6.816159
-6.816494
-7.310986
-6.752762
-6.684877
-10.232091
-6.557218
-6.475570
-10.472067
-6.227092
-6.100334
-7.596890
354.063263
-5.891000
-5.847848
-5.836523
-5.801047
-5.769387
-5.713429
-7.538629
-5.610778
-5.540091
-5.461771
-5.394374
-5.347055
-5.321192
-5.324419
-5.294055
-5.263727
-5.246283
-5.240590
-6.719045
-5.160430
-8.370102
-5.095961
-5.063202
-5.117055
-4.929646
-4.845464
-4.763298
-4.648060
-4.548250
-4.415363
-2.955820
-2.830216
39.739491
-2.220723
-2.990705
-3.640649
-4.198586
-6.312487
-5.135835
-5.542563
-5.883068
-6.169310
-6.414490
-11.122679
-6.794315
-6.929610
-7.177205
-7.163473
-7.229585
-7.269152
-7.308257
-8.919631
-7.385252
-7.444232
-12.135697
-7.593985
-7.636087
-11.807255
-7.718644
-7.732758
-8.426660
-7.710129
-7.682392
-7.590978
-7.509630
-7.457771
-7.401922
-7.372391
-8.247122
-7.414691
-7.315085
-7.335564
-7.351457
-7.374161
-7.370462
-7.366933
-7.342230
-7.326447
-7.288758
-7.259674
-9.499152
-7.157123
-9.385587
-7.026044
-6.929749
-6.854812
-6.712464
-6.603097
-6.529680
-6.458674
-6.410639
-6.390537
-6.356792
-6.326002
-7.466945
-6.338641
-9.600863
-6.344622
-6.338906
353.474670
-6.247864
-6.195313
-6.133459
-6.044789
-5.981232
-9.624628
-5.791029
-5.657648
-5.910028
-5.417963
-5.338940
-5.283179
-5.228684
-6.373208
-5.136551
-5.113791
-5.115641
-5.113159
-5.119578
-8.021577
-5.105455
-5.067691
-5.151523
-4.983545
-4.940526
-4.874519
-4.809183
-5.810511
-4.650129
-4.523956
-6.930147
-2.900434
-1.177921
-10.949117
-2.954314
-3.582196
-5.789268
-4.621851
-5.048395
-5.416471
-5.746225
-6.034570
-6.292674
-6.526800
-8.410823
-6.969099
-7.057113
-7.179275
-7.293884
-7.378233
-7.440382
-7.481298
-7.504193
-7.512859
-7.509525
-7.510836
-9.704495
-7.486802
-10.521242
-7.490322
-7.494139
-7.604491
-7.544394
-7.552140
-7.580012
-7.610548
-7.602688
-7.609186
-7.612601
-7.593523
-8.518407
-7.558624
-7.536213
-7.476382
-7.431038
-7.962648
-7.334594
-7.265501
-7.192514
-7.091235
-7.011509
-10.594648
-6.865862
-6.803722
-6.984432
-6.666763
-6.599725
-6.522871
-6.468782
-8.288728
-6.420843
-6.414074
-10.586087
-6.432621
-6.427431
-9.861708
-6.402231
-6.352080
-6.660061
353.742828
-6.206897
-6.145631
-6.089732
-6.605630
-5.903081
-5.775242
-9.306228
-5.537969
-5.450889
-9.435056
-5.340647
-5.301908
-6.656726
-5.215068
-5.196930
-5.203028
-5.210560
-5.193318
-5.185524
-5.154823
-6.754837
-5.066516
-5.005418
-4.937114
-4.833607
-4.702153
-4.591204
-4.488691
-4.416864
-4.315376
-2.890698
-2.822621
84.190834
-2.221365
-9.267184
-3.656590
-4.210443
-4.961612
-5.149325
-5.504662
-5.823440
-6.103992
-6.338648
-6.521637
-6.660238
-6.778476
-7.638447
-7.029331
-7.137176
-7.219127
-7.304401
-8.033227
-7.461351
-7.524005
-7.589860
-7.648736
-7.692996
-11.247441
-7.737014
-7.736541
-7.830079
-7.722961
-7.694786
-7.637709
-7.570231
-9.582789
-7.464633
-7.426387
-11.725362
-7.312471
-7.278602
-10.604694
-7.280362
-7.257440
-7.490721
-7.254249
-7.251217
-7.247688
-7.228215
-7.964754
-7.185487
-7.141932
-10.980082
-7.034104
-6.958504
-10.896276
-6.736588
-6.623397
-7.628944
-6.466024
-6.438834
-6.428102
-6.416461
-6.406995
-6.407842
-6.396712
-7.595219
-6.329568
-6.308279
353.747559
-6.211760
-6.153267
-6.087233
-5.976939
-5.864163
-5.771335
-5.668891
-5.580015
-6.441703
-5.450857
-7.930273
-5.410985
-5.360274
-5.351289
-5.283319
-5.237383
-5.198451
-5.157869
-5.133430
-8.604568
-5.024976
-4.968653
-5.138532
-4.875382
-8.094039
-4.762026
-4.734112
-4.963950
-4.630396
-4.552660
-3.119608
-3.042300
-1.166542
-6.405757
-2.957333
-3.607263
-4.163233
-4.633121
-5.053477
-5.414948
-5.742291
-9.847373
-6.259063
-6.480991
-12.339343
-6.812681
-6.965756
-10.530394
-7.207052
-7.298842
-7.456940
-7.446074
-7.504955
-7.549559
-7.579931
-9.023423
-7.634412
-7.649077
-12.109138
-7.677998
-7.683579
-11.709409
-7.673540
-7.652894
-8.283407
-7.627033
-7.594126
-7.577982
-7.560547
-7.898372
-7.510609
-7.487023
-8.249210
-7.398798
-7.373378
-7.336484
-7.291748
-7.257537
-7.217663
-7.178306
-7.134876
-7.081834
-7.041125
-6.990548
-7.392850
-6.906585
-8.862349
-6.809315
-6.768190
-6.707649
-6.668860
-6.610783
-6.577175
-6.517848
-6.471705
-9.419740
-6.378872
-6.310553
-6.320533
353.795990
351.054474
-6.101904
-6.055677
-6.083940
-5.951985
-5.895686
-5.852474
-5.785263
-5.730571
-7.437226
-5.634728
-5.584896
-5.525483
-5.462184
-5.423678
-5.351092
-5.299967
-8.332494
-5.210721
-5.117544
-9.191445
-5.034824
-4.981820
-7.006251
-4.867717
-4.820268
-4.764035
-4.697654
-4.651707
-4.571511
-3.156395
-4.886609
-1.181268
-2.203388
-12.528368
-3.610568
-4.157454
-10.959502
-5.064664
-5.420849
-6.212748
-6.028238
-6.272238
-6.486687
-6.675709
-11.419377
-7.799274
-7.113322
-7.676440
-7.309797
-7.387623
-7.452993
-7.517441
-7.556800
-7.593203
-7.628428
-7.641529
-11.273152
-7.673789
-7.688610
-7.890193
-7.685337
-8.991957
-7.666055
-7.651042
-7.640435
-7.610765
-7.600686
-7.579505
-7.547337
-7.522641
-9.810333
-7.463854
-7.417663
-7.388439
-7.342659
-9.755438
-7.258002
-7.222000
-7.199234
-7.131358
-7.089996
-7.049068
-7.007384
-6.952836
-7.988856
-6.863247
-6.820749
-6.770485
-6.715435
-7.047977
-6.622271
-6.567968
-9.904584
-6.463631
-6.420658
-10.519469
-6.315239
-6.272625
351.946045
-6.169276
-6.118529
-6.072575
-5.996186
-5.956084
-5.902803
-5.858238
-7.815222
-5.731104
-5.670926
-9.750710
-5.581207
-5.524486
-8.612390
-5.419909
-5.343381
-5.520508
-5.243069
-5.210380
-8.735168
-5.095080
-8.349447
-5.262473
-4.921015
-5.159844
-4.806798
-4.765025
-4.688209
-4.643128
-4.558298
-3.130840
-3.048259
-1.196486
-7.380930
-2.965024
-3.604271
-4.179325
-4.644179
-6.521312
-5.425228
-5.746853
-6.033628
-6.270858
-6.486619
-6.678679
-6.829818
-6.978569
-8.949618
-7.216925
-7.312622
-7.386481
-7.449910
-9.964151
-7.553821
-7.589587
-7.629828
-7.634460
-7.650082
-7.664282
-7.669125
-7.680767
-8.216883
-7.674296
-7.659828
-7.635569
-7.630974
-8.092963
-7.583973
-7.568710
-11.230618
-7.508988
-7.486846
-11.724280
-7.407500
-7.383657
-8.928164
-7.292308
-7.255632
-7.208504
-7.169337
-7.135990
-7.084430
-7.040203
-9.443590
-6.954038
-6.904359
-11.074537
-6.816308
-6.769993
-9.639957
-6.666716
-6.621124
-6.679819
-6.520171
-6.464451
-9.515895
-6.377451
-9.367909
-6.328320
353.800262
-6.329690
-6.102273
-6.049735
-5.992293
-5.949594
-5.894074
-5.845397
-5.771752
-5.725900
-7.601943
-5.635179
-5.585155
-5.541111
-5.478289
-6.005925
-5.359295
-5.312043
-5.263314
-5.220591
-5.120993
-5.093523
-5.030753
-4.979703
-5.745303
-4.863673
-4.800986
-4.759575
-4.691316
-6.286252
-4.554050
-3.150388
-3.097184
-1.207742
-2.218236
-10.590056
-3.609940
-4.170896
-5.066742
-5.069760
-5.439837
-5.761846
-6.048278
-7.244468
-6.499883
-6.681050
-11.918644
-7.000135
-7.123646
-12.161890
-7.328181
-7.402373
-8.656048
-7.525953
-7.567341
-7.607750
-7.642021
-7.657098
-7.686727
-7.693899
-8.961326
-7.839318
-7.695392
-7.693536
-7.677448
-7.661943
-7.652271
-7.625915
-7.609316
-7.595150
-7.562821
-7.538002
-9.801270
-7.480260
-9.952756
-7.404272
-7.365752
-7.354893
-7.287173
-7.245496
-7.196822
-7.157941
-7.105303
-7.058931
-7.023948
-6.983926
-7.912522
-6.883944
-10.058900
-6.785279
-6.735188
-6.909830
-6.646832
-6.596136
-6.537164
-6.486034
-6.442733
-9.950924
-6.331235
-6.288800
353.570526
-6.181680
-6.132408
-6.081850
-6.022428
-6.987374
-5.925247
-5.867759
-5.803198
-5.751213
-5.698259
-8.214982
-5.602121
-5.539908
-5.537466
-5.429717
-5.372839
-5.318286
-5.260247
-6.552676
-5.138069
-5.104151
-9.055853
-5.003192
-4.940652
-8.517401
-4.827179
-4.781896
-5.329447
-4.671371
-4.591947
-3.164687
-3.072783
-1.691312
-2.209630
-2.977564
-11.129719
-4.176470
-4.667675
-12.541236
-5.451674
-5.781456
-6.060634
-6.294716
-6.519950
-6.702708
-6.860605
-7.012980
-8.782845
-7.252507
-9.925060
-7.420123
-7.487143
-7.557105
-7.590079
-7.625531
-7.655783
-7.676911
-7.690742
-7.700392
-7.711042
-7.723250
-8.178948
-7.713856
-10.865451
-7.678387
-7.670347
-7.796392
-7.619705
-7.609424
-7.570765
-7.545123
-7.519774
-10.633451
-7.440960
-7.414080
-7.424942
-7.336513
-7.299796
-7.250810
-7.207586
-8.103751
-7.108062
-7.070796
-11.252183
-6.987724
-6.943550
-9.397248
-6.849121
-6.800087
-6.780964
-6.694651
-6.651600
-6.598786
-6.555523
-7.981040
-6.446927
-6.409662
-10.431958
-6.307719
353.769196
350.214142
-6.138445
-6.085962
-6.535825
-5.974771
-5.917009
-5.865273
-5.798103
-6.210775
-5.696839
-5.654495
-9.112593
-5.554935
-5.486868
-5.426261
-5.371740
-5.328210
-5.275861
-5.224518
-5.159358
-5.113556
-5.049905
-4.999790
-5.810196
-4.882784
-6.648101
-4.779622
-4.720201
-4.677333
-4.583829
-3.156290
-3.068555
-1.217864
-2.207677
-10.676076
-3.632165
-4.172740
-5.047174
-5.082710
-10.166335
-5.776954
-6.062922
-6.450520
-6.523877
-6.704061
-6.853185
-7.006334
-7.130483
-10.434235
-7.338593
-7.409967
-7.489246
-7.540134
-7.583204
-7.614579
-7.649936
-8.542773
-7.689141
-7.705096
-12.265070
-7.724375
-7.710484
-10.231182
-7.694864
-7.669956
-7.684571
-7.630299
-7.612837
-7.599101
-7.565632
-9.140324
-7.516810
-7.488907
-11.677556
-7.415575
-7.370409
-10.981082
-7.293867
-7.252223
-7.722466
-7.174600
-7.124174
-7.070823
-7.019577
-7.453953
-6.931242
-6.882632
-7.503877
-6.797205
-6.735339
-6.687630
-6.646546
-6.596613
-6.544595
-6.488042
-6.444591
-6.391235
-6.330129
-6.287994
353.278534
-6.183414
-7.980765
-6.076809
-6.007538
-5.966138
-5.916135
-5.866994
-5.792981
-5.745803
-5.684627
-8.683178
-5.591794
-5.545550
-5.540963
-5.429758
-8.038253
-5.313983
-5.256880
-5.278463
-5.152911
-5.096044
-5.038430
-4.991301
-4.924935
-6.760335
-4.807686
-4.774697
-4.704443
-4.651768
-4.575366
-3.156310
-3.059154
48.719048
-2.204221
-2.983110
-12.744663
-4.171675
-4.655736
-8.690436
-5.451407
-5.786155
-6.086855
-6.321648
-6.539880
-6.723677
-6.867699
-9.334998
-7.098938
-7.163209
-12.270735
-7.297049
-7.366183
-11.316375
-7.516276
-7.585880
-7.978001
-7.716627
-7.752914
-7.776122
-7.765261
-8.524106
-7.729551
-7.676001
-7.973235
-7.507588
-7.463102
-7.425663
-7.438776
-7.456968
-7.463172
-7.482589
-7.495124
-11.053371
-7.478717
-7.469247
-7.628153
-7.418824
-8.756689
-7.286914
-7.223392
-7.154868
-7.094088
-7.003682
-6.883710
-6.760579
-6.667706
-9.078770
-6.584875
-6.558640
-6.518111
-6.510195
-8.721557
-6.551275
-6.540196
-6.516961
-6.478523
-6.419798
-6.350933
-6.308567
353.769714
-7.384066
-6.008672
-5.868161
-5.731407
-5.675212
-8.942497
-5.536905
-5.472385
-8.981565
-5.427839
-5.474656
-9.524576
-5.499501
-5.466979
-6.835807
-5.341831
-5.294053
-5.244128
-5.205626
-5.083420
-4.948566
-4.792100
-7.100463
-4.561474
-4.494181
-8.525562
-4.387719
-4.358126
-7.071677
-4.339063
-2.996555
-3.104212
-1.219613
-2.254519
-3.035470
-3.699894
-6.528159
-4.728921
-5.103064
-5.620721
-5.718337
-5.969827
-6.188787
-6.397608
-6.588221
-6.756516
-6.922226
-7.065640
-10.913192
-7.306670
-11.996095
-7.534245
-7.552539
-8.527916
-7.641240
-7.657046
-7.643670
-7.597863
-7.554314
-7.520074
-7.489828
-7.460079
-9.464186
-7.445480
-7.456392
-7.477988
-7.496588
-9.174618
-7.519007
-7.516680
-7.510893
-7.511817
-7.481640
-7.444328
-7.382592
-7.294308
-8.029901
-7.073641
-6.971285
-6.905200
-6.858711
-9.765259
-6.802949
-6.797110
-10.771813
-6.851957
-6.840257
-10.811451
-6.798598
-6.749750
-7.642969
-6.632872
-6.538475
-6.431037
-6.273042
-6.150073
-6.041078
-5.945411
-8.967354
354.140289
-5.858175
-9.997256
-5.864104
-5.875783
-8.042201
-5.871001
-5.854003
-5.795180
-5.710887
-5.632908
-5.524311
-5.408786
-7.609197
-5.330074
-5.077497
-5.025661
-4.963922
-4.945642
-4.961979
-4.964452
-5.000729
-4.981282
-4.974492
-4.935277
-7.236843
-4.810992
-8.143517
-4.674589
-4.547430
-4.739063
-2.908265
-2.764041
-1.192961
-2.205423
-2.989558
-3.640635
-4.199856
-4.703172
-7.250980
-5.530221
-5.875671
-6.163484
-6.398603
-7.754138
-6.771160
-6.906125
-7.035106
-7.130404
-7.203196
-7.241403
-7.269289
-7.303182
-7.814764
-7.425741
-7.486022
-7.546105
-7.582111
-9.904449
-7.681632
-7.719812
-12.211296
-7.748003
-7.751130
-11.359015
-7.697935
-7.670238
-8.009891
-7.526982
-7.440507
-7.350365
-7.281159
-7.819670
-7.211902
-7.220960
-11.020570
-7.238826
-7.247673
-11.429177
-7.239383
-7.209922
-8.599473
-7.136230
-7.077857
-7.006886
-6.929244
-6.835988
-6.721426
-6.597305
-8.103656
-6.459972
-6.345246
-6.293890
-6.236881
-6.161764
-6.079966
-6.024753
-5.980440
-5.968565
-5.951839
354.061920
-7.905906
-6.003590
-8.856656
-5.975231
-5.962955
-6.041347
-5.889097
-5.811805
-5.738126
-5.663644
-5.603815
-5.533000
-5.428904
-5.283492
-5.974971
-5.026665
-8.462427
-4.874410
-4.814973
-5.197088
-4.765715
-4.756849
-4.782966
-4.804902
-4.796956
-8.148660
-4.716415
-4.647460
-4.753716
-4.539010
-3.132920
-3.053816
-1.230773
-4.442856
-2.979381
-3.602359
-12.696831
-4.590029
-4.989417
-9.936192
-5.656518
-5.948154
-6.294532
-6.425550
-6.636394
-6.820485
-7.004186
-8.747360
-7.289957
-7.400779
-12.299781
-7.577631
-7.628126
-11.836679
-7.664630
-7.675486
-8.223880
-7.608915
-7.564620
-7.521965
-7.495292
-7.911971
-7.446730
-7.431057
-11.206642
-7.454137
-7.478693
-11.831634
-7.543097
-7.542177
-7.537432
-7.500882
-7.468861
-7.437654
-7.401621
-7.373805
-8.206304
-7.283253
-8.874318
-7.204062
-7.161091
-7.082804
-6.971901
-6.855085
-6.733272
-6.646081
-6.570096
-9.978632
-6.511594
-6.504819
-6.642168
-6.496350
-8.881107
-6.492413
-6.468330
-6.467731
-6.402764
-6.360113
-6.312911
353.774048
-6.136765
-8.300992
-5.912789
-5.779614
-5.668342
-5.561389
-8.904434
-5.418878
-5.411957
-5.757682
-5.399523
-5.383022
-9.512415
-5.377585
-5.367384
-6.831427
-5.297167
-5.280526
-5.256640
-5.184910
-5.126499
-5.045882
-4.924556
-7.206184
-4.662995
-4.544710
-8.533384
-4.321796
-4.251075
-6.888182
-2.807813
-2.758731
3.832460
-2.242129
-3.025430
-3.678420
-4.245864
-6.872611
-5.198953
-5.580273
-12.377424
-6.161516
-6.391534
-6.579475
-6.736996
-6.880720
-6.997089
-7.086059
-7.148900
-11.521179
-7.229301
-7.275671
-7.590732
-7.404590
-8.399347
-7.527240
-7.590774
-7.653646
-7.709275
-7.754551
-7.792864
-7.802183
-7.809314
-10.335672
-7.756292
-7.721888
-7.660185
-7.589806
-9.218456
-7.442006
-7.357176
-7.262139
-7.183407
-7.098809
-7.057933
-7.071691
-7.073073
-8.487661
-7.084318
-7.103603
-7.110697
-7.099163
-10.075839
-7.090289
-7.080191
-7.184191
-7.023852
-6.959633
-10.853668
-6.794966
-6.712683
-7.692643
-6.508586
-6.389810
-6.279749
-6.156521
-6.030532
-5.931163
-5.899001
351.254303
-5.823177
-5.806430
-9.941344
-5.809803
-5.842976
-8.269628
-5.836340
-5.807188
-5.827492
-5.778378
-5.775007
-5.747208
-5.685993
-7.202447
-5.467679
-5.327357
-9.261313
-5.085046
-5.015637
-4.917488
-4.828403
-4.768474
-4.713326
-4.668605
-4.657845
-7.676980
-4.723566
-8.355077
-4.727003
-4.584455
-3.717977
-3.060099
-1.225118
-2.237047
-2.964327
-3.588985
-4.119301
-4.581485
-4.977293
-8.464450
-5.635508
-5.924536
-6.176096
-6.398830
-8.303404
-6.770133
-6.940221
-7.090930
-7.232464
-7.355341
-7.458430
-7.547298
-7.608622
-8.556843
-7.654082
-7.676324
-7.660813
-7.623057
-10.447057
-7.512337
-7.491560
-11.745339
-7.437426
-7.404314
-11.493196
-7.380597
-7.366282
-8.246778
-7.409901
-7.442473
-7.463157
-7.470193
-7.489645
-7.486907
-7.497223
-10.764249
-7.453220
-7.409407
-11.564361
-7.253041
-7.183432
-9.323127
-7.033051
-6.947572
-6.850410
-6.791646
-6.758513
-6.731778
-6.674411
-9.034502
-6.763787
-6.557890
-6.585453
-6.548092
-6.523190
-6.466666
-6.410346
-6.311277
-6.196114
353.933441
-5.969056
-8.375701
-5.785147
-9.236701
-5.690526
-5.666151
-6.104562
-5.632498
-5.646260
-5.636829
-5.626696
-5.607927
-5.588936
-5.571030
-5.537429
-6.780924
-5.386657
-5.300982
-5.181283
-5.049399
-6.039245
-4.824065
-4.721426
-4.612175
-4.530313
-4.451991
-4.414917
-4.372169
-4.361888
-4.732065
-2.868373
-2.749192
-1.167321
-2.185055
-7.779105
-3.518826
-4.052952
-12.261282
-4.958537
-5.324236
-11.657693
-5.987681
-6.248940
-7.442122
-6.695776
-6.868156
-7.047130
-7.194430
-7.323131
-7.420546
-7.495913
-11.332113
-7.596025
-7.624372
-12.385942
-7.724083
-7.753364
-9.933918
-7.769138
-7.767758
-7.755806
-7.702272
-7.646770
-7.544493
-7.473785
-9.684471
-7.413427
-7.355947
-7.406578
-7.415214
-7.434118
-7.448043
-7.452353
-7.448323
-7.455061
-7.447571
-7.425156
-9.305379
-7.351938
-10.787166
-7.217261
-7.131476
-7.296171
-7.020697
-6.940063
-6.815948
-6.674365
-6.545246
-6.465353
-6.395400
-6.338826
-7.033326
-6.263054
-6.253602
-6.260201
-6.275544
-7.171201
-6.280623
-6.301408
353.743134
-6.227455
-6.190286
-9.523009
-6.048082
-5.976997
-6.026101
-5.810523
-5.709789
-5.609964
-5.452017
-6.961820
-5.225792
-5.161666
-9.191809
-5.068700
-5.045073
-8.496715
-5.078694
-5.077177
-5.396229
-5.036088
-5.016335
-4.988842
-4.934662
-5.511714
-4.841673
-4.789662
-8.346355
-4.643784
-4.545905
-7.124612
-3.054734
-1.225241
-4.488537
-3.064963
-3.701150
-4.253733
-4.724427
-5.100072
-5.416081
-5.706747
-8.114389
-6.193985
-6.427920
-6.629974
-6.809433
-6.991574
-7.139376
-7.275644
-7.390473
-7.498102
-7.554482
-7.598267
-8.709356
-7.661131
-10.691372
-7.650102
-7.626160
-7.607249
-7.532673
-7.506302
-7.462838
-7.463985
-7.479194
-11.268332
-7.499176
-7.497326
-7.752463
-7.538756
-11.128367
-7.541454
-7.536515
-7.899259
-7.482085
-7.439488
-7.381680
-7.306331
-7.220067
-9.668663
-6.995222
-6.887548
-6.805895
-6.735597
-6.729887
-6.718355
-6.699057
-9.130939
-6.672765
-6.676515
-10.864952
-6.644039
-6.623228
-9.420761
-6.575181
-6.511169
-6.538847
-6.345623
-6.257906
-6.166812
353.972687
352.930603
-5.792619
-5.703075
-9.633166
-5.631636
-5.627997
-9.410210
-5.585985
-5.584528
-6.287022
-5.587067
-5.574090
-5.545086
-5.517673
-5.498033
-6.483968
-5.357792
-6.098837
-5.137167
-5.010009
-4.908172
-4.796212
-4.671026
-4.575189
-4.504706
-4.461040
-8.063659
-4.419065
-4.398197
-4.820902
-3.000069
-4.681040
-1.237521
-2.290760
-3.069143
-3.732979
-4.278403
-4.751864
-5.163962
-5.526799
-9.770738
-6.065012
-6.260012
-6.442831
-6.581739
-10.370199
-6.861227
-7.013745
-7.246759
-7.246154
-7.342273
-7.441801
-7.540985
-7.611388
-9.275565
-7.714349
-7.733624
-7.740101
-7.743483
-7.724172
-7.703586
-7.660861
-10.904459
-7.636460
-7.658122
-12.084996
-7.668825
-7.647866
-9.829168
-7.556890
-7.523638
-7.476279
-7.388838
-7.251655
-7.147846
-7.074007
-8.984358
-6.992492
-6.964154
-11.169328
-6.946827
-6.970065
-10.324397
-6.967741
-6.944516
-7.179082
-6.850366
-6.798810
-6.753669
-6.683005
-10.046293
-6.918661
-6.336575
-6.597215
-6.139785
-6.088984
-6.051487
-6.002703
-5.992943
354.055847
-5.966023
-5.963470
-9.071834
-5.914155
-5.897248
-5.914551
-5.792723
-6.836497
-5.669974
-5.543693
-5.447157
-5.330662
-5.216759
-5.116945
-5.051925
-4.994208
-7.038258
-4.938716
-4.940553
-4.928088
-4.961270
-7.292926
-4.927158
-4.892567
-4.857184
-4.753140
-4.716094
-4.661612
-4.606108
-4.486530
-4.039119
-2.781752
-1.185994
-2.178717
-2.951637
-3.871413
-4.117020
-4.607952
-11.111622
-5.409886
-5.744456
-12.381878
-6.302523
-6.530345
-9.073651
-6.893469
-7.044668
-7.169777
-7.272888
-7.337269
-7.391652
-7.415986
-9.991181
-7.418726
-7.423794
-12.121064
-7.466193
-7.502272
-10.811405
-7.568464
-7.600162
-7.765957
-7.642844
-7.649820
-7.654891
-7.666713
-10.974296
-7.923218
-7.628935
-7.780933
-7.550716
-7.518866
-7.459531
-7.359060
-7.246016
-7.163216
-7.065272
-6.997724
-9.612341
-6.889135
-6.847394
-6.838318
-6.820332
-7.448232
-6.809906
-6.822424
-6.822676
-6.821991
-6.784842
-6.777235
-6.753541
-6.719656
-8.065938
-6.594347
-6.503752
-6.410481
-6.307127
-7.919390
-6.087801
354.036652
-5.873556
-5.794354
-5.707815
-5.631686
-5.588155
-5.536473
-5.980621
-5.459640
-5.440480
-5.431063
-5.484300
-6.281739
-5.483942
-5.467798
-9.220663
-5.368714
-5.314283
-9.187811
-5.170115
-5.085428
-6.139587
-4.876357
-4.742969
-4.589826
-4.476757
-4.377774
-4.318392
-4.268821
-7.159916
-4.219207
-2.845133
-6.951211
-1.206212
-2.239000
-7.763765
-3.690727
-4.257680
-4.789471
-5.146627
-5.507046
-10.466733
-6.063865
-9.988879
-6.475451
-6.581513
-6.776136
-6.865092
-6.996731
-7.121367
-7.219380
-7.302804
-7.383664
-7.470849
-7.544440
-9.888680
-7.663664
-11.653754
-7.703148
-7.727048
-8.042096
-7.724217
-7.699441
-7.671353
-7.603221
-7.524643
-7.429672
-7.355251
-7.299420
-8.030253
-7.262149
-7.259627
-7.268532
-7.278012
-8.559834
-7.287707
-7.304744
-7.286052
-7.281443
-7.254375
-10.669706
-7.205220
-7.166023
-7.236044
-7.027281
-6.954529
-6.898649
-6.836801
-8.001456
-6.750022
-6.701761
-10.705639
-6.638008
-6.605288
-10.332741
-6.475761
-6.417680
-6.997509
-6.214411
-6.103401
354.046173
-5.845593
-5.766255
-5.701121
-5.661534
-6.514151
-5.783029
-5.632336
-5.604987
-5.604459
-5.583922
-5.571303
-5.552439
-5.507697
-5.485884
-5.442680
-5.382962
-7.632231
-5.298913
-7.336740
-5.107326
-5.012572
-4.898698
-4.785958
-4.654344
-4.548023
-4.445051
-4.396113
-4.350940
-4.315258
-4.219958
-3.886693
-2.607534
101.730972
-2.159825
-2.916229
-3.821662
-4.089685
-4.589292
-5.019619
-5.412066
-5.754626
-11.708402
-6.303513
-6.534109
-7.138836
-6.899445
-7.075613
-7.225829
-7.369686
-8.535787
-7.523479
-7.567114
-7.585235
-7.597079
-7.586946
-10.672419
-7.528640
-7.499249
-7.521273
-7.486712
-7.481610
-7.475513
-7.491666
-9.134580
-7.553303
-7.582771
-11.906565
-7.599337
-7.585338
-11.304290
-7.513892
-7.476054
-7.951961
-7.310818
-7.203812
-7.098623
-6.993036
-7.408574
-6.868299
-6.822658
-10.401291
-6.771866
-6.773750
-10.939771
-6.767000
-6.789038
-8.363376
-6.798605
-6.791290
-6.756840
-6.710607
-6.672829
-8.051895
-6.572408
-8.257553
-6.451818
-6.381139
-6.283410
-6.182276
353.942841
-5.962690
-5.847206
-5.754971
-5.675481
-5.663806
-5.667776
-6.100901
-5.601012
-8.270637
-5.587255
-5.570415
-5.548013
-5.506236
-5.480202
-5.439949
-5.377307
-5.291997
-8.159335
-5.121225
-4.987961
-4.906116
-4.747014
-4.647913
-4.557881
-4.513524
-5.094492
-4.489516
-4.471684
-4.454109
-4.431243
-3.051890
-5.090971
-1.215665
-2.282645
-3.060947
-3.692722
-4.237286
-4.703014
-5.102422
-8.614776
-5.729457
-5.972067
-12.266815
-6.376584
-6.553127
-11.053485
-6.910394
-7.056297
-7.481301
-7.297698
-7.398960
-7.494126
-7.569893
-8.464160
-7.644834
-7.673687
-11.972609
-7.681168
-7.665944
-11.966686
-7.577276
-7.520782
-7.493201
-7.443176
-7.442319
-7.467398
-7.476985
-7.479150
-8.073508
-7.454911
-8.688943
-7.338713
-7.224340
-7.109280
-7.042517
-6.985439
-6.926210
-6.891262
-6.873606
-10.074142
-6.855706
-6.849028
-6.920907
-6.879640
-9.007425
-6.874620
-6.836624
-6.787376
-6.736621
-6.666108
-6.605394
-6.517674
-6.406174
-8.255448
-6.167037
-6.098109
-6.061992
-5.993509
-9.359503
354.084564
-5.909087
-6.183115
-5.843559
-5.789204
-9.827489
-5.703594
-5.660846
-6.997512
-5.566087
-5.508859
-5.465326
-5.429550
-5.382828
-5.335320
-5.293345
-7.704728
-5.183656
-5.138431
-9.207529
-5.013315
-4.968578
-7.602423
-4.871267
-4.808132
-4.833777
-4.682113
-4.645285
-4.566528
-4.529111
-5.699981
-3.010434
-2.915781
99.953239
-2.181326
-2.955803
-3.588329
-4.127975
-4.606258
-5.033799
-5.392197
-5.714608
-10.871943
-6.234720
-11.812029
-6.743505
-6.794355
-7.841399
-7.063605
-7.177303
-7.262253
-7.336279
-7.398821
-7.460052
-7.496076
-7.531448
-9.801787
-7.569633
-7.598207
-7.613175
-7.622111
-9.163302
-7.618305
-7.616349
-7.597707
-7.586436
-7.571685
-7.539085
-7.519086
-7.507375
-8.318465
-7.437530
-7.412711
-7.384576
-7.333207
-10.062158
-7.258511
-7.224293
-11.242249
-7.139594
-7.092115
-10.973921
-7.008990
-6.958056
-7.717949
-6.873072
-6.826590
-6.780643
-6.732106
-6.682021
-6.625864
-6.580109
-9.781096
-6.477099
-6.428086
-10.543098
-6.319941
-6.271133
-8.204373
-6.172577
353.902863
-6.054064
-6.010093
-5.952295
-5.894348
-5.851828
-7.963581
-5.834373
-5.673835
-5.640045
-5.563595
-5.519571
-5.468536
-5.404712
-5.344814
-5.297320
-5.230594
-5.181204
-7.150119
-5.094396
-8.298254
-4.969528
-4.916799
-5.152862
-4.799492
-4.746952
-4.685740
-4.637519
-4.572246
-4.520751
-4.445911
-3.017169
-3.825726
-1.165477
-2.191148
-2.939561
-3.593957
-5.538764
-4.613423
-5.030227
-5.387286
-5.715243
-5.994812
-11.360497
-6.447721
-6.626244
-7.038870
-6.927124
-7.054880
-7.170613
-7.253872
-9.300426
-7.397223
-7.457236
-12.237751
-7.530570
-7.562807
-11.398910
-7.601209
-7.614585
-8.012598
-7.629906
-7.610008
-7.614018
-7.596225
-8.231938
-7.569322
-7.538608
-11.403675
-7.506449
-7.477359
-11.659592
-7.420750
-7.388777
-8.674731
-7.311518
-7.270518
-7.230071
-7.194399
-7.146855
-7.108603
-7.054635
-8.501879
-6.957141
-6.919507
-6.874152
-6.828052
-6.773157
-6.721301
-6.682676
-6.626821
-6.578305
-6.530146
-6.483915
-7.526107
-6.379729
-9.085306
-6.286555
-6.218496
-6.210608
353.892273
-6.073435
-6.009409
-5.966857
-5.894744
-9.478057
-5.792345
-5.745062
-5.940868
-5.627778
-8.980180
-5.525650
-5.480093
-5.778105
-5.354704
-5.304629
-5.250156
-5.190794
-5.134278
-7.705379
-5.033294
-4.973039
-4.917461
-4.864580
-4.803379
-4.743401
-4.682905
-7.069272
-4.578584
-4.529740
-8.549570
-3.022240
-2.926754
99.649414
-2.185397
-2.950120
-3.725698
-4.125817
-4.616087
-5.030500
-5.394123
-7.550379
-6.001526
-6.236168
-12.140425
-6.641448
-6.793598
-11.725691
-7.067065
-7.173813
-8.035062
-7.341262
-7.406008
-7.464433
-7.504514
-7.873331
-7.569897
-7.589652
-8.432067
-7.624849
-7.629078
-7.642844
-7.627646
-7.620933
-7.602722
-7.593857
-7.582740
-11.452507
-7.530284
-7.501879
-7.887197
-7.436574
-9.347410
-7.384672
-7.320763
-7.296450
-7.269002
-7.217934
-7.189700
-7.139519
-7.094581
-9.923969
-7.005152
-6.958131
-6.939649
-6.874261
-9.662785
-6.783143
-6.727380
-6.778613
-6.633159
-6.574235
-6.524695
-6.473151
-6.428619
-7.964839
-6.332480
-6.271980
-6.221897
-6.181675
353.894745
-6.060376
-6.014300
-9.087611
-5.901301
-5.858275
-9.937383
-5.737563
-5.679053
-7.755449
-5.568131
-5.521046
-5.431435
-5.423549
-5.358488
-5.314587
-5.252069
-7.100938
-5.146968
-5.092511
-9.104469
-4.976228
-4.925384
-8.136003
-4.802012
-4.766111
-4.977047
-4.653440
-4.585434
-4.535511
-4.434515
-6.436894
-3.433864
-1.181801
-2.861135
-2.954041
-3.592578
-4.141076
-4.620082
-5.035267
-5.396841
-5.717545
-5.996581
-10.706500
-6.459107
-6.640082
-6.861486
-6.944319
-8.301287
-7.184711
-7.268270
-7.344182
-7.415684
-7.463040
-7.504275
-7.544995
-7.577647
-9.654716
-7.612305
-7.620032
-7.627401
-7.633908
-10.081704
-7.615248
-7.598428
-7.613194
-7.574025
-7.547920
-7.530161
-7.508789
-7.473780
-8.250747
-7.419391
-7.388285
-7.335646
-7.302966
-7.686538
-7.221022
-7.183607
-10.674503
-7.101759
-7.057121
-11.215615
-6.968507
-6.922771
-8.582704
-6.827806
-6.779810
-6.738035
-6.678606
-6.633937
-6.583210
-6.535132
-8.712934
-6.436706
-6.381628
-10.512160
-6.283905
-6.222252
-9.224060
353.890015
-6.067492
-6.169728
-5.966857
-5.894020
-9.170862
-5.799776
-8.976138
-5.814181
-5.621985
-5.816668
-5.518915
-5.477511
-5.419137
-5.357012
-5.307169
-5.251317
-5.190309
-5.143888
-7.339083
-5.020637
-4.977383
-4.919913
-4.866192
-5.584028
-4.745852
-4.683705
-4.643646
-4.567423
-4.523579
-4.442769
-3.015287
-2.930118
71.879066
-2.184605
-2.941746
-3.589286
-4.129587
-8.481688
-5.029830
-5.395195
-5.734204
-6.001867
-6.248169
-11.631438
-6.649064
-6.798980
-7.499525
-7.074226
-7.183225
-7.265590
-7.339706
-7.879059
-7.467601
-7.508842
-11.564631
-7.579604
-7.599235
-12.154037
-7.632614
-7.635273
-9.325229
-7.634783
-7.630348
-7.616704
-7.602938
-7.591417
-7.550321
-7.531855
-9.477321
-7.783306
-7.450227
-7.415259
-7.394384
-7.359408
-7.323006
-7.279931
-7.235686
-7.199105
-7.149969
-7.113070
-9.868140
-7.017910
-10.265513
-6.952627
-6.885448
-7.113499
-6.792459
-6.743431
-6.689534
-6.639374
-6.585177
-6.546470
-6.494174
-6.444711
-8.019644
-6.353831
-6.293767
-6.234328
-6.197781
352.980438
-6.099034
-6.036197
-5.986145
-5.923827
-5.887003
-5.817849
-5.767451
-5.698874
-6.292382
-5.588581
-5.540212
-5.491199
-5.432456
-7.613147
-5.321540
-5.266869
-5.232567
-5.160315
-5.116580
-8.670705
-4.996282
-4.927174
-5.436328
-4.821370
-4.768255
-4.705903
-4.661459
-5.010416
-4.543298
-4.469045
-6.408651
-2.949741
-1.203889
-11.630142
-2.958289
-3.598793
-7.583082
-4.623251
-5.037938
-5.409204
-5.727012
-6.006225
-6.252178
-6.466709
-9.447400
-7.003039
-6.963857
-7.093436
-7.199047
-7.289752
-7.365681
-7.426871
-7.489664
-7.528771
-7.564584
-7.591755
-10.192462
-7.630583
-11.341742
-7.663403
-7.657702
-7.999266
-7.646885
-7.615949
-7.604672
-7.591380
-7.556400
-7.539505
-7.529193
-7.487874
-8.685125
-7.439833
-7.407519
-7.367994
-7.326400
-8.260711
-7.251272
-7.207575
-7.167386
-7.122728
-7.084148
-10.839552
-6.980357
-6.933399
-7.227410
-6.838830
-6.788539
-6.746313
-6.700298
-8.883337
-6.596679
-6.547986
-10.608969
-6.453713
-6.396272
-10.001030
-6.292948
-6.237347
-6.722667
353.869934
-6.087382
-6.031744
-5.988181
-6.390315
-5.875542
-5.805787
-9.221342
-5.699543
-5.638583
-9.677364
-5.541551
-5.497087
-7.095730
-5.375727
-5.328070
-5.258994
-5.213456
-5.165417
-5.112489
-5.053224
-6.860091
-4.962984
-4.888028
-4.837933
-4.769656
-4.704769
