540.247131
535.161255
530.416321
525.925415
521.458679
517.033081
512.777832
510.621674
504.753601
500.924255
497.235077
493.782104
496.914093
487.269806
484.188873
481.169678
478.326477
475.612152
475.957214
470.348999
467.708923
465.297821
462.832367
460.590515
458.571014
456.477692
455.471252
452.748901
450.922424
449.163422
447.546875
445.912872
444.453278
442.893188
441.359558
440.231659
438.613159
437.216705
435.984009
434.592285
433.335938
432.098053
430.797729
429.440430
428.306488
427.063782
425.908478
424.847931
423.979645
422.719269
422.003021
420.284882
420.143646
419.266235
418.385406
417.670105
416.763092
416.014221
415.254150
414.434113
413.670349
412.939880
412.171478
411.536560
410.705811
409.087341
408.926483
408.255035
407.564514
406.988953
406.382324
405.740814
405.024658
404.523041
403.883911
403.251617
402.769836
402.263641
401.674072
400.597687
399.471130
400.115906
399.616333
399.113647
398.569122
398.137329
397.367462
396.911346
396.157990
395.735870
395.249603
394.842468
394.286774
393.702057
393.516602
393.112946
392.786713
391.317230
391.399017
545.881592
540.796509
536.020569
531.305786
526.684753
569.866760
517.733459
513.506958
510.442780
505.089355
501.081604
497.193970
500.639343
490.184937
486.973755
484.057251
480.939514
478.056763
475.378784
475.323212
470.217804
467.838135
465.474335
463.331360
461.186707
459.231232
457.171234
455.300140
453.485687
451.924347
449.863861
448.024750
446.361237
445.115112
443.086975
441.501892
440.252838
438.974121
437.506958
436.324738
435.005920
433.663818
432.607147
431.360229
430.240784
429.210480
428.017120
426.910980
425.800323
424.849945
423.553284
422.549622
421.475494
420.510956
419.579712
418.694702
417.931946
415.818115
415.263000
415.373230
414.511688
413.825928
413.045258
412.353424
411.689545
410.941132
410.292999
409.613617
408.826660
407.963257
407.178406
406.483887
404.951050
405.045166
403.810913
403.941223
403.346588
402.758698
402.220612
401.757629
401.278107
400.856964
400.333435
399.968597
399.435211
398.975800
397.989655
397.996277
395.783630
396.737213
396.138611
395.435791
395.123718
394.578857
394.204437
393.836426
393.404816
393.009186
391.973663
391.641357
611.918823
540.682251
535.908447
531.237610
526.755188
541.871826
517.874878
513.646362
509.498749
505.450531
501.417053
508.174408
493.750153
490.265686
487.403656
484.066193
481.060028
478.205078
475.436768
475.346008
470.348419
467.973724
467.898773
463.439758
461.275909
460.818634
457.192505
455.285187
453.951752
451.621918
449.758820
447.958649
446.004303
444.392670
442.751526
441.184814
440.015472
438.541107
437.055206
435.500092
434.456787
433.130310
432.074341
430.910248
429.760681
428.793610
427.636047
426.539368
425.342316
424.652527
423.008850
422.753845
421.751068
420.598480
419.444519
418.452972
417.545105
416.613647
415.886566
415.105804
414.239380
413.400085
412.394897
411.890167
411.163452
410.502899
409.841064
409.088104
408.616119
407.929657
407.302643
406.631622
405.943359
405.100372
404.425995
403.662262
402.857910
402.490631
402.020996
401.423950
400.792786
399.030884
399.608246
399.101379
396.325500
398.100952
397.663544
395.041565
396.728485
396.137360
395.437012
395.290741
394.930695
394.187347
393.705200
393.191925
392.815063
392.495850
389.465973
391.219971
544.889526
962.935364
535.285034
530.692505
568.779358
521.906494
517.654907
513.710388
509.460999
505.554626
501.685150
497.952423
502.387054
490.959778
487.365326
484.454071
481.200348
478.419861
475.764954
473.050964
470.564606
468.238708
465.947083
463.743073
462.893402
459.617493
457.493225
455.616577
453.718079
452.134583
449.793427
447.958191
446.201752
444.642975
443.051117
441.519653
440.147156
438.771362
437.436676
436.035736
434.745331
433.461639
432.337250
431.158295
430.074127
429.022217
427.805756
426.695831
425.449432
424.317261
423.160034
422.218170
421.217743
420.299316
419.404449
418.530090
417.733154
417.213257
416.002686
415.223938
413.218384
413.677124
412.966034
410.651184
411.528595
410.804626
409.691406
409.386383
408.615662
407.716644
406.910889
406.254456
405.612518
404.936646
403.507263
403.897766
403.195343
400.622070
402.145599
401.561005
399.636261
400.589142
400.038910
399.539429
399.085358
398.551392
396.682373
397.642609
395.171631
396.362274
395.808685
394.992157
394.769073
394.130280
393.819183
393.362640
392.909027
392.490906
391.474609
391.014618
288.106995
539.560181
534.816589
530.175781
525.581299
540.632080
516.671265
512.444885
508.205078
504.206909
500.110596
496.318542
492.671143
489.327362
487.942017
483.124817
480.198944
477.268158
474.565033
474.987061
469.489075
467.124695
467.053314
462.557465
460.401703
459.971924
456.251923
454.412079
452.913544
450.458740
448.633667
446.877258
445.196594
443.653931
442.156189
440.658783
439.383514
437.884827
436.475464
434.984802
434.013062
432.837463
431.614380
430.445679
429.339142
428.236115
427.013916
425.738861
424.591156
423.587402
421.986023
421.505676
420.550842
419.716400
418.631439
417.795319
416.976929
416.070587
415.324585
414.503754
413.767212
412.995605
411.332520
411.259674
410.487061
409.648163
408.927155
408.170990
407.696259
407.016510
406.413666
405.776550
405.124847
404.513947
403.992462
403.435577
402.352814
402.256073
401.564484
400.856964
400.285095
398.871246
399.175598
398.789246
398.352325
397.758911
397.381073
396.891083
396.549408
395.994995
395.379120
395.179718
394.879547
394.340363
393.865540
393.331665
392.822205
392.436340
389.168457
391.001831
544.624268
961.806946
534.666138
530.154480
563.086731
521.239563
516.836243
512.697449
508.558502
504.664124
500.830902
497.112274
499.885864
490.309601
487.122528
490.687164
480.874023
477.736664
478.650757
472.099762
469.516968
467.119293
464.796173
462.607422
462.078796
458.383484
456.254517
454.577087
452.619476
451.117737
449.008728
447.460266
445.779175
444.294861
442.750854
441.198029
439.816223
438.412933
437.145813
435.710480
434.133148
432.663361
431.440918
430.239136
429.028656
428.050629
426.886688
425.763245
424.701721
423.782166
422.777100
421.854309
420.869476
420.054169
419.134064
418.326080
417.571564
415.875793
415.929840
415.083191
414.355774
413.542938
412.748260
410.284790
410.942566
410.142700
409.198822
408.867035
408.153595
407.497223
406.823090
406.190460
405.565613
404.896759
403.188171
403.836456
403.186035
400.571014
402.146515
401.583496
399.735840
400.570618
399.920654
399.342377
398.668030
398.072906
397.509705
396.903931
396.211761
395.951019
395.622620
394.993225
394.750549
394.147461
393.841125
393.357330
393.040009
392.642181
391.683655
391.265076
150.198166
540.038025
535.275574
537.306824
525.971619
538.944397
516.786072
512.470093
508.223816
504.269714
500.353119
496.700592
493.275024
489.901794
491.637177
483.638733
480.650970
477.852753
475.148560
475.411865
470.074402
467.698242
465.515869
463.127991
460.954193
459.016693
456.945435
455.035919
453.846497
451.652985
450.020935
448.410950
446.877350
445.509674
444.059418
442.498535
441.181305
439.596130
437.829590
435.859406
434.242828
432.235474
430.671478
429.451111
428.625427
428.007690
427.348755
426.957062
426.413147
425.685486
425.012115
424.343994
423.706543
421.639435
421.193268
419.277740
416.257019
415.551392
414.194611
412.826019
411.946350
411.130829
410.681213
410.387054
410.106384
409.837158
409.935394
409.974762
409.868683
409.463440
409.051575
408.700928
408.109497
407.456024
406.930115
406.120758
403.380463
403.091187
401.508118
399.719269
398.764557
396.919556
396.980042
396.542053
396.465759
396.502930
396.633148
396.928436
397.767670
397.785553
396.423553
397.369781
397.220123
396.933807
396.686737
396.269257
395.501465
394.411682
392.164886
391.036530
539.363892
945.694397
526.997925
521.535034
553.939392
512.848083
508.622711
504.752136
501.126587
498.171936
495.226990
492.704865
496.949097
490.032440
488.485504
492.996765
483.892090
481.327393
482.180603
475.015900
472.247162
470.221466
466.783203
463.043976
458.500763
454.546448
453.053833
448.939087
447.125854
446.249756
444.886658
444.076324
443.408966
443.283417
443.298737
442.570190
441.527130
440.406647
439.045624
437.736481
436.532043
435.083313
433.383057
430.803741
427.768158
425.359741
423.196533
421.772308
420.877167
420.472656
419.925446
419.884979
419.977051
420.837494
420.298523
419.648895
419.174469
417.708130
418.080261
417.367371
416.151276
414.704071
413.362610
411.624390
409.717041
408.338226
406.908813
407.307404
407.129486
407.118896
406.974365
407.050751
407.005280
406.742798
405.435608
406.159332
405.785675
403.218872
404.477936
403.371124
400.775696
400.908234
399.335175
398.074341
397.354584
396.784332
396.590698
396.439636
396.186005
395.986969
396.302216
393.944702
396.260468
395.962036
393.375580
395.774902
395.562439
394.741058
394.508392
394.269257
550.811890
544.902039
539.086914
573.492798
528.251465
546.489441
517.797668
512.323181
506.074219
500.174957
495.090515
490.561371
486.721375
483.801331
481.069946
478.952332
477.371887
476.897644
474.748322
476.059204
471.266998
469.260803
467.310364
465.141998
462.902039
460.738953
458.586395
456.436981
454.692963
450.634277
447.498108
444.820923
442.314453
440.201843
438.179810
436.581879
435.866791
434.930847
434.303589
434.385376
434.167084
433.401550
432.497894
431.430725
430.499786
429.770050
428.887268
427.754761
426.318787
424.354523
422.441437
420.339783
418.888397
416.804413
417.137024
416.619904
415.207458
416.283661
416.325958
415.767303
415.237427
414.399597
413.681091
412.891724
412.004333
410.829559
409.824615
408.890961
408.660278
408.501526
408.421814
408.169281
407.739258
406.963379
406.522980
406.116516
405.567200
404.785004
403.687378
401.854645
400.821747
398.051331
398.482605
398.116272
397.942566
398.055634
398.210846
398.402649
398.636078
398.280151
398.008698
397.633514
397.359283
396.544006
396.451691
395.935181
395.384003
394.483643
392.493561
391.817963
541.686890
534.895325
529.422302
524.938049
586.046997
518.234741
514.633118
512.307983
507.139008
502.344330
496.680817
491.591980
492.457703
483.414246
479.903107
483.246002
474.098389
471.974792
474.423859
468.986969
468.116302
467.956146
465.823242
464.215515
462.318939
460.725128
458.835510
456.888947
454.728943
453.247894
450.762421
448.283112
445.406036
442.399353
439.615906
437.132874
435.429230
434.354950
433.381531
432.935730
432.685608
432.649689
432.590576
431.949127
431.322510
430.576080
429.584686
428.684021
427.498993
426.194305
424.793945
423.597168
422.075989
420.145477
418.002716
415.849060
414.644653
413.438934
412.750885
412.336975
412.156921
412.248901
412.567871
412.652557
412.374603
412.009583
411.488342
410.869843
409.984375
409.070007
408.488678
407.802612
406.909332
405.688446
403.641663
402.986603
401.664124
400.476624
399.476196
398.727234
396.604523
397.929932
397.389740
396.715149
396.297607
395.593170
395.194611
395.254456
395.704437
395.421448
395.543671
393.437103
395.830811
395.576050
392.878723
395.275970
394.999268
393.721619
393.844513
393.485321
549.376526
541.349426
535.178833
528.712158
522.138428
549.047974
513.540710
507.322205
504.286469
501.355591
498.621887
496.086151
493.780579
491.137939
488.434296
485.785095
482.968506
483.583374
477.495392
478.392120
472.212189
469.227692
466.458374
462.030762
458.099792
454.696625
451.845673
449.981293
448.671936
447.837860
447.028595
446.864014
445.485901
444.783722
444.025024
443.088165
442.447662
441.024902
439.691223
438.444458
436.950928
434.921326
432.868958
430.334686
427.158417
424.666016
422.803802
421.447754
420.656433
420.247223
420.713104
419.730652
419.527863
418.625275
419.674927
419.466705
417.950226
418.738129
418.358368
417.309967
416.931549
416.105713
415.165222
414.107941
412.767853
411.264923
409.585754
406.952087
405.904022
404.770813
402.131989
403.661987
403.610229
402.334015
403.943268
404.283295
404.206543
404.171112
403.949219
401.855133
403.312744
401.173828
402.394623
401.864075
400.808075
400.132660
399.457581
398.680634
397.860840
396.604645
395.485901
394.316162
393.365784
390.943085
391.646423
391.042969
390.807587
390.874908
389.641449
390.461273
543.265381
539.222656
535.666687
531.927490
527.893066
523.484558
518.828186
526.856567
509.421356
504.682098
499.318848
493.509949
497.101166
484.320099
480.613953
477.376251
473.566254
471.236664
473.518860
467.503204
466.097137
466.432495
463.991211
462.359985
460.646942
459.081604
457.274139
455.613708
453.754974
452.515442
449.150970
446.279846
443.723541
440.959991
439.106781
437.944000
436.667084
435.918182
435.152832
434.510406
433.849060
433.102661
432.253998
432.209351
430.641479
429.903687
428.780792
427.713806
426.753235
425.715790
424.317627
422.848083
421.215088
419.600586
417.925110
415.563812
415.167908
414.199707
413.739990
413.502045
413.054565
413.045868
412.871246
412.676056
412.409363
412.026947
411.469696
410.824829
410.033112
408.305176
408.669983
408.194672
407.366211
406.251678
404.018250
403.686371
402.269379
401.068237
400.346527
399.874298
399.828674
399.964386
399.905243
399.301849
399.767029
399.516663
399.197876
398.814087
398.567413
398.070221
397.755646
395.439209
397.025970
396.548737
393.196960
394.899597
393.913239
391.285065
390.810516
389.953247
552.308350
534.198608
530.659241
527.040161
523.431396
539.207642
516.914368
513.350342
534.443115
506.217468
502.890747
512.023376
496.465668
493.381714
491.942871
487.067047
483.461609
480.164673
477.246277
474.387756
472.302917
468.402344
465.500458
460.312286
457.069183
454.348602
452.274261
450.737549
449.586426
448.706818
447.992126
448.131836
446.757965
445.975098
445.071075
443.784302
442.783630
441.169342
439.462891
437.941864
436.250763
434.804382
433.456421
431.712219
429.693329
427.178864
424.937073
423.031006
421.872009
421.279358
420.761292
420.429535
419.953217
419.680054
419.583710
419.323486
419.010712
418.371368
417.806946
416.636536
416.291138
415.475159
414.610840
413.696716
412.751099
411.675995
409.965668
407.553802
406.380005
405.270569
402.797028
404.389648
404.234680
402.634979
404.363831
404.503479
404.308411
404.253784
403.972107
403.591919
403.225952
402.894592
401.983673
401.230438
398.141205
398.759521
397.655518
396.415161
395.680084
394.915863
394.800598
394.682831
394.752716
394.841736
395.153961
395.093628
394.665497
394.842773
392.605225
393.468445
547.385193
541.837280
535.139893
528.911194
523.054871
517.976379
513.339111
536.450745
504.330017
499.912354
496.833099
492.562988
499.211914
487.429291
485.038971
483.621246
480.931183
478.719604
476.430664
474.083344
471.721313
471.521271
466.982391
464.680603
462.234222
459.611847
456.423065
453.188721
450.178528
448.582611
445.474457
443.943848
442.984406
441.943024
441.065918
440.440063
439.806610
439.211517
438.268341
437.267487
436.210602
435.174316
434.309937
433.909241
432.022339
430.976288
428.653992
427.334503
425.162994
422.110382
420.914093
419.213562
417.895660
417.265533
416.875824
416.760834
416.708099
416.554352
416.254944
416.096893
415.275818
415.053009
414.606445
414.066406
413.418030
412.743896
412.087708
411.346771
409.810547
408.488220
407.141754
405.751312
404.163055
403.291687
401.764923
402.500336
402.469788
402.751801
402.968567
402.930603
402.845215
402.694031
402.301086
400.226440
401.687012
401.107605
400.443909
399.738708
398.953400
397.732147
396.757538
395.078552
394.094086
393.110962
392.639557
392.361084
392.424683
391.224945
392.210876
392.250061
552.140076
541.219238
536.971436
532.881531
528.909668
547.911804
520.723083
516.347900
537.225586
507.797760
503.310944
510.508972
494.187408
489.435638
485.837219
480.791199
477.432983
474.666687
472.741058
473.837738
469.980743
468.501038
468.838318
464.976196
463.124115
462.852661
459.287415
457.440918
456.212250
453.694275
451.915649
449.965851
447.569885
445.213135
442.984985
440.028748
438.027008
435.766266
434.016174
432.916321
431.810303
430.963623
430.629333
430.276215
429.728241
429.178406
428.438873
427.651215
426.941711
426.262268
424.950073
424.660645
423.725220
422.743774
421.782318
420.789734
419.765961
418.558960
417.070648
414.597382
414.364441
412.831268
411.380219
409.963226
409.064056
408.494537
408.224762
408.130981
408.462738
408.504730
408.356384
408.052948
407.789612
406.410004
407.227600
406.846161
406.474243
406.115112
405.428009
404.393890
403.213806
402.023376
401.338989
400.217346
396.684021
397.949585
397.061646
394.069000
395.753021
395.296783
394.874115
395.245667
395.381470
395.376984
395.496124
395.446747
395.386536
395.145630
393.614990
393.858521
549.556091
543.292847
537.610474
532.088379
526.024658
519.944946
513.894592
508.987518
504.799744
501.195679
504.910950
495.062347
500.619110
490.601074
488.502777
486.482605
483.690125
481.057495
478.222015
475.003174
472.051788
469.347382
466.634277
463.461578
460.428741
456.478088
453.347076
451.041077
449.268616
448.298676
447.001404
446.236206
445.483948
444.797058
443.707764
442.709534
441.436646
440.267120
438.881042
437.480133
435.949554
434.536743
433.108917
431.179169
428.697479
426.481842
423.614014
422.887787
421.603760
420.113617
419.903778
419.273499
418.703003
418.488098
418.516510
418.724854
418.608215
418.516510
417.457764
416.569763
414.381927
414.627228
413.555023
410.327209
409.982941
408.399353
406.609772
405.920013
405.096893
404.680878
404.608582
404.400726
404.012848
403.501740
402.312744
402.084503
401.232758
400.435547
399.767578
399.566437
399.624725
399.855469
399.794586
399.822357
399.841705
399.692383
398.591400
398.730072
396.615936
397.885651
397.542816
397.204437
396.879761
396.072327
395.281830
394.191742
393.013458
391.870300
390.310760
389.837646
588.586975
534.728394
531.427429
528.587830
525.259338
534.401672
518.367249
514.828369
511.200714
507.331787
503.606476
510.632843
496.245728
492.341461
488.225006
483.715271
478.837982
474.354248
470.694580
470.010162
465.202209
463.719452
465.202789
462.142395
460.937164
461.142883
457.857941
456.075836
454.262207
451.673950
449.143768
445.738586
442.688782
440.226929
438.111511
436.271545
434.884430
433.445709
432.736115
432.534485
432.421295
432.291107
432.161987
431.442749
430.525238
429.896545
429.010742
428.049377
426.747620
425.778625
424.207581
423.157288
421.417175
419.464325
417.609741
416.063568
414.644958
413.392517
412.690277
412.241425
411.863037
411.503265
411.284790
411.857727
411.031921
411.906708
411.519379
410.894379
410.229462
409.545746
408.713074
408.017883
407.070282
404.366364
404.447876
403.036560
401.483795
400.385590
399.287018
398.418640
397.992035
397.284637
397.491638
397.574127
397.631927
397.696533
397.997559
396.485931
397.969238
397.646973
397.431458
397.242859
396.808716
396.314087
395.828827
394.813660
394.724213
393.871216
389.598267
390.965363
539.302246
911.956055
527.620483
523.095337
535.153259
514.440491
511.014282
507.889740
504.824432
502.277863
499.570465
496.789490
498.019501
491.452423
488.343231
485.478027
482.406555
479.522980
476.587646
473.515442
470.107361
466.879547
463.495331
460.189117
458.176270
453.965302
452.680908
449.608734
447.981934
446.854248
445.871399
445.279083
444.714752
444.186707
443.331116
442.392944
441.370178
440.241028
438.986633
437.723145
436.374237
434.952942
433.645538
432.191467
430.735565
429.146942
427.011322
425.008514
423.272369
421.259674
420.461670
419.298248
418.035095
416.817566
415.651306
414.351105
413.436432
412.491364
412.553223
412.500488
411.221619
412.779449
412.686981
411.298645
411.957397
411.379669
410.876434
410.275360
409.593140
408.892578
408.112366
407.414948
405.893402
404.198364
400.926178
401.521088
400.512238
397.805847
399.341400
398.803284
397.851410
398.052826
398.101379
398.396179
398.514069
398.563477
398.588348
398.555450
397.462738
397.727417
397.301575
396.712646
395.685364
394.253571
393.286163
392.454681
391.823334
391.268372
390.155609
389.860046
323.890961
535.633606
665.214600
528.922058
525.231689
523.667480
517.758972
513.521240
509.479736
505.578094
501.246704
496.372833
491.197815
486.179199
483.411713
478.895691
475.802094
473.053406
470.566193
469.040710
466.869507
465.629333
464.171631
462.807220
461.288666
461.134247
457.611603
455.602142
453.861023
451.812927
449.534485
446.924896
444.053192
442.315918
439.651947
437.633331
435.550446
433.715607
432.192993
431.415405
431.135925
430.465790
430.288635
430.142365
429.702942
429.219940
428.523041
428.302551
426.807831
426.097626
424.167664
424.083984
422.366180
419.413696
418.297394
416.420349
414.972961
413.942780
413.533325
413.328674
413.272614
413.365875
413.412811
413.048706
412.423309
412.076233
411.322357
410.850677
410.181488
409.272156
408.209015
406.906677
405.376038
403.900146
402.940704
401.989319
401.083832
400.899475
399.672607
400.638580
400.367554
400.108154
399.502869
399.022675
398.675385
398.307037
397.768311
395.308441
396.966553
396.487183
396.047821
395.733643
393.550751
394.964264
394.577881
394.011017
393.791779
393.427856
392.324860
391.729767
542.651123
740.698181
532.581909
527.889160
523.655640
519.169373
515.027466
510.998260
506.946686
515.916382
498.944397
495.242371
502.846924
488.451385
485.241852
487.041565
479.205780
476.350769
473.874695
471.143433
468.685089
466.362122
464.020538
463.687073
459.686523
457.721283
456.964600
453.837219
451.980988
450.861298
448.060394
446.381317
444.983215
443.308228
441.864471
440.376617
439.099243
438.993378
436.453003
435.269012
434.136688
432.771851
431.759277
430.596588
429.548645
428.530060
427.446808
426.300934
425.122772
423.994904
422.867737
421.943390
420.923676
420.053589
418.807983
418.290924
417.337280
416.404877
415.672668
414.835876
414.050140
413.205658
412.537506
410.816956
411.080139
410.345764
409.578766
408.760803
406.906738
407.102356
406.432526
405.865906
405.245911
404.674591
404.114044
403.504333
402.887543
401.707275
401.852325
401.273041
400.783325
400.337982
399.796082
399.338043
398.758698
396.367493
397.563660
396.942047
394.101685
395.886139
395.517059
394.057526
394.770752
394.206512
393.823090
393.379608
393.022583
392.645386
391.660400
390.111176
542.702820
537.714783
732.509338
528.622986
524.030823
565.883728
514.977356
510.825531
508.774597
502.917664
499.246887
495.575897
492.137909
496.914886
487.156036
482.676727
480.393951
476.844116
474.182709
471.515869
469.029175
466.655090
464.277374
461.898468
459.543457
458.922089
455.433441
453.593109
451.895355
449.986206
448.720001
446.606720
444.959991
443.503540
442.027222
440.526611
439.201691
437.879791
436.489227
435.420197
433.872162
432.469788
431.122620
429.947021
428.755737
427.847748
426.766022
425.735382
424.674072
423.744446
422.742706
421.896820
420.979187
420.051971
419.184479
418.362396
417.561707
416.533905
416.119141
414.665771
413.876648
411.814728
412.315155
411.568298
409.312958
410.134064
409.423584
408.315399
408.109650
407.461609
406.868408
406.329041
405.712708
404.983521
404.337433
402.662811
402.812714
402.303223
399.579407
401.066864
400.624908
398.744080
399.806610
399.453400
398.998596
398.766693
398.504913
396.165619
397.960297
395.587524
397.057373
396.582642
395.954742
395.446777
395.114380
394.631226
394.301239
393.967010
392.891968
392.408112
544.419861
783.800476
534.321472
529.814148
525.626648
520.978760
525.752075
512.453918
508.202820
504.167267
500.340912
496.649994
493.139679
489.860382
486.626556
486.396057
480.671722
477.871826
475.303101
472.718903
472.323303
467.880554
465.553497
463.303467
460.833191
458.637085
456.359100
454.427246
452.531464
450.986084
448.944885
447.294373
445.630493
444.168640
443.946533
441.166779
439.858185
438.429138
437.149689
435.959595
434.257599
433.402344
432.095032
430.853882
429.489319
428.373260
427.170258
426.110504
425.064148
424.185883
423.101257
421.750946
421.257355
420.402710
418.244171
418.552887
417.854279
416.246429
416.186951
415.409912
414.698364
413.957672
413.186005
411.461700
411.763458
409.931671
410.041992
409.275146
408.536255
407.968872
407.394592
406.935547
406.421631
405.857391
405.181427
404.562775
403.974182
402.661743
402.794525
402.220856
401.718994
401.270905
400.438293
400.135376
399.605774
399.130188
398.634613
398.064087
397.536133
396.674011
396.289795
395.370941
395.353668
394.819458
394.462219
394.006165
392.737640
393.246521
392.221954
391.797424
543.713806
538.604797
692.732971
529.417480
525.083130
523.873047
516.438660
512.138611
507.848175
503.832581
505.515472
496.231506
492.787262
498.226135
486.453796
483.488861
486.073364
477.777740
475.089111
473.606812
470.042206
467.720062
465.343933
463.213043
461.097839
459.025696
456.812897
455.317688
452.830902
450.863373
449.106293
447.503143
445.903381
444.443695
442.904724
441.424500
440.036011
438.707672
437.203308
436.144440
434.712952
433.331940
432.193787
431.007233
429.765839
428.488190
427.202271
426.116211
425.014984
424.101868
423.081329
422.184418
421.254852
420.369446
419.545410
417.868958
417.835205
416.983521
416.241547
415.405090
414.656982
413.830231
412.869965
411.956329
410.027740
410.457947
409.775391
409.128845
408.433838
407.846222
407.197235
406.642029
405.747986
405.427643
404.890045
404.254852
403.594421
403.019348
401.161926
401.597931
401.092041
400.580780
400.047394
399.661743
399.166229
398.578064
397.347137
397.205139
396.290466
393.054810
395.003387
394.405334
391.817566
393.309448
392.906677
392.037537
391.846436
391.628357
390.809540
390.601715
360.057770
537.866455
533.378540
625.569702
524.465210
520.031616
558.218994
511.536163
507.187378
503.202454
499.368927
495.795013
492.369781
489.153198
485.897125
485.398804
479.933075
480.109192
474.515228
471.889709
469.401581
467.041107
464.623108
462.257904
459.944672
457.835205
455.736359
453.853546
452.036224
450.500031
448.525940
447.526642
445.262024
443.808807
442.302399
440.820526
439.455139
438.165924
436.786591
435.640198
434.244293
433.056702
431.799744
430.721069
429.549438
428.422485
426.989471
425.730194
424.547028
423.655762
422.543121
420.582275
420.725006
419.750000
418.387360
417.893829
417.191925
416.266541
415.464142
414.680359
413.924988
413.134644
412.129852
411.671173
410.978424
408.659149
409.545471
408.853394
406.480194
407.135773
406.408813
405.695435
405.228119
404.595490
404.202820
403.556061
403.172302
402.455231
401.986389
399.599457
400.904785
400.468994
399.911102
399.472687
398.955872
398.479523
398.033142
397.507111
397.003296
396.082062
395.629761
394.738861
394.633209
393.238647
393.799347
393.383026
392.906067
392.558655
391.539429
391.207733
543.291748
538.248169
696.481812
528.947632
524.660828
523.206543
516.064087
534.482788
507.927521
503.918488
500.254150
496.054016
492.472504
489.171265
485.995880
483.048523
484.111603
477.351959
474.638672
472.043304
469.608124
467.309052
464.988708
462.780334
461.256104
458.723816
456.603302
455.892853
452.910797
450.895660
449.618530
447.184753
445.365448
443.807953
442.295776
440.763214
439.393127
437.987579
436.970367
435.351746
434.081940
432.362152
431.669586
430.489166
428.941132
428.326294
427.222046
426.175903
425.059631
423.920227
422.750793
421.754028
421.436462
419.872742
418.975647
418.098236
417.403381
416.440704
415.739319
414.973114
414.265747
413.494354
412.751984
411.945740
411.186707
410.414917
409.671143
408.685272
407.769958
406.590363
406.328949
405.765045
405.107239
404.373413
403.859650
403.157898
402.513916
402.046143
400.138031
400.895599
400.422455
399.976715
399.401215
397.658844
398.375336
397.768799
397.185455
396.662445
396.200073
395.657837
395.290863
394.831360
393.687439
393.983429
393.756897
393.432587
393.104919
392.726624
391.692413
391.311615
110.510468
538.307800
533.647583
650.077393
524.506714
519.996826
537.311829
511.675262
508.011963
504.552673
500.927795
497.331177
493.782684
490.023224
490.744843
481.977020
477.968872
479.496765
472.044159
469.683868
471.050812
467.318726
466.032104
464.807831
462.934570
461.193542
459.167755
457.274597
456.843872
452.665131
449.353729
445.873413
443.027222
441.207031
439.911926
439.176453
438.907135
438.614471
438.155396
437.535278
436.476379
435.729431
434.804260
433.677887
432.342957
431.036652
429.534271
428.301971
427.070831
425.964661
424.040314
421.566986
419.462952
417.786011
416.223083
416.049744
415.649200
415.020599
415.041473
414.916626
415.505646
415.191315
414.588654
413.926788
413.196136
412.464905
411.802246
411.043640
409.242981
407.709656
406.003998
404.689301
403.754913
401.534576
402.392395
401.861847
399.813629
401.709473
402.271301
400.353455
402.534058
402.355927
401.291687
401.496674
401.185883
400.769104
400.268463
399.200226
397.525635
395.836792
393.199097
393.739960
393.129944
389.854553
392.106293
391.833282
390.219269
392.141205
392.129486
392.288025
546.380493
541.624756
537.052429
532.672302
553.782593
523.163574
516.824158
511.215179
504.507965
499.369537
494.651825
490.569489
487.366119
484.601135
482.122345
480.027740
482.852173
476.668152
478.911926
472.883423
470.929810
469.660919
466.557953
464.068726
460.969025
457.277893
453.627960
450.701355
448.046875
445.735901
444.443359
442.387848
441.212341
440.707733
440.397003
440.135742
439.045715
438.306641
437.513397
436.716156
435.611206
434.350159
432.920441
430.735382
428.206146
426.030823
423.943359
422.124664
420.432861
418.756409
418.496307
418.457031
417.952789
419.288483
418.835571
417.155640
417.935425
417.323883
416.808502
416.133698
414.970642
413.302765
411.142853
409.333588
407.991943
406.913086
404.915649
405.860168
405.850983
403.988007
406.109436
406.551453
405.909210
406.379974
405.946655
405.436951
404.751740
403.988098
402.599976
400.907745
398.546906
398.131378
397.193390
396.642944
396.341217
396.358429
396.811096
397.266663
397.571289
397.523987
397.310211
396.978821
395.499878
396.196991
393.900635
395.087585
393.914764
392.296906
390.402466
389.565247
537.724915
533.730896
530.819763
527.768311
525.071289
521.820862
531.007813
514.375366
510.570282
506.970001
503.164520
502.330048
495.535065
491.398804
487.021729
482.727844
478.034149
473.362793
469.667450
466.660797
465.000488
463.151245
462.053314
461.070648
460.002930
460.295441
457.777985
456.313904
455.628418
452.899200
451.233246
450.330200
448.001312
445.775055
443.300720
439.921539
437.035767
434.809875
432.879272
432.530853
430.785065
430.747162
430.174164
430.695679
430.476227
429.173370
429.071777
428.032898
426.786957
425.912109
424.831696
423.567932
421.866608
420.025574
417.884644
415.720917
413.977142
413.092163
412.462250
411.677124
410.915894
409.881500
408.868866
408.032288
407.498749
407.313232
407.055298
406.931274
406.658905
407.486206
406.686096
407.553741
407.250763
406.868195
406.566986
406.056061
405.268951
404.695557
404.131897
403.345947
402.057800
400.400604
398.624420
397.767578
394.987244
396.176086
395.657135
395.289154
395.423920
395.116150
395.541504
395.798828
395.834137
393.624725
395.542480
395.289459
395.034363
394.987427
394.017059
393.536011
547.331177
621.770752
532.278809
525.945557
600.786560
514.594666
509.424347
526.616821
500.814056
497.067810
494.071136
490.881195
488.875458
487.700256
486.224121
488.036041
481.999603
479.568420
481.361145
474.840942
472.309631
472.236389
466.998871
464.464264
461.448517
457.451477
453.818665
450.751709
448.011566
447.222290
443.664856
442.306671
441.418060
440.299591
440.197113
440.343872
439.981750
439.196655
438.143219
437.167633
436.045502
435.038971
433.927826
432.738434
431.584534
430.287689
429.081787
428.105286
426.829407
425.172943
422.906403
420.575958
418.452881
416.836273
415.644714
414.169281
414.972015
414.893799
415.040314
415.126282
414.579865
414.754974
414.278259
413.706207
413.177155
412.492584
411.938354
411.089844
409.674591
407.354614
406.356506
404.562012
403.023560
401.879089
399.810944
401.024323
400.980835
401.171265
401.365601
401.482300
399.697266
401.982513
401.657379
400.856812
401.177216
400.847382
400.394104
399.794220
399.225647
398.188141
396.875244
393.850067
393.990204
392.521301
388.997406
390.673431
390.223938
388.421936
389.336395
389.495331
561.684937
536.373352
533.295105
529.835388
526.306641
540.962708
518.635742
514.743713
535.294373
506.642792
502.561920
497.832428
493.234680
488.752930
484.079224
479.502441
474.993805
475.419403
467.930603
465.376465
463.384430
461.533722
460.772614
458.677490
457.862946
457.340668
456.047852
454.851868
453.486755
452.013672
450.443451
449.735443
447.713348
445.970398
443.671967
441.161530
438.958405
435.937775
433.031982
430.667999
428.547302
426.997253
425.987061
425.457794
425.260590
425.184326
425.281250
425.412384
424.992798
424.379028
423.142670
423.067413
422.451630
421.739960
420.815735
420.054901
417.897217
417.888885
416.168579
414.025909
412.370972
410.396973
408.623444
406.922211
405.579926
404.796600
404.325806
402.537201
403.233215
403.180817
401.548523
404.318237
405.041748
403.904205
404.379974
403.940399
403.797333
403.742004
403.395569
402.793152
402.231506
400.863434
400.445740
398.713867
394.896027
395.493591
394.121582
393.077057
392.227661
391.923065
391.726837
391.527039
391.886963
390.730835
392.871613
390.445007
392.627563
392.433563
391.307709
391.207153
543.842224
535.567261
527.812012
521.483337
516.008545
511.098419
506.516846
517.577148
498.481964
495.334259
492.475769
489.637115
490.944366
485.101013
483.030243
481.585785
479.787537
478.056335
476.137726
473.936523
471.600067
469.866272
466.600159
464.223938
461.613739
458.110077
455.323792
450.851715
447.944153
446.214233
443.337097
441.469055
440.343079
438.822083
437.637360
437.060120
437.083588
437.304443
437.062531
436.827026
436.430664
435.998474
435.325195
433.885864
433.149139
431.718750
429.141357
428.557007
427.207092
425.649933
424.546326
422.648743
420.681702
420.045990
419.344360
418.804108
418.055267
416.735565
416.566650
416.357880
416.144501
415.698669
414.922455
413.911896
412.755066
411.045959
409.062988
407.329407
405.485718
403.128113
403.138153
401.051117
402.080017
402.037201
402.159729
402.592621
402.842316
402.809753
402.688934
402.490234
402.213013
402.110565
401.867615
401.189575
401.201538
400.539795
399.537140
398.624268
396.993683
395.918518
394.852356
393.796783
393.109283
392.409882
392.234955
392.170868
392.301971
392.071594
391.307983
390.570374
537.395264
530.588440
625.278992
519.079102
514.598755
565.127258
506.802826
503.732117
523.471252
499.108337
497.050781
497.578339
493.089142
490.612000
488.325012
485.739563
483.163635
480.632507
478.010376
478.410004
472.564941
470.153412
470.220551
465.974182
463.985931
462.993378
459.893799
457.710724
454.931549
452.087128
448.283417
444.709167
441.965179
440.342560
438.348145
437.394196
437.382416
437.504059
437.076080
436.672119
436.020386
435.322784
434.714172
433.893219
433.050629
431.923004
430.700623
429.066193
428.243042
427.032013
425.855103
424.715942
423.269684
420.877686
418.509735
416.409210
414.997803
413.584534
412.708099
411.658508
411.330109
411.254883
411.511139
411.874146
411.949493
412.163696
411.792145
411.445526
411.061188
410.503906
408.591339
409.128967
408.377594
407.406158
406.402161
405.394348
403.760437
402.003021
399.807007
399.338470
398.542908
395.857452
397.667603
397.905731
396.364319
398.524597
398.834503
398.748383
398.694031
398.481506
398.357361
398.073853
397.715240
397.209564
396.590363
393.580750
395.549591
395.135895
391.461121
393.784515
548.897522
626.593628
538.851501
533.688354
528.094238
521.969055
515.096863
508.733063
503.337128
506.497528
495.684113
493.293488
491.286011
489.554504
487.734222
485.408447
482.703552
480.358978
478.089294
475.536407
472.961670
471.499695
467.948883
466.636475
461.740479
458.313629
454.304382
451.083435
448.587616
446.611633
445.126801
444.359436
444.159363
443.047638
442.450928
441.964081
440.913177
439.973389
438.877441
438.005768
436.928284
435.535034
434.598206
433.032227
431.088074
429.036804
426.482605
424.030640
421.999115
420.816528
419.852631
419.428955
419.068726
418.994263
418.184143
418.812042
418.656464
416.671143
417.472046
416.963226
415.691406
415.732605
415.013245
414.217926
412.999908
411.722229
410.378845
408.674866
406.420654
405.165802
404.343384
402.149811
403.813599
403.880188
402.412903
404.293060
404.430328
404.196045
404.216309
403.941040
403.704285
403.462158
402.926819
402.218262
401.959412
400.689606
399.852142
398.820862
397.774719
396.166901
394.841797
393.872223
393.500885
393.077118
390.937073
393.232330
393.257599
393.364594
393.146362
392.126831
547.227539
542.952271
539.094666
534.548401
529.687805
524.958008
520.284851
515.058716
525.426086
503.529205
497.289093
492.199371
487.942444
490.860687
481.479187
479.283966
477.654724
475.688538
474.612823
473.145538
471.491394
469.815704
469.060242
465.849030
463.897552
461.943909
459.689240
456.869904
454.113220
451.530396
450.090942
448.302582
447.646667
446.928467
445.084473
443.137024
441.753082
440.165405
438.658722
437.108307
434.564301
431.505310
429.213684
427.101868
425.713745
424.914795
424.033173
422.586731
423.332794
423.731781
423.019470
423.132019
422.391876
421.647949
420.836060
420.083252
419.183441
418.059174
415.405426
414.300507
412.569702
410.952972
409.823456
408.989929
408.443451
408.021942
407.694336
407.606079
407.704559
407.806976
406.336426
407.349854
407.012085
406.634033
406.268127
405.334534
404.800629
403.501099
402.162292
400.728180
399.522247
398.607483
397.839630
397.588806
396.392578
397.165741
397.250793
397.492279
397.732086
396.257690
397.336456
397.055664
396.797089
396.270660
396.001465
395.602203
395.039032
394.327301
391.629120
390.844452
538.668701
532.257385
527.005371
535.071045
518.438843
514.913635
545.950195
508.867828
505.977448
523.480957
500.974640
498.404266
500.780609
492.655609
489.590424
486.337158
482.501770
478.757874
475.003296
470.708008
469.002441
463.430206
460.834045
460.781769
457.141449
455.861267
455.732452
453.522736
452.333099
451.342743
450.080597
448.892914
447.637634
446.443970
445.465210
443.682281
442.314758
441.092285
439.560913
437.950073
435.855255
433.381195
430.801636
428.432068
426.562073
425.116608
423.543915
422.730774
421.873871
421.436310
421.180939
420.968719
421.021240
420.995178
420.568756
420.136139
419.665558
419.082886
418.618591
417.942932
417.028503
416.284698
415.165527
413.626282
412.164642
410.252838
408.861023
407.032837
405.713989
404.571777
403.772644
403.076355
402.482666
401.883026
401.517273
401.406433
401.030426
401.155426
401.652130
401.798645
402.003693
401.865112
399.291748
400.988708
400.350708
397.558136
399.338928
398.752930
397.414185
396.256500
395.013977
393.594391
392.554779
391.707977
391.309235
390.903473
389.031769
391.156311
390.855042
388.565063
544.147278
539.996277
638.302368
532.223816
528.169189
524.104309
518.769165
514.132751
527.534729
504.218933
509.047211
492.833191
487.840302
483.725586
480.193939
477.587097
475.255615
473.127838
471.075470
469.126251
467.961395
467.013702
467.121552
463.965485
463.754364
460.107391
457.784363
456.039459
453.994904
452.010468
449.777435
446.738007
443.469727
440.380249
437.731720
435.518188
434.303558
433.101593
432.344788
432.009186
431.616821
431.383667
431.278900
430.913391
430.167145
429.509552
428.683624
427.237091
426.979736
426.179871
424.949219
423.793579
422.668671
421.739044
420.831940
420.253235
419.447083
418.663971
416.773041
417.350098
416.519989
414.382935
414.891907
413.917542
412.536896
410.988983
409.119324
407.277802
405.911560
404.936249
404.309662
404.120392
403.972534
404.206879
404.425995
404.418152
404.380951
404.269989
403.868683
403.327271
403.052399
402.771332
402.352112
402.115417
400.804474
401.295319
399.712158
399.559296
398.563568
397.290344
396.060211
394.534302
393.579071
392.705688
392.421204
392.134308
391.843262
391.468628
389.666046
389.333740
161.522614
528.843140
523.924805
523.238953
516.194336
512.975952
510.114777
507.983124
506.337494
522.106506
500.892639
497.673248
495.661743
491.734039
489.021637
486.589417
484.200287
483.051575
478.971497
475.733307
472.214813
468.842987
464.943359
462.681335
457.585571
454.395386
451.602509
449.378845
447.483643
445.859161
444.712280
445.316650
444.125702
443.632843
443.229828
442.203888
441.147736
439.904541
438.584381
437.169983
435.409668
432.671143
430.096832
427.433594
425.237976
424.543793
422.577484
421.691528
420.304352
420.712311
420.197113
418.809814
419.945313
420.290710
420.067291
420.177216
419.817078
419.165253
418.461151
417.771881
416.814941
416.320923
415.163727
414.555542
413.518494
412.122101
410.736908
409.318237
407.576477
405.865326
404.809265
404.174622
404.081207
404.050049
404.141998
404.342682
403.331085
404.390991
404.066681
403.622833
403.325073
402.720306
402.120758
401.664307
401.170593
398.845459
399.309906
398.141418
396.708374
395.096832
394.264282
393.683289
393.394257
393.044128
393.750946
393.946960
394.209503
394.400818
393.773621
392.517365
548.075439
543.046326
538.273743
533.047485
528.129333
522.397339
516.430786
526.700378
504.489563
499.211090
510.659058
490.840546
487.774109
493.236206
483.985504
482.342651
480.924133
478.560089
476.583984
474.332336
472.158234
472.167908
467.555817
465.409119
464.854248
460.495575
457.280945
455.136047
450.719543
447.907410
445.745819
444.119812
442.920349
442.256104
441.688141
440.885101
440.026428
438.663727
437.076172
434.432770
431.598297
429.019989
427.340332
425.836334
424.734741
423.793823
423.076538
422.232208
422.315796
422.088898
421.957611
422.057373
421.403198
421.233276
420.648193
419.774994
418.976440
418.022858
417.101074
415.646210
413.756927
411.594849
410.619629
409.602844
408.924713
408.146667
406.337982
407.429077
407.078979
406.587219
406.270630
405.736328
403.296417
404.426056
403.914368
402.969727
402.901123
402.435699
401.937408
401.435974
400.985626
400.601471
400.143677
398.280121
399.211548
398.670929
395.825928
397.612305
397.354889
395.280487
396.232697
395.753632
395.321625
394.556824
393.917053
393.134186
392.541565
391.338684
390.949036
390.563690
109.615273
535.645752
530.938660
526.494751
522.108032
517.804810
513.611694
509.594666
505.645935
517.735291
498.182739
506.977966
491.492798
488.095001
486.530884
481.907898
478.676910
475.726257
473.022339
470.364838
467.873169
465.566956
463.292267
462.450623
458.960022
457.027252
454.944153
453.143860
451.958710
449.551147
447.791992
446.113556
444.448181
442.943787
441.424530
439.927277
438.525299
437.283173
435.446747
434.161652
432.810638
431.506042
430.253662
429.295532
428.230988
426.476532
426.134125
425.080078
423.319702
423.158661
422.131775
421.236084
420.380249
419.509216
418.526581
417.663147
416.870239
415.953217
414.949707
412.856354
413.174408
412.361572
410.081726
410.902100
410.312531
409.085907
408.988678
408.392731
407.721802
407.166931
406.589020
405.993988
405.424530
404.004272
404.277374
403.638672
402.945374
402.187256
401.560822
400.915649
400.408417
399.901611
399.319794
398.818298
398.186218
396.808105
397.299927
395.088562
396.401123
395.775574
395.328827
394.877014
394.479645
393.799103
393.357666
392.782715
392.398193
392.041718
391.045532
390.130768
540.859680
535.821777
531.279236
526.864441
536.898254
518.282471
514.109863
510.090546
506.114960
502.266144
512.292053
494.555176
491.071198
488.359741
484.739136
481.849792
478.961395
476.204895
476.424530
470.955627
468.554962
469.003296
463.980011
461.813965
461.342224
457.720703
455.500763
453.562805
451.440948
449.590942
447.821106
446.238861
445.887360
443.108490
441.552734
440.075775
438.636749
437.319031
435.665680
434.678650
433.350372
432.269928
430.990509
429.852966
428.716400
427.650818
426.430542
425.044434
423.871552
422.860077
421.818207
420.963409
420.085785
419.205017
418.278717
417.371124
416.644623
415.682037
415.001007
414.197754
413.507690
412.508301
412.011383
410.403381
410.610260
409.872040
409.207123
408.643372
407.881226
406.998657
406.200134
405.596069
403.401550
404.347321
403.860016
403.222809
402.739166
400.639282
401.627686
401.182983
400.619385
400.319855
399.764282
399.315369
398.799652
398.311340
396.636871
397.344543
396.967560
396.349579
395.768768
395.118256
394.663116
394.084656
392.123383
393.280212
392.908600
389.827881
391.509308
391.098053
179.625214
536.589233
531.958252
529.447388
523.152222
518.784363
514.568176
510.544952
516.001831
502.738922
498.954956
508.111084
491.501831
488.109039
491.939911
481.831299
478.822662
477.046265
473.481720
470.853638
468.416931
466.086304
465.937195
461.621887
459.548737
458.058411
455.528900
453.790222
452.016357
450.267242
448.481262
446.966766
445.355560
443.791412
442.321686
440.371948
438.978333
437.719238
436.243591
435.230133
433.889404
432.528107
431.417053
430.252899
429.159760
428.127899
426.960968
425.867615
424.454926
423.891449
422.886627
421.953857
420.972534
419.399353
418.939636
417.817657
416.959747
415.923584
415.210083
414.374786
413.628723
412.811737
411.701660
411.272095
410.620148
409.945343
409.230011
408.456787
407.208588
405.992249
403.770752
404.666046
404.218323
401.814789
403.292725
402.546326
401.116760
401.273834
400.519989
399.282715
398.511078
397.984711
397.582703
397.317810
396.007202
396.463715
396.089630
393.250427
395.075378
394.101440
391.563904
392.779236
392.509399
392.027588
391.837616
391.200317
390.704773
390.229187
387.070892
388.863098
539.275391
556.650940
530.073425
525.718323
521.521118
517.264832
513.095825
509.079193
505.126495
501.207672
509.624512
493.539429
490.113525
486.958527
483.709015
482.760773
477.984406
475.236481
472.604553
470.099091
467.735840
465.534088
463.285675
461.196716
460.229919
457.014008
454.772278
452.872375
451.062439
450.076904
447.598480
446.112152
444.517273
442.986572
441.411743
439.934631
438.616089
437.285309
435.999939
434.674347
433.249329
431.739899
430.604034
430.249817
428.213135
427.217377
425.446014
425.083771
424.009430
422.132751
422.123169
421.169434
420.111786
419.374542
418.496796
417.642303
416.856079
415.969116
415.239777
414.426697
413.055176
412.903442
412.198975
409.791290
410.733063
409.928223
407.906891
408.190857
407.503571
406.782043
406.200134
405.663940
403.656189
404.429108
402.485321
403.224365
402.688110
402.064392
401.651489
401.032715
400.552216
400.135376
399.560303
399.050659
398.521576
398.020111
396.559082
397.161987
396.608704
395.827332
395.215027
394.310822
394.311218
393.692963
393.376801
392.954773
392.554138
392.205994
391.223328
390.821533
438.619324
536.483582
531.788452
527.280151
522.889221
547.814453
514.463440
510.405792
506.444763
502.607910
498.884796
507.046051
491.528748
488.013580
485.701477
481.625854
478.661987
475.971191
473.364655
473.362366
468.409821
466.103271
465.972351
461.634033
459.566833
459.156494
455.573456
453.781464
452.717194
450.244080
448.527710
446.913574
445.240662
443.639221
441.815979
440.132874
438.979889
437.371460
435.831757
434.710785
433.423279
432.016632
430.940918
429.849976
428.759888
427.732605
426.592712
425.564240
424.228363
423.708557
421.936462
421.729980
420.804871
419.860321
418.897797
417.850830
416.771851
415.670624
414.734375
413.743347
412.901276
412.193298
411.063171
410.620575
410.068665
409.396027
408.764801
408.015869
407.571991
406.996246
406.353882
405.785889
405.013489
404.192963
403.568634
403.059509
402.227753
401.912750
401.496124
400.877869
400.385803
398.949890
399.367950
398.961365
398.469910
397.923676
397.507294
394.937561
396.401062
395.670135
394.979187
394.695190
394.375214
393.747711
393.454712
393.046509
392.467773
392.156860
388.769073
390.748016
541.439331
953.154541
532.051331
527.505005
557.289673
518.658264
514.172424
509.996155
505.901306
501.996735
498.182343
494.711914
497.274048
488.319153
484.770386
481.839752
478.832062
476.019012
473.403503
470.796692
468.440277
466.092438
463.768951
461.631592
460.863159
457.580688
456.796204
453.647827
451.623871
449.795776
447.767120
446.116119
444.461792
443.011078
441.599976
440.031586
438.670715
437.331360
436.131531
434.843445
433.545044
432.269135
431.204376
430.061737
428.904083
427.888733
426.737946
425.674011
424.593536
422.688324
422.229309
421.242920
420.271881
419.360870
418.477203
417.658173
416.849609
415.416168
415.174164
414.466156
412.193237
412.895752
412.184204
410.152710
410.744568
410.002960
409.197601
408.632050
407.895691
407.244385
406.526978
406.016998
405.028076
404.195526
401.982147
403.110443
402.510223
399.992065
401.505951
400.896454
399.811951
399.930115
399.363831
398.837219
398.376068
397.892639
397.489838
396.945435
395.692078
395.943054
395.555237
395.115509
394.619324
393.944855
