-2946.000000
-2970.000000
-2954.000000
-2908.000000
-2946.000000
-2948.000000
-2946.000000
-2924.000000
-2948.000000
-2944.000000
-2950.000000
-2912.000000
-2936.000000
-2942.000000
-2948.000000
-2924.000000
-2962.000000
-2950.000000
-2954.000000
-2924.000000
-2956.000000
-2964.000000
-2956.000000
-2928.000000
-2934.000000
-2962.000000
-2952.000000
-2914.000000
-2946.000000
-2948.000000
-2934.000000
-2932.000000
-2944.000000
-2956.000000
-2950.000000
-2912.000000
-2958.000000
-2956.000000
-2938.000000
-2904.000000
-2950.000000
-2950.000000
-2954.000000
-2920.000000
-2950.000000
-2950.000000
-2938.000000
-2922.000000
-2938.000000
-2948.000000
-2952.000000
-2924.000000
-2942.000000
-2940.000000
-2942.000000
-2912.000000
-2942.000000
-2940.000000
-2946.000000
-2924.000000
-2942.000000
-2940.000000
-2950.000000
-2902.000000
-2922.000000
-2956.000000
-2940.000000
-2918.000000
-2952.000000
-2934.000000
-2948.000000
-2912.000000
-2938.000000
-2940.000000
-2950.000000
-2918.000000
-2950.000000
-2946.000000
-2960.000000
-2926.000000
-2956.000000
-2950.000000
-2938.000000
-2926.000000
-2934.000000
-2944.000000
-2954.000000
-2914.000000
-2930.000000
-2940.000000
-2954.000000
-2918.000000
-2954.000000
-2954.000000
-2942.000000
-2914.000000
-2952.000000
-2944.000000
-2948.000000
-2916.000000
-2944.000000
-2938.000000
-2942.000000
-2924.000000
-2954.000000
-2948.000000
-2954.000000
-2916.000000
-2958.000000
-2956.000000
-2954.000000
-2934.000000
-2948.000000
-2942.000000
-2942.000000
-2922.000000
-2948.000000
-2936.000000
-2964.000000
-2920.000000
-2934.000000
-2944.000000
-2950.000000
-2926.000000
-2956.000000
-2952.000000
-2956.000000
-2918.000000
-2934.000000
-2948.000000
-2960.000000
-2930.000000
-2958.000000
-2942.000000
-2968.000000
-2920.000000
-2944.000000
-2952.000000
-2928.000000
-2914.000000
-2952.000000
-2938.000000
-2936.000000
-2930.000000
-2958.000000
-2922.000000
-2962.000000
-2920.000000
-2944.000000
-2924.000000
-2940.000000
-2916.000000
-2962.000000
-2954.000000
-2950.000000
-2916.000000
-2950.000000
-2940.000000
-2968.000000
-2906.000000
-2960.000000
-2950.000000
-2934.000000
-2906.000000
-2938.000000
-2954.000000
-2952.000000
-2922.000000
-2944.000000
-2960.000000
-2930.000000
-2916.000000
-2940.000000
-2932.000000
-2952.000000
-2898.000000
-2946.000000
-2942.000000
-2936.000000
-2920.000000
-2950.000000
-2952.000000
-2952.000000
-2922.000000
-2942.000000
-2960.000000
-2942.000000
-2928.000000
-2962.000000
-2942.000000
-2950.000000
-2914.000000
-2950.000000
-2932.000000
-2948.000000
-2912.000000
-2952.000000
-2938.000000
-2952.000000
-2936.000000
-2950.000000
-2942.000000
-2944.000000
-2916.000000
-2952.000000
-2944.000000
-2950.000000
-2928.000000
-2942.000000
-2942.000000
-2942.000000
-2924.000000
-2960.000000
-2966.000000
-2968.000000
-2926.000000
-2966.000000
-2954.000000
-2940.000000
-2932.000000
-2952.000000
-2942.000000
-2922.000000
-2912.000000
-2938.000000
-2956.000000
-2938.000000
-2920.000000
-2950.000000
-2954.000000
-2940.000000
-2916.000000
-2956.000000
-2964.000000
-2946.000000
-2922.000000
-2950.000000
-2948.000000
-2952.000000
-2924.000000
-2952.000000
-2952.000000
-2960.000000
-2914.000000
-2956.000000
-2954.000000
-2972.000000
-2906.000000
-2948.000000
-2958.000000
-2948.000000
-2912.000000
-2954.000000
-2934.000000
-2950.000000
-2924.000000
-2944.000000
-2956.000000
-2948.000000
-2918.000000
-2952.000000
-2946.000000
-2954.000000
-2912.000000
-2948.000000
-2952.000000
-2954.000000
-2918.000000
-2944.000000
-2936.000000
-2944.000000
-2916.000000
-2948.000000
-2938.000000
-2936.000000
-2926.000000
-2946.000000
-2954.000000
-2944.000000
-2920.000000
-2942.000000
-2952.000000
-2944.000000
-2916.000000
-2958.000000
-2960.000000
-2940.000000
-2918.000000
-2954.000000
-2938.000000
-2952.000000
-2924.000000
-2936.000000
-2938.000000
-2942.000000
-2914.000000
-2954.000000
-2948.000000
-2952.000000
-2916.000000
-2956.000000
-2958.000000
-2938.000000
-2928.000000
-2944.000000
-2948.000000
-2948.000000
-2910.000000
-2938.000000
-2942.000000
-2946.000000
-2926.000000
-2956.000000
-2944.000000
-2940.000000
-2938.000000
-2950.000000
-2942.000000
-2942.000000
-2926.000000
-2948.000000
-2940.000000
-2938.000000
-2916.000000
-2944.000000
-2948.000000
-2950.000000
-2908.000000
-2940.000000
-2950.000000
-2954.000000
-2912.000000
-2932.000000
-2932.000000
-2942.000000
-2924.000000
-2938.000000
-2952.000000
-2948.000000
-2908.000000
-2936.000000
-2952.000000
-2930.000000
-2914.000000
-2948.000000
-2962.000000
-2938.000000
-2934.000000
-2942.000000
-2946.000000
-2936.000000
-2934.000000
-2950.000000
-2942.000000
-2958.000000
-2916.000000
-2956.000000
-2972.000000
-2942.000000
-2918.000000
-2946.000000
-2952.000000
-2952.000000
-2934.000000
-2962.000000
-2950.000000
-2952.000000
-2928.000000
-2946.000000
-2954.000000
-2940.000000
-2918.000000
-2938.000000
-2962.000000
-2948.000000
-2922.000000
-2970.000000
-2950.000000
-2926.000000
-2940.000000
-2976.000000
-2918.000000
-2946.000000
-2916.000000
-2940.000000
-2958.000000
-2940.000000
-2914.000000
-2934.000000
-2954.000000
-2940.000000
-2938.000000
-2946.000000
-2938.000000
-2950.000000
-2912.000000
-2950.000000
-2940.000000
-2950.000000
-2912.000000
-2938.000000
-2952.000000
-2944.000000
-2908.000000
-2942.000000
-2932.000000
-2934.000000
-2920.000000
-2942.000000
-2948.000000
-2950.000000
-2914.000000
-2938.000000
-2964.000000
-2936.000000
-2926.000000
-2940.000000
-2922.000000
-2958.000000
-2922.000000
-2960.000000
-2946.000000
-2946.000000
-2928.000000
-2938.000000
-2940.000000
-2942.000000
-2932.000000
-2940.000000
-2940.000000
-2958.000000
-2922.000000
-2936.000000
-2964.000000
-2950.000000
-2944.000000
-2940.000000
-2948.000000
-2946.000000
-2922.000000
-2956.000000
-2946.000000
-2944.000000
-2930.000000
-2962.000000
-2952.000000
-2952.000000
-2918.000000
-2944.000000
-2946.000000
-2930.000000
-2914.000000
-2958.000000
-2938.000000
-2950.000000
-2922.000000
-2962.000000
-2936.000000
-2950.000000
-2924.000000
-2944.000000
-2940.000000
-2946.000000
-2920.000000
-2950.000000
-2934.000000
-2948.000000
-2916.000000
-2960.000000
-2954.000000
-2948.000000
-2912.000000
-2938.000000
-2946.000000
-2938.000000
-2920.000000
-2960.000000
-2960.000000
-2940.000000
-2928.000000
-2960.000000
-2934.000000
-2952.000000
-2936.000000
-2938.000000
-2954.000000
-2966.000000
-2938.000000
-2944.000000
-2958.000000
-2948.000000
-2922.000000
-2928.000000
-2954.000000
-2932.000000
-2916.000000
-2948.000000
-2946.000000
-2940.000000
-2922.000000
-2944.000000
-2954.000000
-2946.000000
-2914.000000
-2946.000000
-2956.000000
-2922.000000
-2930.000000
-2962.000000
-2936.000000
-2950.000000
-2924.000000
-2958.000000
-2954.000000
-2948.000000
-2910.000000
-2952.000000
-2958.000000
-2946.000000
-2930.000000
-2932.000000
-2950.000000
-2950.000000
-2916.000000
-2940.000000
-2964.000000
-2940.000000
-2896.000000
-2954.000000
-2948.000000
-2932.000000
-2918.000000
-2954.000000
-2946.000000
-2962.000000
-2918.000000
-2962.000000
-2950.000000
-2952.000000
-2924.000000
-2946.000000
-2950.000000
-2942.000000
-2912.000000
-2960.000000
-2946.000000
-2948.000000
-2932.000000
-2960.000000
-2958.000000
-2958.000000
-2922.000000
-2946.000000
-2952.000000
-2944.000000
-2930.000000
-2950.000000
-2950.000000
-2952.000000
-2936.000000
-2946.000000
-2946.000000
-2958.000000
-2928.000000
-2962.000000
-2920.000000
-2962.000000
-2912.000000
-2940.000000
-2938.000000
-2938.000000
-2914.000000
-2950.000000
-2950.000000
-2964.000000
-2888.000000
-2916.000000
-2936.000000
-2932.000000
-2910.000000
-2928.000000
-2942.000000
-2930.000000
-2922.000000
-2926.000000
-2932.000000
-2926.000000
-2906.000000
-2930.000000
-2928.000000
-2928.000000
-2894.000000
-2916.000000
-2928.000000
-2918.000000
-2908.000000
-2938.000000
-2938.000000
-2942.000000
-2910.000000
-2926.000000
-2928.000000
-2944.000000
-2910.000000
-2932.000000
-2930.000000
-2928.000000
-2912.000000
-2926.000000
-2930.000000
-2930.000000
-2910.000000
-2950.000000
-2940.000000
-2930.000000
-2906.000000
-2928.000000
-2928.000000
-2934.000000
-2914.000000
-2928.000000
-2930.000000
-2936.000000
-2914.000000
-2920.000000
-2926.000000
-2948.000000
-2916.000000
-2934.000000
-2936.000000
-2930.000000
-2912.000000
-2952.000000
-2946.000000
-2932.000000
-2912.000000
-2934.000000
-2930.000000
-2948.000000
-2908.000000
-2956.000000
-2938.000000
-2928.000000
-2904.000000
-2924.000000
-2938.000000
-2948.000000
-2924.000000
-2930.000000
-2942.000000
-2938.000000
-2926.000000
-2932.000000
-2930.000000
-2942.000000
-2910.000000
-2946.000000
-2940.000000
-2946.000000
-2922.000000
-2952.000000
-2920.000000
-2954.000000
-2906.000000
-2930.000000
-2950.000000
-2940.000000
-2924.000000
-2952.000000
-2928.000000
-2944.000000
-2904.000000
-2932.000000
-2932.000000
-2932.000000
-2908.000000
-2950.000000
-2932.000000
-2956.000000
-2904.000000
-2926.000000
-2936.000000
-2946.000000
-2920.000000
-2938.000000
-2940.000000
-2954.000000
-2918.000000
-2938.000000
-2930.000000
-2954.000000
-2910.000000
-2940.000000
-2942.000000
-2958.000000
-2908.000000
-2930.000000
-2928.000000
-2958.000000
-2936.000000
-2950.000000
-2940.000000
-2944.000000
-2904.000000
-2922.000000
-2940.000000
-2944.000000
-2920.000000
-2940.000000
-2950.000000
-2948.000000
-2900.000000
-2948.000000
-2948.000000
-2946.000000
-2920.000000
-2942.000000
-2950.000000
-2936.000000
-2916.000000
-2940.000000
-2938.000000
-2930.000000
-2918.000000
-2952.000000
-2948.000000
-2948.000000
-2904.000000
-2930.000000
-2956.000000
-2936.000000
-2926.000000
-2942.000000
-2946.000000
-2952.000000
-2918.000000
-2948.000000
-2942.000000
-2942.000000
-2916.000000
-2948.000000
-2942.000000
-2948.000000
-2908.000000
-2934.000000
-2944.000000
-2950.000000
-2916.000000
-2932.000000
-2930.000000
-2936.000000
-2918.000000
-2944.000000
-2946.000000
-2950.000000
-2906.000000
-2944.000000
-2942.000000
-2950.000000
-2922.000000
-2942.000000
-2950.000000
-2934.000000
-2930.000000
-2942.000000
-2938.000000
-2944.000000
-2904.000000
-2942.000000
-2940.000000
-2954.000000
-2910.000000
-2936.000000
-2944.000000
-2938.000000
-2916.000000
-2942.000000
-2956.000000
-2932.000000
-2904.000000
-2936.000000
-2936.000000
-2924.000000
-2926.000000
-2932.000000
-2940.000000
-2948.000000
-2916.000000
-2928.000000
-2942.000000
-2942.000000
-2920.000000
-2940.000000
-2940.000000
-2942.000000
-2922.000000
-2954.000000
-2940.000000
-2946.000000
-2914.000000
-2932.000000
-2936.000000
-2954.000000
-2908.000000
-2936.000000
-2948.000000
-2948.000000
-2914.000000
-2932.000000
-2934.000000
-2942.000000
-2926.000000
-2950.000000
-2936.000000
-2938.000000
-2892.000000
-2926.000000
-2940.000000
-2938.000000
-2922.000000
-2946.000000
-2948.000000
-2946.000000
-2914.000000
-2946.000000
-2942.000000
-2948.000000
-2920.000000
-2942.000000
-2948.000000
-2948.000000
-2900.000000
-2950.000000
-2946.000000
-2944.000000
-2914.000000
-2944.000000
-2946.000000
-2946.000000
-2904.000000
-2964.000000
-2942.000000
-2952.000000
-2920.000000
-2940.000000
-2938.000000
-2934.000000
-2914.000000
-2924.000000
-2928.000000
-2960.000000
-2910.000000
-2944.000000
-2946.000000
-2948.000000
-2912.000000
-2950.000000
-2948.000000
-2938.000000
-2910.000000
-2938.000000
-2950.000000
-2946.000000
-2912.000000
-2938.000000
-2950.000000
-2956.000000
-2932.000000
-2960.000000
-2948.000000
-2948.000000
-2924.000000
-2936.000000
-2942.000000
-2952.000000
-2914.000000
-2930.000000
-2952.000000
-2944.000000
-2920.000000
-2954.000000
-2936.000000
-2942.000000
-2910.000000
-2948.000000
-2932.000000
-2940.000000
-2908.000000
-2934.000000
-2926.000000
-2940.000000
-2926.000000
-2946.000000
-2934.000000
-2960.000000
-2906.000000
-2948.000000
-2946.000000
-2924.000000
-2924.000000
-2946.000000
-2946.000000
-2944.000000
-2902.000000
-2930.000000
-2946.000000
-2948.000000
-2918.000000
-2946.000000
-2942.000000
-2940.000000
-2910.000000
-2942.000000
-2946.000000
-2936.000000
-2916.000000
-2952.000000
-2934.000000
-2944.000000
-2924.000000
-2928.000000
-2954.000000
-2934.000000
-2916.000000
-2938.000000
-2960.000000
-2948.000000
-2914.000000
-2930.000000
-2940.000000
-2948.000000
-2914.000000
-2942.000000
-2948.000000
-2944.000000
-2918.000000
-2936.000000
-2950.000000
-2970.000000
-2910.000000
-2942.000000
-2942.000000
-2950.000000
-2914.000000
-2946.000000
-2938.000000
-2942.000000
-2924.000000
-2950.000000
-2944.000000
-2952.000000
-2924.000000
-2930.000000
-2932.000000
-2940.000000
-2926.000000
-2956.000000
-2950.000000
-2944.000000
-2934.000000
-2958.000000
-2942.000000
-2954.000000
-2924.000000
-2950.000000
-2946.000000
-2964.000000
-2938.000000
-2942.000000
-2956.000000
-2940.000000
-2920.000000
-2964.000000
-2948.000000
-2936.000000
-2912.000000
-2952.000000
-2946.000000
-2932.000000
-2918.000000
-2938.000000
-2954.000000
-2936.000000
-2920.000000
-2950.000000
-2954.000000
-2948.000000
-2908.000000
-2936.000000
-2952.000000
-2948.000000
-2938.000000
-2938.000000
-2952.000000
-2952.000000
-2916.000000
-2928.000000
-2950.000000
-2940.000000
-2930.000000
-2946.000000
-2950.000000
-2952.000000
-2910.000000
-2948.000000
-2954.000000
-2942.000000
-2920.000000
-2960.000000
-2960.000000
-2928.000000
-2924.000000
-2950.000000
-2968.000000
-2946.000000
-2918.000000
-2956.000000
-2942.000000
-2934.000000
-2908.000000
-2952.000000
-2944.000000
-2956.000000
-2942.000000
-2946.000000
-2954.000000
-2936.000000
-2914.000000
-2940.000000
-2958.000000
-2950.000000
-2912.000000
-2958.000000
-2944.000000
-2940.000000
-2916.000000
-2950.000000
-2958.000000
-2948.000000
-2912.000000
-2958.000000
-2952.000000
-2934.000000
-2912.000000
-2954.000000
-2946.000000
-2946.000000
-2910.000000
-2954.000000
-2950.000000
-2958.000000
-2924.000000
-2952.000000
-2944.000000
-2936.000000
-2922.000000
-2948.000000
-2936.000000
-2952.000000
-2914.000000
-2930.000000
-2958.000000
-2940.000000
-2918.000000
-2952.000000
-2954.000000
-2952.000000
-2926.000000
-2956.000000
-2932.000000
-2956.000000
-2918.000000
-2942.000000
-2942.000000
-2948.000000
-2924.000000
-2958.000000
-2942.000000
-2926.000000
-2942.000000
-2974.000000
-2998.000000
-2914.000000
-2928.000000
-2954.000000
-2952.000000
-2948.000000
-2948.000000
-2940.000000
-2926.000000
-2952.000000
-2918.000000
-2950.000000
-2944.000000
-2956.000000
-2904.000000
-2922.000000
-2934.000000
-2974.000000
-2926.000000
-2948.000000
-2938.000000
-2938.000000
-2900.000000
-2934.000000
-2924.000000
-2948.000000
-2904.000000
-2932.000000
-2928.000000
-2944.000000
-2942.000000
-2954.000000
-2964.000000
-2922.000000
-2906.000000
-2938.000000
-2970.000000
-2916.000000
-2964.000000
-3016.000000
-2978.000000
-2930.000000
-2944.000000
-2986.000000
-2988.000000
-2948.000000
-2998.000000
-3024.000000
-2954.000000
-2958.000000
-2882.000000
-2942.000000
-2980.000000
-2904.000000
-2928.000000
-2930.000000
-2944.000000
-2962.000000
-2910.000000
-2964.000000
-2994.000000
-2938.000000
-2908.000000
-2922.000000
-2962.000000
-2948.000000
-2928.000000
-2962.000000
-2944.000000
-2948.000000
-2928.000000
-2950.000000
-2918.000000
-2928.000000
-2942.000000
-2966.000000
-2944.000000
-2944.000000
-2914.000000
-2956.000000
-2950.000000
-2954.000000
-3040.000000
-3008.000000
-2942.000000
-2918.000000
-2916.000000
-2938.000000
-2984.000000
-2952.000000
-2966.000000
-2936.000000
-2978.000000
-2988.000000
-2968.000000
-2984.000000
-2916.000000
-2988.000000
-2910.000000
-2932.000000
-2934.000000
-2958.000000
-2918.000000
-2958.000000
-2940.000000
-2966.000000
-2922.000000
-2934.000000
-2940.000000
-2956.000000
-2918.000000
-2944.000000
-2972.000000
-2964.000000
-2914.000000
-2962.000000
-2952.000000
-2918.000000
-2922.000000
-2934.000000
-2958.000000
-2988.000000
-2928.000000
-2952.000000
-2958.000000
-2962.000000
-2918.000000
-2974.000000
-2926.000000
-2928.000000
-2938.000000
-2958.000000
-2992.000000
-2944.000000
-2930.000000
-2966.000000
-2948.000000
-2940.000000
-2966.000000
-2966.000000
-2946.000000
-2966.000000
-2922.000000
-2958.000000
-2938.000000
-2980.000000
-2880.000000
-2944.000000
-2936.000000
-2940.000000
-2914.000000
-2936.000000
-2954.000000
-3000.000000
-2850.000000
-2914.000000
-2912.000000
-2972.000000
-2948.000000
-2938.000000
-2948.000000
-2950.000000
-2980.000000
-2968.000000
-2900.000000
-2936.000000
-2908.000000
-2934.000000
-2906.000000
-2974.000000
-2954.000000
-2966.000000
-2924.000000
-2956.000000
-2936.000000
-2962.000000
-2898.000000
-2936.000000
-2912.000000
-2926.000000
-2936.000000
-2952.000000
-2964.000000
-2960.000000
-2942.000000
-2954.000000
-2922.000000
-2924.000000
-2926.000000
-3004.000000
-2930.000000
-2968.000000
-2946.000000
-3006.000000
-2942.000000
-2962.000000
-2942.000000
-2948.000000
-2914.000000
-2958.000000
-2938.000000
-2950.000000
-2912.000000
-2950.000000
-2958.000000
-2964.000000
-2922.000000
-2940.000000
-2942.000000
-2948.000000
-2908.000000
-2952.000000
-2964.000000
-2966.000000
-2926.000000
-2946.000000
-2946.000000
-2980.000000
-2918.000000
-2936.000000
-2932.000000
-2954.000000
-2928.000000
-2952.000000
-2960.000000
-2940.000000
-2940.000000
-2950.000000
-2952.000000
-2948.000000
-2928.000000
-3020.000000
-2960.000000
-2950.000000
-2928.000000
-2944.000000
-2954.000000
-2974.000000
-2954.000000
-2996.000000
-2926.000000
-3006.000000
-2908.000000
-2974.000000
-2956.000000
-2946.000000
-2964.000000
-2964.000000
-2980.000000
-2954.000000
-2956.000000
-2982.000000
-2980.000000
-2936.000000
-2912.000000
-2958.000000
-2916.000000
-2960.000000
-2926.000000
-2960.000000
-2998.000000
-2946.000000
-2948.000000
-2972.000000
-2978.000000
-2928.000000
-2910.000000
-2942.000000
-2958.000000
-2968.000000
-2842.000000
-3032.000000
-3006.000000
-2970.000000
-2922.000000
-2962.000000
-2952.000000
-2950.000000
-2922.000000
-2948.000000
-2970.000000
-2950.000000
-2966.000000
-2970.000000
-3000.000000
-2976.000000
-2950.000000
-2984.000000
-2982.000000
-2960.000000
-2944.000000
-2980.000000
-2976.000000
-2974.000000
-2982.000000
-2982.000000
-2968.000000
-2962.000000
-2974.000000
-2994.000000
-2962.000000
-2944.000000
-2976.000000
-2978.000000
-2936.000000
-2974.000000
-2918.000000
-2934.000000
-2970.000000
-2996.000000
-2942.000000
-2950.000000
-2962.000000
-2982.000000
-2940.000000
-2988.000000
-2974.000000
-2964.000000
-2942.000000
-2944.000000
-2948.000000
-2964.000000
-2930.000000
-2986.000000
-3004.000000
-2980.000000
-2946.000000
-3028.000000
-2942.000000
-2986.000000
-2932.000000
-2976.000000
-2984.000000
-2976.000000
-2936.000000
-3006.000000
-2958.000000
-3000.000000
-2994.000000
-3038.000000
-2962.000000
-2978.000000
-2948.000000
-2994.000000
-2990.000000
-2932.000000
-2928.000000
-2992.000000
-2974.000000
-2996.000000
-2928.000000
-2964.000000
-2974.000000
-2964.000000
-2950.000000
-2954.000000
-2936.000000
-2960.000000
-2934.000000
-2958.000000
-2944.000000
-2934.000000
-2932.000000
-2980.000000
-2978.000000
-3000.000000
-2906.000000
-2970.000000
-3058.000000
-2928.000000
-2890.000000
-2922.000000
-2944.000000
-2946.000000
-2904.000000
-2958.000000
-2942.000000
-3200.000000
-3014.000000
-2994.000000
-2886.000000
-2946.000000
-2894.000000
-2922.000000
-3038.000000
-2940.000000
-2970.000000
-2948.000000
-3006.000000
-2946.000000
-3028.000000
-3094.000000
-2936.000000
-2958.000000
-3004.000000
-2950.000000
-3014.000000
-2964.000000
-2908.000000
-2940.000000
-2954.000000
-2916.000000
-2928.000000
-2956.000000
-2972.000000
-2960.000000
-2950.000000
-2982.000000
-2974.000000
-2932.000000
-2942.000000
-2982.000000
-2940.000000
-2976.000000
-2944.000000
-2960.000000
-2954.000000
-2924.000000
-2912.000000
-2938.000000
-2986.000000
-2992.000000
-2940.000000
-3002.000000
-2944.000000
-2984.000000
-2876.000000
-2910.000000
-2986.000000
-2998.000000
-2916.000000
-2980.000000
-2936.000000
-2988.000000
-2904.000000
-2938.000000
-2986.000000
-3002.000000
-2948.000000
-2964.000000
-2990.000000
-2978.000000
-2976.000000
-2976.000000
-2938.000000
-2944.000000
-2954.000000
-2974.000000
-2928.000000
-2990.000000
-2956.000000
-2994.000000
-2984.000000
-2960.000000
-2934.000000
-2922.000000
-2950.000000
-2936.000000
-2906.000000
-2954.000000
-2978.000000
-2990.000000
-2950.000000
-2952.000000
-3010.000000
-2948.000000
-2952.000000
-3002.000000
-2930.000000
-2970.000000
-2920.000000
-2880.000000
-2990.000000
-2996.000000
-2942.000000
-2982.000000
-3008.000000
-2964.000000
-2892.000000
-2924.000000
-2926.000000
-3000.000000
-2930.000000
-2948.000000
-2936.000000
-2964.000000
-2936.000000
-2982.000000
-3052.000000
-2938.000000
-3016.000000
-2992.000000
-2986.000000
-2972.000000
-2966.000000
-3012.000000
-2990.000000
-2974.000000
-2916.000000
-2972.000000
-2970.000000
-2954.000000
-2912.000000
-2950.000000
-2968.000000
-2994.000000
-2938.000000
-3004.000000
-2962.000000
-3004.000000
-2918.000000
-2898.000000
-3010.000000
-2978.000000
-3016.000000
-3072.000000
-2990.000000
-3032.000000
-2894.000000
-2934.000000
-3014.000000
-2930.000000
-2954.000000
-2962.000000
-2970.000000
-2980.000000
-2966.000000
-2976.000000
-2986.000000
-2988.000000
-2984.000000
-3010.000000
-2958.000000
-2974.000000
-2976.000000
-3014.000000
-2994.000000
-2964.000000
-2926.000000
-2988.000000
-3034.000000
-2958.000000
-2962.000000
-2968.000000
-3018.000000
-2978.000000
-2966.000000
-3000.000000
-2960.000000
-2974.000000
-2948.000000
-2988.000000
-2980.000000
-2966.000000
-2950.000000
-2956.000000
-2982.000000
-2954.000000
-2952.000000
-2978.000000
-3000.000000
-3050.000000
-2940.000000
-2998.000000
-3012.000000
-3076.000000
-2774.000000
-3116.000000
-3032.000000
-2942.000000
-3010.000000
-3024.000000
-3002.000000
-3030.000000
-2998.000000
-3012.000000
-2984.000000
-3008.000000
-2940.000000
-3006.000000
-3074.000000
-3044.000000
-3016.000000
-2878.000000
-3026.000000
-3042.000000
-2974.000000
-2982.000000
-3048.000000
-3034.000000
-3052.000000
-3076.000000
-3004.000000
-3074.000000
-3042.000000
-3134.000000
-3074.000000
-3050.000000
-2990.000000
-3012.000000
-3052.000000
-3000.000000
-3024.000000
-3054.000000
-3044.000000
-3038.000000
-3020.000000
-3100.000000
-3048.000000
-3040.000000
-3006.000000
-3044.000000
-3018.000000
-3050.000000
-3002.000000
-3014.000000
-3056.000000
-3084.000000
-3008.000000
-3032.000000
-3022.000000
-3066.000000
-3020.000000
-3034.000000
-3042.000000
-3028.000000
-3016.000000
-3048.000000
-3112.000000
-2988.000000
-3106.000000
-3104.000000
-2980.000000
-3078.000000
-3034.000000
-3006.000000
-3082.000000
-3172.000000
-3242.000000
-3164.000000
-3052.000000
-3162.000000
-2992.000000
-3076.000000
-3114.000000
-3038.000000
-3112.000000
-3100.000000
-3116.000000
-3122.000000
-3064.000000
-3102.000000
-3046.000000
-3108.000000
-3034.000000
-3074.000000
-3082.000000
-3056.000000
-3048.000000
-3062.000000
-3056.000000
-3062.000000
-3028.000000
-3046.000000
-3042.000000
-3082.000000
-3040.000000
-3062.000000
-3044.000000
-3112.000000
-3014.000000
-3044.000000
-3108.000000
-3106.000000
-3024.000000
-3060.000000
-3092.000000
-3054.000000
-3040.000000
-3046.000000
-3098.000000
-3018.000000
-3172.000000
-3140.000000
-3156.000000
-3042.000000
-3114.000000
-3136.000000
-3040.000000
-3048.000000
-3108.000000
-3150.000000
-3040.000000
-3044.000000
-3000.000000
-3104.000000
-3032.000000
-3020.000000
-3234.000000
-3120.000000
-3180.000000
-3048.000000
-3124.000000
-3124.000000
-3108.000000
-3134.000000
-3100.000000
-3104.000000
-3102.000000
-3082.000000
-2996.000000
-3164.000000
-3112.000000
-3120.000000
-2926.000000
-3130.000000
-3178.000000
-3148.000000
-3056.000000
-3104.000000
-3078.000000
-3126.000000
-3102.000000
-3128.000000
-3142.000000
-3112.000000
-3124.000000
-3166.000000
-3092.000000
-3140.000000
-3102.000000
-3112.000000
-3122.000000
-3102.000000
-3066.000000
-3126.000000
-3130.000000
-3124.000000
-3150.000000
-3166.000000
-3124.000000
-3114.000000
-3190.000000
-3170.000000
-3118.000000
-3156.000000
-3110.000000
-3144.000000
-3136.000000
-3116.000000
-3134.000000
-3164.000000
-3148.000000
-3152.000000
-3106.000000
-3120.000000
-3120.000000
-3126.000000
-3046.000000
-3106.000000
-3114.000000
-3144.000000
-3094.000000
-3126.000000
-3142.000000
-3136.000000
-3116.000000
-3148.000000
-3110.000000
-3142.000000
-3112.000000
-3154.000000
-3172.000000
-3130.000000
-3044.000000
-3108.000000
-3206.000000
-3196.000000
-3116.000000
-3132.000000
-3138.000000
-3146.000000
-3084.000000
-3114.000000
-3172.000000
-3232.000000
-3118.000000
-3144.000000
-3190.000000
-3190.000000
-3132.000000
-3176.000000
-3174.000000
-3182.000000
-3108.000000
-3142.000000
-3184.000000
-3150.000000
-3146.000000
-3182.000000
-3174.000000
-3180.000000
-3116.000000
-3156.000000
-3166.000000
-3162.000000
-3132.000000
-3160.000000
-3150.000000
-3186.000000
-3122.000000
-3160.000000
-3164.000000
-3164.000000
-3118.000000
-3132.000000
-3152.000000
-3156.000000
-3132.000000
-3170.000000
-3158.000000
-3190.000000
-3140.000000
-3180.000000
-3180.000000
-3154.000000
-3116.000000
-3156.000000
-3020.000000
-3184.000000
-3142.000000
-3170.000000
-3182.000000
-3164.000000
-3186.000000
-3196.000000
-3162.000000
-3166.000000
-3222.000000
-3228.000000
-3112.000000
-3208.000000
-3164.000000
-3204.000000
-3232.000000
-3166.000000
-3226.000000
-3238.000000
-3232.000000
-3176.000000
-3206.000000
-3216.000000
-3158.000000
-3172.000000
-3112.000000
-3164.000000
-3182.000000
-3152.000000
-3178.000000
-3196.000000
-3178.000000
-3170.000000
-3174.000000
-3198.000000
-3188.000000
-3172.000000
-3122.000000
-3158.000000
-3192.000000
-3186.000000
-3172.000000
-3212.000000
-3208.000000
-3194.000000
-3160.000000
-3172.000000
-3144.000000
-3170.000000
-3164.000000
-3196.000000
-3210.000000
-3194.000000
-3164.000000
-3200.000000
-3184.000000
-3178.000000
-3138.000000
-3190.000000
-3234.000000
-3210.000000
-3166.000000
-3186.000000
-3264.000000
-3204.000000
-3180.000000
-3186.000000
-3208.000000
-3220.000000
-3068.000000
-3136.000000
-3204.000000
-3176.000000
-3156.000000
-3164.000000
-3174.000000
-3174.000000
-3178.000000
-3194.000000
-3170.000000
-3170.000000
-3158.000000
-3170.000000
-3130.000000
-3170.000000
-3136.000000
-3190.000000
-3206.000000
-3150.000000
-3168.000000
-3198.000000
-3182.000000
-3178.000000
-3182.000000
-3178.000000
-3162.000000
-3204.000000
-3166.000000
-3184.000000
-3132.000000
-3172.000000
-3112.000000
-3182.000000
-3222.000000
-3174.000000
-3204.000000
-3222.000000
-3208.000000
-3180.000000
-3210.000000
-3210.000000
-3214.000000
-3196.000000
-3204.000000
-3192.000000
-3180.000000
-3206.000000
-3176.000000
-3184.000000
-3210.000000
-3170.000000
-3218.000000
-3208.000000
-3180.000000
-3224.000000
-3170.000000
-3200.000000
-3188.000000
-3184.000000
-3164.000000
-3176.000000
-3174.000000
-3148.000000
-3158.000000
-3188.000000
-3188.000000
-3208.000000
-3170.000000
-3188.000000
-3228.000000
-3184.000000
-3100.000000
-3118.000000
-3206.000000
-3180.000000
-3162.000000
-3168.000000
-3234.000000
-3222.000000
-3182.000000
-3194.000000
-3188.000000
-3206.000000
-3184.000000
-3204.000000
-3204.000000
-3220.000000
-3142.000000
-3190.000000
-3234.000000
-3216.000000
-3184.000000
-3230.000000
-3230.000000
-3190.000000
-3226.000000
-3200.000000
-3188.000000
-3214.000000
-3138.000000
-3176.000000
-3188.000000
-3182.000000
-3170.000000
-3190.000000
-3226.000000
-3256.000000
-3184.000000
-3214.000000
-3186.000000
-3190.000000
-3146.000000
-3178.000000
-3180.000000
-3172.000000
-3162.000000
-3186.000000
-3198.000000
-3208.000000
-3142.000000
-3162.000000
-3178.000000
-3196.000000
-3164.000000
-3178.000000
-3176.000000
-3212.000000
-3110.000000
-3144.000000
-3196.000000
-3198.000000
-3156.000000
-3178.000000
-3230.000000
-3208.000000
-3178.000000
-3192.000000
-3188.000000
-3186.000000
-3174.000000
-3166.000000
-3130.000000
-3324.000000
-3194.000000
-3246.000000
-3190.000000
-3232.000000
-3210.000000
-3198.000000
-3218.000000
-3168.000000
-3180.000000
-3188.000000
-3216.000000
-3192.000000
-3184.000000
-3214.000000
-3220.000000
-3224.000000
-3152.000000
-3176.000000
-3172.000000
-3180.000000
-3176.000000
-3198.000000
-3198.000000
-3184.000000
-3188.000000
-3224.000000
-3204.000000
-3188.000000
-3184.000000
-3186.000000
-3170.000000
-3162.000000
-3168.000000
-3184.000000
-3188.000000
-3198.000000
-3150.000000
-3196.000000
-3198.000000
-3186.000000
-3148.000000
-3198.000000
-3194.000000
-3236.000000
-3166.000000
-3200.000000
-3230.000000
-3252.000000
-3158.000000
-3170.000000
-3206.000000
-3254.000000
-3144.000000
-3224.000000
-3312.000000
-3226.000000
-3232.000000
-3234.000000
-3226.000000
-3238.000000
-3198.000000
-3200.000000
-3192.000000
-3184.000000
-3162.000000
-3200.000000
-3204.000000
-3234.000000
-3214.000000
-3204.000000
-3212.000000
-3184.000000
-3118.000000
-3194.000000
-3182.000000
-3206.000000
-3142.000000
-3190.000000
-3238.000000
-3190.000000
-3214.000000
-3240.000000
-3182.000000
-3186.000000
-3156.000000
-3172.000000
-3242.000000
-3234.000000
-3196.000000
-3220.000000
-3210.000000
-3206.000000
-3174.000000
-3180.000000
-3160.000000
-3172.000000
-3178.000000
-3202.000000
-3240.000000
-3226.000000
-3212.000000
-3216.000000
-3202.000000
-3214.000000
-3232.000000
-3270.000000
-3164.000000
-3224.000000
-3174.000000
-3234.000000
-3250.000000
-3158.000000
-3248.000000
-3240.000000
-3176.000000
-3208.000000
-3212.000000
-3230.000000
-3194.000000
-3184.000000
-3158.000000
-3194.000000
-3214.000000
-3226.000000
-3186.000000
-3208.000000
-3198.000000
-3186.000000
-3204.000000
-3232.000000
-3204.000000
-3196.000000
-3174.000000
-3204.000000
-3186.000000
-3182.000000
-3230.000000
-3234.000000
-3190.000000
-3228.000000
-3176.000000
-3214.000000
-3188.000000
-3214.000000
-3182.000000
-3232.000000
-3230.000000
-3216.000000
-3208.000000
-3224.000000
-3244.000000
-3232.000000
-3216.000000
-3264.000000
-3220.000000
-3206.000000
-3220.000000
-3228.000000
-3232.000000
-3252.000000
-3186.000000
-3228.000000
-3252.000000
-3232.000000
-3136.000000
-3172.000000
-3200.000000
-3208.000000
-3158.000000
-3174.000000
-3230.000000
-3212.000000
-3166.000000
-3228.000000
-3236.000000
-3238.000000
-3178.000000
-3214.000000
-3226.000000
-3208.000000
-3144.000000
-3188.000000
-3262.000000
-3194.000000
-3188.000000
-3214.000000
-3228.000000
-3228.000000
-3170.000000
-3216.000000
-3228.000000
-3222.000000
-3190.000000
-3210.000000
-3200.000000
-3218.000000
-3152.000000
-3186.000000
-3272.000000
-3268.000000
-3208.000000
-3250.000000
-3212.000000
-3220.000000
-3158.000000
-3186.000000
-3284.000000
-3220.000000
-3222.000000
-3240.000000
-3206.000000
-3222.000000
-3198.000000
-3192.000000
-3230.000000
-3220.000000
-3158.000000
-3182.000000
-3212.000000
-3222.000000
-3164.000000
-3190.000000
-3202.000000
-3236.000000
-3154.000000
-3218.000000
-3240.000000
-3190.000000
-3214.000000
-3226.000000
-3172.000000
-3160.000000
-3166.000000
-3204.000000
-3230.000000
-3256.000000
-3190.000000
-3226.000000
-3208.000000
-3212.000000
-3140.000000
-3184.000000
-3232.000000
-3202.000000
-3228.000000
-3262.000000
-3242.000000
-3232.000000
-3182.000000
-3184.000000
-3212.000000
-3218.000000
-3190.000000
-3196.000000
-3194.000000
-3234.000000
-3184.000000
-3200.000000
-3204.000000
-3254.000000
-3182.000000
-3212.000000
-3224.000000
-3208.000000
-3186.000000
-3214.000000
-3228.000000
-3190.000000
-3142.000000
-3182.000000
-3206.000000
-3180.000000
-3192.000000
-3206.000000
-3220.000000
-3206.000000
-3186.000000
-3202.000000
-3188.000000
-3190.000000
-3150.000000
-3196.000000
-3196.000000
-3218.000000
-3186.000000
-3202.000000
-3200.000000
-3230.000000
-3166.000000
-3200.000000
-3210.000000
-3214.000000
-3186.000000
-3218.000000
-3230.000000
-3226.000000
-3202.000000
-3248.000000
-3256.000000
-3332.000000
-3228.000000
-3234.000000
-3216.000000
-3298.000000
-3126.000000
-3210.000000
-3302.000000
-3216.000000
-3210.000000
-3190.000000
-3194.000000
-3240.000000
-3190.000000
-3212.000000
-3234.000000
-3256.000000
-3172.000000
-3158.000000
-3208.000000
-3232.000000
-3178.000000
-3236.000000
-3184.000000
-3202.000000
-3180.000000
-3192.000000
-3200.000000
-3210.000000
-3130.000000
-3146.000000
-3272.000000
-3222.000000
-3170.000000
-3168.000000
-3196.000000
-3260.000000
-3170.000000
-3200.000000
-3232.000000
-3228.000000
-3182.000000
-3224.000000
-3228.000000
-3244.000000
-3168.000000
-3190.000000
-3258.000000
-3230.000000
-3204.000000
-3230.000000
-3238.000000
-3240.000000
-3198.000000
-3234.000000
-3212.000000
-3220.000000
-3200.000000
-3218.000000
-3180.000000
-3266.000000
-3180.000000
-3240.000000
-3278.000000
-3240.000000
-3204.000000
-3214.000000
-3182.000000
-3198.000000
-3156.000000
-3228.000000
-3240.000000
-3124.000000
-3232.000000
-3236.000000
-3228.000000
-3198.000000
-3182.000000
-3218.000000
-3188.000000
-3170.000000
-3156.000000
-3206.000000
-3196.000000
-3218.000000
-3186.000000
-3244.000000
-3202.000000
-3200.000000
-3182.000000
-3234.000000
-3230.000000
-3216.000000
-3178.000000
-3194.000000
-3188.000000
-3214.000000
-3164.000000
-3210.000000
-3236.000000
-3258.000000
-3224.000000
-3208.000000
-3244.000000
-3292.000000
-3258.000000
-3296.000000
-3222.000000
-3250.000000
-3206.000000
-3194.000000
-3234.000000
-3202.000000
-3234.000000
-3242.000000
-3196.000000
-3266.000000
-3184.000000
-3234.000000
-3252.000000
-3232.000000
-3230.000000
-3244.000000
-3210.000000
-3200.000000
-3216.000000
-3242.000000
-3216.000000
-3220.000000
-3214.000000
-3244.000000
-3248.000000
-3240.000000
-3212.000000
-3248.000000
-3220.000000
-3206.000000
-3198.000000
-3276.000000
-3236.000000
-3206.000000
-3196.000000
-3228.000000
-3254.000000
-3260.000000
-3194.000000
-3212.000000
-3240.000000
-3258.000000
-3224.000000
-3246.000000
-2978.000000
-3314.000000
-3238.000000
-3212.000000
-3228.000000
-3262.000000
-3212.000000
-3222.000000
-3252.000000
-3246.000000
-3216.000000
-3214.000000
-3218.000000
-3226.000000
-3210.000000
-3224.000000
-3172.000000
-3228.000000
-3194.000000
-3212.000000
-3184.000000
-3254.000000
-3206.000000
-3220.000000
-3230.000000
-3240.000000
-3206.000000
-3258.000000
-3228.000000
-3214.000000
-3192.000000
-3234.000000
-3256.000000
-3188.000000
-3248.000000
-3258.000000
-3208.000000
-3170.000000
-3228.000000
-3244.000000
-3218.000000
-3218.000000
-3168.000000
-3182.000000
-3354.000000
-3214.000000
-3276.000000
-3274.000000
-3266.000000
-3286.000000
-3284.000000
-3284.000000
-3306.000000
-3340.000000
-3270.000000
-3314.000000
-3258.000000
-3282.000000
-3276.000000
-3288.000000
-3276.000000
-3264.000000
-3246.000000
-3276.000000
-3280.000000
-3286.000000
-3298.000000
-3278.000000
-3288.000000
-3316.000000
-3254.000000
-3284.000000
-3272.000000
-3302.000000
-3244.000000
-3272.000000
-3280.000000
-3264.000000
-3272.000000
-3272.000000
-3308.000000
-3280.000000
-3226.000000
-3220.000000
-3254.000000
-3266.000000
-3254.000000
-3304.000000
-3294.000000
-3282.000000
-3236.000000
-3262.000000
-3282.000000
-3286.000000
-3250.000000
-3286.000000
-3296.000000
-3306.000000
-3270.000000
-3284.000000
-3256.000000
-3318.000000
-3248.000000
-3300.000000
-3350.000000
-3274.000000
-3232.000000
-3246.000000
-3328.000000
-3300.000000
-3236.000000
-3288.000000
-3300.000000
-3292.000000
-3232.000000
-3290.000000
-3302.000000
-3274.000000
-3242.000000
-3258.000000
-3292.000000
-3268.000000
-3262.000000
-3308.000000
-3230.000000
-3274.000000
-3224.000000
-3248.000000
-3280.000000
-3286.000000
-3226.000000
-3284.000000
-3298.000000
-3276.000000
-3222.000000
-3244.000000
-3292.000000
-3278.000000
-3212.000000
-3238.000000
-3330.000000
-3320.000000
-3234.000000
-3266.000000
-3274.000000
-3334.000000
-3200.000000
-3240.000000
-3322.000000
-3240.000000
-3322.000000
-3328.000000
-3240.000000
-3256.000000
-3248.000000
-3280.000000
-3346.000000
-3280.000000
-3254.000000
-3260.000000
-3240.000000
-3252.000000
-3234.000000
-3264.000000
-3254.000000
-3268.000000
-3252.000000
-3284.000000
-3282.000000
-3274.000000
-3254.000000
-3264.000000
-3262.000000
-3248.000000
-3250.000000
-3284.000000
-3280.000000
-3290.000000
-3278.000000
-3298.000000
-3262.000000
-3270.000000
-3250.000000
-3218.000000
-3226.000000
-3256.000000
-3272.000000
-3278.000000
-3278.000000
-3260.000000
-3260.000000
-3252.000000
-3260.000000
-3272.000000
-3242.000000
-3278.000000
-3298.000000
-3176.000000
-3280.000000
-3278.000000
-3272.000000
-3292.000000
-3240.000000
-3262.000000
-3234.000000
-3294.000000
-3208.000000
-3214.000000
-3260.000000
-3280.000000
-3262.000000
-3266.000000
-3264.000000
-3262.000000
-3228.000000
-3216.000000
-3234.000000
-3262.000000
-3280.000000
-3290.000000
-3266.000000
-3286.000000
-3230.000000
-3258.000000
-3252.000000
-3272.000000
-3222.000000
-3234.000000
-3264.000000
-3282.000000
-3236.000000
-3272.000000
-3284.000000
-3284.000000
-3222.000000
-3270.000000
-3272.000000
-3272.000000
-3258.000000
-3270.000000
-3248.000000
-3272.000000
-3256.000000
-3276.000000
-3310.000000
-3246.000000
-3300.000000
-3324.000000
-3264.000000
-3298.000000
-3232.000000
-3304.000000
-3326.000000
-3226.000000
-3294.000000
-3266.000000
-3236.000000
-3094.000000
-3436.000000
-3608.000000
-3508.000000
-3438.000000
-3366.000000
-3428.000000
-3398.000000
-3436.000000
-3350.000000
-3410.000000
-3436.000000
-3438.000000
-3378.000000
-3414.000000
-3406.000000
-3400.000000
-3368.000000
-3402.000000
-3418.000000
-3454.000000
-3344.000000
-3380.000000
-3422.000000
-3434.000000
-3384.000000
-3394.000000
-3400.000000
-3416.000000
-3394.000000
-3404.000000
-3376.000000
-3420.000000
-3380.000000
-3406.000000
-3432.000000
-3418.000000
-3420.000000
-3412.000000
-3424.000000
-3404.000000
-3396.000000
-3432.000000
-3428.000000
-3410.000000
-3400.000000
-3410.000000
-3426.000000
-3418.000000
-3392.000000
-3436.000000
-3470.000000
-3448.000000
-3436.000000
-3424.000000
-3450.000000
-3452.000000
-3412.000000
-3438.000000
-3462.000000
-3450.000000
-3418.000000
-3448.000000
-3434.000000
-3460.000000
-3406.000000
-3432.000000
-3434.000000
-3440.000000
-3410.000000
-3430.000000
-3436.000000
-3410.000000
-3424.000000
-3436.000000
-3430.000000
-3450.000000
-3424.000000
-3422.000000
-3448.000000
-3434.000000
-3434.000000
-3456.000000
-3440.000000
-3444.000000
-3404.000000
-3442.000000
-3436.000000
-3432.000000
-3424.000000
-3466.000000
-3440.000000
-3434.000000
-3432.000000
-3470.000000
-3436.000000
-3458.000000
-3424.000000
-3432.000000
-3448.000000
-3436.000000
-3428.000000
-3442.000000
-3434.000000
-3464.000000
-3410.000000
-3440.000000
-3464.000000
-3440.000000
-3400.000000
-3438.000000
-3450.000000
-3436.000000
-3424.000000
-3438.000000
-3440.000000
-3442.000000
-3418.000000
-3456.000000
-3444.000000
-3442.000000
-3416.000000
-3432.000000
-3450.000000
-3438.000000
-3422.000000
-3460.000000
-3444.000000
-3446.000000
-3426.000000
-3436.000000
-3446.000000
-3450.000000
-3422.000000
-3440.000000
-3448.000000
-3464.000000
-3408.000000
-3444.000000
-3450.000000
-3444.000000
-3436.000000
-3444.000000
-3446.000000
-3464.000000
-3420.000000
-3456.000000
-3446.000000
-3442.000000
-3402.000000
-3454.000000
-3466.000000
-3452.000000
-3416.000000
-3462.000000
-3456.000000
-3446.000000
-3432.000000
-3450.000000
-3440.000000
-3434.000000
-3420.000000
-3480.000000
-3466.000000
-3456.000000
-3430.000000
-3438.000000
-3454.000000
-3434.000000
-3412.000000
-3470.000000
-3464.000000
-3434.000000
-3428.000000
-3436.000000
-3454.000000
-3450.000000
-3414.000000
-3450.000000
-3450.000000
-3448.000000
-3410.000000
-3442.000000
-3452.000000
-3450.000000
-3432.000000
-3450.000000
-3446.000000
-3444.000000
-3432.000000
-3452.000000
-3412.000000
-3428.000000
-3410.000000
-3436.000000
-3442.000000
-3438.000000
-3416.000000
-3432.000000
-3410.000000
-3432.000000
-3392.000000
-3456.000000
-3450.000000
-3448.000000
-3424.000000
-3454.000000
-3444.000000
-3438.000000
-3424.000000
-3444.000000
-3438.000000
-3436.000000
-3416.000000
-3438.000000
-3422.000000
-3430.000000
-3430.000000
-3440.000000
-3442.000000
-3438.000000
-3428.000000
-3456.000000
-3434.000000
-3444.000000
-3424.000000
-3444.000000
-3428.000000
-3434.000000
-3424.000000
-3440.000000
-3440.000000
-3452.000000
-3420.000000
-3436.000000
-3432.000000
-3418.000000
-3410.000000
-3432.000000
-3436.000000
-3442.000000
-3416.000000
-3432.000000
-3444.000000
-3448.000000
-3424.000000
-3458.000000
-3450.000000
-3432.000000
-3408.000000
-3450.000000
-3436.000000
-3442.000000
-3418.000000
-3434.000000
-3434.000000
-3438.000000
-3414.000000
-3442.000000
-3452.000000
-3438.000000
-3416.000000
-3436.000000
-3446.000000
-3422.000000
-3426.000000
-3438.000000
-3442.000000
-3448.000000
-3420.000000
-3446.000000
-3438.000000
-3440.000000
-3416.000000
-3450.000000
-3436.000000
-3436.000000
-3428.000000
-3436.000000
-3430.000000
-3454.000000
-3422.000000
-3436.000000
-3434.000000
-3446.000000
-3410.000000
-3444.000000
-3448.000000
-3438.000000
-3430.000000
-3444.000000
-3454.000000
-3428.000000
-3432.000000
-3422.000000
-3448.000000
-3422.000000
-3432.000000
-3442.000000
-3422.000000
-3452.000000
-3408.000000
-3448.000000
-3444.000000
-3446.000000
-3404.000000
-3438.000000
-3450.000000
-3448.000000
-3414.000000
-3452.000000
-3434.000000
-3440.000000
-3410.000000
-3454.000000
-3438.000000
-3462.000000
-3424.000000
-3434.000000
-3454.000000
-3442.000000
-3436.000000
-3458.000000
-3428.000000
-3452.000000
-3412.000000
-3464.000000
-3440.000000
-3422.000000
-3434.000000
-3434.000000
-3440.000000
-3442.000000
-3408.000000
-3432.000000
-3452.000000
-3452.000000
-3416.000000
-3442.000000
-3440.000000
-3442.000000
-3430.000000
-3440.000000
-3436.000000
-3434.000000
-3422.000000
-3434.000000
-3474.000000
-3434.000000
-3428.000000
-3452.000000
-3444.000000
-3436.000000
-3442.000000
-3442.000000
-3448.000000
-3468.000000
-3400.000000
-3440.000000
-3448.000000
-3430.000000
-3400.000000
-3444.000000
-3438.000000
-3446.000000
-3418.000000
-3436.000000
-3432.000000
-3428.000000
-3404.000000
-3434.000000
-3426.000000
-3434.000000
-3404.000000
-3416.000000
-3452.000000
-3448.000000
-3416.000000
-3456.000000
-3428.000000
-3460.000000
-3418.000000
-3446.000000
-3452.000000
-3454.000000
-3426.000000
-3446.000000
-3434.000000
-3454.000000
-3430.000000
-3426.000000
-3460.000000
-3446.000000
-3414.000000
-3466.000000
-3458.000000
-3442.000000
-3446.000000
-3464.000000
-3462.000000
-3460.000000
-3430.000000
-3434.000000
-3440.000000
-3432.000000
-3422.000000
-3466.000000
-3438.000000
-3444.000000
-3434.000000
-3446.000000
-3458.000000
-3446.000000
-3412.000000
-3442.000000
-3440.000000
-3446.000000
-3410.000000
-3446.000000
-3440.000000
-3454.000000
-3416.000000
-3452.000000
-3432.000000
-3452.000000
-3414.000000
-3450.000000
-3446.000000
-3452.000000
-3406.000000
-3428.000000
-3436.000000
-3436.000000
-3426.000000
-3438.000000
-3440.000000
-3442.000000
-3420.000000
-3452.000000
-3440.000000
-3426.000000
-3436.000000
-3428.000000
-3446.000000
-3436.000000
-3422.000000
-3444.000000
-3448.000000
-3436.000000
-3424.000000
-3434.000000
-3434.000000
-3438.000000
-3416.000000
-3440.000000
-3430.000000
-3444.000000
-3414.000000
-3444.000000
-3438.000000
-3434.000000
-3428.000000
-3442.000000
-3444.000000
-3432.000000
-3424.000000
-3422.000000
-3436.000000
-3426.000000
-3424.000000
-3444.000000
-3426.000000
-3430.000000
-3414.000000
-3440.000000
-3434.000000
-3450.000000
-3392.000000
-3438.000000
-3452.000000
-3450.000000
-3434.000000
-3436.000000
-3464.000000
-3446.000000
-3416.000000
-3450.000000
-3442.000000
-3432.000000
-3412.000000
-3434.000000
-3422.000000
-3444.000000
-3404.000000
-3452.000000
-3440.000000
-3410.000000
-3412.000000
-3422.000000
-3432.000000
-3434.000000
-3412.000000
-3428.000000
-3416.000000
-3434.000000
-3396.000000
-3454.000000
-3434.000000
-3412.000000
-3424.000000
-3426.000000
-3466.000000
-3426.000000
-3406.000000
-3440.000000
-3432.000000
-3432.000000
-3432.000000
-3432.000000
-3432.000000
-3434.000000
-3428.000000
-3446.000000
-3426.000000
-3420.000000
-3418.000000
-3448.000000
-3432.000000
-3410.000000
-3404.000000
-3420.000000
-3432.000000
-3440.000000
-3404.000000
-3428.000000
-3440.000000
-3440.000000
-3402.000000
-3422.000000
-3446.000000
-3428.000000
-3412.000000
-3436.000000
-3474.000000
-3460.000000
-3416.000000
-3440.000000
-3446.000000
-3440.000000
-3402.000000
-3426.000000
-3442.000000
-3434.000000
-3410.000000
-3444.000000
-3440.000000
-3436.000000
-3416.000000
-3444.000000
-3438.000000
-3444.000000
-3418.000000
-3430.000000
-3438.000000
-3436.000000
-3424.000000
-3426.000000
-3430.000000
-3454.000000
-3408.000000
-3456.000000
-3448.000000
-3420.000000
-3392.000000
-3434.000000
-3434.000000
-3428.000000
-3416.000000
-3434.000000
-3438.000000
-3424.000000
-3416.000000
-3434.000000
-3460.000000
-3434.000000
-3402.000000
-3446.000000
-3448.000000
-3444.000000
-3398.000000
-3438.000000
-3444.000000
-3432.000000
-3412.000000
-3428.000000
-3414.000000
-3434.000000
-3422.000000
-3430.000000
-3408.000000
-3450.000000
-3398.000000
-3430.000000
-3438.000000
-3446.000000
-3418.000000
-3432.000000
-3420.000000
-3426.000000
-3414.000000
-3448.000000
-3436.000000
-3428.000000
-3412.000000
-3430.000000
-3422.000000
-3452.000000
-3416.000000
-3446.000000
-3432.000000
-3442.000000
-3424.000000
-3434.000000
-3426.000000
-3446.000000
-3416.000000
-3432.000000
-3430.000000
-3442.000000
-3412.000000
-3428.000000
-3440.000000
-3444.000000
-3408.000000
-3424.000000
-3438.000000
-3450.000000
-3408.000000
-3444.000000
-3438.000000
-3436.000000
-3422.000000
-3454.000000
-3448.000000
-3422.000000
-3408.000000
-3448.000000
-3440.000000
-3442.000000
-3420.000000
-3434.000000
-3450.000000
-3422.000000
-3422.000000
-3424.000000
-3436.000000
-3428.000000
-3430.000000
-3438.000000
-3434.000000
-3452.000000
-3416.000000
-3434.000000
-3428.000000
-3432.000000
-3428.000000
-3432.000000
-3434.000000
-3430.000000
-3398.000000
-3430.000000
-3430.000000
-3428.000000
-3416.000000
-3414.000000
-3436.000000
-3438.000000
-3414.000000
-3446.000000
-3438.000000
-3432.000000
-3408.000000
-3442.000000
-3444.000000
-3436.000000
-3408.000000
-3460.000000
-3438.000000
-3438.000000
-3416.000000
-3422.000000
-3434.000000
-3432.000000
-3390.000000
-3426.000000
-3426.000000
-3446.000000
-3400.000000
-3434.000000
-3428.000000
-3456.000000
-3420.000000
-3432.000000
-3438.000000
-3436.000000
-3418.000000
-3418.000000
-3422.000000
-3448.000000
-3426.000000
-3438.000000
-3434.000000
-3430.000000
-3430.000000
-3446.000000
-3424.000000
-3442.000000
-3406.000000
-3458.000000
-3448.000000
-3452.000000
-3422.000000
-3448.000000
-3424.000000
-3440.000000
-3416.000000
-3434.000000
-3436.000000
-3448.000000
-3422.000000
-3452.000000
-3424.000000
-3446.000000
-3422.000000
-3446.000000
-3442.000000
-3438.000000
-3414.000000
-3450.000000
-3436.000000
-3438.000000
-3420.000000
-3432.000000
-3446.000000
-3442.000000
-3426.000000
-3444.000000
-3426.000000
-3440.000000
-3428.000000
-3442.000000
-3442.000000
-3430.000000
-3402.000000
-3436.000000
-3442.000000
-3414.000000
-3420.000000
-3444.000000
-3430.000000
-3432.000000
-3394.000000
-3440.000000
-3438.000000
-3434.000000
-3428.000000
-3436.000000
-3442.000000
-3446.000000
-3406.000000
-3430.000000
-3444.000000
-3422.000000
-3426.000000
-3428.000000
-3424.000000
-3450.000000
-3420.000000
-3438.000000
-3420.000000
-3432.000000
-3416.000000
-3438.000000
-3436.000000
-3444.000000
-3406.000000
-3432.000000
-3444.000000
-3442.000000
-3420.000000
-3450.000000
-3442.000000
-3432.000000
-3422.000000
-3440.000000
-3442.000000
-3430.000000
-3414.000000
-3432.000000
-3450.000000
-3468.000000
-3418.000000
-3436.000000
-3436.000000
-3438.000000
-3406.000000
-3454.000000
-3438.000000
-3410.000000
-3424.000000
-3432.000000
-3434.000000
-3450.000000
-3414.000000
-3456.000000
-3446.000000
-3436.000000
-3402.000000
-3414.000000
-3434.000000
-3448.000000
-3398.000000
-3436.000000
-3452.000000
-3440.000000
-3412.000000
-3436.000000
-3440.000000
-3448.000000
-3408.000000
-3438.000000
-3428.000000
-3434.000000
-3414.000000
-3436.000000
-3454.000000
-3434.000000
-3414.000000
-3436.000000
-3432.000000
-3434.000000
-3404.000000
-3432.000000
-3430.000000
-3456.000000
-3412.000000
-3434.000000
-3442.000000
-3434.000000
-3408.000000
-3434.000000
-3426.000000
-3444.000000
-3412.000000
-3446.000000
-3434.000000
-3436.000000
-3428.000000
-3442.000000
-3424.000000
-3424.000000
-3406.000000
-3438.000000
-3448.000000
-3430.000000
-3410.000000
-3442.000000
-3428.000000
-3444.000000
-3404.000000
-3442.000000
-3440.000000
-3428.000000
-3412.000000
-3438.000000
-3448.000000
-3438.000000
-3416.000000
-3432.000000
-3442.000000
-3446.000000
-3426.000000
-3462.000000
-3456.000000
-3440.000000
-3436.000000
-3450.000000
-3424.000000
-3432.000000
-3410.000000
-3448.000000
-3454.000000
-3430.000000
-3420.000000
-3444.000000
-3438.000000
-3452.000000
-3418.000000
-3440.000000
-3442.000000
-3434.000000
-3402.000000
-3432.000000
-3426.000000
-3460.000000
-3410.000000
-3436.000000
-3438.000000
-3438.000000
-3416.000000
-3444.000000
-3448.000000
-3434.000000
-3412.000000
-3428.000000
-3444.000000
-3446.000000
-3410.000000
-3430.000000
-3424.000000
-3436.000000
-3424.000000
-3428.000000
-3434.000000
-3446.000000
-3406.000000
-3434.000000
-3388.000000
-3426.000000
-3420.000000
-3438.000000
-3422.000000
-3440.000000
-3414.000000
-3432.000000
-3438.000000
-3428.000000
-3406.000000
-3446.000000
-3426.000000
-3444.000000
-3404.000000
-3426.000000
-3440.000000
-3436.000000
-3418.000000
-3438.000000
-3440.000000
-3432.000000
-3414.000000
-3448.000000
-3432.000000
-3446.000000
-3408.000000
-3434.000000
-3442.000000
-3436.000000
-3408.000000
-3468.000000
-3442.000000
-3448.000000
-3418.000000
-3434.000000
-3440.000000
-3450.000000
-3402.000000
-3432.000000
-3446.000000
-3432.000000
-3414.000000
-3420.000000
-3438.000000
-3458.000000
-3414.000000
-3444.000000
-3458.000000
-3448.000000
-3418.000000
-3424.000000
-3432.000000
-3422.000000
-3422.000000
-3440.000000
-3436.000000
-3430.000000
-3420.000000
NaN
