-1.764693
-2.232933
-2.634054
-3.002940
-9.957335
-3.660438
-3.953044
-4.623752
-4.468845
-4.695952
-4.906756
-5.101784
-8.827112
-5.521506
-5.853214
-6.221286
-6.496138
-6.665157
-11.025926
-6.889643
-6.880727
-7.588320
-6.782801
-6.666917
-6.640860
-6.581424
-9.019898
-6.584594
-6.596974
-6.613375
-6.643256
-6.641286
-6.665121
-6.665049
-6.677442
-9.548776
-6.663661
-6.667392
-6.810215
-6.668296
-8.546767
-6.642317
-6.634209
-6.610436
-6.602632
-6.584197
-6.558547
-6.554772
-6.520954
-6.496918
-6.471665
-6.448566
-7.743320
-6.392272
-7.865270
-6.347818
-6.313396
-6.287206
-6.252758
-6.222873
-6.191092
-6.151823
-6.127066
-6.101897
-6.063232
353.970093
354.022186
-5.958727
-6.984931
-6.362660
-5.842679
-5.801407
-5.758327
-5.726507
-5.682094
-5.646491
-5.606788
-5.571478
-5.526647
-5.482231
-5.440716
-5.422888
-6.261583
-8.410586
-5.273873
-5.245878
-5.453447
-5.150359
-5.127788
-5.078872
-5.033271
-4.999446
-4.970114
-4.905098
-4.872429
-4.838334
-5.331026
-3.314312
-3.243468
-1.066871
-5.897928
-2.151640
-2.571708
-2.973953
-3.302592
-3.619183
-3.916981
-4.189721
-4.435370
-4.664936
-5.390805
-5.063651
-5.232196
-5.388675
-5.535952
-5.683371
-5.787383
-6.644320
-5.991248
-6.086078
-6.156943
-6.226208
-6.291009
-6.349689
-6.619108
-6.447753
-6.490448
-6.524624
-6.549707
-6.572314
-6.599806
-9.589282
-6.629772
-6.631823
-6.819585
-9.850724
-6.637860
-6.646505
-6.744954
-6.646310
-6.626555
-6.613221
-6.618090
-6.587419
-6.584497
-6.566506
-6.537756
-6.523354
-8.815939
-9.238918
-6.448982
-6.463129
-6.433536
-6.372902
-6.335048
-6.319091
-6.287141
-6.264830
-6.230327
-6.197137
-6.173907
-6.136496
-6.107545
-8.438969
-6.043056
352.737579
354.033112
-5.933729
-5.882169
-5.858496
-5.824565
-5.777856
-5.740705
-5.710688
-5.668202
-5.636095
-5.591024
-7.472934
-5.509872
-8.925521
-5.426332
-5.400423
-5.801324
-5.311968
-5.270191
-5.221637
-5.190519
-5.127936
-5.095352
-5.061311
-5.020676
-6.471168
-4.934371
-4.890461
-4.844556
-4.821382
-6.719070
-3.306949
-3.229404
-0.341860
-1.658306
-2.126436
-2.544688
-2.923696
-3.276678
-5.653637
-3.906408
-4.172912
-4.428936
-4.659854
-4.872831
-5.058877
-5.234013
-9.491342
-5.539995
-5.672207
-10.743297
-5.888277
-5.993895
-8.808826
-6.154572
-6.221404
-6.350330
-6.348653
-6.399743
-6.442952
-6.484077
-7.599941
-6.543920
-6.566957
-10.686855
-6.602293
-6.628877
-10.823535
-6.645483
-6.638695
-8.016793
-6.633049
-6.643388
-6.637587
-6.606994
-6.596603
-6.603234
-6.582331
-9.430079
-6.552969
-6.535694
-6.671159
-6.496523
-6.478333
-6.453428
-6.431888
-6.406229
-6.370907
-6.341155
-6.320867
-7.938066
-6.263696
-6.231270
-6.198080
-6.170259
-7.465376
-6.104048
-6.076161
-6.036239
353.994659
354.042633
-5.931884
-5.879506
-5.866092
-6.999577
-5.768089
-5.733902
-5.700457
-5.665579
-9.039674
-5.590463
-5.544144
-5.868894
-5.465497
-5.424665
-9.403250
-5.340143
-5.309331
-6.751523
-5.214896
-5.178689
-5.124295
-5.091534
-5.051770
-5.008573
-4.960029
-6.876215
-4.881664
-4.837664
-8.861111
-4.734849
-3.286538
-6.729873
-1.031054
-1.648184
-3.277268
-2.536751
-2.902666
-3.262744
-3.584363
-3.884428
-4.163343
-4.412441
-7.295871
-4.852238
-5.045981
-5.225843
-5.372501
-5.519399
-5.655528
-5.772718
-5.881691
-5.975471
-6.056221
-6.143949
-8.070053
-6.277111
-6.339252
-6.383253
-6.431759
-7.040287
-6.507259
-6.531356
-6.555131
-6.590691
-6.598653
-6.616258
-6.620355
-6.633480
-7.654187
-6.625050
-6.628972
-6.631791
-6.627738
-9.331050
-6.600605
-6.600509
-6.686238
-6.566453
-6.557682
-6.525531
-6.509652
-6.483531
-7.232496
-6.434277
-6.409908
-6.394495
-6.357028
-6.331414
-6.317725
-6.278234
-8.966881
-6.221107
-6.184597
-10.321458
-6.119502
-6.098134
-8.986531
-6.032250
354.000275
353.867249
-5.922582
-5.875981
-5.852008
-5.811110
-5.769742
-5.729175
-5.683955
-6.704492
-5.623158
-5.571763
-5.535046
-5.498015
-5.457205
-5.411510
-5.391886
-5.342342
-5.295739
-5.258614
-5.211105
-6.424782
-5.125101
-8.299134
-5.055635
-5.011121
-5.245087
-4.925451
-4.862696
-4.826094
-4.800208
-4.729279
-3.293067
-3.205837
-1.036231
-3.307059
-2.104566
-2.538595
-2.911047
-3.254487
-6.722781
-3.874135
-4.155270
-4.411403
-4.635976
-4.841357
-5.039806
-5.213089
-5.371221
-6.132326
-5.653206
-5.770071
-5.871605
-5.974233
-6.059243
-6.138756
-6.218464
-10.149165
-6.338093
-6.386511
-10.901337
-6.469731
-6.512076
-8.589540
-6.557709
-6.598933
-6.606668
-6.624796
-6.630263
-6.646091
-6.639822
-8.069075
-6.637038
-6.650328
-10.775310
-6.615743
-6.597225
-10.560434
-6.580944
-6.576869
-7.596991
-6.536083
-6.520123
-6.497206
-6.469010
-6.448504
-7.390955
-6.402062
-8.810215
-6.325267
-6.315867
-6.339774
-6.253082
-6.212692
-6.190403
-6.152911
-6.121223
-6.091331
-6.056012
-6.021814
353.363922
354.058960
-5.914563
-5.861050
-5.837200
-6.819451
-5.762939
-5.722741
-5.685252
-5.646482
-5.608228
-5.567978
-5.528298
-5.490488
-5.816924
-5.400131
-5.371395
-5.326687
-5.293267
-6.287275
-5.197868
-5.178648
-8.942324
-5.082149
-5.040711
-8.967576
-4.961252
-4.929392
-6.269449
-4.823123
-4.796608
-4.732622
-3.283396
-3.204235
-1.050014
-1.644550
-7.554224
-2.530030
-2.910972
-11.469081
-3.580149
-3.882277
-9.945495
-4.409026
-4.632151
-5.734712
-5.041719
-5.205916
-5.366942
-5.511817
-5.648875
-6.845973
-5.873165
-8.253796
-6.063114
-6.146358
-6.224578
-6.282212
-6.341397
-6.390731
-6.437234
-6.481363
-6.513059
-6.542380
-6.566554
-7.221397
-6.602747
-6.624714
-6.626735
-6.646579
-7.378456
-6.633291
-6.634286
-6.642965
-6.638701
-6.605559
-6.600872
-6.606546
-6.589577
-6.931417
-6.562688
-6.538700
-6.519242
-6.497650
-9.425260
-6.442945
-6.421478
-10.454837
-6.374295
-6.340034
-10.188256
-6.271787
-6.248943
-7.189081
-6.189283
-6.161148
-6.121141
-6.091590
-6.063198
-6.028166
354.006744
351.638397
-5.912254
-5.872539
-9.978630
-5.818323
-5.773307
-8.922698
-5.694064
-5.647875
-5.968903
-5.569071
-5.533967
-5.489901
-5.456071
-5.414338
-5.389270
-5.332500
-6.755248
-5.261865
-5.201058
-5.177951
-5.127635
-5.094963
-5.057534
-5.002344
-4.960350
-4.934932
-4.865859
-4.838080
-5.257864
-4.722172
-6.533122
-3.216632
-1.026368
-2.403767
-2.102804
-2.537038
-2.916579
-3.262594
-3.582389
-3.879497
-4.162353
-4.412025
-5.009977
-4.852040
-5.038003
-5.210216
-5.372635
-8.539534
-5.658937
-5.776724
-10.707286
-5.976480
-6.067955
-10.187511
-6.222991
-6.285523
-6.997230
-6.406238
-6.442496
-6.484693
-6.522657
-6.543456
-6.562724
-6.596930
-9.618180
-6.625858
-6.631209
-10.969807
-6.639415
-6.639659
-9.488111
-6.654222
-6.633449
-6.759839
-6.600947
-6.606554
-6.586449
-6.576288
-1.680765
-2.169404
-2.585607
-2.958861
-8.226219
-3.631005
-3.937877
-4.258470
-4.458993
-4.686779
-4.893343
-5.085226
-7.610766
-5.418657
-5.562072
-5.696668
-5.803785
-5.910985
-6.010287
-6.108151
-6.175869
-7.192304
-6.312006
-6.366783
-6.418822
-6.455845
-8.070638
-6.532621
-6.553898
-6.585957
-6.607148
-6.620322
-6.638739
-6.651700
-6.648934
-9.937356
-6.649397
-6.652056
-6.954618
-6.639349
-7.740746
-6.622167
-6.616726
-6.602513
-6.583160
-6.564039
-6.548525
-6.524302
-6.499899
-6.485666
-6.449078
-6.431289
-8.394672
-6.387627
-7.123525
-6.341550
-6.291358
-6.262741
-6.227661
-6.201804
-6.159650
-6.132517
-6.100119
-6.071347
-6.034125
354.003693
354.040802
-5.923824
-6.413525
-7.397001
-5.819027
-5.781035
-5.730759
-5.700252
-5.659823
-5.633220
-5.582024
-5.544637
-5.500595
-5.483055
-5.417874
-5.383482
-5.756577
-5.288181
-5.258168
-5.218784
-6.152830
-5.130898
-5.098635
-5.048292
-5.002478
-4.981181
-4.931522
-4.886255
-4.851210
-4.792439
-4.966556
-3.302412
-3.232940
-1.109708
-9.150683
-2.168571
-2.585525
-3.769338
-3.321364
-3.636216
-3.929250
-9.280033
-4.457375
-4.680803
-5.037385
-5.083416
-5.251896
-5.407722
-5.548374
-5.693437
-5.807613
-8.264847
-6.006370
-6.100520
-6.185814
-9.387225
-6.306781
-6.358248
-6.456484
-6.454735
-6.499438
-6.534010
-6.558710
-6.586299
-6.607957
-6.615493
-6.638230
-6.653172
-8.202826
-9.121756
-6.639804
-6.648293
-6.654425
-6.639964
-6.627118
-6.616313
-6.605326
-6.592296
-6.574103
-6.559361
-6.545356
-6.527971
-10.225863
-8.448259
-6.450479
-7.165247
-6.403822
-6.375182
-6.348025
-6.322494
-6.289077
-6.258164
-6.233985
-6.206831
-6.155648
-6.136274
-6.097469
-7.644258
-6.036844
350.941956
354.042145
-5.928619
-6.139320
-5.841822
-5.815749
-5.782101
-5.732029
-5.699487
-5.651627
-5.631758
-5.578568
-6.724183
-5.499406
-5.476061
-5.407984
-5.377676
-7.031097
-5.296719
-5.260709
-5.224822
-5.184186
-5.136027
-5.095425
-5.052820
-5.008591
-5.771030
-4.925641
-4.882581
-4.851879
-4.800765
-4.736149
-3.301429
-3.235713
67.154907
-1.689644
-2.168871
-12.404769
-2.961252
-3.313838
-7.587276
-3.929804
-4.207469
-4.512651
-4.684361
-4.885455
-5.085984
-5.254051
-6.663606
-5.554240
-5.683803
-10.428582
-5.902458
-6.005116
-10.655088
-6.170690
-6.241071
-7.789549
-6.358562
-6.408866
-6.449644
-6.492709
-6.528492
-8.158212
-6.577826
-9.636707
-6.614506
-6.630621
-6.835299
-6.642855
-6.653619
-6.647737
-6.647692
-6.649616
-6.640449
-6.627343
-6.607926
-7.762442
-6.587556
-6.580544
-6.569326
-6.540862
-8.085513
-6.496614
-6.484259
-6.448355
-6.429760
-6.400379
-6.382327
-6.352874
-6.323381
-7.089698
-6.248616
-6.224437
-6.196216
-6.152410
-6.129144
-6.085107
-6.064271
-9.527863
354.004211
354.037506
349.961029
-5.880648
-5.847833
-7.837909
-5.786404
-5.729926
-5.703817
-5.654277
-5.628125
-5.570713
-5.541331
-6.757719
-5.471608
-5.410266
-9.298416
-5.350147
-5.296350
-9.153630
-5.214877
-5.177315
-6.312712
-5.090268
-5.049944
-5.007566
-4.965014
-4.917329
-6.420227
-4.848403
-7.507377
-4.733824
-3.296525
-3.402547
-1.081526
-1.676543
-2.149911
-2.562371
-2.945734
-3.299262
-3.615630
-3.915324
-6.031689
-4.433865
-4.656562
-4.873413
-5.063881
-7.167996
-5.393768
-5.540655
-5.677263
-5.791590
-5.897424
-6.000751
-6.090692
-6.163568
-7.187473
-6.297957
-6.355331
-6.410494
-6.457859
-6.493908
-6.523259
-6.547821
-10.308285
-6.593880
-6.613658
-10.950959
-6.643832
-6.645263
-8.687117
-6.640125
-6.647192
-6.654541
-6.633872
-6.629433
-6.622064
-6.609370
-7.928616
-6.575989
-6.559695
-10.581554
-6.525662
-6.495439
-10.449327
-6.442549
-6.420825
-7.577508
-6.377601
-6.353748
-6.320855
-6.280512
-6.252372
-6.226308
-6.193347
-8.870852
-6.134772
-6.088167
-6.198225
-6.031380
353.999939
354.036652
-5.937293
-5.882150
-5.848421
-5.814902
-5.778617
-7.008660
-5.704664
-5.659523
-5.635952
-5.577884
-6.910142
-5.505457
-5.474463
-5.414323
-5.374992
-5.347825
-5.297094
-5.262403
-5.226045
-6.146649
-5.136813
-5.101456
-5.056351
-5.015025
-4.977943
-4.932567
-4.881672
-8.394309
-4.796270
-4.732912
-7.362293
-3.234542
-1.060462
-5.414638
-2.128300
-2.545705
-2.961907
-3.281845
-3.610992
-3.905133
-4.181993
-6.274437
-4.656398
-4.858523
-10.389606
-5.229063
-5.388666
-10.411184
-5.672752
-5.790935
-7.254233
-5.995384
-6.084961
-6.160178
-6.225527
-6.300931
-6.349687
-6.408448
-9.333960
-6.488719
-6.522820
-6.678829
-6.576940
-6.599053
-6.612153
-6.627906
-6.642722
-6.638142
-6.653680
-6.638226
-8.078701
-6.651071
-6.636945
-6.625643
-6.614100
-7.888684
-6.596612
-6.577403
-6.563698
-6.539749
-6.522773
-6.500384
-6.480591
-6.443778
-7.442116
-6.396760
-6.373652
-6.345757
-6.320677
-9.764292
-6.261921
-6.232251
-6.702511
-6.163380
-6.134539
-10.155571
-6.071169
-6.032391
352.427917
354.035522
-5.938509
-5.889048
-5.847723
-5.814765
-5.783877
-5.729529
-7.410667
-5.661777
-5.628631
-9.636601
-5.533996
-5.495363
-9.176399
-5.416140
-5.382471
-6.098217
-5.298979
-5.267547
-5.222363
-5.186556
-5.136752
-5.099864
-5.049036
-7.134570
-4.972684
-4.920061
-4.912469
-4.852555
-4.796318
-4.735849
-3.296525
-3.229009
-1.032199
-1.652611
-2.139187
-5.088680
-2.917962
-3.272713
-3.597086
-3.898378
-5.406195
-4.421359
-4.648510
-4.862751
-5.049544
-5.225097
-5.392579
-5.534464
-5.670805
-6.756761
-5.896031
-6.000281
-6.087298
-6.160654
-9.608094
-6.299603
-6.358102
-6.654928
-6.453891
-6.499569
-10.703315
-6.551951
-6.583895
-7.756365
-6.616729
-6.639442
-6.644078
-6.653152
-6.661112
-6.652788
-6.653545
-9.012568
-6.646261
-6.631093
-10.857561
-6.619205
-6.601209
-9.956782
-6.567441
-6.546032
-6.906766
-6.505288
-6.488220
-6.448901
-6.434240
-6.414053
-6.380661
-6.350566
-7.864955
-6.298052
-6.263478
-6.231663
-6.208224
-6.163352
-6.139430
-6.106075
-6.073546
-6.037404
353.994263
354.031830
-6.822145
-5.901111
-9.090410
-5.820148
-5.784150
-6.107976
-5.703434
-5.662596
-5.633234
-5.590178
-5.540553
NaN
-1.677232
-2.161381
-2.594162
-2.967504
-8.937575
-3.651194
-3.941194
-4.367349
-4.468736
-4.698953
-4.908046
-5.093379
-8.096737
-5.426193
-5.562750
-5.706787
-5.821149
-5.925263
-6.019794
-6.110096
-6.185243
-7.092228
-6.317253
-6.368044
-6.418152
-6.464575
-8.321730
-6.544609
-6.569079
-6.591239
-6.617258
-6.626741
-6.642198
-6.650841
-6.653895
-9.804121
-6.660886
-6.663266
-6.882626
-6.650421
-7.876036
-6.624815
-6.620026
-6.595732
-6.575202
-6.573025
-6.540111
-6.537369
-6.501511
-6.488408
-6.456813
-6.432873
-8.022764
-6.381861
-7.171530
-6.329066
-6.294916
-6.260461
-6.243453
-6.203466
-6.170534
-6.129280
-6.100616
-6.064420
-6.037990
353.995605
354.041229
-5.928025
-6.376247
-6.974824
-5.820364
-5.776858
-5.732793
-5.705566
-5.654090
-5.629173
-5.578837
-5.544996
-5.507317
-5.472991
-5.420507
-5.388710
-5.659287
-8.750815
-5.263207
-5.224155
-5.709637
-5.130670
-5.105821
-5.049868
-5.013518
-4.975483
-4.919758
-8.103510
-4.839281
-4.804382
-4.868632
-3.305929
-3.238208
-1.122193
-7.343353
-2.173129
-2.595541
-3.241852
-3.335844
-3.654022
-3.945134
-8.763990
-4.472574
-4.704027
-4.969962
-5.094588
-5.266867
-5.422518
-5.569843
-5.704700
-5.824581
-7.511837
-6.017499
-6.109004
-6.188625
-8.909892
-6.317973
-6.377930
-6.426798
-6.474210
-6.507636
-6.545628
-6.569601
-6.589376
-6.626308
-6.633524
-6.636990
-6.653778
-7.579888
-8.570308
-6.655682
-6.658998
-6.652243
-6.648392
-6.632374
-6.628953
-6.618387
-6.606326
-6.585488
-6.578448
-6.544093
-6.539964
-9.676969
-7.886261
-6.458043
-6.721272
-6.408859
-6.394825
-6.353819
-6.322769
-6.294233
-6.266786
-6.241322
-6.211676
-6.176080
-6.128064
-6.109004
-7.018734
-6.041610
351.789246
354.032135
-5.940374
-5.928952
-5.854482
-5.822236
-5.779522
-5.733626
-5.703598
-5.658175
-5.632315
-5.583810
-6.143676
-5.514448
-5.471885
-5.440055
-5.385779
-6.176298
-5.307232
-5.271498
-5.233573
-5.173146
-5.140259
-5.106463
-5.053878
-5.007493
-5.281243
-4.935119
-4.877947
-4.848877
-4.813063
-7.722814
-3.303220
-3.238027
99.758476
-1.711233
-2.168444
-11.802800
-2.974805
-3.321049
-5.558675
-3.941918
-4.218792
-4.467288
-4.692464
-4.908613
-5.087730
-5.262984
-8.142395
-5.564475
-5.704141
-10.759538
-5.918482
-6.019773
-9.992990
-6.188570
-6.254704
-6.810013
-6.375517
-6.428512
-6.474904
-6.509031
-6.544220
-6.570350
-6.586163
-8.383414
-6.629443
-6.643574
-6.649283
-6.657307
-6.668241
-6.655019
-6.664325
-6.664592
-6.655886
-6.645693
-6.633940
-7.057063
-6.606052
-10.134476
-6.584841
-6.546012
-7.067583
-6.507371
-6.489022
-6.466846
-6.439772
-6.411973
-6.394852
-6.355526
-6.333273
-6.518960
-6.268152
-6.255064
-6.215774
-6.181557
-8.796810
-6.110507
-6.080116
-10.123195
353.985504
354.026001
350.387115
-5.897587
-5.860083
-6.643457
-5.781366
-5.743162
-5.714554
-5.657902
-5.631304
-5.589834
-5.554681
-8.075906
-5.488127
-5.447268
-9.510749
-5.359790
-5.311009
-8.313331
-5.231196
-5.179061
-5.391658
-5.114475
-5.052409
-5.013989
-4.977935
-4.944005
-4.892475
-4.853774
-6.084783
-4.735429
-3.308227
-3.264043
-1.065571
-1.681276
-2.151491
-2.581813
-2.963856
-3.308072
-3.632479
-3.923421
-4.837642
-4.462431
-9.257975
-4.892323
-5.086337
-5.648145
-5.409653
-5.556056
-5.693079
-5.812721
-5.909822
-6.014483
-6.095629
-6.177074
-6.499629
-6.311826
-6.372699
-6.420704
-6.468086
-9.069092
-6.544405
-6.563212
-10.957695
-6.617324
-6.622753
-10.337891
-6.644909
-6.655264
-7.280727
-6.654104
-6.660493
-6.652496
-6.648700
-6.639089
-6.629964
-6.621932
-9.599649
-6.583705
-6.583947
-10.770026
-6.543932
-6.502877
-9.261636
-6.459709
-6.434663
-6.562101
-6.392461
-6.351920
-6.322960
-6.297129
-6.262018
-6.248479
-6.216265
-7.164968
-6.131206
-6.110479
-6.077643
-6.042593
353.991699
354.038116
-5.936617
-5.897997
-5.858266
-5.825815
-5.782992
-6.128521
-5.704664
-8.517770
-5.632575
-5.576952
-5.738646
-5.510746
-5.483100
-5.430015
-5.392118
-5.349709
-5.310511
-5.267442
-5.232693
-5.399588
-5.145813
-5.109038
-5.057812
-5.014536
-6.935003
-4.932824
-4.896641
-4.858296
-4.819866
-4.747180
-6.544296
-3.243881
-1.047512
-2.408090
-2.144852
-2.555394
-2.939739
-3.298332
-3.615636
-3.920512
-4.191847
-9.222910
-4.668080
-4.885718
-10.659020
-5.238450
-5.403807
-8.598967
-5.685248
-5.805590
-5.993980
-6.010288
-6.092342
-6.171681
-6.244260
-7.234710
-6.363216
-6.414204
-10.562439
-6.501627
-6.540939
-6.567150
-6.588145
-6.618753
-6.621984
-6.634756
-6.643666
-6.648144
-6.668825
-6.651778
-7.073422
-6.660679
-9.322302
-6.640058
-6.622417
-6.726864
-6.599700
-6.582851
-6.577062
-6.544352
-6.536740
-6.510417
-6.486857
-6.453015
-6.633804
-6.408927
-6.384962
-6.349831
-6.319121
-7.967206
-6.260147
-6.248479
-6.211648
-6.168730
-6.132558
-9.167522
-6.071824
-6.041118
353.756592
354.038116
-5.931685
-5.899733
-5.856490
-5.820665
-5.776299
-5.738790
-9.127764
-5.663366
-5.631373
-9.691172
-5.544395
-5.507891
-7.649090
-5.434865
-5.387289
-5.374632
-5.295963
-5.260618
-5.225890
-5.174888
-6.315947
-5.101320
-5.053181
-8.902341
-4.967977
-4.937592
-8.801945
-4.836931
-4.814497
-4.728172
-3.299419
-3.235845
-1.076199
-1.654228
-2.136888
-3.654521
-2.930771
-8.199211
-3.606395
-3.902050
-4.272546
-4.427358
-4.664549
-4.878096
-5.058641
-5.237476
-5.390413
-5.546067
-5.679388
-6.050933
-5.904646
-6.002343
-6.085872
-6.170311
-7.881832
-6.298682
-6.353594
-6.403351
-6.449636
-6.494515
-9.845115
-6.556500
-6.578229
-6.794515
-6.614615
-6.629265
-6.634517
-6.640460
-6.657125
-6.642868
-6.645986
-10.285125
-6.642300
-6.621774
-10.853372
-6.614924
-6.601668
-8.652878
-6.567028
-6.546026
-6.549185
-6.498868
-6.476735
-6.447975
-6.432409
-7.695953
-6.382530
-6.343301
-10.290248
-6.291255
-6.252142
-10.190142
-6.199654
-6.163307
-6.124075
-6.102065
-6.068464
-6.042771
353.997833
354.040527
-6.365594
-5.887957
-8.482425
-5.811307
-5.771354
-5.757136
-5.701440
-5.653394
-5.627206
-5.572485
-5.538562
-5.501375
-5.467814
-5.426586
-5.627022
-5.341826
-5.305416
-5.270747
-5.221047
-6.482507
-5.122631
-5.095870
-5.044876
-5.008996
-4.976972
-8.064801
-4.880631
-4.843385
-4.919109
-4.729877
-3.302654
-3.238218
-1.042854
-1.663476
-2.119007
-2.541665
-10.996112
-3.278095
-3.601709
-10.906682
-4.179976
-4.435398
-7.121293
-4.875247
-5.062780
-5.241421
-5.395741
