3350.000000
3494.000000
3478.000000
3452.000000
3486.000000
3486.000000
3486.000000
3452.000000
3482.000000
3486.000000
3476.000000
3466.000000
3502.000000
3470.000000
3490.000000
3454.000000
3480.000000
3488.000000
3462.000000
3452.000000
3484.000000
3466.000000
3478.000000
3428.000000
3472.000000
3480.000000
3476.000000
3458.000000
3478.000000
3476.000000
3472.000000
3440.000000
3472.000000
3470.000000
3482.000000
3452.000000
3480.000000
3466.000000
3490.000000
3452.000000
3488.000000
3470.000000
3470.000000
3454.000000
3468.000000
3472.000000
3482.000000
3440.000000
3482.000000
3502.000000
3466.000000
3446.000000
3464.000000
3468.000000
3470.000000
3438.000000
3472.000000
3474.000000
3482.000000
3438.000000
3486.000000
3486.000000
3472.000000
3460.000000
3466.000000
3480.000000
3484.000000
3458.000000
3490.000000
3486.000000
3482.000000
3456.000000
3476.000000
3456.000000
3492.000000
3444.000000
3468.000000
3462.000000
3476.000000
3440.000000
3486.000000
3496.000000
3496.000000
3442.000000
3482.000000
3470.000000
3482.000000
3434.000000
3484.000000
3472.000000
3480.000000
3446.000000
3464.000000
3492.000000
3478.000000
3454.000000
3492.000000
3472.000000
3474.000000
3436.000000
3466.000000
3478.000000
3486.000000
3448.000000
3494.000000
3474.000000
3480.000000
3442.000000
3456.000000
3482.000000
3476.000000
3444.000000
3490.000000
3460.000000
3494.000000
3438.000000
3480.000000
3490.000000
3474.000000
3436.000000
3480.000000
3484.000000
3482.000000
3428.000000
3466.000000
3502.000000
3464.000000
3442.000000
3488.000000
3484.000000
3452.000000
3462.000000
3482.000000
3464.000000
3470.000000
3440.000000
3492.000000
3484.000000
3486.000000
3460.000000
3476.000000
3480.000000
3484.000000
3448.000000
3476.000000
3482.000000
3476.000000
3450.000000
3488.000000
3466.000000
3502.000000
3440.000000
3486.000000
3476.000000
3490.000000
3444.000000
3456.000000
3464.000000
3480.000000
3440.000000
3492.000000
3508.000000
3474.000000
3454.000000
3480.000000
3462.000000
3498.000000
3454.000000
3470.000000
3466.000000
3486.000000
3428.000000
3458.000000
3470.000000
3472.000000
3450.000000
3490.000000
3496.000000
3476.000000
3446.000000
3480.000000
3466.000000
3480.000000
3438.000000
3492.000000
3484.000000
3470.000000
3444.000000
3480.000000
3488.000000
3474.000000
3448.000000
3458.000000
3482.000000
3464.000000
3448.000000
3470.000000
3470.000000
3474.000000
3446.000000
3482.000000
3472.000000
3488.000000
3436.000000
3478.000000
3486.000000
3490.000000
3444.000000
3490.000000
3484.000000
3472.000000
3440.000000
3486.000000
3486.000000
3494.000000
3450.000000
3504.000000
3470.000000
3480.000000
3446.000000
3486.000000
3478.000000
3480.000000
3464.000000
3484.000000
3472.000000
3484.000000
3444.000000
3478.000000
3470.000000
3460.000000
3448.000000
3462.000000
3478.000000
3476.000000
3446.000000
3466.000000
3490.000000
3492.000000
3446.000000
3492.000000
3482.000000
3484.000000
3436.000000
3476.000000
3480.000000
3478.000000
3442.000000
3500.000000
3490.000000
3496.000000
3434.000000
3482.000000
3462.000000
3492.000000
3454.000000
3478.000000
3474.000000
3484.000000
3466.000000
3468.000000
3466.000000
3490.000000
3458.000000
3478.000000
3468.000000
3490.000000
3440.000000
3482.000000
3472.000000
3482.000000
3464.000000
3498.000000
3456.000000
3494.000000
3442.000000
3480.000000
3492.000000
3470.000000
3446.000000
3468.000000
3496.000000
3466.000000
3446.000000
3508.000000
3494.000000
3464.000000
3436.000000
3472.000000
3502.000000
3460.000000
3468.000000
3472.000000
3458.000000
3490.000000
3448.000000
3460.000000
3486.000000
3476.000000
3440.000000
3460.000000
3474.000000
3478.000000
3442.000000
3466.000000
3478.000000
3468.000000
3436.000000
3476.000000
3478.000000
3478.000000
3434.000000
3486.000000
3494.000000
3466.000000
3452.000000
3480.000000
3494.000000
3492.000000
3454.000000
3490.000000
3488.000000
3476.000000
3442.000000
3470.000000
3486.000000
3468.000000
3444.000000
3478.000000
3478.000000
3476.000000
3434.000000
3478.000000
3476.000000
3464.000000
3452.000000
3476.000000
3484.000000
3500.000000
3456.000000
3488.000000
3474.000000
3488.000000
3432.000000
3472.000000
3478.000000
3480.000000
3426.000000
3486.000000
3470.000000
3466.000000
3454.000000
3470.000000
3462.000000
3456.000000
3450.000000
3478.000000
3492.000000
3488.000000
3444.000000
3478.000000
3472.000000
3482.000000
3446.000000
3482.000000
3452.000000
3474.000000
3438.000000
3476.000000
3456.000000
3456.000000
3438.000000
3468.000000
3476.000000
3484.000000
3436.000000
3476.000000
3488.000000
3452.000000
3438.000000
3488.000000
3470.000000
3464.000000
3428.000000
3484.000000
3480.000000
3480.000000
3432.000000
3480.000000
3464.000000
3462.000000
3428.000000
3454.000000
3486.000000
3478.000000
3444.000000
3468.000000
3486.000000
3470.000000
3428.000000
3468.000000
3492.000000
3474.000000
3474.000000
3476.000000
3464.000000
3464.000000
3442.000000
3492.000000
3470.000000
3464.000000
3456.000000
3512.000000
3474.000000
3502.000000
3404.000000
3448.000000
3512.000000
3462.000000
3466.000000
3534.000000
3508.000000
3444.000000
3448.000000
3498.000000
3456.000000
3478.000000
3434.000000
3464.000000
3476.000000
3476.000000
3430.000000
3464.000000
3468.000000
3480.000000
3416.000000
3452.000000
3482.000000
3472.000000
3420.000000
3474.000000
3496.000000
3474.000000
3426.000000
3482.000000
3466.000000
3468.000000
3438.000000
3482.000000
3470.000000
3476.000000
3422.000000
3490.000000
3486.000000
3462.000000
3444.000000
3490.000000
3498.000000
3472.000000
3452.000000
3484.000000
3474.000000
3486.000000
3436.000000
3480.000000
3460.000000
3468.000000
3436.000000
3470.000000
3504.000000
3486.000000
3448.000000
3494.000000
3484.000000
3486.000000
3436.000000
3462.000000
3482.000000
3478.000000
3430.000000
3468.000000
3474.000000
3438.000000
3452.000000
3490.000000
3444.000000
3482.000000
3482.000000
3530.000000
3462.000000
3458.000000
3462.000000
3508.000000
3476.000000
3480.000000
3446.000000
3488.000000
3496.000000
3492.000000
3434.000000
3492.000000
3496.000000
3448.000000
3444.000000
3500.000000
3478.000000
3466.000000
3452.000000
3488.000000
3462.000000
3468.000000
3454.000000
3494.000000
3460.000000
3476.000000
3448.000000
3492.000000
3458.000000
3502.000000
3444.000000
3488.000000
3490.000000
3464.000000
3432.000000
3464.000000
3472.000000
3460.000000
3438.000000
3470.000000
3478.000000
3478.000000
3442.000000
3474.000000
3466.000000
3492.000000
3440.000000
3470.000000
3468.000000
3484.000000
3426.000000
3472.000000
3468.000000
3480.000000
3448.000000
3480.000000
3504.000000
3472.000000
3446.000000
3486.000000
3468.000000
3468.000000
3464.000000
3462.000000
3466.000000
3478.000000
3438.000000
3490.000000
3486.000000
3482.000000
3444.000000
3466.000000
3482.000000
3470.000000
3452.000000
3482.000000
3482.000000
3494.000000
3446.000000
3492.000000
3492.000000
3466.000000
3446.000000
3468.000000
3462.000000
3468.000000
3426.000000
3458.000000
3492.000000
3480.000000
3458.000000
3450.000000
3476.000000
3494.000000
3446.000000
3502.000000
3472.000000
3468.000000
3450.000000
3466.000000
3494.000000
3518.000000
3438.000000
3508.000000
3452.000000
3478.000000
3472.000000
3490.000000
3468.000000
3470.000000
3452.000000
3468.000000
3520.000000
3498.000000
3454.000000
3442.000000
3508.000000
3498.000000
3412.000000
3482.000000
3486.000000
3460.000000
3438.000000
3468.000000
3522.000000
3482.000000
3430.000000
3468.000000
3520.000000
3494.000000
3422.000000
3500.000000
3514.000000
3480.000000
3448.000000
3494.000000
3492.000000
3484.000000
3454.000000
3482.000000
3484.000000
3474.000000
3414.000000
3466.000000
3490.000000
3520.000000
3446.000000
3486.000000
3486.000000
3468.000000
3414.000000
3450.000000
3528.000000
3484.000000
3430.000000
3458.000000
3502.000000
3464.000000
3436.000000
3484.000000
3502.000000
3454.000000
3448.000000
3480.000000
3494.000000
3440.000000
3440.000000
3480.000000
3518.000000
3492.000000
3454.000000
3450.000000
3462.000000
3478.000000
3426.000000
3444.000000
3456.000000
3484.000000
3452.000000
3452.000000
3468.000000
3464.000000
3434.000000
3484.000000
3482.000000
3450.000000
3456.000000
3468.000000
3458.000000
3490.000000
3452.000000
3468.000000
3464.000000
3474.000000
3438.000000
3466.000000
3472.000000
3502.000000
3440.000000
3468.000000
3468.000000
3484.000000
3430.000000
3468.000000
3470.000000
3476.000000
3442.000000
3500.000000
3480.000000
3460.000000
3446.000000
3494.000000
3472.000000
3466.000000
3444.000000
3474.000000
3484.000000
3490.000000
3442.000000
3480.000000
3490.000000
3470.000000
3442.000000
3478.000000
3466.000000
3458.000000
3438.000000
3474.000000
3482.000000
3488.000000
3442.000000
3466.000000
3492.000000
3494.000000
3434.000000
3488.000000
3486.000000
3484.000000
3444.000000
3486.000000
3468.000000
3486.000000
3444.000000
3484.000000
3474.000000
3512.000000
3392.000000
3454.000000
3508.000000
3462.000000
3448.000000
3502.000000
3452.000000
3492.000000
3460.000000
3506.000000
3492.000000
3448.000000
3432.000000
3462.000000
3512.000000
3466.000000
3438.000000
3454.000000
3464.000000
3476.000000
3446.000000
3482.000000
3470.000000
3488.000000
3420.000000
3488.000000
3506.000000
3462.000000
3426.000000
3486.000000
3478.000000
3472.000000
3440.000000
3492.000000
3458.000000
3482.000000
3432.000000
3482.000000
3472.000000
3462.000000
3432.000000
3452.000000
3508.000000
3464.000000
3440.000000
3468.000000
3458.000000
3492.000000
3420.000000
3442.000000
3476.000000
3472.000000
3424.000000
3466.000000
3494.000000
3498.000000
3422.000000
3450.000000
3464.000000
3500.000000
3432.000000
3450.000000
3444.000000
3476.000000
3470.000000
3496.000000
3452.000000
3470.000000
3452.000000
3482.000000
3454.000000
3482.000000
3460.000000
3488.000000
3470.000000
3450.000000
3450.000000
3492.000000
3478.000000
3466.000000
3458.000000
3482.000000
3470.000000
3488.000000
3436.000000
3486.000000
3488.000000
3466.000000
3438.000000
3484.000000
3484.000000
3472.000000
3442.000000
3478.000000
3476.000000
3466.000000
3454.000000
3464.000000
3492.000000
3456.000000
3442.000000
3476.000000
3476.000000
3478.000000
3462.000000
3480.000000
3480.000000
3474.000000
3440.000000
3474.000000
3488.000000
3486.000000
3456.000000
3464.000000
3488.000000
3474.000000
3450.000000
3476.000000
3482.000000
3484.000000
3436.000000
3446.000000
3478.000000
3470.000000
3448.000000
3466.000000
3470.000000
3482.000000
3438.000000
3476.000000
3478.000000
3478.000000
3434.000000
3482.000000
3478.000000
3482.000000
3438.000000
3474.000000
3482.000000
3474.000000
3426.000000
3480.000000
3476.000000
3492.000000
3438.000000
3484.000000
3474.000000
3460.000000
3436.000000
3484.000000
3480.000000
3466.000000
3442.000000
3464.000000
3446.000000
3480.000000
3432.000000
3464.000000
3470.000000
3478.000000
3432.000000
3474.000000
3458.000000
3488.000000
3444.000000
3482.000000
3470.000000
3478.000000
3438.000000
3464.000000
3474.000000
3480.000000
3440.000000
3476.000000
3474.000000
3476.000000
3440.000000
3484.000000
3484.000000
3472.000000
3450.000000
3482.000000
3480.000000
3458.000000
3458.000000
3480.000000
3454.000000
3486.000000
3446.000000
3474.000000
3468.000000
3466.000000
3442.000000
3484.000000
3478.000000
3486.000000
3424.000000
3464.000000
3480.000000
3468.000000
3432.000000
3472.000000
3478.000000
3452.000000
3432.000000
3486.000000
3468.000000
3464.000000
3426.000000
3468.000000
3476.000000
3482.000000
3426.000000
3468.000000
3490.000000
3466.000000
3434.000000
3482.000000
3490.000000
3494.000000
3434.000000
3450.000000
3508.000000
3464.000000
3452.000000
3484.000000
3498.000000
3476.000000
3442.000000
3484.000000
3480.000000
3478.000000
3448.000000
3476.000000
3474.000000
3480.000000
3438.000000
3456.000000
3498.000000
3468.000000
3442.000000
3476.000000
3466.000000
3484.000000
3424.000000
3464.000000
3496.000000
3462.000000
3432.000000
3486.000000
3476.000000
3478.000000
3438.000000
3498.000000
3472.000000
3480.000000
3446.000000
3470.000000
3474.000000
3470.000000
3454.000000
3476.000000
3484.000000
3492.000000
3450.000000
3490.000000
3474.000000
3482.000000
3468.000000
3482.000000
3478.000000
3472.000000
3448.000000
3490.000000
3478.000000
3478.000000
3430.000000
3478.000000
3492.000000
3472.000000
3440.000000
3458.000000
3486.000000
3466.000000
3442.000000
3476.000000
3486.000000
3474.000000
3448.000000
3478.000000
3476.000000
3474.000000
3438.000000
3480.000000
3470.000000
3478.000000
3452.000000
3478.000000
3482.000000
3488.000000
3452.000000
3468.000000
3472.000000
3482.000000
3444.000000
3464.000000
3492.000000
3496.000000
3430.000000
3470.000000
3480.000000
3480.000000
3446.000000
3460.000000
3482.000000
3498.000000
3444.000000
3474.000000
3464.000000
3482.000000
3436.000000
3472.000000
3476.000000
3466.000000
3438.000000
3484.000000
3476.000000
3466.000000
3456.000000
3478.000000
3474.000000
3456.000000
3454.000000
3482.000000
3492.000000
3468.000000
3440.000000
3472.000000
3478.000000
3470.000000
3444.000000
3474.000000
3480.000000
3476.000000
3430.000000
3452.000000
3476.000000
3482.000000
3460.000000
3452.000000
3460.000000
3482.000000
3452.000000
3488.000000
3484.000000
3478.000000
3434.000000
3476.000000
3488.000000
3466.000000
3452.000000
3466.000000
3488.000000
3470.000000
3430.000000
3462.000000
3480.000000
3472.000000
3448.000000
3476.000000
3478.000000
3482.000000
3444.000000
3458.000000
3480.000000
3472.000000
3432.000000
3474.000000
3472.000000
3468.000000
3450.000000
3476.000000
3472.000000
3470.000000
3426.000000
3476.000000
3482.000000
3468.000000
3436.000000
3484.000000
3480.000000
3452.000000
3436.000000
3462.000000
3482.000000
3468.000000
3434.000000
3486.000000
3480.000000
3474.000000
3460.000000
3458.000000
3476.000000
3492.000000
3426.000000
3484.000000
3484.000000
3470.000000
3444.000000
3484.000000
3470.000000
3464.000000
3450.000000
3478.000000
3476.000000
3466.000000
3446.000000
3488.000000
3476.000000
3482.000000
3442.000000
3492.000000
3472.000000
3472.000000
3458.000000
3470.000000
3472.000000
3470.000000
3432.000000
3482.000000
3482.000000
3478.000000
3432.000000
3470.000000
3476.000000
3470.000000
3452.000000
3494.000000
3470.000000
3482.000000
3438.000000
3470.000000
3474.000000
3464.000000
3436.000000
3464.000000
3480.000000
3466.000000
3458.000000
3484.000000
3458.000000
3484.000000
3460.000000
3468.000000
3462.000000
3468.000000
3446.000000
3468.000000
3458.000000
3486.000000
3438.000000
3464.000000
3478.000000
3472.000000
3462.000000
3488.000000
3476.000000
3472.000000
3444.000000
3470.000000
3470.000000
3464.000000
3420.000000
3486.000000
3488.000000
3506.000000
3444.000000
3472.000000
3486.000000
3452.000000
3448.000000
3478.000000
3482.000000
3478.000000
3452.000000
3494.000000
3468.000000
3460.000000
3446.000000
3462.000000
3470.000000
3488.000000
3430.000000
3474.000000
3470.000000
3480.000000
3428.000000
3476.000000
3490.000000
3470.000000
3436.000000
3470.000000
3462.000000
3464.000000
3428.000000
3462.000000
3490.000000
3482.000000
3442.000000
3480.000000
3466.000000
3478.000000
3442.000000
3470.000000
3466.000000
3486.000000
3458.000000
3480.000000
3464.000000
3478.000000
3438.000000
3464.000000
3470.000000
3470.000000
3448.000000
3476.000000
3476.000000
3470.000000
3444.000000
3480.000000
3492.000000
3460.000000
3442.000000
3450.000000
3470.000000
3452.000000
3440.000000
3472.000000
3480.000000
3480.000000
3440.000000
3488.000000
3476.000000
3498.000000
3442.000000
3448.000000
3434.000000
3516.000000
3420.000000
3474.000000
3470.000000
3490.000000
3438.000000
3480.000000
3474.000000
3470.000000
3440.000000
3484.000000
3484.000000
3478.000000
3434.000000
3444.000000
3506.000000
3460.000000
3432.000000
3468.000000
3490.000000
3466.000000
3430.000000
3466.000000
3490.000000
3460.000000
3460.000000
3486.000000
3476.000000
3460.000000
3460.000000
3466.000000
3468.000000
3482.000000
3450.000000
3482.000000
3444.000000
3472.000000
3430.000000
3492.000000
3462.000000
3478.000000
3422.000000
3458.000000
3454.000000
3482.000000
3450.000000
3466.000000
3460.000000
3460.000000
3428.000000
3464.000000
3468.000000
3480.000000
3442.000000
3468.000000
3472.000000
3468.000000
3452.000000
3486.000000
3502.000000
3432.000000
3410.000000
3506.000000
3518.000000
3420.000000
3460.000000
3492.000000
3478.000000
3420.000000
3478.000000
3482.000000
3472.000000
3478.000000
3448.000000
3504.000000
3460.000000
3498.000000
3436.000000
3456.000000
3516.000000
3480.000000
3440.000000
3436.000000
3480.000000
3452.000000
3418.000000
3456.000000
3492.000000
3490.000000
3438.000000
3496.000000
3458.000000
3504.000000
3422.000000
3468.000000
3450.000000
3500.000000
3424.000000
3452.000000
3472.000000
3478.000000
3458.000000
3456.000000
3468.000000
3480.000000
3438.000000
3454.000000
3486.000000
3478.000000
3436.000000
3482.000000
3468.000000
3492.000000
3450.000000
3490.000000
3468.000000
3450.000000
3424.000000
3468.000000
3484.000000
3472.000000
3420.000000
3496.000000
3472.000000
3482.000000
3432.000000
3466.000000
3476.000000
3464.000000
3444.000000
3460.000000
3482.000000
3454.000000
3460.000000
3478.000000
3456.000000
3454.000000
3466.000000
3504.000000
3458.000000
3486.000000
3432.000000
3498.000000
3476.000000
3478.000000
3442.000000
3486.000000
3482.000000
3488.000000
3432.000000
3458.000000
3472.000000
3490.000000
3446.000000
3484.000000
3462.000000
3462.000000
3404.000000
3456.000000
3472.000000
3496.000000
3440.000000
3446.000000
3478.000000
3456.000000
3390.000000
3460.000000
3520.000000
3468.000000
3414.000000
3490.000000
3494.000000
3434.000000
3406.000000
3476.000000
3468.000000
3484.000000
3458.000000
3468.000000
3480.000000
3464.000000
3438.000000
3498.000000
3444.000000
3466.000000
3500.000000
3560.000000
3400.000000
3476.000000
3454.000000
3464.000000
3448.000000
3484.000000
3402.000000
3432.000000
3496.000000
3460.000000
3458.000000
3490.000000
3466.000000
3464.000000
3436.000000
3476.000000
3460.000000
3482.000000
3422.000000
3468.000000
3466.000000
3490.000000
3428.000000
3482.000000
3482.000000
3454.000000
3448.000000
3476.000000
3474.000000
3468.000000
3440.000000
3488.000000
3490.000000
3470.000000
3452.000000
3494.000000
3472.000000
3468.000000
3438.000000
3470.000000
3472.000000
3456.000000
3440.000000
3498.000000
3448.000000
3472.000000
3440.000000
3474.000000
3458.000000
3460.000000
3430.000000
3446.000000
3472.000000
3444.000000
3446.000000
3470.000000
3432.000000
3514.000000
3386.000000
3382.000000
3502.000000
3462.000000
3442.000000
3480.000000
3450.000000
3456.000000
3444.000000
3498.000000
3464.000000
3462.000000
3436.000000
3486.000000
3482.000000
3470.000000
3426.000000
3448.000000
3494.000000
3476.000000
3446.000000
3482.000000
3478.000000
3476.000000
3408.000000
3458.000000
3484.000000
3462.000000
3450.000000
3480.000000
3478.000000
3468.000000
3436.000000
3482.000000
3468.000000
3486.000000
3424.000000
3462.000000
3484.000000
3470.000000
3442.000000
3468.000000
3476.000000
3468.000000
3440.000000
3480.000000
3472.000000
3470.000000
3448.000000
3486.000000
3458.000000
3468.000000
3434.000000
3460.000000
3464.000000
3480.000000
3458.000000
3474.000000
3484.000000
3494.000000
3446.000000
3484.000000
3482.000000
3484.000000
3450.000000
3480.000000
3494.000000
3466.000000
3432.000000
3490.000000
3486.000000
3458.000000
3446.000000
3456.000000
3478.000000
3476.000000
3450.000000
3468.000000
3482.000000
3472.000000
3450.000000
3466.000000
3476.000000
3478.000000
3432.000000
3476.000000
3456.000000
3466.000000
3420.000000
3462.000000
3472.000000
3486.000000
3440.000000
3436.000000
3468.000000
3472.000000
3428.000000
3484.000000
3492.000000
3444.000000
3444.000000
3478.000000
3466.000000
3446.000000
3436.000000
3460.000000
3470.000000
3458.000000
3430.000000
3480.000000
3470.000000
3466.000000
3434.000000
3458.000000
3478.000000
3498.000000
3456.000000
3476.000000
3458.000000
3470.000000
3428.000000
3470.000000
3468.000000
3462.000000
3438.000000
3478.000000
3462.000000
3474.000000
3434.000000
3466.000000
3474.000000
3476.000000
3420.000000
3480.000000
3472.000000
3478.000000
3436.000000
3480.000000
3476.000000
3460.000000
3442.000000
3472.000000
3472.000000
3474.000000
3440.000000
3470.000000
3480.000000
3478.000000
3438.000000
3480.000000
3462.000000
3466.000000
3426.000000
3476.000000
3472.000000
3492.000000
3426.000000
3468.000000
3478.000000
3468.000000
3436.000000
3456.000000
3462.000000
3472.000000
3434.000000
3468.000000
3476.000000
3484.000000
3436.000000
3464.000000
3468.000000
3460.000000
3430.000000
3476.000000
3472.000000
3484.000000
3422.000000
3454.000000
3478.000000
3474.000000
3428.000000
3462.000000
3472.000000
3460.000000
3420.000000
3456.000000
3482.000000
3456.000000
3440.000000
3488.000000
3484.000000
3458.000000
3448.000000
3470.000000
3468.000000
3470.000000
3434.000000
3468.000000
3472.000000
3454.000000
3426.000000
3476.000000
3468.000000
3460.000000
3432.000000
3478.000000
3462.000000
3488.000000
3450.000000
3478.000000
3466.000000
3482.000000
3414.000000
3466.000000
3468.000000
3460.000000
3426.000000
3466.000000
3502.000000
3478.000000
3430.000000
3456.000000
3474.000000
3462.000000
3450.000000
3470.000000
3484.000000
3464.000000
3436.000000
3472.000000
3484.000000
3472.000000
3444.000000
3462.000000
3456.000000
3464.000000
3440.000000
3472.000000
3480.000000
3484.000000
3454.000000
3474.000000
3462.000000
3476.000000
3428.000000
3476.000000
3470.000000
3456.000000
3428.000000
3470.000000
3470.000000
3468.000000
3438.000000
3466.000000
3464.000000
3472.000000
3450.000000
3482.000000
3470.000000
3460.000000
3448.000000
3478.000000
3482.000000
3442.000000
3448.000000
3462.000000
3466.000000
3480.000000
3456.000000
3470.000000
3480.000000
3474.000000
3456.000000
3484.000000
3472.000000
3490.000000
3444.000000
3450.000000
3464.000000
3488.000000
3440.000000
3462.000000
3462.000000
3468.000000
3450.000000
3494.000000
3478.000000
3486.000000
3434.000000
3494.000000
3510.000000
3466.000000
3434.000000
3446.000000
3484.000000
3478.000000
3420.000000
3490.000000
3472.000000
3490.000000
3428.000000
3474.000000
3470.000000
3482.000000
3428.000000
3472.000000
3476.000000
3466.000000
3452.000000
3472.000000
3488.000000
3484.000000
3442.000000
3472.000000
3464.000000
3484.000000
3438.000000
3474.000000
3468.000000
3484.000000
3430.000000
3470.000000
3462.000000
3482.000000
3442.000000
3464.000000
3482.000000
3474.000000
3444.000000
3472.000000
3476.000000
3474.000000
3450.000000
3468.000000
3474.000000
3478.000000
3456.000000
3474.000000
3474.000000
3482.000000
3444.000000
3476.000000
3466.000000
3470.000000
3440.000000
3472.000000
3464.000000
3498.000000
3450.000000
3492.000000
3458.000000
3478.000000
3450.000000
3470.000000
3468.000000
3474.000000
3440.000000
3480.000000
3474.000000
3460.000000
3432.000000
3458.000000
3500.000000
3480.000000
3434.000000
3476.000000
3468.000000
3468.000000
3438.000000
3448.000000
3468.000000
3472.000000
3456.000000
3482.000000
3482.000000
3478.000000
3452.000000
3474.000000
3476.000000
3478.000000
3436.000000
3460.000000
3470.000000
3486.000000
3434.000000
3470.000000
3484.000000
3472.000000
3442.000000
3472.000000
3466.000000
3488.000000
3424.000000
3470.000000
3480.000000
3482.000000
3450.000000
3472.000000
3474.000000
3456.000000
3436.000000
3476.000000
3484.000000
3476.000000
3440.000000
3494.000000
3464.000000
3484.000000
3422.000000
3470.000000
3452.000000
3488.000000
3424.000000
3478.000000
3466.000000
3474.000000
3432.000000
3470.000000
3482.000000
3458.000000
3436.000000
3474.000000
3472.000000
3472.000000
3440.000000
3466.000000
3494.000000
3462.000000
3444.000000
3476.000000
3486.000000
3472.000000
3440.000000
3474.000000
3456.000000
3488.000000
3446.000000
3464.000000
3474.000000
3474.000000
3442.000000
3474.000000
3462.000000
3472.000000
3416.000000
3468.000000
3488.000000
3478.000000
3430.000000
3478.000000
3482.000000
3480.000000
3428.000000
3484.000000
3484.000000
3482.000000
3442.000000
3480.000000
3482.000000
3468.000000
3458.000000
3480.000000
3476.000000
3488.000000
3416.000000
3466.000000
3472.000000
3488.000000
3440.000000
3498.000000
3476.000000
3458.000000
3430.000000
3470.000000
3480.000000
3478.000000
3472.000000
3510.000000
3476.000000
3460.000000
3480.000000
3442.000000
3472.000000
3442.000000
3456.000000
3472.000000
3488.000000
3442.000000
3482.000000
3486.000000
3472.000000
3440.000000
3460.000000
3480.000000
3484.000000
3434.000000
3470.000000
3470.000000
3478.000000
3460.000000
3476.000000
3472.000000
3480.000000
3444.000000
3492.000000
3458.000000
3486.000000
3438.000000
3474.000000
3464.000000
3490.000000
3434.000000
3478.000000
3474.000000
3470.000000
3442.000000
3480.000000
3480.000000
3482.000000
3424.000000
3472.000000
3482.000000
3462.000000
3428.000000
3462.000000
3486.000000
3480.000000
3448.000000
3484.000000
3460.000000
3474.000000
3436.000000
3486.000000
3462.000000
3470.000000
3438.000000
3452.000000
3474.000000
3474.000000
3436.000000
3484.000000
3470.000000
3476.000000
3444.000000
3488.000000
3480.000000
3474.000000
3440.000000
3488.000000
3478.000000
3482.000000
3420.000000
3466.000000
3468.000000
3470.000000
3422.000000
3470.000000
3482.000000
3466.000000
3454.000000
3494.000000
3480.000000
3464.000000
3440.000000
3492.000000
3470.000000
3472.000000
3446.000000
3476.000000
3466.000000
3468.000000
3436.000000
3488.000000
3468.000000
3478.000000
3430.000000
3468.000000
3484.000000
3470.000000
3438.000000
3480.000000
3472.000000
3458.000000
3446.000000
3484.000000
3480.000000
3490.000000
3456.000000
3474.000000
3472.000000
3472.000000
3452.000000
3470.000000
3454.000000
3482.000000
3446.000000
3466.000000
3480.000000
3488.000000
3442.000000
3468.000000
3468.000000
3484.000000
3448.000000
3498.000000
3472.000000
3474.000000
3448.000000
3476.000000
3472.000000
3476.000000
3440.000000
3456.000000
3464.000000
3474.000000
3444.000000
3472.000000
3470.000000
3490.000000
3440.000000
3480.000000
3478.000000
3486.000000
3424.000000
3492.000000
3500.000000
3478.000000
3438.000000
3472.000000
3474.000000
3474.000000
3428.000000
3466.000000
3480.000000
3482.000000
3438.000000
3474.000000
3506.000000
3478.000000
3434.000000
3484.000000
3484.000000
3484.000000
3442.000000
3482.000000
3482.000000
3466.000000
3444.000000
3480.000000
3462.000000
3480.000000
3448.000000
3466.000000
3476.000000
3480.000000
3444.000000
3478.000000
3468.000000
3478.000000
3432.000000
3458.000000
3476.000000
3468.000000
3460.000000
3478.000000
3476.000000
3480.000000
3454.000000
3474.000000
3472.000000
3472.000000
3468.000000
3482.000000
3476.000000
3480.000000
3442.000000
3472.000000
3492.000000
3470.000000
3444.000000
3472.000000
3476.000000
3480.000000
3446.000000
3474.000000
3486.000000
3476.000000
3448.000000
3472.000000
3478.000000
3474.000000
3442.000000
3466.000000
3484.000000
3476.000000
3432.000000
3466.000000
3472.000000
3486.000000
3442.000000
3470.000000
3464.000000
3480.000000
3432.000000
3484.000000
3476.000000
3486.000000
3448.000000
3470.000000
3464.000000
3476.000000
3448.000000
3476.000000
3478.000000
3468.000000
3430.000000
3468.000000
3478.000000
3480.000000
3458.000000
3480.000000
3466.000000
3488.000000
3426.000000
3498.000000
3472.000000
3488.000000
3446.000000
3492.000000
3486.000000
3474.000000
3446.000000
3492.000000
3468.000000
3480.000000
3432.000000
3486.000000
3466.000000
3480.000000
3428.000000
3462.000000
3482.000000
3486.000000
3430.000000
3470.000000
3492.000000
3460.000000
3454.000000
3480.000000
3472.000000
3478.000000
3442.000000
3472.000000
3482.000000
3478.000000
3450.000000
3466.000000
3464.000000
3478.000000
3454.000000
3462.000000
3468.000000
3484.000000
3434.000000
3474.000000
3478.000000
3478.000000
3456.000000
3470.000000
3474.000000
3466.000000
3468.000000
3490.000000
3446.000000
3500.000000
3440.000000
3496.000000
3470.000000
3506.000000
3438.000000
3488.000000
3472.000000
3488.000000
3420.000000
3486.000000
3468.000000
3464.000000
3446.000000
3484.000000
3472.000000
3472.000000
3428.000000
3480.000000
3488.000000
3482.000000
3436.000000
3488.000000
3486.000000
3472.000000
3450.000000
3476.000000
3458.000000
3488.000000
3446.000000
3480.000000
3466.000000
3460.000000
3456.000000
3464.000000
3464.000000
3482.000000
3438.000000
3460.000000
3464.000000
3486.000000
3444.000000
3478.000000
3478.000000
3474.000000
3428.000000
3486.000000
3460.000000
3464.000000
3412.000000
3486.000000
3492.000000
3484.000000
3438.000000
3482.000000
3500.000000
3460.000000
3440.000000
3474.000000
3480.000000
3468.000000
3448.000000
3490.000000
3460.000000
3470.000000
3436.000000
3474.000000
3472.000000
3468.000000
3440.000000
3472.000000
3472.000000
3464.000000
3448.000000
3484.000000
3476.000000
3498.000000
3456.000000
3482.000000
3472.000000
3478.000000
3448.000000
3474.000000
3466.000000
3476.000000
3440.000000
3480.000000
3474.000000
3470.000000
3442.000000
3480.000000
3468.000000
3486.000000
3448.000000
3484.000000
3486.000000
3488.000000
3450.000000
3488.000000
3462.000000
3476.000000
3450.000000
3490.000000
3466.000000
3484.000000
3444.000000
3480.000000
3474.000000
3484.000000
3452.000000
3500.000000
3466.000000
3484.000000
3450.000000
3466.000000
3470.000000
3482.000000
3432.000000
3478.000000
3470.000000
3474.000000
3456.000000
3486.000000
3464.000000
3480.000000
3438.000000
3472.000000
3478.000000
3466.000000
3436.000000
3464.000000
3484.000000
3466.000000
3436.000000
3478.000000
3468.000000
3464.000000
3438.000000
3460.000000
3480.000000
3482.000000
3454.000000
3464.000000
3476.000000
3462.000000
3442.000000
3470.000000
3476.000000
3484.000000
3434.000000
3472.000000
3466.000000
3472.000000
3426.000000
3476.000000
3464.000000
3472.000000
3430.000000
3474.000000
3476.000000
3480.000000
3446.000000
3474.000000
3472.000000
3494.000000
3428.000000
3476.000000
3470.000000
3474.000000
3434.000000
3478.000000
3462.000000
3470.000000
3426.000000
3472.000000
3462.000000
3478.000000
3428.000000
3468.000000
3472.000000
3480.000000
3428.000000
3460.000000
3488.000000
3478.000000
3438.000000
3468.000000
3474.000000
3460.000000
3434.000000
3480.000000
3476.000000
3476.000000
3448.000000
3480.000000
3460.000000
3470.000000
3456.000000
3480.000000
3470.000000
3486.000000
3424.000000
3466.000000
3468.000000
3482.000000
3438.000000
3482.000000
3472.000000
3464.000000
3454.000000
3472.000000
3472.000000
3470.000000
3446.000000
3470.000000
3490.000000
3472.000000
3444.000000
3476.000000
3466.000000
3488.000000
3444.000000
3468.000000
3470.000000
3478.000000
3430.000000
3464.000000
3478.000000
3474.000000
3432.000000
3472.000000
3476.000000
3484.000000
3448.000000
3488.000000
3484.000000
3494.000000
3436.000000
3484.000000
3482.000000
3472.000000
3460.000000
3468.000000
3472.000000
3484.000000
3438.000000
3470.000000
3470.000000
3484.000000
3440.000000
3474.000000
3448.000000
3480.000000
3442.000000
3470.000000
3458.000000
3486.000000
3452.000000
3484.000000
3464.000000
3486.000000
3448.000000
3490.000000
3470.000000
3468.000000
3456.000000
3488.000000
3440.000000
3486.000000
3440.000000
3468.000000
3474.000000
3482.000000
3442.000000
3464.000000
3468.000000
3480.000000
3454.000000
3488.000000
3482.000000
3468.000000
3434.000000
3474.000000
3482.000000
3482.000000
3428.000000
3468.000000
3466.000000
3482.000000
3428.000000
3460.000000
3494.000000
3480.000000
3440.000000
3488.000000
3476.000000
3468.000000
3446.000000
3482.000000
3482.000000
3472.000000
3440.000000
3458.000000
3484.000000
3464.000000
3446.000000
3488.000000
3470.000000
3468.000000
3436.000000
3460.000000
3494.000000
3470.000000
3456.000000
3472.000000
3480.000000
3472.000000
3450.000000
3492.000000
3470.000000
3478.000000
3430.000000
3484.000000
3468.000000
3492.000000
3436.000000
3496.000000
3472.000000
3476.000000
3458.000000
3476.000000
3494.000000
3466.000000
3440.000000
3494.000000
3484.000000
3500.000000
3434.000000
3474.000000
3468.000000
3484.000000
3452.000000
3468.000000
3490.000000
3474.000000
3456.000000
3460.000000
3478.000000
3464.000000
3452.000000
3452.000000
3474.000000
3476.000000
3442.000000
3470.000000
3482.000000
3470.000000
3430.000000
3480.000000
3484.000000
3486.000000
3426.000000
3476.000000
3476.000000
3478.000000
3440.000000
3484.000000
3486.000000
3474.000000
3442.000000
3486.000000
3488.000000
3458.000000
3436.000000
3472.000000
3468.000000
3468.000000
3438.000000
3464.000000
3468.000000
3484.000000
3432.000000
3458.000000
3490.000000
3484.000000
3420.000000
3466.000000
3482.000000
3468.000000
3440.000000
3478.000000
3468.000000
3474.000000
3436.000000
3474.000000
3464.000000
3484.000000
3426.000000
3452.000000
3480.000000
3486.000000
3452.000000
3472.000000
3480.000000
3472.000000
3444.000000
3458.000000
3492.000000
3474.000000
3428.000000
3480.000000
3478.000000
3486.000000
3448.000000
3476.000000
3472.000000
3474.000000
3440.000000
3472.000000
3468.000000
3472.000000
3448.000000
3476.000000
3480.000000
3468.000000
3448.000000
3468.000000
3488.000000
3482.000000
3460.000000
3470.000000
3474.000000
3484.000000
3434.000000
3472.000000
3474.000000
3478.000000
3438.000000
3478.000000
3490.000000
3474.000000
3440.000000
3472.000000
3484.000000
3474.000000
3446.000000
3488.000000
3456.000000
3486.000000
3436.000000
3472.000000
3472.000000
3486.000000
3440.000000
3458.000000
3470.000000
3486.000000
3440.000000
3474.000000
3482.000000
3472.000000
3422.000000
3492.000000
3490.000000
3482.000000
3444.000000
3488.000000
3472.000000
3476.000000
3432.000000
3440.000000
3502.000000
3484.000000
3446.000000
3476.000000
3488.000000
3488.000000
3440.000000
3474.000000
3494.000000
3460.000000
3442.000000
3474.000000
3462.000000
3470.000000
3460.000000
3478.000000
3468.000000
3492.000000
3408.000000
3466.000000
3478.000000
3468.000000
3452.000000
3484.000000
3474.000000
3490.000000
3434.000000
3480.000000
3472.000000
3484.000000
3456.000000
3482.000000
3484.000000
3486.000000
3440.000000
3468.000000
3480.000000
3486.000000
3424.000000
3470.000000
3456.000000
3480.000000
3438.000000
3460.000000
3480.000000
3492.000000
3450.000000
3490.000000
3470.000000
3482.000000
3450.000000
3480.000000
3480.000000
3480.000000
3442.000000
3466.000000
3470.000000
3478.000000
3454.000000
3474.000000
3482.000000
3452.000000
3446.000000
3472.000000
3484.000000
3488.000000
3444.000000
3474.000000
3480.000000
3490.000000
3444.000000
3476.000000
3484.000000
3468.000000
3436.000000
3488.000000
3474.000000
3486.000000
3434.000000
3484.000000
3478.000000
3466.000000
3450.000000
3476.000000
3482.000000
3484.000000
3434.000000
3474.000000
3472.000000
3476.000000
3442.000000
3480.000000
3476.000000
3470.000000
3456.000000
3476.000000
3478.000000
3476.000000
3458.000000
3486.000000
3482.000000
3486.000000
3440.000000
3474.000000
3480.000000
3462.000000
3458.000000
3450.000000
3480.000000
3462.000000
3428.000000
3482.000000
3476.000000
3478.000000
3436.000000
3456.000000
3484.000000
3476.000000
3424.000000
3472.000000
3466.000000
3488.000000
3434.000000
3480.000000
3488.000000
3454.000000
3454.000000
3460.000000
3476.000000
3460.000000
3434.000000
3496.000000
3498.000000
3506.000000
3446.000000
3466.000000
3492.000000
3462.000000
3468.000000
3468.000000
3492.000000
3484.000000
3452.000000
3468.000000
3480.000000
3466.000000
3482.000000
3472.000000
3464.000000
3464.000000
3440.000000
3486.000000
3484.000000
3482.000000
3468.000000
3474.000000
3454.000000
3476.000000
3470.000000
3482.000000
3444.000000
3468.000000
3428.000000
3460.000000
3468.000000
3474.000000
3410.000000
3476.000000
3510.000000
3478.000000
3490.000000
3498.000000
3464.000000
3506.000000
3442.000000
3480.000000
3494.000000
3464.000000
3438.000000
3500.000000
3476.000000
3492.000000
3436.000000
3494.000000
NaN
