698.000000
696.000000
696.000000
680.000000
694.000000
698.000000
640.000000
670.000000
640.000000
688.000000
690.000000
662.000000
696.000000
694.000000
694.000000
666.000000
642.000000
646.000000
694.000000
676.000000
698.000000
690.000000
696.000000
678.000000
640.000000
682.000000
702.000000
668.000000
692.000000
700.000000
686.000000
670.000000
698.000000
696.000000
650.000000
666.000000
646.000000
698.000000
694.000000
670.000000
702.000000
640.000000
642.000000
672.000000
660.000000
694.000000
642.000000
684.000000
702.000000
644.000000
700.000000
670.000000
700.000000
644.000000
690.000000
668.000000
696.000000
694.000000
700.000000
666.000000
692.000000
690.000000
688.000000
658.000000
694.000000
698.000000
692.000000
662.000000
698.000000
668.000000
688.000000
678.000000
700.000000
650.000000
688.000000
672.000000
700.000000
644.000000
700.000000
660.000000
702.000000
694.000000
700.000000
680.000000
696.000000
698.000000
628.000000
680.000000
644.000000
644.000000
644.000000
692.000000
698.000000
686.000000
698.000000
662.000000
650.000000
642.000000
686.000000
678.000000
678.000000
642.000000
702.000000
672.000000
650.000000
652.000000
646.000000
668.000000
652.000000
702.000000
648.000000
686.000000
640.000000
648.000000
696.000000
686.000000
642.000000
640.000000
658.000000
680.000000
644.000000
700.000000
646.000000
686.000000
698.000000
696.000000
648.000000
698.000000
652.000000
646.000000
650.000000
690.000000
658.000000
650.000000
642.000000
682.000000
648.000000
700.000000
650.000000
692.000000
642.000000
644.000000
644.000000
680.000000
594.000000
580.000000
646.000000
690.000000
642.000000
696.000000
642.000000
694.000000
654.000000
696.000000
702.000000
690.000000
646.000000
648.000000
696.000000
698.000000
694.000000
652.000000
648.000000
684.000000
692.000000
640.000000
648.000000
678.000000
642.000000
702.000000
644.000000
672.000000
702.000000
688.000000
684.000000
686.000000
700.000000
700.000000
650.000000
684.000000
646.000000
642.000000
640.000000
678.000000
698.000000
650.000000
648.000000
678.000000
650.000000
702.000000
654.000000
684.000000
644.000000
698.000000
640.000000
676.000000
642.000000
644.000000
700.000000
668.000000
642.000000
640.000000
698.000000
694.000000
642.000000
640.000000
646.000000
678.000000
702.000000
698.000000
656.000000
680.000000
644.000000
696.000000
694.000000
680.000000
642.000000
642.000000
702.000000
688.000000
702.000000
646.000000
660.000000
670.000000
656.000000
696.000000
642.000000
688.000000
648.000000
640.000000
640.000000
674.000000
654.000000
702.000000
700.000000
684.000000
652.000000
692.000000
696.000000
672.000000
652.000000
646.000000
648.000000
692.000000
646.000000
650.000000
640.000000
680.000000
652.000000
646.000000
696.000000
672.000000
696.000000
642.000000
640.000000
668.000000
644.000000
698.000000
656.000000
684.000000
700.000000
640.000000
696.000000
682.000000
640.000000
642.000000
642.000000
676.000000
700.000000
650.000000
646.000000
682.000000
694.000000
648.000000
682.000000
696.000000
646.000000
650.000000
642.000000
690.000000
652.000000
644.000000
644.000000
690.000000
700.000000
648.000000
700.000000
662.000000
702.000000
644.000000
696.000000
680.000000
702.000000
696.000000
650.000000
680.000000
696.000000
644.000000
642.000000
672.000000
660.000000
646.000000
646.000000
686.000000
702.000000
656.000000
702.000000
684.000000
642.000000
644.000000
696.000000
684.000000
648.000000
700.000000
654.000000
690.000000
646.000000
640.000000
696.000000
672.000000
690.000000
698.000000
648.000000
674.000000
696.000000
640.000000
654.000000
668.000000
650.000000
702.000000
642.000000
684.000000
692.000000
648.000000
640.000000
690.000000
650.000000
644.000000
688.000000
682.000000
700.000000
692.000000
696.000000
686.000000
650.000000
644.000000
692.000000
682.000000
650.000000
640.000000
652.000000
680.000000
698.000000
658.000000
648.000000
698.000000
688.000000
702.000000
648.000000
680.000000
700.000000
650.000000
650.000000
670.000000
642.000000
644.000000
648.000000
686.000000
698.000000
702.000000
652.000000
678.000000
646.000000
646.000000
652.000000
676.000000
702.000000
694.000000
646.000000
684.000000
688.000000
698.000000
644.000000
678.000000
656.000000
648.000000
644.000000
678.000000
644.000000
650.000000
650.000000
676.000000
652.000000
640.000000
640.000000
692.000000
648.000000
646.000000
642.000000
672.000000
702.000000
684.000000
690.000000
664.000000
702.000000
642.000000
700.000000
678.000000
642.000000
658.000000
656.000000
672.000000
694.000000
694.000000
698.000000
676.000000
656.000000
640.000000
646.000000
686.000000
644.000000
652.000000
690.000000
686.000000
640.000000
644.000000
640.000000
688.000000
654.000000
650.000000
646.000000
678.000000
700.000000
652.000000
650.000000
672.000000
648.000000
694.000000
654.000000
686.000000
642.000000
644.000000
702.000000
686.000000
650.000000
702.000000
688.000000
686.000000
652.000000
698.000000
642.000000
684.000000
648.000000
646.000000
690.000000
680.000000
646.000000
702.000000
650.000000
674.000000
646.000000
648.000000
648.000000
682.000000
694.000000
650.000000
640.000000
682.000000
648.000000
700.000000
640.000000
680.000000
652.000000
642.000000
644.000000
682.000000
700.000000
700.000000
702.000000
684.000000
652.000000
700.000000
654.000000
672.000000
698.000000
652.000000
650.000000
672.000000
656.000000
642.000000
700.000000
696.000000
648.000000
660.000000
640.000000
684.000000
648.000000
654.000000
702.000000
674.000000
642.000000
650.000000
642.000000
682.000000
652.000000
642.000000
650.000000
690.000000
700.000000
642.000000
648.000000
674.000000
688.000000
664.000000
656.000000
664.000000
644.000000
702.000000
650.000000
674.000000
640.000000
646.000000
652.000000
678.000000
642.000000
700.000000
696.000000
694.000000
700.000000
650.000000
698.000000
680.000000
646.000000
644.000000
644.000000
678.000000
700.000000
652.000000
640.000000
668.000000
640.000000
642.000000
646.000000
684.000000
646.000000
652.000000
684.000000
678.000000
702.000000
642.000000
692.000000
682.000000
690.000000
646.000000
688.000000
680.000000
686.000000
644.000000
700.000000
684.000000
644.000000
696.000000
648.000000
680.000000
648.000000
698.000000
698.000000
678.000000
642.000000
648.000000
650.000000
680.000000
650.000000
648.000000
646.000000
668.000000
648.000000
644.000000
648.000000
684.000000
646.000000
644.000000
650.000000
680.000000
644.000000
644.000000
640.000000
688.000000
656.000000
646.000000
642.000000
680.000000
654.000000
658.000000
652.000000
688.000000
652.000000
652.000000
654.000000
696.000000
646.000000
676.000000
670.000000
686.000000
658.000000
648.000000
650.000000
692.000000
648.000000
654.000000
658.000000
702.000000
654.000000
664.000000
658.000000
694.000000
666.000000
658.000000
656.000000
700.000000
662.000000
650.000000
650.000000
644.000000
666.000000
640.000000
660.000000
694.000000
662.000000
652.000000
656.000000
700.000000
658.000000
666.000000
662.000000
688.000000
646.000000
652.000000
664.000000
698.000000
654.000000
694.000000
678.000000
688.000000
658.000000
654.000000
648.000000
684.000000
644.000000
646.000000
658.000000
642.000000
644.000000
652.000000
688.000000
688.000000
648.000000
656.000000
640.000000
700.000000
642.000000
648.000000
652.000000
692.000000
654.000000
696.000000
654.000000
688.000000
654.000000
646.000000
652.000000
678.000000
644.000000
642.000000
644.000000
682.000000
654.000000
648.000000
642.000000
692.000000
650.000000
652.000000
644.000000
682.000000
654.000000
694.000000
658.000000
640.000000
644.000000
650.000000
660.000000
692.000000
640.000000
702.000000
642.000000
684.000000
648.000000
640.000000
648.000000
696.000000
648.000000
644.000000
650.000000
678.000000
648.000000
702.000000
648.000000
698.000000
642.000000
668.000000
578.000000
674.000000
738.000000
746.000000
624.000000
656.000000
666.000000
760.000000
714.000000
584.000000
650.000000
712.000000
738.000000
652.000000
680.000000
626.000000
602.000000
702.000000
680.000000
680.000000
714.000000
726.000000
684.000000
612.000000
614.000000
648.000000
674.000000
688.000000
668.000000
676.000000
710.000000
668.000000
658.000000
690.000000
664.000000
666.000000
640.000000
706.000000
686.000000
668.000000
670.000000
654.000000
678.000000
666.000000
660.000000
654.000000
740.000000
628.000000
550.000000
850.000000
780.000000
744.000000
634.000000
580.000000
682.000000
750.000000
804.000000
668.000000
684.000000
686.000000
748.000000
674.000000
666.000000
678.000000
720.000000
712.000000
744.000000
678.000000
684.000000
680.000000
680.000000
688.000000
678.000000
692.000000
666.000000
602.000000
610.000000
664.000000
678.000000
658.000000
750.000000
662.000000
590.000000
608.000000
614.000000
720.000000
674.000000
734.000000
664.000000
678.000000
676.000000
624.000000
694.000000
720.000000
646.000000
620.000000
688.000000
728.000000
704.000000
746.000000
630.000000
578.000000
648.000000
814.000000
830.000000
648.000000
608.000000
540.000000
454.000000
632.000000
596.000000
658.000000
728.000000
702.000000
646.000000
686.000000
668.000000
674.000000
688.000000
604.000000
630.000000
692.000000
672.000000
658.000000
756.000000
656.000000
700.000000
582.000000
590.000000
686.000000
700.000000
642.000000
696.000000
670.000000
652.000000
696.000000
702.000000
700.000000
662.000000
656.000000
644.000000
680.000000
650.000000
654.000000
650.000000
644.000000
670.000000
762.000000
642.000000
652.000000
648.000000
644.000000
650.000000
702.000000
690.000000
670.000000
646.000000
700.000000
646.000000
686.000000
642.000000
694.000000
684.000000
668.000000
658.000000
648.000000
664.000000
678.000000
714.000000
700.000000
590.000000
590.000000
666.000000
688.000000
676.000000
662.000000
658.000000
700.000000
666.000000
672.000000
664.000000
698.000000
654.000000
652.000000
664.000000
652.000000
676.000000
674.000000
664.000000
642.000000
652.000000
656.000000
650.000000
696.000000
678.000000
652.000000
662.000000
700.000000
668.000000
654.000000
664.000000
644.000000
658.000000
650.000000
658.000000
640.000000
664.000000
656.000000
664.000000
700.000000
662.000000
656.000000
656.000000
694.000000
644.000000
664.000000
650.000000
696.000000
652.000000
658.000000
654.000000
650.000000
660.000000
676.000000
664.000000
700.000000
672.000000
666.000000
732.000000
706.000000
662.000000
616.000000
580.000000
648.000000
656.000000
654.000000
674.000000
702.000000
692.000000
668.000000
668.000000
692.000000
642.000000
666.000000
652.000000
644.000000
672.000000
648.000000
654.000000
640.000000
664.000000
650.000000
652.000000
698.000000
678.000000
660.000000
662.000000
682.000000
662.000000
720.000000
664.000000
688.000000
656.000000
644.000000
682.000000
644.000000
652.000000
666.000000
654.000000
656.000000
670.000000
652.000000
658.000000
700.000000
666.000000
656.000000
652.000000
686.000000
660.000000
666.000000
656.000000
682.000000
656.000000
658.000000
668.000000
698.000000
650.000000
640.000000
668.000000
694.000000
654.000000
652.000000
658.000000
640.000000
654.000000
644.000000
654.000000
682.000000
654.000000
652.000000
654.000000
698.000000
656.000000
648.000000
668.000000
694.000000
668.000000
648.000000
648.000000
702.000000
656.000000
670.000000
658.000000
686.000000
646.000000
656.000000
666.000000
694.000000
666.000000
664.000000
654.000000
692.000000
656.000000
666.000000
658.000000
690.000000
656.000000
650.000000
658.000000
692.000000
652.000000
656.000000
670.000000
682.000000
654.000000
664.000000
646.000000
642.000000
654.000000
650.000000
650.000000
656.000000
656.000000
648.000000
662.000000
690.000000
674.000000
664.000000
650.000000
646.000000
664.000000
674.000000
654.000000
678.000000
692.000000
674.000000
642.000000
752.000000
714.000000
716.000000
664.000000
590.000000
658.000000
636.000000
692.000000
776.000000
752.000000
656.000000
700.000000
694.000000
670.000000
658.000000
676.000000
640.000000
652.000000
668.000000
738.000000
662.000000
688.000000
666.000000
750.000000
722.000000
664.000000
644.000000
636.000000
564.000000
532.000000
602.000000
742.000000
812.000000
810.000000
664.000000
576.000000
746.000000
762.000000
714.000000
688.000000
708.000000
746.000000
736.000000
688.000000
692.000000
696.000000
652.000000
640.000000
750.000000
428.000000
756.000000
646.000000
586.000000
584.000000
568.000000
870.000000
514.000000
710.000000
684.000000
716.000000
682.000000
694.000000
696.000000
548.000000
572.000000
628.000000
670.000000
588.000000
696.000000
652.000000
750.000000
732.000000
752.000000
714.000000
746.000000
706.000000
844.000000
660.000000
576.000000
606.000000
698.000000
680.000000
684.000000
650.000000
696.000000
746.000000
750.000000
718.000000
702.000000
682.000000
658.000000
726.000000
710.000000
688.000000
666.000000
654.000000
808.000000
690.000000
710.000000
766.000000
798.000000
712.000000
740.000000
644.000000
702.000000
700.000000
686.000000
670.000000
724.000000
740.000000
658.000000
724.000000
664.000000
652.000000
730.000000
720.000000
690.000000
652.000000
644.000000
658.000000
678.000000
680.000000
752.000000
748.000000
674.000000
654.000000
700.000000
588.000000
648.000000
732.000000
706.000000
640.000000
702.000000
650.000000
656.000000
672.000000
696.000000
708.000000
700.000000
678.000000
580.000000
600.000000
666.000000
768.000000
654.000000
638.000000
466.000000
556.000000
732.000000
776.000000
702.000000
656.000000
682.000000
762.000000
718.000000
690.000000
660.000000
652.000000
726.000000
712.000000
728.000000
748.000000
720.000000
688.000000
680.000000
700.000000
696.000000
586.000000
672.000000
640.000000
702.000000
656.000000
734.000000
726.000000
748.000000
754.000000
796.000000
706.000000
660.000000
690.000000
674.000000
686.000000
578.000000
742.000000
710.000000
670.000000
720.000000
750.000000
714.000000
642.000000
652.000000
758.000000
722.000000
738.000000
754.000000
670.000000
702.000000
690.000000
674.000000
640.000000
700.000000
678.000000
800.000000
728.000000
750.000000
714.000000
654.000000
600.000000
622.000000
652.000000
754.000000
728.000000
718.000000
720.000000
708.000000
666.000000
642.000000
662.000000
650.000000
658.000000
684.000000
664.000000
662.000000
686.000000
756.000000
660.000000
680.000000
662.000000
686.000000
648.000000
640.000000
650.000000
716.000000
654.000000
700.000000
630.000000
542.000000
636.000000
606.000000
668.000000
584.000000
622.000000
686.000000
646.000000
700.000000
714.000000
654.000000
704.000000
672.000000
656.000000
652.000000
746.000000
682.000000
728.000000
652.000000
660.000000
690.000000
646.000000
676.000000
636.000000
614.000000
670.000000
676.000000
724.000000
766.000000
652.000000
646.000000
652.000000
658.000000
628.000000
514.000000
460.000000
316.000000
156.000000
178.000000
88.000000
-166.000000
-202.000000
-174.000000
-156.000000
116.000000
42.000000
172.000000
414.000000
596.000000
554.000000
652.000000
640.000000
592.000000
534.000000
518.000000
642.000000
640.000000
710.000000
694.000000
674.000000
722.000000
662.000000
654.000000
654.000000
670.000000
646.000000
698.000000
688.000000
718.000000
760.000000
604.000000
690.000000
712.000000
678.000000
702.000000
644.000000
722.000000
710.000000
726.000000
684.000000
722.000000
746.000000
664.000000
644.000000
618.000000
634.000000
698.000000
582.000000
698.000000
646.000000
696.000000
706.000000
650.000000
640.000000
670.000000
580.000000
668.000000
714.000000
764.000000
766.000000
642.000000
670.000000
634.000000
598.000000
722.000000
706.000000
758.000000
694.000000
664.000000
674.000000
728.000000
766.000000
658.000000
696.000000
654.000000
726.000000
762.000000
736.000000
686.000000
692.000000
642.000000
698.000000
652.000000
698.000000
700.000000
654.000000
754.000000
766.000000
706.000000
750.000000
736.000000
758.000000
672.000000
634.000000
640.000000
736.000000
706.000000
764.000000
652.000000
652.000000
674.000000
640.000000
690.000000
674.000000
668.000000
678.000000
762.000000
694.000000
738.000000
758.000000
692.000000
608.000000
654.000000
696.000000
690.000000
684.000000
798.000000
744.000000
658.000000
576.000000
646.000000
694.000000
758.000000
728.000000
810.000000
750.000000
670.000000
676.000000
542.000000
542.000000
634.000000
700.000000
642.000000
742.000000
762.000000
554.000000
664.000000
664.000000
748.000000
806.000000
672.000000
648.000000
650.000000
648.000000
702.000000
642.000000
650.000000
752.000000
646.000000
686.000000
654.000000
662.000000
720.000000
764.000000
704.000000
646.000000
646.000000
650.000000
696.000000
646.000000
728.000000
710.000000
714.000000
692.000000
726.000000
758.000000
660.000000
658.000000
674.000000
654.000000
670.000000
664.000000
756.000000
758.000000
726.000000
800.000000
656.000000
624.000000
688.000000
784.000000
734.000000
692.000000
634.000000
626.000000
596.000000
692.000000
750.000000
708.000000
802.000000
742.000000
652.000000
644.000000
614.000000
582.000000
690.000000
702.000000
648.000000
652.000000
702.000000
712.000000
706.000000
682.000000
750.000000
660.000000
684.000000
652.000000
654.000000
578.000000
820.000000
706.000000
648.000000
702.000000
582.000000
602.000000
534.000000
628.000000
710.000000
856.000000
578.000000
638.000000
664.000000
738.000000
750.000000
678.000000
676.000000
738.000000
658.000000
720.000000
662.000000
752.000000
626.000000
758.000000
700.000000
656.000000
672.000000
708.000000
652.000000
654.000000
694.000000
674.000000
680.000000
646.000000
760.000000
730.000000
690.000000
658.000000
670.000000
664.000000
664.000000
656.000000
716.000000
740.000000
646.000000
668.000000
758.000000
706.000000
654.000000
648.000000
640.000000
662.000000
678.000000
648.000000
650.000000
686.000000
738.000000
720.000000
702.000000
664.000000
764.000000
686.000000
668.000000
678.000000
642.000000
684.000000
698.000000
700.000000
756.000000
724.000000
656.000000
658.000000
676.000000
640.000000
670.000000
642.000000
694.000000
640.000000
700.000000
674.000000
682.000000
734.000000
756.000000
752.000000
626.000000
628.000000
594.000000
598.000000
642.000000
640.000000
706.000000
764.000000
698.000000
576.000000
590.000000
696.000000
590.000000
600.000000
606.000000
638.000000
652.000000
750.000000
768.000000
718.000000
642.000000
538.000000
718.000000
714.000000
656.000000
580.000000
690.000000
666.000000
664.000000
644.000000
660.000000
696.000000
698.000000
652.000000
698.000000
704.000000
652.000000
726.000000
748.000000
714.000000
576.000000
394.000000
688.000000
668.000000
656.000000
696.000000
704.000000
766.000000
666.000000
644.000000
686.000000
674.000000
690.000000
688.000000
698.000000
696.000000
652.000000
694.000000
692.000000
718.000000
726.000000
724.000000
752.000000
724.000000
644.000000
658.000000
640.000000
658.000000
684.000000
658.000000
702.000000
672.000000
708.000000
704.000000
734.000000
764.000000
624.000000
580.000000
708.000000
708.000000
696.000000
762.000000
764.000000
646.000000
656.000000
606.000000
676.000000
748.000000
726.000000
760.000000
760.000000
606.000000
610.000000
684.000000
646.000000
698.000000
702.000000
592.000000
626.000000
576.000000
704.000000
728.000000
714.000000
666.000000
680.000000
744.000000
746.000000
640.000000
722.000000
694.000000
700.000000
658.000000
684.000000
662.000000
648.000000
700.000000
680.000000
644.000000
668.000000
660.000000
700.000000
726.000000
656.000000
700.000000
652.000000
652.000000
654.000000
712.000000
650.000000
694.000000
766.000000
770.000000
714.000000
764.000000
644.000000
672.000000
654.000000
688.000000
682.000000
662.000000
762.000000
718.000000
720.000000
640.000000
738.000000
704.000000
658.000000
684.000000
670.000000
624.000000
648.000000
688.000000
750.000000
766.000000
756.000000
652.000000
682.000000
654.000000
592.000000
686.000000
662.000000
644.000000
692.000000
728.000000
710.000000
712.000000
660.000000
646.000000
636.000000
580.000000
698.000000
714.000000
754.000000
774.000000
730.000000
670.000000
660.000000
700.000000
652.000000
644.000000
756.000000
656.000000
738.000000
912.000000
606.000000
698.000000
658.000000
592.000000
610.000000
616.000000
654.000000
700.000000
684.000000
670.000000
676.000000
762.000000
690.000000
744.000000
760.000000
758.000000
636.000000
594.000000
624.000000
696.000000
684.000000
702.000000
648.000000
766.000000
756.000000
654.000000
648.000000
690.000000
686.000000
684.000000
614.000000
632.000000
726.000000
750.000000
738.000000
806.000000
646.000000
674.000000
694.000000
720.000000
646.000000
690.000000
708.000000
722.000000
662.000000
694.000000
706.000000
698.000000
694.000000
644.000000
724.000000
652.000000
698.000000
728.000000
724.000000
652.000000
662.000000
660.000000
644.000000
604.000000
650.000000
676.000000
690.000000
702.000000
818.000000
824.000000
680.000000
594.000000
812.000000
724.000000
730.000000
576.000000
674.000000
738.000000
800.000000
610.000000
722.000000
820.000000
714.000000
740.000000
636.000000
554.000000
564.000000
682.000000
714.000000
730.000000
676.000000
590.000000
536.000000
602.000000
640.000000
716.000000
656.000000
604.000000
622.000000
728.000000
640.000000
684.000000
590.000000
716.000000
756.000000
758.000000
692.000000
670.000000
924.000000
656.000000
588.000000
642.000000
766.000000
710.000000
652.000000
672.000000
762.000000
742.000000
662.000000
656.000000
656.000000
702.000000
706.000000
716.000000
684.000000
520.000000
682.000000
662.000000
698.000000
706.000000
760.000000
728.000000
738.000000
718.000000
724.000000
666.000000
672.000000
696.000000
670.000000
672.000000
694.000000
698.000000
754.000000
718.000000
712.000000
712.000000
676.000000
682.000000
692.000000
664.000000
682.000000
722.000000
754.000000
724.000000
736.000000
726.000000
668.000000
696.000000
658.000000
672.000000
706.000000
730.000000
812.000000
328.000000
744.000000
738.000000
640.000000
700.000000
708.000000
734.000000
772.000000
704.000000
754.000000
706.000000
748.000000
752.000000
670.000000
630.000000
606.000000
584.000000
648.000000
732.000000
810.000000
786.000000
702.000000
678.000000
732.000000
738.000000
656.000000
670.000000
704.000000
736.000000
754.000000
726.000000
754.000000
728.000000
762.000000
746.000000
722.000000
746.000000
736.000000
708.000000
764.000000
708.000000
658.000000
726.000000
704.000000
716.000000
762.000000
764.000000
672.000000
738.000000
820.000000
754.000000
666.000000
714.000000
706.000000
760.000000
688.000000
688.000000
726.000000
766.000000
736.000000
682.000000
742.000000
768.000000
738.000000
756.000000
706.000000
714.000000
666.000000
698.000000
710.000000
658.000000
754.000000
728.000000
812.000000
712.000000
798.000000
726.000000
762.000000
730.000000
706.000000
680.000000
656.000000
682.000000
668.000000
722.000000
792.000000
786.000000
666.000000
660.000000
690.000000
688.000000
670.000000
716.000000
1060.000000
806.000000
786.000000
676.000000
686.000000
688.000000
734.000000
710.000000
756.000000
766.000000
716.000000
722.000000
628.000000
512.000000
580.000000
710.000000
736.000000
732.000000
664.000000
954.000000
740.000000
1352.000000
610.000000
740.000000
808.000000
772.000000
714.000000
666.000000
726.000000
760.000000
724.000000
694.000000
726.000000
662.000000
718.000000
756.000000
720.000000
712.000000
664.000000
816.000000
748.000000
936.000000
624.000000
760.000000
728.000000
770.000000
820.000000
738.000000
710.000000
738.000000
718.000000
800.000000
740.000000
694.000000
750.000000
640.000000
716.000000
738.000000
730.000000
714.000000
716.000000
732.000000
788.000000
756.000000
680.000000
742.000000
704.000000
704.000000
738.000000
758.000000
700.000000
694.000000
738.000000
762.000000
766.000000
680.000000
816.000000
712.000000
726.000000
672.000000
752.000000
764.000000
716.000000
656.000000
598.000000
678.000000
766.000000
818.000000
596.000000
680.000000
710.000000
754.000000
774.000000
780.000000
672.000000
612.000000
584.000000
674.000000
738.000000
712.000000
684.000000
762.000000
712.000000
718.000000
460.000000
460.000000
940.000000
754.000000
722.000000
738.000000
738.000000
620.000000
708.000000
666.000000
792.000000
728.000000
678.000000
706.000000
736.000000
738.000000
678.000000
720.000000
664.000000
798.000000
806.000000
788.000000
826.000000
640.000000
684.000000
642.000000
654.000000
608.000000
764.000000
742.000000
756.000000
808.000000
716.000000
742.000000
742.000000
658.000000
764.000000
660.000000
748.000000
750.000000
758.000000
810.000000
710.000000
686.000000
750.000000
712.000000
718.000000
576.000000
764.000000
722.000000
714.000000
752.000000
658.000000
694.000000
672.000000
722.000000
662.000000
674.000000
730.000000
756.000000
704.000000
812.000000
788.000000
914.000000
626.000000
718.000000
-2156.000000
710.000000
782.000000
648.000000
1162.000000
804.000000
660.000000
708.000000
650.000000
578.000000
664.000000
762.000000
816.000000
794.000000
658.000000
658.000000
750.000000
758.000000
698.000000
654.000000
636.000000
672.000000
754.000000
714.000000
776.000000
734.000000
668.000000
686.000000
766.000000
750.000000
686.000000
672.000000
718.000000
758.000000
632.000000
640.000000
750.000000
764.000000
764.000000
660.000000
726.000000
704.000000
650.000000
652.000000
738.000000
660.000000
664.000000
646.000000
744.000000
732.000000
718.000000
658.000000
758.000000
758.000000
688.000000
658.000000
688.000000
716.000000
750.000000
738.000000
802.000000
760.000000
762.000000
740.000000
590.000000
676.000000
756.000000
742.000000
484.000000
674.000000
830.000000
810.000000
714.000000
754.000000
608.000000
624.000000
620.000000
588.000000
714.000000
724.000000
728.000000
712.000000
754.000000
756.000000
700.000000
674.000000
612.000000
672.000000
698.000000
764.000000
-644.000000
1008.000000
896.000000
478.000000
940.000000
-4.000000
756.000000
982.000000
562.000000
696.000000
696.000000
704.000000
792.000000
720.000000
696.000000
592.000000
590.000000
634.000000
668.000000
720.000000
714.000000
678.000000
746.000000
724.000000
634.000000
594.000000
584.000000
1686.000000
696.000000
622.000000
728.000000
1908.000000
706.000000
672.000000
512.000000
596.000000
732.000000
654.000000
690.000000
702.000000
602.000000
672.000000
652.000000
714.000000
758.000000
648.000000
692.000000
722.000000
700.000000
672.000000
692.000000
660.000000
678.000000
676.000000
656.000000
686.000000
708.000000
670.000000
702.000000
674.000000
672.000000
656.000000
688.000000
744.000000
542.000000
702.000000
700.000000
652.000000
816.000000
782.000000
740.000000
676.000000
640.000000
664.000000
660.000000
670.000000
654.000000
652.000000
656.000000
758.000000
746.000000
648.000000
684.000000
744.000000
676.000000
646.000000
648.000000
624.000000
648.000000
662.000000
684.000000
758.000000
768.000000
622.000000
646.000000
1780.000000
930.000000
828.000000
750.000000
642.000000
700.000000
260.000000
514.000000
684.000000
730.000000
720.000000
712.000000
724.000000
758.000000
654.000000
1218.000000
974.000000
644.000000
606.000000
692.000000
648.000000
684.000000
692.000000
762.000000
740.000000
748.000000
746.000000
710.000000
670.000000
664.000000
698.000000
582.000000
652.000000
786.000000
744.000000
678.000000
738.000000
754.000000
666.000000
652.000000
710.000000
738.000000
738.000000
714.000000
692.000000
688.000000
696.000000
674.000000
686.000000
678.000000
666.000000
674.000000
756.000000
662.000000
730.000000
672.000000
734.000000
708.000000
678.000000
696.000000
744.000000
730.000000
670.000000
646.000000
658.000000
668.000000
664.000000
746.000000
724.000000
732.000000
720.000000
674.000000
656.000000
626.000000
628.000000
662.000000
722.000000
746.000000
802.000000
792.000000
752.000000
644.000000
562.000000
812.000000
574.000000
754.000000
740.000000
644.000000
806.000000
706.000000
738.000000
778.000000
708.000000
588.000000
638.000000
674.000000
646.000000
708.000000
766.000000
740.000000
686.000000
668.000000
660.000000
668.000000
702.000000
912.000000
632.000000
920.000000
564.000000
646.000000
646.000000
680.000000
608.000000
672.000000
656.000000
668.000000
666.000000
712.000000
726.000000
682.000000
696.000000
738.000000
738.000000
604.000000
652.000000
576.000000
706.000000
586.000000
664.000000
692.000000
550.000000
660.000000
674.000000
670.000000
682.000000
664.000000
730.000000
668.000000
608.000000
636.000000
702.000000
710.000000
618.000000
666.000000
648.000000
698.000000
722.000000
664.000000
728.000000
622.000000
662.000000
628.000000
650.000000
754.000000
710.000000
664.000000
694.000000
612.000000
702.000000
680.000000
614.000000
752.000000
722.000000
798.000000
644.000000
608.000000
-688.000000
918.000000
726.000000
448.000000
-18.000000
388.000000
598.000000
746.000000
826.000000
800.000000
744.000000
692.000000
666.000000
670.000000
568.000000
628.000000
672.000000
790.000000
724.000000
692.000000
704.000000
682.000000
684.000000
754.000000
720.000000
702.000000
624.000000
760.000000
676.000000
678.000000
640.000000
648.000000
946.000000
640.000000
602.000000
660.000000
684.000000
684.000000
696.000000
802.000000
740.000000
662.000000
640.000000
676.000000
690.000000
634.000000
580.000000
740.000000
714.000000
716.000000
764.000000
666.000000
612.000000
656.000000
726.000000
658.000000
720.000000
698.000000
716.000000
738.000000
650.000000
656.000000
692.000000
678.000000
650.000000
642.000000
642.000000
600.000000
690.000000
654.000000
758.000000
644.000000
698.000000
642.000000
634.000000
532.000000
568.000000
578.000000
664.000000
726.000000
698.000000
650.000000
702.000000
592.000000
578.000000
590.000000
640.000000
686.000000
636.000000
604.000000
742.000000
664.000000
626.000000
372.000000
510.000000
1406.000000
574.000000
654.000000
794.000000
504.000000
830.000000
642.000000
684.000000
600.000000
518.000000
560.000000
472.000000
660.000000
676.000000
736.000000
748.000000
700.000000
654.000000
606.000000
604.000000
-5858.000000
1188.000000
608.000000
688.000000
638.000000
600.000000
624.000000
686.000000
674.000000
664.000000
526.000000
624.000000
822.000000
770.000000
744.000000
612.000000
694.000000
696.000000
686.000000
634.000000
718.000000
742.000000
758.000000
748.000000
674.000000
676.000000
668.000000
658.000000
652.000000
654.000000
688.000000
670.000000
766.000000
714.000000
670.000000
570.000000
616.000000
656.000000
644.000000
660.000000
600.000000
596.000000
688.000000
644.000000
672.000000
652.000000
714.000000
764.000000
764.000000
648.000000
604.000000
602.000000
658.000000
642.000000
630.000000
698.000000
684.000000
642.000000
700.000000
668.000000
634.000000
676.000000
670.000000
648.000000
652.000000
592.000000
640.000000
680.000000
1010.000000
734.000000
720.000000
752.000000
1156.000000
-1838.000000
642.000000
1526.000000
710.000000
636.000000
780.000000
654.000000
568.000000
526.000000
520.000000
662.000000
1342.000000
762.000000
640.000000
638.000000
738.000000
478.000000
628.000000
526.000000
788.000000
608.000000
60.000000
678.000000
648.000000
742.000000
1952.000000
370.000000
668.000000
600.000000
180.000000
732.000000
582.000000
684.000000
674.000000
746.000000
596.000000
688.000000
618.000000
718.000000
628.000000
758.000000
764.000000
752.000000
606.000000
658.000000
626.000000
724.000000
644.000000
666.000000
762.000000
670.000000
658.000000
730.000000
668.000000
670.000000
766.000000
674.000000
636.000000
702.000000
664.000000
654.000000
664.000000
688.000000
642.000000
686.000000
692.000000
658.000000
656.000000
682.000000
672.000000
668.000000
692.000000
718.000000
642.000000
690.000000
738.000000
706.000000
616.000000
648.000000
662.000000
660.000000
678.000000
718.000000
762.000000
726.000000
674.000000
652.000000
706.000000
714.000000
674.000000
606.000000
684.000000
748.000000
804.000000
734.000000
614.000000
586.000000
594.000000
638.000000
576.000000
630.000000
564.000000
576.000000
670.000000
586.000000
640.000000
754.000000
726.000000
756.000000
696.000000
666.000000
746.000000
686.000000
714.000000
694.000000
700.000000
674.000000
744.000000
704.000000
736.000000
746.000000
686.000000
668.000000
648.000000
642.000000
694.000000
696.000000
750.000000
656.000000
656.000000
690.000000
678.000000
648.000000
696.000000
750.000000
524.000000
554.000000
634.000000
994.000000
840.000000
774.000000
694.000000
660.000000
718.000000
728.000000
694.000000
654.000000
634.000000
614.000000
672.000000
828.000000
722.000000
660.000000
568.000000
714.000000
700.000000
698.000000
626.000000
586.000000
730.000000
750.000000
626.000000
650.000000
658.000000
682.000000
702.000000
700.000000
662.000000
682.000000
676.000000
682.000000
642.000000
694.000000
644.000000
702.000000
668.000000
688.000000
704.000000
688.000000
676.000000
670.000000
640.000000
696.000000
680.000000
642.000000
684.000000
646.000000
664.000000
686.000000
690.000000
656.000000
674.000000
696.000000
640.000000
656.000000
670.000000
678.000000
652.000000
746.000000
618.000000
712.000000
726.000000
680.000000
754.000000
658.000000
642.000000
684.000000
692.000000
644.000000
650.000000
702.000000
740.000000
754.000000
644.000000
646.000000
676.000000
670.000000
694.000000
640.000000
686.000000
698.000000
658.000000
642.000000
690.000000
650.000000
644.000000
658.000000
678.000000
702.000000
662.000000
696.000000
694.000000
642.000000
682.000000
640.000000
692.000000
656.000000
660.000000
734.000000
664.000000
640.000000
658.000000
640.000000
664.000000
696.000000
702.000000
658.000000
678.000000
654.000000
684.000000
642.000000
702.000000
670.000000
658.000000
668.000000
696.000000
672.000000
696.000000
660.000000
690.000000
698.000000
642.000000
648.000000
690.000000
668.000000
640.000000
684.000000
686.000000
646.000000
672.000000
656.000000
698.000000
672.000000
646.000000
652.000000
678.000000
684.000000
642.000000
658.000000
674.000000
670.000000
650.000000
666.000000
692.000000
682.000000
692.000000
690.000000
702.000000
642.000000
658.000000
656.000000
682.000000
656.000000
654.000000
698.000000
678.000000
656.000000
696.000000
656.000000
672.000000
642.000000
640.000000
642.000000
690.000000
642.000000
650.000000
656.000000
678.000000
702.000000
704.000000
658.000000
690.000000
640.000000
762.000000
674.000000
750.000000
664.000000
642.000000
642.000000
680.000000
660.000000
700.000000
702.000000
680.000000
660.000000
646.000000
692.000000
736.000000
642.000000
698.000000
664.000000
672.000000
650.000000
662.000000
702.000000
680.000000
640.000000
644.000000
646.000000
680.000000
764.000000
690.000000
642.000000
676.000000
698.000000
658.000000
688.000000
692.000000
702.000000
646.000000
694.000000
744.000000
648.000000
702.000000
640.000000
680.000000
712.000000
660.000000
642.000000
674.000000
698.000000
650.000000
654.000000
670.000000
688.000000
662.000000
700.000000
688.000000
712.000000
644.000000
642.000000
690.000000
640.000000
640.000000
696.000000
692.000000
694.000000
692.000000
702.000000
674.000000
642.000000
654.000000
646.000000
690.000000
664.000000
642.000000
698.000000
690.000000
656.000000
650.000000
698.000000
682.000000
650.000000
640.000000
690.000000
684.000000
690.000000
644.000000
660.000000
682.000000
648.000000
702.000000
654.000000
690.000000
676.000000
692.000000
646.000000
688.000000
656.000000
640.000000
646.000000
764.000000
664.000000
660.000000
702.000000
734.000000
646.000000
660.000000
658.000000
692.000000
654.000000
700.000000
644.000000
762.000000
724.000000
666.000000
644.000000
682.000000
644.000000
660.000000
714.000000
726.000000
648.000000
644.000000
682.000000
678.000000
656.000000
698.000000
696.000000
688.000000
702.000000
696.000000
648.000000
682.000000
702.000000
654.000000
690.000000
674.000000
644.000000
694.000000
640.000000
674.000000
698.000000
640.000000
700.000000
672.000000
692.000000
658.000000
720.000000
678.000000
654.000000
652.000000
650.000000
694.000000
656.000000
694.000000
696.000000
702.000000
692.000000
656.000000
696.000000
660.000000
700.000000
640.000000
694.000000
742.000000
684.000000
656.000000
680.000000
672.000000
694.000000
702.000000
650.000000
670.000000
690.000000
700.000000
690.000000
670.000000
702.000000
652.000000
714.000000
740.000000
694.000000
692.000000
688.000000
670.000000
760.000000
754.000000
698.000000
730.000000
696.000000
702.000000
650.000000
654.000000
698.000000
714.000000
644.000000
674.000000
766.000000
644.000000
706.000000
732.000000
702.000000
698.000000
644.000000
672.000000
694.000000
646.000000
708.000000
672.000000
704.000000
646.000000
698.000000
732.000000
640.000000
686.000000
678.000000
676.000000
702.000000
682.000000
642.000000
684.000000
666.000000
644.000000
644.000000
672.000000
648.000000
674.000000
694.000000
644.000000
640.000000
692.000000
644.000000
692.000000
642.000000
680.000000
668.000000
662.000000
740.000000
668.000000
694.000000
702.000000
690.000000
732.000000
762.000000
710.000000
696.000000
678.000000
686.000000
650.000000
666.000000
644.000000
736.000000
708.000000
656.000000
672.000000
640.000000
730.000000
710.000000
704.000000
728.000000
760.000000
670.000000
662.000000
680.000000
656.000000
728.000000
752.000000
718.000000
696.000000
766.000000
684.000000
648.000000
686.000000
688.000000
710.000000
658.000000
730.000000
720.000000
666.000000
698.000000
734.000000
764.000000
656.000000
752.000000
686.000000
658.000000
764.000000
662.000000
684.000000
718.000000
706.000000
704.000000
766.000000
700.000000
642.000000
642.000000
764.000000
708.000000
714.000000
720.000000
696.000000
662.000000
636.000000
626.000000
688.000000
642.000000
672.000000
684.000000
698.000000
742.000000
734.000000
774.000000
820.000000
716.000000
654.000000
646.000000
752.000000
714.000000
792.000000
706.000000
762.000000
730.000000
640.000000
692.000000
646.000000
758.000000
752.000000
736.000000
744.000000
734.000000
650.000000
694.000000
644.000000
694.000000
752.000000
652.000000
662.000000
688.000000
764.000000
646.000000
744.000000
766.000000
690.000000
750.000000
682.000000
656.000000
642.000000
692.000000
664.000000
646.000000
726.000000
640.000000
672.000000
692.000000
764.000000
640.000000
690.000000
656.000000
752.000000
736.000000
742.000000
726.000000
704.000000
650.000000
676.000000
764.000000
708.000000
704.000000
732.000000
766.000000
698.000000
640.000000
766.000000
728.000000
756.000000
706.000000
660.000000
698.000000
690.000000
754.000000
758.000000
716.000000
702.000000
698.000000
742.000000
758.000000
652.000000
700.000000
668.000000
754.000000
702.000000
712.000000
750.000000
708.000000
760.000000
686.000000
686.000000
696.000000
682.000000
692.000000
730.000000
692.000000
696.000000
758.000000
678.000000
764.000000
652.000000
696.000000
744.000000
710.000000
758.000000
764.000000
736.000000
762.000000
750.000000
754.000000
684.000000
686.000000
640.000000
644.000000
720.000000
762.000000
766.000000
640.000000
732.000000
760.000000
698.000000
698.000000
710.000000
758.000000
800.000000
540.000000
620.000000
728.000000
850.000000
746.000000
548.000000
584.000000
574.000000
672.000000
908.000000
944.000000
770.000000
694.000000
720.000000
730.000000
728.000000
710.000000
708.000000
706.000000
816.000000
732.000000
670.000000
750.000000
918.000000
674.000000
564.000000
576.000000
792.000000
808.000000
644.000000
614.000000
662.000000
760.000000
658.000000
686.000000
698.000000
662.000000
588.000000
632.000000
658.000000
718.000000
740.000000
704.000000
722.000000
696.000000
612.000000
678.000000
720.000000
738.000000
698.000000
686.000000
686.000000
684.000000
764.000000
742.000000
736.000000
664.000000
698.000000
688.000000
732.000000
660.000000
648.000000
674.000000
736.000000
716.000000
702.000000
664.000000
648.000000
674.000000
758.000000
672.000000
742.000000
672.000000
644.000000
670.000000
672.000000
676.000000
642.000000
650.000000
666.000000
734.000000
714.000000
674.000000
648.000000
680.000000
696.000000
644.000000
726.000000
640.000000
650.000000
694.000000
650.000000
738.000000
736.000000
668.000000
674.000000
734.000000
644.000000
668.000000
654.000000
662.000000
708.000000
752.000000
678.000000
674.000000
644.000000
670.000000
684.000000
766.000000
708.000000
760.000000
750.000000
690.000000
682.000000
698.000000
732.000000
760.000000
666.000000
694.000000
692.000000
666.000000
640.000000
694.000000
654.000000
676.000000
672.000000
698.000000
684.000000
648.000000
676.000000
654.000000
642.000000
582.000000
594.000000
614.000000
696.000000
620.000000
660.000000
624.000000
604.000000
860.000000
570.000000
582.000000
654.000000
672.000000
590.000000
692.000000
644.000000
648.000000
624.000000
622.000000
626.000000
608.000000
656.000000
638.000000
628.000000
696.000000
680.000000
692.000000
702.000000
628.000000
576.000000
612.000000
680.000000
702.000000
610.000000
690.000000
694.000000
634.000000
662.000000
626.000000
630.000000
696.000000
664.000000
642.000000
682.000000
672.000000
658.000000
690.000000
680.000000
688.000000
654.000000
684.000000
640.000000
670.000000
646.000000
674.000000
684.000000
626.000000
656.000000
628.000000
620.000000
628.000000
640.000000
672.000000
664.000000
672.000000
644.000000
682.000000
688.000000
688.000000
650.000000
624.000000
698.000000
664.000000
646.000000
670.000000
692.000000
676.000000
658.000000
620.000000
674.000000
676.000000
642.000000
604.000000
686.000000
684.000000
646.000000
674.000000
668.000000
672.000000
642.000000
690.000000
630.000000
634.000000
738.000000
666.000000
732.000000
708.000000
718.000000
712.000000
742.000000
734.000000
614.000000
580.000000
682.000000
594.000000
628.000000
610.000000
744.000000
752.000000
720.000000
710.000000
708.000000
648.000000
634.000000
584.000000
638.000000
662.000000
796.000000
662.000000
1068.000000
664.000000
700.000000
702.000000
688.000000
642.000000
558.000000
724.000000
270.000000
930.000000
644.000000
584.000000
570.000000
452.000000
684.000000
756.000000
672.000000
636.000000
670.000000
688.000000
760.000000
692.000000
890.000000
-3364.000000
792.000000
976.000000
970.000000
76.000000
986.000000
666.000000
-256.000000
728.000000
584.000000
624.000000
664.000000
690.000000
736.000000
714.000000
684.000000
698.000000
708.000000
686.000000
744.000000
746.000000
820.000000
706.000000
654.000000
676.000000
766.000000
704.000000
760.000000
734.000000
652.000000
640.000000
766.000000
718.000000
716.000000
634.000000
730.000000
764.000000
726.000000
694.000000
660.000000
754.000000
674.000000
736.000000
644.000000
742.000000
666.000000
746.000000
762.000000
676.000000
752.000000
696.000000
576.000000
676.000000
702.000000
652.000000
648.000000
760.000000
708.000000
706.000000
744.000000
686.000000
736.000000
762.000000
758.000000
648.000000
870.000000
588.000000
498.000000
622.000000
482.000000
908.000000
986.000000
2998.000000
392.000000
582.000000
402.000000
488.000000
466.000000
926.000000
704.000000
628.000000
666.000000
770.000000
448.000000
686.000000
520.000000
616.000000
702.000000
740.000000
722.000000
968.000000
634.000000
756.000000
704.000000
1266.000000
1192.000000
2432.000000
696.000000
1174.000000
666.000000
670.000000
668.000000
750.000000
774.000000
752.000000
676.000000
730.000000
668.000000
714.000000
664.000000
676.000000
766.000000
718.000000
762.000000
762.000000
668.000000
734.000000
824.000000
764.000000
640.000000
620.000000
708.000000
736.000000
726.000000
804.000000
724.000000
740.000000
680.000000
646.000000
682.000000
750.000000
644.000000
684.000000
716.000000
688.000000
658.000000
728.000000
716.000000
712.000000
698.000000
720.000000
738.000000
742.000000
658.000000
662.000000
698.000000
692.000000
552.000000
672.000000
642.000000
748.000000
688.000000
648.000000
708.000000
744.000000
578.000000
560.000000
582.000000
668.000000
612.000000
888.000000
684.000000
690.000000
890.000000
-420.000000
952.000000
980.000000
686.000000
794.000000
908.000000
662.000000
714.000000
810.000000
646.000000
588.000000
650.000000
734.000000
692.000000
646.000000
664.000000
688.000000
670.000000
662.000000
686.000000
656.000000
656.000000
746.000000
706.000000
708.000000
672.000000
794.000000
550.000000
734.000000
616.000000
642.000000
1016.000000
552.000000
640.000000
652.000000
640.000000
718.000000
680.000000
722.000000
680.000000
724.000000
686.000000
762.000000
752.000000
760.000000
744.000000
718.000000
700.000000
696.000000
688.000000
692.000000
738.000000
694.000000
700.000000
746.000000
732.000000
688.000000
688.000000
672.000000
698.000000
684.000000
678.000000
688.000000
710.000000
730.000000
750.000000
716.000000
726.000000
728.000000
668.000000
666.000000
752.000000
680.000000
696.000000
648.000000
672.000000
690.000000
646.000000
762.000000
682.000000
700.000000
736.000000
686.000000
642.000000
710.000000
734.000000
646.000000
678.000000
642.000000
700.000000
712.000000
696.000000
670.000000
694.000000
752.000000
730.000000
672.000000
686.000000
744.000000
752.000000
248.000000
704.000000
508.000000
960.000000
1074.000000
30.000000
426.000000
5606.000000
1476.000000
1258.000000
726.000000
742.000000
576.000000
544.000000
460.000000
616.000000
626.000000
728.000000
672.000000
762.000000
710.000000
694.000000
642.000000
704.000000
682.000000
558.000000
514.000000
312.000000
-312.000000
792.000000
742.000000
660.000000
1254.000000
656.000000
700.000000
708.000000
732.000000
652.000000
696.000000
708.000000
742.000000
668.000000
756.000000
684.000000
688.000000
670.000000
716.000000
812.000000
828.000000
738.000000
624.000000
648.000000
680.000000
692.000000
750.000000
678.000000
718.000000
766.000000
722.000000
666.000000
716.000000
708.000000
672.000000
684.000000
758.000000
698.000000
658.000000
818.000000
756.000000
666.000000
676.000000
764.000000
698.000000
642.000000
810.000000
702.000000
702.000000
602.000000
584.000000
708.000000
680.000000
700.000000
756.000000
678.000000
648.000000
702.000000
694.000000
724.000000
754.000000
734.000000
698.000000
662.000000
686.000000
590.000000
1724.000000
252.000000
706.000000
736.000000
810.000000
876.000000
868.000000
706.000000
670.000000
952.000000
752.000000
632.000000
596.000000
790.000000
742.000000
694.000000
626.000000
724.000000
624.000000
654.000000
680.000000
536.000000
2042.000000
592.000000
1370.000000
212.000000
-988.000000
806.000000
1072.000000
1340.000000
388.000000
696.000000
642.000000
684.000000
766.000000
712.000000
714.000000
750.000000
684.000000
642.000000
608.000000
654.000000
650.000000
728.000000
712.000000
648.000000
666.000000
668.000000
660.000000
668.000000
664.000000
734.000000
704.000000
726.000000
706.000000
752.000000
648.000000
662.000000
672.000000
648.000000
644.000000
640.000000
702.000000
764.000000
738.000000
764.000000
724.000000
734.000000
706.000000
706.000000
650.000000
688.000000
614.000000
668.000000
680.000000
670.000000
704.000000
696.000000
674.000000
694.000000
662.000000
708.000000
760.000000
692.000000
682.000000
752.000000
756.000000
1076.000000
700.000000
402.000000
964.000000
680.000000
948.000000
916.000000
858.000000
746.000000
292.000000
440.000000
702.000000
326.000000
812.000000
618.000000
700.000000
460.000000
602.000000
668.000000
638.000000
702.000000
614.000000
648.000000
694.000000
792.000000
754.000000
362.000000
812.000000
684.000000
450.000000
664.000000
682.000000
704.000000
644.000000
642.000000
652.000000
688.000000
700.000000
690.000000
708.000000
736.000000
936.000000
672.000000
690.000000
684.000000
658.000000
722.000000
736.000000
880.000000
892.000000
750.000000
764.000000
688.000000
650.000000
648.000000
668.000000
760.000000
742.000000
758.000000
678.000000
668.000000
712.000000
756.000000
648.000000
644.000000
700.000000
708.000000
748.000000
746.000000
728.000000
732.000000
630.000000
668.000000
762.000000
752.000000
722.000000
662.000000
666.000000
702.000000
678.000000
728.000000
724.000000
694.000000
648.000000
736.000000
674.000000
706.000000
736.000000
690.000000
664.000000
718.000000
726.000000
592.000000
622.000000
662.000000
734.000000
792.000000
594.000000
774.000000
-7788.000000
-956.000000
760.000000
742.000000
336.000000
590.000000
746.000000
610.000000
576.000000
590.000000
660.000000
664.000000
670.000000
594.000000
752.000000
668.000000
680.000000
530.000000
3598.000000
872.000000
668.000000
114.000000
776.000000
698.000000
660.000000
1332.000000
676.000000
690.000000
644.000000
750.000000
766.000000
748.000000
756.000000
644.000000
690.000000
598.000000
742.000000
738.000000
762.000000
762.000000
644.000000
660.000000
656.000000
640.000000
740.000000
714.000000
822.000000
680.000000
648.000000
670.000000
740.000000
724.000000
774.000000
730.000000
752.000000
736.000000
720.000000
730.000000
656.000000
666.000000
676.000000
674.000000
696.000000
728.000000
748.000000
748.000000
698.000000
654.000000
698.000000
664.000000
716.000000
738.000000
748.000000
716.000000
734.000000
1024.000000
620.000000
676.000000
804.000000
614.000000
936.000000
796.000000
832.000000
856.000000
772.000000
778.000000
714.000000
694.000000
706.000000
684.000000
616.000000
740.000000
806.000000
804.000000
814.000000
752.000000
732.000000
730.000000
756.000000
682.000000
744.000000
1346.000000
658.000000
768.000000
800.000000
812.000000
640.000000
674.000000
708.000000
652.000000
716.000000
788.000000
752.000000
732.000000
692.000000
830.000000
730.000000
766.000000
758.000000
776.000000
816.000000
750.000000
740.000000
888.000000
580.000000
758.000000
760.000000
816.000000
820.000000
756.000000
746.000000
806.000000
726.000000
824.000000
842.000000
810.000000
762.000000
636.000000
338.000000
588.000000
694.000000
656.000000
512.000000
604.000000
664.000000
638.000000
582.000000
778.000000
804.000000
806.000000
822.000000
784.000000
704.000000
660.000000
696.000000
726.000000
760.000000
708.000000
736.000000
728.000000
716.000000
696.000000
662.000000
750.000000
738.000000
668.000000
584.000000
628.000000
592.000000
584.000000
736.000000
826.000000
724.000000
806.000000
830.000000
728.000000
822.000000
760.000000
672.000000
586.000000
462.000000
630.000000
774.000000
840.000000
808.000000
790.000000
804.000000
456.000000
488.000000
456.000000
666.000000
740.000000
692.000000
764.000000
750.000000
756.000000
726.000000
518.000000
688.000000
-4652.000000
216.000000
1028.000000
592.000000
682.000000
692.000000
642.000000
800.000000
754.000000
724.000000
658.000000
638.000000
706.000000
742.000000
718.000000
726.000000
814.000000
862.000000
748.000000
716.000000
670.000000
698.000000
758.000000
736.000000
738.000000
702.000000
692.000000
668.000000
708.000000
764.000000
704.000000
716.000000
664.000000
672.000000
762.000000
640.000000
614.000000
600.000000
636.000000
656.000000
772.000000
754.000000
716.000000
694.000000
702.000000
610.000000
672.000000
712.000000
674.000000
674.000000
680.000000
700.000000
626.000000
664.000000
658.000000
692.000000
584.000000
636.000000
576.000000
590.000000
1374.000000
406.000000
736.000000
-68.000000
786.000000
-146.000000
848.000000
726.000000
722.000000
728.000000
672.000000
708.000000
642.000000
674.000000
586.000000
598.000000
640.000000
626.000000
682.000000
608.000000
674.000000
716.000000
578.000000
652.000000
688.000000
622.000000
608.000000
3724.000000
1048.000000
726.000000
762.000000
654.000000
592.000000
610.000000
670.000000
690.000000
654.000000
688.000000
592.000000
676.000000
774.000000
792.000000
642.000000
660.000000
634.000000
666.000000
700.000000
682.000000
732.000000
712.000000
690.000000
650.000000
660.000000
650.000000
640.000000
750.000000
656.000000
670.000000
666.000000
640.000000
652.000000
666.000000
652.000000
606.000000
650.000000
630.000000
614.000000
678.000000
648.000000
644.000000
684.000000
668.000000
630.000000
550.000000
598.000000
688.000000
672.000000
650.000000
596.000000
558.000000
674.000000
638.000000
596.000000
672.000000
732.000000
762.000000
644.000000
634.000000
618.000000
630.000000
590.000000
612.000000
824.000000
668.000000
684.000000
604.000000
650.000000
654.000000
860.000000
704.000000
736.000000
590.000000
504.000000
612.000000
582.000000
586.000000
594.000000
698.000000
470.000000
556.000000
478.000000
734.000000
674.000000
616.000000
614.000000
874.000000
762.000000
742.000000
680.000000
524.000000
334.000000
434.000000
316.000000
350.000000
684.000000
690.000000
642.000000
692.000000
574.000000
552.000000
650.000000
706.000000
752.000000
662.000000
702.000000
694.000000
766.000000
760.000000
734.000000
808.000000
826.000000
760.000000
732.000000
756.000000
812.000000
824.000000
826.000000
738.000000
720.000000
742.000000
770.000000
760.000000
728.000000
714.000000
706.000000
798.000000
824.000000
782.000000
706.000000
750.000000
712.000000
672.000000
734.000000
718.000000
724.000000
706.000000
728.000000
754.000000
728.000000
746.000000
808.000000
738.000000
738.000000
710.000000
772.000000
936.000000
836.000000
948.000000
886.000000
746.000000
644.000000
758.000000
664.000000
922.000000
178.000000
450.000000
872.000000
464.000000
762.000000
646.000000
874.000000
860.000000
814.000000
874.000000
772.000000
868.000000
886.000000
890.000000
874.000000
950.000000
832.000000
2240.000000
812.000000
836.000000
882.000000
884.000000
1342.000000
796.000000
698.000000
834.000000
876.000000
860.000000
930.000000
904.000000
956.000000
844.000000
802.000000
886.000000
832.000000
862.000000
850.000000
912.000000
862.000000
876.000000
838.000000
800.000000
868.000000
906.000000
852.000000
856.000000
876.000000
864.000000
960.000000
954.000000
874.000000
832.000000
836.000000
850.000000
838.000000
846.000000
856.000000
860.000000
852.000000
854.000000
902.000000
874.000000
850.000000
950.000000
848.000000
876.000000
876.000000
832.000000
880.000000
870.000000
780.000000
856.000000
856.000000
832.000000
884.000000
892.000000
894.000000
852.000000
832.000000
840.000000
866.000000
838.000000
936.000000
862.000000
1362.000000
458.000000
776.000000
618.000000
1150.000000
-276.000000
778.000000
818.000000
1008.000000
894.000000
1064.000000
868.000000
768.000000
812.000000
892.000000
788.000000
862.000000
902.000000
842.000000
814.000000
860.000000
928.000000
858.000000
936.000000
930.000000
700.000000
774.000000
848.000000
776.000000
1022.000000
1072.000000
956.000000
798.000000
856.000000
834.000000
842.000000
886.000000
918.000000
884.000000
894.000000
838.000000
866.000000
874.000000
954.000000
886.000000
974.000000
864.000000
858.000000
870.000000
836.000000
878.000000
834.000000
894.000000
950.000000
856.000000
996.000000
930.000000
902.000000
848.000000
786.000000
890.000000
870.000000
886.000000
930.000000
954.000000
836.000000
912.000000
910.000000
846.000000
956.000000
944.000000
882.000000
848.000000
916.000000
920.000000
866.000000
788.000000
888.000000
772.000000
896.000000
968.000000
854.000000
798.000000
854.000000
912.000000
958.000000
874.000000
862.000000
846.000000
848.000000
910.000000
938.000000
918.000000
924.000000
898.000000
934.000000
788.000000
780.000000
250.000000
926.000000
1198.000000
944.000000
918.000000
1660.000000
840.000000
926.000000
912.000000
938.000000
978.000000
908.000000
958.000000
804.000000
826.000000
814.000000
938.000000
906.000000
910.000000
838.000000
884.000000
952.000000
930.000000
956.000000
912.000000
902.000000
852.000000
852.000000
940.000000
1022.000000
926.000000
862.000000
894.000000
900.000000
928.000000
836.000000
866.000000
874.000000
892.000000
834.000000
948.000000
964.000000
804.000000
720.000000
852.000000
924.000000
956.000000
926.000000
904.000000
954.000000
930.000000
772.000000
718.000000
694.000000
652.000000
680.000000
766.000000
676.000000
748.000000
752.000000
756.000000
738.000000
688.000000
716.000000
704.000000
730.000000
704.000000
800.000000
810.000000
772.000000
810.000000
778.000000
768.000000
874.000000
784.000000
826.000000
812.000000
782.000000
842.000000
812.000000
810.000000
736.000000
770.000000
880.000000
838.000000
892.000000
860.000000
770.000000
796.000000
796.000000
884.000000
840.000000
952.000000
978.000000
900.000000
832.000000
866.000000
550.000000
706.000000
940.000000
944.000000
866.000000
1286.000000
868.000000
822.000000
856.000000
1088.000000
848.000000
970.000000
754.000000
894.000000
896.000000
850.000000
976.000000
938.000000
720.000000
1152.000000
778.000000
1090.000000
916.000000
926.000000
2772.000000
888.000000
874.000000
634.000000
852.000000
876.000000
850.000000
918.000000
918.000000
954.000000
928.000000
928.000000
914.000000
858.000000
892.000000
954.000000
852.000000
908.000000
934.000000
966.000000
938.000000
862.000000
940.000000
928.000000
958.000000
848.000000
872.000000
782.000000
916.000000
946.000000
1012.000000
864.000000
892.000000
894.000000
900.000000
870.000000
840.000000
822.000000
782.000000
838.000000
920.000000
838.000000
932.000000
872.000000
886.000000
868.000000
832.000000
880.000000
878.000000
868.000000
846.000000
878.000000
882.000000
888.000000
868.000000
882.000000
1514.000000
1210.000000
696.000000
434.000000
746.000000
738.000000
1022.000000
876.000000
960.000000
878.000000
998.000000
996.000000
978.000000
940.000000
660.000000
642.000000
754.000000
936.000000
902.000000
904.000000
852.000000
946.000000
942.000000
928.000000
956.000000
888.000000
956.000000
890.000000
-778.000000
814.000000
760.000000
1374.000000
1162.000000
704.000000
1244.000000
918.000000
898.000000
896.000000
864.000000
856.000000
914.000000
866.000000
872.000000
788.000000
934.000000
1018.000000
946.000000
982.000000
844.000000
950.000000
838.000000
902.000000
930.000000
926.000000
836.000000
872.000000
876.000000
860.000000
884.000000
912.000000
938.000000
888.000000
860.000000
944.000000
958.000000
926.000000
920.000000
898.000000
938.000000
932.000000
894.000000
836.000000
840.000000
926.000000
952.000000
864.000000
942.000000
906.000000
950.000000
948.000000
982.000000
880.000000
832.000000
824.000000
834.000000
1002.000000
952.000000
852.000000
852.000000
846.000000
838.000000
880.000000
876.000000
910.000000
900.000000
954.000000
898.000000
936.000000
882.000000
856.000000
906.000000
868.000000
920.000000
1112.000000
1048.000000
2316.000000
874.000000
974.000000
894.000000
2254.000000
930.000000
932.000000
958.000000
940.000000
1008.000000
970.000000
914.000000
852.000000
824.000000
700.000000
586.000000
932.000000
948.000000
968.000000
876.000000
936.000000
934.000000
1018.000000
774.000000
540.000000
1480.000000
1648.000000
876.000000
924.000000
854.000000
872.000000
876.000000
1106.000000
586.000000
822.000000
878.000000
926.000000
912.000000
1284.000000
866.000000
874.000000
930.000000
920.000000
914.000000
936.000000
900.000000
986.000000
922.000000
908.000000
928.000000
944.000000
920.000000
858.000000
902.000000
914.000000
932.000000
848.000000
950.000000
948.000000
922.000000
942.000000
896.000000
898.000000
896.000000
896.000000
874.000000
852.000000
852.000000
952.000000
940.000000
936.000000
924.000000
848.000000
880.000000
858.000000
862.000000
910.000000
936.000000
860.000000
942.000000
980.000000
928.000000
912.000000
856.000000
838.000000
938.000000
932.000000
910.000000
842.000000
846.000000
864.000000
850.000000
884.000000
950.000000
912.000000
950.000000
926.000000
-972.000000
798.000000
754.000000
904.000000
450.000000
1526.000000
632.000000
1048.000000
950.000000
924.000000
930.000000
918.000000
894.000000
922.000000
826.000000
780.000000
880.000000
844.000000
862.000000
958.000000
956.000000
946.000000
850.000000
960.000000
778.000000
814.000000
1304.000000
578.000000
1008.000000
978.000000
918.000000
910.000000
914.000000
1262.000000
882.000000
876.000000
774.000000
874.000000
902.000000
994.000000
898.000000
872.000000
886.000000
848.000000
854.000000
916.000000
940.000000
876.000000
878.000000
790.000000
946.000000
896.000000
992.000000
914.000000
956.000000
892.000000
880.000000
970.000000
966.000000
868.000000
858.000000
862.000000
832.000000
886.000000
848.000000
888.000000
930.000000
918.000000
916.000000
1010.000000
926.000000
948.000000
880.000000
836.000000
812.000000
864.000000
844.000000
888.000000
906.000000
884.000000
800.000000
886.000000
832.000000
920.000000
954.000000
898.000000
896.000000
832.000000
886.000000
822.000000
856.000000
936.000000
890.000000
870.000000
958.000000
866.000000
852.000000
928.000000
962.000000
1438.000000
880.000000
770.000000
818.000000
-72.000000
1150.000000
1328.000000
990.000000
996.000000
1036.000000
1026.000000
982.000000
952.000000
942.000000
710.000000
764.000000
1002.000000
940.000000
926.000000
944.000000
992.000000
1020.000000
590.000000
854.000000
1416.000000
666.000000
1424.000000
886.000000
836.000000
996.000000
876.000000
746.000000
738.000000
578.000000
840.000000
804.000000
978.000000
946.000000
920.000000
908.000000
836.000000
856.000000
850.000000
896.000000
950.000000
918.000000
936.000000
840.000000
858.000000
952.000000
898.000000
956.000000
908.000000
936.000000
916.000000
958.000000
898.000000
872.000000
1002.000000
924.000000
926.000000
908.000000
916.000000
968.000000
964.000000
844.000000
894.000000
808.000000
836.000000
950.000000
920.000000
928.000000
878.000000
854.000000
832.000000
846.000000
878.000000
846.000000
880.000000
866.000000
890.000000
880.000000
884.000000
892.000000
896.000000
932.000000
892.000000
868.000000
870.000000
838.000000
854.000000
770.000000
904.000000
914.000000
840.000000
922.000000
982.000000
1066.000000
1002.000000
1020.000000
906.000000
944.000000
926.000000
882.000000
770.000000
786.000000
890.000000
908.000000
1008.000000
986.000000
956.000000
906.000000
840.000000
848.000000
846.000000
850.000000
838.000000
864.000000
902.000000
932.000000
896.000000
918.000000
952.000000
932.000000
902.000000
922.000000
916.000000
862.000000
904.000000
936.000000
932.000000
912.000000
918.000000
852.000000
862.000000
932.000000
854.000000
886.000000
840.000000
914.000000
848.000000
892.000000
878.000000
866.000000
914.000000
940.000000
894.000000
866.000000
904.000000
880.000000
886.000000
930.000000
954.000000
860.000000
882.000000
882.000000
924.000000
930.000000
876.000000
866.000000
840.000000
864.000000
868.000000
948.000000
854.000000
866.000000
860.000000
946.000000
866.000000
882.000000
890.000000
864.000000
868.000000
884.000000
882.000000
880.000000
850.000000
890.000000
884.000000
880.000000
908.000000
886.000000
880.000000
884.000000
858.000000
888.000000
906.000000
944.000000
942.000000
886.000000
872.000000
876.000000
876.000000
936.000000
950.000000
954.000000
950.000000
844.000000
886.000000
934.000000
918.000000
880.000000
886.000000
886.000000
852.000000
882.000000
902.000000
838.000000
926.000000
940.000000
838.000000
834.000000
922.000000
888.000000
904.000000
884.000000
864.000000
890.000000
952.000000
948.000000
882.000000
842.000000
888.000000
892.000000
922.000000
940.000000
900.000000
894.000000
930.000000
952.000000
878.000000
836.000000
870.000000
934.000000
890.000000
954.000000
860.000000
872.000000
876.000000
886.000000
854.000000
888.000000
940.000000
872.000000
874.000000
872.000000
868.000000
948.000000
862.000000
888.000000
872.000000
944.000000
928.000000
956.000000
874.000000
880.000000
852.000000
872.000000
832.000000
866.000000
862.000000
888.000000
874.000000
872.000000
872.000000
942.000000
950.000000
882.000000
850.000000
944.000000
886.000000
874.000000
856.000000
888.000000
956.000000
832.000000
860.000000
892.000000
884.000000
944.000000
862.000000
872.000000
888.000000
874.000000
864.000000
886.000000
874.000000
834.000000
928.000000
874.000000
890.000000
872.000000
920.000000
884.000000
954.000000
832.000000
934.000000
876.000000
880.000000
950.000000
864.000000
882.000000
884.000000
890.000000
930.000000
880.000000
950.000000
914.000000
920.000000
880.000000
888.000000
876.000000
856.000000
834.000000
894.000000
878.000000
930.000000
946.000000
872.000000
886.000000
846.000000
846.000000
854.000000
848.000000
864.000000
886.000000
876.000000
838.000000
846.000000
868.000000
868.000000
868.000000
860.000000
832.000000
862.000000
832.000000
870.000000
880.000000
858.000000
850.000000
848.000000
860.000000
870.000000
852.000000
894.000000
860.000000
880.000000
878.000000
842.000000
882.000000
880.000000
874.000000
858.000000
878.000000
874.000000
836.000000
840.000000
948.000000
882.000000
878.000000
906.000000
894.000000
874.000000
940.000000
914.000000
874.000000
868.000000
868.000000
846.000000
874.000000
882.000000
938.000000
846.000000
860.000000
878.000000
890.000000
912.000000
878.000000
938.000000
878.000000
854.000000
884.000000
860.000000
950.000000
916.000000
944.000000
948.000000
866.000000
844.000000
934.000000
950.000000
876.000000
916.000000
950.000000
884.000000
956.000000
924.000000
868.000000
842.000000
870.000000
918.000000
930.000000
936.000000
944.000000
858.000000
880.000000
878.000000
868.000000
914.000000
898.000000
902.000000
950.000000
916.000000
882.000000
940.000000
876.000000
944.000000
936.000000
954.000000
954.000000
868.000000
936.000000
838.000000
886.000000
922.000000
944.000000
956.000000
946.000000
926.000000
892.000000
944.000000
938.000000
914.000000
888.000000
944.000000
852.000000
930.000000
944.000000
914.000000
834.000000
930.000000
834.000000
886.000000
844.000000
950.000000
868.000000
916.000000
836.000000
848.000000
852.000000
880.000000
918.000000
898.000000
874.000000
868.000000
850.000000
860.000000
860.000000
844.000000
864.000000
950.000000
878.000000
850.000000
864.000000
932.000000
860.000000
868.000000
892.000000
952.000000
910.000000
848.000000
846.000000
836.000000
856.000000
860.000000
848.000000
832.000000
846.000000
844.000000
854.000000
880.000000
834.000000
890.000000
870.000000
880.000000
858.000000
774.000000
874.000000
856.000000
842.000000
834.000000
890.000000
852.000000
832.000000
892.000000
786.000000
836.000000
886.000000
868.000000
770.000000
938.000000
792.000000
882.000000
880.000000
844.000000
882.000000
872.000000
856.000000
842.000000
868.000000
924.000000
834.000000
890.000000
886.000000
880.000000
878.000000
876.000000
848.000000
884.000000
882.000000
838.000000
888.000000
864.000000
854.000000
832.000000
848.000000
870.000000
862.000000
886.000000
854.000000
868.000000
854.000000
888.000000
862.000000
856.000000
850.000000
860.000000
880.000000
852.000000
866.000000
874.000000
868.000000
850.000000
836.000000
884.000000
874.000000
870.000000
852.000000
892.000000
862.000000
854.000000
870.000000
832.000000
852.000000
854.000000
860.000000
840.000000
876.000000
874.000000
864.000000
836.000000
866.000000
874.000000
864.000000
894.000000
872.000000
872.000000
850.000000
836.000000
866.000000
854.000000
878.000000
894.000000
852.000000
872.000000
850.000000
892.000000
864.000000
858.000000
856.000000
878.000000
868.000000
866.000000
866.000000
832.000000
844.000000
840.000000
858.000000
852.000000
876.000000
860.000000
854.000000
842.000000
860.000000
848.000000
844.000000
842.000000
852.000000
848.000000
844.000000
868.000000
850.000000
842.000000
856.000000
884.000000
842.000000
864.000000
834.000000
882.000000
856.000000
846.000000
874.000000
890.000000
844.000000
850.000000
874.000000
892.000000
858.000000
844.000000
854.000000
892.000000
894.000000
850.000000
850.000000
888.000000
838.000000
860.000000
886.000000
878.000000
866.000000
858.000000
842.000000
838.000000
880.000000
840.000000
852.000000
882.000000
842.000000
842.000000
866.000000
880.000000
858.000000
850.000000
874.000000
872.000000
850.000000
850.000000
850.000000
888.000000
852.000000
858.000000
878.000000
840.000000
838.000000
866.000000
862.000000
890.000000
852.000000
852.000000
860.000000
846.000000
860.000000
890.000000
844.000000
890.000000
866.000000
858.000000
866.000000
882.000000
852.000000
856.000000
850.000000
874.000000
834.000000
892.000000
872.000000
832.000000
876.000000
854.000000
850.000000
886.000000
868.000000
860.000000
852.000000
882.000000
844.000000
876.000000
850.000000
892.000000
858.000000
862.000000
864.000000
868.000000
846.000000
852.000000
854.000000
870.000000
848.000000
862.000000
880.000000
842.000000
850.000000
892.000000
878.000000
872.000000
852.000000
854.000000
846.000000
892.000000
846.000000
834.000000
836.000000
876.000000
832.000000
864.000000
858.000000
888.000000
848.000000
874.000000
834.000000
888.000000
888.000000
844.000000
842.000000
846.000000
838.000000
864.000000
852.000000
878.000000
850.000000
872.000000
856.000000
878.000000
844.000000
866.000000
850.000000
880.000000
842.000000
860.000000
860.000000
882.000000
844.000000
848.000000
864.000000
894.000000
834.000000
842.000000
848.000000
944.000000
864.000000
852.000000
850.000000
890.000000
856.000000
848.000000
844.000000
878.000000
854.000000
842.000000
836.000000
880.000000
842.000000
858.000000
838.000000
878.000000
848.000000
850.000000
856.000000
884.000000
856.000000
840.000000
854.000000
878.000000
836.000000
834.000000
832.000000
852.000000
854.000000
862.000000
886.000000
882.000000
848.000000
834.000000
846.000000
878.000000
848.000000
836.000000
882.000000
864.000000
834.000000
884.000000
844.000000
860.000000
832.000000
882.000000
840.000000
872.000000
844.000000
888.000000
836.000000
866.000000
888.000000
842.000000
890.000000
864.000000
862.000000
846.000000
832.000000
834.000000
854.000000
854.000000
924.000000
794.000000
890.000000
868.000000
890.000000
858.000000
832.000000
832.000000
842.000000
876.000000
886.000000
874.000000
878.000000
862.000000
888.000000
892.000000
876.000000
850.000000
878.000000
886.000000
832.000000
876.000000
890.000000
876.000000
880.000000
852.000000
836.000000
894.000000
888.000000
856.000000
838.000000
848.000000
868.000000
878.000000
880.000000
848.000000
886.000000
842.000000
836.000000
836.000000
888.000000
856.000000
882.000000
836.000000
890.000000
858.000000
888.000000
890.000000
892.000000
874.000000
836.000000
890.000000
856.000000
884.000000
846.000000
834.000000
882.000000
836.000000
844.000000
892.000000
884.000000
866.000000
838.000000
832.000000
894.000000
870.000000
884.000000
836.000000
882.000000
856.000000
886.000000
910.000000
884.000000
882.000000
864.000000
890.000000
958.000000
882.000000
894.000000
880.000000
842.000000
872.000000
834.000000
852.000000
848.000000
860.000000
838.000000
890.000000
896.000000
868.000000
888.000000
842.000000
840.000000
874.000000
894.000000
956.000000
902.000000
878.000000
840.000000
846.000000
816.000000
870.000000
910.000000
860.000000
886.000000
864.000000
840.000000
834.000000
838.000000
870.000000
878.000000
842.000000
834.000000
NaN
