0.000000
3778.000000
3814.000000
3792.000000
3788.000000
3832.000000
3784.000000
3808.000000
3780.000000
3784.000000
3782.000000
3784.000000
3782.000000
3822.000000
3788.000000
3836.000000
3796.000000
3772.000000
3738.000000
3788.000000
3788.000000
3778.000000
3778.000000
3820.000000
3796.000000
3826.000000
3782.000000
3782.000000
3794.000000
3810.000000
3792.000000
3838.000000
3822.000000
3796.000000
3786.000000
3782.000000
3812.000000
3776.000000
3782.000000
3788.000000
3780.000000
3780.000000
3768.000000
3778.000000
3780.000000
3790.000000
3762.000000
3780.000000
3732.000000
3836.000000
3798.000000
3832.000000
3822.000000
3788.000000
3788.000000
3782.000000
3786.000000
3806.000000
3766.000000
3836.000000
3790.000000
3726.000000
3838.000000
3794.000000
3778.000000
3774.000000
3796.000000
3836.000000
3812.000000
3782.000000
3770.000000
3762.000000
3830.000000
3784.000000
3834.000000
3822.000000
3782.000000
3712.000000
3776.000000
3780.000000
3780.000000
3780.000000
3780.000000
3784.000000
3782.000000
3810.000000
3774.000000
3712.000000
3776.000000
3772.000000
3800.000000
3786.000000
3788.000000
3778.000000
3820.000000
3738.000000
3784.000000
3836.000000
3776.000000
3786.000000
3784.000000
3786.000000
3782.000000
3782.000000
3834.000000
3712.000000
3736.000000
3716.000000
3752.000000
3752.000000
3788.000000
3780.000000
3786.000000
3824.000000
3772.000000
3784.000000
3774.000000
3784.000000
3784.000000
3790.000000
3788.000000
3802.000000
3758.000000
3774.000000
3780.000000
3776.000000
3832.000000
3778.000000
3770.000000
3838.000000
3794.000000
3800.000000
3836.000000
3784.000000
3796.000000
3834.000000
3768.000000
3784.000000
3792.000000
3818.000000
3808.000000
3824.000000
3786.000000
3788.000000
3750.000000
3780.000000
3822.000000
3712.000000
3792.000000
3832.000000
3786.000000
3780.000000
3788.000000
3776.000000
3786.000000
3764.000000
3792.000000
3816.000000
3774.000000
3836.000000
3782.000000
3818.000000
3800.000000
3778.000000
3776.000000
3778.000000
3728.000000
3788.000000
3784.000000
3796.000000
3780.000000
3772.000000
3784.000000
3776.000000
3774.000000
3798.000000
3790.000000
3778.000000
3776.000000
3810.000000
3782.000000
3780.000000
3810.000000
3810.000000
3798.000000
3794.000000
3824.000000
3812.000000
3788.000000
3784.000000
3786.000000
3790.000000
3786.000000
3780.000000
3712.000000
3780.000000
3802.000000
3724.000000
3750.000000
3770.000000
3770.000000
3770.000000
3784.000000
3790.000000
3776.000000
3796.000000
3774.000000
3796.000000
3772.000000
3772.000000
3776.000000
3806.000000
3764.000000
3786.000000
3774.000000
3772.000000
3718.000000
3784.000000
3778.000000
3780.000000
3784.000000
3814.000000
3780.000000
3782.000000
3782.000000
3786.000000
3784.000000
3786.000000
3792.000000
3782.000000
3838.000000
3830.000000
3828.000000
3780.000000
3778.000000
3784.000000
3776.000000
3774.000000
3782.000000
3836.000000
3804.000000
3786.000000
3780.000000
3790.000000
3834.000000
3782.000000
3770.000000
3784.000000
3784.000000
3792.000000
3790.000000
3788.000000
3722.000000
3794.000000
3786.000000
3768.000000
3774.000000
3778.000000
3820.000000
3788.000000
3788.000000
3776.000000
3782.000000
3782.000000
3716.000000
3780.000000
3790.000000
3776.000000
3794.000000
3786.000000
3786.000000
3798.000000
3794.000000
3822.000000
3766.000000
3770.000000
3786.000000
3790.000000
3760.000000
3780.000000
3784.000000
3758.000000
3752.000000
3808.000000
3784.000000
3772.000000
3776.000000
3760.000000
3822.000000
3838.000000
3792.000000
3786.000000
3778.000000
3814.000000
3780.000000
3720.000000
3788.000000
3786.000000
3820.000000
3776.000000
3782.000000
3764.000000
3828.000000
3782.000000
3714.000000
3770.000000
3786.000000
3782.000000
3794.000000
3776.000000
3802.000000
3722.000000
3788.000000
3788.000000
3790.000000
3794.000000
3716.000000
3822.000000
3834.000000
3718.000000
3770.000000
3800.000000
3774.000000
3804.000000
3764.000000
3788.000000
3792.000000
3776.000000
3762.000000
3766.000000
3778.000000
3802.000000
3790.000000
3720.000000
3836.000000
3788.000000
3766.000000
3768.000000
3766.000000
3712.000000
3812.000000
3782.000000
3776.000000
3784.000000
3786.000000
3768.000000
3748.000000
3828.000000
3760.000000
3820.000000
3784.000000
3716.000000
3838.000000
3792.000000
3786.000000
3810.000000
3778.000000
3782.000000
3804.000000
3800.000000
3796.000000
3764.000000
3790.000000
3782.000000
3798.000000
3770.000000
3782.000000
3766.000000
3790.000000
3804.000000
3800.000000
3772.000000
3716.000000
3788.000000
3780.000000
3772.000000
3800.000000
3790.000000
3788.000000
3782.000000
3800.000000
3802.000000
3792.000000
3748.000000
3780.000000
3770.000000
3754.000000
3770.000000
3788.000000
3782.000000
3838.000000
3754.000000
3806.000000
3784.000000
3794.000000
3788.000000
3772.000000
3786.000000
3762.000000
3788.000000
3780.000000
3788.000000
3778.000000
3838.000000
3794.000000
3780.000000
3790.000000
3832.000000
3782.000000
3760.000000
3722.000000
3782.000000
3774.000000
3762.000000
3760.000000
3784.000000
3784.000000
3732.000000
3820.000000
3766.000000
3782.000000
3770.000000
3738.000000
3794.000000
3780.000000
3808.000000
3770.000000
3834.000000
3798.000000
3836.000000
3716.000000
3820.000000
3782.000000
3788.000000
3774.000000
3834.000000
3782.000000
3786.000000
3760.000000
3770.000000
3818.000000
3774.000000
3822.000000
3822.000000
3782.000000
3788.000000
3786.000000
3784.000000
3836.000000
3778.000000
3790.000000
3776.000000
3768.000000
3838.000000
3774.000000
3722.000000
3778.000000
3832.000000
3774.000000
3812.000000
3766.000000
3758.000000
3774.000000
3796.000000
3766.000000
3782.000000
3782.000000
3832.000000
3770.000000
3718.000000
3784.000000
3780.000000
3782.000000
3784.000000
3772.000000
3838.000000
3830.000000
3796.000000
3774.000000
3794.000000
3766.000000
3814.000000
3796.000000
3824.000000
3770.000000
3770.000000
3780.000000
3830.000000
3810.000000
3784.000000
3776.000000
3788.000000
3810.000000
3796.000000
3776.000000
3830.000000
3720.000000
3782.000000
3828.000000
3794.000000
3768.000000
3784.000000
3782.000000
3762.000000
3774.000000
3790.000000
3786.000000
3782.000000
3722.000000
3774.000000
3784.000000
3798.000000
3776.000000
3838.000000
3764.000000
3778.000000
3836.000000
3778.000000
3784.000000
3754.000000
3764.000000
3774.000000
3798.000000
3726.000000
3800.000000
3830.000000
3806.000000
3774.000000
3790.000000
3792.000000
3768.000000
3712.000000
3828.000000
3780.000000
3778.000000
3768.000000
3764.000000
3778.000000
3786.000000
3780.000000
3788.000000
3722.000000
3796.000000
3790.000000
3716.000000
3786.000000
3772.000000
3784.000000
3786.000000
3776.000000
3760.000000
3778.000000
3824.000000
3766.000000
3762.000000
3822.000000
3782.000000
3788.000000
3784.000000
3764.000000
3794.000000
3786.000000
3778.000000
3782.000000
3782.000000
3770.000000
3772.000000
3814.000000
3796.000000
3838.000000
3776.000000
3810.000000
3780.000000
3782.000000
3788.000000
3820.000000
3784.000000
3748.000000
3726.000000
3854.000000
3788.000000
3714.000000
3816.000000
3718.000000
3746.000000
3736.000000
3772.000000
3754.000000
3748.000000
3788.000000
3792.000000
3800.000000
3778.000000
3776.000000
3772.000000
3732.000000
3748.000000
3734.000000
3724.000000
3750.000000
3708.000000
3696.000000
3718.000000
3760.000000
3838.000000
3762.000000
3756.000000
3826.000000
3804.000000
3738.000000
3734.000000
3736.000000
3762.000000
3748.000000
3744.000000
3726.000000
3756.000000
3772.000000
3724.000000
3740.000000
3776.000000
3766.000000
3762.000000
3822.000000
3724.000000
3620.000000
3690.000000
3792.000000
3758.000000
3724.000000
3744.000000
3716.000000
3752.000000
3740.000000
3772.000000
3748.000000
3776.000000
3788.000000
3738.000000
3752.000000
3750.000000
3784.000000
3774.000000
3736.000000
3756.000000
3754.000000
3758.000000
3808.000000
3746.000000
3726.000000
3774.000000
3738.000000
3748.000000
3764.000000
3724.000000
3754.000000
3766.000000
3774.000000
3798.000000
3786.000000
3706.000000
3728.000000
3754.000000
3752.000000
3752.000000
3750.000000
3772.000000
3768.000000
3766.000000
3784.000000
3768.000000
3778.000000
3758.000000
3592.000000
3674.000000
3774.000000
3832.000000
3752.000000
3744.000000
3746.000000
3730.000000
3734.000000
3746.000000
3716.000000
3732.000000
3754.000000
3774.000000
3746.000000
3834.000000
3724.000000
3772.000000
3826.000000
3794.000000
3740.000000
3822.000000
3802.000000
3754.000000
3834.000000
3780.000000
3792.000000
3838.000000
3786.000000
3778.000000
3790.000000
3826.000000
3760.000000
3770.000000
3782.000000
3844.000000
3796.000000
3800.000000
3800.000000
3812.000000
3832.000000
3816.000000
3812.000000
3768.000000
3776.000000
3788.000000
3828.000000
3832.000000
3718.000000
3772.000000
3780.000000
3800.000000
3784.000000
3808.000000
3812.000000
3810.000000
3800.000000
3740.000000
3790.000000
3838.000000
3822.000000
3816.000000
3730.000000
3828.000000
3818.000000
3780.000000
3848.000000
3788.000000
3776.000000
3816.000000
3814.000000
3782.000000
3794.000000
3830.000000
3824.000000
3760.000000
3774.000000
3780.000000
3820.000000
3820.000000
3798.000000
3820.000000
3860.000000
3800.000000
3776.000000
3834.000000
3778.000000
3774.000000
3822.000000
3798.000000
3796.000000
3792.000000
3814.000000
3822.000000
3796.000000
3800.000000
3818.000000
3830.000000
3824.000000
3790.000000
3814.000000
3790.000000
3774.000000
3826.000000
3798.000000
3834.000000
3782.000000
3790.000000
3786.000000
3774.000000
3794.000000
3792.000000
3788.000000
3716.000000
3786.000000
3806.000000
3760.000000
3814.000000
3788.000000
3786.000000
3820.000000
3808.000000
3796.000000
3804.000000
3784.000000
3782.000000
3832.000000
3782.000000
3798.000000
3778.000000
3806.000000
3772.000000
3790.000000
3796.000000
3826.000000
3790.000000
3724.000000
3780.000000
3796.000000
3818.000000
3778.000000
3784.000000
3786.000000
3832.000000
3812.000000
3838.000000
3780.000000
3810.000000
3818.000000
3792.000000
3782.000000
3782.000000
3816.000000
3800.000000
3790.000000
3780.000000
3838.000000
3816.000000
3800.000000
3778.000000
3806.000000
3778.000000
3782.000000
3804.000000
3814.000000
3784.000000
3786.000000
3800.000000
3790.000000
3798.000000
3838.000000
3788.000000
3784.000000
3788.000000
3802.000000
3802.000000
3814.000000
3794.000000
3834.000000
3818.000000
3832.000000
3778.000000
3808.000000
3786.000000
3790.000000
3796.000000
3776.000000
3792.000000
3776.000000
3778.000000
3800.000000
3786.000000
3792.000000
3804.000000
3796.000000
3818.000000
3796.000000
3790.000000
3794.000000
3800.000000
3786.000000
3782.000000
3778.000000
3786.000000
3780.000000
3796.000000
3808.000000
3794.000000
3748.000000
3806.000000
3820.000000
3838.000000
3782.000000
3778.000000
3814.000000
3792.000000
3820.000000
3774.000000
3800.000000
3794.000000
3830.000000
3790.000000
3780.000000
3796.000000
3826.000000
3836.000000
3738.000000
3782.000000
3782.000000
3816.000000
3784.000000
3782.000000
3780.000000
3794.000000
3796.000000
3812.000000
3826.000000
3792.000000
3788.000000
3902.000000
3846.000000
3762.000000
3780.000000
3754.000000
3762.000000
3894.000000
3892.000000
4042.000000
3980.000000
3938.000000
3718.000000
3732.000000
3896.000000
4096.000000
4270.000000
4266.000000
4302.000000
4460.000000
4530.000000
4428.000000
4366.000000
4244.000000
4122.000000
3826.000000
3726.000000
3968.000000
4310.000000
4078.000000
4090.000000
4362.000000
4272.000000
4202.000000
4034.000000
4128.000000
4182.000000
4108.000000
3982.000000
3762.000000
2714.000000
3190.000000
3160.000000
3184.000000
2950.000000
2842.000000
2766.000000
2798.000000
2828.000000
3144.000000
2970.000000
3068.000000
2890.000000
2766.000000
2922.000000
2892.000000
2942.000000
2772.000000
2592.000000
2538.000000
2098.000000
2278.000000
2176.000000
2042.000000
1878.000000
1828.000000
1812.000000
1764.000000
1698.000000
1230.000000
1082.000000
984.000000
826.000000
662.000000
578.000000
450.000000
350.000000
28.000000
-134.000000
-256.000000
-430.000000
-944.000000
-1100.000000
-1148.000000
-1030.000000
-728.000000
-378.000000
-50.000000
288.000000
1034.000000
1376.000000
1538.000000
1852.000000
2144.000000
2228.000000
2262.000000
2304.000000
2576.000000
2640.000000
2586.000000
2614.000000
2916.000000
2720.000000
3314.000000
3402.000000
3732.000000
3940.000000
3878.000000
4072.000000
4162.000000
4566.000000
4570.000000
4544.000000
4864.000000
4354.000000
4480.000000
4588.000000
5058.000000
5400.000000
5622.000000
5636.000000
5464.000000
4810.000000
4668.000000
4978.000000
4516.000000
4140.000000
4148.000000
3690.000000
3500.000000
4270.000000
3306.000000
3102.000000
2738.000000
2506.000000
2508.000000
2364.000000
2162.000000
2094.000000
1946.000000
2340.000000
1584.000000
1554.000000
1456.000000
1346.000000
1380.000000
1394.000000
1430.000000
1322.000000
1118.000000
1004.000000
994.000000
956.000000
658.000000
878.000000
910.000000
888.000000
592.000000
524.000000
418.000000
504.000000
288.000000
30.000000
-192.000000
-554.000000
-530.000000
-428.000000
-344.000000
-588.000000
-580.000000
-484.000000
-426.000000
-10.000000
514.000000
762.000000
930.000000
1232.000000
1702.000000
1944.000000
2134.000000
2464.000000
2682.000000
2860.000000
2860.000000
2968.000000
3172.000000
3298.000000
3662.000000
3436.000000
3724.000000
4090.000000
4186.000000
4268.000000
4304.000000
4372.000000
4258.000000
4646.000000
4454.000000
4386.000000
4374.000000
4322.000000
4276.000000
4324.000000
3752.000000
5574.000000
4638.000000
4266.000000
4074.000000
3706.000000
4196.000000
4216.000000
4154.000000
4214.000000
4136.000000
4242.000000
4376.000000
4942.000000
5444.000000
5268.000000
5038.000000
4162.000000
4332.000000
4112.000000
3730.000000
3638.000000
3920.000000
3630.000000
4074.000000
4182.000000
3768.000000
3740.000000
3320.000000
2980.000000
2630.000000
2556.000000
2414.000000
2304.000000
2096.000000
2062.000000
1894.000000
1752.000000
1464.000000
1408.000000
1158.000000
1034.000000
886.000000
712.000000
680.000000
616.000000
502.000000
302.000000
192.000000
6.000000
-286.000000
-296.000000
-314.000000
-94.000000
98.000000
302.000000
382.000000
552.000000
986.000000
1148.000000
1226.000000
1590.000000
1876.000000
2122.000000
2186.000000
2406.000000
2700.000000
2906.000000
2968.000000
3258.000000
3272.000000
3432.000000
3276.000000
3286.000000
3376.000000
3498.000000
3578.000000
3606.000000
3960.000000
3754.000000
4262.000000
4024.000000
4436.000000
4394.000000
4208.000000
4744.000000
4754.000000
4548.000000
4466.000000
4302.000000
4342.000000
4418.000000
5360.000000
5362.000000
4710.000000
4980.000000
4836.000000
4112.000000
4628.000000
4500.000000
4150.000000
4330.000000
4170.000000
4266.000000
4184.000000
4034.000000
3642.000000
3644.000000
3508.000000
3368.000000
3160.000000
3032.000000
2814.000000
2690.000000
2414.000000
2334.000000
2296.000000
2228.000000
1920.000000
1794.000000
1728.000000
1712.000000
1630.000000
1618.000000
1494.000000
1372.000000
1226.000000
1186.000000
1088.000000
942.000000
850.000000
828.000000
624.000000
406.000000
52.000000
-58.000000
-196.000000
-402.000000
-468.000000
-438.000000
-338.000000
-256.000000
-16.000000
62.000000
50.000000
206.000000
720.000000
1014.000000
1080.000000
1354.000000
1676.000000
1950.000000
2038.000000
2296.000000
2610.000000
2826.000000
2954.000000
3078.000000
3234.000000
3296.000000
3452.000000
3458.000000
3414.000000
3672.000000
3898.000000
3948.000000
4182.000000
4450.000000
4252.000000
4098.000000
4128.000000
4170.000000
4212.000000
4294.000000
4630.000000
4732.000000
4598.000000
5176.000000
5862.000000
6112.000000
6136.000000
5104.000000
3892.000000
4352.000000
4448.000000
4532.000000
4242.000000
3806.000000
3640.000000
3546.000000
3212.000000
3222.000000
3232.000000
3080.000000
2936.000000
3006.000000
2804.000000
2678.000000
2380.000000
2244.000000
2112.000000
1970.000000
1888.000000
1840.000000
1736.000000
1852.000000
1688.000000
1584.000000
1502.000000
1324.000000
1310.000000
1222.000000
1236.000000
1196.000000
902.000000
606.000000
474.000000
188.000000
-216.000000
-326.000000
-374.000000
-476.000000
-258.000000
-230.000000
-162.000000
-4.000000
214.000000
376.000000
598.000000
716.000000
1214.000000
1222.000000
1444.000000
1594.000000
1932.000000
1942.000000
2200.000000
2418.000000
2656.000000
3004.000000
2798.000000
2894.000000
3012.000000
3076.000000
3050.000000
3236.000000
3104.000000
3102.000000
3256.000000
3624.000000
3332.000000
3702.000000
3906.000000
4028.000000
4522.000000
4218.000000
4308.000000
4080.000000
3644.000000
3238.000000
4100.000000
5402.000000
4132.000000
6014.000000
6728.000000
6138.000000
6196.000000
5022.000000
4940.000000
4686.000000
3782.000000
3590.000000
3660.000000
3612.000000
3710.000000
3660.000000
3586.000000
3490.000000
3106.000000
3110.000000
2834.000000
2562.000000
2286.000000
2244.000000
2112.000000
2106.000000
1938.000000
1792.000000
1856.000000
1710.000000
1240.000000
1406.000000
1390.000000
1158.000000
1006.000000
1006.000000
962.000000
972.000000
704.000000
520.000000
308.000000
78.000000
-262.000000
-310.000000
-494.000000
-462.000000
-616.000000
-684.000000
-642.000000
-438.000000
106.000000
324.000000
600.000000
814.000000
1382.000000
1546.000000
1800.000000
2098.000000
2530.000000
2576.000000
2718.000000
2870.000000
3072.000000
3224.000000
3180.000000
3018.000000
3120.000000
3114.000000
3242.000000
3796.000000
3524.000000
3708.000000
3772.000000
4154.000000
4734.000000
4868.000000
4900.000000
4666.000000
4054.000000
3940.000000
3930.000000
3858.000000
3900.000000
4032.000000
4572.000000
4496.000000
4450.000000
4432.000000
4698.000000
4896.000000
4744.000000
4810.000000
4842.000000
4602.000000
4380.000000
4550.000000
4358.000000
4194.000000
4052.000000
3900.000000
3976.000000
3754.000000
3546.000000
3674.000000
3548.000000
3626.000000
3414.000000
3396.000000
3314.000000
3198.000000
2884.000000
2596.000000
2742.000000
2460.000000
2228.000000
2098.000000
1924.000000
1910.000000
1544.000000
1528.000000
1432.000000
1086.000000
674.000000
440.000000
408.000000
244.000000
-22.000000
-128.000000
-302.000000
-574.000000
-888.000000
-1066.000000
-1088.000000
-1166.000000
-1074.000000
-790.000000
-580.000000
-152.000000
490.000000
840.000000
1042.000000
1226.000000
2004.000000
2278.000000
2420.000000
2882.000000
3300.000000
3438.000000
3376.000000
3354.000000
3490.000000
3138.000000
3084.000000
3494.000000
3636.000000
3518.000000
3648.000000
3894.000000
4192.000000
4274.000000
4406.000000
4154.000000
4960.000000
4554.000000
4244.000000
3986.000000
4534.000000
3746.000000
4280.000000
4196.000000
4964.000000
4648.000000
4998.000000
4304.000000
4488.000000
4478.000000
4666.000000
4722.000000
4708.000000
4774.000000
4492.000000
4298.000000
4026.000000
4024.000000
3962.000000
3720.000000
3726.000000
3634.000000
3558.000000
3586.000000
3672.000000
3732.000000
3638.000000
3608.000000
3624.000000
3410.000000
3234.000000
2832.000000
2562.000000
2330.000000
1926.000000
1948.000000
1702.000000
1546.000000
1302.000000
1174.000000
1118.000000
1138.000000
1120.000000
1102.000000
970.000000
754.000000
568.000000
402.000000
250.000000
134.000000
58.000000
-256.000000
-534.000000
-592.000000
-738.000000
-646.000000
-466.000000
-436.000000
-304.000000
-110.000000
238.000000
408.000000
520.000000
748.000000
1202.000000
1420.000000
1654.000000
1744.000000
2082.000000
2310.000000
2422.000000
2462.000000
2646.000000
2918.000000
2902.000000
2910.000000
3088.000000
2900.000000
2904.000000
2778.000000
2624.000000
3066.000000
3266.000000
3204.000000
3814.000000
3978.000000
4154.000000
4586.000000
5106.000000
4950.000000
4806.000000
4290.000000
3094.000000
3670.000000
3560.000000
3972.000000
4516.000000
5004.000000
5174.000000
5310.000000
5160.000000
5116.000000
5296.000000
5086.000000
4414.000000
3992.000000
3822.000000
4330.000000
4112.000000
4012.000000
4164.000000
3630.000000
3448.000000
3476.000000
3512.000000
3490.000000
3640.000000
3522.000000
3402.000000
3206.000000
2880.000000
2758.000000
2520.000000
2246.000000
2214.000000
2178.000000
2194.000000
1998.000000
1716.000000
1536.000000
1396.000000
1334.000000
1156.000000
1098.000000
1060.000000
984.000000
660.000000
574.000000
498.000000
260.000000
8.000000
-190.000000
-210.000000
-250.000000
-94.000000
-82.000000
-106.000000
24.000000
322.000000
576.000000
600.000000
818.000000
1058.000000
1276.000000
1336.000000
1386.000000
1700.000000
1912.000000
2040.000000
2212.000000
2722.000000
2838.000000
3060.000000
3246.000000
3148.000000
3250.000000
3418.000000
3230.000000
3436.000000
3758.000000
3272.000000
3638.000000
4136.000000
4368.000000
4310.000000
4506.000000
5072.000000
5352.000000
5474.000000
5514.000000
5340.000000
4964.000000
4768.000000
4618.000000
4028.000000
3690.000000
4024.000000
3982.000000
3906.000000
3718.000000
3900.000000
3832.000000
3536.000000
3630.000000
3532.000000
3502.000000
3338.000000
3154.000000
3028.000000
2846.000000
2684.000000
2652.000000
2626.000000
2660.000000
2402.000000
2322.000000
2176.000000
2054.000000
1794.000000
1724.000000
1646.000000
1276.000000
990.000000
968.000000
1022.000000
1192.000000
1074.000000
836.000000
670.000000
324.000000
248.000000
240.000000
264.000000
104.000000
-308.000000
-396.000000
-604.000000
-806.000000
-802.000000
-724.000000
-664.000000
-734.000000
-408.000000
-424.000000
-104.000000
218.000000
802.000000
1012.000000
1378.000000
1682.000000
2214.000000
2436.000000
2408.000000
2662.000000
3018.000000
3092.000000
3236.000000
3278.000000
3446.000000
3680.000000
3604.000000
2660.000000
3538.000000
4072.000000
3262.000000
3944.000000
4508.000000
4438.000000
4492.000000
3990.000000
3960.000000
4186.000000
4216.000000
4646.000000
4228.000000
3302.000000
3430.000000
5416.000000
4808.000000
4766.000000
4670.000000
5126.000000
5178.000000
4594.000000
4140.000000
4034.000000
4384.000000
4266.000000
4210.000000
4398.000000
4270.000000
3970.000000
4010.000000
3828.000000
3828.000000
3830.000000
3546.000000
3422.000000
2922.000000
2754.000000
2650.000000
2362.000000
2188.000000
2030.000000
2058.000000
2390.000000
2010.000000
2084.000000
1784.000000
1704.000000
1280.000000
1336.000000
1296.000000
1288.000000
1036.000000
940.000000
858.000000
616.000000
276.000000
-26.000000
-112.000000
-442.000000
-870.000000
-1088.000000
-1198.000000
-1248.000000
-1050.000000
-892.000000
-880.000000
-728.000000
-204.000000
142.000000
288.000000
632.000000
804.000000
840.000000
1094.000000
1280.000000
1718.000000
1884.000000
2254.000000
2596.000000
3042.000000
3116.000000
3350.000000
3434.000000
3526.000000
3560.000000
3590.000000
3546.000000
3950.000000
3878.000000
4128.000000
4320.000000
4252.000000
4324.000000
4164.000000
4316.000000
4880.000000
4696.000000
4550.000000
4110.000000
3786.000000
3852.000000
3752.000000
4210.000000
4666.000000
4484.000000
4400.000000
4104.000000
4474.000000
4444.000000
4704.000000
4712.000000
4476.000000
4752.000000
4850.000000
4696.000000
4674.000000
4128.000000
4192.000000
4186.000000
3776.000000
3768.000000
3880.000000
3680.000000
3850.000000
3760.000000
3862.000000
3540.000000
3460.000000
3312.000000
3158.000000
2914.000000
2298.000000
2090.000000
1938.000000
1846.000000
1690.000000
1638.000000
1756.000000
1568.000000
1150.000000
960.000000
882.000000
794.000000
760.000000
592.000000
462.000000
232.000000
-314.000000
-614.000000
-826.000000
-1030.000000
-1180.000000
-1140.000000
-1156.000000
-1112.000000
-690.000000
-456.000000
-302.000000
226.000000
764.000000
1088.000000
1370.000000
1816.000000
2486.000000
2772.000000
3030.000000
3110.000000
3086.000000
3128.000000
3134.000000
3308.000000
3566.000000
3646.000000
3880.000000
3568.000000
4008.000000
4212.000000
4410.000000
4420.000000
4602.000000
4726.000000
4920.000000
4650.000000
4356.000000
4158.000000
3978.000000
2638.000000
4732.000000
4860.000000
4694.000000
4528.000000
4480.000000
4570.000000
4616.000000
4648.000000
4356.000000
4226.000000
4092.000000
4414.000000
4454.000000
4436.000000
4234.000000
4068.000000
3520.000000
3516.000000
3384.000000
3512.000000
3566.000000
3302.000000
3268.000000
3040.000000
2794.000000
2680.000000
2646.000000
2490.000000
1956.000000
2088.000000
2054.000000
2016.000000
1608.000000
1498.000000
1378.000000
1142.000000
648.000000
478.000000
438.000000
416.000000
260.000000
44.000000
-70.000000
-562.000000
-1080.000000
-1140.000000
-1072.000000
-918.000000
-616.000000
-462.000000
-370.000000
60.000000
470.000000
822.000000
1076.000000
1544.000000
2040.000000
2276.000000
2348.000000
2608.000000
2708.000000
2654.000000
2658.000000
2782.000000
2868.000000
2722.000000
2796.000000
3104.000000
3142.000000
3668.000000
3542.000000
3892.000000
4464.000000
4510.000000
4642.000000
4902.000000
4870.000000
5496.000000
5094.000000
4494.000000
3846.000000
3848.000000
5238.000000
4630.000000
5128.000000
4662.000000
4358.000000
4012.000000
4048.000000
4068.000000
4026.000000
4450.000000
5116.000000
5180.000000
5022.000000
4434.000000
4000.000000
3908.000000
3562.000000
3508.000000
3768.000000
3790.000000
3942.000000
4052.000000
3870.000000
3612.000000
3460.000000
3450.000000
3194.000000
3108.000000
2942.000000
2694.000000
2360.000000
2268.000000
2182.000000
1962.000000
1350.000000
1044.000000
976.000000
788.000000
938.000000
816.000000
796.000000
456.000000
-136.000000
-620.000000
-722.000000
-1080.000000
-1472.000000
-1538.000000
-1476.000000
-1160.000000
-742.000000
-546.000000
-414.000000
-192.000000
334.000000
600.000000
836.000000
1158.000000
1738.000000
1932.000000
2140.000000
2484.000000
2874.000000
2968.000000
2876.000000
2776.000000
2906.000000
3012.000000
2958.000000
3242.000000
3208.000000
3284.000000
3096.000000
3868.000000
4208.000000
4924.000000
4924.000000
4928.000000
4642.000000
4500.000000
4072.000000
4060.000000
3852.000000
4590.000000
4394.000000
5358.000000
4586.000000
4436.000000
4222.000000
3866.000000
4058.000000
4178.000000
4088.000000
4076.000000
3844.000000
3856.000000
3988.000000
3924.000000
3774.000000
3846.000000
3854.000000
4064.000000
4986.000000
5214.000000
5368.000000
5230.000000
4328.000000
4122.000000
4190.000000
4178.000000
3766.000000
3694.000000
3618.000000
3834.000000
3742.000000
3716.000000
3446.000000
3780.000000
3486.000000
3524.000000
3354.000000
3162.000000
2754.000000
2608.000000
2554.000000
2534.000000
2214.000000
2140.000000
1904.000000
1642.000000
1354.000000
1306.000000
1270.000000
1056.000000
832.000000
714.000000
754.000000
378.000000
122.000000
-108.000000
-144.000000
-446.000000
-966.000000
-1172.000000
-1150.000000
-1070.000000
-812.000000
-694.000000
-588.000000
-324.000000
56.000000
356.000000
376.000000
758.000000
1086.000000
1564.000000
1418.000000
2080.000000
2594.000000
2736.000000
2842.000000
2866.000000
3002.000000
3028.000000
3092.000000
3296.000000
3158.000000
3124.000000
3218.000000
3326.000000
4316.000000
4818.000000
5088.000000
5076.000000
5372.000000
4836.000000
4656.000000
3648.000000
3856.000000
4168.000000
4098.000000
4160.000000
4834.000000
4534.000000
4506.000000
4202.000000
4278.000000
4570.000000
4726.000000
4532.000000
4568.000000
4792.000000
4594.000000
4464.000000
4058.000000
4118.000000
4226.000000
4112.000000
3754.000000
3630.000000
3544.000000
3540.000000
3782.000000
3838.000000
4228.000000
3922.000000
3614.000000
3420.000000
3348.000000
3310.000000
3052.000000
2756.000000
2808.000000
2622.000000
2320.000000
2318.000000
2254.000000
2076.000000
1698.000000
1466.000000
1322.000000
1280.000000
1254.000000
1054.000000
670.000000
202.000000
-550.000000
-596.000000
-788.000000
-780.000000
-436.000000
-328.000000
-28.000000
142.000000
396.000000
490.000000
734.000000
992.000000
1352.000000
1406.000000
1588.000000
1694.000000
1990.000000
2274.000000
2244.000000
2668.000000
3090.000000
3326.000000
3334.000000
3626.000000
3344.000000
3388.000000
3284.000000
3398.000000
3568.000000
3990.000000
4332.000000
4776.000000
4378.000000
3986.000000
4026.000000
3876.000000
4200.000000
5186.000000
5886.000000
5630.000000
4142.000000
3774.000000
3740.000000
3984.000000
4386.000000
4336.000000
4106.000000
4420.000000
4844.000000
4820.000000
4906.000000
4454.000000
4290.000000
4420.000000
4102.000000
3948.000000
3822.000000
3842.000000
3650.000000
3766.000000
3896.000000
3658.000000
3688.000000
3984.000000
3588.000000
3392.000000
3346.000000
3140.000000
2744.000000
2586.000000
2656.000000
2358.000000
2374.000000
2344.000000
2064.000000
1958.000000
1454.000000
1278.000000
1110.000000
1148.000000
936.000000
896.000000
688.000000
520.000000
268.000000
58.000000
48.000000
-270.000000
-926.000000
-1186.000000
-1506.000000
-1476.000000
-1188.000000
-1084.000000
-670.000000
-490.000000
-90.000000
-26.000000
320.000000
530.000000
966.000000
1106.000000
1328.000000
1572.000000
2048.000000
2096.000000
2426.000000
2580.000000
2926.000000
2990.000000
3000.000000
3220.000000
3326.000000
3354.000000
3536.000000
3440.000000
3158.000000
3260.000000
3904.000000
4490.000000
4698.000000
4830.000000
4808.000000
5454.000000
3842.000000
4332.000000
4080.000000
3892.000000
4380.000000
4696.000000
4966.000000
4592.000000
4396.000000
4586.000000
4772.000000
5278.000000
5030.000000
4616.000000
4444.000000
4312.000000
4282.000000
4118.000000
3934.000000
3992.000000
3736.000000
3638.000000
3616.000000
3530.000000
3524.000000
3532.000000
3294.000000
3122.000000
3270.000000
3326.000000
3314.000000
3066.000000
2800.000000
2612.000000
2472.000000
2426.000000
1954.000000
1894.000000
1774.000000
1580.000000
1254.000000
1082.000000
910.000000
792.000000
560.000000
480.000000
306.000000
-78.000000
-656.000000
-914.000000
-1196.000000
-1548.000000
-1968.000000
-1750.000000
-1564.000000
-1372.000000
-934.000000
-708.000000
-542.000000
-194.000000
382.000000
578.000000
712.000000
896.000000
1400.000000
1556.000000
1818.000000
2126.000000
2808.000000
2980.000000
3028.000000
3082.000000
3156.000000
3202.000000
3302.000000
3480.000000
3462.000000
3492.000000
3368.000000
3240.000000
4076.000000
4098.000000
4224.000000
4330.000000
4358.000000
4500.000000
4880.000000
4526.000000
4302.000000
3940.000000
4622.000000
5046.000000
4608.000000
4660.000000
4702.000000
4346.000000
4152.000000
4156.000000
4242.000000
4260.000000
4444.000000
4726.000000
4760.000000
4736.000000
4736.000000
4722.000000
4712.000000
4174.000000
3962.000000
3490.000000
3604.000000
3460.000000
3732.000000
3702.000000
3682.000000
3994.000000
4048.000000
3734.000000
3690.000000
3402.000000
3314.000000
3148.000000
3108.000000
2920.000000
2498.000000
2322.000000
2132.000000
1968.000000
1854.000000
1758.000000
1720.000000
1476.000000
1316.000000
1052.000000
1126.000000
850.000000
534.000000
380.000000
140.000000
-258.000000
-1128.000000
-1510.000000
-1744.000000
-1956.000000
-1740.000000
-1582.000000
-1390.000000
-1162.000000
-746.000000
-378.000000
-176.000000
152.000000
958.000000
1038.000000
1264.000000
1540.000000
2046.000000
2298.000000
2620.000000
2862.000000
3134.000000
2952.000000
3000.000000
3330.000000
3422.000000
3368.000000
3380.000000
3876.000000
3564.000000
3324.000000
3532.000000
3816.000000
4164.000000
4464.000000
4626.000000
4942.000000
4182.000000
4370.000000
3958.000000
4010.000000
4188.000000
3606.000000
4348.000000
4466.000000
4350.000000
4168.000000
3936.000000
4250.000000
4320.000000
4346.000000
4702.000000
4612.000000
4584.000000
4414.000000
4310.000000
4400.000000
4018.000000
4240.000000
4202.000000
4168.000000
3782.000000
3696.000000
3648.000000
3448.000000
3608.000000
3762.000000
3804.000000
3876.000000
3706.000000
3576.000000
3534.000000
3490.000000
3266.000000
2966.000000
2784.000000
2612.000000
2230.000000
2132.000000
2142.000000
1968.000000
1562.000000
1238.000000
1318.000000
872.000000
772.000000
752.000000
666.000000
358.000000
-152.000000
-332.000000
-428.000000
-812.000000
-1140.000000
-1200.000000
-1100.000000
-990.000000
-706.000000
-524.000000
-318.000000
-74.000000
432.000000
600.000000
790.000000
982.000000
1368.000000
1490.000000
1652.000000
1812.000000
2206.000000
2456.000000
2522.000000
2868.000000
3106.000000
2996.000000
2982.000000
3260.000000
3306.000000
3586.000000
3434.000000
3456.000000
4174.000000
4180.000000
4156.000000
4244.000000
3996.000000
3942.000000
4050.000000
4350.000000
4414.000000
4106.000000
4292.000000
4310.000000
4288.000000
4232.000000
4394.000000
4152.000000
4434.000000
4162.000000
4174.000000
4066.000000
4116.000000
4238.000000
4164.000000
3960.000000
3890.000000
3856.000000
3890.000000
4040.000000
4034.000000
4060.000000
4004.000000
3936.000000
3946.000000
3950.000000
3840.000000
3872.000000
3930.000000
3994.000000
3876.000000
3818.000000
3846.000000
3870.000000
3918.000000
3952.000000
4022.000000
3954.000000
3960.000000
3982.000000
3926.000000
3870.000000
3776.000000
3866.000000
4024.000000
4014.000000
3936.000000
3858.000000
3808.000000
3910.000000
3922.000000
3924.000000
3888.000000
3668.000000
3600.000000
3586.000000
3894.000000
3908.000000
3988.000000
3900.000000
3730.000000
3704.000000
3740.000000
3774.000000
3906.000000
3984.000000
4054.000000
4152.000000
3988.000000
3870.000000
3734.000000
3730.000000
3690.000000
3878.000000
4004.000000
4006.000000
3970.000000
4082.000000
4034.000000
4052.000000
3864.000000
3924.000000
4008.000000
3924.000000
3866.000000
3780.000000
3754.000000
3732.000000
3730.000000
3744.000000
3826.000000
3878.000000
3866.000000
3876.000000
3926.000000
3918.000000
3876.000000
3796.000000
3780.000000
3796.000000
3848.000000
3880.000000
3726.000000
3766.000000
3846.000000
3822.000000
3792.000000
3856.000000
3842.000000
3830.000000
3732.000000
4010.000000
3894.000000
3680.000000
3730.000000
3776.000000
3802.000000
3844.000000
3782.000000
3822.000000
3882.000000
3888.000000
3866.000000
3850.000000
3786.000000
3830.000000
3888.000000
3902.000000
3800.000000
3862.000000
3880.000000
3860.000000
3860.000000
3862.000000
3874.000000
3838.000000
3836.000000
3900.000000
3868.000000
3874.000000
3850.000000
3826.000000
3844.000000
3878.000000
3902.000000
3856.000000
3888.000000
3864.000000
3828.000000
3870.000000
3846.000000
3880.000000
3862.000000
3844.000000
3862.000000
3872.000000
3850.000000
3866.000000
4022.000000
3876.000000
3856.000000
3872.000000
3856.000000
3880.000000
3812.000000
3902.000000
3884.000000
3882.000000
3778.000000
3882.000000
3902.000000
3890.000000
3870.000000
3830.000000
3862.000000
3864.000000
3866.000000
3850.000000
3886.000000
3870.000000
3876.000000
3846.000000
3888.000000
3902.000000
3802.000000
3862.000000
3954.000000
3932.000000
3836.000000
3828.000000
3838.000000
3856.000000
3888.000000
3870.000000
3818.000000
3892.000000
3886.000000
3868.000000
3856.000000
3860.000000
3832.000000
3824.000000
3866.000000
3854.000000
3814.000000
3826.000000
3862.000000
3896.000000
3862.000000
3798.000000
3828.000000
3832.000000
3842.000000
3886.000000
3864.000000
3848.000000
3884.000000
3852.000000
3892.000000
3830.000000
3866.000000
3810.000000
3858.000000
3858.000000
3846.000000
3858.000000
3848.000000
3860.000000
3842.000000
3852.000000
3842.000000
3872.000000
3864.000000
3870.000000
3842.000000
3870.000000
3860.000000
3848.000000
3814.000000
3864.000000
3866.000000
3854.000000
3850.000000
3874.000000
3874.000000
3854.000000
3830.000000
3866.000000
3872.000000
3790.000000
3860.000000
3876.000000
3890.000000
3888.000000
3870.000000
3852.000000
3840.000000
3886.000000
3852.000000
3890.000000
3846.000000
3852.000000
3854.000000
3898.000000
3866.000000
3844.000000
3872.000000
3862.000000
3842.000000
3852.000000
3854.000000
3860.000000
3784.000000
3844.000000
3838.000000
3822.000000
3858.000000
3804.000000
3854.000000
3838.000000
3794.000000
3884.000000
3870.000000
3852.000000
3848.000000
3868.000000
3888.000000
3822.000000
3834.000000
3802.000000
3854.000000
3846.000000
3842.000000
3780.000000
3858.000000
3864.000000
3876.000000
3812.000000
3888.000000
3902.000000
3850.000000
3894.000000
3846.000000
3856.000000
3858.000000
3868.000000
3834.000000
3840.000000
3834.000000
3854.000000
3854.000000
3852.000000
3852.000000
3868.000000
3874.000000
3842.000000
3832.000000
3854.000000
3842.000000
3852.000000
3868.000000
3860.000000
3848.000000
3854.000000
3848.000000
3836.000000
3776.000000
3828.000000
3872.000000
3862.000000
3822.000000
3864.000000
3804.000000
3858.000000
3896.000000
3830.000000
3850.000000
3876.000000
3862.000000
3852.000000
3834.000000
3850.000000
3842.000000
3852.000000
3848.000000
3820.000000
3860.000000
3826.000000
3854.000000
3846.000000
3848.000000
3874.000000
3864.000000
3780.000000
3812.000000
3830.000000
3898.000000
3894.000000
3852.000000
3862.000000
3864.000000
3852.000000
3848.000000
3886.000000
3860.000000
3850.000000
3850.000000
3850.000000
3802.000000
3860.000000
3852.000000
3846.000000
3808.000000
3886.000000
3850.000000
3848.000000
3846.000000
3860.000000
3852.000000
3850.000000
3854.000000
3816.000000
3824.000000
3818.000000
3850.000000
3862.000000
3848.000000
3860.000000
3860.000000
3824.000000
3858.000000
3886.000000
3844.000000
3900.000000
3886.000000
3850.000000
3856.000000
3854.000000
3834.000000
3794.000000
3840.000000
3882.000000
3850.000000
3848.000000
3872.000000
3866.000000
3808.000000
3858.000000
3846.000000
3776.000000
3894.000000
3846.000000
3808.000000
3858.000000
3856.000000
3862.000000
3854.000000
3856.000000
3854.000000
3854.000000
3826.000000
3856.000000
3872.000000
3800.000000
3834.000000
3894.000000
3840.000000
3846.000000
3852.000000
3844.000000
3858.000000
3866.000000
3798.000000
3848.000000
3844.000000
3852.000000
3824.000000
3846.000000
3852.000000
3802.000000
3902.000000
3842.000000
3864.000000
3840.000000
3870.000000
3892.000000
3836.000000
3842.000000
3888.000000
3858.000000
3864.000000
3822.000000
3798.000000
3866.000000
3880.000000
3834.000000
3862.000000
3856.000000
3826.000000
3842.000000
3852.000000
3850.000000
3842.000000
3848.000000
3838.000000
3854.000000
3864.000000
3848.000000
3898.000000
3840.000000
3836.000000
3850.000000
3856.000000
3832.000000
3830.000000
3842.000000
3850.000000
3802.000000
3822.000000
3854.000000
3852.000000
3902.000000
3848.000000
3824.000000
3848.000000
3852.000000
3856.000000
3828.000000
3790.000000
3790.000000
3828.000000
3856.000000
3842.000000
3830.000000
3864.000000
3884.000000
3890.000000
3890.000000
3812.000000
3828.000000
3856.000000
3848.000000
3856.000000
3878.000000
3782.000000
3852.000000
3854.000000
3842.000000
3852.000000
3830.000000
3848.000000
3854.000000
3840.000000
3850.000000
3892.000000
3846.000000
3854.000000
3856.000000
3840.000000
3876.000000
3872.000000
3852.000000
3856.000000
3862.000000
3804.000000
3776.000000
3834.000000
3854.000000
3892.000000
3868.000000
3790.000000
3826.000000
3878.000000
3870.000000
3868.000000
3830.000000
3896.000000
3850.000000
3864.000000
3898.000000
3824.000000
3838.000000
3790.000000
3832.000000
3864.000000
3870.000000
3800.000000
3804.000000
3830.000000
3846.000000
3868.000000
3820.000000
3860.000000
3778.000000
3862.000000
3816.000000
3814.000000
3868.000000
3850.000000
3848.000000
3848.000000
3792.000000
3848.000000
3886.000000
3860.000000
3828.000000
3848.000000
3854.000000
3870.000000
3890.000000
3850.000000
3838.000000
3788.000000
3832.000000
3808.000000
3844.000000
3856.000000
3842.000000
3868.000000
3866.000000
3788.000000
3792.000000
3812.000000
4002.000000
3724.000000
3686.000000
3714.000000
3962.000000
3902.000000
3736.000000
3684.000000
3782.000000
3944.000000
3858.000000
3802.000000
3736.000000
3888.000000
3954.000000
3878.000000
3786.000000
3824.000000
3860.000000
3870.000000
3894.000000
3824.000000
3892.000000
3826.000000
3850.000000
3820.000000
3826.000000
3848.000000
3898.000000
3854.000000
3854.000000
3884.000000
3852.000000
3820.000000
3796.000000
3874.000000
3892.000000
3790.000000
3792.000000
3876.000000
3864.000000
3794.000000
3774.000000
3796.000000
3894.000000
3796.000000
3806.000000
3842.000000
3852.000000
3846.000000
3810.000000
3782.000000
3830.000000
3870.000000
3866.000000
3834.000000
3822.000000
3832.000000
3814.000000
3794.000000
3856.000000
3872.000000
3874.000000
3778.000000
3852.000000
3840.000000
3828.000000
3850.000000
3848.000000
3802.000000
3818.000000
3844.000000
3862.000000
3856.000000
3796.000000
3874.000000
3824.000000
3836.000000
3800.000000
3804.000000
3864.000000
3848.000000
3824.000000
3792.000000
3842.000000
3876.000000
3846.000000
3820.000000
3820.000000
3840.000000
3820.000000
3802.000000
3796.000000
3854.000000
3808.000000
3854.000000
3890.000000
3856.000000
3864.000000
3878.000000
3832.000000
3846.000000
3776.000000
3838.000000
3844.000000
3862.000000
3784.000000
3874.000000
3830.000000
3898.000000
3854.000000
3892.000000
3816.000000
3854.000000
3856.000000
3942.000000
3868.000000
3618.000000
3772.000000
3844.000000
3904.000000
3836.000000
3788.000000
3848.000000
3850.000000
3854.000000
3826.000000
3850.000000
3822.000000
3854.000000
3786.000000
3784.000000
3838.000000
3830.000000
3752.000000
3768.000000
3830.000000
3820.000000
3866.000000
3788.000000
3850.000000
3844.000000
3840.000000
3848.000000
3804.000000
3856.000000
3872.000000
3900.000000
3802.000000
3788.000000
3814.000000
3784.000000
3868.000000
3866.000000
3792.000000
3806.000000
3790.000000
3828.000000
3822.000000
3806.000000
3784.000000
3862.000000
3800.000000
3882.000000
3858.000000
3816.000000
3820.000000
3818.000000
3870.000000
3800.000000
3832.000000
3876.000000
3870.000000
3840.000000
3788.000000
3864.000000
3882.000000
3818.000000
3862.000000
3810.000000
3800.000000
3858.000000
3890.000000
3836.000000
3788.000000
3850.000000
3842.000000
3860.000000
3840.000000
3842.000000
3846.000000
3830.000000
3804.000000
3846.000000
3900.000000
3872.000000
3824.000000
3866.000000
3860.000000
3838.000000
3810.000000
3778.000000
3844.000000
3820.000000
3834.000000
3792.000000
3840.000000
3858.000000
3816.000000
3824.000000
3838.000000
3834.000000
3922.000000
3824.000000
3788.000000
3812.000000
3854.000000
3850.000000
3820.000000
3848.000000
3860.000000
3876.000000
3828.000000
3780.000000
3782.000000
3790.000000
3846.000000
3830.000000
3856.000000
3846.000000
3804.000000
3778.000000
3832.000000
3814.000000
3796.000000
3802.000000
3822.000000
3846.000000
3838.000000
3896.000000
3824.000000
3812.000000
3784.000000
3788.000000
3862.000000
3844.000000
3846.000000
3798.000000
3892.000000
3884.000000
3848.000000
3846.000000
3890.000000
3900.000000
3852.000000
3828.000000
3854.000000
3744.000000
3618.000000
3816.000000
3900.000000
3858.000000
3870.000000
3862.000000
3818.000000
3842.000000
3852.000000
3776.000000
3812.000000
3830.000000
3880.000000
3862.000000
3850.000000
3830.000000
3852.000000
3844.000000
3848.000000
3824.000000
3874.000000
3862.000000
3888.000000
3902.000000
3838.000000
3830.000000
3782.000000
3820.000000
3824.000000
3852.000000
3830.000000
3850.000000
3848.000000
3846.000000
3834.000000
3826.000000
3858.000000
3846.000000
3840.000000
3850.000000
3822.000000
3832.000000
3852.000000
3850.000000
3882.000000
3898.000000
3858.000000
3846.000000
3822.000000
3784.000000
3794.000000
3864.000000
3894.000000
3870.000000
3856.000000
3878.000000
3810.000000
3828.000000
3850.000000
3852.000000
3890.000000
3854.000000
3818.000000
3776.000000
3804.000000
3860.000000
3796.000000
3842.000000
3840.000000
3812.000000
3854.000000
3778.000000
3860.000000
3872.000000
3794.000000
4138.000000
4604.000000
4718.000000
4742.000000
4790.000000
4800.000000
4802.000000
4556.000000
4014.000000
3842.000000
3972.000000
3906.000000
3718.000000
3832.000000
3892.000000
4138.000000
4082.000000
4114.000000
3992.000000
3772.000000
3278.000000
3138.000000
2872.000000
2610.000000
2134.000000
2140.000000
1872.000000
1748.000000
1554.000000
1484.000000
1314.000000
1204.000000
838.000000
774.000000
664.000000
698.000000
434.000000
170.000000
66.000000
-270.000000
-730.000000
-1098.000000
-1298.000000
-1528.000000
-1372.000000
-1292.000000
-1254.000000
-904.000000
-300.000000
8.000000
592.000000
624.000000
1364.000000
1676.000000
1906.000000
2072.000000
2556.000000
2598.000000
2676.000000
2826.000000
2736.000000
2886.000000
2914.000000
3032.000000
3424.000000
3416.000000
3584.000000
3570.000000
3574.000000
3426.000000
3234.000000
4144.000000
5054.000000
5094.000000
5242.000000
4930.000000
4296.000000
4252.000000
4196.000000
3924.000000
5326.000000
4578.000000
3944.000000
3632.000000
4010.000000
5016.000000
4902.000000
4272.000000
4032.000000
4504.000000
4768.000000
4926.000000
5494.000000
5394.000000
4862.000000
4656.000000
4306.000000
4152.000000
3944.000000
3598.000000
3568.000000
3288.000000
3302.000000
3436.000000
3778.000000
3602.000000
3542.000000
3434.000000
3388.000000
3322.000000
3320.000000
3066.000000
2938.000000
2680.000000
2590.000000
2384.000000
1846.000000
1730.000000
1432.000000
1262.000000
930.000000
904.000000
918.000000
858.000000
438.000000
296.000000
-132.000000
-334.000000
-674.000000
-652.000000
-958.000000
-1164.000000
-1368.000000
-1312.000000
-1126.000000
-1252.000000
-910.000000
-814.000000
-472.000000
-110.000000
454.000000
1020.000000
1006.000000
1246.000000
1712.000000
2016.000000
2106.000000
2394.000000
2940.000000
3010.000000
3082.000000
3094.000000
3220.000000
2980.000000
3394.000000
3930.000000
3542.000000
3446.000000
3438.000000
3504.000000
4444.000000
4588.000000
4266.000000
4656.000000
4492.000000
4358.000000
4296.000000
3746.000000
4018.000000
4180.000000
4162.000000
4356.000000
4566.000000
4490.000000
8180.000000
4512.000000
4142.000000
4028.000000
4028.000000
4102.000000
4312.000000
4504.000000
4572.000000
4376.000000
4720.000000
4678.000000
4798.000000
4638.000000
4252.000000
4066.000000
4128.000000
4034.000000
3774.000000
3758.000000
3998.000000
3570.000000
3592.000000
3772.000000
3668.000000
3844.000000
3636.000000
3540.000000
3426.000000
3316.000000
2936.000000
2734.000000
2604.000000
2294.000000
2382.000000
2156.000000
2116.000000
1974.000000
1644.000000
1232.000000
1096.000000
884.000000
862.000000
732.000000
688.000000
518.000000
276.000000
178.000000
8.000000
6.000000
-334.000000
-402.000000
-698.000000
-888.000000
-1112.000000
-1122.000000
-1166.000000
-1154.000000
-1090.000000
-1062.000000
-836.000000
-450.000000
16.000000
208.000000
638.000000
1422.000000
1176.000000
1516.000000
1536.000000
1870.000000
2376.000000
2642.000000
2712.000000
2808.000000
2842.000000
2626.000000
2576.000000
2944.000000
3392.000000
3622.000000
3376.000000
3058.000000
4150.000000
4404.000000
4498.000000
4510.000000
4748.000000
4588.000000
4710.000000
4610.000000
4464.000000
4198.000000
4142.000000
4058.000000
4230.000000
4112.000000
4352.000000
4572.000000
3360.000000
4022.000000
4076.000000
4000.000000
4146.000000
4198.000000
4000.000000
3810.000000
3788.000000
3796.000000
3940.000000
3884.000000
3856.000000
4110.000000
4260.000000
4468.000000
4512.000000
4664.000000
4532.000000
4626.000000
5048.000000
4950.000000
4888.000000
4296.000000
3662.000000
3952.000000
3840.000000
3754.000000
3898.000000
3722.000000
3712.000000
3782.000000
3738.000000
3730.000000
3698.000000
3584.000000
3368.000000
3146.000000
3100.000000
2888.000000
2460.000000
2254.000000
2148.000000
1918.000000
1460.000000
1488.000000
1334.000000
1124.000000
896.000000
944.000000
742.000000
634.000000
350.000000
278.000000
-40.000000
-368.000000
-1070.000000
-1262.000000
-1394.000000
-1452.000000
-1136.000000
-1008.000000
-728.000000
-418.000000
56.000000
162.000000
530.000000
790.000000
1272.000000
1608.000000
1672.000000
1942.000000
2350.000000
2594.000000
2662.000000
2874.000000
2936.000000
3206.000000
3204.000000
3372.000000
3412.000000
3480.000000
3406.000000
3502.000000
3810.000000
3682.000000
3762.000000
3580.000000
3788.000000
4152.000000
4448.000000
4794.000000
5256.000000
5138.000000
4898.000000
4528.000000
3438.000000
3544.000000
3472.000000
3730.000000
5022.000000
4760.000000
4236.000000
3832.000000
4120.000000
-1720.000000
2938.000000
4666.000000
4612.000000
4770.000000
4618.000000
4834.000000
5074.000000
4806.000000
4306.000000
4298.000000
3792.000000
3542.000000
3472.000000
3498.000000
3464.000000
3542.000000
3522.000000
3554.000000
3426.000000
3354.000000
3208.000000
3240.000000
3156.000000
2938.000000
2900.000000
2578.000000
2242.000000
1932.000000
1860.000000
1726.000000
1216.000000
922.000000
838.000000
724.000000
660.000000
674.000000
608.000000
304.000000
-342.000000
-616.000000
-810.000000
-1162.000000
-1338.000000
-1390.000000
-1216.000000
-1192.000000
-912.000000
-772.000000
-544.000000
-214.000000
554.000000
674.000000
1156.000000
1578.000000
1956.000000
2110.000000
2320.000000
2640.000000
2986.000000
3014.000000
3132.000000
3042.000000
2994.000000
2950.000000
3040.000000
3318.000000
3602.000000
3918.000000
3872.000000
4040.000000
3444.000000
2178.000000
3632.000000
3826.000000
4138.000000
4942.000000
4404.000000
4672.000000
4900.000000
4776.000000
4904.000000
4244.000000
4392.000000
4376.000000
4440.000000
4744.000000
4734.000000
4702.000000
4780.000000
4856.000000
4228.000000
3926.000000
3932.000000
4214.000000
4326.000000
4494.000000
4380.000000
4112.000000
3996.000000
3752.000000
3846.000000
3664.000000
3456.000000
3522.000000
3638.000000
3496.000000
3478.000000
3422.000000
3378.000000
3172.000000
3032.000000
2500.000000
2644.000000
2430.000000
2076.000000
1994.000000
1958.000000
1868.000000
1610.000000
1508.000000
1404.000000
1214.000000
946.000000
846.000000
764.000000
624.000000
312.000000
86.000000
34.000000
-14.000000
-140.000000
-268.000000
-450.000000
-534.000000
-480.000000
-492.000000
-476.000000
-324.000000
-18.000000
134.000000
418.000000
750.000000
1214.000000
1302.000000
1442.000000
1612.000000
1956.000000
1998.000000
2188.000000
2328.000000
2618.000000
2560.000000
2582.000000
2716.000000
2926.000000
2914.000000
3244.000000
3466.000000
3492.000000
3486.000000
3476.000000
3622.000000
3682.000000
3936.000000
4146.000000
4498.000000
4502.000000
4768.000000
4864.000000
4402.000000
4122.000000
4342.000000
3982.000000
4142.000000
5074.000000
4312.000000
4260.000000
3942.000000
3918.000000
4416.000000
4468.000000
4562.000000
4586.000000
4636.000000
4586.000000
4676.000000
4436.000000
4368.000000
4358.000000
3948.000000
3826.000000
3846.000000
3634.000000
3766.000000
3824.000000
3730.000000
3834.000000
3722.000000
3870.000000
3906.000000
4002.000000
3842.000000
3722.000000
3640.000000
3616.000000
3528.000000
3112.000000
2830.000000
2496.000000
2132.000000
2032.000000
1932.000000
1870.000000
1790.000000
1434.000000
1098.000000
984.000000
630.000000
292.000000
134.000000
-30.000000
-366.000000
-880.000000
-1094.000000
-1332.000000
-1498.000000
-1312.000000
-1158.000000
-1138.000000
-928.000000
-460.000000
-228.000000
44.000000
380.000000
1010.000000
1260.000000
1644.000000
1904.000000
2206.000000
2496.000000
2500.000000
2640.000000
2956.000000
3188.000000
3180.000000
3534.000000
4008.000000
3748.000000
4032.000000
3910.000000
3626.000000
3990.000000
4064.000000
4198.000000
4284.000000
4250.000000
4344.000000
4064.000000
4476.000000
4152.000000
4232.000000
4700.000000
5446.000000
5452.000000
5562.000000
5352.000000
4656.000000
4024.000000
4010.000000
4208.000000
3902.000000
3862.000000
3918.000000
3898.000000
3388.000000
3538.000000
3382.000000
3406.000000
3544.000000
3658.000000
3700.000000
3556.000000
3342.000000
3082.000000
3094.000000
3102.000000
2864.000000
2648.000000
2618.000000
2312.000000
1852.000000
1490.000000
1178.000000
1096.000000
1014.000000
858.000000
872.000000
660.000000
462.000000
306.000000
154.000000
-26.000000
-554.000000
-838.000000
-1032.000000
-1518.000000
-1732.000000
-1574.000000
-1532.000000
-1178.000000
-730.000000
-542.000000
-352.000000
16.000000
440.000000
678.000000
878.000000
1398.000000
1782.000000
2034.000000
2300.000000
2378.000000
2650.000000
2810.000000
2982.000000
3148.000000
3466.000000
3492.000000
3380.000000
3212.000000
3088.000000
3460.000000
3508.000000
3836.000000
3832.000000
4080.000000
4200.000000
4046.000000
4530.000000
4248.000000
4208.000000
4790.000000
5130.000000
5174.000000
5100.000000
4924.000000
4224.000000
4098.000000
3992.000000
3740.000000
3768.000000
3706.000000
3768.000000
4014.000000
4270.000000
4142.000000
3656.000000
3790.000000
3502.000000
3774.000000
4008.000000
4410.000000
4084.000000
3974.000000
4028.000000
4322.000000
5106.000000
5260.000000
5086.000000
4524.000000
4078.000000
4002.000000
3960.000000
3842.000000
3592.000000
3602.000000
3614.000000
3948.000000
3580.000000
3346.000000
3270.000000
2962.000000
2490.000000
2256.000000
2222.000000
2108.000000
2326.000000
2236.000000
2346.000000
2184.000000
1744.000000
1350.000000
1088.000000
1236.000000
972.000000
592.000000
558.000000
482.000000
246.000000
-120.000000
-360.000000
-728.000000
-1762.000000
-1998.000000
-2000.000000
-1914.000000
-1206.000000
-934.000000
-790.000000
-424.000000
94.000000
144.000000
314.000000
606.000000
1166.000000
1482.000000
1562.000000
1978.000000
2390.000000
2652.000000
2708.000000
2900.000000
3066.000000
3192.000000
3126.000000
3052.000000
3044.000000
3164.000000
3196.000000
3092.000000
3712.000000
4238.000000
4642.000000
4750.000000
4330.000000
4258.000000
4356.000000
4564.000000
4556.000000
4452.000000
4596.000000
4134.000000
4678.000000
4778.000000
4606.000000
4684.000000
7080.000000
5258.000000
4978.000000
4210.000000
4240.000000
4330.000000
4384.000000
4002.000000
4374.000000
4134.000000
4014.000000
4072.000000
3834.000000
3698.000000
3864.000000
3956.000000
3748.000000
3596.000000
3512.000000
3422.000000
3214.000000
3060.000000
3000.000000
2698.000000
2252.000000
2006.000000
2032.000000
1906.000000
1566.000000
1448.000000
1286.000000
1014.000000
726.000000
608.000000
602.000000
588.000000
204.000000
-188.000000
-334.000000
-730.000000
-1476.000000
-1838.000000
-1888.000000
-2006.000000
-1678.000000
-1396.000000
-1322.000000
-862.000000
-234.000000
62.000000
266.000000
564.000000
1106.000000
1302.000000
1522.000000
1784.000000
2056.000000
2250.000000
2342.000000
2480.000000
2704.000000
2800.000000
2744.000000
2926.000000
2976.000000
3018.000000
3192.000000
3220.000000
3564.000000
4022.000000
3936.000000
3864.000000
3316.000000
3484.000000
3018.000000
3832.000000
4478.000000
4688.000000
4784.000000
5096.000000
4478.000000
4366.000000
4266.000000
3102.000000
3944.000000
4122.000000
4518.000000
4888.000000
5234.000000
5048.000000
5024.000000
5022.000000
4366.000000
4108.000000
4044.000000
4106.000000
4208.000000
4336.000000
4276.000000
4040.000000
3686.000000
3544.000000
3912.000000
3886.000000
3474.000000
3452.000000
3342.000000
3020.000000
2918.000000
2870.000000
2780.000000
2674.000000
2496.000000
2602.000000
2080.000000
1798.000000
1162.000000
1150.000000
844.000000
646.000000
558.000000
548.000000
264.000000
-170.000000
-642.000000
-1050.000000
-1138.000000
-1502.000000
-1882.000000
-1772.000000
-1714.000000
-1444.000000
-962.000000
-628.000000
-466.000000
-188.000000
388.000000
688.000000
900.000000
1098.000000
2226.000000
2086.000000
2206.000000
2480.000000
2822.000000
2992.000000
2954.000000
3050.000000
3134.000000
3090.000000
3276.000000
3404.000000
3682.000000
3512.000000
3516.000000
4162.000000
4316.000000
4278.000000
4178.000000
4686.000000
4984.000000
4860.000000
4646.000000
4284.000000
3530.000000
3520.000000
3958.000000
4308.000000
5402.000000
5138.000000
4624.000000
4126.000000
4042.000000
4370.000000
4672.000000
5074.000000
4928.000000
4778.000000
4624.000000
5260.000000
3814.000000
3852.000000
4184.000000
4140.000000
4238.000000
3998.000000
4024.000000
3824.000000
3950.000000
3546.000000
3662.000000
3688.000000
3332.000000
3302.000000
3472.000000
3346.000000
3296.000000
3250.000000
2886.000000
2540.000000
2278.000000
2252.000000
2048.000000
1858.000000
1430.000000
1256.000000
934.000000
592.000000
310.000000
260.000000
152.000000
-106.000000
-354.000000
-468.000000
-808.000000
-1328.000000
-1776.000000
-1720.000000
-1662.000000
-1378.000000
-1070.000000
-728.000000
-636.000000
-250.000000
402.000000
718.000000
972.000000
1242.000000
1414.000000
1704.000000
1882.000000
2030.000000
2458.000000
2506.000000
2528.000000
2534.000000
2694.000000
3018.000000
3224.000000
3356.000000
3662.000000
3952.000000
4790.000000
4060.000000
3832.000000
3650.000000
3872.000000
3200.000000
4262.000000
4118.000000
4280.000000
4164.000000
4356.000000
5114.000000
4648.000000
4462.000000
4012.000000
3580.000000
3618.000000
4186.000000
4856.000000
4964.000000
4738.000000
4276.000000
4014.000000
3836.000000
3740.000000
3828.000000
3808.000000
4040.000000
4476.000000
5196.000000
5386.000000
5036.000000
5000.000000
4684.000000
3770.000000
3856.000000
3968.000000
3636.000000
3850.000000
3792.000000
3970.000000
3794.000000
3722.000000
3592.000000
3470.000000
3334.000000
2870.000000
2670.000000
2376.000000
2144.000000
1732.000000
1566.000000
1450.000000
1084.000000
794.000000
692.000000
620.000000
510.000000
248.000000
158.000000
98.000000
32.000000
-174.000000
-256.000000
-580.000000
-928.000000
-1274.000000
-1372.000000
-1614.000000
-1632.000000
-1508.000000
-1502.000000
-1368.000000
-1058.000000
-678.000000
-332.000000
-168.000000
182.000000
634.000000
1114.000000
1250.000000
1608.000000
2342.000000
2912.000000
2918.000000
2912.000000
3300.000000
3344.000000
3512.000000
3372.000000
4022.000000
3934.000000
3480.000000
3238.000000
3614.000000
3862.000000
3632.000000
4370.000000
4482.000000
4424.000000
4484.000000
4816.000000
4766.000000
4402.000000
4310.000000
4316.000000
4396.000000
4554.000000
4588.000000
4562.000000
3790.000000
4106.000000
4016.000000
3928.000000
3928.000000
3964.000000
3820.000000
3954.000000
3842.000000
3982.000000
4052.000000
4042.000000
4000.000000
4126.000000
3922.000000
3856.000000
3964.000000
4142.000000
4620.000000
4954.000000
5230.000000
4850.000000
4514.000000
4016.000000
3968.000000
3782.000000
3788.000000
3860.000000
3952.000000
3984.000000
3936.000000
4082.000000
3728.000000
3642.000000
3650.000000
3456.000000
3108.000000
2660.000000
2410.000000
1842.000000
1504.000000
1250.000000
1306.000000
1298.000000
1194.000000
1038.000000
688.000000
494.000000
314.000000
292.000000
136.000000
-58.000000
-712.000000
-966.000000
-1444.000000
-1774.000000
-1862.000000
-1784.000000
-1496.000000
-1220.000000
-708.000000
-300.000000
-206.000000
124.000000
804.000000
1174.000000
1194.000000
1560.000000
2024.000000
2316.000000
2448.000000
2700.000000
2780.000000
2840.000000
2896.000000
3062.000000
3064.000000
3510.000000
3582.000000
3516.000000
3412.000000
4138.000000
4948.000000
4958.000000
3822.000000
3746.000000
4026.000000
4332.000000
4858.000000
5212.000000
5350.000000
4754.000000
4598.000000
3914.000000
3518.000000
3478.000000
4398.000000
5360.000000
4634.000000
4304.000000
4332.000000
4474.000000
4274.000000
3698.000000
3130.000000
3526.000000
4608.000000
4064.000000
4734.000000
4446.000000
4262.000000
4732.000000
4168.000000
4096.000000
4090.000000
4132.000000
4100.000000
4084.000000
4138.000000
4140.000000
3756.000000
3976.000000
4208.000000
3828.000000
3490.000000
3704.000000
3534.000000
3464.000000
3366.000000
3116.000000
3240.000000
3066.000000
2662.000000
2620.000000
2386.000000
1866.000000
1468.000000
1442.000000
1204.000000
1046.000000
508.000000
454.000000
318.000000
-58.000000
-278.000000
-406.000000
-698.000000
-1028.000000
-1184.000000
-1228.000000
-1000.000000
-712.000000
-442.000000
-312.000000
-2.000000
328.000000
744.000000
900.000000
1162.000000
1566.000000
1828.000000
2130.000000
2152.000000
2270.000000
2582.000000
2596.000000
2634.000000
2884.000000
3176.000000
3248.000000
3374.000000
3358.000000
3380.000000
3346.000000
3554.000000
3962.000000
4570.000000
4706.000000
4552.000000
4748.000000
5096.000000
4726.000000
4576.000000
4226.000000
3936.000000
4026.000000
4120.000000
4332.000000
4212.000000
4328.000000
4296.000000
4368.000000
4310.000000
4424.000000
4596.000000
4624.000000
4848.000000
4828.000000
5120.000000
5086.000000
4214.000000
4206.000000
3912.000000
3730.000000
3834.000000
4036.000000
3538.000000
3504.000000
3488.000000
3352.000000
3374.000000
3208.000000
2912.000000
2754.000000
2646.000000
2538.000000
2388.000000
2300.000000
2134.000000
1718.000000
1124.000000
1038.000000
658.000000
558.000000
284.000000
298.000000
234.000000
-38.000000
-538.000000
-726.000000
-1108.000000
-1708.000000
-2234.000000
-2188.000000
-2034.000000
-1800.000000
-1114.000000
-986.000000
-612.000000
-80.000000
620.000000
704.000000
1066.000000
1366.000000
1706.000000
1810.000000
1868.000000
2132.000000
2522.000000
2546.000000
2712.000000
2924.000000
2858.000000
2996.000000
2916.000000
3004.000000
3060.000000
3162.000000
3392.000000
3760.000000
5232.000000
2940.000000
3534.000000
3804.000000
5244.000000
5248.000000
5390.000000
5110.000000
4896.000000
4376.000000
4212.000000
3710.000000
3874.000000
4060.000000
4204.000000
4258.000000
4306.000000
4394.000000
4190.000000
4036.000000
3906.000000
3890.000000
3894.000000
3862.000000
3754.000000
3688.000000
3732.000000
3734.000000
3950.000000
3942.000000
3998.000000
3998.000000
4124.000000
4598.000000
4748.000000
4610.000000
4852.000000
5432.000000
5540.000000
5024.000000
3774.000000
3848.000000
3742.000000
3348.000000
3632.000000
3700.000000
3652.000000
3826.000000
3696.000000
3458.000000
3406.000000
3308.000000
3086.000000
3102.000000
2942.000000
2648.000000
2396.000000
2162.000000
2150.000000
2016.000000
1630.000000
1368.000000
1188.000000
676.000000
482.000000
358.000000
232.000000
38.000000
-42.000000
-132.000000
-30.000000
-64.000000
54.000000
30.000000
-300.000000
-1028.000000
-1522.000000
-1622.000000
-1456.000000
-1246.000000
-862.000000
-766.000000
-368.000000
24.000000
550.000000
744.000000
1076.000000
1532.000000
2032.000000
2102.000000
2308.000000
2772.000000
2992.000000
3228.000000
3174.000000
3206.000000
3196.000000
4118.000000
3994.000000
4244.000000
3146.000000
3212.000000
3198.000000
3770.000000
3764.000000
4170.000000
4176.000000
4318.000000
4454.000000
3988.000000
5950.000000
4734.000000
5454.000000
4338.000000
4142.000000
4812.000000
3804.000000
3202.000000
3958.000000
4644.000000
4532.000000
4280.000000
4212.000000
4216.000000
4102.000000
3744.000000
3570.000000
3272.000000
3492.000000
3960.000000
4190.000000
4546.000000
4830.000000
4860.000000
4834.000000
4806.000000
4324.000000
3976.000000
4088.000000
4212.000000
3996.000000
4156.000000
3892.000000
3658.000000
3472.000000
3788.000000
3564.000000
3844.000000
3314.000000
3114.000000
3064.000000
3136.000000
3270.000000
3156.000000
3104.000000
3016.000000
2686.000000
2388.000000
2094.000000
1928.000000
1662.000000
1322.000000
1330.000000
1130.000000
788.000000
658.000000
422.000000
210.000000
-230.000000
-460.000000
-786.000000
-1310.000000
-1956.000000
-2098.000000
-2046.000000
-1872.000000
-1262.000000
-1100.000000
-786.000000
-300.000000
346.000000
422.000000
724.000000
1140.000000
1558.000000
1670.000000
2104.000000
2318.000000
2710.000000
2800.000000
2880.000000
3006.000000
2892.000000
2966.000000
3034.000000
3080.000000
3234.000000
4026.000000
3934.000000
4080.000000
3280.000000
3576.000000
3664.000000
4248.000000
4768.000000
4638.000000
4544.000000
4364.000000
3090.000000
3578.000000
3554.000000
3532.000000
4492.000000
4208.000000
4168.000000
4314.000000
4506.000000
4162.000000
4122.000000
4338.000000
4094.000000
3974.000000
3890.000000
3948.000000
4152.000000
4114.000000
4006.000000
3722.000000
3796.000000
3944.000000
3966.000000
3966.000000
5078.000000
4698.000000
4474.000000
4458.000000
4352.000000
4690.000000
4762.000000
4770.000000
4388.000000
4396.000000
4254.000000
4072.000000
3458.000000
3628.000000
3484.000000
3840.000000
3280.000000
3204.000000
3156.000000
3244.000000
3056.000000
2948.000000
2814.000000
2654.000000
2060.000000
1816.000000
1734.000000
1414.000000
1104.000000
842.000000
682.000000
380.000000
32.000000
-22.000000
14.000000
-172.000000
-874.000000
-988.000000
-1384.000000
-1720.000000
-1154.000000
-1040.000000
-666.000000
-298.000000
70.000000
284.000000
626.000000
942.000000
1386.000000
1486.000000
1630.000000
1910.000000
2326.000000
2520.000000
2794.000000
2834.000000
3296.000000
3268.000000
3102.000000
3078.000000
3000.000000
4364.000000
4282.000000
4370.000000
3632.000000
3008.000000
2950.000000
3394.000000
3640.000000
3922.000000
3904.000000
3970.000000
3918.000000
3900.000000
4116.000000
7020.000000
4082.000000
3948.000000
3496.000000
3906.000000
4186.000000
3966.000000
4198.000000
4780.000000
4452.000000
4152.000000
4130.000000
4076.000000
3986.000000
4024.000000
4030.000000
3976.000000
3868.000000
3904.000000
3954.000000
3942.000000
3904.000000
3896.000000
3958.000000
3954.000000
3938.000000
3898.000000
3942.000000
3946.000000
3918.000000
3972.000000
3984.000000
3944.000000
3964.000000
3942.000000
3906.000000
3982.000000
3886.000000
3910.000000
3900.000000
3860.000000
3970.000000
4010.000000
4026.000000
4070.000000
4040.000000
3878.000000
3820.000000
3754.000000
3748.000000
3734.000000
3734.000000
3592.000000
3434.000000
3530.000000
3786.000000
4088.000000
4312.000000
4342.000000
4302.000000
3736.000000
3596.000000
3920.000000
3814.000000
3994.000000
3728.000000
3794.000000
3792.000000
3964.000000
3986.000000
3834.000000
3988.000000
3820.000000
3780.000000
3938.000000
3900.000000
3776.000000
3938.000000
3852.000000
3864.000000
3884.000000
3800.000000
3812.000000
3936.000000
3908.000000
3894.000000
3958.000000
3956.000000
3860.000000
3720.000000
3844.000000
3826.000000
3830.000000
3796.000000
3884.000000
3906.000000
3876.000000
3870.000000
3750.000000
3786.000000
3794.000000
3862.000000
3866.000000
3826.000000
3860.000000
3856.000000
3832.000000
3894.000000
3840.000000
3818.000000
3796.000000
3900.000000
3848.000000
3952.000000
3870.000000
3878.000000
3724.000000
3834.000000
3824.000000
3752.000000
3788.000000
3828.000000
3818.000000
3792.000000
3886.000000
3868.000000
3808.000000
3854.000000
3892.000000
3794.000000
3872.000000
3822.000000
3870.000000
3782.000000
3778.000000
3844.000000
3966.000000
3854.000000
3818.000000
3788.000000
3836.000000
3864.000000
3896.000000
3864.000000
3862.000000
3822.000000
3870.000000
3786.000000
3842.000000
3902.000000
3790.000000
3820.000000
3844.000000
3828.000000
3790.000000
3778.000000
3858.000000
3874.000000
3780.000000
3832.000000
3868.000000
3840.000000
3800.000000
3874.000000
3862.000000
3898.000000
3846.000000
3820.000000
3894.000000
3802.000000
3882.000000
3814.000000
3858.000000
3820.000000
3890.000000
3844.000000
3844.000000
3808.000000
3806.000000
3860.000000
3856.000000
3902.000000
3872.000000
3850.000000
3806.000000
3810.000000
3808.000000
3822.000000
3852.000000
3882.000000
3808.000000
3840.000000
3820.000000
3792.000000
3830.000000
3864.000000
3820.000000
3838.000000
3842.000000
3824.000000
3840.000000
3806.000000
3826.000000
3776.000000
3886.000000
3864.000000
3826.000000
3800.000000
3854.000000
3844.000000
3820.000000
3800.000000
3844.000000
3788.000000
3836.000000
3810.000000
3870.000000
3860.000000
3856.000000
3824.000000
3862.000000
3824.000000
3838.000000
3870.000000
3790.000000
3806.000000
3838.000000
3850.000000
3820.000000
3824.000000
3824.000000
3852.000000
3824.000000
3824.000000
3776.000000
3842.000000
3824.000000
3794.000000
3800.000000
3838.000000
3842.000000
3808.000000
3848.000000
3776.000000
3888.000000
3848.000000
3846.000000
3836.000000
3842.000000
3850.000000
3854.000000
3840.000000
3802.000000
3858.000000
3784.000000
3816.000000
3826.000000
3828.000000
3846.000000
3788.000000
3794.000000
3734.000000
3782.000000
3826.000000
3844.000000
3814.000000
3826.000000
3824.000000
3880.000000
3848.000000
3780.000000
3776.000000
3840.000000
3814.000000
3856.000000
3782.000000
3860.000000
3820.000000
3806.000000
3778.000000
3792.000000
3854.000000
3866.000000
3796.000000
3794.000000
3844.000000
3894.000000
3862.000000
3826.000000
3784.000000
3846.000000
3868.000000
3818.000000
3796.000000
3828.000000
3842.000000
3832.000000
3822.000000
3864.000000
3818.000000
3854.000000
3788.000000
3830.000000
3810.000000
3886.000000
3836.000000
3798.000000
3782.000000
3818.000000
3820.000000
3834.000000
3834.000000
3840.000000
3802.000000
3786.000000
3794.000000
3846.000000
3776.000000
3792.000000
3822.000000
3798.000000
3844.000000
3826.000000
3822.000000
3832.000000
3790.000000
3802.000000
3808.000000
3826.000000
3826.000000
3862.000000
3794.000000
3794.000000
3900.000000
3860.000000
3826.000000
3778.000000
3808.000000
3776.000000
3900.000000
3790.000000
3792.000000
3830.000000
3844.000000
3826.000000
3832.000000
3822.000000
3846.000000
3822.000000
3812.000000
3796.000000
3800.000000
3786.000000
3826.000000
3808.000000
3804.000000
3866.000000
3836.000000
3818.000000
3790.000000
3808.000000
3790.000000
3790.000000
3856.000000
3822.000000
3794.000000
3826.000000
3810.000000
3884.000000
3820.000000
3818.000000
3786.000000
3820.000000
3824.000000
3796.000000
3800.000000
3798.000000
3802.000000
3854.000000
3804.000000
3786.000000
3814.000000
3776.000000
3842.000000
3786.000000
3806.000000
3814.000000
3822.000000
3838.000000
3810.000000
3792.000000
3814.000000
3792.000000
3800.000000
3814.000000
3840.000000
3854.000000
3842.000000
3778.000000
3826.000000
3816.000000
3732.000000
3788.000000
3826.000000
3858.000000
3866.000000
3816.000000
3822.000000
3804.000000
3830.000000
3788.000000
3850.000000
3778.000000
3822.000000
3712.000000
3822.000000
3814.000000
3788.000000
3824.000000
3824.000000
3786.000000
3824.000000
3816.000000
3820.000000
3834.000000
3814.000000
3820.000000
3774.000000
3864.000000
3862.000000
3786.000000
3838.000000
3854.000000
3854.000000
3902.000000
3812.000000
3868.000000
3798.000000
3804.000000
3792.000000
3818.000000
3850.000000
3898.000000
3822.000000
3824.000000
3850.000000
3844.000000
3776.000000
3824.000000
3936.000000
3770.000000
3822.000000
3794.000000
3824.000000
3864.000000
3786.000000
3872.000000
3850.000000
3856.000000
3636.000000
3776.000000
3782.000000
3810.000000
3792.000000
3800.000000
3796.000000
3822.000000
3858.000000
3780.000000
3820.000000
3830.000000
3814.000000
3810.000000
3810.000000
3792.000000
3828.000000
3818.000000
3798.000000
3810.000000
3796.000000
3848.000000
3784.000000
3846.000000
3856.000000
3898.000000
3830.000000
3850.000000
3794.000000
3782.000000
3786.000000
3830.000000
3796.000000
3804.000000
3848.000000
3796.000000
3800.000000
3776.000000
3854.000000
3804.000000
3804.000000
3800.000000
3822.000000
3842.000000
3836.000000
3820.000000
3868.000000
3790.000000
3798.000000
3890.000000
3832.000000
3784.000000
3780.000000
3814.000000
3830.000000
3818.000000
3856.000000
3788.000000
3824.000000
3778.000000
3842.000000
3818.000000
3794.000000
3816.000000
3834.000000
3804.000000
3848.000000
3832.000000
3814.000000
3808.000000
3788.000000
3824.000000
3780.000000
3846.000000
3828.000000
3766.000000
3810.000000
3814.000000
3824.000000
3794.000000
3812.000000
3844.000000
3828.000000
3776.000000
3790.000000
3836.000000
3812.000000
3812.000000
3824.000000
3856.000000
3884.000000
3822.000000
3806.000000
3860.000000
3796.000000
3822.000000
3794.000000
3856.000000
3848.000000
3790.000000
3806.000000
3796.000000
3778.000000
3816.000000
3894.000000
3868.000000
3798.000000
3812.000000
3786.000000
3854.000000
3802.000000
3790.000000
3786.000000
3896.000000
3886.000000
3796.000000
3812.000000
3822.000000
3796.000000
3826.000000
3784.000000
3800.000000
3810.000000
3832.000000
3830.000000
3790.000000
3816.000000
3840.000000
3820.000000
3808.000000
3848.000000
3830.000000
3838.000000
3842.000000
3856.000000
3818.000000
3846.000000
3794.000000
3790.000000
3876.000000
3806.000000
3854.000000
3810.000000
3794.000000
3856.000000
3776.000000
3854.000000
3838.000000
3784.000000
3814.000000
3838.000000
3822.000000
3792.000000
3806.000000
3874.000000
3792.000000
3830.000000
3830.000000
3840.000000
3822.000000
3800.000000
3804.000000
3792.000000
3896.000000
3832.000000
3804.000000
3862.000000
3812.000000
3822.000000
3830.000000
3808.000000
3892.000000
3866.000000
3812.000000
3818.000000
3830.000000
3898.000000
3840.000000
3806.000000
3856.000000
3832.000000
3846.000000
3882.000000
3790.000000
3832.000000
3878.000000
3900.000000
3820.000000
3796.000000
3850.000000
3820.000000
3802.000000
3820.000000
3806.000000
3860.000000
3880.000000
3820.000000
3812.000000
3800.000000
3840.000000
3826.000000
3776.000000
3802.000000
3828.000000
3826.000000
3838.000000
3890.000000
3840.000000
3828.000000
3804.000000
3868.000000
3894.000000
3788.000000
3802.000000
3888.000000
3826.000000
3838.000000
3836.000000
3784.000000
3846.000000
3840.000000
3828.000000
3826.000000
3830.000000
3896.000000
3804.000000
3842.000000
3836.000000
3804.000000
3806.000000
3820.000000
3846.000000
3820.000000
3796.000000
3782.000000
3834.000000
3828.000000
3836.000000
3842.000000
3782.000000
3794.000000
3790.000000
3780.000000
3850.000000
3800.000000
3784.000000
3846.000000
3852.000000
3818.000000
3832.000000
3854.000000
3846.000000
3836.000000
3778.000000
3848.000000
3826.000000
3830.000000
3798.000000
3818.000000
3888.000000
3800.000000
3796.000000
3852.000000
3792.000000
3828.000000
3832.000000
3820.000000
3784.000000
3858.000000
3794.000000
3848.000000
3796.000000
3828.000000
3874.000000
3776.000000
3818.000000
3824.000000
3810.000000
3796.000000
3798.000000
3810.000000
3844.000000
3800.000000
3786.000000
3832.000000
3848.000000
3850.000000
3834.000000
3804.000000
3822.000000
3902.000000
3804.000000
3798.000000
3814.000000
3856.000000
3842.000000
3786.000000
3834.000000
3830.000000
3812.000000
3828.000000
3794.000000
3792.000000
3830.000000
3838.000000
3828.000000
3806.000000
3812.000000
3820.000000
3856.000000
3894.000000
3804.000000
3822.000000
3798.000000
3822.000000
3786.000000
3840.000000
3798.000000
3840.000000
3824.000000
3800.000000
3830.000000
3792.000000
3836.000000
3810.000000
3802.000000
3820.000000
3810.000000
3814.000000
3840.000000
3846.000000
3840.000000
3850.000000
3810.000000
3816.000000
3846.000000
3854.000000
3788.000000
3796.000000
3866.000000
3844.000000
3820.000000
3836.000000
3828.000000
3854.000000
3802.000000
3776.000000
3810.000000
3796.000000
3822.000000
3832.000000
3820.000000
3826.000000
3824.000000
3846.000000
3864.000000
3838.000000
3868.000000
3818.000000
3788.000000
3782.000000
3792.000000
3832.000000
3804.000000
3836.000000
3828.000000
3864.000000
3816.000000
3796.000000
3802.000000
3864.000000
3820.000000
3798.000000
3832.000000
3852.000000
3890.000000
3854.000000
3822.000000
3846.000000
3852.000000
3824.000000
3828.000000
3792.000000
3854.000000
3796.000000
3798.000000
3814.000000
3824.000000
3856.000000
3780.000000
3798.000000
3836.000000
3816.000000
3844.000000
3858.000000
3826.000000
3840.000000
3902.000000
3818.000000
3798.000000
3824.000000
3852.000000
3800.000000
3776.000000
3780.000000
3828.000000
3796.000000
3818.000000
3892.000000
3844.000000
3892.000000
3806.000000
3870.000000
3852.000000
3804.000000
3816.000000
3790.000000
3824.000000
3820.000000
3800.000000
3846.000000
3884.000000
3810.000000
3826.000000
3794.000000
3800.000000
3794.000000
3852.000000
3834.000000
3824.000000
3828.000000
3844.000000
3838.000000
3804.000000
3864.000000
3872.000000
3842.000000
3790.000000
3848.000000
3838.000000
3830.000000
3794.000000
3852.000000
3788.000000
3786.000000
3810.000000
3808.000000
3822.000000
3886.000000
3836.000000
3816.000000
3820.000000
3840.000000
3876.000000
3810.000000
3810.000000
3816.000000
3828.000000
3830.000000
3784.000000
3806.000000
3810.000000
3818.000000
3808.000000
3822.000000
3808.000000
3776.000000
3792.000000
3824.000000
3792.000000

