-1.329970
-1.806848
-2.195606
-2.528921
-6.171265
-3.111506
-3.364305
-3.600701
-3.800077
-4.009904
-4.172603
-4.334312
-5.846400
-4.604217
-4.729167
-4.839919
-4.939364
-5.017072
-6.627619
-5.169941
-5.235434
-5.285267
-5.337337
-5.380457
-5.424888
-5.454379
-5.839905
-5.517979
-5.536273
-5.560117
-5.578232
-5.579971
-6.866606
-5.606509
-5.601041
-5.619228
-5.599846
-8.649596
-5.597000
-5.602835
-5.630934
-5.602551
-5.567471
-5.556903
-5.534334
-5.529479
-8.121037
-5.485722
-5.466098
-5.498841
-5.419527
-7.371964
-5.382247
-5.358264
-5.337926
-5.300241
-5.285983
-5.253788
-5.232189
-5.202545
-5.175017
-5.144130
-5.117638
-5.446589
-5.055947
-5.992070
355.019287
-4.962913
-4.933527
-4.891975
-4.858595
-4.836325
-4.790213
-4.763343
-4.722570
-4.692977
-4.649877
-6.125727
-4.579528
-4.929587
-4.521453
-4.484722
-4.451116
-4.414160
-4.380219
-4.341029
-4.295727
-4.270367
-4.230514
-4.180952
-7.125009
-7.407132
-4.067194
-4.075579
-4.306211
-3.953520
-3.897329
-2.481014
-2.418254
-0.628691
-1.349792
-1.813173
-2.198912
-2.539384
-6.204597
-3.124040
-3.365801
-3.610120
-6.011774
-4.010170
-4.172473
-4.331771
-4.474038
-4.604593
-4.717685
-4.833789
-4.929580
-5.016092
-6.264963
-5.163982
-5.234501
-5.282753
-8.708571
-5.379945
-5.425227
-5.627570
-5.502645
-5.534595
-5.547070
-5.570673
-5.592704
-5.591705
-6.105300
-5.611065
-5.611146
-5.617613
-5.604307
-5.608705
-5.604752
-6.302423
-5.594618
-5.569554
-5.570674
-8.513234
-5.543801
-5.526105
-5.547210
-5.497285
-5.477136
-5.459595
-5.436896
-5.415667
-5.394474
-7.428262
-5.340836
-5.310254
-5.288059
-7.041289
-5.232435
-5.192696
-5.165318
-5.133543
-5.111190
-5.094233
-5.050374
-5.017689
355.024841
351.372833
-4.936423
-4.902220
-5.441880
-5.622220
-4.789707
-4.766526
-4.733171
-4.699480
-4.654248
-4.617047
-4.583941
-4.551153
-4.528447
-4.490104
-4.449825
-4.408327
-6.272516
-4.537635
-4.306901
-4.280981
-4.235589
-4.187338
-4.168123
-4.127767
-4.079864
-4.044317
-4.008306
-3.973368
-6.513832
-2.509366
-5.760293
0.091949
-1.329998
-2.207083
-2.171332
-2.516558
-2.826583
-3.104813
-3.348670
-3.592020
-3.792796
-3.994406
-6.378310
-4.332591
-4.472869
-4.599470
-4.715018
-6.056403
-4.932066
-5.015006
-5.097276
-5.164163
-5.231730
-5.286286
-5.333532
-5.381622
-6.159110
-5.449468
-5.489848
-5.523218
-5.533078
-8.179569
-5.579102
-5.583377
-5.643429
-5.609545
-5.612526
-5.623756
-5.599293
-5.603756
-5.951842
-5.607814
-5.590547
-5.588132
-5.572758
-5.556439
-5.534560
-5.527478
-9.257356
-5.493897
-5.468597
-9.596872
-5.429116
-5.415189
-6.853266
-5.364384
-5.336396
-5.299202
-5.291392
-5.264210
-5.241615
-5.212449
-7.635907
-5.148270
-5.118321
-9.289841
-5.065400
-5.031499
352.067657
-4.977243
-4.935740
-5.035245
-4.871969
-4.844029
-7.487714
-4.799816
-8.368280
-4.713959
-4.656844
-5.196644
-4.587342
-4.560169
-4.534731
-4.493560
-4.450590
-4.419467
-4.389555
-4.337976
-5.891430
-4.276384
-4.239004
-4.190166
-4.165767
-5.522259
-4.070063
-4.043361
-3.993163
-3.963820
-3.899187
-2.489620
-2.419122
-0.629743
-2.117792
-1.772629
-2.163341
-2.495671
-2.806509
-8.001854
-3.339375
-3.572083
-3.973987
-3.979073
-4.153970
-9.386077
-4.449251
-4.579710
-5.520656
-4.819572
-4.920175
-5.002845
-5.080198
-5.150556
-5.219382
-5.276220
-9.004783
-5.377062
-5.419091
-10.056233
-5.487249
-5.519198
-7.839191
-5.564757
-5.583878
-5.597126
-5.606699
-5.609316
-5.600194
-5.617424
-7.442986
-5.601192
-5.606583
-9.899653
-5.584885
-5.579075
-9.160554
-5.556924
-5.537838
-5.529186
-5.517014
-5.497484
-8.343924
-5.451480
-5.435482
-5.446785
-5.398627
-6.451654
-5.345098
-5.310555
-5.290982
-5.257817
-5.238104
-5.201794
-5.171520
-5.138980
-6.909975
-5.099533
-5.049677
-5.029327
355.016418
352.926758
-4.935917
-4.894885
-4.879974
-4.844138
-4.793040
-4.781894
-4.736245
-4.701897
-5.499908
-4.623523
-4.592014
-4.554623
-4.526931
-4.486990
-4.445269
-4.408368
-8.163590
-4.325428
-4.277381
-8.223769
-4.226490
-4.176054
-5.321074
-4.116538
-4.074516
-4.039140
-3.999871
-3.968273
-3.909917
-2.499711
-5.087718
-0.605496
-1.309384
-9.824425
-2.145500
-2.488008
-7.508541
-3.075573
-3.326581
-3.703612
-3.775276
-3.969408
-4.141471
-4.304102
-5.803193
-4.581845
-4.705138
-9.779939
-4.926370
-5.000499
-5.085451
-5.155297
-5.225381
-5.277779
-5.326392
-5.375948
-8.775700
-5.454277
-5.479807
-5.561742
-5.531276
-6.891279
-5.575867
-5.581160
-5.600033
-5.606540
-5.600514
-5.617507
-5.606574
-5.610005
-7.591848
-5.608047
-5.604959
-5.580025
-5.581657
-8.280619
-5.544879
-5.527847
-5.576170
-5.507920
-5.476439
-5.456453
-5.425606
-5.405558
-6.257741
-5.362991
-5.324525
-5.312822
-5.287691
-5.252217
-5.233064
-5.204785
-8.800932
-5.144718
-5.107475
-9.205994
-5.053843
-5.031281
353.492432
-4.967598
-4.940070
-4.891305
-4.865822
-4.836024
-4.784202
-4.774558
-7.102741
-4.691611
-4.642131
-8.754558
-4.583858
-4.555470
-7.447943
-4.488164
-4.456109
-4.560599
-4.385499
-4.338925
-4.311212
-4.279977
-5.181159
-4.187236
-4.173950
-4.652428
-4.094364
-4.041551
-3.994359
-3.959011
-3.906147
-2.495992
-2.423131
-0.599540
-6.558726
-1.777150
-2.151866
-2.556118
-2.804125
-5.299865
-3.330495
-3.568920
-3.778910
-3.982037
-4.151532
-4.314525
-4.457734
-4.590222
-7.237052
-4.818202
-4.921154
-4.991135
-5.081868
-8.418648
-5.220952
-5.274333
-5.438787
-5.375117
-5.413986
-5.449872
-5.484542
-5.522408
-6.636993
-5.557371
-5.583311
-5.583743
-5.606150
-5.615238
-5.605829
-5.617988
-9.200237
-5.610316
-5.604130
-9.910574
-5.585629
-5.592032
-7.419504
-5.551944
-5.531616
-5.516625
-5.511932
-5.491487
-5.462820
-5.450620
-7.460168
-5.404753
-5.384037
-9.575278
-5.339907
-5.305787
-8.602668
-5.254225
-5.232845
-5.484004
-5.166411
-5.138366
-5.109619
-5.101186
-5.047122
-5.026554
355.023407
-5.834500
-4.934292
-4.896920
-4.864169
-4.839903
-4.801933
-4.779243
-4.736491
-4.700299
-7.822186
-4.621665
-4.592109
-4.633033
-4.539662
-6.389389
-4.447742
-4.414700
-4.386373
-4.341315
-4.307100
-4.275285
-4.239905
-4.181710
-6.255566
-4.124310
-4.081585
-4.050150
-4.003928
-7.217012
-3.916020
-2.497519
-2.737432
-0.597395
-1.309917
-1.781098
-2.151743
-2.502201
-4.549676
-3.084869
-3.328487
-3.571236
-3.773350
-3.970617
-4.137899
-4.300830
-8.334372
-4.563981
-4.679754
-9.994936
-4.867568
-4.941793
-7.874480
-5.086288
-5.143100
-5.246890
-5.239108
-5.283820
-5.329493
-5.359773
-6.873950
-5.416173
-5.429175
-9.830893
-5.474422
-5.465723
-9.428894
-5.487261
-5.477953
-6.143104
-5.473973
-5.468508
-5.466741
-5.462638
-5.440645
-5.912198
-5.402502
-6.834558
-5.355670
-5.329246
-5.322975
-5.293124
-5.263808
-5.245700
-5.219286
-5.195735
-8.393937
-5.156350
-5.124606
-5.183321
-5.088904
-7.549482
-5.039468
-5.004811
-5.013429
-4.942257
-4.904454
-4.890734
-4.832040
-4.805543
353.071472
-4.743418
-4.695372
-4.661551
-4.627544
-4.587460
-4.535870
-4.491064
-5.088232
-4.394320
-4.348297
-4.323950
-4.279519
-4.250926
-5.772852
-4.189153
-4.161946
-4.135413
-4.118677
-4.077390
-4.055387
-4.030217
-6.223481
-3.960439
-3.942672
-8.019609
-3.868654
-3.833121
-6.844426
-3.745589
-3.705756
-2.503997
-2.241780
-0.529680
-1.222928
-1.692142
-2.077485
-2.418012
-2.732340
-4.397017
-3.286037
-3.523909
-3.732048
-3.944621
-4.117476
-4.296992
-4.441621
-4.577918
-4.708178
-4.817451
-4.923969
-5.858937
-5.091328
-7.902594
-5.226623
-5.281901
-5.360072
-5.376816
-5.424110
-5.463995
-5.496014
-5.532330
-9.321676
-5.569561
-5.590759
-5.788403
-5.608369
-9.220819
-5.616269
-5.627687
-6.015576
-5.616443
-5.608714
-5.620060
-5.597766
-5.607920
-8.297027
-5.569320
-5.553950
-5.542511
-5.529130
-5.507155
-5.489717
-5.465250
-7.928671
-5.410326
-5.374011
-9.564267
-5.290606
-5.252197
-8.199086
-5.184912
-5.152918
-5.256121
-5.098191
-5.059327
-5.021019
-4.999444
-5.873234
-4.926000
355.119965
351.266357
-4.832713
-4.783593
-8.709006
-4.715171
-4.649797
-5.709680
-4.562376
-4.520624
-4.470256
-4.427032
-4.375224
-4.339295
-4.300114
-6.166233
-4.233663
-4.188716
-4.167608
-4.125181
-4.074600
-4.045524
-3.988868
-3.936131
-3.903658
-3.844669
-3.787470
-4.658911
-3.687745
-6.681163
-3.574353
-2.148957
-2.250273
-0.538833
-1.231493
-1.705515
-2.104888
-2.451138
-2.765910
-3.045779
-3.297178
-3.968077
-3.744827
-3.952777
-4.114840
-4.283857
-5.856024
-4.547120
-4.659878
-4.778297
-4.874935
-4.955122
-8.421560
-5.104800
-5.169336
-5.255250
-5.271699
-5.318780
-5.353648
-5.391548
-7.056582
-5.461345
-5.477050
-9.913422
-5.530849
-5.539475
-9.429467
-5.573796
-5.578979
-6.190854
-5.586190
-5.585076
-5.583367
-5.591825
-5.592596
-5.586568
-5.576303
-9.014987
-5.542926
-5.531282
-9.761533
-5.508159
-5.482661
-7.333738
-5.443268
-5.426746
-5.410047
-5.384984
-5.349264
-7.394172
-5.320216
-7.951685
-5.269304
-5.237639
-5.266323
-5.159116
-5.125452
-5.113986
-5.066110
-5.034641
355.026154
-4.948761
-4.919170
-5.912009
-4.812765
-4.768405
-4.702486
-4.667433
-5.099706
-4.579828
-4.525923
-4.483982
-4.444345
-4.421968
-4.390928
-4.338337
-4.299622
-4.607017
-4.211239
-4.138623
-4.050318
-3.994174
-5.703123
-3.871968
-3.843819
-3.782630
-3.717877
-3.687508
-6.586942
-3.594532
-3.533973
-2.260228
-2.041791
-0.538218
-1.248117
-1.704955
-3.822462
-2.445879
-2.764530
-9.798686
-3.300538
-3.537713
-9.787407
-3.947702
-4.121465
-5.708833
-4.429191
-4.554698
-4.676940
-4.781835
-4.881997
-4.964169
-5.040222
-8.361479
-5.171459
-5.225014
-10.001527
-5.321899
-5.365278
-8.295511
-5.445040
-5.489002
-5.506973
-5.538885
-5.561058
-7.912470
-5.596475
-9.105226
-5.615231
-5.624443
-5.930178
-5.631504
-5.632291
-5.634971
-5.619282
-5.624694
-5.606745
-5.586607
-5.573867
-6.826246
-5.545912
-5.529237
-5.496410
-5.483726
-6.519884
-5.442332
-5.408134
-5.382825
-5.336041
-5.295596
-5.277704
-5.235866
-5.213215
-5.638694
-5.128763
-5.097672
-5.042042
-5.015166
-7.450243
-4.909922
355.141205
351.043762
-4.824790
-4.772829
-8.287351
-4.715539
-4.669810
-5.096233
-4.588180
-4.530746
-4.460749
-4.420215
-4.352165
-4.310430
-4.274678
-7.699569
-4.195879
-4.155582
-8.184572
-4.047030
-4.010403
-5.612875
-3.924876
-3.875643
-3.840192
-3.804166
-3.769076
-3.727656
-3.692984
-5.836227
-3.577441
-2.151877
-6.230217
-0.574459
-1.265698
-1.721812
-2.103372
-2.446740
-2.762311
-3.047309
-3.295491
-6.957869
-3.745715
-9.285795
-4.114833
-4.284144
-5.151278
-4.561119
-4.696843
-4.814551
-4.916322
-5.004658
-5.089828
-5.164981
-5.229305
-6.651645
-5.341247
-5.388510
-5.435456
-5.475027
-7.001788
-5.544267
-5.564750
-5.583083
-5.614658
-5.619378
-5.648182
-5.660383
-5.660774
-6.107218
-5.664420
-5.669784
-5.664407
-5.664641
-8.564692
-5.653634
-5.647596
-9.810560
-5.608954
-5.595118
-9.379650
-5.553313
-5.519250
-6.113927
-5.448862
-5.413031
-5.377084
-5.348497
-5.309922
-5.280734
-5.247324
-8.593791
-5.176550
-5.122673
-9.238830
-5.036473
-5.007098
-6.865902
-4.943863
-4.903870
355.135101
-4.836432
-4.775066
-4.707423
-4.649947
-6.652704
-4.548123
-4.519232
-8.610656
-4.434892
-4.387857
-4.342843
-4.304558
-4.275446
-4.250978
-4.206201
-4.172274
-6.259097
-4.104900
-7.714985
-4.035784
-4.022909
-4.519472
-3.931896
-3.894014
-3.838433
-3.797852
-3.729364
-3.684698
-3.636626
-3.591484
-3.223988
-2.088172
-0.545868
-1.247858
-1.726170
-4.442274
-2.439172
-2.753158
-3.031142
-3.279822
-3.514525
-3.726106
-3.928837
-4.104492
-4.750817
-4.417893
-4.553728
-4.682851
-4.792374
-6.417414
-4.978178
-5.069204
-9.882523
-5.204179
-5.263869
-9.582414
-5.365315
-5.407824
-6.178228
-5.484831
-5.519170
-5.542470
-5.564816
-5.593320
-5.590456
-5.619462
-9.093775
-5.618191
-5.627148
-9.968200
-5.613680
-5.611083
-7.653866
-5.587645
-5.554562
-5.546550
-5.520218
-5.490894
-5.470863
-5.456430
-7.331178
-5.402857
-5.362694
-5.395061
-5.283926
-5.255370
-5.226892
-5.202238
-5.167407
-5.159105
-5.132497
-5.110407
-7.069195
-5.017390
-8.745361
-4.907241
-4.889068
-5.318828
-4.802674
355.247406
-4.713939
-4.692312
-4.671865
-4.638786
-4.621720
-4.580457
-5.563226
-4.543469
-4.511540
-4.466049
-4.443861
-5.846692
-4.368200
-4.325522
-4.257140
-4.216369
-4.175322
-4.151229
-4.087635
-4.061834
-4.298603
-3.963597
-3.891161
-3.871147
-3.819179
-5.049771
-3.747320
-3.724484
-7.662157
-3.648201
-2.259272
-5.947717
-0.576331
-1.262652
-2.775437
-2.118808
-2.461302
-2.786073
-3.066406
-3.323925
-3.563859
-3.779197
-8.781283
-4.163314
-4.333977
-10.028552
-4.608056
-4.734942
-7.224809
-4.946863
-5.024558
-5.104847
-5.159151
-5.225885
-5.276369
-5.315073
-7.507043
-5.412138
-5.433790
-5.531644
-5.499209
-5.508467
-5.522870
-5.545627
-5.542011
-5.554127
-5.570555
-5.557440
-7.582678
-5.564992
-5.567781
-5.563026
-5.548125
-5.944809
-5.501143
-5.468652
-5.449102
-5.412893
-5.390956
-5.380738
-5.363858
-5.341747
-6.152750
-5.300176
-5.267944
-5.241286
-5.217712
-6.790229
-5.160904
-5.146838
-5.114561
-5.099697
-5.070203
-5.033113
-4.999562
-4.956623
-5.136798
-4.884618
-4.846988
355.204529
-4.785861
-5.825686
-4.705073
-4.673402
-8.597342
-4.578900
-4.566456
-8.401816
-4.516102
-4.489778
-5.309848
-4.423964
-4.411667
-4.390627
-4.360331
-4.340091
-4.334267
-4.335549
-7.350451
-4.288426
-4.265114
-8.321435
-4.161923
-4.149894
-6.296803
-4.060227
-4.029715
-4.001824
-3.955091
-3.901776
-2.486269
-2.410161
96.391411
-1.298511
-1.757206
-2.306802
-2.477161
-2.792206
-3.073776
-3.314117
-3.550001
-3.751050
-3.953173
-4.123310
-6.430613
-4.429846
-4.553233
-4.676445
-4.792654
-5.544146
-4.978871
-5.063709
-5.131189
-5.200596
-5.255744
-5.307709
-5.349311
-5.384568
-6.131012
-5.441055
-5.469972
-5.478706
-5.495081
-7.405925
-5.516471
-5.538735
-5.554518
-5.529501
-5.541941
-9.024647
-5.516268
-5.513644
-5.652948
-5.506133
-5.484819
-5.472490
-5.450885
-6.387473
-5.405136
-5.386509
-9.352545
-5.331966
-5.310608
-9.279655
-5.262807
-5.238390
-6.202257
-5.159931
-5.138829
-5.116608
-5.080082
-5.052268
-5.020725
-4.996367
-7.909619
-4.961568
-4.968721
-9.116372
-4.924211
355.109589
352.745514
-4.875115
-4.854805
-4.851752
-4.815096
-4.793587
-7.313477
-4.740056
-7.815672
-4.690352
-4.650843
-4.771866
-4.562860
-4.532449
-4.476786
-4.470575
-4.406804
-4.386181
-4.347715
-4.313704
-5.823832
-4.225234
-4.182188
-4.154313
-4.109441
-4.826021
-4.007215
-3.944751
-3.903004
-3.836838
-2.412220
-2.328188
-0.523342
-1.215633
-2.679405
-2.080928
-2.429787
-2.741485
-3.032194
-6.877324
-3.530555
-3.737649
-3.978752
-4.124293
-4.300721
-8.994400
-4.567781
-4.687260
-5.185174
-4.895483
-4.976176
-5.061178
-5.127744
-5.190399
-5.245797
-5.287483
-9.395857
-5.370626
-5.403626
-9.925961
-5.462011
-5.472646
-7.101756
-5.515417
-5.520753
-5.540904
-5.540622
-5.522985
-5.531344
-5.518991
-8.014355
-5.521348
-5.526009
-9.840967
-5.503363
-5.495133
-8.505728
-5.464502
-5.444621
-5.428037
-5.416170
-5.400392
-8.141796
-5.397178
-8.958473
-5.387493
-5.348852
-5.747615
-5.296798
-5.281502
-5.253009
-5.234334
-5.203610
-5.173569
-5.149540
-5.127870
-6.741361
-5.062039
-5.029136
355.028198
-4.957982
-6.096872
-4.870870
-4.839553
-4.801218
-4.740748
-4.719603
-4.676890
-4.633172
-4.569158
-5.217586
-4.490299
-4.455913
-4.422948
-4.377338
-6.930782
-4.285541
-4.262568
-4.253595
-4.132875
-4.100029
-7.598323
-3.978799
-3.981591
-4.448765
-3.888735
-3.835423
-3.771346
-3.689950
-3.585589
-2.165875
-2.074402
58.781116
-1.256245
-1.710501
-10.061402
-2.441276
-2.757298
-5.870056
-3.289569
-3.529463
-3.737048
-3.950140
-4.117162
-4.277287
-4.428528
-7.394452
-4.681929
-4.800068
-10.004506
-4.978741
-5.059679
-8.735529
-5.195195
-5.248752
-5.300688
-5.355083
-5.393214
-8.198088
-5.465515
-9.453710
-5.524361
-5.541934
-6.137789
-5.579252
-5.609671
-5.612612
-5.610832
-5.621297
-5.606325
-5.603548
-5.599233
-7.080758
-5.596312
-5.594211
-5.574151
-5.565926
-6.886677
-5.531344
-5.514214
-5.484110
-5.446898
-5.419603
-5.391181
-5.372323
-5.350255
-5.881853
-5.301685
-5.266021
-5.240057
-5.195922
-7.923666
-5.129285
-5.110609
-9.176619
-5.035376
-5.013828
-8.638873
-4.922694
355.132202
-5.410686
-4.826703
-4.795027
-4.753533
-4.731222
-4.660931
-4.619185
-4.543251
-7.832228
-4.422459
-4.372294
-8.364532
-4.291839
-4.246770
-6.022717
-4.153409
-4.103666
-4.074205
-4.040685
-4.003238
-3.983546
-3.948516
-6.030151
-3.916192
-3.898416
-7.961242
-3.839862
-3.806010
-3.767322
-3.724737
-2.310273
-2.264261
-0.539284
-1.242927
-5.459238
-2.107470
-9.350504
-2.765377
-3.056926
-4.246130
-3.554591
-3.766957
-3.980446
-4.152884
-4.325569
-4.477200
-4.610982
-4.735837
-6.346420
-4.957839
-5.046783
-5.128184
-5.206605
-6.957080
-5.334972
-5.397466
-5.440193
-5.490468
-5.531285
-5.567428
-5.592061
-5.607460
-6.103632
-5.641700
-5.632514
-5.626654
-5.621314
-6.865391
-5.626724
-5.599560
-9.786899
-5.582322
-5.595670
-9.524361
-5.563045
-5.528252
-6.312957
-5.479126
-5.448460
-5.419438
-5.382955
-5.341659
-5.334432
-5.301412
-8.452622
-5.248048
-5.224092
-9.384841
-5.143980
-5.101704
-7.181540
-5.022898
-4.983228
-4.956465
-4.910947
-4.884237
-4.867266
-4.824485
-6.635118
355.235474
-4.759210
-4.806922
-4.694774
-4.684931
-4.661089
-4.621589
-4.613871
-4.585038
-4.542030
-4.495460
-6.456131
-4.427693
-8.169323
-4.387527
-4.349689
-4.781294
-4.278567
-4.264112
-4.213495
-4.178679
-4.184422
-4.145041
-4.115963
-4.106747
-4.971663
-4.090710
-4.040260
-4.002528
-3.970227
-5.255137
-2.495746
-2.432028
-0.610167
-1.293852
-1.753491
-2.152767
-2.501258
-2.810231
-3.453139
-3.347899
-3.590668
-3.801805
-4.000984
-5.986619
-4.325644
-4.477241
-9.899516
-4.720879
-4.833215
-9.467820
-5.010327
-5.084600
-5.843637
-5.198913
-5.247576
-5.294565
-5.339910
-5.382447
-5.423789
-5.453443
-9.211216
-5.485060
-5.494236
-9.943885
-5.508181
-5.520977
-7.315255
-5.522695
-5.536538
-5.520767
-5.521029
-5.502073
-5.501802
-5.491161
-7.894688
-5.450019
-5.415184
-5.414498
-5.367740
-5.356968
-5.337521
-5.304502
-5.291189
-5.263156
-5.242139
-5.226943
-6.655112
-5.182184
-8.606325
-5.118493
-5.082541
-5.267433
-5.017870
-4.976641
-4.933228
-4.905711
-4.888835
-4.847094
-4.814436
355.220978
-5.294313
-4.742951
-4.716876
-4.699439
-4.697358
-5.542968
-4.686052
-4.669363
-4.662378
-4.626613
-4.600710
-7.635929
-4.520526
-4.512369
-4.574484
-4.473307
-4.442533
-4.422832
-4.383628
-6.318693
-4.332030
-4.281425
-8.335176
-4.224288
-4.180837
-7.279692
-4.106991
-4.083376
-4.255325
-3.970139
-2.547591
-2.467886
-0.624197
-3.610830
-1.775757
-2.157193
-9.812784
-2.802916
-3.080088
-9.896910
-3.556401
-3.760571
-5.504084
-4.127332
-4.284021
-4.425318
-4.552243
-4.678057
-4.792111
-4.890545
-6.991588
-5.042207
-5.112138
-5.177763
-5.231882
-5.282798
-5.332722
-5.386229
-5.418665
-5.451756
-5.480131
-5.482456
-6.606059
-5.508505
-8.726418
-5.514577
-5.508780
-5.573938
-5.502254
-5.486152
-5.478880
-5.474261
-5.473820
-5.457878
-5.448551
-5.423279
-5.673891
-5.387949
-5.376032
-5.363294
-5.341844
-5.907601
-5.302186
-5.273135
-5.253628
-5.235467
-5.220868
-7.934491
-5.194086
-5.175443
-5.185090
-5.149366
-5.142071
-5.134036
-5.138243
-7.523627
-5.109423
-5.092652
-9.251300
354.967926
-4.996067
-7.766908
-4.928516
-4.916611
-4.992886
-4.843160
-4.825115
-4.785873
-4.760541
-5.856074
-4.691264
-4.662051
-8.658610
-4.596230
-4.555005
-8.253503
-4.453584
-4.419540
-5.115285
-4.335807
-4.292278
-4.245021
-4.202972
-4.191435
-4.155805
-4.124642
-5.373028
-4.049430
-3.999043
-3.946452
-2.536963
-2.466527
-0.618159
-1.322047
-1.775265
-2.157590
-2.494401
-2.805826
-4.211174
-3.347584
-7.841832
-3.792625
-4.001052
-4.199562
-4.338922
-4.481844
-4.611454
-4.739917
-4.851281
-9.050547
-5.040377
-5.119375
-5.332532
-5.254533
-9.334493
-5.361903
-5.407932
-5.928716
-5.495054
-5.527700
-5.558882
-5.568985
-5.594244
-8.117126
-5.621733
-5.638091
-5.652716
-5.635622
-5.655499
-5.638826
-5.643535
-8.239686
-5.636009
-5.632464
-9.944331
-5.607175
-5.594394
-8.441160
-5.560530
-5.550817
-5.629702
-5.499634
-5.489914
-5.462966
-5.439081
-6.509352
-5.392934
-5.358307
-9.347033
-5.309533
-5.279346
-9.148647
-5.222394
-5.192762
-6.005089
-5.139426
-5.124695
-5.086710
-5.054790
354.989532
-4.994742
-4.965315
-6.423398
-4.899904
-4.873057
-4.822861
-4.806920
-4.758538
-4.724191
-4.678591
-4.646991
-4.600524
-4.575305
-4.555863
-4.962931
-4.478191
-6.921919
-4.413420
-4.372010
-4.376323
-4.304319
-4.259842
-4.214112
-4.194768
-4.158031
-7.187963
-4.073946
-4.021700
-4.057523
-3.936599
-2.521244
-2.445804
-0.628022
-2.309624
-1.785224
-2.158068
-2.501053
-2.813769
-3.093598
-6.567254
-3.588243
-3.799141
-4.002842
-4.171291
-4.344864
-4.486503
-4.615569
-7.555783
-4.850659
-4.950572
-10.060255
-5.113881
-5.184860
-8.774599
-5.306148
-5.362414
-5.609785
-5.449859
-5.487235
-5.524002
-5.554589
-6.484657
-5.594580
-5.615795
-9.775557
-5.642442
-5.647839
-9.812931
-5.649844
-5.639608
-6.678100
-5.629347
-5.634363
-5.626904
-5.614647
-5.598828
-6.553749
-5.572891
-7.263630
-5.549519
-5.530890
-5.507052
-5.494134
-5.466894
-5.443671
-5.423379
-5.397292
-5.366094
-5.346413
-5.324109
-5.540546
-5.261272
-7.831362
-5.204141
-5.169006
-5.198302
-5.131267
-5.086929
-5.057454
354.980499
-5.005110
-7.603093
-4.934486
-4.898211
-4.879368
-4.825962
-4.806619
-4.759331
-4.730475
-5.310124
-4.653671
-4.611220
-4.579799
-4.557352
-4.508805
-6.067986
-4.433339
-4.414595
-4.362933
-4.337760
-4.300918
-4.264569
-4.209700
-6.523993
-4.149807
-4.098148
-8.181076
-4.035975
-3.989358
-6.823820
-2.523057
-2.455878
7.902858
-1.328318
-1.778639
-2.164666
-2.503417
-4.593539
-3.099321
-3.350522
-9.869483
-3.809796
-4.004782
-9.671281
-4.346477
-4.494214
-5.694981
-4.749746
-4.860365
-4.963311
-5.054789
-5.125565
-5.817916
-5.268067
-6.922274
-5.368393
-5.414508
-5.458471
-5.496569
-5.531284
-5.562489
-5.582401
-5.598808
-9.024048
-5.625694
-5.643681
-5.736788
-5.642159
-8.174429
-5.650964
-5.649146
-5.665725
-5.648118
-5.621953
-5.629591
-5.608473
-5.594572
-7.747425
-5.554478
-5.550496
-5.531061
-5.507755
-5.495091
-5.467645
-5.447209
-5.954180
-5.400625
-5.371203
-9.470932
-5.324628
-5.291272
-6.754925
-5.238076
-5.206450
-5.168924
-5.145546
-5.125529
-5.086273
-5.052044
-7.399428
-4.986313
-4.968143
-9.083566
-4.895547
-4.871473
-7.772929
-4.814597
-4.767185
-4.870575
-4.694983
-4.657578
-4.627107
-4.593350
-5.562838
-4.533667
-4.491735
-8.345992
-4.422573
-4.374524
-8.223380
-4.319564
-4.267854
-4.219884
-4.197343
-4.156651
-4.110299
-4.076952
-4.041671
-4.323238
-3.949584
-4.146917
-2.459731
-0.654878
-1.336814
-1.787136
-2.174843
-2.517350
-2.819964
-3.100278
-8.070571
-3.593318
-3.802208
-4.058740
-4.178436
-8.015121
-4.490478
-4.620780
-4.848699
-4.863869
-4.962931
-5.048378
-5.130970
-5.199586
-7.404715
-5.319813
-5.372363
-5.425109
-5.461463
-5.500920
-5.534861
-5.565058
-9.219842
-5.611205
-5.624887
-10.060245
-5.648924
-5.654785
-7.688241
-5.664779
-5.652135
-5.659368
-5.652365
-5.652313
-5.650209
-5.647911
-7.567897
-5.603000
-5.590956
-9.817533
-5.561745
-5.543410
-8.890728
-5.500016
-5.470999
-5.774225
-5.426015
-5.410679
-5.380260
-5.344500
-5.993782
-5.305260
-5.273116
-8.978561
-5.215671
-5.184155
-5.155736
-5.141607
-5.096354
-5.074366
354.975464
-4.998089
-4.971885
-4.929199
-4.903388
-5.191754
-4.829049
-6.827413
-4.766052
-4.733111
-4.691514
-4.657509
-4.620823
-4.596437
-4.565480
-4.525881
-7.275583
-4.448284
-4.428160
-4.406981
-4.340424
-7.208837
-4.267396
-4.218948
-4.332021
-4.160053
-4.128106
-4.079616
-4.044711
-4.001502
-5.620845
-2.537974
-2.467029
-0.655588
-1.334369
-1.796398
-2.169556
-2.516831
-8.808681
-3.116369
-3.360234
-10.179253
-3.812521
-4.017964
-6.844716
-4.356606
-4.497117
-4.628461
-4.754111
-4.867591
-4.968102
-5.047962
-7.515738
-5.203728
-5.267489
-10.096810
-5.381282
-5.425983
-9.055466
-5.504189
-5.536761
-5.846123
-5.586668
-5.608734
-5.627039
-5.631657
-6.390462
-5.650680
-5.645700
-9.610302
-5.653033
-5.644871
-5.639442
-5.641651
-5.630067
-5.613752
-5.602073
-5.591286
-9.129773
-5.551827
-5.547326
-5.754982
-5.504395
-7.239740
-5.456546
-5.436527
-5.420838
-5.393754
-5.357283
-5.331305
-5.317552
-5.291313
-7.715400
-5.236300
-5.203335
-5.172489
-5.140533
-7.956438
-5.095903
-5.054777
354.883514
-4.995466
-4.966080
-4.923038
-4.895000
-4.869342
-6.170484
-4.804174
-4.756544
-4.730994
-4.679670
-4.648043
-4.606494
-4.582367
-7.740193
-4.518122
-4.476094
-8.556561
-4.404254
-4.365009
-6.373403
-4.297080
-4.265013
-4.216039
-4.181381
-4.146194
-4.091461
-4.059808
-5.785221
-3.986325
-3.932109
-6.596387
-2.444575
-0.643895
-7.615507
-1.791029
-2.177179
-3.142886
-2.817786
-3.106937
-3.359988
-3.594561
-3.803512
-4.005342
-4.178156
-5.443780
-4.490294
-4.615156
-4.738620
-4.857066
-4.955046
-5.038492
-5.124946
-5.188099
-9.251163
-5.312984
-5.371001
-5.563419
-5.458663
-7.475175
-5.532789
-5.564996
-5.584195
-5.596728
-5.622510
-5.623920
-5.648931
-5.649062
-8.161382
-5.661681
-5.637348
-5.643005
-5.644319
-9.030293
-5.636446
-5.635350
-5.887827
-5.593944
-5.577692
-5.566390
-5.552496
-5.533963
-6.901551
-5.493404
-5.463595
-5.439518
-5.423092
-5.398836
-5.370875
-5.336290
-8.073438
-5.293307
-5.267898
-9.428233
-5.203691
-5.169812
-7.793078
-5.125693
-5.085180
-5.132122
354.983429
-5.003635
-4.962296
-4.928735
-6.120432
-4.875926
-4.831357
-8.816405
-4.773032
-4.733862
-8.470262
-4.653917
-4.616179
-5.344083
-4.553432
-4.507890
-4.467433
-4.432301
-4.416412
-5.073566
-4.349098
-5.659081
-4.241838
-4.171157
-4.141370
-4.085631
-4.035181
-3.987388
-3.943890
-3.882663
-7.198705
-2.391391
-2.305252
10.405603
-1.204718
-5.755668
-2.056120
-2.402876
-2.774427
-2.994922
-3.250951
-3.491343
-3.699570
-3.913032
-7.612703
-4.232883
-4.388783
-4.525916
-4.638202
-4.751164
-4.854130
-4.930366
-5.719729
-5.082807
-5.152656
-5.200404
-5.244368
-5.287311
-7.147590
-5.357288
-5.387805
-5.426786
-5.442626
-5.465377
-5.485557
-5.482747
-7.729563
-5.497838
-5.498144
-9.876895
-5.499071
-5.499097
-8.789407
-5.492964
-5.472610
-5.701487
-5.440525
-5.422669
-5.406705
-5.394720
-6.109546
-5.378966
-5.364130
-9.152603
-5.349955
-5.335467
-9.442590
-5.318841
-5.289009
-6.638562
-5.257255
-5.236671
-5.217204
-5.191030
-5.161002
-6.014584
-5.115411
-7.223449
-5.065646
-5.038357
355.001465
-4.995220
-4.964167
-4.940264
-4.895260
-4.895242
-4.849499
-4.837847
-4.789342
-5.009474
-4.738929
-7.793154
-4.698073
-4.674165
-4.859807
-4.595986
-4.552257
-4.490883
-4.444354
-4.384079
-6.993345
-4.273611
-4.226839
-4.201395
-4.146000
-4.119461
-4.051956
-3.999880
-5.059445
-3.870868
-3.812935
-6.471299
-2.284113
-0.561140
-5.114428
-1.689423
-2.076092
-2.463706
-2.738535
-3.026423
-3.290771
-3.532181
-5.882800
-3.958897
-4.127797
-9.908655
-4.438049
-4.574294
-9.339149
-4.803934
-4.902371
-5.659216
-5.055944
-5.122890
-5.184088
-5.231365
-5.278063
-5.322799
-5.358206
-6.655629
-5.425167
-5.463068
-5.475885
-5.495399
-5.503524
-5.502810
-5.518450
-5.515002
-5.507634
-5.518206
-5.506481
-6.422580
-5.493857
-8.254362
-5.466866
-5.465954
-5.485516
-5.420367
-5.388564
-5.382138
-5.390512
-5.378044
-5.373303
-5.372448
-5.358506
-5.585383
-5.351321
-8.895961
-5.318351
-5.305200
-5.688171
-5.260290
-5.241178
-5.202436
-5.182722
-5.147463
-7.736060
-5.121240
-5.086983
-5.074229
354.976349
-5.012801
-4.981420
-4.935429
-7.460147
-4.883070
-4.846439
-8.965768
-4.783933
-4.747824
-7.430365
-4.653247
-4.609527
-4.644126
-4.524718
-4.498670
-4.439703
-4.397187
-5.516871
-4.293552
-4.253920
-8.159313
-4.154794
-4.084366
-7.813922
-3.975870
-3.888468
-4.582256
-3.783060
-3.740029
-3.698298
-2.299511
-2.245615
-0.546947
-1.237845
-3.709548
-2.094178
-2.440948
-2.775479
-3.052562
-3.298906
-3.546388
-3.756323
-3.961437
-4.130201
-4.296179
-4.437038
-5.445508
-4.699223
-8.076895
-4.902221
-4.983628
-5.088438
-5.127941
-5.198364
-5.243548
-5.294586
-5.344702
-9.034701
-5.418147
-5.460086
-5.625365
-5.514406
-5.532349
-5.559857
-5.556108
-6.061074
-5.576382
-5.578466
-5.597364
-5.587027
-5.596707
-7.945988
-5.607937
-5.601346
-5.600133
-5.582484
-5.569969
-5.549989
-5.543823
-8.166663
-5.536443
-5.525042
-9.753284
-5.496271
-5.483191
-8.230313
-5.429175
-5.395436
-5.448579
-5.349982
-5.323251
-5.299821
-5.263989
-6.476647
-5.206244
-5.185503
-9.203384
-5.124167
-5.091168
351.196503
-5.011052
-4.936710
-5.584733
-4.845850
-4.806422
-4.793928
-4.716583
-4.661563
-4.638868
-4.594894
-5.744985
-4.469234
-4.441693
-4.394220
-4.339130
-4.290374
-4.246868
-4.204300
-4.142488
-4.105158
-4.105657
-4.059383
-4.593454
-3.971435
-6.268287
-3.776911
-3.725197
-3.674692
-3.631210
-3.575792
-2.149859
-2.066817
-0.603392
-6.154338
-1.723602
-2.113508
-2.541324
-2.760542
-8.811142
-3.291201
-3.534080
-4.239770
-3.950844
-4.134183
-4.303125
-4.440536
-4.564421
-7.154919
-4.801212
-4.909417
-4.994584
-5.074099
-5.139577
-5.203959
-5.247720
-8.481174
-5.350901
-5.389928
-10.041358
-5.470115
-5.513698
-8.269216
-5.556911
-5.580783
-5.630533
-5.602704
-5.612288
-5.611023
-5.623507
-7.044671
-5.623031
-5.615530
-9.850039
-5.611817
-5.608104
-9.405259
-5.576130
-5.555801
-6.152632
-5.531494
-5.512571
-5.492066
-5.478753
-5.460036
-5.444791
-5.422518
-6.532756
-5.360110
-5.337643
-5.319901
-5.292911
-5.266641
-5.234647
-5.192134
-5.156260
-8.800941
-5.099301
-5.049568
-5.292727
355.027649
352.969269
-4.921861
-4.853412
-4.814500
-4.762982
-4.706392
-4.683389
-4.648108
-4.591480
-7.294075
-4.505306
-4.460082
-4.451623
-4.407006
-7.753255
-4.359905
-4.315388
-4.619282
-4.212628
-4.148612
-4.105787
-4.024549
-3.937162
-5.588168
-3.842715
-3.789875
-3.739288
-3.698434
-3.640267
-3.586170
-2.177880
-4.736847
-0.573681
-1.263281
-9.762734
-2.090599
-2.426468
-7.328053
-3.022714
-3.271872
-3.621321
-3.724221
-3.935660
-4.110202
-4.275879
-6.020324
-4.552209
-4.675694
-9.827258
-4.889288
-4.970377
-9.522477
-5.117714
-5.193787
-6.028547
-5.309827
-5.357737
-5.409645
-5.450689
-5.497726
-6.427433
-5.550080
-6.983215
-5.592722
-5.593715
-5.612928
-5.627437
-5.629553
-5.657948
-5.657107
-5.667530
-9.564161
-5.666049
-5.646473
-5.846224
-5.619688
-7.905020
-5.595860
-5.583315
-5.594864
-5.556626
-5.531183
-5.518853
-5.485793
-5.449613
-8.015149
-5.377170
-5.328801
-5.296006
-5.248103
-8.758740
-5.179829
-5.137358
-5.532755
-5.060379
-5.032042
-4.996930
-4.958904
-4.927161
353.720764
-4.820162
-4.763182
-4.729170
-4.690259
-4.679462
-4.641929
-4.610770
-7.163640
-4.527919
-4.466227
-8.539653
-4.343682
-4.301209
-6.957276
-4.204916
-4.152343
-4.190778
-4.069171
-4.027195
-3.986716
-3.939553
-5.106731
-3.859455
-3.852794
-7.768449
-3.781378
-3.747348
-7.441145
-3.686473
-3.623288
-2.905192
-2.127264
-0.564829
-1.264045
-1.697032
-2.094410
-3.350101
-2.750057
-5.141855
-3.283094
-3.521396
-3.735647
-3.941746
-4.116028
-4.285667
-4.436389
-4.565831
-8.859222
-4.814893
-4.920881
-5.129846
-5.092428
-7.964566
-5.235311
-5.289783
-5.386529
-5.393725
-5.446182
-5.490513
-5.530280
-5.560810
-8.024796
-5.607472
-5.641509
-5.648780
-5.674455
-5.695620
-5.694003
-5.708991
-6.294784
-5.699427
-5.696987
-5.703095
-5.690848
-5.685551
-7.311833
-5.628238
-5.595253
-5.571738
-5.551322
-5.515904
-5.490864
-5.461446
-7.611683
-5.372254
-5.350118
-9.524598
-5.285511
-5.265557
-8.369226
-5.173205
-5.142195
-5.300982
-5.063876
-5.032620
-4.986376
-4.971044
-5.732177
-4.896767
355.170776
351.372192
-4.748197
-4.685771
-8.650717
-4.610013
-4.559789
-4.521199
-4.469990
-4.432323
-4.383568
-4.334960
-4.294054
-4.736743
-4.219982
-5.995724
-4.111109
-4.084576
-4.074192
-4.030569
-4.017397
-3.963650
-3.913408
-3.844838
-6.903730
-3.756881
-3.711075
-3.748946
-3.653375
-6.482685
-3.576536
-2.163724
-2.256662
-0.595346
-1.257215
-1.714272
-2.095667
-2.443065
-6.284988
-3.038608
-3.293769
-3.540514
-3.757996
-3.967639
-4.133753
-4.314177
-8.699964
-4.601266
-4.725338
-10.041063
-4.948250
-5.035685
-7.588577
-5.189098
-5.255110
-5.321164
-5.366544
-5.420213
-5.468492
-5.516302
-7.529822
-5.593798
-5.598064
-10.102903
-5.663813
-5.677800
-9.331516
-5.722260
-5.714111
-6.124952
-5.719378
-5.725180
-5.720168
-5.727369
-5.710212
-5.687983
-5.661475
-6.508499
-5.610934
-5.576929
-5.559743
-5.534899
-5.493316
-5.469922
-5.435912
-5.401092
-5.371907
-5.352308
-5.311398
-5.625549
-5.242721
-7.394328
-5.171769
-5.118302
-5.083220
-5.032156
-4.993793
-4.959569
-4.905451
-4.855499
352.306915
-4.808510
-4.755136
-4.735809
-4.653321
-7.683435
-4.541457
-4.508959
-4.644938
-4.418718
-4.365768
-4.320740
-4.265599
-4.222963
-5.872696
-4.149906
-4.115576
-4.080601
-4.051167
-4.000673
-3.953870
-3.929479
-6.921786
-3.842694
-3.830897
-7.900661
-3.736292
-3.723217
-5.875816
-3.680688
-3.663955
-2.286230
-2.230896
-0.580852
-1.258718
-1.711321
-5.343818
-2.456015
-2.766457
-10.175513
-3.313618
-3.577745
-9.176399
-4.026966
-4.207355
-4.990399
-4.545338
-4.678816
-4.803937
-4.917585
-5.012416
-5.095947
-5.177858
-6.389579
-5.311128
-5.369860
-5.423752
-5.468870
-5.502029
-5.528615
-5.551215
-5.578114
-9.460132
-5.592437
-5.610233
-5.805346
-5.621043
-7.710050
-5.599558
-5.611076
-5.587231
-5.569329
-5.565165
-5.575323
-5.541684
-5.536093
-8.201445
-5.499488
-5.462433
-5.453056
-5.424759
-8.921580
-5.374204
-5.359239
-5.733927
-5.312913
-5.287909
-5.252136
-5.200817
-5.151261
-6.652785
-5.077269
-5.041695
-4.998746
-4.963500
-4.926138
-4.896135
-4.873454
-7.312915
-4.795653
355.251556
351.102539
-4.697639
-4.662371
-7.544226
-4.596462
-4.554721
-4.637435
-4.482967
-4.438716
-4.387338
-4.359795
-5.291739
-4.293874
-4.258409
-8.106525
-4.170218
-4.119478
-7.986517
-4.017032
-3.982645
-4.980618
-3.918750
-3.871182
-3.870833
-3.854573
-3.845500
-4.586887
-3.831937
-5.509614
-3.817597
-2.412022
-2.362312
-0.601561
-1.295655
-1.777956
-2.179747
-2.525943
-8.993916
-3.151046
-3.404849
-3.922096
-3.877715
-8.076934
-4.262761
-4.419047
-4.690227
-4.697832
-4.828170
-4.940067
-5.032323
-5.112859
-8.231956
-5.239537
-5.292951
-5.343454
-5.381421
-5.430815
-5.463800
-5.491171
-6.483555
-5.546430
-5.549325
-10.046868
-5.582202
-5.584066
-7.832439
-5.593709
-5.589976
-5.602036
-5.578957
-5.563123
-5.555486
-5.552660
-7.285274
-5.544720
-5.516764
-9.741624
-5.470192
-5.436152
-9.039473
-5.377709
-5.345839
-5.806903
-5.287601
-5.269487
-5.229894
-5.205896
-5.162226
-5.131207
-5.109204
-6.111304
-5.039974
-4.977477
-4.945742
-4.915346
-4.880548
-4.858987
-4.794091
-4.758524
355.292755
-4.684433
-4.661207
-5.521910
-4.597067
-7.120599
-4.520215
-4.503987
-4.521695
-4.432993
-4.405697
-4.381802
-4.373120
-4.355004
-4.330125
-4.300102
-4.270779
-4.504769
-4.201049
-7.616432
-4.133066
-4.113948
-4.502895
-4.049887
-4.039900
-4.005342
-3.992096
-3.979471
-6.756932
-3.921049
-3.880281
-2.508150
-2.385773
-0.626505
-1.344929
-1.793447
-7.067143
-2.551542
-2.877536
-10.368672
-3.418816
-3.672268
-8.213738
-4.080283
-4.254469
-4.630592
-4.573007
-4.703890
-4.832081
-4.936590
-6.126109
-5.112790
-5.204432
-9.846415
-5.330296
-5.372001
-9.911233
-5.455205
-5.486596
-6.671690
-5.552744
-5.579728
-5.581151
-5.593887
-5.601727
-5.594711
-5.600829
-7.455482
-5.599982
-5.606059
-5.592234
-5.582252
-5.565779
-5.566669
-5.550563
-5.527876
-5.506983
-5.491928
-5.482342
-6.587578
-5.445925
-8.653967
-5.374648
-5.354498
-5.406187
-5.280088
-5.247556
-5.218997
-5.174575
-5.138515
-5.116416
-5.075356
-5.051421
-5.327606
-4.974455
-4.936014
-4.907310
-4.852225
-5.676402
-4.778605
355.250061
-4.708748
-4.668160
-4.632578
-7.428769
-4.550905
-4.492799
-4.503563
-4.428736
-4.393228
-4.354895
-4.325084
-6.182355
-4.259559
-4.238806
-8.323234
-4.183393
-4.153322
-7.467669
-4.112559
-4.106538
-4.408439
-4.068836
-4.035524
-4.032524
-4.005062
-4.660566
-3.960122
-3.902875
-7.558112
-3.823823
-2.428001
-6.401518
-0.642898
-1.331487
-3.730639
-2.185757
-2.533265
-2.856567
-3.137762
-3.396516
-3.640665
-3.855592
-6.975573
-4.240434
-4.402006
-4.547367
-4.663565
-4.780083
-4.907261
-4.999213
-5.077693
-5.152624
-5.212840
-5.265083
-6.232873
-5.360747
-8.809684
-5.432580
-5.465843
-5.678643
-5.530927
-5.549701
-5.566648
-5.581289
-5.574626
-9.298744
-5.588914
-5.565681
-5.764328
-5.545567
-5.543254
-5.527045
-5.509883
-6.510943
-5.457280
-5.440792
-5.416269
-5.388735
-5.361272
-7.896734
-5.304134
-5.284278
-5.282583
-5.230549
-5.196882
-5.162712
-5.136487
-6.864078
-5.082098
-5.065190
-9.198386
-5.000687
-4.968037
-8.427704
-4.908147
-4.883923
-5.281995
-4.833775
-4.809532
355.230133
-4.757789
-4.723335
-4.687547
-4.660124
-5.470876
-4.587670
-4.579898
-4.536721
-4.537413
-4.502099
-4.473504
-4.459235
-4.449589
-4.442864
-4.410328
-4.387622
-5.748171
-4.333514
-6.541026
-4.253640
-4.255374
-4.233894
-4.182250
-4.172645
-4.145518
-4.117491
-4.081453
-4.059443
-4.014370
-3.966478
-3.049248
-2.470680
97.712021
-1.330080
-1.795851
-2.571226
-2.528511
-2.843727
-3.110803
-3.359824
-3.600428
-8.579748
-3.996107
-4.154920
-4.427708
-4.450815
-4.575022
-4.698864
-4.812946
-6.464111
-4.996308
-5.086120
-5.148947
-5.219699
-5.271729
-8.110297
-5.383187
-5.421350
-5.499519
-5.470181
-5.494273
-5.506466
-5.518993
-7.046279
-5.519262
-5.537687
-9.861061
-5.531417
-5.541139
-9.378645
-5.516931
-5.513364
-6.134537
-5.495942
-5.488924
-5.481555
-5.456294
-5.431540
-5.419267
-5.407280
-6.549906
-5.366527
-5.332922
-5.299759
-5.255062
-5.225741
-5.183220
-5.155437
-5.117738
-5.100816
-5.070643
-5.053812
-6.315088
-4.988922
-7.697487
-4.951856
-4.938777
-4.993820
-4.895114
355.141327
-4.867946
-4.835541
-4.802896
-4.782548
-4.771082
-4.743125
-5.222892
-4.699785
-4.687445
-4.645765
-4.622361
-5.103937
-4.572053
-4.555522
-4.495255
-4.486660
-4.451508
-7.651811
-4.393170
-4.356339
-4.427727
-4.276303
-4.255736
-4.240674
-4.195515
-5.915286
-4.100182
-4.057634
-8.107922
-3.940274
-2.536366
-5.484572
-0.591617
-1.273922
-1.990867
-2.131047
-2.472339
-2.777774
-3.064023
-4.550558
-3.564290
-3.781075
-9.653123
-4.152658
-4.326252
-9.802992
-4.611843
-4.733903
-6.191354
-4.951750
-5.026351
-5.113282
-5.163345
-5.227581
-5.278361
-5.317076
-7.363513
-5.399670
-5.422791
-5.460268
-5.489298
-5.496740
-5.517436
-5.537566
-5.535227
-5.567050
-5.578772
-5.591062
-7.147623
-5.603623
-9.026568
-5.622463
-5.623380
-5.859083
-5.619995
-5.613076
-5.605227
-5.585814
-5.561199
-5.555556
-5.552999
-5.530294
-6.149416
-5.498552
-5.494323
-5.464975
-5.440964
-6.407029
-5.385522
-5.371483
-5.331583
-5.307799
-5.286051
-8.647239
-5.208649
-5.179328
-5.314070
-5.105930
-5.070855
354.983063
-4.999687
-6.574658
-4.936481
-4.904535
-8.972729
-4.828626
-4.826987
-8.316015
-4.753288
-4.716171
-5.139270
-4.646983
-4.613868
-4.578553
-4.543489
-4.493586
-4.444151
-4.415660
-7.809897
-4.330267
-4.300741
-8.326127
-4.207228
-4.186128
-5.892858
-4.114308
-4.081166
-4.045176
-4.010074
-3.968230
-2.555005
-2.485791
93.277306
-1.305259
-1.773681
-2.224553
-2.488008
-2.809842
-3.095503
-3.342346
-3.585381
-3.801730
-4.003846
-4.178586
-6.849830
-4.491427
-4.619923
-4.748022
-4.859207
-5.438145
-5.045687
-5.140784
-5.201485
-5.271389
-5.324345
-5.379066
-5.428988
-5.467392
-6.216203
-5.535905
-5.571553
-5.588218
-5.607733
-7.324800
-5.634266
-5.652520
-5.652271
-5.649528
-5.668744
-9.155817
-5.648996
-5.652570
-5.786451
-5.632819
-5.627986
-5.613568
-5.601347
-6.680344
-5.568016
-5.556731
-9.591506
-5.511628
-5.496198
-9.419641
-5.451198
-5.430073
-6.354488
-5.366545
-5.342397
-5.332401
-5.298730
-5.276927
-5.240426
-5.212693
-8.167268
-5.153660
-5.139517
-9.265803
-5.071442
354.973541
352.605743
-4.977759
-4.953009
-4.940476
-4.885365
-4.837723
-7.283479
-4.771775
-7.791780
-4.701089
-4.662304
-4.780554
-4.598050
-4.566969
-4.523723
-4.485513
-4.459150
-4.428433
-4.374039
-4.338805
-5.732410
-4.259788
-4.226776
-4.205328
-4.158209
-4.884269
-4.085183
-4.045018
-3.998565
-3.945960
-2.531864
-2.464297
-0.600796
-1.303592
-2.561966
-2.149243
-2.494715
-2.802042
-3.093447
-6.900198
-3.579610
-3.790774
-4.024781
-4.166353
-4.339496
-8.950030
-4.612120
-4.733729
-5.262158
-4.948837
-5.029766
-5.118342
-5.186919
-5.255450
-5.313410
-5.363265
-9.500119
-5.454696
-5.491653
-10.015204
-5.557669
-5.574406
-7.176688
-5.617557
-5.612466
-5.637537
-5.643232
-5.635639
-5.656999
-5.643679
-8.068713
-5.633780
-5.641678
-9.937935
-5.620118
-5.607257
-8.674297
-5.572883
-5.565195
-5.546015
-5.520078
-5.497114
-7.843133
-5.458247
-9.039623
-5.420743
-5.399327
-5.854603
-5.341044
-5.322237
-5.291586
-5.272255
-5.237106
-5.204387
-5.184128
-5.146216
-6.436201
-5.097953
-5.057194
354.999664
-4.994947
-6.294469
-4.937163
-4.902937
-4.879395
-4.827000
-4.809979
-4.762404
-4.734450
-4.691896
-5.137126
-4.621384
-4.597216
-4.562120
-4.517234
-7.305336
-4.442956
-4.411562
-8.368587
-4.339078
-4.306007
-7.972754
-4.214406
-4.198593
-4.839294
-4.119336
-4.072267
-4.032116
-4.008428
-3.947346
-2.540214
-2.461619
43.349945
-1.305081
-1.767916
-10.158378
-2.489169
-2.804200
-6.488359
-3.331431
-3.571885
-3.795501
-3.988068
-4.162412
-4.331354
-4.477391
-6.848351
-4.729768
-4.848794
-5.072577
-5.037624
-5.121762
-5.186936
-5.254871
-5.308860
-5.361478
-5.412606
-5.454468
-8.033217
-5.521699
-5.555127
-5.588220
-5.597802
-6.362554
-5.628392
-5.651898
-5.654768
-5.648295
-5.656883
-5.650701
-5.650703
-5.641171
-7.003228
-5.631030
-5.636743
-5.613260
-5.601655
-7.544363
-5.563692
-5.554006
-5.529094
-5.502195
-5.485119
-5.465760
-5.447742
-5.422969
-5.868821
-5.368484
-5.342929
-5.327428
-5.295971
-6.057454
-5.241518
-5.213840
-8.996835
-5.153087
-5.135692
-9.128884
-5.070868
354.985413
-6.197948
-4.970342
-4.936262
-4.905929
-4.873631
-4.829144
-4.815758
-4.764399
-7.306440
-4.689588
-4.660570
-8.773892
-4.596410
-4.568007
-7.297121
-4.497370
-4.448516
-4.524042
-4.377591
-4.338703
-4.316170
-4.269514
-7.623449
-4.326447
-4.160531
-4.507085
-4.070908
-4.036077
-4.000266
-3.944184
-2.536772
-2.457856
-0.614430
-1.299453
-5.872327
-2.160486
-2.494305
-2.804385
-3.090756
-5.202377
-3.580805
-3.793035
-3.999816
-4.168846
-4.332768
-4.484945
-4.612635
-4.736550
-6.572570
-4.953837
-5.037351
-5.123008
-5.193483
-8.424028
-5.315297
-5.371150
-5.526661
-5.458922
-5.495840
-5.533356
-5.570681
-5.577851
-6.309940
-5.626131
-5.629184
-5.646089
-5.653044
-5.650966
-5.660820
-5.649440
-9.026322
-5.647645
-5.646200
-9.942307
-5.629769
-5.615282
-7.712688
-5.577781
-5.563575
-5.556144
-5.537495
-5.514511
-5.501648
-5.472529
-7.232921
-5.429718
-5.411430
-9.565199
-5.350893
-5.331417
-8.792522
-5.277678
-5.248212
-5.643022
-5.175413
-5.156311
-8.635604
-5.097885
-5.065773
354.788544
-5.012405
-5.922552
-4.946371
-4.911816
-4.882633
-4.837887
-4.820593
-4.774467
-4.746143
-4.700816
-7.233898
-4.636164
-4.603596
-4.572474
-4.522357
-6.473419
-4.452354
-4.430919
-4.382631
-4.338771
-4.305679
-4.267957
-4.223695
-4.208025
-5.663685
-4.134212
-4.087334
-4.039479
-4.012212
-7.328055
-2.543035
-2.467350
25.063122
-1.317731
-1.771345
-9.887014
-2.497010
-2.812000
-5.159060
-3.334942
-3.582642
-3.791873
-4.003593
-4.173757
-4.339708
-4.481025
-7.892294
-4.742452
-4.858316
-10.070263
-5.031962
-5.126663
-8.495306
-5.265594
-5.318384
-5.496783
-5.416352
-5.463311
-5.497488
-5.533094
-6.685768
-5.581205
-5.603767
-9.870891
-5.629917
-5.647035
-5.659163
-5.647052
-5.666643
-5.648686
-5.655819
-5.648602
-9.239556
-5.640777
-5.633567
-5.788646
-5.603191
-7.131287
-5.571711
-5.563056
-5.543286
-5.510924
-5.504640
-5.470985
-5.456347
-5.432177
-7.892770
-5.385082
-5.348585
-5.333739
-5.300820
-7.811378
-5.234346
-5.203226
-5.219358
-5.147992
-5.134354
-5.094852
-5.063792
354.990051
-6.345016
-4.970478
-4.932765
-4.896107
-4.870271
-4.827410
-4.798232
-4.762145
-8.239184
-4.688167
-4.656485
-8.633532
-4.578174
-4.556341
-6.100608
-4.486257
-4.442225
-4.414294
-4.362749
-4.340212
-4.304661
-4.268209
-6.445303
-4.202514
-4.147649
-8.214636
-4.071406
-4.034411
-6.956071
-3.941746
-2.530037
-2.660712
-0.633308
-1.309480
-1.774937
-2.160267
-4.106844
-2.816269
-3.097976
-4.080908
-3.586406
-3.795651
-4.007445
-4.171572
-4.342419
-4.482800
-4.615835
-4.740706
-8.774654
-4.957699
-5.037966
-5.288234
-5.193936
-6.827382
-5.311201
-5.370826
-5.417672
-5.458675
-5.500434
-5.531495
-5.567173
-5.579091
-7.782732
-5.623903
-5.625340
-5.646438
-5.652528
-8.270084
-5.656364
-5.644134
-5.691162
-5.638035
-5.635586
-5.624207
-5.630951
-5.609490
-6.527009
-5.579741
-5.567482
-5.550352
-5.534865
-5.510986
-5.496102
-5.468499
-9.097515
-5.427272
-5.402920
-9.524163
-5.348544
-5.327743
-6.850945
-5.274031
-5.239237
-5.206791
-5.185576
-5.154221
-5.139777
-5.097188
-7.453444
354.973785
-5.005929
-9.138219
-4.933079
-4.910068
-7.821377
-4.835456
-4.810075
-4.906111
-4.742318
-4.700188
-4.665966
-4.621083
-5.624572
-4.572474
-4.520130
-4.890782
-4.443659
-4.424321
-4.366970
-4.343422
-4.309756
-4.265539
-4.214119
-4.196646
-7.018228
-4.120449
-4.073878
-4.055666
-4.001768
-5.082336
-2.522746
-2.459591
-0.631655
-1.312567
-1.772943
-2.160527
-2.500657
-2.814138
-6.124617
-3.349244
-3.591624
-3.794817
-4.002118
-7.667297
-4.347221
-4.487575
-4.664415
-4.736120
-4.856619
-4.957443
-5.037163
-5.127363
-6.176545
-5.258879
-5.315326
-5.371742
-5.411908
-5.456666
-5.495288
-5.528813
-9.449929
-5.573091
-5.596286
-10.028761
-5.618922
-5.644600
-7.238976
-5.639037
-5.653341
-5.643396
-5.646933
-5.644777
-5.646521
-5.630982
-8.077744
-5.614142
-5.597365
-9.855631
-5.563439
-5.553022
-8.528763
-5.504524
-5.485822
-5.587727
-5.437237
-5.418530
-5.397319
-5.363498
-6.394191
-5.320543
-5.281628
-5.642629
-5.230412
-5.209619
-5.177229
-5.147418
-5.138397
-5.096327
-5.066060
354.977478
352.125000
-4.964591
-4.929227
-4.992344
-4.873836
-5.968652
-4.790705
-4.764809
-4.734696
-4.687948
-4.661567
-4.622654
-4.593214
-4.569496
-6.352642
-4.496919
-4.456664
-4.419595
-4.380787
-6.709789
-4.305474
-4.262745
-4.246522
-4.199331
-4.159349
-4.120162
-4.071372
-4.028879
-4.759380
-3.940677
-2.524361
-2.440466
-0.648020
-1.300710
-1.776590
-2.165499
-9.450457
-2.811713
-3.096173
-10.043506
-3.586112
-3.800637
-5.896751
-4.161360
-4.327782
-4.470213
-4.603459
-4.727804
-4.843139
-4.939084
-8.126266
-5.115903
-5.178018
-10.078361
-5.302311
-5.353810
-8.411282
-5.441293
-5.478913
-5.582175
-5.551075
-5.565498
-5.581299
-5.593668
-6.961468
-5.621688
-5.629524
-5.871676
-5.630983
-5.623650
-5.620876
-5.619457
-5.624227
-5.618346
-5.593467
-5.589533
-8.083062
-5.557065
-5.545352
-5.530791
-5.514470
-6.245880
-5.461349
-5.440891
-5.422047
-5.406536
-5.383331
-5.348841
-5.323436
-5.308673
-6.573107
-5.252475
-5.225877
-5.196682
-5.164976
-7.000503
-5.122319
-5.073801
-5.050542
355.002533
-4.986915
-4.948526
-4.923421
-4.886518
-5.263211
-4.808805
-4.798832
-4.750452
-4.712935
-5.622509
-4.639369
-4.613174
-8.540530
-4.551150
-4.512070
-8.340636
-4.435061
-4.401495
-5.269756
-4.330957
-4.301485
-4.253408
-4.204345
-4.188546
-4.145620
-4.087349
-7.059443
-4.022533
-3.976483
-8.033313
-2.514925
-2.436406
90.831192
-1.308442
-1.764405
-2.183298
-2.497911
-2.803353
-3.083899
-3.334102
-8.011023
-3.839070
-3.996825
-4.319391
-4.338198
-4.479734
-4.602148
-4.732333
-4.838915
-4.938906
-5.022803
-5.109956
-7.649430
-5.249429
-5.300890
-5.355640
-5.410069
-6.012273
-5.489985
-5.520029
-5.552577
-5.568785
-5.589939
-5.614808
-5.621265
-5.641912
-6.599332
-5.640270
-5.656384
-5.642457
-5.644205
-7.447025
-5.639506
-5.633120
-5.612421
-5.605010
-5.582789
-5.569434
-5.554000
-5.541419
-5.780322
-5.489150
-5.480604
-5.455173
-5.435243
-6.400916
-5.394341
-5.358881
-9.300997
-5.312033
-5.280821
-9.212892
-5.228172
-5.192598
-6.123402
-5.135396
-5.117510
-5.073091
-5.050364
354.990601
-4.988007
-4.953580
-7.914634
-4.891094
-4.867388
-8.966928
-4.805417
-4.757145
-7.004081
-4.682703
-4.646649
-4.525010
-4.583105
-4.545304
-4.511415
-4.476675
-7.328601
-4.436260
-4.369852
-4.461277
-4.293473
-4.254911
-4.207897
-4.190438
-4.142151
-4.106590
-4.062991
-4.023599
-6.112672
-3.936849
-2.512569
-2.436990
-0.654468
-1.856947
-1.773039
-2.153765
-2.495043
-2.809978
-3.099977
-3.346355
-3.590763
-3.794018
-5.146954
-4.175219
-4.332399
-4.477131
-4.606577
-6.779969
-4.838662
-4.946047
-5.012773
-5.106281
-5.169745
-9.308135
-5.295033
-5.353944
-5.635619
-5.444530
-5.475538
-5.517328
-5.548125
-6.770699
-5.579931
-5.609167
-9.890772
-5.630066
-5.630596
-9.654133
-5.644800
-5.628636
-6.423836
-5.626301
-5.629397
-5.619206
-5.605543
-5.597203
-5.580693
-5.564831
-8.879940
-5.537436
-5.523363
-9.727883
-5.472046
-5.446970
-7.356083
-5.409486
-5.385079
-5.367651
-5.324543
-5.306487
-5.274005
-5.251396
-7.756695
-5.189019
-5.152586
-5.155614
-5.109901
-5.069990
-5.034696
355.007202
-4.984783
-4.947174
-4.906933
-4.882897
-6.419057
-4.805389
-8.286983
-4.749441
-4.711378
-4.900340
-4.641281
-4.592273
-4.569062
-4.542654
-4.500773
-4.469913
-4.418948
-4.395887
-4.858122
-4.298698
-4.282558
-4.245991
-4.193164
-5.143926
-4.137342
-4.089795
-4.062977
-4.011161
-3.983846
-7.036542
-2.519662
-2.438598
4.089495
-1.314042
-1.760963
-2.150514
-2.491792
-6.274244
-3.079453
-3.330639
-10.147738
-3.777469
-3.976204
-8.738619
-4.311984
-4.459305
-4.891833
-4.720541
-4.839915
-4.939654
-5.008719
-5.952786
-5.169803
-5.238400
-9.676758
-5.343331
-5.390751
-9.882744
-5.469384
-5.504872
-6.730324
-5.553475
-5.570133
-5.594284
-5.592065
-5.617484
-5.620778
-5.622149
-7.418279
-5.618831
-5.624454
-5.609827
-5.624302
-5.607200
-5.617154
-5.591111
-5.575666
-5.559189
-5.542129
-5.528502
-6.556695
-5.477743
-8.529499
-5.438166
-5.421091
-5.464784
-5.374575
-5.344442
-5.319666
-5.296843
-5.265618
-5.245836
-5.214580
-5.187544
-5.425397
-5.129878
-5.114136
-5.067873
-5.041799
354.398865
-4.977776
-4.950766
-4.907274
-4.881845
-4.851925
-7.580194
-4.787972
-4.734810
-4.717812
-4.658401
-4.632101
-4.587711
-4.561276
-6.827502
-4.491798
-4.462352
-8.540065
-4.390273
-4.346718
-7.245310
-4.285625
-4.240137
-4.341065
-4.182317
-4.135034
-4.100368
-4.042774
-4.980092
-3.968867
-3.915982
-6.371759
-2.430433
-0.645329
-8.591158
-1.770279
-2.149352
-4.001851
-2.801072
-3.087492
-3.337004
-3.571625
-3.785303
-3.990240
-4.164536
-6.375808
-4.470998
-4.602270
-4.733224
-4.833577
-4.937465
-5.017912
-5.095085
-5.166171
-5.230413
-5.288823
-5.336216
-6.365476
-5.423734
-8.664693
-5.497600
-5.531559
-5.598605
-5.572090
-5.592948
-5.595986
-5.615513
-5.624695
-9.289520
-5.635146
-5.618381
-5.808163
-5.612204
-5.622901
-5.601168
-5.600973
-6.202132
-5.571233
-5.555658
-5.548549
-5.529274
-5.512359
-8.059378
-5.474013
-5.449422
-5.429888
-5.406536
-5.385284
-5.356313
-5.326278
-7.645253
-5.277625
-5.256068
-9.426280
-5.191587
-5.159225
-8.152769
-5.117811
-5.071124
-5.197842
354.998657
-4.987228
-4.954113
-4.915867
-5.881157
-4.862553
-4.818640
-8.711766
-4.758647
-4.725516
-8.551117
-4.646431
-4.612108
-5.487886
-4.556533
-4.519215
-4.480923
NaN
