607.641846
604.016907
600.927917
598.038513
627.724854
592.677612
590.060791
587.530823
585.038940
582.628662
580.198364
577.937988
579.296814
573.613220
571.599060
569.392517
567.325745
565.219116
565.192566
561.258118
559.420593
557.561096
555.626831
553.594238
551.807068
549.886230
548.476440
546.633911
545.147400
543.705200
542.171509
540.666260
539.716064
538.036377
536.756226
535.517822
534.317810
533.157288
532.061829
530.711182
529.713013
528.450867
527.341919
526.096069
524.781677
523.607544
522.059631
521.286011
520.325134
519.442383
518.520569
517.198730
516.688416
515.774048
515.011169
514.241699
513.370605
512.635620
511.870605
511.126953
510.345337
509.567749
508.967377
508.089111
507.432770
506.511658
505.926514
504.953308
504.081329
503.328918
502.554871
501.847870
501.226074
500.726868
499.996368
499.441162
499.020721
497.769592
497.921692
497.373779
497.114929
496.499908
496.040710
495.630432
495.124969
494.569458
494.140350
493.731903
493.196808
492.580811
489.927216
488.843750
490.790344
490.205322
489.650421
489.472473
489.038910
487.800262
487.408203
612.593201
608.332947
605.102356
602.287598
599.443420
629.604553
594.112183
591.533325
588.923462
596.319946
583.726501
580.957031
578.165833
575.709229
573.289734
571.106567
568.759949
566.725830
564.671448
564.059875
560.546875
558.683838
556.906494
557.537598
553.443726
551.865234
550.198486
548.539490
546.975830
545.486816
543.997070
542.535583
540.933105
539.344055
537.632385
536.252747
534.766602
533.458557
532.258606
531.163940
529.987061
528.766235
527.702698
526.624756
525.311707
524.719788
523.749878
522.768005
521.815552
520.963745
520.112000
519.172791
518.300781
517.461975
516.191650
515.619263
514.534119
513.476563
512.266785
511.694519
511.008301
510.218719
509.565826
508.758698
507.963806
507.309052
506.716858
506.082062
503.673828
504.724609
504.159882
503.408813
502.702118
502.283997
501.679413
501.024048
500.214508
499.451172
498.709381
498.007538
497.459381
496.794403
496.239258
495.705078
495.172760
493.642853
494.048187
493.741791
493.270294
492.734406
492.335419
491.919556
491.372162
491.009308
490.435425
490.128662
489.738312
487.369080
487.973694
484.748199
615.177063
607.675903
616.589172
601.094360
598.352539
595.575928
593.077942
590.643188
588.026550
585.656982
583.169800
588.210510
578.466003
576.325073
574.147217
572.123291
572.100586
567.833313
565.796509
563.729980
561.718872
559.558899
557.424866
555.505005
553.645386
552.490784
550.143005
548.573914
546.943176
545.342102
544.766846
542.466614
541.056030
539.596985
538.359558
537.101563
535.829773
534.499390
533.249878
532.285400
530.877563
529.648499
528.236633
526.887329
525.709412
524.630798
523.544128
521.405029
521.417480
520.480713
518.297913
518.617371
517.751709
516.720886
516.104858
515.257935
514.520142
513.688904
512.943054
512.099487
511.416290
509.489838
509.748718
509.186981
506.353241
507.537018
506.549438
504.451843
504.926605
504.169800
503.444489
502.816864
502.143433
500.233551
500.975952
498.312195
499.819336
499.383301
498.667328
498.451721
497.967560
497.502625
496.938202
496.472076
495.963745
495.415924
494.956390
493.579803
493.936371
493.261444
492.516266
492.053864
490.614166
490.953278
490.545105
490.150024
489.817139
489.268951
488.133850
487.799164
611.961548
647.536865
605.049316
602.158936
599.452698
596.693726
631.425232
591.703552
589.094299
587.418152
583.699402
581.002747
591.566772
575.946716
573.592957
573.056213
569.207336
567.006104
564.911316
562.875671
561.005981
559.085083
557.260620
557.757813
553.831299
552.247375
552.217834
548.901184
547.328857
546.727295
544.352844
542.885071
541.336060
539.521667
537.959656
536.515991
535.109436
534.071411
532.468445
531.381165
529.567505
528.944641
527.799683
526.371399
525.736572
524.774780
523.804688
522.769104
521.806274
520.383179
519.989197
519.063965
518.098938
517.232666
516.229980
515.559814
514.699097
513.488831
512.456543
511.539429
510.772430
509.882782
509.148560
507.965332
507.756500
507.024658
506.397614
505.793671
504.446136
504.554840
504.041992
503.435791
502.829041
502.225250
501.817688
501.156403
500.560455
499.788605
499.525818
498.902313
498.173737
497.434540
496.747223
496.094635
495.566315
492.217407
494.557251
494.085754
490.640137
492.947449
492.606445
491.528992
491.641418
491.295563
490.839874
490.422760
490.095245
489.638611
488.432098
485.770477
612.044128
607.924438
821.942078
601.285950
598.393677
640.803955
592.978088
590.469727
588.616150
585.335938
582.852844
580.401611
578.070496
580.256104
573.561279
571.506653
576.586914
567.238770
565.225586
563.163025
561.187256
559.257019
557.444458
555.605896
553.646667
553.445740
549.694824
547.949829
546.269958
544.673157
543.776917
541.842224
540.268127
538.817810
537.586853
536.310242
535.070068
533.828857
532.659973
531.739502
530.265930
529.311768
528.073425
527.013428
525.755615
525.007996
524.038086
522.889709
521.791992
520.434814
519.497437
518.466614
517.532349
516.527405
515.717407
515.005310
514.128174
513.283813
512.646118
511.863678
511.213165
508.789063
509.750488
509.185547
506.505615
507.774872
507.204834
506.079224
505.891602
505.134979
504.456268
503.526031
502.658722
501.934570
501.327362
499.178894
499.993500
499.527313
496.203644
498.312592
497.793518
495.623596
496.696747
496.236389
495.679474
495.252136
494.772827
494.291565
493.852814
492.752838
492.794647
492.276215
491.286835
490.715057
490.184082
489.786346
489.283173
488.772400
487.566284
487.134766
610.990601
887.413208
604.019592
601.163452
599.480774
595.935242
610.920959
590.883362
588.387695
585.912659
583.406250
580.958557
578.572205
576.270386
573.949036
576.464661
569.051025
566.758911
564.506958
562.377441
563.581787
558.436707
556.641296
554.959290
553.107605
551.615845
549.812439
548.350708
546.847229
546.003113
544.001282
542.647339
541.156677
539.810303
538.515930
537.240173
535.983154
534.419800
533.000244
531.720703
529.872864
529.221924
528.015686
526.964355
525.886597
524.861755
523.773499
522.706604
521.798767
520.892883
520.015686
518.580017
518.238953
517.392822
515.015259
515.759338
514.874451
512.848877
512.967957
511.795074
510.883850
510.072296
509.218750
508.569946
507.786591
507.057709
506.393738
505.727966
504.784180
504.459930
503.814819
503.257477
502.570831
501.977325
501.463989
500.800232
500.255463
498.032654
499.169647
498.597046
497.880493
497.043610
495.376831
495.708679
495.112793
494.528839
494.034515
493.494904
493.056488
492.487305
492.081116
490.412750
491.181335
490.860718
490.487000
490.108643
487.340851
489.311096
488.084534
487.605042
611.382813
607.536926
604.183350
601.075806
598.010498
612.377441
591.867981
589.142334
586.511902
583.981445
581.415466
579.055054
576.808044
583.436584
572.574341
570.621765
576.318054
567.017395
565.187744
566.702148
561.670044
560.154907
558.620728
556.994446
555.333435
553.836548
551.979614
551.528503
548.613953
547.088806
546.492004
544.411682
543.133667
542.391418
540.876038
539.843872
538.955994
537.788818
536.813293
535.933899
534.894165
534.003601
533.413391
532.451233
531.594055
530.911804
530.233459
529.442505
528.569458
527.692505
526.901733
526.054993
525.296204
523.888062
524.217468
523.814392
523.424255
522.877319
521.604126
521.632385
521.060059
520.383423
519.787231
519.235779
518.714355
518.167114
517.707031
516.357605
516.774841
515.994995
515.484375
514.660645
513.801025
513.081116
512.451416
511.602417
511.336060
511.044159
510.477509
509.998718
509.439209
508.131927
508.338501
507.809418
507.282959
506.687592
506.089539
505.574982
505.011749
502.609833
503.852936
503.365997
499.386261
502.036316
501.161011
498.324371
500.034637
499.411957
498.024719
497.663605
622.484192
618.864807
615.630615
612.650818
609.692200
607.025940
615.538391
601.836609
599.019348
596.459656
593.897461
591.415405
588.997925
586.567017
584.264526
582.081848
579.500122
577.169250
576.134521
572.880310
573.850586
569.034241
567.324768
565.540466
563.621826
561.937256
560.102539
558.684875
557.199280
556.837708
554.401733
552.874207
551.421265
549.850708
548.817566
547.104187
545.609741
544.049377
542.426331
541.127686
539.768372
538.559082
537.505432
536.185242
535.161682
534.232788
533.234131
532.130493
531.145874
530.246704
529.525269
528.020447
528.034424
527.382690
525.030090
525.837402
525.014099
523.062744
523.285217
522.543274
521.971924
521.164917
520.411804
519.826660
519.063293
518.351685
517.863464
517.335266
514.614868
516.013977
515.526611
512.796570
514.402466
513.714539
512.657410
512.372864
511.779785
511.424500
510.980011
510.676056
510.259949
509.874115
508.379425
508.955048
508.540710
508.033325
507.518646
507.027374
506.719055
506.127258
505.776520
505.385223
504.812408
504.335175
503.128601
503.095642
500.354126
502.169922
501.165741
500.902618
627.774780
624.439758
621.512573
618.728699
616.142822
613.483154
610.911743
608.389526
608.165222
603.142395
600.585205
598.079956
595.605957
596.969971
590.692139
588.193359
585.519104
583.089478
580.801147
582.577209
576.590332
574.654968
572.730469
570.696289
568.865906
567.100769
565.180176
564.628967
561.822449
560.348083
559.749207
557.400818
555.694519
554.510254
552.475098
550.913391
549.371460
547.267090
545.545776
544.132813
542.691345
541.366577
540.290588
539.221497
537.412842
537.073425
536.011353
533.724365
533.805054
532.693298
531.252930
530.417053
529.464966
528.543335
527.684448
526.816467
525.543396
525.202576
523.474243
523.153992
522.203308
521.307861
520.567749
520.004944
519.353699
518.746826
518.159973
517.643433
517.194397
516.561218
515.885742
515.924194
515.482056
514.979980
514.841919
514.293701
513.936890
513.595825
513.163025
512.549438
511.792297
511.040070
510.375488
509.777832
509.177307
508.834686
508.499390
508.255188
507.939362
506.495880
507.116791
506.754761
506.314301
505.904480
505.520630
502.912109
504.765747
504.275238
503.031799
502.474762
629.061340
625.361145
622.133850
651.322815
616.677490
614.053162
662.270325
608.922180
606.194336
629.235168
600.829712
598.327515
600.061340
593.444397
591.034973
588.828064
586.364502
584.122314
581.938599
579.756775
580.541504
575.203552
572.802673
573.228027
568.270569
566.420227
565.974304
562.727661
561.097778
559.474670
557.834961
556.311646
555.429199
553.308594
552.293518
550.584351
549.142151
547.739502
546.109680
544.860168
543.451904
542.221558
540.904114
539.683899
538.201416
536.855652
535.703674
534.472107
533.419800
532.479797
531.320862
530.240417
529.342041
528.534851
527.824219
527.275940
526.706299
526.061829
525.488831
524.876648
524.273193
523.599121
522.930969
522.339783
521.471436
519.808838
520.130310
519.664551
516.769836
518.406311
517.833130
515.315247
516.572510
515.942688
515.300110
514.674927
514.076172
513.640503
513.092957
512.653442
512.201782
511.817078
508.717743
510.706818
510.139160
506.596954
508.971924
508.199310
506.504517
506.847931
506.430450
505.972351
505.420258
505.226074
504.742157
504.447693
502.275909
504.017365
502.967255
498.781281
629.495117
626.040649
622.958069
620.118225
617.235474
614.376099
611.632141
608.797668
624.033508
602.854370
619.514954
597.468201
594.715637
594.306641
589.884094
587.420410
584.915161
582.849548
580.639099
578.481995
576.484741
574.378418
573.751953
570.516541
568.593140
566.675537
564.667358
563.601318
560.591370
558.692017
556.952087
555.308350
553.547607
552.083069
550.633362
549.202942
547.914368
546.468628
545.142334
543.988342
542.703491
541.392273
540.293823
539.171631
537.184692
536.976563
535.960266
533.815063
533.249390
532.161133
531.379822
530.629700
529.930969
529.440308
528.843872
528.239624
527.649536
526.947388
524.969116
525.837769
525.411194
522.926270
524.209351
523.581177
522.309326
522.192139
521.509827
520.695557
519.631592
518.906616
518.436096
518.044739
516.390137
517.099304
516.687988
513.380859
515.409607
514.961853
514.432678
513.862000
513.363647
512.809570
512.148132
511.545227
509.594849
510.084778
506.791565
508.790619
508.171844
507.260651
507.102020
506.725830
506.295532
505.864990
505.485107
505.094238
504.700623
504.226288
502.375061
502.665955
629.327942
625.755737
622.575012
662.192566
616.055481
613.022461
610.124390
607.231934
604.304260
601.243164
598.120789
595.258423
593.850220
589.983887
587.601563
585.494751
583.202881
584.065369
578.941772
576.860046
578.973633
572.989624
571.071777
571.825623
566.896912
564.847290
563.221313
560.903503
559.158875
557.414185
555.891479
554.248413
552.654846
551.017700
549.757080
548.225281
546.936096
545.461060
544.378357
543.330078
542.366882
541.285767
540.490784
539.802002
539.003174
538.176758
537.138611
535.954163
534.880615
534.588196
534.244385
533.524597
532.765198
531.970398
531.055969
530.102539
529.180603
528.299744
527.492310
526.541565
525.219055
524.850037
522.414063
523.544800
522.861633
522.011780
521.415527
520.505859
519.445740
518.546753
517.847778
517.123474
516.461121
515.793640
515.003540
514.586975
513.933044
513.400940
512.819702
511.545074
512.077881
511.491516
510.643646
510.108398
509.718811
509.158356
508.545624
508.028656
507.322296
506.872437
506.568909
506.220978
505.887299
504.667084
504.884338
504.287964
500.457947
503.394989
502.042389
498.402161
628.700012
624.837585
651.463806
618.437500
615.123108
612.003845
609.166016
606.468201
603.632751
601.044739
615.546021
595.847107
593.320190
603.459717
588.632019
586.413635
588.189087
581.733521
579.434448
577.277405
575.134766
572.838623
570.775269
568.871643
568.670776
565.471985
563.794006
562.359131
560.853333
559.358154
558.057434
556.659363
555.234070
553.942139
552.611145
551.296509
550.340942
548.657593
547.377197
546.284485
544.817322
543.574341
542.217224
540.907532
539.757935
538.902405
537.985535
537.014832
535.975281
534.967041
533.951599
532.980042
532.054077
531.292786
530.402832
529.311829
528.721558
527.821960
526.991638
526.142944
525.472778
524.674988
523.760620
522.924927
521.846069
520.977478
520.167786
519.473022
518.859741
517.623352
517.388916
516.707642
513.752441
515.418945
514.922180
511.687866
513.450867
512.823730
511.819244
511.406494
510.709198
510.100861
509.397705
508.692291
507.824066
506.756348
503.512024
505.403168
505.094543
501.260864
504.050110
503.524780
501.586426
502.618256
502.070007
501.308472
500.981720
500.502411
499.326508
498.909851
203.912994
624.290649
619.634827
619.020447
612.816040
610.121643
607.547791
605.098877
602.566711
600.057373
597.511963
595.037048
599.016846
590.577637
588.635193
586.710938
584.578674
583.603516
580.341248
578.223938
576.120239
574.016113
572.104675
570.129333
568.187622
566.413208
564.828552
562.517944
560.928711
559.410217
558.094788
557.507751
555.319519
553.975281
552.510071
551.315002
550.122925
549.041443
547.758911
546.599060
545.221680
543.844849
542.509277
541.330994
540.338806
539.785828
538.404663
537.108948
534.831421
534.901489
533.979675
531.837524
532.191650
531.272522
530.186035
529.421265
528.640137
527.643005
526.834717
526.044922
525.358154
524.476196
522.252075
523.023682
522.135437
519.130310
520.410828
519.323853
517.183594
517.000244
516.093445
515.146301
514.351440
513.595947
511.762024
512.072937
509.703033
510.899170
510.146423
509.655212
509.238007
508.821594
508.110626
507.470276
507.004272
506.353271
505.950439
505.385315
503.905426
503.937012
503.359955
502.957367
502.512878
501.839386
501.787476
501.629517
501.463196
501.208252
500.391663
500.151428
626.335693
623.545837
649.730713
618.568298
616.046387
613.602905
610.876160
631.351196
605.362427
602.362854
599.620850
596.832581
594.263367
602.771240
589.809509
587.754761
586.117981
583.155579
580.949097
578.715576
576.512939
574.502686
572.628479
570.865234
571.197815
567.341858
565.425293
565.125854
561.675354
560.014160
559.197388
557.033020
555.516968
554.173218
552.906738
551.503967
550.191833
548.850464
547.722290
546.494507
545.193359
543.392334
542.765076
541.617554
540.091431
539.232971
538.148499
536.705933
535.245850
533.996704
532.330688
531.672546
529.473938
529.656067
528.640259
527.516052
526.628052
525.682007
524.882629
523.992310
523.362854
522.602112
521.966187
521.371704
520.152283
520.041687
519.351257
518.395508
517.413574
516.075928
515.781738
515.136169
514.575623
513.906616
513.258850
512.760254
512.284058
512.056519
511.352509
511.292603
511.014679
510.573608
510.032135
508.094208
509.127563
508.635254
508.253632
507.941620
507.691895
504.663055
507.011993
506.497101
505.791229
505.740967
505.225830
504.925690
504.648438
504.181976
503.122650
502.680756
128.370789
626.217163
623.220581
760.223938
616.887390
613.944397
633.652893
608.458252
605.748352
603.231567
600.603760
597.967712
595.564148
593.313599
596.827942
588.633728
586.209778
590.778442
581.937378
579.843384
581.237122
575.581787
573.742981
571.822205
569.719360
567.700256
567.063171
563.768738
563.263123
560.313171
558.712341
557.446106
555.534729
553.865845
552.504395
551.070679
549.761108
548.369324
547.058533
545.964844
544.706909
543.400452
542.118164
541.013367
539.901184
538.530151
537.067444
535.648132
534.444275
533.386047
532.485107
531.462341
530.573853
530.027283
529.168396
528.209167
527.584412
526.684082
525.953308
524.349243
524.568726
523.619995
520.916626
522.364319
521.790466
519.444763
520.381470
519.578369
518.711792
517.994019
517.320496
516.895508
516.445618
515.938782
515.560181
515.111816
512.281494
513.922485
513.191833
509.829834
512.282227
511.895630
510.322083
510.499664
509.859711
508.880280
508.062714
507.222717
506.518219
505.713074
503.449768
504.309082
503.214142
499.487732
502.197662
501.664948
501.234406
500.716980
499.511932
498.897430
624.740295
621.281738
724.555298
614.657471
698.092285
608.939148
606.325745
609.929199
600.890930
598.121338
595.382507
592.677856
589.978882
587.485413
585.116272
582.873230
583.124023
578.225037
576.025757
573.800903
571.403137
570.908630
567.262634
565.555664
563.892761
562.432617
560.771545
559.082153
557.284424
555.614502
554.438171
552.669373
551.288208
550.123901
548.932739
548.500610
546.708008
545.694946
544.490540
543.740356
542.232666
540.626648
539.805969
538.855652
538.023682
537.153076
536.387817
535.628357
535.037292
534.304688
533.576050
532.708557
530.793213
531.069336
530.133484
527.762024
528.531860
527.488525
525.787292
525.105591
524.148254
523.384521
522.757385
522.287598
521.612976
520.909790
519.435181
519.831543
519.184570
518.409668
517.720337
517.096619
516.368469
515.692139
515.179626
514.130310
513.187134
512.438110
510.764099
510.945831
507.912323
509.689331
508.994690
508.100128
507.707550
507.173645
506.560699
506.107422
505.753876
505.187683
504.695343
504.037109
502.484131
502.154602
501.200684
500.419922
499.958038
498.526398
498.083313
497.755127
624.712830
621.160522
618.024963
615.136414
612.408813
609.689636
610.015564
604.415527
601.611267
598.813660
595.887878
599.704285
590.209961
587.802979
595.615540
583.174438
580.913391
584.834412
576.682068
574.714600
573.892517
571.247742
569.711487
568.155273
566.534912
565.008240
563.323608
561.797302
561.419495
558.744507
557.281860
556.588379
554.527588
553.321899
552.636475
550.897583
549.777344
548.556824
547.535034
546.568237
545.458557
544.712280
543.581360
542.565796
541.500977
540.331055
539.269043
537.815979
536.551147
535.600708
534.673889
533.703552
532.835876
531.982849
530.839539
530.179626
528.156738
528.579834
527.867676
527.057007
526.435547
525.520935
524.676270
523.761047
522.694885
521.482422
520.430542
519.583252
518.498657
517.606812
516.843689
515.891113
514.868225
513.598145
512.975037
512.130188
511.544556
510.983154
510.332886
507.746307
508.948730
508.004608
506.897278
506.078583
505.364532
504.639313
504.066986
502.146729
503.216736
502.685944
499.065216
501.802521
501.237671
498.497375
500.353973
499.916870
499.387939
498.858551
497.395538
496.626587
624.755188
705.104980
617.198242
614.391418
701.910095
608.843262
606.331360
644.066589
601.392212
598.863098
602.800232
594.489319
592.361450
590.230713
587.962402
585.660889
583.272095
581.112061
581.971985
577.342041
575.573547
573.805725
572.156433
570.529358
568.883362
567.218628
565.469666
563.964111
562.436096
561.029907
560.107178
558.175171
557.387268
555.198120
553.687378
552.380493
551.138855
549.883667
548.712402
547.698853
546.377502
545.229431
544.078613
543.059082
541.945068
540.973755
539.934265
538.764343
537.572754
536.222961
535.000916
533.777649
532.619812
531.282043
529.846680
527.731995
527.369263
526.011475
524.883057
523.586548
522.059631
520.263855
518.422241
515.823181
515.422363
513.771851
510.022247
510.526306
509.583282
508.073517
508.417389
507.737183
507.074219
506.607452
506.209473
505.295807
504.502197
503.422852
503.207123
502.735870
499.614136
501.866638
501.405701
498.470551
500.507629
500.114624
499.276093
499.123688
498.814850
498.247986
497.849274
497.429504
496.886383
496.470825
495.160156
495.593048
495.233826
494.714111
493.408020
492.630920
618.439392
614.587952
611.471619
608.531433
605.851196
603.166199
609.658875
598.022827
617.443115
592.824219
590.307007
587.851013
585.328613
583.051147
580.618408
578.446716
576.059021
579.281616
571.184998
568.865906
566.911438
564.719727
565.721069
560.988953
559.155396
557.868591
555.678406
554.070679
552.466553
550.846130
549.364868
548.724976
546.344727
544.926453
543.506775
542.172241
540.717712
539.095276
537.598816
536.292969
534.954529
533.855469
532.007141
531.651489
530.561523
529.260803
528.605042
527.590454
526.635803
525.766235
524.858337
523.938599
523.017273
522.242798
521.342712
520.444763
517.980835
518.381165
517.475098
514.971313
515.879700
515.126160
514.194946
513.794189
512.963074
512.244629
511.683441
511.018982
510.268982
509.575897
508.405579
508.284271
507.590607
506.866272
506.207947
505.230377
504.479279
503.933533
503.199127
502.614014
502.154388
501.603607
500.799957
500.452362
498.442566
499.424438
498.840546
498.265076
497.948425
497.311188
496.900635
496.395630
495.896149
493.113556
494.577606
493.948273
493.435516
492.933319
491.730530
491.298492
617.075562
652.296387
609.833435
606.967529
604.160217
601.478577
598.992798
616.912231
593.844055
591.392029
588.815613
586.307861
583.911194
581.663574
579.335510
582.234985
574.446960
572.141968
575.556580
567.767761
565.811646
567.012085
562.224487
560.402710
558.812073
556.977417
555.220764
553.580872
552.028748
551.670044
548.976501
547.533142
546.382568
544.481873
543.032410
541.633972
539.921692
538.406921
537.267212
535.885498
534.544739
533.502808
532.440552
531.213135
530.148315
529.160950
528.061401
527.022278
525.930237
525.070496
524.144592
523.137695
522.189453
521.269531
520.287537
519.344666
518.273499
517.228699
516.249146
515.356628
513.788086
513.839844
513.155640
512.472778
511.711395
511.018799
510.429932
509.790955
509.166290
507.319702
507.908295
507.241028
506.578369
505.983185
505.425476
504.806641
504.190552
503.422852
502.866547
502.146362
501.463196
500.923462
500.316650
499.070435
499.443756
498.959290
498.432404
497.874664
497.525146
496.887268
496.509521
494.164063
495.552338
495.020386
491.326935
494.211731
493.800415
491.130066
491.913574
491.257233
654.052856
612.697327
609.339600
606.441528
603.779175
619.329468
598.479309
595.975464
624.346130
590.837280
588.265076
602.461731
583.313660
581.010559
581.168030
576.525146
574.225403
572.049194
569.898682
567.642334
565.986877
563.038208
562.547913
559.144043
557.340515
555.784668
554.001038
552.353210
550.820740
549.226990
547.802551
547.129211
544.867859
543.492249
542.214233
540.845154
539.955200
538.302979
537.058655
536.027588
534.686768
533.546204
532.134216
530.813171
529.615295
528.453491
527.562500
526.487488
525.627563
524.825806
523.953979
522.976318
522.065735
521.091431
520.301575
519.392456
517.024231
517.789124
516.946777
515.691772
515.289551
514.469116
513.489868
512.586365
511.569824
510.733185
510.057739
508.121399
508.713623
508.065094
504.957947
506.695953
506.066193
504.117310
505.168243
504.416901
503.609253
503.085663
502.428741
501.902252
501.264557
500.298828
500.080414
499.436218
495.906799
498.013275
497.356537
494.105072
496.470520
495.909698
495.557648
495.170105
494.574585
494.245087
493.728943
493.341248
492.732758
492.513489
490.363159
490.888794
616.800110
612.890076
609.671082
606.820557
603.946472
600.998230
598.163147
624.719604
592.791992
590.226074
587.922363
585.367493
592.952942
580.555664
578.269470
576.411682
573.931519
571.729431
569.570251
567.542786
565.589966
565.716187
561.698303
559.786743
557.879211
555.872314
553.912292
552.177856
550.609863
549.794739
547.527771
546.074036
544.996155
543.087402
541.755859
540.855164
539.121155
537.856689
536.584656
535.450378
534.160889
533.118042
531.850708
530.713989
529.487549
528.297119
525.988037
525.724670
524.647339
522.899963
522.701416
521.811340
520.893127
520.070190
519.168945
518.378601
517.615295
517.087158
516.051514
515.284912
512.915649
513.758606
513.070618
512.366943
511.660828
510.943237
510.294067
509.474152
508.513611
507.623840
507.015381
506.350403
505.575470
505.100586
503.709351
503.901001
503.256042
502.876984
502.282776
501.774353
501.194763
500.640900
500.084686
497.921631
498.966309
498.459259
497.811005
497.086304
494.556702
495.627289
495.200195
494.651367
494.137726
493.870850
493.266998
492.866119
492.504364
490.993042
490.889221
490.427429
616.369873
612.362000
609.126465
606.236084
603.392578
655.682800
598.129456
595.474121
625.221130
589.676025
586.924133
592.962280
581.811157
579.460022
577.218079
575.211731
572.934875
570.811218
568.757019
569.716614
564.809387
562.914978
564.316223
559.341919
557.606995
557.916931
554.220215
552.605652
551.039368
549.212097
547.454834
545.852600
544.235474
543.783020
541.448792
540.160156
538.734741
537.306824
535.852356
534.691528
533.306458
532.165771
530.925781
529.747192
528.637756
527.074646
526.497498
525.374512
524.157471
522.899658
521.590698
520.734741
519.798767
518.864319
517.966003
517.196167
516.456787
515.481018
514.744263
513.144592
513.174622
512.292542
511.663666
510.931610
509.086792
509.433014
508.770477
508.051086
507.408295
506.394684
505.469269
504.785156
504.022583
502.870270
502.843048
502.279663
501.742462
501.323334
500.807281
500.279175
499.814209
497.082336
498.789948
498.318054
494.955139
497.284729
496.881012
495.272156
496.019104
495.268158
494.697083
494.024017
493.371552
492.864685
492.304871
490.548553
491.622650
491.211212
486.522186
489.515564
614.701904
933.650330
607.657593
604.773621
610.262085
599.308899
596.741699
594.221680
591.458801
588.944153
586.222046
583.387451
583.902588
578.203369
575.847168
573.636841
571.414185
569.352173
567.215637
565.155884
563.167480
564.583008
559.406860
557.616150
555.934387
554.169373
553.551147
550.787842
549.233276
547.664673
546.243958
544.690491
543.103210
541.385132
539.783081
538.733948
536.968506
535.581848
534.283875
533.283325
531.847046
530.939514
529.666626
528.715881
527.628967
526.591003
525.642578
524.548096
523.596985
522.650696
521.818909
520.893066
519.949951
519.057251
518.219604
517.420532
516.540588
514.430115
514.403503
513.442993
510.904877
511.925812
511.159424
509.744415
509.859985
509.135468
508.597443
507.931305
507.293427
506.585388
505.974365
504.956177
504.769440
504.105194
501.216278
502.885498
502.301453
499.420929
500.949219
500.120544
499.076324
498.612976
497.733582
496.978577
496.335449
496.070099
495.671265
495.931946
495.102600
495.780334
495.846161
495.812592
495.815002
496.021606
496.092194
496.194153
496.293121
493.674988
495.522797
495.485687
656.303345
616.419739
726.649292
611.229980
609.018921
607.592773
604.809448
602.710266
600.490906
598.346008
596.239624
605.529480
591.876465
589.750732
587.774353
585.923279
583.877441
581.998047
580.060425
578.970398
575.836853
573.824463
572.019653
570.225647
568.437256
568.073669
565.202698
563.729736
562.295471
560.953674
559.652649
558.154968
556.547913
555.559448
553.603638
552.141174
550.677795
549.339783
548.057861
546.990540
545.575928
544.482422
543.283081
542.041077
540.684998
539.421753
538.300293
537.674072
535.994751
534.833557
532.687561
532.643738
531.552673
529.125732
529.456970
528.458740
527.331726
526.434753
525.481262
524.523621
523.692871
522.666748
521.390991
520.501282
518.718872
518.376831
517.595276
516.793091
516.116211
515.078491
514.383850
513.601501
512.572388
511.742584
511.212738
510.320526
509.691437
509.388641
507.082458
508.333679
507.861603
507.404236
506.875793
506.079620
505.361389
504.808685
504.349426
502.085632
503.662537
503.243317
502.915131
502.619751
502.235779
502.174652
502.103485
501.435333
502.201477
502.015228
497.654419
501.007690
627.448730
822.602539
621.085266
618.050049
615.981934
612.692566
610.160339
607.778503
605.327515
613.050781
600.348511
598.029114
610.132202
593.093384
590.782166
596.805603
586.375977
584.210938
583.036560
579.964600
577.897400
575.965881
573.933228
571.905518
569.692871
567.787842
566.687378
564.266235
562.741943
561.236572
559.750061
558.348633
556.913208
555.513672
554.038818
552.588806
551.290833
549.752991
548.705444
547.273987
545.850586
544.601501
543.631287
542.633484
541.619446
540.536682
539.192627
537.555481
536.230103
534.965942
533.792969
532.669495
531.582031
530.546204
528.214294
528.167908
527.327026
526.221313
525.250427
524.230774
523.375854
522.222717
521.143250
519.345642
519.177979
518.017334
516.926453
515.936401
514.974487
514.252258
513.543396
511.290344
512.140320
511.643555
508.688599
510.546936
510.027802
508.234222
509.063141
508.512756
508.035553
507.548065
506.819214
506.473694
506.280701
505.303131
505.503632
505.238037
502.023102
504.694031
504.525452
501.623871
504.283112
504.056213
503.507629
503.587311
503.285583
502.862610
501.762848
501.381714
627.993958
624.692505
679.829163
619.005554
616.126221
613.387878
610.615479
608.253967
605.774231
603.506714
601.184326
598.897705
596.427551
594.033813
593.920532
589.548035
592.687256
585.103943
582.839783
580.699219
578.586487
576.504272
574.316406
572.185303
570.222534
570.345337
566.490356
564.730225
563.083740
561.340576
559.523682
557.698792
555.867371
554.301819
552.593994
551.091431
549.578552
548.148865
546.756409
545.497864
543.595520
542.176575
540.437378
539.044800
537.567139
536.445618
535.206482
533.183472
532.599426
531.543152
529.229370
529.563782
528.659302
527.097412
526.889282
525.933594
525.216553
524.204285
523.434143
522.462219
521.432739
520.130188
519.564087
518.862244
516.198303
517.587219
517.127319
514.582947
515.906006
515.401855
514.763489
514.855713
514.697021
514.267517
514.518982
514.067261
513.668884
513.467834
512.522766
512.831665
512.564087
512.335571
511.818909
511.543182
511.124756
510.660522
510.195160
509.668762
509.119537
508.469971
507.800659
507.545715
505.468842
506.802917
506.379211
505.996277
505.616608
505.176697
504.018036
503.532867
630.997559
908.064026
623.667847
620.728882
619.049561
614.986206
656.950562
609.753418
606.981384
606.565430
601.477783
598.783630
596.025269
593.566284
591.188110
593.944763
587.002502
584.825928
582.605042
580.453491
578.316956
576.302002
574.283630
574.242371
569.983093
567.744751
567.474487
563.874023
561.933411
561.120972
558.315186
556.586365
554.784912
553.161987
551.594482
550.138550
548.726257
547.791870
545.928284
544.747925
542.847046
542.111145
540.747070
539.037842
538.483643
537.421570
536.228271
534.767700
533.670227
532.723755
532.072144
531.315613
530.550171
529.763000
528.803955
528.156372
527.482361
526.617249
525.850891
524.987000
523.954712
522.899231
521.939697
519.834412
520.858093
520.031555
519.126404
518.434265
516.958679
517.111267
516.890930
516.599915
516.287170
515.846741
515.500366
514.852112
514.473022
512.731567
513.884888
513.442139
513.075806
512.559998
509.714874
511.099365
510.491425
509.903717
509.674103
509.376862
509.249115
508.732574
508.429443
506.919891
507.398224
507.039581
506.803131
506.576630
506.288116
505.847046
504.562073
501.642059
630.867676
626.868469
846.352722
620.704529
617.939697
660.934692
612.923828
610.200623
607.812378
604.450134
601.713257
599.080139
596.474670
598.985901
591.599365
589.273315
594.364258
584.551880
582.204468
584.435364
577.203247
574.852600
573.556702
570.521790
568.474426
566.337646
564.153625
562.163940
560.869141
558.598389
557.405701
554.755981
552.812866
551.027954
549.299438
547.713196
546.189819
544.686829
543.104797
541.389160
540.172302
538.958313
537.693970
536.374756
535.225952
534.328979
533.352234
532.164612
531.201294
530.247375
529.297974
528.511353
527.612854
526.427673
526.351379
525.847534
525.366638
524.883118
523.094666
523.962708
523.458679
522.647888
521.907349
521.351624
520.850891
520.439392
519.952576
519.224060
519.522339
519.026489
518.543091
518.018372
517.329773
516.708008
516.251221
513.950317
515.172058
514.812683
511.596619
513.860413
513.459717
511.372894
512.371582
511.786041
511.107605
510.354034
509.529358
508.768860
508.272949
506.901520
507.432526
506.874420
503.105988
505.864288
505.093262
501.519806
504.287720
503.944305
502.500427
502.411407
628.808838
625.315063
622.274536
619.358521
628.420166
613.387512
627.480042
607.160645
603.890747
600.859314
598.026184
595.313171
592.708801
590.165100
587.379150
592.472290
582.391357
579.987549
577.889526
575.309082
576.120911
571.090698
568.971741
566.994324
564.921387
563.139465
561.135254
559.202209
557.446716
556.602722
554.012573
552.382751
550.906555
549.478699
548.304443
547.041626
545.905762
544.802185
543.463745
542.278198
540.918335
539.729004
538.769165
537.455078
536.028503
534.954529
533.884460
532.937500
532.130188
531.445435
530.738342
529.592590
529.591736
529.023987
526.838318
527.671326
526.914856
525.294800
525.967102
525.490601
525.014404
524.223938
523.287292
522.386902
521.608032
521.008301
520.551392
520.204590
517.651550
519.235413
518.851624
516.137512
517.774780
517.104614
516.761780
516.074158
515.498230
514.909485
514.256042
513.522766
512.388000
511.736481
510.050262
510.358337
509.720306
509.309143
508.713684
508.243683
507.874451
507.368927
506.965179
504.261383
505.823212
505.273773
504.723480
504.513855
502.001343
503.645844
502.347534
501.650330
628.186157
624.218384
620.814636
617.880798
614.900269
646.988953
609.404846
606.601807
603.855408
601.159668
598.318115
595.535950
592.891418
600.161621
588.060120
585.666077
590.681641
580.510559
578.417664
579.237549
574.081238
571.709412
569.522583
567.450073
565.447998
563.443787
561.462402
560.802124
557.817993
556.307251
555.502502
553.013794
551.373291
550.478577
548.624817
547.253784
546.131897
544.688538
543.314087
542.132996
540.632324
539.135193
537.732544
536.491394
535.513977
534.421692
533.743103
532.860962
532.169800
531.578613
530.987305
530.216919
529.664429
528.973694
528.220337
527.471985
526.823181
526.126709
525.085999
525.041138
524.569153
523.843872
523.093933
522.625671
522.009583
521.332886
520.849731
519.070068
519.951782
519.460083
519.107056
518.616760
516.521423
517.636841
517.333801
516.612976
516.070923
515.570374
514.740234
513.976807
513.076050
511.597931
511.737122
511.207886
510.739838
510.249054
509.673279
509.186371
508.652527
505.543335
507.502075
506.925568
502.974213
505.737671
505.036163
502.900696
503.641083
502.627808
500.835480
499.873077
625.912476
622.149048
619.018494
671.633484
613.172424
610.316711
660.793396
604.518005
601.753174
621.999695
596.535156
593.908997
593.107605
588.219910
585.448120
583.164978
580.944214
578.631470
576.446777
574.274170
573.471436
570.093445
568.435181
566.779968
565.025391
563.242615
561.416809
559.820496
558.267029
557.889160
555.482361
554.180847
552.847290
551.435913
550.757385
549.040955
547.738342
546.655029
545.566956
544.613342
543.487732
542.638000
541.701782
540.778442
540.179382
539.501953
538.886841
538.071350
536.519775
536.358337
535.451904
534.443848
533.424988
532.300964
531.259583
530.324707
529.629333
528.471313
528.194641
527.448669
526.824341
526.088074
525.325134
524.623413
523.906616
521.862854
522.421570
521.729492
518.812622
520.344543
519.646179
517.500916
517.855164
516.930786
516.148560
515.474182
514.828125
514.265198
513.664795
512.664978
512.307861
511.663330
508.203522
510.386414
509.796783
506.379669
508.597290
507.862122
506.605927
505.968567
505.145050
504.319672
503.415344
502.634613
501.368286
501.250488
499.626190
500.453552
499.397156
498.735077
626.655701
622.848389
619.735657
616.854736
613.878540
670.363525
608.568726
606.085266
604.768494
600.615601
612.548279
594.818970
592.199341
590.032043
587.248962
585.191223
582.943787
580.459229
578.111511
579.341614
573.613037
571.699463
569.931702
568.223389
566.508057
565.108337
563.532837
562.569336
560.388794
558.764709
558.175293
555.959534
554.526917
553.847290
552.256226
551.054260
549.867859
548.664124
547.828430
547.009644
545.958069
544.975403
543.797668
542.694885
540.735962
540.429443
539.096191
537.063721
536.792175
535.874268
535.098450
534.325317
533.510559
532.780457
531.996887
531.217285
530.516174
529.711487
528.679871
528.059326
527.296997
526.474365
525.765381
525.096252
524.068665
523.136719
522.303955
521.575684
520.912048
520.130005
519.339294
519.061951
517.150818
517.602234
516.838501
515.723816
514.923828
514.559326
514.055115
513.425842
512.828247
512.136292
511.312500
510.388947
509.487000
508.881470
505.837860
507.530701
506.870422
505.920746
505.506409
504.918854
504.246521
503.487701
502.902008
500.189331
501.614807
501.054504
499.827209
499.300659
627.649902
623.906006
620.670532
700.320374
614.838501
612.211182
663.615112
606.745483
604.094788
620.746033
598.890259
596.342285
594.426086
591.558167
589.077271
586.677368
584.045532
584.415710
579.236145
577.065857
578.827026
572.551208
570.343933
570.903259
566.030151
564.290466
563.152588
560.739319
559.174500
557.741821
556.529114
555.318542
553.879822
552.499878
551.643738
549.999084
548.802490
547.603271
546.738892
545.794250
544.680115
543.849487
542.989136
542.164917
541.256470
540.335938
539.595093
538.581421
537.121338
536.771851
536.012695
534.945984
533.841980
532.921021
532.093628
531.317078
530.545349
529.846436
529.089722
528.205750
527.537231
526.807617
526.075928
525.337036
524.701416
523.769470
523.287537
522.588318
522.015564
521.289673
520.814453
518.837646
519.581909
518.834778
518.129272
517.242310
516.563660
515.967896
515.351501
513.543152
514.328491
513.688171
510.149048
512.318909
511.593048
508.499817
509.923248
509.130554
508.271973
507.295746
506.728180
506.059326
505.129730
504.105804
503.572845
502.669617
498.844147
501.246796
499.885925
495.806793
628.144165
623.789978
676.948364
616.892944
613.842896
610.992004
608.276978
605.582703
602.854248
600.350281
608.862610
595.150024
592.574036
590.084106
587.573364
585.509216
583.399109
581.336548
579.324280
577.350586
575.617981
573.940125
573.152588
570.567810
571.110840
567.465149
565.805786
564.427979
562.854675
561.393921
559.995667
558.689453
557.253906
556.284119
554.347290
552.980774
551.752441
550.472656
549.484497
548.601196
547.568481
546.660950
545.596069
544.505493
543.459534
542.570251
541.557678
540.298706
539.655457
538.705933
537.784241
536.739197
535.455200
534.259644
533.268738
531.929626
531.626099
530.756104
528.175781
529.064514
528.401855
526.100525
526.667175
525.912537
524.954346
524.235474
523.590942
522.690430
521.921021
520.838684
519.771606
518.705627
517.229370
516.144348
515.218933
514.464111
513.478027
512.388794
511.312012
510.593414
509.979980
509.607880
509.227325
508.785400
507.471405
507.609344
505.609192
506.472198
505.538177
504.651276
503.728088
502.988739
502.036011
501.483276
500.915894
500.696838
500.519714
500.038635
498.613373
498.452332
179.349884
623.658630
620.349060
624.758118
614.673035
612.178772
609.624817
607.139771
604.520813
623.141663
599.578186
596.921387
594.843933
592.348511
590.265381
588.417114
586.557617
587.267090
582.905151
581.005127
579.166931
577.366638
575.686157
576.032959
571.924194
570.060852
568.192383
566.539551
564.985229
563.353455
561.563232
560.891541
558.447693
557.056458
555.949829
554.606995
553.358521
551.999451
550.693909
549.548828
548.268311
546.871521
545.700928
544.664429
543.569824
542.595398
541.668640
540.594666
539.532654
538.736755
537.608765
536.270386
534.963562
533.958435
532.998596
532.079529
531.293457
530.379517
529.556213
528.645447
527.502380
526.803772
524.805786
524.829285
524.001038
523.091614
522.326660
521.573181
520.844543
519.847656
519.033264
518.012695
517.037659
515.888733
514.900818
513.917053
512.991150
512.220764
511.464508
510.640076
510.197906
509.562744
508.991150
508.379059
507.713531
505.088409
506.541016
506.032043
505.597748
504.846252
504.361115
503.960297
503.294617
501.731628
502.214417
501.599243
497.572296
500.614258
499.449646
496.956665
627.706421
624.520813
628.535339
618.843811
616.302917
613.756958
611.222290
618.669250
606.668152
604.396545
622.109375
599.860657
597.468140
607.293335
592.658203
590.369507
590.284729
585.320374
582.859863
580.580750
578.541687
576.795898
575.140320
573.503357
573.354370
570.045349
568.139832
566.387512
564.554932
562.709717
560.936951
558.915283
556.355042
553.956238
551.917053
550.293457
548.978271
547.010559
545.381226
543.682495
541.779358
540.063538
537.792358
535.652100
533.176392
531.225403
530.169128
529.078064
527.981995
526.999084
526.161072
525.401978
524.635620
524.043030
523.575439
522.924072
522.424133
521.632019
520.922607
520.007690
519.082092
516.598206
516.958740
516.194824
515.361145
514.708435
514.097412
513.472412
512.680176
511.194366
511.323029
510.712341
507.619934
509.291779
508.773560
506.115082
507.416626
506.885834
506.120392
505.635101
504.893188
504.143372
503.295532
502.704712
502.169220
501.595398
498.576752
500.656647
500.192017
496.475342
499.078247
498.589294
496.847656
497.552216
497.029236
496.726837
496.366455
495.918854
494.630493
494.046539
233.096008
616.901978
612.863403
610.961243
607.131958
604.434937
601.895508
599.345825
596.738525
594.189453
591.568420
589.049255
593.695496
584.237122
581.873291
579.696838
577.374390
576.007690
573.082947
570.955627
568.851868
566.850952
564.749207
562.585022
560.588501
558.846069
557.463928
555.422485
553.951233
552.361084
550.879211
550.080750
548.007996
546.589539
545.242249
543.967041
542.675598
541.512024
540.148132
539.075073
537.729004
536.527954
535.056152
533.804138
532.610474
531.821594
530.569458
529.460266
527.451843
527.542786
526.607788
524.572571
524.827454
523.962708
522.931213
522.203186
521.390259
520.455688
519.663513
518.673889
517.818054
516.736755
514.289246
514.954529
514.090271
511.175079
512.634521
511.973755
510.299713
510.534058
509.864563
509.202667
508.577179
507.869476
506.178314
506.655853
504.344849
505.539063
504.965240
504.297699
503.800812
503.175690
502.550018
501.959106
501.110229
500.434265
499.772369
499.247925
497.845459
498.029694
497.674286
497.220490
496.724579
495.864716
495.834625
495.433624
495.035065
494.594574
493.400421
492.941315
618.679077
615.294983
634.916992
609.104309
606.237915
603.534180
601.028015
620.976135
595.438477
592.691101
590.104675
587.391968
584.970886
592.919128
580.414673
578.343567
576.801514
573.987305
571.910095
569.808655
567.871277
565.967773
564.174988
562.392883
562.687927
558.961975
557.121094
556.993469
553.765320
551.936890
550.848267
548.557861
546.968750
545.562256
544.190613
542.950012
541.625488
540.257019
539.015991
537.944946
536.651917
534.917603
534.526611
533.299683
531.847534
531.089844
529.975647
528.612244
527.430603
526.361450
525.006042
524.324646
522.387451
522.593201
521.628235
520.744324
519.996399
519.131165
518.352661
517.468506
516.722412
515.897217
515.109436
514.263489
512.888916
512.330017
511.604767
510.935944
510.211121
508.937531
508.824219
508.205170
507.556732
506.861603
506.287537
505.662354
505.022766
504.499634
503.800232
503.257721
502.485291
501.773499
501.057037
498.784241
500.007202
499.655243
496.220367
498.692078
498.306152
495.025055
497.320160
496.924866
496.012054
495.988068
495.643921
495.264191
495.183014
494.788391
493.698029
493.266449
136.633743
615.428467
612.039978
748.624146
606.139099
603.320801
627.132874
597.889587
595.277222
592.918579
590.219238
587.603149
585.051697
582.701599
585.435608
578.094299
575.797302
573.764038
571.449829
569.334045
567.236084
565.259155
563.307739
561.231384
559.089539
557.280029
556.761230
553.640442
551.972046
550.437805
548.964294
547.731018
545.734009
544.300781
542.991577
541.677185
540.435242
539.231934
538.074158
536.979187
535.853455
534.600647
533.575806
532.424805
531.420654
530.244141
529.026855
527.752686
526.690857
525.632507
524.791626
523.868469
523.043640
522.107056
521.179688
520.386047
519.595520
518.684753
517.906006
517.264954
516.351074
515.562439
512.929993
514.028564
513.179016
510.381195
511.472107
510.500214
509.256348
508.893524
508.135254
507.582092
506.988617
506.229858
505.748077
505.050690
502.817291
503.903564
503.334534
500.096954
502.298676
501.720825
499.595978
500.585724
500.033936
499.474609
498.922546
498.413086
497.851593
496.942932
493.913635
495.743225
495.082672
494.492126
494.077606
493.825012
493.450043
492.946625
491.789764
491.284149
616.893433
613.034180
721.502014
607.055786
604.203979
601.563232
598.982300
608.560547
593.788391
591.252686
588.756165
586.247375
583.654785
580.944458
578.404358
575.967957
576.679871
571.458618
569.359070
567.354370
565.402405
566.266418
561.575317
559.810486
558.093750
556.383057
554.542664
553.027466
551.400330
549.941772
548.794739
546.964905
545.458008
544.041992
542.701538
541.411194
540.063232
538.556213
536.796509
535.733765
534.376465
532.708313
532.082092
531.109741
529.987183
528.994324
527.992493
526.923401
525.891418
524.924255
524.024475
523.013123
521.760254
521.184692
520.322205
517.884644
518.631653
517.704590
515.619751
515.707275
514.765320
513.724426
512.887939
512.189453
509.841309
510.828827
510.129395
509.335052
508.869324
507.815277
507.507202
506.794800
506.020447
505.333435
504.845947
504.167664
503.611877
503.105225
501.128754
501.906799
501.300293
500.623322
499.595734
497.904541
498.357330
497.665436
497.215820
496.736084
496.289215
495.608337
495.227783
494.813660
493.413452
493.808258
493.396820
492.992340
492.660095
489.615845
491.039307
490.612671
667.430603
612.387085
609.257202
740.326538
603.141479
600.136719
613.758057
594.804077
592.097656
589.509705
587.013184
584.622803
582.053894
579.825073
584.141296
575.415222
573.126282
577.595215
568.880371
566.884888
568.186462
562.911560
561.039307
559.354919
557.370056
555.665100
553.494019
551.698669
551.124878
548.323792
546.702087
545.876465
543.755127
542.320129
540.952271
539.604980
538.296997
536.980408
535.715393
534.582764
533.043579
532.169678
530.888489
529.840759
528.701599
527.687256
526.641541
525.530518
524.450806
523.309509
522.038025
521.013306
520.027283
519.205688
517.716553
517.492065
516.862244
515.965027
515.304321
513.727722
513.891968
513.087708
512.420532
511.829315
511.097504
510.430939
509.852966
509.151855
508.032684
507.675842
506.889435
506.049591
505.220581
504.404480
503.873260
503.160919
500.348389
502.086090
501.402100
498.112122
500.430389
499.846039
498.523438
498.669922
498.139038
497.633881
497.161896
496.598816
496.115082
495.370087
492.879547
494.011963
493.368011
489.649475
492.292847
491.887360
489.389343
491.115509
489.917175
489.460022
614.528748
610.894958
607.674744
604.777527
623.260132
599.456726
596.831360
599.197571
591.707336
589.213623
586.539551
583.946228
581.193970
578.619202
576.135437
573.918213
577.757202
569.503479
567.458069
565.584167
563.429688
563.132629
559.681641
557.946167
556.192505
554.614685
552.838562
551.242432
549.763428
548.192200
547.560791
545.310364
543.760132
542.319153
541.016846
540.036194
538.004150
536.469849
535.134827
533.942688
532.546326
531.323059
530.320984
529.238892
528.223816
527.133850
526.163574
525.010559
524.076660
523.068359
522.169312
521.203064
519.032593
519.437500
518.469360
516.089844
516.736023
515.617554
514.175598
513.523071
512.693481
511.802948
510.994171
510.436859
509.661560
508.923401
506.993347
507.592621
507.004303
503.960083
505.621460
504.992706
502.882202
503.661072
503.164063
502.427948
501.901489
501.391632
500.773010
500.158813
498.888214
498.663544
497.904297
497.145203
496.839844
496.301086
495.826721
495.414276
495.002625
494.459473
494.166229
493.654083
491.228699
492.800507
492.348480
491.899323
491.567047
490.448151
489.884918
489.462189
614.489380
610.792053
607.233582
604.067627
601.096191
598.327515
619.507202
593.126404
590.610718
588.038391
585.521606
594.209473
580.610229
578.337219
576.126465
573.923889
571.651733
569.548157
567.386536
565.369995
564.525330
561.322815
559.453613
557.611938
555.808777
553.955444
551.814209
550.031921
549.427307
546.735596
545.231262
544.607056
542.433716
541.018921
540.201904
538.528687
537.291687
536.111755
534.912781
533.878662
532.567444
531.518616
530.204712
529.327026
528.236023
526.366638
526.227600
525.049072
523.259521
522.625671
521.639832
520.637268
519.705811
518.891907
518.028320
517.123657
516.294617
515.471191
514.679565
513.778748
513.083618
512.257751
511.510742
510.905762
510.080200
509.339844
508.608246
507.721588
505.499420
505.822357
505.065430
504.402191
503.664764
502.651215
502.517395
501.782562
501.190979
500.772949
500.173920
499.621948
499.148956
498.639862
497.090363
497.455048
496.977692
496.387756
495.906036
493.955841
494.902985
494.109833
493.407654
492.797943
492.299103
491.711792
491.296204
490.987579
490.236206
490.145935
489.009308
488.756805
613.749817
610.049316
606.849121
604.168823
685.519348
598.852966
596.431946
634.368408
591.483032
589.077209
593.879944
583.916626
581.586731
579.220703
576.747681
574.505188
572.215149
570.090759
571.875916
566.164551
564.262390
566.034912
560.666748
558.920532
559.028137
555.483582
553.688660
552.096375
550.340332
548.462891
546.809814
545.334778
544.592407
542.331299
540.988708
539.640198
538.232239
536.925293
535.704834
534.522095
533.224854
532.113953
531.021118
529.777771
528.462952
527.287659
526.008179
524.725830
523.621521
522.568237
521.723022
520.805542
519.902893
518.895264
517.939941
517.134583
516.397156
515.482605
514.479492
513.797913
513.135986
512.243530
511.584564
510.357117
510.014008
509.048218
508.083038
507.278748
506.609528
505.642517
505.083649
504.473938
503.710480
503.093048
502.561554
501.861664
501.337463
500.513580
500.263062
499.738159
496.655731
498.702209
498.090302
494.962433
497.082336
496.527466
495.569611
495.464996
495.045868
494.395233
493.918701
493.175659
492.463715
492.060089
489.018402
490.924957
490.611664
486.935944
489.183929
488.741455
255.521622
609.721558
606.516052
604.211609
601.100342
598.373291
595.919739
593.322510
613.648926
588.611877
585.743347
583.819824
580.727722
578.218018
575.552124
573.235535
570.900330
568.650818
566.476868
564.515930
565.273621
560.645813
558.739990
556.965515
555.082825
553.911255
551.690125
550.165955
548.538879
547.033691
545.614868
544.036499
542.516113
540.959839
539.895203
538.240356
536.811523
535.179871
533.560852
532.556580
530.944031
529.687561
528.672058
527.607178
526.503052
525.487061
524.562988
523.512390
522.642395
521.693115
520.892578
520.007324
519.118652
518.423462
517.407104
516.495544
514.225891
514.863831
514.001526
511.293457
511.945892
511.014771
510.038635
509.519257
508.722351
508.044220
507.397949
506.711212
506.048584
505.388519
503.053406
504.241455
503.606018
500.569946
502.433502
501.814636
500.038513
500.378296
499.698181
498.832764
498.353516
497.787201
497.211060
496.716400
494.368378
495.614868
495.253357
494.600403
494.281677
493.797943
493.491394
493.072357
492.597443
492.195068
491.537415
490.960419
489.077332
490.091217
488.888062
488.489655
613.142639
643.484192
606.083740
603.312317
600.509094
597.886963
595.294312
592.983459
590.514648
588.093994
589.961731
582.886902
580.212158
577.737061
575.379883
577.269531
570.948853
568.840698
566.621643
564.574585
562.630859
564.018250
558.878174
557.055786
555.518555
553.689514
551.917847
550.311523
548.709717
548.123352
545.157043
543.573975
542.499512
540.475159
539.080444
537.972290
536.554932
535.164307
534.061584
532.815186
531.490234
530.354492
529.265381
528.246887
527.241516
526.225525
524.392212
524.044067
523.089294
521.039490
521.462463
520.464600
519.215942
518.627625
517.720886
516.651978
515.631897
514.623596
513.775452
512.934937
511.401764
511.493805
510.834625
510.243835
509.494507
508.828003
508.303894
507.681000
507.115082
506.308044
505.734283
505.089233
503.776276
503.750031
501.259857
502.549072
501.822357
501.210846
500.516266
499.716095
498.973297
498.389740
497.683777
497.184662
496.589142
496.082367
495.409943
495.053711
494.632446
494.074127
493.730133
492.785553
492.771118
492.318665
491.887054
491.555847
491.154266
488.307434
489.490417
489.052124
632.317566
609.903870
606.298279
603.175964
600.344116
629.528809
594.801941
592.251892
622.258362
587.391602
584.768860
596.542542
580.003784
577.785095
576.375000
573.526733
571.425842
569.375427
567.357056
567.562744
563.332581
561.392700
562.515625
557.774292
555.850830
556.074036
551.911072
550.140015
549.067200
546.826050
545.372070
543.895386
542.338623
540.821716
539.579163
538.273132
537.341919
535.731689
534.454468
533.421082
532.141357
531.055725
529.925842
528.789917
527.688416
526.666016
525.559204
524.236633
522.907593
521.844849
520.166443
519.839783
518.843750
518.010864
517.194336
516.218628
515.454529
514.615540
513.875977
513.075623
512.427979
511.672485
510.936646
510.370636
509.648834
508.931244
508.336456
507.525299
507.051117
506.344879
505.603394
504.717133
503.866516
501.865509
502.643433
501.881256
501.294281
500.810822
500.140106
499.528198
499.065247
496.960327
498.028625
497.443390
494.127136
496.526276
496.034210
493.605164
495.113953
494.462219
494.022400
493.494385
492.725067
492.147308
491.544983
490.416748
490.573914
490.104919
485.718719
488.499817
612.847107
994.705933
605.970825
603.180908
620.005005
597.826294
595.379333
592.920288
590.362671
587.902771
585.404541
583.005615
586.413391
578.251282
576.007446
573.774475
571.360779
568.832520
566.629456
564.425537
562.380249
560.453247
558.612671
556.898560
555.825012
553.446045
553.325378
550.186951
548.729553
547.223389
545.768738
544.424072
542.992004
541.581909
540.203308
539.206177
537.589661
536.241516
534.850220
533.339294
531.959839
530.891174
529.846680
528.676819
527.578796
526.553528
525.508118
524.393555
523.432922
522.080872
521.660645
520.706055
519.772217
518.895264
518.023865
517.192383
516.375549
514.695190
514.783691
513.850769
511.234802
511.895630
510.980988
509.049683
509.361511
508.644165
507.827332
507.253204
506.523468
505.745789
505.141815
504.319977
503.906860
503.280396
500.441284
502.146301
501.551758
498.761536
500.523315
500.046417
499.086731
498.982178
498.358490
497.740723

