-2.291400
-3.081778
-3.752394
-4.319163
-7.587357
-5.246822
-5.626849
-5.960314
-6.248454
-6.502276
-6.723943
-6.919251
-7.825500
-7.235748
-7.368913
-7.489015
-7.592648
-7.663935
-8.656758
-7.805254
-7.848218
-7.894806
-7.934501
-11.475657
-7.990721
-8.001756
-8.092259
-8.023079
-8.021713
-11.675071
-8.027885
-8.007189
-8.168080
-7.984958
-7.965672
-7.947066
-7.920986
-9.914814
-7.874454
-7.849389
-7.810376
-7.783696
-7.745623
-7.704877
-7.678759
-7.635740
-8.409966
-7.563901
-7.523088
-7.482811
-7.448204
-8.243643
-7.360037
-7.322776
-7.262982
-7.229249
-7.176188
-7.130132
-7.093348
-7.038449
-8.889498
-6.949386
-10.344235
-6.839550
-6.786344
-6.906145
353.303436
-6.655550
-6.591158
-6.542863
-6.501406
-6.437614
-6.385231
-6.340556
-9.077857
-6.247063
-8.682442
-6.224115
-6.079669
-6.031349
-5.985097
-5.929143
-5.860980
-5.818891
-5.763948
-5.713922
-5.665201
-5.611140
-5.556789
-5.503676
-6.685891
-6.307096
-5.354424
-5.293046
-5.239445
-5.189386
-5.112563
-3.690470
-3.600637
-1.265344
-2.296454
-3.095916
-3.754839
-4.328848
-5.398458
-8.681369
-5.614753
-5.957909
-6.236275
-6.487694
-6.716477
-6.913685
-7.083083
-7.226971
-7.360935
-10.801332
-7.585172
-7.655478
-7.746296
-11.391460
-7.850989
-7.904316
-8.129628
-7.966355
-7.982867
-8.005078
-8.014318
-8.020476
-8.023059
-9.536714
-8.034791
-8.007384
-8.005874
-7.987127
-7.959031
-7.949477
-8.770104
-7.905956
-7.880021
-7.847606
-7.814878
-7.772542
-7.752289
-8.162329
-7.690957
-7.647290
-7.603875
-7.573430
-7.522487
-7.480379
-8.901620
-7.399821
-7.360529
-7.313460
-10.240289
-7.234713
-7.177883
-7.164610
-7.092692
-7.040430
-6.985828
-6.953320
-6.892817
-6.843784
-9.418194
-6.744870
353.309662
-6.809762
-8.311778
-6.546824
-6.497117
-6.435496
-6.390614
-6.344887
-6.288066
-6.253443
-6.185065
-6.137946
-6.081008
-6.029929
-5.980576
-6.687158
-6.475936
-5.828235
-5.775743
-5.718750
-5.672353
-5.617035
-5.544788
-5.502727
-5.458363
-5.402218
-5.356221
-8.461502
-5.243325
-6.959587
-5.192097
-3.694820
-3.628962
-1.224882
-2.284706
-3.070890
-3.727969
-4.294724
-4.793119
-5.219952
-5.596428
-9.029807
-6.223270
-10.678971
-6.697428
-6.895981
-7.208426
-7.216094
-7.348190
-7.472557
-7.573438
-7.649619
-7.728030
-7.792586
-7.845553
-8.805358
-7.933036
-11.803619
-7.985990
-8.000285
-8.373734
-8.019583
-8.013413
-8.014864
-8.020539
-8.002760
-11.596187
-7.980198
-7.959061
-8.094247
-7.919491
-7.904850
-7.878014
-7.841999
-8.938724
-7.789433
-7.751278
-7.722404
-7.687884
-7.635460
-9.996210
-7.565855
-7.514899
-7.498213
-7.443682
-7.396105
-7.362250
-7.320044
-9.034009
-7.222145
-7.175533
-11.282394
-7.088731
-7.045935
-10.344997
-6.947473
-6.905795
-7.144736
-6.796057
-6.751058
353.304626
-6.650155
-7.310690
-6.551032
-6.495737
-10.214286
-6.386474
-6.343889
-10.265886
-6.251530
-6.193794
-7.233480
-6.082265
-6.031896
-5.984769
-5.937818
-5.874005
-6.730715
-5.778694
-7.121829
-5.656193
-5.610191
-5.551783
-5.483466
-5.448971
-5.381393
-5.350046
-5.284480
-8.702632
-5.189940
-5.109066
-3.868768
-3.601675
93.340393
-2.276701
-3.060304
-3.741179
-4.291501
-4.789253
-5.226030
-5.605614
-5.929120
-9.871480
-6.467210
-6.693849
-6.908378
-7.071956
-11.327138
-7.356305
-7.472414
-7.834071
-7.650855
-7.730222
-7.793546
-7.846773
-7.894436
-9.330559
-7.968999
-7.984057
-7.997427
-8.010981
-8.020883
-8.019632
-8.015284
-11.207178
-8.002644
-8.001546
-12.366372
-7.962538
-7.952619
-10.155561
-7.902155
-7.873922
-7.857107
-7.815533
-7.785096
-7.754666
-7.717288
-9.568344
-7.645241
-7.598424
-11.784459
-7.512973
-7.480926
-10.771187
-7.386297
-7.355120
-7.585766
-7.257204
-7.215943
-7.174645
-7.122974
-10.679143
-7.370355
-6.986416
-7.413565
-6.900454
-6.842391
-6.802641
-6.758695
353.299744
-6.660209
-6.593658
-6.550923
-9.638702
-6.450346
-6.387786
-6.357823
-6.274542
-7.272739
-6.170271
-6.116554
-6.055026
-5.995819
-5.930989
-5.869188
-5.790075
-5.719689
-7.223293
-5.585248
-5.498716
-5.407526
-5.314010
-7.536232
-5.194266
-5.126367
-5.097848
-5.013868
-4.956129
-4.898625
-4.805112
-3.370393
-3.874374
-1.203900
-2.289651
-3.079592
-3.752134
-5.141941
-4.819852
-5.254342
-11.904387
-5.955402
-6.245749
-12.449473
-6.717222
-6.922073
-8.852812
-7.202895
-7.331282
-7.437166
-7.517932
-7.586287
-7.654343
-7.693666
-11.179276
-7.702215
-7.697068
-12.327985
-7.678562
-7.656622
-10.435070
-7.623520
-7.583533
-7.649836
-7.544395
-7.501858
-10.783223
-7.475379
-10.662402
-7.518332
-7.452940
-7.637154
-7.448367
-7.428758
-7.437694
-7.448948
-7.420690
-7.399581
-7.370212
-7.332179
-8.822127
-7.246024
-7.176422
-7.085628
-7.036425
-7.432892
-6.905174
-6.878772
-6.831888
-6.799493
-6.780694
-6.762790
-6.739012
-6.700191
-7.306109
-6.596633
-6.538863
-6.475870
-6.429767
-7.806009
353.682861
-6.275478
-6.191879
-6.145619
-6.095488
-9.311417
-5.992249
-5.930076
-5.970053
-5.832470
-5.775213
-5.740757
-5.688231
-6.969817
-5.621253
-5.604901
-9.578467
-5.525029
-5.445879
-8.728152
-5.288626
-5.205789
-5.764318
-4.972882
-4.854041
-4.732094
-4.674028
-4.603961
-4.534317
-4.495002
-7.605456
-2.970981
-2.862655
105.016548
-2.204370
-2.977481
-7.250052
-4.195659
-4.681145
-5.110027
-5.490737
-5.832596
-9.215919
-6.354533
-9.291110
-6.763865
-6.923700
-7.069833
-7.169570
-7.279290
-7.362532
-7.429727
-7.510490
-7.569702
-7.617301
-7.660126
-8.607579
-7.721619
-11.084008
-7.741264
-7.739113
-7.921841
-7.724121
-7.720560
-7.723421
-7.703502
-7.685941
-11.313515
-7.643079
-7.630713
-7.778061
-7.573743
-7.536633
-7.468264
-7.400285
-8.227918
-7.267632
-7.185503
-7.121238
-7.056999
-7.034081
-9.576506
-6.821860
-6.741421
-6.691971
-6.613925
-6.553283
-6.486310
-6.415998
-8.149452
-6.311693
-6.234216
-10.344094
-6.136563
-6.107917
-9.480285
-6.041584
-5.996718
-6.268958
-5.891752
354.160522
-5.785289
-5.706156
-6.428949
-5.683873
-5.694011
-9.618492
-5.570725
-5.535557
-9.029300
-5.437706
-5.399862
-6.117727
-5.260972
-5.177728
-5.107117
-5.033666
-4.989365
-5.957959
-4.905214
-6.193347
-4.860707
-4.831580
-4.805221
-4.754525
-4.673560
-4.602441
-4.505579
-4.439391
-4.398068
-4.328979
-2.903854
-3.048317
-1.164913
-5.612689
-2.995663
-3.653629
-4.241094
-4.699340
-5.128263
-5.494398
-5.820069
-6.087398
-9.942698
-6.523306
-6.699770
-6.852383
-6.964572
-11.022819
-7.149632
-7.216799
-7.447560
-7.310977
-7.344767
-7.363454
-7.384843
-7.400136
-9.096393
-7.420104
-7.421377
-7.424307
-7.432770
-7.409022
-7.415224
-7.429784
-10.413900
-7.406630
-7.403378
-11.758235
-7.379157
-7.361515
-9.778131
-7.335211
-7.319338
-7.295373
-7.250975
-7.196319
-7.125220
-7.108943
-9.014688
-6.995859
-6.945632
-11.120413
-6.846715
-6.800681
-10.071661
-6.674040
-6.615646
-6.812039
-6.506956
-6.457927
-6.424218
-6.378296
-9.953259
-6.539817
-6.211124
-6.558876
-6.117544
-6.062194
-6.000298
354.070801
-5.912249
-5.899328
-5.898953
-5.796039
-8.617947
-5.667337
-5.611529
-5.518209
-5.445390
-6.196800
-5.304458
-5.213328
-5.147317
-5.072229
-5.009363
-4.952032
-4.847823
-4.792121
-6.325559
-4.567153
-4.495866
-4.421052
-4.354176
-6.554198
-4.238012
-4.211037
-4.171043
-4.073471
-4.038909
-3.949672
-2.519973
-2.464906
37.377655
-2.187540
-2.946841
-3.584207
-4.141441
-5.512003
-5.022662
-5.384377
-11.428617
-5.982854
-6.228222
-12.160220
-6.645751
-6.808758
-8.350275
-7.057597
-7.144428
-7.249544
-7.317482
-7.374421
-7.423821
-7.454646
-10.961750
-7.490549
-7.495041
-12.054486
-7.500001
-7.499352
-9.894197
-7.489393
-7.487252
-7.519251
-7.459374
-7.446908
-7.441535
-7.448351
-10.444190
-7.425107
-7.306218
-7.348824
-7.216763
-7.175626
-7.115990
-7.045002
-6.982715
-6.928210
-6.875848
-6.808602
-8.858789
-6.718868
-6.666624
-6.611328
-6.575826
-6.935637
-6.481228
-6.436980
-6.414188
-6.388340
-6.371420
-6.365523
-6.343136
-6.266965
-7.025214
-6.109121
-6.056086
-6.016513
-5.945970
352.766907
-5.817664
-5.730486
-5.675074
-5.613467
-5.544608
-8.602775
-5.442182
-5.410455
-5.447193
-5.242799
-5.195680
-5.103294
-5.038404
-6.836043
-4.898878
-4.831964
-8.910604
-4.789205
-4.752313
-8.139096
-4.713995
-4.721826
-5.191085
-4.648541
-4.583627
-4.466124
-4.378879
-4.759966
-4.199323
-4.119286
-6.289296
-2.544799
-1.193900
-11.362411
-2.957345
-3.586379
-6.564191
-4.600350
-5.019254
-5.381707
-5.712870
-5.991426
-6.231466
-6.445845
-9.170913
-6.820496
-6.957162
-7.095077
-7.221438
-7.325399
-7.398135
-7.479099
-7.538802
-7.592008
-7.641460
-7.685062
-8.963140
-7.728117
-11.037923
-7.754037
-7.747330
-7.810447
-7.724692
-7.714547
-7.676167
-7.670890
-7.636001
-11.113659
-7.546086
-7.517445
-7.628292
-7.456017
-7.433600
-7.381228
-7.344522
-7.934232
-7.285169
-7.248566
-7.178391
-7.094466
-7.015157
-9.477636
-6.813787
-6.729838
-6.630713
-6.551028
-6.441476
-6.341630
-6.271287
-8.449282
-6.149658
-6.097889
-10.205594
-5.966751
-5.923586
-9.078519
-5.817972
-5.779971
-5.935548
354.307220
-5.655091
-5.586560
-5.550341
-6.739561
-5.480636
-5.461803
-9.421996
-5.331676
-5.300317
-9.066312
-5.148497
-5.087120
-5.870075
-4.983204
-4.924450
-4.823324
-4.763299
-4.721477
-4.662838
-4.588579
-5.557332
-4.468740
-4.444860
-4.402695
-4.349570
-4.294140
-4.235219
-4.202957
-4.161744
-7.537318
-2.642780
-2.569633
27.010725
-2.213317
-6.649199
-3.632319
-4.182914
-4.664404
-5.076962
-5.433206
-5.745928
-6.016944
-6.247633
-10.025130
-6.634433
-6.794333
-6.922086
-7.054957
-10.835623
-7.239800
-7.291652
-7.553484
-7.408407
-7.440931
-7.485860
-7.510969
-7.530219
-8.960373
-7.557545
-7.565251
-7.575683
-7.559511
-7.525078
-7.517093
-7.482771
-10.910394
-7.437150
-7.407978
-11.713738
-7.316278
-7.288398
-9.280662
-7.222520
-7.186240
-7.123421
-7.079433
-7.029447
-6.997344
-6.958896
-9.292420
-6.863451
-6.813356
-10.997489
-6.705263
-6.626561
-9.617961
-6.500476
-6.433702
-6.446864
-6.328508
-6.287669
-6.253836
-6.222760
-7.097748
-6.161482
-6.111006
-6.495131
-5.976215
-5.928458
354.131256
-5.834043
-5.788692
-5.743854
-5.675773
-5.622185
-8.519010
-5.549334
-5.467214
-5.439516
-5.339638
-6.126840
-5.228423
-5.181128
-5.158576
-5.058008
-4.930844
-4.811001
-4.762833
-4.747429
-6.104335
-4.650194
-4.605965
-4.553289
-4.504206
-6.557374
-4.366936
-4.274227
-4.236691
-4.191216
-4.098553
-2.685455
-2.579663
-1.210675
-2.750907
-3.027068
-3.688122
-4.245369
-4.719728
-6.622907
-5.513461
-5.836360
-12.089713
-6.355619
-6.558051
-11.955847
-6.886554
-7.027062
-8.510101
-7.265172
-7.351785
-7.414478
-7.508158
-7.539118
-7.564194
-7.601407
-10.901093
-7.659798
-7.665257
-12.245730
-7.650992
-7.659361
-9.820900
-7.604716
-7.616116
-7.591832
-7.543039
-7.533401
-7.502814
-7.480752
-10.358829
-7.509006
-7.383473
-7.416812
-7.264876
-7.204728
-7.143678
-7.093002
-7.074820
-7.018346
-6.908405
-6.819848
-8.796796
-6.655839
-10.274434
-6.558382
-6.516085
-6.856301
-6.392351
-6.363454
-6.312689
-6.254406
-6.189167
-6.114188
-6.058999
-6.016382
-6.404418
-5.923990
-5.882328
-5.849132
354.203461
-6.833641
-5.684369
-5.622768
-5.557569
-5.488026
-5.409566
-8.440730
-5.291856
-5.255074
-5.228415
-5.146845
-5.096560
-5.065970
-5.033748
-6.540869
-4.913912
-4.863006
-8.877490
-4.741795
-4.668691
-8.279284
-4.558564
-4.490807
-5.050826
-4.408084
-4.353760
-4.288679
-4.227751
-4.183969
-4.109843
-2.691148
-3.339597
2.611130
-2.187553
-2.943016
-3.591133
-4.136537
-4.619974
-5.035707
-5.401658
-5.704851
-5.988770
-6.202369
-8.816952
-6.597188
-9.419567
-6.870900
-6.985340
-7.092580
-7.159252
-7.226889
-7.307324
-7.366341
-7.386978
-7.419010
-7.444370
-7.469035
-8.312858
-7.554362
-10.702224
-7.564557
-7.559941
-7.659098
-7.557983
-7.517653
-7.494340
-7.387272
-7.355784
-10.909907
-7.268881
-7.263109
-7.461235
-7.185180
-7.139596
-7.119925
-7.076202
-7.876410
-6.995753
-6.927566
-6.890339
-6.854723
-6.818752
-9.187366
-6.738826
-6.662092
-6.617869
-6.572466
-6.502167
-6.426428
-6.392411
-8.297165
-6.261185
-6.214004
-10.349450
-6.158805
-6.114722
-9.155135
-6.031567
-5.972868
353.921204
-5.825505
-5.772642
-5.747241
-5.703503
-6.646221
-5.611153
-5.572338
-9.386704
-5.492682
-5.411901
-9.322371
-5.267505
-5.225906
-6.276022
-5.148631
-5.067216
-4.982965
-4.930733
-4.826789
-5.930069
-4.689809
-5.628335
-4.525170
-4.469768
-4.464139
-4.310997
-4.243730
-4.189870
-4.139429
-4.043215
-6.465080
-2.531739
-1.132087
-2.663208
-2.938713
-7.985609
-4.142138
-4.614612
-5.045809
-5.401883
-5.727315
-6.004881
-6.225613
-6.424527
-10.297765
-6.773600
-6.907663
-7.051105
-7.162261
-11.277850
-7.310750
-7.377136
-7.673638
-7.467127
-7.510735
-7.532629
-7.554367
-7.553805
-8.838007
-7.545980
-7.544928
-7.529015
-7.517132
-7.499701
-7.453851
-7.446495
-10.430676
-7.392613
-7.362327
-11.664336
-7.314589
-7.279518
-9.696238
-7.159958
-7.110322
-7.068286
-7.036393
-7.053413
-6.950516
-6.914225
-8.523338
-6.806520
-6.750082
-10.864645
-6.610469
-6.547955
-10.123987
-6.431283
-6.398588
-6.771514
-6.308992
-6.291347
-6.269779
-6.222377
-9.546524
-6.465357
-6.049324
-6.486649
-5.931395
354.134949
-5.833810
-5.766918
-5.687587
-5.621213
-5.554798
-5.526267
-8.377988
-5.492814
-5.432194
-5.355935
-5.305482
-6.131361
-5.173791
-5.099044
-5.054565
-5.014569
-4.972419
-4.943225
-4.915971
-4.834535
-6.242059
-4.708302
-4.686082
-4.660583
-4.573006
-6.733002
-4.404977
-4.344417
-4.317833
-4.210305
-2.777652
-2.655000
-1.119246
-2.194370
-3.807608
-3.611624
-4.171904
-4.662259
-5.073253
-6.309452
-5.755620
-6.023091
-11.379031
-6.458856
-6.642807
-12.226447
-6.932915
-7.069303
-9.114159
-7.271605
-7.341298
-7.413899
-7.474895
-7.500556
-7.528862
-7.547429
-10.586833
-7.603704
-7.611033
-12.149780
-7.596329
-7.578571
-10.168549
-7.560646
-7.530879
-7.567335
-7.495743
-7.454293
-7.435208
-7.400071
-10.481846
-7.319317
-7.244309
-7.371728
-7.158993
-7.098599
-7.061556
-7.027998
-6.982651
-6.947071
-6.913169
-6.865771
-8.625037
-6.781495
-6.733426
-6.689818
-6.620072
-6.954654
-6.484649
-6.414145
-6.391638
-6.296033
-6.204592
-6.127383
-6.050191
-5.984225
-6.887703
-5.884595
-5.858011
354.160522
-5.807255
-7.535527
-5.702791
-5.656020
-5.599085
-5.576018
-5.572843
-8.780921
-5.305344
-5.236666
-5.376926
-5.173727
-5.119738
-5.065331
-4.971865
-5.992680
-4.878613
-4.821307
-8.765111
-4.694065
-4.641991
-8.244100
-4.534684
-4.468415
-4.851336
-4.333174
-4.274425
-4.233071
-4.206959
-4.115386
-2.679338
-2.595540
71.613525
-2.198017
-2.971853
-12.518205
-4.177914
-4.665545
-8.535654
-5.452078
-5.776657
-6.057993
-6.294031
-6.510766
-9.444776
-6.841386
-9.973008
-7.062466
-7.144069
-7.231048
-7.267933
-7.315820
-7.359180
-7.405110
-7.486266
-7.497701
-7.513240
-7.516849
-8.765847
-7.533926
-10.923400
-7.535192
-7.543449
-7.736955
-7.511475
-7.506597
-7.481727
-7.472673
-7.479243
-11.105165
-7.387084
-7.314468
-7.521280
-7.258108
-7.236748
-7.193095
-7.131538
-8.035664
-7.036385
-6.996391
-6.954990
-6.881843
-6.796657
-9.193419
-6.668758
-6.624372
-6.566401
-6.506689
-6.438777
-6.366716
-6.312504
-8.661109
-6.319011
-6.285188
-10.444721
-6.227229
-6.134920
-9.271631
-6.046005
353.988342
-6.143805
-5.881146
-5.831130
-5.771177
-5.650079
-6.924188
-5.507574
-5.416575
-9.335443
-5.287811
-5.242262
-8.976216
-5.147099
-5.089468
-5.990465
-4.951875
-4.939593
-4.902975
-4.862600
-4.820259
-4.749437
-4.647848
-5.769173
-4.458778
-4.421607
-4.404065
-4.366311
-4.275658
-4.206686
-4.109727
-2.673639
-6.049758
-1.137073
-2.210558
-3.310398
-3.628999
-7.560483
-4.672040
-5.099542
-5.446601
-5.773481
-6.042414
-6.277959
-6.481396
-6.667299
-10.283289
-6.953928
-7.065188
-7.173832
-7.255301
-11.170938
-7.349835
-7.389076
-7.686310
-7.452697
-7.464949
-7.485982
-7.484419
-7.448843
-8.801354
-7.416757
-7.399652
-7.403377
-7.382452
-7.356002
-7.363805
-7.328335
-9.982860
-7.286072
-7.250668
-11.566337
-7.219392
-7.188807
-9.402207
-7.101203
-7.079618
-7.056522
-6.967545
-6.906147
-6.900018
-6.852475
-8.262593
-6.736647
-6.664555
-10.758779
-6.559758
-6.503986
-9.832541
-6.399394
-6.354395
-6.591790
-6.255653
-6.213731
-6.166643
-6.117141
-9.753328
-6.301317
-5.961380
-6.462511
354.164886
-5.795370
-5.721292
-5.679036
-5.631608
-5.563390
-5.503139
-5.461169
-8.620522
-5.340629
-5.251420
-5.227905
-5.139494
-6.327260
-5.000621
-4.957358
-4.905354
-4.883900
-4.794792
-4.730696
-4.664948
-4.601017
-6.486248
-4.450536
-4.380914
-4.331319
-4.313448
-6.929237
-4.230592
-4.172781
-4.170857
-2.712823
-2.613490
-1.162086
-2.200586
-2.973041
-4.778589
-4.163038
-4.630437
-5.045755
-5.399848
-5.727595
-6.005995
-6.245379
-11.260705
-6.643032
-6.820199
-12.187913
-7.076526
-7.183630
-8.811915
-7.352086
-7.418255
-7.467490
-7.511044
-7.540714
-7.545775
-7.568392
-10.620800
-7.570433
-7.579576
-12.085247
-7.546166
-7.517994
-10.156857
-7.466053
-7.437393
-7.450325
-7.362970
-7.332592
-7.284266
-7.246747
-10.429256
-7.170310
-7.118082
-7.250825
-7.030495
-6.985352
-6.958822
-6.905593
-6.850389
-6.801912
-6.745976
-6.699115
-8.139378
-6.596836
-6.554553
-6.502306
-6.450859
-6.910497
-6.360255
-6.316547
-6.277468
-6.233101
-6.170564
-6.127168
-6.070817
-6.018861
-6.548203
-5.923676
354.129181
-5.826161
-5.762437
-7.452781
-5.701509
-5.649219
-5.594241
-5.557871
-5.501420
-8.673652
-5.440793
-5.398305
-5.481004
-5.305833
-5.270577
-5.227000
-5.168986
-6.111954
-5.075397
-5.028137
-8.867919
-4.888288
-4.836655
-8.569605
-4.716310
-4.658888
-5.416784
-4.574509
-4.531380
-4.513778
-4.443218
-3.033282
-2.957776
-1.196100
-3.851524
-3.109344
-3.674393
-4.237050
-4.718875
-5.141200
-5.518686
-5.857704
-6.129355
-6.382386
-6.588903
-6.770006
-9.257641
-7.091952
-10.084856
-7.328727
-7.432579
-7.524845
-7.578643
-7.638436
-7.678035
-7.722694
-7.754346
-7.789201
-7.804101
-7.811395
-8.708974
-7.831696
-11.083864
-7.835680
-7.854482
-7.991599
-7.838718
-7.821805
-7.805669
-7.805101
-7.788528
-11.341684
-7.751942
-7.721466
-7.840183
-7.658082
-7.613554
-7.569489
-7.514390
-8.196827
-7.406667
-7.369261
-7.313334
-7.262824
-7.223402
-9.484722
-7.123808
-7.082982
-7.026234
-6.988881
-6.934223
-6.890952
-6.850371
-8.705998
-6.736035
-6.688828
-10.779933
-6.562900
-6.499312
-9.732218
353.636627
-6.339285
-6.574847
-6.261309
-6.221709
-6.175211
-6.128034
-6.868666
-6.028560
-5.996805
-9.702189
-5.884983
-5.807637
-9.768105
-5.692479
-5.637167
-6.651007
-5.505686
-5.456309
-5.379563
-5.323309
-5.273633
-6.174736
-5.189590
-6.334287
-5.096731
-5.057741
-5.014066
-4.956402
-4.902894
-4.826146
-3.403769
-3.305597
103.272842
-2.263628
-3.053856
-4.075503
-4.273100
-8.261469
-5.188458
-5.557195
-5.888241
-6.170008
-6.413122
-6.635724
-6.829537
-7.000635
-10.367575
-7.270083
-7.377959
-7.491015
-7.545227
-11.295403
-7.679591
-7.723428
-7.987277
-7.796533
-7.824653
-7.835877
-7.848619
-7.859873
-9.295602
-7.853570
-7.855670
-7.853146
-7.824201
-7.821540
-7.800086
-7.772617
-10.800675
-7.723430
-7.709698
-11.981482
-7.640651
-7.591653
-9.917475
-7.535014
-7.496645
-7.483545
-7.412817
-7.365631
-7.329708
-7.283929
-8.997221
-7.197959
-7.140178
-11.285101
-7.059172
-7.010128
-10.325646
-6.921793
-6.878876
-7.112391
-6.785076
-6.722388
-10.433315
-6.636726
-9.985631
-6.851408
-6.480788
353.250275
-6.377917
-6.306407
-6.262484
-6.206479
-6.153163
-6.093186
-6.044768
-5.988508
-8.843095
-5.892733
-5.839166
-5.791258
-5.734905
-6.456353
-5.639872
-5.579309
-5.527351
-5.473446
-5.422129
-5.368710
-5.315701
-5.247709
-6.723514
-5.148941
-5.087551
-5.027033
-4.967477
-6.613160
-4.867227
-4.797052
-3.365506
-3.293107
-1.205266
-2.258560
-3.028967
-3.680117
-5.157391
-4.735820
-5.174101
-5.548445
-5.876555
-7.418540
-6.410998
-6.628873
-12.156300
-6.984519
-7.120072
-12.076194
-7.362724
-7.455555
-8.439258
-7.603949
-7.661003
-7.702226
-7.750978
-7.780508
-7.811450
-7.827365
-11.482090
-7.848907
-7.856339
-12.296946
-7.835352
-7.840316
-9.657310
-7.803386
-7.783806
-7.751515
-7.728408
-7.702164
-7.688203
-7.657425
-9.506085
-7.615101
-7.543369
-7.520247
-7.485300
-7.461770
-7.404449
-7.368274
-7.328861
-7.292542
-7.241651
-7.200083
-8.846919
-7.105080
-9.958751
-6.997766
-6.945919
-7.001296
-6.858727
-6.806753
-6.762769
-6.705832
-6.666643
-6.612889
-6.560427
-6.523969
-7.087937
353.583191
350.231262
-6.310505
-6.270571
-6.508400
-6.151169
-6.085782
-6.038321
-5.966665
-5.938107
-9.010742
-5.822214
-5.762011
-5.772225
-5.672042
-5.612127
-5.553805
-5.513814
-6.401170
-5.407806
-5.360459
-5.301937
-5.243632
-5.189822
-7.472360
-5.080618
-5.032217
-4.992155
-4.929075
-4.867835
-4.786203
-3.367350
-5.040421
-1.234663
-2.246484
-12.418606
-3.685663
-4.248333
-10.859768
-5.169873
-5.536787
-6.268956
-6.156027
-6.398860
-6.614605
-6.800072
-7.973712
-7.110462
-7.252404
-12.153584
-7.452775
-7.529570
-12.174560
-7.657220
-7.697346
-7.742002
-7.768667
-7.801272
-7.820679
-7.831955
-7.836619
-8.439321
-7.839228
-8.777953
-7.836777
-7.804694
-7.794612
-7.779008
-7.744235
-7.729511
-7.704008
-7.673676
-10.836596
-7.611330
-7.575302
-7.590695
-7.509476
-8.902675
-7.442482
-7.394307
-7.350858
-7.324872
-7.275562
-7.234752
-7.194749
-7.146311
-8.961635
-7.057477
-7.002315
-6.962420
-6.904867
-9.310833
-6.820386
-6.766198
-6.728822
-6.670851
-6.616509
-6.552231
-6.510828
-6.460338
352.937134
-6.367276
-6.310642
-6.265530
-6.215562
-6.684416
-6.107571
-6.047473
-9.606664
-5.953529
-5.890152
-9.873895
-5.781081
-5.729755
-6.945627
-5.628192
-5.565867
-5.518124
-5.458358
-5.413721
-5.349681
-5.299943
-8.047137
-5.192165
-5.146318
-9.202562
-5.044600
-4.983344
-7.211226
-4.877868
-4.791233
-3.394569
-3.283886
-1.210525
-2.252946
-3.024117
-8.208532
-4.296719
-4.727720
-5.189530
-5.538378
-5.870770
-6.155180
-6.404469
-6.621469
-6.817700
-6.987105
-7.125854
-9.173603
-7.359613
-11.378942
-7.523392
-7.602916
-7.785777
-7.701783
-7.748106
-7.781863
-7.808426
-7.826890
-7.834501
-7.844593
-7.844438
-8.337423
-7.841969
-7.847705
-7.818048
-7.810192
-8.284192
-7.760026
-7.744565
-7.704763
-7.679279
-7.650186
-10.662928
-7.581667
-7.544632
-7.551434
-7.480048
-7.445965
-7.400584
-7.349819
-9.895215
-7.270781
-7.234650
-11.413683
-7.146024
-7.108823
-9.691936
-7.001823
-6.965822
-6.956011
-6.856063
-6.817477
-6.768055
-6.707621
-8.183218
-6.617028
-6.567926
-10.628585
-6.473384
353.580200
350.146423
-6.303921
-6.265325
-6.565446
-6.160731
-6.099552
-6.050615
-5.994340
-6.662803
-5.896667
-5.850395
-9.525623
-5.728239
-5.682301
-5.634995
-5.572760
-5.522168
-5.468686
-5.420271
-5.365165
-8.944033
-5.250994
-5.192287
-5.421889
-5.093343
-5.992986
-4.989832
-4.935734
-4.874330
-4.801943
-3.380266
-3.285389
-1.215743
-2.251348
-8.306600
-3.683286
-4.252049
-4.739994
-5.165413
-7.947700
-5.869404
-6.157345
-6.402563
-6.619857
-6.811116
-6.974011
-7.115380
-7.242878
-8.725101
-7.425387
-7.488313
-7.554936
-7.606570
-10.485769
-7.679729
-7.705332
-7.755028
-7.735829
-7.739789
-11.660344
-7.747555
-7.729988
-8.217936
-7.721653
-7.696433
-7.694324
-7.664114
-8.189129
-7.606578
-7.575805
-11.340443
-7.523964
-7.490654
-11.660759
-7.432282
-7.388971
-8.711189
-7.311690
-7.246877
-7.191960
-7.145723
-7.087951
-7.035024
-6.996469
-8.377542
-6.989308
-6.793464
-6.718930
-6.652220
-6.591279
-6.518639
-6.468782
-6.432775
-6.366931
-6.336854
-6.301897
-8.326427
-6.229219
-8.653894
353.843781
-6.119599
-6.080915
-5.989864
-5.943161
-5.900597
-5.810703
-5.771110
-5.725723
-5.692998
-5.618392
-6.256532
-5.521807
-8.273646
-5.446482
-5.389122
-5.397804
-5.270393
-5.184113
-5.111786
-5.052985
-4.991451
-8.256285
-4.827556
-4.758350
-4.779373
-4.569260
-4.477350
-4.439780
-4.430689
-4.858313
-2.940784
-2.833050
-1.182057
-2.252795
-3.055946
-7.686693
-4.274917
-4.752534
-5.165768
-5.531903
-5.839911
-6.102847
-6.321187
-10.440468
-6.703179
-6.846157
-12.333976
-7.114427
-7.221913
-10.440403
-7.374675
-7.434296
-7.540283
-7.530164
-7.573764
-7.617435
-7.669847
-9.984310
-7.767581
-7.796690
-12.305319
-7.802910
-7.806541
-11.343624
-7.731201
-7.733253
-7.968081
-7.686902
-7.675078
-7.657119
-7.638032
-8.542294
-7.579507
-7.556990
-7.855201
-7.488698
-7.473805
-7.396945
-7.389751
-7.360952
-7.341934
-7.234690
-7.169209
-10.129770
-7.016497
-6.960621
-6.937663
-6.837570
-7.579774
-6.719141
-6.683560
-6.658306
-6.605114
-6.533588
-6.484441
-6.410469
-6.328597
-7.991559
-6.208865
353.895203
-6.003158
-5.879862
-7.224693
-5.758076
-5.641828
-5.543725
-5.430201
-5.293727
-5.199435
-5.112097
-5.041892
-5.496440
-4.847035
-4.843705
-4.809512
-4.836158
-7.264330
-4.749419
-4.678055
-8.592778
-4.538397
-4.511504
-8.018476
-4.319422
-4.180529
-4.642876
-4.074286
-4.026759
-3.968107
-3.879943
-2.967695
-2.341245
-1.156348
-11.306648
-2.957291
-3.614902
-12.412664
-4.681882
-5.113599
-7.702585
-5.815746
-6.099241
-6.328803
-6.535832
-6.712413
-6.888384
-7.025170
-9.183629
-7.264902
-7.361507
-7.424921
-7.496929
-7.545646
-7.579651
-7.605519
-7.633190
-7.663876
-7.656942
-7.645279
-9.116577
-7.613959
-10.274128
-7.586257
-7.588784
-7.571628
-7.538248
-7.501589
-7.477796
-7.465872
-7.442972
-7.418273
-7.382613
-7.337903
-7.686593
-7.225315
-10.505497
-7.102448
-7.049274
-7.139568
-6.895796
-6.785075
-6.684430
-6.570728
-6.513198
-9.425081
-6.354948
-6.269984
-6.257223
-6.184585
-6.136703
-6.073870
-6.020872
-6.820087
-5.882221
-5.807173
-5.742258
-5.701722
-5.698868
-8.001543
354.380035
-5.597186
-5.543981
-5.527746
-5.511425
-5.473587
-5.462282
-7.428291
-5.328889
-5.304292
-9.353931
-5.171092
-5.116585
-8.308753
-5.009323
-4.912729
-5.041616
-4.808870
-4.768373
-4.722247
-4.634963
-5.821367
-4.427124
-4.319185
-8.235477
-4.248927
-4.226780
-7.837256
-4.180199
-4.114779
-4.516581
-2.527059
-2.483040
-1.229827
-2.255418
-3.055878
-4.249932
-4.285681
-6.391015
-5.213634
-5.585014
-5.897271
-6.199733
-6.443284
-6.664274
-6.850684
-7.016341
-10.899718
-7.238389
-7.323775
-7.426449
-7.434684
-9.279456
-7.500249
-7.503890
-7.505454
-7.513584
-7.509988
-7.510569
-7.501521
-7.492726
-9.444199
-7.468347
-7.453408
-7.448658
-7.410411
-10.437995
-7.359679
-7.307150
-7.389112
-7.218791
-7.193028
-7.153077
-7.116413
-7.104346
-7.831691
-7.056054
-7.046638
-7.039644
-7.027198
-7.012060
-7.013716
-6.966872
-10.280279
-6.914492
-6.864375
-10.997481
-6.730366
-6.657486
-8.267260
-6.536788
-6.486222
-6.420616
-6.361987
-6.306116
-6.279208
-6.219183
-9.082599
-6.156109
-6.126164
349.782318
-6.016873
-5.942863
-8.320174
-5.795465
-5.716155
-5.654593
-5.540919
-5.458416
-8.058880
-5.345689
-8.183218
-5.268735
-5.292022
-5.395215
-5.232123
-5.188376
-5.110962
-5.044988
-4.958182
-4.867961
-4.761799
-4.665511
-6.169299
-4.509014
-7.915215
-4.367168
-4.268052
-4.604777
-4.074303
-4.042733
-2.505800
-2.396344
-1.232628
-2.260596
-3.032764
-3.693490
-5.442373
-4.734420
-5.163029
-5.525175
-5.843524
-8.249283
-6.362578
-6.585734
-6.768264
-6.941253
-7.078371
-11.027655
-7.322405
-7.439474
-7.577026
-7.608337
-7.667831
-7.703764
-7.722468
-9.017391
-7.735372
-7.727912
-12.172377
-7.719588
-7.715908
-11.706645
-7.706563
-7.723780
-8.221476
-7.691381
-7.667126
-7.639022
-7.602528
-8.228354
-7.509724
-7.453824
-11.197282
-7.337918
-7.289941
-11.408879
-7.184253
-7.119134
-8.453355
-7.005079
-6.959225
-6.897552
-6.851237
-6.781925
-8.133363
-6.644848
-8.329273
-6.595468
-6.596513
-6.553494
-6.526699
-6.514749
-6.418063
-6.402612
-6.332784
-6.215973
-6.099062
-6.019314
-6.583760
354.067535
-8.094507
-5.700160
-5.656660
-5.642018
-5.592460
-5.525639
-5.494842
-5.409253
-5.460458
-8.710350
-5.453083
-5.426157
-5.487830
-5.322446
-8.823765
-5.082440
-4.939217
-5.334991
-4.761213
-4.688867
-4.634601
-4.549077
-4.497712
-6.318420
-4.404122
-4.325504
-4.235452
-4.184495
-4.202328
-4.126557
-2.695133
-4.834709
-1.235469
-2.260787
-12.497358
-3.712383
-4.293057
-9.904266
-5.228476
-5.612615
-6.085730
-6.231303
-6.480393
-6.697824
-6.886399
-9.370240
-7.196645
-7.336883
-12.570095
-7.536647
-7.586235
-11.660681
-7.664445
-7.666533
-8.013428
-7.726014
-7.745332
-7.725412
-7.727012
-11.731364
-8.242922
-7.712089
-8.375233
-7.728435
-7.688492
-7.672878
-7.608813
-7.570426
-7.524520
-7.469172
-7.388764
-10.718104
-7.291328
-7.265942
-7.256398
-7.158834
-8.439601
-6.991403
-6.921098
-6.876822
-6.825640
-6.768073
-6.719257
-6.688577
-6.635768
-8.815646
-6.570854
-6.523122
-6.463270
-6.433201
-8.881651
-6.412105
-6.410782
-6.403159
-6.371920
-6.335651
-6.268423
-6.216802
-6.194643
353.039734
-6.072143
-6.005783
-5.942954
-5.891921
-6.445427
-5.764531
-5.720088
-9.261111
-5.591529
-5.497838
-9.403391
-5.369453
-5.291312
-6.357124
-5.245496
-5.075310
-5.009008
-4.989787
-5.006629
-4.939877
-4.870474
-7.800868
-4.719666
-4.645201
-8.672882
-4.501456
-4.430365
-6.298698
-4.358808
-4.259882
-2.832386
-2.773474
-1.291067
-2.324171
-3.120382
-7.306716
-4.369337
-4.869063
-5.458790
-5.659907
-5.955621
-6.208558
-6.446815
-6.610008
-6.777477
-6.927794
-7.046422
-9.763167
-7.254230
-11.822035
-7.406468
-7.457114
-8.016729
-7.534104
-7.566881
-7.591268
-7.611809
-7.620687
-7.623215
-7.621125
-7.633045
-8.671781
-7.644128
-7.654352
-7.625709
-7.610775
-8.556918
-7.568972
-7.491230
-7.441281
-7.407509
-7.377292
-10.990812
-7.290469
-7.260456
-7.373070
-7.200016
-7.194888
-7.174177
-7.146327
-9.220092
-7.062597
-7.018993
-11.217197
-6.919084
-6.852076
-9.864754
-6.679766
-6.614887
-6.651563
-6.449175
-6.413375
-6.328969
-6.273317
-7.247564
-6.199744
-6.152405
-10.069070
-6.077629
353.986969
350.164063
-5.903877
-5.873272
-6.486120
-5.767436
-5.697896
-5.650693
-5.565446
-5.517422
-5.444577
-5.408181
-6.680740
-5.269387
-5.257095
-5.233011
-5.157367
-5.102240
-5.027565
-4.945102
-4.847635
-4.750407
-4.691944
-4.649390
-5.551642
-4.613945
-6.922472
-4.406179
-4.281532
-4.256902
-4.140429
-2.722416
-2.659057
-1.285439
-2.318352
-11.300341
-3.786886
-4.363614
-5.395644
-5.319358
-10.642640
-6.048484
-6.335968
-6.779507
-6.802681
-6.983190
-7.159857
-7.298835
-7.435333
-10.842886
-7.631235
-7.687523
-7.769714
-7.797891
-7.842008
-7.877264
-7.893881
-11.136281
-7.944849
-7.952199
-12.489536
-7.951822
-7.929766
-10.142145
-7.944347
-7.903049
-7.889886
-7.842478
-7.796373
-7.758939
-7.710340
-9.575392
-7.600769
-7.545233
-11.760616
-7.423725
-7.333352
-10.191134
-7.181883
-7.104270
-7.122012
-6.981901
-6.902293
-6.854877
-6.813296
-7.912904
-6.682237
-6.647338
-10.558549
-6.556256
-6.491012
-6.445624
-6.348188
-6.292605
-6.238702
-6.195524
-6.118192
-9.718721
-6.003290
-5.939113
353.886078
-5.900446
-6.918051
-5.861415
-5.810559
-5.742355
-5.687937
-5.621310
-5.577808
-5.552911
-5.505953
-8.014103
-5.376310
-5.348289
-5.285399
-5.168315
-6.487315
-4.793031
-4.722044
-4.675535
-4.614275
-4.645092
-4.648182
-4.567735
-4.525010
-5.503797
-4.381402
-4.281064
-4.213605
-4.200525
-6.788469
-2.712055
-2.676078
1.656747
-2.318611
-3.078704
-11.161948
-4.313398
-4.804730
-6.382758
-5.611884
-5.942904
-6.226856
-6.466151
-6.687606
-6.866086
-7.027621
-11.141186
-7.274079
-7.359135
-12.428845
-7.496871
-7.541025
-9.230835
-7.610046
-7.649120
-7.672459
-7.683811
-7.684232
-7.683964
-7.688650
-9.864790
-7.683524
-7.643884
-12.059903
-7.606575
-7.571118
-7.529467
-7.505492
-7.487019
-7.474302
-7.438106
-7.394135
-10.028554
-7.330337
-10.577722
-7.304304
-7.273776
-7.418064
-7.156985
-7.096331
-7.056548
-7.026090
-6.967275
-6.870451
-6.768109
-6.695979
-7.632825
-6.484791
-6.432889
-6.425675
-6.353662
-6.738806
-6.234385
-6.147888
-6.084957
-6.006614
-5.899975
-5.843491
-5.783671
354.292999
-6.038579
-5.644029
-5.584533
-5.524607
-5.518803
-6.836201
-5.481018
-5.444838
-5.455963
-5.413363
-5.285948
-8.089248
-5.231234
-5.172537
-5.340860
-5.054928
-4.997383
-4.966605
-4.949903
-6.066578
-4.746356
-4.656604
-8.575315
-4.604562
-4.422509
-8.005078
-4.266304
-4.220265
-4.901945
-4.159543
-2.685465
-2.556150
-1.297555
-2.143813
-3.105806
-3.751574
-11.168722
-4.834366
-5.260830
-12.496798
-5.942425
-6.232471
-8.683566
-6.684143
-6.867724
-7.025128
-7.152932
-7.319668
-9.224190
-7.468669
-9.900619
-7.606152
-7.662292
-7.705993
-7.735236
-7.749629
-7.771015
-7.778010
-7.782505
-7.777079
-7.779604
-7.737648
-8.089263
-7.646183
-10.211195
-7.586473
-7.542181
-7.500536
-7.403581
-7.370620
-7.328290
-7.283534
-7.275823
-10.161150
-7.236550
-7.193696
-7.192818
-7.167806
-10.636652
-7.087445
-7.054833
-7.491048
-6.962855
-6.903769
-6.853459
-6.782053
-6.702622
-8.518617
-6.701234
-6.594148
-6.564114
-6.468536
-6.335226
-6.237267
-6.182219
-8.572566
-6.030842
-5.986598
-10.072047
354.175446
-5.793731
-8.579248
-5.708651
-5.642879
-5.667387
-5.494479
-5.456374
-5.380731
-5.325124
-6.458806
-5.194328
-5.156351
-9.255308
-5.136596
-5.167428
-8.842255
-5.214945
-5.068047
-5.404131
-5.002393
-5.038279
-4.872507
-4.788111
-8.524551
-5.137043
-4.542670
-5.150704
-4.377728
-4.339697
-4.263611
-2.853706
-2.768453
-1.284906
-2.348377
-3.137580
-9.727703
-4.357343
-4.842644
-5.319679
-5.634595
-7.442588
-6.242470
-6.479607
-6.678897
-6.861933
-7.024073
-7.148695
-7.273591
-7.378314
-9.314092
-7.517047
-7.581982
-7.629809
-7.660228
-9.930770
-7.723816
-7.741933
-7.772032
-7.773205
-7.766631
-7.754807
-7.721822
-7.704638
-8.362585
-7.642768
-7.608742
-7.621678
-7.632434
-8.551709
-7.584862
-7.543949
-11.497741
-7.444112
-7.401965
-11.443010
-7.303225
-7.253668
-8.355016
-7.151617
-7.092834
-7.052184
-6.986878
-6.921663
-6.865247
-6.821290
-9.938365
-6.745461
-6.693686
-10.853524
-6.612671
-6.563008
-8.387314
-6.477991
-6.405304
-6.378013
-6.294493
-6.245692
-6.199713
-6.120851
351.767639
-6.056734
-5.935432
-5.910360
-5.852893
-5.709980
-5.573873
-5.484241
-5.471080
-5.440924
-5.322139
-5.315304
-6.702077
-5.331965
-8.282773
-5.304372
-5.134281
-5.073806
-4.756823
-4.607582
-4.510428
-4.413603
-4.356144
-4.297301
-4.242322
-4.189586
-4.363145
-4.134249
-7.481974
-4.066592
-3.997282
-3.016016
-2.451017
-1.246630
-2.301877
-3.099700
-3.760139
-10.500689
-4.818316
-5.256896
-5.681689
-5.958743
-6.241582
-6.490959
-6.691301
-8.440513
-7.031050
-7.151655
-12.500847
-7.361402
-7.443347
-10.632884
-7.557907
-7.604520
-7.704454
-7.677436
-7.703876
-7.708281
-7.735731
-9.426790
-7.744954
-7.760203
-12.209933
-7.741994
-7.751874
-11.340138
-7.727250
-7.700215
-8.190973
-7.621785
-7.579951
-7.527649
-7.488945
-8.412339
-7.358525
-7.314558
-11.368259
-7.157697
-7.098752
-10.888687
-7.019505
-7.015430
-6.945473
-6.924040
-6.906658
-6.869210
-6.853838
-6.772822
-6.855247
-6.585585
-7.382010
-6.336969
-6.295445
-6.282361
-6.232131
-6.193338
-6.127167
-6.032221
-5.944837
-8.025995
354.219788
-5.748952
-5.636434
-5.656209
-7.303734
-5.591613
-5.602696
-5.589126
-5.547551
-5.556600
-5.520597
-5.472112
-5.393263
-6.568735
-5.224023
-5.090437
-4.987146
-4.912935
-7.275066
-4.794196
-4.733707
-4.722901
-4.607174
-4.535634
-4.511125
-4.467944
-4.388383
-4.898410
-4.285377
-4.240414
-4.164505
-2.754085
-3.338668
-1.273103
-2.314322
-11.335857
-3.752421
-4.323056
-12.510632
-5.236830
-5.614971
-8.109125
-6.236391
-6.490726
-6.714189
-6.911349
-7.085634
-7.216699
-7.324144
-11.429088
-7.499105
-7.541284
-12.451207
-7.621196
-7.641213
-9.758006
-7.684020
-7.702519
-7.697529
-7.707299
-7.700262
-9.881968
-7.660892
-9.946524
-7.637257
-7.599799
-7.593371
-7.558437
-7.511178
-7.469007
-7.431057
-7.391705
-7.355709
-7.308643
-7.259542
-7.987195
-7.203722
-10.184065
-7.142254
-7.102003
-7.181038
-6.999742
-6.933909
-6.875128
-6.818903
-6.745556
-10.295106
-6.656751
-6.629154
-6.757323
-6.552866
-6.514827
-6.500802
-6.476283
-6.970461
-6.434171
-6.368286
-6.295853
-6.215081
-6.100265
351.647308
-5.867743
-5.780660
-5.727803
-5.657441
-5.569292
-5.516035
-5.483982
-7.872766
-5.331626
-5.258700
-9.343927
-5.191745
-5.207341
-8.021259
-5.116311
-5.076601
-5.166902
-5.012982
-4.971549
-4.934747
-4.777256
-6.392968
-4.556253
-4.516472
-8.563223
-4.340455
-4.281829
-7.426076
-4.047488
-3.943921
-2.721856
-2.465995
-1.302951
-2.331438
-3.101230
-4.953906
-4.320693
-4.817011
-6.009706
-5.609460
-5.941121
-6.216365
-6.448154
-6.655825
-6.835807
-6.985332
-7.118006
-11.201852
-7.330697
-7.413311
-7.552464
-7.552712
-9.043003
-7.638064
-7.685367
-7.728526
-7.753064
-7.770515
-7.770374
-7.773882
-7.764131
-10.134352
-7.730595
-7.729656
-7.689145
-7.681679
-9.994810
-7.631175
-7.594725
-7.570457
-7.549471
-7.523950
-7.484015
-7.436512
-7.391541
-8.312542
-7.334770
-7.298296
-7.239507
-7.187766
-10.158786
-7.078163
-7.035918
-10.941887
-6.931529
-6.872566
-10.856060
-6.760868
-6.723036
-7.881625
-6.622922
-6.559268
-6.504860
-6.433539
-6.379952
-6.330966
-6.259462
-9.211867
-6.149606
353.889771
349.775574
-6.025823
-5.994672
-8.305013
-5.924066
-5.893048
-5.876485
-5.838175
-5.846159
-5.808148
-5.794893
-8.052543
-5.883626
-5.690812
-5.666646
-5.582814
-5.556332
-5.530758
-5.473643
-5.425455
-5.358163
-5.275638
-5.212792
-7.331542
-5.088050
-8.370193
-4.980127
-4.926404
-5.183690
-4.799040
-3.368385
-3.277166
-1.314016
-2.339662
-3.103375
-3.772925
-4.345397
-6.536716
-5.270796
-5.658685
-5.988174
-6.278998
-7.531852
-6.753428
-6.956470
-7.127120
-7.269394
-7.410447
-11.809468
-7.622475
-7.696534
-7.988123
-7.840492
-7.903458
-7.949504
-7.991723
-9.764150
-8.048064
-8.066410
-12.609768
-8.086325
-8.077873
-10.634259
-8.100668
-8.080032
-8.186768
-8.052963
-8.009713
-7.971095
-7.918285
-9.162560
-7.866388
-7.829055
-11.952271
-7.756464
-7.723670
-11.512229
-7.649068
-7.597266
-8.150659
-7.513549
-7.470694
-7.438694
-7.394027
-7.780815
-7.312185
-7.271413
-10.764151
-7.176028
-7.121698
-11.213518
-7.040168
-6.981034
-6.902418
-6.866399
-6.815773
-6.773502
-6.715051
-6.662839
352.522400
-6.572837
-8.223792
-6.472075
-6.417982
-6.366894
-6.329224
-6.287991
-6.208754
-6.166891
-6.094388
-9.429591
-5.979621
-5.926369
-6.019098
-5.818494
-8.084343
-5.709813
-5.645642
-5.622308
-5.543126
-5.483559
-5.422658
-5.376382
-5.339927
-7.418948
-5.241999
-5.172021
-5.105956
-5.049238
-8.240756
-3.539253
-3.444560
16.184246
-2.367679
-3.139930
-3.792132
-4.375375
-4.859324
-7.174582
-5.671109
-6.013302
-6.299850
-6.551515
-6.772184
-6.961142
-7.141265
-11.127744
-7.457405
-7.573701
-12.696743
-7.737988
-7.784701
-10.230400
-7.890740
-7.939411
-7.983909
-8.000788
-8.020846
-8.035828
-8.041197
-10.214221
-8.039063
-8.034029
-12.456094
-8.007790
-7.997814
-11.242890
-7.941804
-7.927928
-8.061391
-7.875668
-7.844429
-11.096850
-7.769907
-11.120128
-7.791645
-7.696244
-7.925069
-7.633036
-7.587851
-7.549851
-7.497789
-7.452055
-7.407810
-7.359686
-7.316297
-9.156792
-7.203969
-7.172121
-7.115906
-7.066816
-7.559003
-6.974464
-6.920628
-6.866535
-6.817317
-6.761945
-6.714053
-6.666938
353.391296
-7.221773
-6.499511
-6.457349
-6.408775
-6.349518
-7.582836
-6.247160
-6.178619
-6.149761
-6.085413
-6.027584
-9.116878
-5.927940
-5.873465
-5.909569
-5.746629
-5.704861
-5.653531
-5.602242
-7.048418
-5.498176
-5.438975
-9.441895
-5.332141
-5.256667
-8.662790
-5.143341
-5.085151
-5.391567
-4.936809
-3.492524
-3.386722
-1.320477
-4.146028
-3.126283
-3.781559
-12.025980
-4.843526
-5.278486
-12.361204
-6.001493
-6.281675
-8.369862
-6.756236
-6.950377
-7.120580
-7.268451
-7.408030
-7.524296
-7.626471
-9.291685
-7.765768
-7.828238
-7.877496
-7.921485
-7.964129
-7.991725
-8.014889
-8.031522
-8.041452
-8.050648
-8.045264
-8.906816
-8.048036
-10.616235
-8.012444
-7.990665
-7.974490
-7.955174
-7.922633
-7.903436
-7.869175
-7.836814
-11.304989
-7.756778
-7.739571
-7.843421
-7.682549
-10.687045
-7.588008
-7.547359
-7.643388
-7.464922
-7.425125
-7.382417
-7.340680
-7.299253
-9.481263
-7.198116
-7.151751
-7.099574
-7.060522
-7.015117
-6.957880
-6.920302
-9.990281
-6.794798
-6.747576
-10.857615
353.357941
-6.621031
-8.525604
-6.508534
-6.458772
-6.405129
-6.343130
-6.298072
-6.238862
-6.208254
-8.119730
-6.089889
-6.034344
-10.164665
-5.936493
-5.876005
-8.939544
-5.769946
-5.720508
-5.861058
-5.609945
-5.559210
-5.494258
-5.457887
-6.363657
-5.343636
-5.297966
-5.442237
-5.194844
-5.145687
-5.063816
-3.639042
-3.561421
-1.341269
-2.374742
-3.151077
-10.780428
-4.376523
-4.869801
-5.499471
-5.691859
-7.254962
-6.313019
-6.562335
-6.787518
-6.983401
-7.153928
-7.301691
-7.443294
-7.560366
-10.175962
-7.733482
-7.806400
-7.874962
-7.924472
-9.493005
-7.996107
-8.026034
-8.044125
-8.059521
-8.072084
-8.088191
-8.080524
-8.081453
-9.004913
-8.060392
-8.057991
-8.037056
-8.010642
-10.552111
-7.968548
-7.952084
-7.944355
-7.887713
-7.845689
-11.574662
-7.784275
-7.742526
-8.264447
-7.669870
-7.624406
-7.594145
-7.548011
-8.025784
-7.471057
-7.418508
-11.013301
-7.331409
-7.276478
-11.352469
-7.182363
-7.137057
-8.470574
-7.049869
-6.986826
-6.941449
-6.887312
-6.828881
-6.785415
-6.735800
351.890320
-6.720178
-6.586486
-6.541046
-6.493975
-6.441111
-6.373633
-6.324956
-6.265404
-6.237802
-6.165257
-6.122509
-7.885695
-6.010025
-8.432150
-5.894979
-5.835107
-5.816999
-5.729571
-5.686048
-5.634705
-5.572187
-5.514093
-5.463836
-5.425803
-5.361852
-5.991380
-5.251196
-8.212251
-5.158091
-5.077531
-3.801122
-3.547962
-1.352361
-2.379113
-3.150503
-3.804973
-10.713128
-4.890149
-5.321352
-5.845244
-6.032509
-6.323414
-6.583139
-6.798897
-7.896529
-7.174023
-7.308746
-7.442611
-7.564884
-7.654058
-10.173184
-7.800061
-7.862592
-7.911188
-7.957715
-7.995507
-8.032837
-8.046934
-10.267289
-8.079056
-8.096988
-12.558240
-8.099512
-8.105128
-11.440351
-8.107906
-8.099033
-8.312380
-8.083516
-8.056760
-8.009567
-7.965549
-8.820231
-7.872155
-7.856192
-11.797489
-7.773835
-7.742887
-11.683809
-7.644269
-7.617191
-7.563291
-7.518048
-7.480012
-7.436935
-7.390527
-7.343403
-7.903804
-7.245313
-8.148494
-7.151401
-7.130887
-7.087708
-7.045128
-7.017127
-6.982511
-6.929148
-6.894138
-10.014386
353.211182
-6.730505
-6.714607
-6.598734
-8.116103
-6.465658
-6.408536
-6.342933
-6.287042
-6.246640
-6.181036
-6.135897
-6.074984
-7.964224
-5.989933
-5.948050
-5.904099
-5.876504
-8.501085
-5.775401
-5.699154
-5.697542
-5.569493
-5.513922
-5.463485
-5.403926
-5.355770
-6.013309
-5.238366
-5.179859
-5.108001
-3.683216
-3.994910
-1.352593
-2.384222
-11.127577
-3.829466
-4.416185
-12.675451
-5.349077
-5.737717
-8.573496
-6.359403
-6.605549
-6.836374
-7.038411
-7.213122
-7.353340
-7.489882
-10.489766
-7.702682
-7.770372
-12.722589
-7.908076
-7.956538
-11.138096
-8.042132
-8.071325
-8.199651
-8.106709
-8.121651
-11.573262
-8.126295
-11.226038
-8.209627
-8.103522
-8.224071
-8.088101
-8.052580
-8.043037
-8.012497
-7.983943
-7.952858
-7.925675
-7.893274
-10.130071
-7.821165
-7.792399
-7.759724
-7.709056
-8.017914
-7.639976
