545.468811
540.576904
535.750244
531.101563
547.665466
522.113892
517.795715
513.658630
509.561279
505.742310
502.012238
498.413055
496.504425
491.787445
488.626282
485.507874
482.638000
479.833099
477.752106
474.087677
471.558380
469.061859
466.686401
466.101868
462.518494
460.482361
458.482544
456.567017
454.681152
453.645691
451.352509
449.716858
448.137085
446.543274
445.038666
443.604584
442.133698
441.056000
439.471527
437.954803
436.509460
435.203461
433.896179
432.696808
431.517944
430.326965
429.258606
428.080292
427.050873
425.951965
424.999573
423.952301
423.081085
422.095123
421.186371
420.295776
419.295105
418.512268
417.628998
416.810883
415.406097
414.846039
412.859863
413.221588
412.477081
411.813446
411.110931
410.482513
409.781342
409.112335
408.665344
408.024506
407.441315
406.858459
405.196198
405.710449
404.215546
404.593933
404.095062
403.420013
402.734680
402.058502
401.426788
400.769379
400.204315
399.754333
399.293640
398.769562
398.182953
397.728424
396.677124
396.390381
396.254822
395.954498
395.593903
395.076202
394.761627
393.642303
393.222076
551.738770
546.215881
541.137329
536.114197
531.100769
530.909851
542.663269
517.663757
513.589111
509.463623
505.661224
501.862366
498.261566
494.891693
491.694275
488.614197
489.539825
482.603943
479.905548
477.158752
477.312897
472.224701
469.868835
467.656311
465.183441
462.922150
460.778320
458.735718
456.825531
454.959442
453.787262
451.590698
449.905151
448.235260
446.703064
445.128326
443.577179
442.275330
440.688446
439.356659
437.904938
436.511627
435.325439
434.173004
432.977295
431.765778
430.348236
428.994995
427.731323
426.568634
425.485168
424.385864
423.535492
422.614868
421.594543
420.084473
419.945129
419.142029
418.464478
417.734039
417.055725
416.349731
415.587402
414.880615
414.157928
412.564484
412.588837
411.658478
410.863678
409.649384
409.322144
408.802612
408.103058
407.451721
406.798004
406.190430
405.546326
404.972809
404.332153
403.856903
403.286377
402.772217
401.921936
401.472748
401.054047
400.437531
399.815216
399.149689
398.581207
397.941406
397.557220
396.970337
396.655884
396.134460
393.859375
395.318573
393.884949
394.305481
393.327545
392.889862
551.028320
545.575256
540.616516
535.758545
530.992493
526.185181
521.632751
517.244690
525.490051
508.945984
516.913940
501.398651
497.808258
494.716827
491.172668
488.118195
485.029327
482.155975
479.354553
476.727966
474.195129
471.778137
470.127350
467.035645
466.466370
462.448334
460.210815
458.355713
456.185699
454.249359
452.563049
450.857452
449.177368
447.808380
445.968750
444.361206
442.988525
441.468964
440.124634
438.878479
437.425262
436.260834
435.003937
433.761627
432.525543
431.299255
429.852600
428.450043
427.471832
426.359375
425.315613
424.398315
423.388519
422.457642
421.480194
420.360931
419.709045
418.771881
416.689301
417.174500
416.414703
414.557312
414.797546
414.066528
413.264984
412.525299
411.660950
410.834595
410.081573
409.419739
408.554749
407.999115
405.558319
406.676819
405.996094
403.522247
404.756744
404.285004
403.295868
403.237885
402.720398
402.243744
401.625580
401.237091
400.353271
400.152283
399.129150
399.143036
398.488159
397.901245
397.500671
396.932739
396.647369
396.117767
395.775055
393.241852
394.826569
394.447845
393.337036
393.027374
250.063217
545.516663
540.610229
536.115723
531.264465
526.640564
521.940857
517.529907
513.230591
521.113892
505.169342
501.448883
497.893646
494.439941
497.455444
488.063568
484.934326
482.414093
479.327576
476.582642
474.063446
471.625763
469.207642
467.820007
464.614960
462.497864
460.145966
458.013397
456.042603
454.092255
452.297455
451.161713
448.980865
447.298523
445.843506
444.155243
442.691162
441.478546
439.932190
438.651978
437.252655
436.098724
434.851105
433.618011
432.502502
431.419708
430.106842
428.863434
426.742859
426.662628
425.523407
423.897797
423.615387
422.732086
421.740570
420.718994
419.882141
418.951935
418.214600
416.164063
416.455658
415.714417
414.748962
414.089661
413.350067
412.416931
411.495239
410.524292
409.684784
409.032471
408.315887
406.555359
407.162170
406.422729
405.625580
404.997925
403.687988
403.054749
402.301392
401.835388
401.490417
400.943207
400.442017
400.022247
399.125549
397.653656
397.642487
396.943604
395.763184
394.383331
392.351379
392.262634
391.329987
390.461029
389.836304
389.356415
388.632843
387.935120
386.792419
386.044952
540.109985
534.819946
529.777588
524.743347
533.720764
515.269775
510.549561
534.315979
501.902679
497.884705
509.606445
490.384125
486.624359
487.338257
480.873840
477.894012
475.030426
472.382721
469.567719
466.294373
462.968170
461.431580
456.175690
453.546967
453.011475
449.220978
447.376740
446.685822
444.000092
442.308624
440.791870
438.925262
436.772583
434.505798
431.368866
428.252197
425.423340
423.403320
421.482025
419.846039
418.332764
416.907227
416.153625
415.852448
415.508209
415.514954
415.340057
414.901306
414.404510
414.151367
413.605072
412.595917
411.601837
410.854919
409.775940
408.845490
408.048248
407.111298
406.470337
405.746704
404.981659
403.907715
403.101746
402.359375
401.826996
400.999054
400.055634
399.848816
399.367126
398.897522
398.438263
397.770172
395.699524
396.368347
395.665405
395.372955
394.675934
394.244232
393.356384
392.896301
391.939117
392.288574
392.195404
389.633942
391.256989
390.677124
388.187653
389.004913
388.449860
387.456543
386.950806
386.288116
386.513397
386.773529
387.440369
387.563171
387.199768
384.192688
384.812378
383.932739
120.085953
527.699951
522.764282
566.485352
513.700562
509.590179
505.311432
501.243011
497.198608
503.580841
489.737671
492.974304
482.818939
479.364563
476.024506
472.737854
469.412445
466.303009
463.345734
460.282776
457.704559
455.096588
452.605743
450.506805
447.526398
446.849091
443.786774
441.936981
440.138306
438.287598
436.560791
434.683594
433.164459
431.570282
430.451111
428.890137
427.683289
426.692688
425.668121
424.744476
423.900635
423.147217
422.462921
421.717194
420.932037
420.341888
419.526550
418.405304
417.275696
416.895325
416.132568
415.371094
414.689087
414.232971
413.712891
413.256042
412.439178
412.375000
412.036438
409.838440
410.512421
409.512451
407.409485
407.365814
406.133789
404.669678
403.505341
402.318848
401.616669
400.844421
399.974854
399.209503
398.532227
396.198395
397.862366
397.421906
395.208588
395.925995
394.876953
393.803986
393.349213
392.581940
391.697845
390.795776
390.064331
388.771332
388.363525
387.187042
387.090393
386.488007
386.096680
385.422821
384.641693
383.812378
383.079468
382.998322
382.613983
382.559113
381.865021
381.388489
530.456360
681.531311
520.820007
516.137756
511.877319
507.915802
503.341644
499.097290
494.814178
490.075165
495.920837
482.292389
478.744995
475.753143
472.818054
475.539185
467.640442
464.856659
462.659180
460.217255
457.957001
455.815399
453.814819
451.747101
450.635986
447.882202
445.780792
443.654419
441.686493
439.718689
437.967773
436.347931
435.158203
433.254059
431.736725
429.974121
428.518372
427.375031
426.425415
425.424774
424.378510
423.111664
421.872009
420.639648
419.397736
417.973663
416.363007
414.829956
413.201874
410.560913
409.758820
407.983765
405.499481
404.472778
402.572021
400.815552
399.299866
397.908020
396.727386
395.612518
393.761505
393.915192
393.279327
392.599823
392.145844
391.929688
391.571289
391.435028
391.267670
390.957092
390.483917
390.418304
389.256470
390.460510
390.528900
390.835632
391.222076
391.427002
392.085785
392.509552
392.562683
392.773926
392.865692
392.712585
392.706909
392.539124
391.860870
392.311493
391.869232
391.352234
391.131714
389.457214
390.340240
389.623016
389.064270
388.506134
387.809509
387.159821
385.711456
384.926758
596.366272
525.257385
520.441345
515.853638
511.596191
518.342712
502.723083
498.226471
514.720032
489.230957
485.072479
493.481567
476.950836
473.093048
471.556702
465.457214
462.424561
459.625275
457.027771
454.282257
451.840820
449.401428
448.954865
444.846313
443.022003
442.577209
439.392731
437.747467
436.727356
434.493469
433.061554
431.744476
430.488983
429.263123
427.905640
426.271942
425.088806
423.844330
423.079926
422.603333
421.676910
420.963898
420.330322
419.436157
418.666809
418.020905
417.234222
416.671509
415.798218
415.327820
414.443268
413.548004
412.427155
411.251862
409.958649
408.578949
407.299133
405.727753
404.498718
403.235504
402.317810
401.510834
400.563568
399.845978
398.846100
397.816132
396.814575
395.566864
394.894104
393.738281
392.764130
392.024231
391.284302
389.445282
390.040558
389.545410
388.970825
388.830475
388.262543
387.850555
387.380554
385.915344
386.330658
385.945862
383.216125
385.046783
384.554077
382.418640
383.760101
383.306854
383.027954
383.093353
383.223358
383.354553
383.523560
383.873413
384.082275
384.225403
381.159332
383.098846
529.416870
903.831177
517.099792
511.041351
528.141357
499.362701
493.854401
488.685822
483.769257
478.909790
474.436249
469.937286
470.118774
460.699158
456.263885
452.348511
448.162842
444.651154
441.773163
439.315704
437.133942
435.114563
432.955811
430.848480
429.265289
425.882629
424.282806
420.452545
418.203827
415.820282
413.412109
411.279785
409.332642
407.663727
406.057251
405.053955
403.784729
402.565460
401.349121
400.123199
398.885406
397.625244
396.663696
395.636169
395.095337
395.110199
395.721436
396.813232
398.513245
400.019257
402.144104
403.849121
405.076416
405.910980
406.796722
407.137665
407.604034
406.961273
407.459717
407.319305
405.645599
406.851257
406.490601
404.902771
405.182465
403.906067
402.587097
401.490448
400.344696
399.314240
398.272491
397.133545
396.523743
395.711700
393.124390
394.494324
393.840759
391.306122
392.345032
391.570526
390.310150
389.474976
388.450806
387.543060
386.617676
385.639923
384.703552
383.944427
383.085144
382.929504
382.466858
382.023163
381.604004
380.850525
380.385498
380.076233
379.759583
377.607239
378.980133
378.954956
593.897156
520.311951
592.874146
513.146912
509.053192
504.681122
500.693176
497.196716
493.079559
489.442535
486.149261
490.948578
479.144104
476.126373
473.198059
470.477814
471.990601
465.072784
462.379303
459.786682
456.870483
454.309387
451.787109
449.316956
446.729340
444.990906
441.843658
439.801636
437.777100
435.857391
433.968140
431.963165
429.757813
428.163116
426.192627
424.280914
422.199158
420.367706
418.680267
417.470154
415.669830
414.251740
413.001312
411.711029
410.381958
409.248199
408.543182
407.428619
406.682312
405.776581
403.699951
404.011444
403.410126
402.205566
402.072510
401.288910
400.506622
399.723053
399.348053
398.895935
398.498322
398.101685
397.584717
396.965668
396.490234
396.172943
395.674683
395.215698
394.909607
394.470398
393.886383
393.272644
392.439148
390.441528
390.860107
390.304962
389.645325
389.242462
388.493408
388.578613
388.629181
388.541412
388.572754
388.237701
387.707306
386.947205
386.086517
384.468567
384.186096
382.998566
382.259674
381.548401
379.972992
380.503571
380.124512
379.671692
378.959442
378.375305
376.966736
376.267426
523.148499
537.124268
511.807007
505.946411
501.012787
496.844391
504.464600
488.516205
484.498383
498.576752
476.907959
473.280426
480.119629
467.719086
465.495300
465.628326
461.418793
459.338776
456.743408
453.127563
449.822510
446.497681
443.240784
441.933624
437.314453
434.475311
432.838654
429.416199
427.475342
426.433777
424.064056
422.538818
421.031616
419.647522
418.286774
416.992310
416.157379
415.274384
413.450500
412.249878
410.690216
409.382813
408.183136
407.408386
406.529083
406.093903
405.898102
406.243622
406.577271
406.671265
406.930206
405.924255
406.338440
405.877106
404.946625
403.989105
402.953308
402.050079
401.602844
401.113983
400.733704
400.208740
399.525940
398.663391
397.684052
396.804657
396.283600
396.134918
395.868439
396.008789
395.814270
395.731171
395.497681
395.334839
394.266876
395.532104
395.400269
395.357849
395.256500
395.253113
395.140015
394.912781
394.005310
394.494843
394.215149
391.776031
393.905853
393.750427
391.582062
393.302826
392.953033
392.078430
391.794250
391.294708
390.932678
390.489594
390.130646
390.204285
389.737091
389.530243
558.011475
535.695129
531.635742
527.019958
522.348450
517.467834
512.869812
508.212616
503.658356
499.569153
496.242889
498.299774
488.775696
490.253632
482.123169
478.936188
475.517456
471.978668
468.398834
464.757324
461.069061
457.540161
454.590973
451.074005
448.306335
446.067383
442.454102
441.019562
437.531982
435.391693
433.426361
431.716187
430.548645
429.419830
429.199768
428.252075
427.537628
426.468811
425.680756
424.857910
424.011078
423.197906
422.187317
421.231293
420.247894
419.151245
418.095917
417.075470
416.137604
415.339661
413.966187
413.479218
412.632416
412.223236
411.348206
410.624939
409.756653
408.650726
407.161469
406.525085
405.361572
402.293182
402.143402
400.658539
398.499695
398.282715
397.044312
395.397186
393.584290
393.365204
392.158417
391.494019
390.583374
390.223541
389.858673
387.463684
389.091736
389.284882
387.550201
389.580292
389.396393
388.257141
388.092010
387.766632
387.542633
387.152496
387.056122
386.305023
386.676331
386.058319
386.611084
386.531982
386.294250
386.309418
385.998688
385.799164
385.150665
384.757599
381.415955
383.512817
528.860229
547.796936
519.046204
573.177429
509.895325
505.516052
501.570984
497.694916
494.101959
490.686676
487.380829
483.571442
487.202118
475.905701
472.127075
468.482208
464.753845
465.434784
458.561401
455.503113
453.208527
450.436859
448.024719
445.702179
443.716675
441.975220
440.857452
438.509521
436.794342
434.885864
432.973572
431.316589
429.976837
428.864685
428.500977
427.528839
426.857117
425.806366
424.884552
423.859467
422.862213
421.798767
421.030182
420.003174
418.994904
417.689148
417.008179
416.064728
415.557861
414.587372
413.503906
411.597687
411.796875
411.159058
409.444275
409.563385
408.668152
407.689819
406.908966
406.174011
405.493286
404.810638
403.176727
403.608337
402.629517
401.472046
400.490875
399.315308
398.021271
396.732147
395.602081
394.424561
393.296356
391.872314
389.750397
389.681915
388.388550
388.214600
388.090546
387.653473
388.085449
388.154541
388.175385
388.219208
388.018280
387.574646
386.990967
386.863037
386.002014
386.194580
385.853149
385.317627
385.131653
383.779480
384.918213
384.880646
384.577820
384.373352
383.296570
382.668030
529.200439
523.966797
537.998413
515.463440
511.227478
507.160095
503.175781
507.307343
495.648254
491.945862
501.649628
484.362885
480.303955
485.235504
472.848755
469.267975
468.244781
462.580170
459.541962
456.551605
453.588318
450.962921
448.723328
446.514893
445.978302
442.312225
440.007874
438.768646
435.532196
433.772705
432.794281
430.707092
429.343567
427.761505
426.357330
425.007446
423.606903
422.194489
420.872345
419.523102
418.017090
416.755432
415.997803
415.357056
414.569885
413.808990
413.118988
412.267426
411.359314
410.244141
408.845490
407.567841
406.051971
405.448120
404.910950
405.066406
405.178101
405.229034
405.097748
405.016998
405.095184
404.714203
404.090820
403.536743
402.820374
402.291779
401.695770
401.068176
400.718445
399.817169
399.586517
399.328979
399.073303
398.443359
397.917267
396.106079
396.873199
395.984070
394.887146
393.604858
392.391205
391.261444
390.268250
389.015564
388.345581
387.573944
384.462891
386.058136
385.270782
382.680847
384.275604
383.945892
383.421204
383.238251
382.952576
382.601410
382.167542
381.809204
380.576019
379.988739
95.991028
520.566223
516.236267
626.058289
508.052643
503.972076
520.141907
496.541840
493.330688
489.995422
487.302277
484.404755
487.209412
478.524658
480.744720
473.775818
471.032104
468.770447
466.484863
464.017365
461.794006
459.740021
457.736298
456.171936
454.502441
452.585663
451.244690
448.634460
447.435333
444.373138
442.360199
440.761322
439.112549
437.811066
436.545013
435.169952
433.463470
431.185394
427.836884
426.532104
424.894989
424.361938
423.118134
421.306427
419.352722
417.831543
416.262604
414.833374
413.482880
412.435120
411.406647
410.206818
409.752686
409.134827
408.315552
407.439240
406.533325
405.531586
404.858521
403.404968
403.436340
402.924164
400.716461
401.483398
401.144012
399.431671
399.914948
399.277832
398.841858
398.619171
398.301239
398.076935
397.860809
397.164520
397.360931
396.971649
394.710175
396.480530
395.954895
393.577057
394.973969
394.364532
393.381348
393.358978
392.797974
392.312225
391.990143
391.490967
390.977112
390.374878
389.224976
388.893219
388.058502
386.999146
386.378693
385.562439
384.687469
383.919678
382.649872
379.955475
527.622864
522.547607
524.338013
513.055054
540.116760
503.979614
499.534607
495.897827
491.813080
488.214874
484.918884
481.414825
478.255341
480.817322
471.983582
469.714752
467.262512
464.958801
466.352203
460.610260
458.322968
456.234802
454.536041
452.768738
450.786713
448.959045
447.089081
445.933380
443.610016
441.852539
440.094482
438.633759
437.013641
435.264709
433.725861
432.293030
430.237885
428.842407
427.229889
426.218842
424.630737
423.337738
422.028046
420.999054
420.103241
419.111755
417.914520
416.371307
414.864777
413.471527
411.977203
410.536377
407.827362
407.515564
406.171387
404.108154
403.660309
402.175476
401.085632
400.175842
399.389252
398.425812
397.389465
395.319672
395.836029
395.203583
394.637756
394.051117
393.494904
393.055176
392.639893
392.495789
392.427460
392.382019
392.223267
390.240112
390.934448
390.066467
389.249390
388.921600
387.886993
387.853790
387.650818
387.198822
386.491394
386.356232
387.005951
387.205048
387.565094
386.816803
388.019470
387.638214
387.165100
386.623108
384.885406
385.710632
385.125519
384.887665
383.916931
383.581482
530.166626
525.163818
520.989746
532.802673
512.617310
508.025238
503.449249
498.947876
494.138184
489.585754
485.325714
491.795959
476.804901
472.753693
476.650208
466.161957
463.069244
461.895264
457.053375
454.019501
451.167084
448.592468
446.509308
444.145996
442.133881
441.276459
437.750305
435.512909
434.658539
432.301270
430.335358
428.994354
426.689301
424.865631
423.482147
422.144958
421.021484
419.883423
418.767303
417.470795
416.235138
415.069519
414.137146
413.135590
412.164276
411.221680
410.096344
409.023956
408.004791
407.337860
406.520142
405.708466
405.113281
404.483459
403.737518
403.113586
402.476379
401.988861
401.705170
401.329163
401.006317
400.932129
400.516602
400.284698
399.917847
398.932251
398.824677
397.759399
397.461548
397.499756
396.650238
396.897644
396.791168
396.808105
396.575256
396.264282
394.733185
396.131866
395.925232
395.900848
395.699524
395.148865
394.700256
394.209106
393.477570
393.210022
392.855774
390.119537
392.007141
391.731659
389.371826
391.044861
390.912079
390.184845
390.162537
389.906403
389.477692
389.160645
388.336060
388.067139
539.892395
609.247070
532.577087
526.272217
521.957886
517.793945
513.737061
510.088837
506.573578
502.910645
499.529297
496.004181
492.465118
493.448364
486.029968
486.703369
479.754822
477.541992
475.308441
473.008484
470.866669
468.777954
466.802795
464.775726
462.759644
460.758423
458.597473
457.028320
454.981659
454.213776
452.005737
450.652069
449.212799
447.780640
446.396027
444.941467
443.667328
442.481445
441.223602
440.114655
438.806702
437.774780
436.504242
435.363220
434.245178
433.207367
431.902496
430.381927
428.781433
427.432465
426.062103
424.948761
423.570190
423.012604
422.113190
421.242493
420.518616
419.522766
418.795685
417.968475
416.881927
416.526581
415.784729
413.388550
414.054565
413.244873
411.401001
411.885925
411.180908
410.462921
409.812714
409.216522
408.472229
407.879333
407.324738
406.708008
406.027863
403.482544
404.473969
403.884613
401.395599
402.825867
402.285431
401.572845
401.439941
400.903137
400.478333
400.008118
399.607208
398.684357
398.578552
397.296173
397.307587
396.790039
396.353790
396.049591
395.599426
395.201477
394.162140
393.792755
136.840500
544.304199
539.467712
540.088135
530.043823
551.793091
520.863708
516.566284
512.362732
508.364716
504.685333
500.925751
497.327972
493.955017
495.871399
487.686432
484.567780
481.707214
478.909729
479.051575
473.284912
470.686890
468.552246
465.994263
463.910736
461.896301
459.791779
457.803162
456.571259
454.178131
452.451538
450.754395
449.073273
447.449799
445.971039
444.405579
442.998169
441.217773
439.732483
438.047485
436.919159
435.727600
434.574829
433.448334
432.354340
431.229431
430.065369
429.075439
428.019897
427.107025
425.987732
425.183960
424.174530
422.155365
422.369202
421.432617
419.515747
419.263580
418.398865
417.406616
416.701508
415.903381
413.832764
414.381683
412.479187
412.875854
412.286530
411.558289
410.913391
410.381287
409.643433
409.188324
408.550507
407.929138
407.378571
406.804718
404.681061
405.280518
404.591095
404.144379
403.634674
402.780579
402.490845
401.987488
401.477051
400.935883
400.486938
399.946289
399.566376
398.967499
397.874603
397.993347
397.538483
396.877716
396.305786
395.011536
395.289734
394.922882
393.893799
393.514526
548.372070
543.251526
538.463501
533.928467
538.552979
524.824829
520.475769
516.243164
512.081909
514.977417
503.997467
500.108276
506.742310
492.916962
489.670227
492.828003
483.586273
480.715881
478.939362
475.312347
472.804657
470.399384
468.079376
465.852753
463.709320
461.640869
460.819366
457.592468
455.686340
454.484192
451.829285
449.947235
448.707489
446.503937
444.964600
443.480957
442.056427
440.601624
439.225220
437.936005
436.593964
435.221710
434.042694
432.781433
431.626984
430.564148
429.360565
428.333954
427.183105
426.126770
424.956940
423.888550
422.623871
421.825897
420.300964
419.957306
419.158447
418.206116
417.460144
416.583344
415.849396
415.049042
414.344849
413.657074
412.963226
412.241913
411.537689
410.937225
409.001953
409.509064
408.680328
407.976807
407.371399
406.658630
406.154816
405.591278
404.978180
403.078918
403.921326
403.509552
403.033539
402.563049
402.008301
401.571777
401.005585
400.234467
400.087372
399.507568
398.995850
398.295044
397.778961
395.962830
396.741119
396.206665
395.872986
395.533997
394.983398
394.633148
393.593323
392.051086
547.813782
542.508789
732.752319
533.047729
528.623291
569.017029
519.810242
515.581055
513.113281
507.040222
503.079407
499.232941
495.512451
496.291901
489.002899
485.961975
488.258728
480.068146
477.358337
478.245239
472.291595
469.936646
467.690643
465.390900
463.303955
461.312653
459.303894
457.364899
455.848694
453.604797
451.987244
449.892578
448.139191
446.440979
444.954773
443.440857
441.964508
440.555817
439.208252
437.960052
436.578491
435.257782
434.129425
432.926514
431.794495
430.700287
429.514252
428.479340
427.348511
426.309113
425.058594
423.955780
422.905121
421.652527
420.930878
420.071716
419.224060
418.295685
416.961823
416.614594
415.924927
415.174225
414.406921
413.721588
413.044800
412.280182
411.636414
410.859131
410.287872
409.649689
408.907562
408.153961
407.577637
406.613525
405.939789
403.560333
404.654755
404.224487
401.546387
403.053162
402.546722
401.634125
401.545135
401.139618
400.540924
400.111084
399.703888
399.285980
398.896606
396.614532
397.963409
397.461426
394.443054
396.360718
395.936127
394.198486
394.944641
394.570740
393.582672
393.199677
547.878296
542.550354
537.765381
595.383545
529.186035
524.225525
520.029602
515.585022
511.489075
507.506531
503.770996
500.049225
496.405609
492.821411
489.361298
488.988342
482.928040
484.075836
477.242004
474.587402
472.233612
469.581970
467.262512
464.966156
462.812927
460.831604
458.717407
456.806793
455.032379
453.431763
451.452118
449.804504
448.235504
446.588287
445.122925
443.256012
441.634155
440.134644
438.758301
437.495789
436.109314
434.844360
433.715057
432.548828
431.370087
430.327881
429.201019
428.157837
426.724609
426.205933
425.139435
423.180115
423.290710
422.438599
421.009033
420.449280
419.458282
418.348907
417.547394
416.648865
415.935028
415.147919
414.044495
413.491089
412.734436
410.288818
411.261200
410.593353
408.624146
409.324738
408.668274
408.058716
407.490417
406.853882
406.313965
405.735382
404.955109
404.269073
403.661804
401.051147
402.578827
402.044006
401.496613
401.022491
400.407562
399.928497
399.462067
398.994965
396.525513
397.964050
397.540894
396.923126
396.739227
395.710907
395.700531
395.212067
394.564850
394.122101
393.042542
392.570862
547.011536
542.097107
647.298279
532.655762
528.078674
523.740906
519.459534
527.192566
511.177277
507.238708
503.494385
499.278534
494.546753
489.910278
485.706787
482.016602
480.229950
474.826019
471.269836
468.233551
465.399628
464.742310
460.262024
458.083954
456.151489
454.424194
452.939209
452.454987
449.911591
448.449188
446.980896
445.182953
443.635864
442.110107
440.581940
440.365448
437.873230
436.513031
435.010681
434.153107
432.873047
431.101593
430.258423
429.116211
427.925720
426.777893
425.586823
424.508972
423.465424
422.686676
421.934113
421.202637
419.898224
418.678619
416.954834
415.402191
414.185089
413.057251
412.130737
410.772491
409.408386
408.020966
406.527496
404.896057
403.092834
402.401459
400.392517
399.991394
398.670441
397.495789
396.388550
395.231689
394.282990
392.979370
391.584229
390.420868
389.005920
387.622650
385.501099
384.336609
382.422913
383.129028
382.761444
382.379822
381.895203
381.568329
381.242310
380.852295
380.427551
378.186371
379.442322
378.810364
378.376678
378.099548
377.433380
376.947388
375.976685
375.055115
373.490173
372.608948
518.152588
512.614868
508.278168
556.156372
500.408020
496.519958
493.152435
490.435516
488.045959
485.434021
483.418335
490.627747
479.220978
477.255646
482.632996
472.796936
470.201965
471.275696
465.370819
462.746368
460.476624
458.122559
456.022278
454.154785
452.514679
452.538208
449.823334
448.348450
447.630341
444.924896
442.685608
440.995026
438.451385
435.886932
433.834808
431.642639
429.765472
428.029694
426.324280
425.427246
423.002014
421.547852
419.991760
418.428864
416.207489
414.172638
411.553314
408.231873
404.613647
404.584198
405.492737
405.150543
405.494659
405.030151
404.298828
403.187714
402.343506
401.587646
401.073090
400.400299
399.627106
398.791138
397.864014
396.986572
396.244568
395.185852
394.976044
394.428680
393.887024
393.488220
392.826538
393.091705
393.125000
393.214722
393.521942
393.969055
394.459961
395.082184
395.516724
395.509674
395.975708
395.852234
395.699463
395.080017
393.765625
394.412537
394.214417
391.674866
393.755493
393.229919
390.843170
392.455383
392.311859
391.633728
391.487152
391.056305
390.275330
389.639038
388.055176
387.316925
533.543457
881.456787
524.899231
520.931763
593.871460
513.474731
509.710846
516.782166
502.685852
498.834534
494.999023
490.843140
486.746582
482.673615
478.684326
477.937714
471.035980
467.169617
463.496002
460.453918
457.455719
454.681122
451.962860
449.096558
446.486542
444.087097
441.798645
440.569061
438.100769
436.979889
434.529633
433.172638
431.864197
430.670410
429.547882
428.216797
426.875793
425.628113
424.621765
423.692932
422.678650
421.465668
420.130249
418.500946
417.647980
416.197449
414.947540
414.733826
414.481964
414.533325
414.494263
414.538818
414.072144
414.785431
414.835785
414.706848
414.709869
414.272888
414.034973
413.510712
412.850861
412.398254
411.714905
410.932526
410.140045
409.245209
407.725830
407.440094
406.674103
406.114410
405.824219
405.908264
406.073425
406.022003
405.186279
406.020630
405.825226
403.454132
404.753082
403.563232
400.583771
400.326843
398.889648
397.627075
396.127594
394.542938
393.808563
392.589874
390.928558
390.423828
389.382446
385.853363
387.337463
386.124390
382.765045
383.970001
383.225647
382.554108
381.563843
380.680786
529.009644
523.255188
518.032227
520.313843
508.218292
515.573608
499.134827
495.087280
491.872437
488.341949
485.488098
482.584381
479.753845
476.693512
479.460419
470.925323
468.402069
466.492584
464.553497
464.730133
461.815887
460.354004
458.990784
457.361298
455.942352
454.642090
453.363007
452.098511
451.525360
449.363403
447.839172
446.236938
444.560333
443.258423
441.282410
439.532166
437.856598
436.302399
434.797699
433.381531
431.823608
430.560760
429.350189
428.040955
427.033447
426.150330
425.181946
424.390930
423.489777
422.620087
420.897034
420.807953
419.554871
417.182892
417.171326
415.765167
414.205109
412.843658
411.424652
409.874603
408.442780
406.905426
405.570251
404.393311
402.138245
402.005981
401.099640
398.434631
399.316711
398.589478
396.915771
397.076874
396.183319
395.380920
394.790009
394.292694
392.891327
393.783569
392.110596
393.156067
392.906281
392.571136
392.483368
392.211060
392.060242
391.635590
391.300873
390.957550
390.856354
390.871948
390.161224
390.945313
389.059204
390.985992
391.135040
390.950806
391.207977
391.257935
390.980347
391.071259
542.054993
537.254944
532.800354
528.579041
535.470276
519.296326
514.663147
510.009033
505.393585
508.455536
497.144592
493.309570
489.395691
485.667297
482.269684
484.303497
476.038208
473.272614
470.755096
467.988403
465.413452
463.040985
460.490112
459.639038
455.093384
452.231476
450.756927
446.999146
444.556427
443.161285
440.070648
438.074982
436.254578
434.172211
432.597656
430.727325
429.291412
428.632294
426.070892
424.727478
422.993713
422.025726
420.540985
418.737366
418.178162
417.252991
416.229858
415.135956
413.892883
412.814331
411.662323
410.654572
409.627869
408.893250
407.765503
407.041229
406.119659
405.103241
404.342346
403.352478
403.017426
402.363953
401.898041
401.404755
400.648712
399.644043
397.997040
396.665039
394.647034
394.234314
393.283020
392.957855
392.937561
392.882782
392.923065
393.187592
393.410095
392.254578
393.791870
394.142883
394.284607
394.093933
391.771332
392.926880
392.322906
391.481842
391.226196
391.009094
390.678467
390.340942
390.534882
389.986877
391.464935
392.002838
392.630615
392.765900
392.168579
391.601288
390.348358
388.155518
541.115540
535.421997
722.898254
525.094116
520.023193
552.017090
510.056732
505.358459
501.702454
496.930389
493.337219
489.480530
485.417114
486.651550
477.479645
473.355591
475.250275
466.974884
464.438019
465.109375
459.677002
457.416412
455.315369
452.553162
449.918121
447.463654
445.177185
444.144806
441.355438
439.191254
437.472778
435.529694
434.010071
432.520050
431.462585
429.816071
428.644928
427.780060
427.126678
426.343842
425.290436
424.522705
423.763153
422.339203
421.364380
420.648468
420.280579
419.917816
419.475830
419.100098
418.245850
417.307190
416.376190
415.266602
414.569946
413.498077
412.747314
411.805908
410.275574
409.665833
408.717224
408.195984
407.810547
407.400909
406.891083
406.363342
405.641754
404.472717
403.803162
402.929321
401.857056
400.577148
399.471161
397.902588
396.729156
393.793427
394.616516
393.790039
390.601959
391.794220
391.119385
389.766113
389.630005
389.200684
388.454254
387.831360
387.162384
386.768738
386.476196
384.146851
385.616608
385.068207
382.045135
383.896912
383.541718
382.331757
383.178833
382.991150
382.118011
381.817993
534.450684
529.068848
524.630493
566.655945
515.977661
511.001862
507.251160
501.637024
497.589783
493.835510
490.226868
487.158112
483.846497
481.017822
478.474884
480.205597
474.248169
476.472504
469.727814
467.308929
465.514313
462.617523
460.384308
458.043121
456.112915
454.101624
452.159119
450.198090
448.382904
447.186829
445.379303
444.122070
443.144897
442.296722
441.314056
439.699432
438.966949
437.566742
436.067444
434.254974
432.044495
430.247284
428.248138
426.274261
424.164673
422.315369
420.443115
418.396759
416.329956
414.796814
412.985931
410.264709
409.750305
408.407806
406.620941
405.744202
404.270294
402.841919
401.889160
400.752045
399.799255
398.870758
397.855103
396.993988
396.121216
393.863983
394.945038
394.417175
392.385040
393.406708
392.803558
392.286896
391.862366
391.425629
391.208618
391.047577
390.840637
390.724884
390.432251
389.924377
390.374451
390.147888
390.003601
389.971283
389.740540
389.897675
390.083466
390.362701
390.705841
391.018433
391.354919
390.780457
390.872131
389.912506
391.158295
391.202515
390.997864
390.762177
389.630371
389.014160
542.952698
537.430847
698.459961
527.155090
522.015381
521.204895
512.563354
531.167480
503.596436
499.604919
496.660126
491.921143
487.758698
483.727905
479.417786
474.818573
474.922668
468.091248
465.288177
462.398865
459.357117
456.744781
454.676300
452.502533
452.078918
448.536407
446.362122
445.244690
442.130402
440.092865
438.948120
436.711395
435.310303
434.029968
432.874237
431.684998
430.523315
429.505951
428.920319
427.913696
426.856598
425.506378
425.288605
424.359222
423.314270
422.800110
421.911865
421.177765
420.301147
419.592407
418.650909
417.924896
417.608490
416.946991
416.058655
413.982819
414.339600
413.527893
412.659882
412.020477
411.438507
410.701324
410.115417
409.348633
407.336456
407.934662
407.317719
406.351807
405.575012
404.475464
403.749878
402.900269
401.899597
400.476196
400.397308
399.553802
398.636566
397.801270
395.265930
395.351196
394.196930
392.830963
391.239258
388.757141
388.545990
387.137878
385.924744
384.628235
383.735199
382.995422
382.532501
382.021179
381.233978
381.381561
381.173798
380.945068
380.640015
378.937103
379.711334
379.356903
540.769287
524.048157
519.195740
609.732971
510.634491
506.407684
509.135681
498.665955
495.055695
491.363556
487.690125
483.946014
480.631500
477.613922
481.154083
472.423920
469.933319
472.331299
465.967438
464.274628
464.138580
460.733582
458.696075
456.819763
455.141937
453.451569
451.726288
449.995605
449.324615
446.405090
444.641357
443.605499
441.588196
439.999207
438.376373
436.707733
435.071594
433.451660
431.894287
430.418518
428.907532
427.617462
426.186920
425.279022
424.211639
422.859100
421.945679
420.890045
419.648560
418.503113
417.190430
416.155701
414.901642
413.604401
412.046753
410.646667
408.940979
406.877991
405.173431
403.285767
401.653229
400.342468
399.480377
398.872345
398.669495
398.648163
398.342804
397.667114
396.473358
395.625122
394.949371
394.440277
394.263489
393.766571
393.732361
393.167480
392.695953
392.314880
392.177704
390.439331
391.660828
391.296356
390.800140
390.626587
390.565582
390.824585
391.141083
390.910645
391.766815
391.909698
389.461853
391.567169
392.008820
389.876617
391.980591
391.714294
390.885803
390.659271
389.791290
389.415192
541.901917
563.734619
531.688904
526.731384
584.570923
517.148315
512.646301
539.362000
504.088470
499.519379
502.405579
492.109680
488.424133
485.051727
481.851440
478.138947
477.356934
471.502106
470.536224
464.759186
461.388672
457.916534
454.650085
451.428802
448.377136
445.001648
441.727325
438.804688
436.442017
434.474792
432.845123
431.160645
430.236481
428.414703
427.164490
426.093964
425.071472
423.864044
422.636139
421.445648
419.800018
418.144592
416.319824
415.099548
414.378235
413.841492
412.601898
412.495483
411.664459
411.130646
410.778473
410.468018
409.684235
408.871765
408.133179
407.487000
407.128601
406.764221
406.716187
406.445862
406.625885
406.732422
406.759155
405.584290
406.104736
405.548523
403.526459
404.864136
404.599548
402.973541
403.444946
402.952484
402.125366
401.338226
400.298523
399.193481
397.996826
396.626312
396.046448
395.190063
392.176117
393.307678
392.354919
389.722809
390.984558
390.847961
390.300201
389.864807
388.917999
388.508484
387.871857
384.751923
385.948730
385.182007
383.994019
383.437866
382.257996
381.159943
379.441101
378.345581
529.257935
523.576050
518.474304
590.405212
509.116180
504.331879
500.057892
495.365082
496.894379
486.983032
483.135040
479.034973
475.274902
471.869568
468.804840
465.862915
462.800354
461.824341
457.074280
454.176636
452.295654
450.832764
450.855103
447.489807
445.547760
443.440796
441.422241
439.713867
438.328613
436.824646
435.495422
434.507660
433.115814
432.282410
431.152405
429.964722
429.796082
427.870209
427.073395
426.145813
425.279968
424.352905
423.006134
422.582489
421.613770
420.664063
419.788483
418.875580
417.660156
416.615570
415.384949
414.354279
413.199310
411.254272
410.978638
409.848114
407.633667
408.193970
407.614624
406.589478
406.059204
405.105133
404.322388
403.313080
402.245850
401.171326
399.984100
398.163879
397.630981
396.426392
395.266022
394.239349
392.848236
391.614624
390.450012
389.727631
389.274231
388.825226
387.889709
386.707550
386.388824
384.370026
384.921051
384.781860
384.530640
384.131683
383.738831
383.142731
382.742493
382.224335
381.789368
381.340851
380.916229
380.416595
380.047943
377.999847
379.683105
379.767334
379.068054
379.336945
529.606079
525.399475
521.580139
517.489075
571.807861
510.096771
506.081512
502.958038
499.176605
495.867432
492.917023
489.896271
490.232910
483.886475
480.840790
484.240173
474.723114
471.900543
472.078339
466.245239
463.769196
461.129456
458.355103
455.316956
452.891022
450.279785
449.280762
445.459167
442.849823
441.175507
438.202057
436.053772
434.556366
432.273315
430.540436
429.055878
427.211151
425.825958
424.531372
422.989105
421.616241
419.099823
417.647400
415.772949
415.422394
414.550323
412.845367
412.409393
411.458008
410.653473
409.563171
408.479034
407.463379
406.360748
405.443268
404.927490
403.922943
402.552765
401.340729
399.591400
398.171661
397.061035
396.406921
396.215088
396.016449
395.686310
394.548767
394.487122
393.717285
393.027557
391.813049
389.989288
388.936401
386.778259
385.968597
385.429504
385.014923
384.921173
384.822296
385.085022
385.010620
385.543915
385.950348
386.194244
386.225128
385.113068
385.924622
385.772308
385.490692
385.551880
385.426849
384.776794
384.227386
383.612122
382.732544
382.449371
381.846863
381.298553
380.071655
379.363037
529.987305
524.736694
680.778442
515.542908
511.081085
560.494385
502.393066
497.923309
501.898865
488.524963
484.057220
479.901611
476.107269
472.498047
469.398041
466.748505
468.947937
462.006744
459.445404
460.127014
454.143921
451.739258
450.840240
446.984222
444.722290
442.662933
440.679962
438.891846
438.133301
435.788086
434.924316
432.653229
431.081635
429.223480
427.376709
424.874176
422.057251
419.495392
417.625916
416.615204
415.882629
415.235199
414.192108
413.078522
411.776550
411.071167
410.538513
409.925995
409.451050
409.095490
408.706726
408.215454
407.837616
406.618042
406.811310
406.234528
405.993927
405.860962
405.650360
405.365662
405.120026
404.509155
404.044281
403.532684
402.953430
402.504669
402.090881
400.858917
400.872162
399.869781
398.750244
397.960052
396.995361
395.991364
395.023895
393.235046
393.622131
392.744324
390.369537
392.252045
391.545929
389.737366
390.089783
389.217133
387.968658
386.768188
385.872498
384.701324
383.525116
381.860748
382.354614
381.664398
378.788788
381.006622
380.912506
378.982117
380.523193
380.359772
379.471375
378.832825
528.882507
523.388977
518.271362
535.635925
509.464111
505.129669
505.427673
496.645721
492.543640
488.818451
485.322662
481.820190
478.367645
475.004883
471.767639
473.862091
465.745056
463.098846
460.580811
457.932953
456.634369
453.006256
450.593597
448.238800
446.201904
444.491699
442.721375
441.400116
440.235352
439.736633
437.991241
437.325500
436.461456
435.664490
435.033630
433.642975
432.745514
431.636353
430.533936
429.613922
428.470123
427.299561
426.060791
424.972382
423.402710
421.787994
420.323212
419.143799
417.580139
416.820374
415.705292
413.588745
413.414398
412.430420
410.261230
410.371674
409.501831
408.317993
407.674530
406.714081
405.877808
405.049652
404.211639
403.423187
402.868408
401.081757
401.680847
401.110474
398.876007
400.392365
400.342926
399.680695
400.356903
400.492249
400.321655
400.371490
400.487457
400.761169
400.668793
399.384277
400.104523
399.668945
399.265564
399.068878
398.888306
398.647858
398.459229
397.989075
397.246948
396.320709
395.556152
393.744720
394.501099
392.130463
393.677216
393.400879
392.764893
392.521515
391.573242
391.247314
549.401672
543.852661
538.904297
533.990479
529.227173
537.527344
520.102844
515.872375
511.659790
507.539276
506.751465
499.907410
496.358551
492.944214
489.589355
486.652374
488.803436
481.225250
478.809540
476.722870
474.805603
472.885254
470.848877
468.300659
466.835388
463.727020
461.710907
460.853180
457.955750
456.035553
454.772644
452.437500
451.100861
449.603912
448.002533
446.046051
444.325439
442.734314
441.897552
439.884521
438.412781
436.750427
436.009430
434.599609
432.832977
432.046295
430.721893
429.558075
428.359680
427.381134
426.313202
425.400909
425.027985
423.227386
422.196411
420.235779
420.302032
419.472290
417.533508
418.318085
418.032623
417.216431
416.156860
415.157349
414.243134
413.327515
412.556641
411.635406
411.175690
409.926208
409.681122
409.086090
408.509247
408.134583
407.812103
407.180176
406.112396
405.494446
403.024750
404.169037
403.430389
402.686707
402.110748
400.526947
401.043213
400.615265
400.235260
399.680725
399.319672
398.685638
398.430878
398.153168
396.912292
397.351349
396.792114
396.255707
395.758911
393.198975
394.108124
393.644409
607.304016
547.933411
543.023560
538.257080
533.602112
529.000122
536.090820
520.366455
516.156250
512.020935
508.155975
504.160706
500.313660
496.633606
499.516541
490.734802
488.046234
490.129333
482.256287
478.966492
478.036041
473.412262
470.979187
468.568146
466.163300
464.025146
461.836151
459.578888
458.661743
455.508179
453.582184
452.260681
450.096344
448.411865
447.124756
445.160339
443.621857
442.211853
440.815643
439.451721
437.849945
436.537231
434.951416
434.061584
433.180389
432.257416
431.129944
430.086853
428.755280
427.575195
426.466278
425.482605
424.406830
423.490143
422.271118
421.658386
420.789124
419.792786
418.838501
417.744080
416.961060
416.144165
415.331879
414.634918
413.912750
413.132690
412.419647
411.745941
411.029419
410.569275
409.935150
409.558228
408.856354
407.838135
407.704498
407.026459
406.267517
405.674805
404.853394
402.637726
403.560364
402.968231
402.469299
402.036072
401.398865
400.873749
400.329529
399.039978
399.312103
398.479584
395.377197
397.096680
396.442505
393.662140
395.089905
394.608643
393.905823
393.559296
392.789825
392.879547
551.825439
613.463379
541.689514
537.250122
605.962158
529.181030
525.040222
551.650024
516.083801
511.837463
513.309631
503.958099
500.320709
496.859192
493.345978
490.005676
486.790497
483.769287
482.702362
478.292145
475.744232
473.256104
470.898712
468.480316
466.320313
464.310059
462.260193
460.343719
458.591858
456.732941
455.337219
453.153564
452.068787
449.883118
448.559418
447.233459
445.887238
444.472534
442.974884
441.662537
440.153229
438.620911
437.494232
436.314117
435.019226
433.775238
432.027466
431.213562
430.055115
429.037476
428.067352
427.099304
426.120300
425.116791
424.109222
422.742828
422.286041
421.361755
420.657684
419.764282
418.944031
417.994415
417.099121
415.109497
415.601379
414.890503
412.589294
413.586884
412.900757
411.583679
411.494080
410.910736
410.312378
409.658142
409.047638
408.508301
407.741577
406.185364
406.320099
405.724365
403.031342
404.560394
404.004120
401.916840
402.791443
402.273071
401.742157
401.307922
400.769897
400.112671
399.680664
398.794037
398.678436
398.149475
397.720306
397.360718
396.840485
396.414551
395.417816
394.929230
555.434082
549.404236
544.169495
632.911316
534.447327
529.925720
526.721130
521.082275
521.986633
512.642090
508.840363
504.917053
501.280090
497.746674
494.522797
491.370422
488.182556
488.115051
482.342834
479.543915
476.769592
473.988617
472.519501
468.902557
466.600281
464.554993
462.466827
460.466125
458.527344
456.596039
454.798767
453.382416
451.343750
449.663208
448.047150
446.521057
445.281891
443.466217
442.181274
440.812439
439.315338
437.705414
436.099182
435.044678
433.828949
432.742126
431.569763
430.535004
429.452667
428.397491
428.123627
426.473724
425.520355
423.645142
423.717621
422.884064
420.746338
421.141144
420.357483
419.086609
418.472198
417.506561
416.488129
415.585754
414.810608
413.970764
413.258698
412.233337
411.867950
411.124847
410.429932
409.904144
409.203461
408.570618
407.939453
407.381592
406.661621
406.117279
405.480743
404.129547
404.156494
402.269073
402.725159
402.149780
401.512787
400.952942
400.481689
399.929596
399.385803
398.887909
398.417267
397.896027
397.515686
396.649078
396.678864
394.504578
395.739624
395.331573
394.133148
393.575378
553.758667
548.013367
542.840515
538.017639
593.979675
528.733948
524.134705
520.480896
515.511169
511.409668
507.549103
503.836945
502.334137
496.814728
493.621277
490.550201
487.430786
484.295563
483.709961
478.249573
475.553497
473.293732
471.181885
469.187500
467.296204
465.394684
464.724609
461.337738
459.300964
458.134979
455.504272
453.848541
452.905609
450.858734
449.413391
447.835175
446.089294
444.503632
442.552612
440.688812
439.709656
437.520874
436.197144
434.300171
433.681366
432.513031
430.556244
430.123199
428.993683
427.939362
426.919464
425.946350
424.878082
423.744293
422.704590
421.623749
420.679779
419.655304
419.056976
418.340485
417.802765
417.106842
416.483459
415.856049
415.326294
414.673523
412.949554
413.237122
412.268402
411.134857
410.164612
408.946228
408.582336
407.645721
406.845306
406.148499
405.352448
404.855103
404.202301
403.773285
402.542694
402.639862
402.233429
401.940765
401.566284
399.925323
400.819061
400.121826
399.293701
398.678497
398.137756
397.548340
397.170410
396.595520
395.713196
395.547058
394.895050
394.408722
393.371307
393.079193
554.078918
548.364197
704.176697
538.169128
533.457520
584.832397
524.252930
519.921631
525.911682
511.513245
507.684113
503.877960
500.177185
496.641083
493.349091
490.107941
490.789093
483.563782
480.614136
481.483032
475.215668
472.737122
472.369110
467.957581
465.695099
463.702606
461.514771
459.535950
458.581085
455.737915
454.636475
452.268890
450.518066
448.914978
447.199188
445.467407
443.786743
442.171692
440.700043
439.443146
437.984863
436.757477
435.528534
434.196777
433.005249
431.859375
430.675720
429.548248
428.511047
